Date,Open,High,Low,Close,Volume,Adj Close
2013-12-31,52.99,53.06,52.36,52.81,3019700,52.39
2013-12-30,52.73,53.03,52.60,53.01,2898800,52.59
2013-12-27,52.92,53.05,52.38,52.55,2354100,52.14
2013-12-26,52.59,53.06,52.34,52.99,2401500,52.57
2013-12-24,52.78,52.79,52.28,52.36,1747000,51.95
2013-12-23,52.73,52.94,52.24,52.58,4957700,52.17
2013-12-20,52.77,53.01,52.29,52.59,12471800,52.18
2013-12-19,53.21,53.21,52.02,52.63,8383400,52.22
2013-12-18,52.78,54.43,52.22,54.32,9635600,53.89
2013-12-17,53.43,53.92,53.00,53.63,7987300,53.21
2013-12-16,53.42,54.78,52.98,53.37,9846300,52.95
2013-12-13,52.30,52.60,51.84,52.37,6465300,51.96
2013-12-12,52.56,52.62,51.80,52.39,7766400,51.98
2013-12-11,52.67,53.25,52.02,52.67,10775500,52.26
2013-12-10,51.25,54.13,50.72,52.14,14906900,51.73
2013-12-09,51.45,51.81,50.77,51.21,5470800,50.81
2013-12-06,50.17,51.50,50.05,51.35,7285800,50.95
2013-12-05,49.42,50.07,49.05,49.76,5449100,49.37
2013-12-04,49.75,50.29,49.30,49.67,5309200,49.28
2013-12-03,49.13,50.26,48.97,49.97,9480100,49.58
2013-12-02,48.49,48.68,48.02,48.39,4321900,48.01
2013-11-29,48.43,48.93,48.07,48.45,4044300,48.07
2013-11-27,48.83,48.95,48.24,48.25,3414900,47.87
2013-11-26,48.38,49.18,48.31,48.60,4732300,48.22
2013-11-25,49.00,49.28,48.32,48.41,3343200,48.03
2013-11-22,48.65,49.14,48.57,48.94,5810100,48.56
2013-11-21,48.28,48.67,47.99,48.57,4459800,48.19
2013-11-20,48.42,48.54,47.83,47.95,3120300,47.57
2013-11-19,48.73,49.00,48.37,48.46,4050700,48.08
2013-11-18,48.89,49.96,48.73,48.87,8585700,48.49
2013-11-15,48.03,48.75,48.00,48.44,6257100,48.06
2013-11-14,47.99,48.47,47.69,48.04,3411800,47.66
2013-11-13,47.36,47.93,47.29,47.85,3745100,47.47
2013-11-12,48.45,48.48,47.28,47.48,5351100,47.11
2013-11-11,48.23,48.67,48.19,48.57,2282900,48.19
2013-11-08,47.13,48.10,46.83,48.03,5190900,47.65
2013-11-07,48.17,48.36,47.18,47.24,4444900,46.87
2013-11-06,48.50,48.74,48.00,48.05,4308100,47.67
2013-11-05,48.59,48.76,48.03,48.17,4095400,47.79
2013-11-04,49.19,49.19,48.00,48.76,4095600,48.38
2013-11-01,48.64,49.33,48.50,48.96,3866900,48.58
2013-10-31,48.68,49.00,48.44,48.45,4563700,48.07
2013-10-30,49.57,49.57,48.72,48.80,4011600,48.42
2013-10-29,49.48,50.20,49.48,49.79,5022900,49.40
2013-10-28,49.13,49.97,48.97,49.42,5555000,49.03
2013-10-25,49.10,49.83,48.56,49.30,6956800,48.91
2013-10-24,48.63,48.98,47.74,47.93,5077900,47.55
2013-10-23,48.76,48.86,48.28,48.33,4130300,47.95
2013-10-22,48.39,49.31,48.11,49.00,6937500,48.61
2013-10-21,48.08,48.55,47.76,48.35,4713200,47.97
2013-10-18,48.38,48.95,47.77,48.33,9212900,47.95
2013-10-17,46.95,48.32,46.95,48.17,7242400,47.79
2013-10-16,46.31,47.27,46.20,47.06,4399900,46.69
2013-10-15,46.05,46.38,45.75,46.08,3533300,45.72
2013-10-14,45.21,46.45,45.07,46.33,3377300,45.97
2013-10-11,45.70,45.70,44.96,45.65,2985700,45.29
2013-10-10,45.10,45.68,44.51,45.68,3967500,45.32
2013-10-09,44.72,45.31,44.32,44.81,5113000,44.06
2013-10-08,46.29,46.32,44.39,44.52,7091500,43.78
2013-10-07,46.12,46.98,46.09,46.09,4703700,45.32
2013-10-04,46.18,46.88,46.00,46.80,4141400,46.02
2013-10-03,45.60,46.34,45.10,46.01,7020800,45.24
2013-10-02,45.34,45.97,45.12,45.95,4056800,45.18
2013-10-01,44.81,45.90,44.81,45.80,4159700,45.03
2013-09-30,44.52,44.95,44.03,44.73,5818400,43.98
2013-09-27,44.87,44.90,44.02,44.33,6617300,43.59
2013-09-26,45.33,45.62,44.81,45.00,5033900,44.25
2013-09-25,46.09,46.16,45.02,45.33,4571900,44.57
2013-09-24,46.95,46.95,45.94,45.98,7162700,45.21
2013-09-23,47.56,47.56,46.93,47.10,3179500,46.31
2013-09-20,47.44,48.00,47.33,47.84,10495300,47.04
2013-09-19,48.21,48.23,47.31,47.40,5326500,46.61
2013-09-18,47.19,48.42,46.88,47.92,6689400,47.12
2013-09-17,45.92,47.70,45.86,47.60,7293800,46.80
2013-09-16,45.32,45.95,45.19,45.82,3531700,45.05
2013-09-13,44.71,44.89,44.43,44.89,2273500,44.14
2013-09-12,44.84,44.95,44.50,44.70,2597900,43.95
2013-09-11,44.81,44.97,44.39,44.95,3441700,44.20
2013-09-10,44.58,44.81,44.10,44.78,4282300,44.03
2013-09-09,43.88,44.44,43.50,44.43,3287500,43.69
2013-09-06,43.53,44.35,42.89,43.89,3992200,43.16
2013-09-05,43.03,43.66,43.00,43.51,3355500,42.78
2013-09-04,42.60,43.14,42.59,43.13,3190700,42.41
2013-09-03,43.00,43.28,42.31,42.59,2925600,41.88
2013-08-30,42.76,43.03,42.30,42.61,3170700,41.90
2013-08-29,42.32,43.09,42.26,42.62,2788900,41.91
2013-08-28,42.53,42.81,42.35,42.56,3009700,41.85
2013-08-27,43.02,43.09,42.60,42.63,4473000,41.92
2013-08-26,43.43,43.74,43.19,43.45,3493400,42.72
2013-08-23,43.01,43.50,42.85,43.43,2738100,42.70
2013-08-22,42.40,43.10,42.29,42.92,4077700,42.20
2013-08-21,42.82,42.88,42.25,42.31,4118800,41.60
2013-08-20,43.29,43.48,42.85,42.97,2803000,42.25
2013-08-19,43.01,43.81,42.95,43.37,3326900,42.65
2013-08-16,42.94,43.14,42.42,43.00,6093300,42.28
2013-08-15,44.60,44.62,43.13,43.21,4363100,42.49
2013-08-14,44.85,45.23,44.45,44.58,2990500,43.83
2013-08-13,45.12,45.18,44.68,44.93,2791800,44.18
2013-08-12,44.71,45.20,44.39,45.04,3826400,44.29
2013-08-09,44.90,45.00,44.47,44.71,3290800,43.96
2013-08-08,44.86,45.18,44.61,45.06,2892400,44.31
2013-08-07,44.70,44.86,44.22,44.57,3299400,43.83
2013-08-06,44.42,44.99,44.42,44.88,4980600,44.13
2013-08-05,45.05,45.37,44.48,44.71,2953500,43.96
2013-08-02,45.11,45.42,44.81,45.32,3190700,44.56
2013-08-01,45.14,45.90,45.04,45.25,3652400,44.49
2013-07-31,44.84,45.91,44.81,45.48,6020600,44.72
2013-07-30,45.08,45.23,44.20,44.70,3619700,43.95
2013-07-29,44.72,45.45,44.47,45.06,4326200,44.31
2013-07-26,45.01,45.12,44.17,44.79,4491100,44.04
2013-07-25,43.41,44.43,43.35,44.24,4088500,43.50
2013-07-24,44.28,44.37,43.39,43.64,3088100,42.91
2013-07-23,44.92,45.09,44.23,44.31,3535100,43.57
2013-07-22,44.30,45.10,43.80,44.97,3810500,44.22
2013-07-19,44.49,44.91,44.12,44.52,4317900,43.78
2013-07-18,43.96,44.56,43.81,44.32,3043700,43.58
2013-07-17,43.97,44.15,43.74,43.96,3645400,43.23
2013-07-16,44.54,44.77,43.70,43.81,3714500,43.08
2013-07-15,44.95,44.97,44.54,44.62,3265800,43.87
2013-07-12,43.93,45.11,43.80,45.05,5693900,44.30
2013-07-11,43.94,44.11,43.33,43.78,4061400,43.05
2013-07-10,43.36,44.12,43.36,43.91,3080100,42.78
2013-07-09,44.00,44.23,43.25,43.32,3805700,42.21
2013-07-08,42.90,43.69,42.82,43.68,3978300,42.56
2013-07-05,42.45,42.83,42.31,42.72,2743700,41.62
2013-07-03,41.88,42.31,41.61,42.23,2417500,41.15
2013-07-02,41.58,42.57,41.58,42.21,4365900,41.13
2013-07-01,41.40,41.93,41.07,41.61,4588200,40.54
2013-06-28,42.53,42.97,41.32,41.34,10753100,40.28
2013-06-27,43.56,43.98,42.74,43.13,5163900,42.02
2013-06-26,43.10,43.61,43.03,43.38,4733700,42.27
2013-06-25,42.15,42.77,41.61,42.63,4686900,41.54
2013-06-24,42.07,42.40,41.32,41.89,6042400,40.81
2013-06-21,41.66,42.71,41.20,42.62,9825700,41.53
2013-06-20,42.65,42.78,40.91,41.06,7474900,40.01
2013-06-19,43.56,43.83,43.01,43.04,3663300,41.94
2013-06-18,42.97,43.56,42.63,43.54,3644900,42.42
2013-06-17,43.40,43.50,42.68,43.01,3457700,41.91
2013-06-14,42.98,43.50,42.50,43.21,4078500,42.10
2013-06-13,42.42,43.20,40.10,43.15,6096500,42.04
2013-06-12,43.91,44.00,42.72,42.77,3742600,41.67
2013-06-11,43.31,44.05,43.05,43.59,3574800,42.47
2013-06-10,44.33,44.33,43.22,43.92,4702700,42.79
2013-06-07,43.72,44.27,43.50,44.00,5463200,42.87
2013-06-06,43.22,43.57,42.65,43.50,4261300,42.38
2013-06-05,43.49,43.90,42.69,43.04,4801300,41.94
2013-06-04,43.42,44.47,43.38,43.63,4528400,42.51
2013-06-03,42.88,43.58,42.75,43.36,7176800,42.25
2013-05-31,44.27,44.69,42.68,42.69,9308800,41.59
2013-05-30,44.07,45.12,44.07,44.55,4852200,43.41
2013-05-29,44.89,45.18,43.79,43.88,6908400,42.75
2013-05-28,45.89,46.04,44.70,45.39,6181800,44.22
2013-05-24,46.25,46.48,45.31,45.44,4511700,44.27
2013-05-23,46.12,46.95,46.02,46.59,3306200,45.39
2013-05-22,46.46,48.00,45.85,46.76,5203500,45.56
2013-05-21,46.19,46.96,46.17,46.54,4708800,45.35
2013-05-20,47.12,47.14,46.07,46.26,3537800,45.07
2013-05-17,46.03,47.34,45.85,47.17,5244800,45.96
2013-05-16,46.06,46.90,46.01,46.21,4605300,45.02
2013-05-15,45.72,46.93,45.48,46.03,6702500,44.85
2013-05-14,44.09,45.52,44.09,45.35,5760300,44.19
2013-05-13,44.79,44.79,44.17,44.54,3738400,43.40
2013-05-10,44.21,45.01,44.20,45.01,4455800,43.85
2013-05-09,43.34,44.45,43.25,44.24,5046900,43.10
2013-05-08,45.01,45.05,43.39,43.49,6973200,42.37
2013-05-07,44.50,45.00,44.42,44.91,3745600,43.76
2013-05-06,44.95,44.95,44.15,44.59,4085700,43.45
2013-05-03,44.31,44.77,43.83,44.68,4641200,43.53
2013-05-02,45.68,45.68,43.86,43.99,9649400,42.86
2013-05-01,45.74,46.09,45.55,45.55,6398100,44.38
2013-04-30,45.05,46.23,45.01,46.05,6798600,44.87
2013-04-29,45.83,45.93,45.05,45.23,6024700,44.07
2013-04-26,44.95,46.31,44.75,45.84,10096800,44.66
2013-04-25,44.75,44.79,43.76,44.24,5236900,43.10
2013-04-24,45.14,45.34,43.94,44.32,5541300,43.18
2013-04-23,44.61,46.32,44.40,45.14,9378100,43.98
2013-04-22,43.00,44.83,42.88,44.20,8531300,43.07
2013-04-19,42.51,42.58,42.20,42.39,6493200,41.30
2013-04-18,42.37,42.64,41.89,42.32,5009000,41.23
2013-04-17,42.14,42.43,41.42,42.24,5046200,41.16
2013-04-16,41.67,42.53,41.13,42.45,6998000,41.36
2013-04-15,42.87,43.03,41.41,41.44,7152500,40.38
2013-04-12,42.97,43.29,42.62,43.09,4199800,41.98
2013-04-11,43.42,43.71,43.11,43.20,6494100,42.09
2013-04-10,42.65,43.77,42.50,43.62,7809200,42.11
2013-04-09,41.96,43.56,41.80,42.55,8673900,41.08
2013-04-08,41.27,41.87,41.07,41.77,16449200,40.32
2013-04-05,41.31,41.50,41.09,41.31,14089800,39.88
2013-04-04,40.77,41.78,40.62,41.60,20687600,40.16
2013-04-03,40.75,41.45,40.35,40.57,4122100,39.17
2013-04-02,41.22,41.22,40.52,40.71,5510700,39.30
2013-04-01,39.96,41.14,39.96,41.12,5740000,39.70
2013-03-28,40.26,40.80,39.78,40.78,7263400,39.37
2013-03-27,40.22,40.29,39.66,40.15,4274800,38.76
2013-03-26,39.57,40.52,39.57,40.21,7249500,38.82
2013-03-25,39.12,39.52,38.93,39.32,6065000,37.96
2013-03-22,38.57,38.97,38.30,38.97,3323400,37.62
2013-03-21,38.82,38.97,38.48,38.49,4736100,37.16
2013-03-20,38.50,39.19,38.41,39.06,7072900,37.71
2013-03-19,38.25,38.40,37.84,38.36,5108400,37.03
2013-03-18,38.05,38.49,37.99,38.16,5178700,36.84
2013-03-15,37.44,38.54,37.28,38.50,12208300,37.17
2013-03-14,37.43,37.59,36.86,37.56,9859700,36.26
2013-03-13,37.20,37.59,37.04,37.17,3710600,35.88
2013-03-12,37.70,38.30,37.05,37.17,6523900,35.88
2013-03-11,37.25,38.15,37.08,37.67,4614400,36.37
2013-03-08,37.64,37.65,37.16,37.34,4114500,36.05
2013-03-07,37.65,38.01,37.44,37.49,4442500,36.19
2013-03-06,37.56,37.86,37.37,37.74,5489500,36.43
2013-03-05,38.45,38.57,37.29,37.51,6650400,36.21
2013-03-04,37.53,38.25,37.53,38.24,5420800,36.92
2013-03-01,36.80,38.07,36.55,37.81,8929400,36.50
2013-02-28,36.66,37.14,36.50,36.92,10321000,35.64
2013-02-27,36.97,36.98,36.40,36.73,12238400,35.46
2013-02-26,37.60,37.60,36.96,37.09,4463000,35.81
2013-02-25,38.54,38.61,37.37,37.37,4665600,36.08
2013-02-22,38.79,38.85,38.14,38.46,4490400,37.13
2013-02-21,38.49,39.03,38.19,38.78,7260900,37.44
2013-02-20,38.16,39.13,37.61,38.61,8096400,37.27
2013-02-19,37.54,38.33,37.11,38.19,8292700,36.87
2013-02-15,36.93,37.81,36.93,37.58,13296300,36.28
2013-02-14,35.05,36.73,35.01,36.57,7570100,35.30
2013-02-13,35.42,35.57,35.15,35.27,4859800,34.05
2013-02-12,35.77,35.90,35.20,35.42,7473800,34.19
2013-02-11,36.13,36.18,35.75,35.85,6032100,34.61
2013-02-08,36.37,36.42,35.83,36.25,13858700,35.00
2013-02-07,37.57,37.57,35.80,36.42,9872500,35.16
2013-02-06,36.96,37.28,36.86,37.14,5738900,35.85
2013-02-05,37.42,37.73,37.18,37.20,7284400,35.91
2013-02-04,36.64,37.30,36.55,37.28,6348000,35.99
2013-02-01,36.84,37.20,36.52,37.18,9527500,35.89
2013-01-31,36.84,36.93,36.27,36.69,10720700,35.42
2013-01-30,36.81,37.53,36.81,36.93,10841800,35.65
2013-01-29,36.71,37.46,36.25,37.31,8838500,36.02
2013-01-28,37.65,37.87,36.71,36.89,7140100,35.61
2013-01-25,37.52,37.84,36.64,37.60,8934600,36.30
2013-01-24,37.79,38.52,37.23,37.46,11327100,36.16
2013-01-23,36.91,37.84,36.50,37.80,10981600,36.49
2013-01-22,36.98,37.25,35.93,36.42,15809700,35.16
2013-01-18,36.43,37.32,36.04,37.32,17842200,36.03
2013-01-17,35.75,36.70,35.75,36.42,14424800,35.16
2013-01-16,34.47,35.54,34.45,35.54,16512700,34.31
2013-01-15,33.71,34.72,33.71,34.60,13040200,33.40
2013-01-14,34.01,34.25,33.80,34.09,11584900,32.91
2013-01-11,33.59,33.90,33.35,33.85,11191500,32.68
2013-01-10,33.66,34.00,33.33,34.00,15658100,32.44
2013-01-09,33.61,33.95,33.61,33.90,18800400,32.34
2013-01-08,34.29,34.64,33.36,33.71,17863300,32.16
2013-01-07,34.15,35.45,34.15,34.46,17897100,32.88
2013-01-04,34.62,34.89,34.25,34.39,21372100,32.81
2013-01-03,35.00,35.00,34.16,34.83,16739300,33.23
2013-01-02,34.92,35.40,34.10,35.12,13767900,33.51
