Date,Open,High,Low,Close,Volume,Adj Close
2013-12-31,54.32,54.60,54.20,54.54,1562200,54.26
2013-12-30,53.68,54.33,53.64,54.23,2375700,53.95
2013-12-27,53.79,53.95,53.46,53.65,1886300,53.37
2013-12-26,54.03,54.07,53.66,53.77,1297100,53.49
2013-12-24,53.69,53.97,53.64,53.97,692600,53.69
2013-12-23,54.00,54.07,53.61,53.70,1816900,53.42
2013-12-20,53.08,54.05,53.08,53.77,5598000,53.49
2013-12-19,52.45,53.33,52.33,53.25,3017300,52.97
2013-12-18,52.50,52.75,51.75,52.74,3144900,52.47
2013-12-17,52.70,52.75,52.00,52.18,2275000,51.91
2013-12-16,53.19,53.22,52.67,52.83,1895900,52.56
2013-12-13,52.91,53.28,52.73,52.81,1535500,52.54
2013-12-12,52.96,53.19,52.76,52.79,2065600,52.52
2013-12-11,53.78,53.98,52.97,53.07,2740700,52.79
2013-12-10,53.91,54.21,53.78,53.78,1371700,53.50
2013-12-09,54.05,54.45,54.05,54.11,1586600,53.83
2013-12-06,53.98,54.46,53.95,54.32,2106100,54.04
2013-12-05,53.46,53.71,53.17,53.40,2607900,53.12
2013-12-04,53.29,53.82,53.03,53.57,2502100,53.29
2013-12-03,53.66,53.91,53.25,53.51,2549200,53.23
2013-12-02,54.28,54.35,53.82,53.91,1793300,53.63
2013-11-29,54.61,54.71,54.19,54.27,1163300,53.99
2013-11-27,54.55,54.84,54.26,54.38,1769000,54.10
2013-11-26,54.43,54.79,54.31,54.49,1778000,54.21
2013-11-25,54.75,54.80,54.50,54.55,1560700,54.02
2013-11-22,54.34,54.75,54.18,54.71,1689100,54.18
2013-11-21,53.88,54.48,53.81,54.32,2191700,53.79
2013-11-20,54.07,54.15,53.58,53.67,1418800,53.15
2013-11-19,54.21,54.37,53.87,54.03,1295400,53.50
2013-11-18,54.70,54.71,54.14,54.24,2047200,53.71
2013-11-15,54.34,54.71,54.21,54.70,1777100,54.17
2013-11-14,54.00,54.50,53.81,54.47,1713600,53.94
2013-11-13,53.18,53.95,53.13,53.95,2094200,53.42
2013-11-12,53.93,54.03,53.24,53.38,2005100,52.86
2013-11-11,54.07,54.26,53.85,54.16,1476100,53.63
2013-11-08,52.98,54.16,52.96,54.12,2362600,53.59
2013-11-07,53.68,53.85,52.93,52.94,2233500,52.42
2013-11-06,53.22,53.65,53.09,53.62,1715900,53.10
2013-11-05,53.06,53.30,52.78,52.99,1593200,52.47
2013-11-04,53.50,53.67,53.11,53.18,1791000,52.66
2013-11-01,53.31,53.41,52.76,53.28,3130800,52.76
2013-10-31,52.43,53.56,52.29,53.06,4230500,52.54
2013-10-30,53.28,53.56,52.52,52.96,3133100,52.44
2013-10-29,53.52,53.58,53.18,53.36,2098900,52.84
2013-10-28,53.26,53.43,53.05,53.16,2127100,52.64
2013-10-25,53.54,53.72,53.20,53.35,1740900,52.83
2013-10-24,53.16,53.56,53.14,53.55,2721500,53.03
2013-10-23,53.62,53.69,52.77,53.08,3200200,52.56
2013-10-22,54.10,54.57,53.65,53.77,2902900,53.25
2013-10-21,53.97,54.18,53.47,53.82,2053800,53.29
2013-10-18,54.10,54.14,53.66,53.87,2011100,53.34
2013-10-17,53.39,54.00,53.38,53.95,1754000,53.42
2013-10-16,52.76,53.90,52.73,53.64,3512400,53.12
2013-10-15,52.53,52.90,52.28,52.41,1852900,51.90
2013-10-14,52.30,52.92,52.23,52.82,2162300,52.30
2013-10-11,51.93,52.52,51.80,52.52,1855500,52.01
2013-10-10,51.55,52.02,51.55,51.98,2275100,51.47
2013-10-09,50.61,51.14,50.21,50.94,3532500,50.44
2013-10-08,51.45,51.69,50.47,50.49,3516800,50.00
2013-10-07,51.86,51.91,51.49,51.50,3100800,51.00
2013-10-04,50.92,52.37,50.75,52.35,5002800,51.84
2013-10-03,50.84,50.98,50.24,50.89,4243900,50.39
2013-10-02,51.13,51.19,50.66,51.19,3011100,50.69
2013-10-01,50.67,50.85,50.47,50.73,2837700,50.23
2013-09-30,50.77,50.96,50.45,50.55,3399600,50.06
2013-09-27,51.23,51.45,50.97,51.07,2622000,50.57
2013-09-26,51.53,51.92,51.26,51.35,2331800,50.85
2013-09-25,51.76,52.12,51.59,51.61,3111700,51.11
2013-09-24,52.05,52.23,51.72,51.75,2623300,51.24
2013-09-23,51.78,52.49,51.60,52.16,4580900,51.65
2013-09-20,52.82,52.98,51.95,52.00,5117700,51.49
2013-09-19,52.00,52.80,51.97,52.62,4229200,52.11
2013-09-18,51.22,51.90,50.98,51.82,3774300,51.31
2013-09-17,50.78,51.45,50.73,51.19,2539700,50.69
2013-09-16,50.46,50.78,50.39,50.51,1772500,50.02
2013-09-13,50.45,50.51,50.01,50.06,1817200,49.57
2013-09-12,50.60,50.72,50.08,50.12,2606900,49.63
2013-09-11,49.39,50.19,49.37,50.11,3160300,49.62
2013-09-10,49.57,49.69,48.95,49.44,3397100,48.96
2013-09-09,48.45,49.23,48.45,49.18,2501200,48.70
2013-09-06,48.64,48.79,47.83,48.40,2940700,47.93
2013-09-05,48.29,48.65,48.23,48.48,2548700,48.01
2013-09-04,48.42,48.70,48.10,48.24,2928500,47.77
2013-09-03,48.92,49.08,48.16,48.46,2883600,47.99
2013-08-30,48.16,48.33,47.75,47.92,2864200,47.45
2013-08-29,47.74,48.22,47.66,48.07,2033900,47.60
2013-08-28,47.54,47.98,47.32,47.75,2256800,47.28
2013-08-27,48.28,48.45,47.80,47.82,2491000,47.11
2013-08-26,49.18,49.19,48.71,48.75,2341600,48.02
2013-08-23,49.31,49.39,48.97,49.27,1504700,48.53
2013-08-22,48.81,49.54,48.80,49.40,1431400,48.66
2013-08-21,48.86,49.29,48.61,48.82,2503000,48.09
2013-08-20,48.99,49.33,48.82,49.04,2346200,48.31
2013-08-19,49.28,49.32,48.94,48.94,2137300,48.21
2013-08-16,49.16,49.75,49.07,49.39,4463800,48.65
2013-08-15,49.67,50.12,49.20,49.36,2454400,48.62
2013-08-14,50.71,50.71,50.14,50.22,1929700,49.47
2013-08-13,50.29,50.76,50.04,50.48,1718000,49.73
2013-08-12,50.38,50.73,50.16,50.26,2779500,49.51
2013-08-09,50.38,50.92,50.34,50.66,2094500,49.90
2013-08-08,50.41,50.94,50.26,50.39,3445600,49.64
2013-08-07,50.50,50.61,50.14,50.17,4881300,49.42
2013-08-06,51.20,51.23,50.46,50.70,3984100,49.94
2013-08-05,51.83,51.83,51.11,51.29,2933900,50.52
2013-08-02,52.09,52.30,51.77,52.15,2910000,51.37
2013-08-01,51.93,52.61,51.75,52.22,3829400,51.44
2013-07-31,50.83,51.50,50.75,50.98,2942500,50.22
2013-07-30,51.50,51.50,50.86,50.91,2433800,50.15
2013-07-29,51.57,51.57,51.21,51.35,1762500,50.58
2013-07-26,50.99,51.55,50.97,51.52,2068800,50.75
2013-07-25,51.13,51.28,50.61,51.22,2933900,50.45
2013-07-24,52.14,52.37,50.72,50.99,3555800,50.23
2013-07-23,52.36,52.38,51.77,52.08,2525400,51.30
2013-07-22,52.08,52.45,51.93,52.41,1389700,51.63
2013-07-19,52.09,52.18,51.63,52.10,1937000,51.32
2013-07-18,51.31,52.38,51.25,52.08,3134800,51.30
2013-07-17,51.20,51.39,50.94,51.03,2239400,50.27
2013-07-16,51.19,51.57,50.89,51.00,1732700,50.24
2013-07-15,51.21,51.28,50.65,51.20,2966700,50.44
2013-07-12,50.43,51.11,50.41,51.11,1903100,50.35
2013-07-11,50.76,50.85,50.27,50.38,2735600,49.63
2013-07-10,50.54,50.57,49.87,50.30,2928000,49.55
2013-07-09,50.31,50.65,50.09,50.55,3136700,49.80
2013-07-08,49.32,50.34,49.32,50.07,4121800,49.32
2013-07-05,48.71,49.15,48.62,49.13,1754700,48.40
2013-07-03,48.30,48.64,48.04,48.47,1103600,47.75
2013-07-02,48.68,49.21,48.38,48.52,2590000,47.80
2013-07-01,48.30,49.02,48.28,48.69,2751400,47.96
2013-06-28,48.30,48.57,48.10,48.12,3726300,47.40
2013-06-27,48.06,48.42,48.00,48.30,2486200,47.58
2013-06-26,47.11,47.90,46.96,47.76,4191400,47.05
2013-06-25,46.87,47.20,46.78,46.88,3358200,46.18
2013-06-24,46.68,47.02,46.29,46.60,4401300,45.90
2013-06-21,46.95,47.43,46.50,47.23,7306500,46.52
2013-06-20,46.74,47.99,46.47,46.57,5456300,45.87
2013-06-19,47.61,47.92,47.04,47.05,3277300,46.35
2013-06-18,47.64,47.73,47.27,47.67,2060900,46.96
2013-06-17,47.09,47.66,47.05,47.42,2192600,46.71
2013-06-14,47.42,47.55,46.77,46.87,2723400,46.17
2013-06-13,46.97,47.52,46.53,47.41,3063800,46.70
2013-06-12,47.51,47.60,46.97,47.02,4353000,46.32
2013-06-11,46.96,47.56,46.63,47.25,4054100,46.54
2013-06-10,47.51,47.74,47.14,47.30,3518800,46.59
2013-06-07,46.81,47.52,46.63,47.46,3965000,46.75
2013-06-06,45.84,46.49,45.60,46.49,4163900,45.80
2013-06-05,46.45,46.65,45.83,45.86,4327700,45.18
2013-06-04,47.39,47.66,46.45,46.68,4947600,45.98
2013-06-03,48.24,48.37,47.11,47.47,5572300,46.76
2013-05-31,48.66,49.00,48.24,48.24,3024300,47.52
2013-05-30,48.69,49.05,48.59,48.83,3215900,48.10
2013-05-29,48.25,48.83,48.10,48.55,3198200,47.82
2013-05-28,49.15,49.49,48.55,48.82,3294900,47.84
2013-05-24,48.56,48.84,48.03,48.73,3131600,47.76
2013-05-23,48.41,49.01,48.26,48.76,3869000,47.79
2013-05-22,48.99,49.88,48.54,48.79,4997300,47.82
2013-05-21,49.48,49.55,48.53,49.08,5987200,48.10
2013-05-20,49.99,50.18,49.72,49.80,3028200,48.80
2013-05-17,50.19,50.27,49.76,50.00,4360500,49.00
2013-05-16,50.36,50.53,50.03,50.16,2849100,49.16
2013-05-15,50.33,50.69,50.12,50.66,3399900,49.65
2013-05-14,49.38,50.38,49.36,50.36,3931400,49.35
2013-05-13,49.22,49.50,49.12,49.40,1794800,48.41
2013-05-10,49.50,49.64,49.17,49.39,2965200,48.40
2013-05-09,49.62,49.69,49.27,49.43,3222900,48.44
2013-05-08,49.26,49.70,49.18,49.69,3377400,48.70
2013-05-07,49.13,49.37,49.07,49.31,3156200,48.32
2013-05-06,48.57,49.20,48.55,49.10,2760300,48.12
2013-05-03,49.23,49.42,48.55,48.69,4783000,47.72
2013-05-02,48.56,48.81,48.08,48.25,5378400,47.29
2013-05-01,49.28,49.54,48.38,48.40,4699000,47.43
2013-04-30,49.27,49.48,49.05,49.26,3147400,48.28
2013-04-29,49.30,49.50,49.06,49.25,2723800,48.27
2013-04-26,49.56,49.77,49.09,49.09,3672300,48.11
2013-04-25,49.86,49.97,49.30,49.53,3851800,48.54
2013-04-24,49.65,49.89,49.56,49.70,3034200,48.71
2013-04-23,49.39,49.98,49.36,49.80,3809600,48.80
2013-04-22,48.96,49.16,48.50,49.01,1692000,48.03
2013-04-19,48.64,49.02,48.54,48.97,2276900,47.99
2013-04-18,48.86,49.00,48.22,48.44,4683400,47.47
2013-04-17,49.31,49.36,48.72,49.07,3589700,48.09
2013-04-16,49.34,49.55,49.17,49.50,2668100,48.51
2013-04-15,50.17,50.24,49.09,49.09,3385000,48.11
2013-04-12,50.07,50.56,50.02,50.35,2675600,49.34
2013-04-11,49.89,50.43,49.77,50.28,3474700,49.28
2013-04-10,49.86,50.04,49.57,49.73,3700400,48.74
2013-04-09,50.20,50.39,49.65,49.73,3739200,48.74
2013-04-08,49.24,50.16,49.24,50.11,4154500,49.11
2013-04-05,49.03,49.50,48.78,49.32,3763500,48.33
2013-04-04,49.53,49.85,49.26,49.51,2560800,48.52
2013-04-03,49.95,49.95,49.25,49.38,3178700,48.39
2013-04-02,49.52,49.92,49.42,49.81,2885300,48.81
2013-04-01,49.17,49.64,49.09,49.28,2879600,48.30
2013-03-28,48.75,49.13,48.73,49.07,2464600,48.09
2013-03-27,48.38,48.75,48.31,48.67,1831700,47.70
2013-03-26,48.57,48.90,48.47,48.65,2308300,47.68
2013-03-25,48.92,49.00,48.33,48.48,4346300,47.51
2013-03-22,48.03,48.26,47.79,48.22,2147800,47.26
2013-03-21,47.81,48.13,47.66,47.80,2145300,46.84
2013-03-20,47.95,48.13,47.84,47.93,3033400,46.97
2013-03-19,48.01,48.19,47.51,47.64,3427700,46.69
2013-03-18,47.36,48.23,47.19,47.86,3312600,46.90
2013-03-15,48.00,48.30,47.89,47.98,4523800,47.02
2013-03-14,47.99,48.28,47.83,48.20,2623000,47.24
2013-03-13,47.75,47.98,47.73,47.93,2361300,46.97
2013-03-12,47.74,47.88,47.55,47.71,2453700,46.76
2013-03-11,47.39,47.76,47.26,47.75,2619200,46.80
2013-03-08,47.32,47.61,47.12,47.42,3015100,46.47
2013-03-07,47.35,47.44,47.20,47.29,1706000,46.35
2013-03-06,47.50,47.75,47.13,47.33,2541400,46.38
2013-03-05,46.77,47.42,46.76,47.21,5247500,46.27
2013-03-04,46.12,46.54,45.91,46.54,3114300,45.61
2013-03-01,45.96,46.36,45.50,46.35,3861600,45.42
2013-02-28,45.98,46.34,45.77,46.02,3876800,45.10
2013-02-27,45.44,46.14,45.11,46.05,2914200,45.13
2013-02-26,45.27,45.72,45.02,45.56,4348200,44.65
2013-02-25,46.87,46.88,45.36,45.36,4533900,44.21
2013-02-22,46.64,46.85,46.54,46.74,2443800,45.55
2013-02-21,46.38,46.53,46.15,46.47,4037800,45.29
2013-02-20,46.71,47.08,46.35,46.41,5044100,45.23
2013-02-19,45.85,46.75,45.85,46.74,4273900,45.55
2013-02-15,45.99,46.19,45.72,45.85,3812800,44.69
2013-02-14,45.68,46.08,45.46,45.88,3968800,44.72
2013-02-13,45.59,45.91,45.48,45.88,2424700,44.72
2013-02-12,45.19,45.67,45.15,45.61,2700100,44.45
2013-02-11,45.03,45.45,44.91,45.25,2357700,44.10
2013-02-08,45.05,45.29,44.89,45.14,3511000,43.99
2013-02-07,45.67,46.10,44.51,45.06,7147000,43.92
2013-02-06,44.05,44.34,43.91,44.31,3163400,43.19
2013-02-05,44.13,44.46,44.12,44.31,1927700,43.19
2013-02-04,44.50,44.59,43.85,43.93,3140400,42.81
2013-02-01,44.22,44.99,44.09,44.84,3112700,43.70
2013-01-31,44.19,44.35,43.80,43.90,3260700,42.79
2013-01-30,43.82,44.50,43.63,44.21,3668900,43.09
2013-01-29,43.51,43.88,43.40,43.82,2619500,42.71
2013-01-28,43.97,43.97,43.45,43.53,2526900,42.43
2013-01-25,43.66,43.99,43.57,43.91,2274400,42.80
2013-01-24,43.87,44.00,43.52,43.57,3809000,42.46
2013-01-23,44.07,44.20,43.72,43.83,3589100,42.72
2013-01-22,43.44,44.25,43.44,44.20,3907700,43.08
2013-01-18,43.16,43.24,42.88,43.21,3340300,42.11
2013-01-17,42.86,43.34,42.72,43.09,3540000,42.00
2013-01-16,42.81,43.18,42.69,42.78,2255400,41.69
2013-01-15,42.57,43.00,42.57,42.91,1608400,41.82
2013-01-14,42.94,42.98,42.61,42.93,2037500,41.84
2013-01-11,42.74,43.00,42.45,42.96,2552200,41.87
2013-01-10,42.49,42.66,42.39,42.58,3104200,41.50
2013-01-09,41.84,42.42,41.80,42.23,3067800,41.16
2013-01-08,41.62,41.83,41.47,41.83,2406500,40.77
2013-01-07,42.07,42.10,41.48,41.74,2250600,40.68
2013-01-04,41.59,42.36,41.45,42.20,3019200,41.13
2013-01-03,41.20,41.63,40.95,41.58,2794600,40.52
2013-01-02,40.90,41.17,40.65,41.16,3176100,40.12
2012-12-31,39.72,40.19,39.54,40.17,3295100,39.15
2012-12-28,39.84,40.30,39.69,39.86,2042000,38.85
2012-12-27,40.32,40.45,39.70,40.13,2058800,39.11
2012-12-26,40.43,40.52,40.14,40.27,1738900,39.25
2012-12-24,40.23,40.43,40.06,40.33,1193000,39.31
2012-12-21,40.74,40.88,40.25,40.31,6824700,39.29
2012-12-20,40.80,41.14,40.64,41.12,3086700,40.08
2012-12-19,41.39,41.58,40.63,40.81,4776900,39.77
2012-12-18,40.92,41.91,40.85,41.35,5366400,40.30
2012-12-17,40.39,40.99,40.31,40.79,3069900,39.75
2012-12-14,40.77,40.86,40.11,40.18,3875100,39.16
2012-12-13,41.16,41.43,40.73,40.85,1818700,39.81
2012-12-12,41.29,41.59,41.09,41.16,2446400,40.12
2012-12-11,41.52,41.56,40.93,41.09,3837600,40.05
2012-12-10,41.41,41.65,41.20,41.40,2103500,40.35
2012-12-07,41.37,41.49,41.19,41.48,2411600,40.43
2012-12-06,41.25,41.30,40.74,41.19,3166800,40.14
2012-12-05,40.61,41.59,40.58,41.30,4704100,40.25
2012-12-04,40.42,40.77,40.33,40.58,2652600,39.55
2012-12-03,40.52,40.79,40.24,40.49,4122100,39.46
2012-11-30,40.73,40.73,40.30,40.48,3255700,39.45
2012-11-29,40.76,40.97,40.56,40.64,2904000,39.61
2012-11-28,40.16,40.70,40.12,40.63,4987000,39.60
2012-11-27,40.32,40.83,40.21,40.42,4113900,39.18
2012-11-26,40.49,40.56,40.08,40.45,2507100,39.21
2012-11-23,40.16,40.76,40.11,40.74,1563300,39.49
2012-11-21,40.16,40.24,39.70,39.96,2381100,38.73
2012-11-20,39.64,40.12,39.51,40.08,4980200,38.85
2012-11-19,39.19,39.87,39.11,39.68,5828600,38.46
2012-11-16,38.45,38.99,38.02,38.92,5309000,37.73
2012-11-15,38.36,38.57,38.04,38.28,3195300,37.11
2012-11-14,38.26,39.59,38.12,38.34,4824100,37.16
2012-11-13,38.25,38.83,38.06,38.09,4310200,36.92
2012-11-12,38.74,38.74,38.23,38.55,2416300,37.37
2012-11-09,38.58,39.07,38.15,38.73,4126000,37.54
2012-11-08,38.60,39.09,38.52,38.68,4814000,37.49
2012-11-07,38.96,38.98,38.39,38.67,5630200,37.48
2012-11-06,38.81,39.41,38.74,39.25,4194200,38.05
2012-11-05,38.26,38.78,38.11,38.68,4010700,37.49
2012-11-02,39.27,39.27,37.92,38.56,9861600,37.38
2012-11-01,40.74,40.76,38.74,39.05,8400100,37.85
2012-10-31,39.90,40.97,39.28,39.98,7261500,38.75
2012-10-26,40.32,40.47,39.81,40.15,6261000,38.92
2012-10-25,41.60,41.63,40.29,40.51,5994000,39.27
2012-10-24,41.43,41.61,41.12,41.17,3415600,39.91
2012-10-23,41.77,41.85,41.12,41.29,4317200,40.02
2012-10-22,41.98,42.38,41.84,42.26,2377300,40.96
2012-10-19,42.65,42.71,41.72,42.01,3274800,40.72
2012-10-18,41.93,42.81,41.93,42.62,4364700,41.31
2012-10-17,41.48,41.94,41.44,41.87,3199400,40.59
2012-10-16,41.30,41.69,41.26,41.42,2246800,40.15
2012-10-15,40.67,41.15,40.58,41.12,3166700,39.86
2012-10-12,40.79,41.01,40.40,40.61,2812700,39.36
2012-10-11,40.73,41.24,40.67,40.82,3064000,39.57
2012-10-10,40.88,40.91,40.47,40.57,3947600,39.33
2012-10-09,41.25,41.55,40.86,40.88,3116200,39.63
2012-10-08,40.84,41.25,40.79,41.21,1976500,39.95
2012-10-05,41.03,41.18,40.84,40.98,2518500,39.72
2012-10-04,40.61,40.97,40.53,40.82,2550900,39.57
2012-10-03,40.18,40.53,40.11,40.38,2974900,39.14
2012-10-02,40.03,40.24,39.86,40.08,2173000,38.85
2012-10-01,39.79,40.24,39.66,39.95,3301100,38.72
2012-09-28,39.67,39.80,39.38,39.61,2803500,38.39
2012-09-27,39.59,39.88,39.43,39.77,3594100,38.55
2012-09-26,39.90,40.00,39.45,39.46,3392700,38.25
2012-09-25,40.39,40.72,39.92,39.94,4550200,38.71
2012-09-24,40.26,40.59,40.22,40.24,3433800,39.01
2012-09-21,40.00,40.64,39.89,40.43,5677100,39.19
2012-09-20,39.36,39.90,39.22,39.87,4727000,38.65
2012-09-19,39.84,39.85,39.45,39.51,3713200,38.30
2012-09-18,39.75,39.89,39.41,39.86,3607200,38.64
2012-09-17,39.73,39.85,39.64,39.79,2711300,38.57
2012-09-14,39.59,39.90,39.39,39.86,3680400,38.64
2012-09-13,38.76,39.47,38.59,39.43,3497800,38.22
2012-09-12,38.59,38.83,38.55,38.82,2788800,37.63
2012-09-11,38.26,38.60,38.17,38.50,2289600,37.32
2012-09-10,38.35,38.48,38.24,38.25,2163200,37.08
2012-09-07,38.52,38.65,38.32,38.48,3107800,37.30
2012-09-06,38.03,38.55,37.90,38.46,4218800,37.28
2012-09-05,37.54,37.97,37.54,37.79,4732500,36.63
2012-09-04,37.29,37.58,37.26,37.40,3058700,36.25
2012-08-31,37.32,37.52,37.10,37.28,3527000,36.14
2012-08-30,37.15,37.30,37.02,37.18,1921800,36.04
2012-08-29,37.40,37.50,37.16,37.33,2913000,36.18
2012-08-28,37.56,37.67,37.42,37.50,3347400,36.14
2012-08-27,37.80,37.90,37.57,37.64,2433800,36.27
2012-08-24,37.62,37.85,37.52,37.76,2430200,36.39
2012-08-23,38.12,38.28,37.62,37.71,3559300,36.34
2012-08-22,38.24,38.50,38.14,38.34,3007800,36.95
2012-08-21,38.12,38.48,38.11,38.25,3643300,36.86
2012-08-20,37.90,38.15,37.88,38.12,2580700,36.73
2012-08-17,37.91,38.18,37.79,37.86,4225800,36.48
2012-08-16,37.98,38.10,37.61,37.74,3777200,36.37
2012-08-15,37.55,38.03,37.51,37.89,3700700,36.51
2012-08-14,37.80,37.92,37.40,37.51,6416900,36.15
2012-08-13,37.97,38.06,37.82,37.94,2099500,36.56
2012-08-10,37.97,38.04,37.77,37.98,2398200,36.60
2012-08-09,38.22,38.38,37.94,38.05,3305800,36.67
2012-08-08,37.97,38.38,37.75,38.24,4258800,36.85
2012-08-07,37.22,38.25,37.15,38.11,7611300,36.72
2012-08-06,37.18,37.40,36.96,37.04,4107900,35.69
2012-08-03,36.88,37.38,36.63,37.04,6066600,35.69
2012-08-02,36.26,36.56,36.01,36.53,6685500,35.20
2012-08-01,35.86,37.00,35.80,36.40,11316200,35.08
2012-07-31,34.72,34.91,34.22,34.30,5684500,33.05
2012-07-30,34.60,35.00,34.45,34.76,3019400,33.50
2012-07-27,34.43,34.98,34.28,34.73,4101000,33.47
2012-07-26,34.08,34.47,34.00,34.15,4743000,32.91
2012-07-25,33.88,34.01,33.56,33.66,4154500,32.44
2012-07-24,34.15,34.15,33.38,33.72,4082900,32.49
2012-07-23,33.90,34.27,33.79,34.15,3321400,32.91
2012-07-20,34.60,34.77,34.34,34.41,4334300,33.16
2012-07-19,34.24,34.89,34.11,34.71,5768300,33.45
2012-07-18,33.77,34.38,33.77,34.23,2868100,32.98
2012-07-17,33.68,34.09,33.45,34.01,4141500,32.77
2012-07-16,33.96,33.96,33.48,33.63,3074200,32.41
2012-07-13,33.66,34.00,33.62,33.87,3291000,32.64
2012-07-12,33.77,33.79,33.35,33.65,4135600,32.43
2012-07-11,34.06,34.25,33.76,34.09,5245500,32.85
2012-07-10,34.57,34.69,34.11,34.24,3567600,32.99
2012-07-09,34.70,34.76,34.22,34.43,3002000,33.18
2012-07-06,34.51,34.90,34.40,34.79,2179400,33.52
2012-07-05,35.09,35.17,34.79,34.90,2458200,33.63
2012-07-03,35.12,35.42,35.12,35.32,1373700,34.04
2012-07-02,35.32,35.39,34.82,35.22,4166100,33.94
2012-06-29,34.50,35.15,34.45,35.09,5507200,33.81
2012-06-28,34.12,34.18,33.65,34.14,3395100,32.90
2012-06-27,33.75,34.37,33.62,34.21,3291200,32.97
2012-06-26,33.48,33.89,33.44,33.66,3447600,32.44
2012-06-25,33.64,33.76,33.08,33.44,5196000,32.22
2012-06-22,34.07,34.32,33.97,34.08,2536000,32.84
2012-06-21,34.82,34.88,33.98,34.00,3119700,32.76
2012-06-20,34.52,34.93,34.38,34.68,3241500,33.42
2012-06-19,34.15,34.58,34.08,34.45,5104900,33.20
2012-06-18,34.11,34.47,33.89,33.98,4811400,32.74
2012-06-15,34.67,34.67,34.03,34.15,5902700,32.91
2012-06-14,34.17,34.55,33.95,34.44,4641000,33.19
2012-06-13,34.10,34.47,33.76,34.06,3234200,32.82
2012-06-12,33.97,34.40,33.76,34.40,3186400,33.15
2012-06-11,34.56,34.61,33.87,33.90,3304500,32.67
2012-06-08,34.02,34.31,33.90,34.31,2774000,33.06
2012-06-07,34.50,34.70,34.05,34.07,5352200,32.83
2012-06-06,33.35,34.09,33.21,34.09,5679400,32.85
2012-06-05,32.98,33.29,32.86,33.14,7389600,31.93
2012-06-04,33.14,33.22,32.80,33.01,5179900,31.81
2012-06-01,33.46,33.58,32.99,33.07,5540600,31.87
2012-05-31,33.72,34.19,33.41,33.94,5939300,32.71
2012-05-30,33.68,33.88,33.51,33.68,6690900,32.45
2012-05-29,33.75,34.27,33.75,34.25,6907400,32.79
2012-05-25,33.18,33.71,33.18,33.57,4470200,32.14
2012-05-24,33.13,33.47,32.85,33.43,4731700,32.01
2012-05-23,32.69,33.13,32.42,33.09,5300000,31.68
2012-05-22,33.41,33.41,32.70,32.84,8709200,31.44
2012-05-21,32.76,33.38,32.64,33.20,3857300,31.79
2012-05-18,33.11,33.12,32.56,32.75,5665500,31.36
2012-05-17,33.50,33.73,32.85,32.96,7511300,31.56
2012-05-16,34.16,34.27,33.42,33.43,5521100,32.01
2012-05-15,34.43,34.45,33.82,33.98,6272400,32.53
2012-05-14,34.60,34.95,34.37,34.40,5629300,32.94
2012-05-11,34.30,34.99,34.17,34.83,4945200,33.35
2012-05-10,34.62,34.81,34.47,34.60,5019900,33.13
2012-05-09,34.37,34.50,34.00,34.31,6249600,32.85
2012-05-08,34.08,34.71,34.02,34.69,8460600,33.21
2012-05-07,34.21,34.32,33.96,34.26,6450500,32.80
2012-05-04,34.44,34.55,34.16,34.20,6510300,32.74
2012-05-03,34.38,34.83,34.08,34.23,12980900,32.77
2012-05-02,33.36,33.37,32.71,32.91,5698700,31.51
2012-05-01,33.38,34.10,33.38,33.39,5825100,31.97
2012-04-30,33.54,33.68,33.20,33.33,4319800,31.91
2012-04-27,34.00,34.07,33.47,33.55,4062200,32.12
2012-04-26,33.16,34.04,33.15,33.92,5663500,32.48
2012-04-25,33.01,33.40,32.82,33.29,4588500,31.87
2012-04-24,32.45,32.85,32.40,32.81,2399300,31.41
2012-04-23,32.23,32.47,32.07,32.46,3230400,31.08
2012-04-20,32.89,33.14,32.57,32.65,5032400,31.26
2012-04-19,33.04,33.27,32.64,32.81,3724500,31.41
2012-04-18,32.72,33.09,32.54,32.98,4362800,31.58
2012-04-17,32.77,32.92,32.44,32.88,3790500,31.48
2012-04-16,32.49,32.57,32.18,32.47,2895400,31.09
2012-04-13,32.76,32.87,32.25,32.30,3281800,30.93
2012-04-12,32.23,32.96,31.93,32.87,3949700,31.47
2012-04-11,32.30,32.33,31.99,32.24,2858000,30.87
2012-04-10,32.33,32.37,31.97,31.97,3190300,30.61
2012-04-09,32.27,32.50,32.26,32.39,2215100,31.01
2012-04-05,32.47,32.88,32.44,32.75,3538100,31.36
2012-04-04,32.63,32.74,32.43,32.62,4968900,31.23
2012-04-03,33.31,33.43,32.64,32.90,4402000,31.50
2012-04-02,32.93,33.58,32.91,33.36,3552700,31.94
2012-03-30,33.05,33.21,32.76,32.92,3090200,31.52
2012-03-29,32.93,33.00,32.54,32.90,4038900,31.50
2012-03-28,33.05,33.33,32.94,33.26,4019200,31.84
2012-03-27,33.08,33.21,32.95,33.02,2937200,31.61
2012-03-26,32.69,33.10,32.64,33.08,2873600,31.67
2012-03-23,32.33,32.59,32.18,32.51,2399500,31.13
2012-03-22,32.40,32.54,32.20,32.34,2780500,30.96
2012-03-21,32.85,32.94,32.52,32.57,2597600,31.18
2012-03-20,32.54,33.07,32.54,32.79,2827500,31.39
2012-03-19,32.63,32.95,32.58,32.77,2241300,31.38
2012-03-16,32.58,32.87,32.51,32.68,4386000,31.29
2012-03-15,32.48,32.61,32.25,32.59,3682200,31.20
2012-03-14,32.66,32.66,32.38,32.50,3128600,31.12
2012-03-13,31.91,32.61,31.75,32.56,4004700,31.17
2012-03-12,31.65,31.90,31.62,31.83,2872000,30.48
2012-03-09,31.21,31.75,31.17,31.66,3307800,30.31
2012-03-08,31.14,31.28,30.76,31.24,2667300,29.91
2012-03-07,31.05,31.13,30.85,30.97,3847200,29.65
2012-03-06,31.22,31.34,30.93,31.00,4421500,29.68
2012-03-05,31.27,31.62,31.15,31.55,5951900,30.21
2012-03-02,31.34,31.44,31.05,31.24,4055200,29.91
2012-03-01,31.22,31.60,31.15,31.28,5228400,29.95
2012-02-29,31.47,31.87,31.42,31.43,6269200,29.88
2012-02-28,31.33,31.57,31.10,31.51,3255900,29.96
2012-02-27,31.13,31.46,31.01,31.37,2495800,29.82
2012-02-24,31.56,31.66,31.32,31.36,2870000,29.82
2012-02-23,31.46,31.75,31.42,31.59,3411600,30.03
2012-02-22,31.50,31.67,31.33,31.47,4106600,29.92
2012-02-21,31.39,31.61,31.22,31.56,3467600,30.01
2012-02-17,31.26,31.60,31.20,31.39,3757900,29.84
2012-02-16,30.90,31.20,30.90,31.13,3050900,29.60
2012-02-15,31.25,31.31,30.80,30.91,3415300,29.39
2012-02-14,31.06,31.17,30.79,31.15,4597700,29.62
2012-02-13,31.42,31.49,31.02,31.16,4332000,29.62
2012-02-10,30.74,30.99,30.58,30.97,4784400,29.44
2012-02-09,31.05,31.19,30.54,30.91,4890900,29.39
2012-02-08,30.80,31.12,30.73,31.00,5733800,29.47
2012-02-07,30.47,30.92,30.33,30.84,5375700,29.32
2012-02-06,30.59,30.79,30.43,30.63,4552000,29.12
2012-02-03,30.59,30.75,30.38,30.69,4728600,29.18
2012-02-02,30.54,30.75,30.13,30.29,11453000,28.80
2012-02-01,29.11,29.69,29.06,29.31,7050700,27.87
2012-01-31,28.96,29.38,28.81,28.85,4545100,27.43
2012-01-30,28.87,29.15,28.62,29.04,3618300,27.61
2012-01-27,28.68,29.20,28.68,29.09,6066000,27.66
2012-01-26,29.31,29.39,28.89,29.15,5636500,27.71
2012-01-25,29.25,29.49,29.06,29.18,6582200,27.74
2012-01-24,29.59,29.59,29.23,29.36,4093800,27.91
2012-01-23,29.81,29.91,29.51,29.80,4368300,28.33
2012-01-20,29.55,29.86,29.50,29.83,4456900,28.36
2012-01-19,29.55,29.70,29.38,29.49,3436500,28.04
2012-01-18,28.99,29.47,28.80,29.47,4103600,28.02
2012-01-17,29.30,29.40,28.94,29.05,3575000,27.62
2012-01-13,28.77,29.04,28.55,28.98,2911100,27.55
2012-01-12,29.15,29.33,28.86,29.07,3208900,27.64
2012-01-11,28.53,29.06,28.44,29.04,6217100,27.61
2012-01-10,28.39,28.81,28.27,28.69,4699700,27.28
2012-01-09,28.11,28.26,27.93,28.14,3066800,26.75
2012-01-06,27.80,28.12,27.56,28.02,3670800,26.64
2012-01-05,27.31,27.76,26.98,27.74,3580600,26.37
2012-01-04,27.69,27.79,27.46,27.56,4461400,26.20
2012-01-03,27.88,28.15,27.70,27.75,5878600,26.38
2011-12-30,27.50,27.65,27.41,27.41,2346700,26.06
2011-12-29,27.34,27.60,27.28,27.57,2324600,26.21
2011-12-28,27.43,27.48,27.13,27.18,2357900,25.84
2011-12-27,27.45,27.71,27.45,27.50,2281700,26.15
2011-12-23,27.44,27.63,27.32,27.62,2139300,26.26
2011-12-22,27.19,27.46,27.09,27.41,3663200,26.06
2011-12-21,27.05,27.25,26.89,27.15,4169400,25.81
2011-12-20,26.54,27.10,26.49,26.97,4492700,25.64
2011-12-19,26.48,26.59,26.01,26.10,3692800,24.81
2011-12-16,26.53,26.79,26.29,26.44,5837700,25.14
2011-12-15,26.49,26.61,26.14,26.34,4565000,25.04
2011-12-14,25.92,26.67,25.91,26.25,5657500,24.96
2011-12-13,26.40,26.75,25.86,26.00,6208700,24.72
2011-12-12,26.68,26.69,26.13,26.33,7022400,25.03
2011-12-09,26.68,27.04,26.56,26.93,4848000,25.60
2011-12-08,26.96,27.06,26.52,26.58,4367300,25.27
2011-12-07,26.77,27.39,26.66,27.27,4980900,25.93
2011-12-06,26.96,27.33,26.87,27.12,3121000,25.78
2011-12-05,27.07,27.39,26.80,27.01,4478200,25.68
2011-12-02,27.00,27.25,26.62,26.68,5570600,25.37
2011-12-01,26.70,26.70,26.30,26.56,3385900,25.25
2011-11-30,25.98,26.82,25.95,26.79,6572600,25.47
2011-11-29,25.32,25.76,25.22,25.53,5344200,24.27
2011-11-28,25.08,25.31,25.01,25.30,4200700,24.05
2011-11-25,24.58,25.13,24.53,24.70,2617900,23.28
2011-11-23,24.89,25.13,24.50,24.50,5390600,23.09
2011-11-22,25.29,25.55,25.18,25.22,3185400,23.77
2011-11-21,25.54,25.61,25.14,25.39,4506400,23.93
2011-11-18,25.83,26.03,25.73,25.98,4549700,24.49
2011-11-17,25.95,26.24,25.46,25.61,4829400,24.14
2011-11-16,26.24,26.49,25.99,26.03,4480000,24.54
2011-11-15,26.29,26.78,26.22,26.63,4245900,25.10
2011-11-14,26.45,26.57,26.22,26.49,4479200,24.97
2011-11-11,26.59,26.90,26.53,26.64,4038800,25.11
2011-11-10,26.14,26.39,26.02,26.20,4610200,24.70
2011-11-09,25.76,26.52,25.64,25.85,8749300,24.37
2011-11-08,26.56,26.64,26.26,26.49,7425600,24.97
2011-11-07,25.85,26.42,25.79,26.39,3471200,24.88
2011-11-04,25.63,26.05,25.55,25.90,4355400,24.41
2011-11-03,26.37,26.44,25.74,25.98,8442400,24.49
2011-11-02,26.48,26.58,25.75,26.00,7719200,24.51
2011-11-01,26.39,27.19,25.51,26.09,8245700,24.59
2011-10-31,27.07,27.25,26.34,26.34,8107900,24.83
2011-10-28,27.69,27.71,27.13,27.16,6471300,25.60
2011-10-27,27.37,27.98,27.25,27.72,7497400,26.13
2011-10-26,26.95,27.14,26.51,26.85,5246200,25.31
2011-10-25,26.85,27.11,26.39,26.50,4758300,24.98
2011-10-24,26.92,27.35,26.78,27.07,4317300,25.52
2011-10-21,26.70,26.91,26.30,26.90,6755600,25.36
2011-10-20,25.40,26.49,25.34,26.44,7199600,24.92
2011-10-19,25.40,25.96,25.20,25.48,6537900,24.02
2011-10-18,24.24,25.72,24.10,25.44,5752300,23.98
2011-10-17,24.78,24.88,24.11,24.15,3270200,22.77
2011-10-14,25.00,25.09,24.41,24.96,3220900,23.53
2011-10-13,24.86,24.96,24.28,24.64,3795500,23.23
2011-10-12,24.72,25.48,24.65,25.14,4249800,23.70
2011-10-11,24.54,24.82,24.36,24.49,2888500,23.09
2011-10-10,24.20,24.76,24.16,24.76,3054200,23.34
2011-10-07,24.60,24.62,23.72,23.72,4472200,22.36
2011-10-06,24.03,24.57,23.75,24.55,3341700,23.14
2011-10-05,23.75,24.28,23.27,24.14,4388700,22.76
2011-10-04,22.47,23.69,22.34,23.63,6403200,22.27
2011-10-03,23.49,23.85,22.69,22.71,5622000,21.41
2011-09-30,24.16,24.37,23.69,23.69,6415600,22.33
2011-09-29,23.98,24.65,23.98,24.56,5994500,23.15
2011-09-28,23.77,24.02,23.51,23.52,5848600,22.17
2011-09-27,23.65,24.47,23.43,23.80,7004800,22.44
2011-09-26,22.99,23.59,22.55,23.53,6330300,22.18
2011-09-23,22.65,23.07,22.54,22.77,4545200,21.46
2011-09-22,22.78,22.83,22.27,22.68,7764700,21.38
2011-09-21,24.18,24.35,23.07,23.09,5755400,21.77
2011-09-20,24.58,24.80,24.32,24.32,5282300,22.93
2011-09-19,24.47,24.63,24.25,24.46,4908200,23.06
2011-09-16,25.10,25.28,24.76,24.94,6962400,23.51
2011-09-15,25.22,25.28,24.64,25.11,6537900,23.67
2011-09-14,25.25,25.41,24.62,24.90,6771400,23.47
2011-09-13,25.27,25.46,24.86,25.08,5686600,23.64
2011-09-12,24.70,25.27,24.45,25.27,4922000,23.82
2011-09-09,25.16,25.25,24.69,24.81,5104100,23.39
2011-09-08,25.60,25.85,25.18,25.31,4120800,23.86
2011-09-07,24.99,25.88,24.91,25.85,5303200,24.37
2011-09-06,24.27,24.60,24.11,24.56,7012900,23.15
2011-09-02,25.52,25.59,24.96,24.96,4463000,23.53
2011-09-01,26.17,26.42,25.89,25.91,4414200,24.42
2011-08-31,26.18,26.43,26.02,26.23,4996200,24.73
2011-08-30,25.97,26.25,25.46,26.04,5294400,24.55
2011-08-29,25.09,26.39,24.98,26.30,8220900,24.79
2011-08-26,24.08,24.83,23.62,24.45,7552200,22.85
2011-08-25,25.33,25.67,24.19,24.43,7718800,22.83
2011-08-24,24.85,25.31,24.65,25.19,5106600,23.54
2011-08-23,24.49,25.00,24.41,24.95,7283900,23.32
2011-08-22,24.95,25.02,24.32,24.46,5384500,22.86
2011-08-19,24.09,25.02,24.00,24.36,6479700,22.77
2011-08-18,25.04,25.04,24.12,24.33,8690700,22.74
2011-08-17,25.77,25.93,25.35,25.48,3655000,23.81
2011-08-16,25.71,26.00,25.45,25.67,4199000,23.99
2011-08-15,25.55,26.05,25.29,26.03,4665200,24.33
2011-08-12,25.92,26.11,25.00,25.12,6596900,23.48
2011-08-11,24.52,26.07,24.26,25.67,8853400,23.99
2011-08-10,25.42,25.47,24.27,24.32,10528600,22.73
2011-08-09,24.92,25.80,23.92,25.75,10797800,24.06
2011-08-08,25.80,26.19,24.38,24.57,10048900,22.96
2011-08-05,26.59,26.78,25.79,26.29,9945700,24.57
2011-08-04,27.15,27.35,26.31,26.31,8546600,24.59
2011-08-03,27.34,27.78,27.08,27.57,6134400,25.77
2011-08-02,27.91,28.04,27.55,27.64,6825400,25.83
2011-08-01,28.71,28.71,27.93,28.34,6300900,26.49
2011-07-29,27.54,28.04,27.53,27.72,5981300,25.91
2011-07-28,27.71,28.01,27.62,27.69,4038100,25.88
2011-07-27,28.15,28.32,27.61,27.63,5185600,25.82
2011-07-26,28.29,28.51,28.20,28.23,3124400,26.38
2011-07-25,28.47,28.56,28.24,28.38,3109000,26.52
2011-07-22,28.75,28.79,28.34,28.69,3093000,26.81
2011-07-21,28.57,28.91,28.40,28.72,5778600,26.84
2011-07-20,28.34,28.52,28.11,28.40,4874600,26.54
2011-07-19,27.90,28.31,27.84,28.30,7274500,26.45
2011-07-18,28.46,28.84,27.68,28.01,13121200,26.18
2011-07-15,29.76,29.80,29.26,29.47,3711800,27.54
2011-07-14,30.02,30.04,29.54,29.70,3489200,27.76
2011-07-13,30.18,30.41,29.82,29.87,3195900,27.92
2011-07-12,29.93,30.48,29.92,29.98,2822000,28.02
2011-07-11,30.20,30.23,29.82,30.02,3065300,28.06
2011-07-08,30.59,30.60,30.37,30.54,2566500,28.54
2011-07-07,30.93,31.01,30.68,30.92,2140900,28.90
2011-07-06,30.64,30.79,30.41,30.62,3142100,28.62
2011-07-05,30.87,30.98,30.52,30.78,3613300,28.77
2011-07-01,30.66,30.93,30.55,30.90,2646100,28.88
2011-06-30,30.46,30.66,30.10,30.53,3608000,28.53
2011-06-29,29.86,30.47,29.86,30.45,5160300,28.46
2011-06-28,29.69,29.89,29.49,29.69,4094800,27.75
2011-06-27,29.39,29.81,29.32,29.62,2430500,27.68
2011-06-24,29.69,29.75,29.27,29.43,3893400,27.50
2011-06-23,29.61,29.84,29.39,29.66,6563800,27.72
2011-06-22,30.02,30.24,29.93,29.96,4027200,28.00
2011-06-21,30.03,30.39,29.92,30.12,3547500,28.15
2011-06-20,29.53,29.93,29.41,29.88,3549000,27.92
2011-06-17,29.81,30.00,29.51,29.65,5382700,27.71
2011-06-16,29.57,29.94,29.38,29.55,4568400,27.62
2011-06-15,29.97,29.97,29.28,29.48,5221300,27.55
2011-06-14,30.13,30.39,30.00,30.22,4511500,28.24
2011-06-13,29.75,29.99,29.67,29.89,3240300,27.93
2011-06-10,30.03,30.06,29.52,29.65,3653700,27.71
2011-06-09,29.94,30.33,29.73,30.20,3687100,28.22
2011-06-08,30.12,30.15,29.71,29.83,3278600,27.88
2011-06-07,30.27,30.44,30.12,30.17,3048900,28.20
2011-06-06,30.55,30.70,29.99,30.16,3948800,28.19
2011-06-03,30.29,30.99,30.25,30.67,4871800,28.66
2011-06-02,30.54,31.05,30.45,30.91,5181200,28.89
2011-06-01,31.23,31.24,30.37,30.44,5989300,28.45
2011-05-31,31.39,31.53,31.21,31.38,4646600,29.33
2011-05-27,31.18,31.32,31.05,31.24,3336700,29.20
2011-05-26,30.96,31.31,30.88,31.15,3995400,29.11
2011-05-25,31.16,31.48,30.86,31.25,3893400,29.01
2011-05-24,31.41,31.62,31.20,31.21,3150700,28.97
2011-05-23,31.60,31.82,31.38,31.42,5182700,29.17
2011-05-20,32.33,32.48,31.96,32.01,4313900,29.71
2011-05-19,32.53,32.59,32.16,32.45,4541500,30.12
2011-05-18,32.39,32.47,32.09,32.45,3587000,30.12
2011-05-17,32.44,32.55,32.23,32.42,3335200,30.09
2011-05-16,32.22,32.84,32.22,32.52,3697700,30.19
2011-05-13,32.95,33.00,32.28,32.38,4807600,30.06
2011-05-12,32.72,33.03,32.38,33.00,6461400,30.63
2011-05-11,33.41,33.50,32.86,33.05,4556100,30.68
2011-05-10,33.30,33.65,33.03,33.50,3658100,31.10
2011-05-09,33.41,33.44,32.89,33.13,3578200,30.75
2011-05-06,33.67,33.79,33.19,33.43,4082400,31.03
2011-05-05,33.85,33.95,33.22,33.42,5249900,31.02
2011-05-04,34.37,34.37,33.82,33.98,4200500,31.54
2011-05-03,33.90,34.40,33.86,34.31,5121600,31.85
2011-05-02,33.93,34.08,33.62,33.88,3832500,31.45
2011-04-29,33.69,34.12,33.28,33.84,6900000,31.41
2011-04-28,33.25,34.11,32.66,33.76,11770300,31.34
2011-04-27,31.89,32.02,31.58,31.94,4809800,29.65
2011-04-26,31.89,32.04,31.61,31.74,4000000,29.46
2011-04-25,31.62,31.96,31.22,31.92,4016500,29.63
2011-04-21,31.30,31.66,31.07,31.65,3051700,29.38
2011-04-20,31.39,31.51,31.10,31.18,3541500,28.94
2011-04-19,31.35,31.35,31.03,31.05,3734200,28.82
2011-04-18,31.04,31.30,30.81,31.27,3846600,29.03
2011-04-15,31.46,31.64,31.34,31.41,4117900,29.16
2011-04-14,31.58,31.63,31.29,31.40,3607100,29.15
2011-04-13,31.80,31.88,31.66,31.84,4975600,29.56
2011-04-12,31.66,31.72,31.30,31.61,3389300,29.34
2011-04-11,31.40,31.79,31.40,31.75,3976400,29.47
2011-04-08,31.88,31.96,31.23,31.40,3339400,29.15
2011-04-07,31.62,31.86,31.55,31.80,3457200,29.52
2011-04-06,31.70,31.82,31.61,31.65,3192900,29.38
2011-04-05,31.80,31.82,31.55,31.61,3051500,29.34
2011-04-04,31.57,31.91,31.55,31.86,3027000,29.57
2011-04-01,31.33,31.60,31.27,31.45,6164300,29.19
2011-03-31,31.73,32.17,31.67,31.78,4130300,29.50
2011-03-30,31.76,31.89,31.67,31.85,2791000,29.57
2011-03-29,31.61,31.76,31.35,31.63,3029200,29.36
2011-03-28,31.54,31.76,31.42,31.65,2913900,29.38
2011-03-25,31.59,31.65,31.28,31.46,3783700,29.20
2011-03-24,31.48,31.58,31.21,31.55,2575000,29.29
2011-03-23,31.32,31.51,31.13,31.36,2978000,29.11
2011-03-22,31.59,31.83,31.37,31.48,4271400,29.22
2011-03-21,31.49,31.52,31.22,31.29,3702400,29.05
2011-03-18,31.47,31.66,31.00,31.15,5611300,28.92
2011-03-17,31.25,31.30,30.75,31.09,4336200,28.86
2011-03-16,31.28,31.34,30.69,30.73,7303300,28.53
2011-03-15,30.93,31.48,30.67,31.32,6327800,29.07
2011-03-14,31.79,31.90,31.57,31.73,4817400,29.45
2011-03-11,31.56,32.07,31.30,31.99,3948600,29.70
2011-03-10,31.74,32.00,31.63,31.73,4060600,29.45
2011-03-09,31.79,32.20,31.74,32.07,4582800,29.77
2011-03-08,31.53,32.04,31.51,32.00,3218500,29.51
2011-03-07,31.75,31.84,31.34,31.43,3307500,28.98
2011-03-04,31.79,32.08,31.38,31.71,4512100,29.24
2011-03-03,31.53,31.99,31.53,31.88,4835400,29.40
2011-03-02,31.32,31.49,31.18,31.30,4644000,28.86
2011-03-01,31.83,31.93,31.43,31.44,5141700,28.99
2011-02-28,31.54,31.81,31.43,31.78,3581300,29.31
2011-02-25,31.14,31.52,31.14,31.48,2714400,29.03
2011-02-24,31.56,31.64,30.81,31.08,5097700,28.66
2011-02-23,31.70,32.16,31.46,31.50,4808900,29.05
2011-02-22,31.77,32.00,31.54,31.74,5833800,29.27
2011-02-18,31.68,32.11,31.41,32.11,6792200,29.61
2011-02-17,30.67,31.67,30.60,31.61,7583000,29.15
2011-02-16,30.70,31.05,30.61,30.90,4890300,28.50
2011-02-15,30.86,30.93,30.47,30.54,7329000,28.16
2011-02-14,31.32,31.35,30.93,30.96,5723200,28.55
2011-02-11,31.01,31.66,30.98,31.39,5363500,28.95
2011-02-10,30.75,31.44,30.68,31.20,14257500,28.77
2011-02-09,32.39,32.61,32.15,32.36,5126900,29.84
2011-02-08,31.89,32.56,31.67,32.56,5720200,30.03
2011-02-07,31.51,31.88,31.36,31.88,4745900,29.40
2011-02-04,31.31,31.35,31.02,31.35,3411200,28.91
2011-02-03,31.10,31.48,30.70,31.22,4603400,28.79
2011-02-02,31.49,31.54,31.04,31.13,3549700,28.71
2011-02-01,31.41,31.76,31.26,31.60,3345000,29.14
2011-01-31,31.32,31.44,31.01,31.14,3091700,28.72
2011-01-28,31.80,32.00,31.11,31.15,4828100,28.73
2011-01-27,31.72,31.93,31.60,31.89,2766000,29.41
2011-01-26,31.82,31.94,31.63,31.68,3484900,29.21
2011-01-25,31.26,32.30,31.26,31.79,7278300,29.32
2011-01-24,31.34,31.49,31.10,31.28,3478200,28.85
2011-01-21,31.42,31.58,31.07,31.35,4048200,28.91
2011-01-20,30.56,31.50,30.56,31.30,6956100,28.86
2011-01-19,30.85,30.90,30.49,30.58,2883700,28.20
2011-01-18,30.75,31.10,30.63,30.93,3723000,28.52
2011-01-14,30.59,30.86,30.53,30.71,4722700,28.32
2011-01-13,30.86,30.86,30.43,30.68,4480000,28.29
2011-01-12,31.26,31.55,30.71,30.81,6884300,28.41
2011-01-11,30.98,31.40,30.75,31.13,4291100,28.71
2011-01-10,31.08,31.13,30.68,30.99,4163700,28.58
2011-01-07,31.59,31.65,31.12,31.29,3613000,28.86
2011-01-06,31.84,31.90,31.39,31.50,3956400,29.05
2011-01-05,31.73,32.08,31.70,31.86,4190500,29.38
2011-01-04,32.24,32.24,31.65,31.91,3636800,29.43
2011-01-03,32.22,32.50,32.03,32.23,3824800,29.72
2010-12-31,31.74,32.06,31.66,31.88,1788300,29.40
2010-12-30,31.81,31.93,31.61,31.80,1873200,29.33
2010-12-29,32.07,32.08,31.88,31.91,2269000,29.43
2010-12-28,32.09,32.13,31.80,32.00,1561300,29.51
2010-12-27,31.79,32.20,31.19,32.09,2122000,29.59
2010-12-23,31.89,32.00,31.74,31.94,2581700,29.45
2010-12-22,31.84,32.21,31.79,31.97,2615900,29.48
2010-12-21,31.42,31.96,31.34,31.87,3597700,29.39
2010-12-20,31.33,31.52,31.18,31.34,2984500,28.90
2010-12-17,31.22,31.42,30.94,31.31,4418700,28.87
2010-12-16,30.86,31.31,30.71,31.23,3171100,28.80
2010-12-15,30.83,31.09,30.74,30.76,4226900,28.37
2010-12-14,31.10,31.23,30.88,30.95,2890500,28.54
2010-12-13,31.00,31.22,30.84,31.04,2485700,28.62
2010-12-10,30.40,30.99,30.34,30.94,3033600,28.53
2010-12-09,30.61,30.73,30.36,30.52,3334800,28.15
2010-12-08,30.44,30.66,30.26,30.48,4380300,28.11
2010-12-07,30.50,30.59,30.23,30.45,3887100,28.08
2010-12-06,30.29,30.40,30.06,30.17,3048700,27.82
2010-12-03,30.22,30.41,29.89,30.31,3918900,27.95
2010-12-02,29.98,30.38,29.84,30.31,4672600,27.95
2010-12-01,29.53,30.00,29.52,29.95,3695900,27.62
2010-11-30,29.16,29.42,29.07,29.11,3652500,26.84
2010-11-29,29.19,29.44,29.00,29.36,4230900,27.08
2010-11-26,29.43,29.61,29.31,29.33,1764900,27.05
2010-11-24,29.70,29.85,29.66,29.80,3214600,27.30
2010-11-23,29.65,29.81,29.50,29.54,4204600,27.06
2010-11-22,30.16,30.19,29.66,30.00,4331100,27.48
2010-11-19,30.14,30.47,30.08,30.33,4444700,27.78
2010-11-18,30.18,30.50,30.05,30.22,4398300,27.68
2010-11-17,29.92,30.05,29.69,29.85,7218300,27.34
2010-11-16,30.29,30.44,29.68,29.84,8638500,27.33
2010-11-15,30.38,30.71,30.35,30.47,3907900,27.91
2010-11-12,30.45,30.51,30.01,30.18,4258800,27.64
2010-11-11,30.87,30.98,30.57,30.63,4702100,28.06
2010-11-10,30.44,31.08,30.42,31.06,8245900,28.45
2010-11-09,31.05,31.10,30.16,30.28,5915000,27.74
2010-11-08,31.11,31.27,30.76,31.03,5294600,28.42
2010-11-05,31.13,31.36,30.86,31.27,4737600,28.64
2010-11-04,30.28,31.24,30.22,31.18,7777600,28.56
2010-11-03,30.46,30.52,29.62,29.97,5744700,27.45
2010-11-02,30.40,30.42,30.04,30.31,3781100,27.76
2010-11-01,30.56,30.76,29.91,30.18,6330100,27.64
2010-10-29,30.28,30.51,30.00,30.49,8706500,27.93
2010-10-28,31.00,31.16,30.13,30.43,12966400,27.87
2010-10-27,32.42,32.74,32.26,32.48,5080900,29.75
2010-10-26,32.87,33.08,32.62,32.67,5208200,29.93
2010-10-25,32.96,33.29,32.71,33.11,5292000,30.33
2010-10-22,32.66,32.93,32.58,32.79,2610800,30.04
2010-10-21,32.71,33.01,32.32,32.56,4387300,29.82
2010-10-20,32.32,32.79,32.25,32.60,5406300,29.86
2010-10-19,32.14,32.56,31.95,32.20,6193000,29.50
2010-10-18,32.40,32.61,32.39,32.56,5567000,29.82
2010-10-15,32.84,32.97,32.32,32.43,5500100,29.71
2010-10-14,32.80,33.29,32.50,32.67,4247700,29.93
2010-10-13,32.86,33.21,32.76,32.94,4528600,30.17
2010-10-12,32.39,32.62,32.13,32.52,3280400,29.79
2010-10-11,32.40,32.57,32.36,32.43,1601600,29.71
2010-10-08,32.31,32.54,32.19,32.42,2711800,29.70
2010-10-07,32.22,32.47,32.07,32.20,3172100,29.50
2010-10-06,32.30,32.36,31.84,32.12,3589900,29.42
2010-10-05,32.04,32.49,31.54,32.38,4820800,29.66
2010-10-04,31.95,32.07,31.52,31.70,3764200,29.04
2010-10-01,31.89,32.03,31.31,31.57,4375100,28.92
2010-09-30,31.76,32.36,31.54,31.55,5861400,28.90
2010-09-29,32.14,32.15,31.40,31.55,5873900,28.90
2010-09-28,31.62,32.27,31.33,32.16,7298000,29.46
2010-09-27,31.50,31.69,31.34,31.40,4544000,28.76
2010-09-24,30.81,31.61,30.71,31.60,5346600,28.95
2010-09-23,30.77,30.99,30.41,30.45,3794600,27.89
2010-09-22,31.18,31.22,30.88,30.96,4567700,28.36
2010-09-21,31.50,31.56,31.14,31.33,4500800,28.70
2010-09-20,31.02,31.54,30.89,31.51,4463900,28.86
2010-09-17,30.92,31.19,30.88,30.99,5468200,28.39
2010-09-16,30.33,30.87,30.26,30.85,5269900,28.26
2010-09-15,30.05,30.61,29.99,30.49,3364300,27.93
2010-09-14,30.25,30.46,30.02,30.27,4196500,27.73
2010-09-13,30.21,30.33,30.04,30.29,4655100,27.75
2010-09-10,29.88,29.93,29.48,29.87,3503700,27.36
2010-09-09,29.50,29.59,29.24,29.45,3236700,26.98
2010-09-08,28.80,29.15,28.80,29.10,3880200,26.66
2010-09-07,29.17,29.22,28.69,28.70,3063000,26.29
2010-09-03,28.83,29.45,28.75,29.42,4135700,26.95
2010-09-02,28.63,28.68,28.35,28.62,3144300,26.22
2010-09-01,27.93,28.68,27.66,28.67,5521100,26.26
2010-08-31,27.11,27.71,26.86,27.60,4268700,25.28
2010-08-30,27.84,27.96,27.23,27.26,3290400,24.97
2010-08-27,27.47,27.99,27.10,27.99,3536600,25.64
2010-08-26,28.01,28.04,27.35,27.41,3714000,24.92
2010-08-25,27.33,27.93,27.04,27.82,3958600,25.30
2010-08-24,27.62,27.88,27.42,27.52,3585700,25.02
2010-08-23,27.69,28.08,27.62,27.91,3544100,25.38
2010-08-20,27.81,28.03,27.53,27.75,3541000,25.23
2010-08-19,28.22,28.25,27.78,28.04,4293600,25.50
2010-08-18,28.30,28.56,27.97,28.36,2533000,25.79
2010-08-17,28.14,28.32,27.86,28.24,3872100,25.68
2010-08-16,27.93,27.97,27.64,27.94,4369700,25.41
2010-08-13,28.16,28.49,28.04,28.10,3240800,25.55
2010-08-12,27.89,28.30,27.82,28.22,3968100,25.66
2010-08-11,28.99,29.01,28.20,28.22,5698100,25.66
2010-08-10,29.43,29.64,28.85,29.42,3667300,26.75
2010-08-09,29.16,29.64,29.08,29.63,5274100,26.94
2010-08-06,29.19,29.55,28.62,28.98,6047600,26.35
2010-08-05,29.33,29.61,28.58,29.41,9532400,26.74
2010-08-04,28.63,28.83,28.43,28.61,8532600,26.02
2010-08-03,28.80,28.92,28.49,28.55,5120500,25.96
2010-08-02,28.66,28.90,28.54,28.83,4613200,26.22
2010-07-30,27.94,28.45,27.76,28.24,3922900,25.68
2010-07-29,28.40,28.83,27.87,28.25,5635300,25.69
2010-07-28,28.55,28.61,28.22,28.25,4150800,25.69
2010-07-27,28.60,28.79,28.38,28.61,5739400,26.02
2010-07-26,28.18,28.45,27.93,28.33,3919300,25.76
2010-07-23,28.05,28.52,27.78,28.28,5192300,25.72
2010-07-22,27.39,28.07,27.28,28.06,5828700,25.52
2010-07-21,28.47,28.54,27.40,27.43,4480800,24.94
2010-07-20,27.44,28.31,27.25,28.27,3907900,25.71
2010-07-19,27.93,28.06,27.52,27.90,3760300,25.37
2010-07-16,28.58,28.71,27.75,27.83,7322100,25.31
2010-07-15,29.01,29.01,28.48,28.88,4955500,26.26
2010-07-14,29.14,29.38,28.78,29.00,5845300,26.37
2010-07-13,29.31,29.55,29.18,29.32,4162900,26.66
2010-07-12,29.33,29.33,28.96,29.11,3656200,26.47
2010-07-09,29.35,29.48,29.14,29.44,2773600,26.77
2010-07-08,28.89,29.29,28.86,29.21,3354300,26.56
2010-07-07,27.92,28.89,27.82,28.81,5268100,26.20
2010-07-06,28.61,28.80,27.69,27.93,4988300,25.40
2010-07-02,28.63,28.84,28.01,28.28,3330100,25.72
2010-07-01,28.87,28.87,27.97,28.39,6115400,25.82
2010-06-30,29.11,29.28,28.68,28.73,5248400,26.12
2010-06-29,29.65,29.70,28.83,29.01,6005600,26.38
2010-06-28,30.82,30.94,29.93,30.00,4831700,27.28
2010-06-25,29.79,30.85,29.43,30.83,9614800,28.03
2010-06-24,30.25,30.35,29.50,29.57,5300000,26.89
2010-06-23,30.53,30.67,30.17,30.45,6765400,27.69
2010-06-22,30.26,31.04,30.20,30.55,6784500,27.78
2010-06-21,30.84,30.93,30.11,30.27,3675100,27.52
2010-06-18,30.17,30.61,30.04,30.54,4636400,27.77
2010-06-17,30.33,30.37,29.87,30.06,5162100,27.33
2010-06-16,30.49,30.51,30.12,30.22,4537900,27.48
2010-06-15,30.13,30.72,29.92,30.67,3133100,27.89
2010-06-14,30.21,30.55,29.93,29.95,3425100,27.23
2010-06-11,29.59,29.99,29.23,29.98,2747800,27.26
2010-06-10,29.19,29.85,29.03,29.80,4426600,27.10
2010-06-09,29.31,29.49,28.76,28.85,3904000,26.23
2010-06-08,28.79,29.26,28.41,29.25,4775900,26.60
2010-06-07,29.07,29.39,28.66,28.67,4490700,26.07
2010-06-04,29.62,29.77,28.86,28.94,5398600,26.32
2010-06-03,30.38,30.48,29.96,30.17,3403500,27.43
2010-06-02,29.78,30.23,29.60,30.22,5564800,27.48
2010-06-01,30.34,30.57,29.66,29.66,4388100,26.97
2010-05-28,30.68,31.02,30.40,30.63,4499300,27.85
2010-05-27,30.02,30.79,29.96,30.77,4012800,27.98
2010-05-26,30.27,30.27,29.46,29.53,3848500,26.85
2010-05-25,29.24,30.04,28.83,30.04,4782100,27.13
2010-05-24,30.62,30.62,29.81,29.84,4502000,26.95
2010-05-21,29.51,30.60,29.47,30.54,5876300,27.59
2010-05-20,30.80,31.00,30.02,30.07,7285600,27.16
2010-05-19,31.07,31.65,30.90,31.38,5459800,28.34
2010-05-18,32.18,32.34,31.28,31.38,4254900,28.34
2010-05-17,31.86,32.10,31.38,31.99,4593200,28.90
2010-05-14,32.25,32.38,31.62,31.87,4684000,28.79
2010-05-13,33.08,33.08,32.54,32.56,4349000,29.41
2010-05-12,32.92,33.20,32.87,33.11,5169100,29.91
2010-05-11,32.87,33.25,32.66,32.75,6094600,29.58
2010-05-10,33.36,33.36,32.50,33.32,6275300,30.10
2010-05-07,31.90,32.66,31.53,31.80,8952900,28.72
2010-05-06,32.54,33.04,31.01,32.06,9836500,28.96
2010-05-05,31.61,32.95,31.61,32.69,13110300,29.53
2010-05-04,32.68,32.69,31.91,32.08,8419200,28.98
2010-05-03,32.96,33.41,32.86,33.04,3824600,29.84
2010-04-30,33.15,33.45,32.58,32.67,5986100,29.51
2010-04-29,33.95,34.28,32.67,33.27,11904400,30.05
2010-04-28,33.57,34.19,33.50,33.77,6624900,30.50
2010-04-27,34.54,34.54,33.19,33.27,7799800,30.05
2010-04-26,35.19,35.29,34.74,34.80,4783800,31.43
2010-04-23,34.97,35.25,34.80,35.19,4811300,31.79
2010-04-22,34.61,35.19,34.37,35.17,4905900,31.77
2010-04-21,35.39,35.46,34.56,34.89,5969900,31.51
2010-04-20,34.50,35.51,34.21,35.43,10241700,32.00
2010-04-19,33.62,34.31,33.11,34.19,7697200,30.88
2010-04-16,34.16,34.53,33.49,33.85,8637200,30.58
2010-04-15,34.33,34.44,33.97,34.30,4530600,30.98
2010-04-14,33.26,34.48,33.20,34.33,8755800,31.01
2010-04-13,32.92,33.26,32.92,33.06,4307600,29.86
2010-04-12,33.15,33.18,32.90,33.04,2390500,29.84
2010-04-09,33.16,33.33,32.80,32.97,3045600,29.78
2010-04-08,32.76,33.13,32.53,33.10,4685400,29.90
2010-04-07,32.52,33.12,32.43,32.77,3948400,29.60
2010-04-06,32.58,32.74,32.37,32.62,3026200,29.46
2010-04-05,32.77,32.77,32.42,32.63,2285500,29.47
2010-04-01,32.44,32.66,32.29,32.49,2893500,29.35
2010-03-31,31.95,32.35,31.86,32.31,3573000,29.18
2010-03-30,32.22,32.25,31.94,32.06,2404300,28.96
2010-03-29,32.38,32.46,32.16,32.26,3419500,29.14
2010-03-26,31.67,32.48,31.66,32.20,6639500,29.08
2010-03-25,31.52,31.97,31.32,31.56,5614700,28.51
2010-03-24,31.28,31.48,31.09,31.33,3228100,28.30
2010-03-23,31.07,31.44,30.96,31.44,2925000,28.40
2010-03-22,31.02,31.24,30.91,31.08,5241400,28.07
2010-03-19,31.26,31.49,31.07,31.26,5370200,28.24
2010-03-18,31.28,31.43,30.99,31.38,4156200,28.34
2010-03-17,31.18,31.55,31.01,31.27,5769500,28.24
2010-03-16,30.96,31.03,30.70,31.02,4792600,28.02
2010-03-15,31.35,31.42,30.67,30.93,7307800,27.94
2010-03-12,31.96,32.01,31.36,31.47,4125800,28.43
2010-03-11,31.50,31.83,31.36,31.78,3010600,28.71
2010-03-10,31.65,31.75,31.34,31.60,4295300,28.54
2010-03-09,31.82,31.96,31.73,31.87,4049600,28.61
2010-03-08,32.11,32.24,31.96,31.99,4463800,28.71
2010-03-05,32.14,32.25,31.84,32.14,4967600,28.85
2010-03-04,32.07,32.09,31.82,31.94,5962100,28.67
2010-03-03,32.07,32.30,31.93,31.99,4420400,28.71
2010-03-02,31.66,32.18,31.62,32.02,5472100,28.74
2010-03-01,31.25,31.69,31.24,31.57,4535000,28.34
2010-02-26,31.21,31.40,30.95,31.25,3983700,28.05
2010-02-25,30.83,31.31,30.65,31.30,4250500,28.09
2010-02-24,31.18,31.30,31.00,31.28,4225600,28.08
2010-02-23,31.29,31.62,31.06,31.18,5503500,27.99
2010-02-22,31.22,31.48,31.02,31.41,3692400,28.19
2010-02-19,31.07,31.28,30.87,31.22,4879900,28.02
2010-02-18,30.56,31.30,30.56,31.25,4801300,28.05
2010-02-17,30.70,30.75,30.47,30.69,4745500,27.55
2010-02-16,30.02,30.56,29.85,30.52,5622600,27.39
2010-02-12,29.24,29.59,29.06,29.53,5884500,26.51
2010-02-11,28.56,29.84,28.24,29.41,5967700,26.40
2010-02-10,28.73,28.82,28.31,28.60,3970200,25.67
2010-02-09,28.64,28.79,28.23,28.73,2813600,25.79
2010-02-08,28.84,28.85,28.32,28.36,2845000,25.46
2010-02-05,28.69,29.01,28.13,28.91,5576600,25.95
2010-02-04,29.63,29.81,28.69,28.69,6428100,25.75
2010-02-03,30.36,30.36,29.61,29.83,4372700,26.78
2010-02-02,29.85,30.55,29.85,30.52,2854600,27.39
2010-02-01,30.11,30.26,29.73,29.95,2324400,26.88
2010-01-29,30.13,30.38,29.86,29.93,2893600,26.86
2010-01-28,30.52,30.52,29.69,29.95,2919000,26.88
2010-01-27,30.22,30.54,29.75,30.28,5202500,27.18
2010-01-26,30.28,31.07,30.10,30.28,4427200,27.18
2010-01-25,30.33,30.63,29.93,30.35,4136900,27.24
2010-01-22,30.83,31.04,29.92,29.98,7059000,26.91
2010-01-21,31.16,31.43,30.43,30.83,4900800,27.67
2010-01-20,31.23,31.23,30.69,31.22,3577200,28.02
2010-01-19,30.80,31.43,30.60,31.39,3008800,28.18
2010-01-15,31.56,31.56,30.68,30.91,4696600,27.74
2010-01-14,31.35,31.73,31.05,31.64,3368900,28.40
2010-01-13,31.19,31.68,31.19,31.46,3517200,28.24
2010-01-12,31.44,31.73,31.10,31.18,5354300,27.99
2010-01-11,31.34,31.44,31.04,31.21,2168200,28.01
2010-01-08,30.89,31.29,30.79,31.21,2806800,28.01
2010-01-07,30.85,31.16,30.61,31.08,3694900,27.90
2010-01-06,30.90,30.98,30.69,30.92,3399500,27.75
2010-01-05,30.48,30.97,30.14,30.91,5342100,27.74
2010-01-04,30.36,30.51,30.09,30.41,2631000,27.30
2009-12-31,30.54,30.76,30.01,30.04,2045300,26.96
2009-12-30,30.14,30.58,30.12,30.53,1860900,27.40
2009-12-29,30.45,30.50,30.14,30.33,2486200,27.22
2009-12-28,30.22,30.35,30.06,30.35,2138000,27.24
2009-12-24,30.17,30.43,30.13,30.23,1114900,27.13
2009-12-23,29.58,30.15,29.45,30.11,3381200,27.03
2009-12-22,29.31,29.79,29.25,29.61,3057300,26.58
2009-12-21,28.95,29.52,28.95,29.37,4107900,26.36
2009-12-18,28.37,28.86,28.37,28.82,6660600,25.87
2009-12-17,28.44,28.64,28.21,28.31,4201800,25.41
2009-12-16,28.53,28.81,28.44,28.72,3892200,25.78
2009-12-15,28.45,28.61,28.27,28.41,3104100,25.50
2009-12-14,28.76,28.79,28.51,28.63,4601700,25.70
2009-12-11,28.09,28.63,27.97,28.63,5183800,25.70
2009-12-10,27.97,27.97,27.74,27.90,4218800,25.04
2009-12-09,27.72,27.80,27.52,27.74,4867900,24.90
2009-12-08,28.09,28.19,27.72,27.73,5247200,24.89
2009-12-07,28.49,28.74,28.24,28.28,3035300,25.38
2009-12-04,28.56,28.70,27.91,28.60,5132400,25.67
2009-12-03,28.63,28.79,28.12,28.17,3398500,25.29
2009-12-02,28.56,28.83,28.41,28.48,2974400,25.56
2009-12-01,28.77,28.77,28.40,28.52,3863600,25.60
2009-11-30,28.32,28.47,27.91,28.41,5706200,25.50
2009-11-27,28.42,28.65,28.07,28.27,2195500,25.37
2009-11-25,29.01,29.25,28.80,29.10,4586000,26.12
2009-11-24,29.26,29.37,28.97,28.99,3721300,25.84
2009-11-23,29.50,29.54,29.10,29.37,3988300,26.18
2009-11-20,28.56,29.27,28.50,29.12,4836400,25.96
2009-11-19,29.03,29.18,28.52,28.87,3521300,25.73
2009-11-18,29.21,29.24,28.90,29.21,3309600,26.04
2009-11-17,29.34,29.43,28.97,29.20,2777400,26.03
2009-11-16,29.10,29.62,29.05,29.37,4701300,26.18
2009-11-13,28.86,29.06,28.57,28.91,4303800,25.77
2009-11-12,29.33,29.35,28.79,28.86,4352900,25.73
2009-11-11,29.53,29.60,29.18,29.36,4971000,26.17
2009-11-10,29.44,29.53,28.98,29.28,5258600,26.10
2009-11-09,28.98,29.52,28.84,29.51,6120900,26.31
2009-11-06,28.60,29.13,28.57,28.93,3488400,25.79
2009-11-05,29.17,29.31,27.66,29.05,10717800,25.90
2009-11-04,30.06,30.37,29.52,29.62,4895600,26.40
2009-11-03,29.48,29.84,29.17,29.74,3515400,26.51
2009-11-02,29.73,30.25,29.00,29.64,3775700,26.42
2009-10-30,30.63,30.63,29.32,29.57,5891400,26.36
2009-10-29,29.67,30.77,29.52,30.75,4967500,27.41
2009-10-28,29.70,30.19,29.27,29.29,3809100,26.11
2009-10-27,30.36,30.65,29.80,29.87,4560200,26.63
2009-10-26,31.44,31.66,30.17,30.34,7024700,27.04
2009-10-23,32.18,32.18,31.32,31.50,5945400,28.08
2009-10-22,30.94,32.23,30.87,32.21,4577000,28.71
2009-10-21,31.37,31.88,30.89,30.91,3846800,27.55
2009-10-20,32.05,32.05,31.27,31.59,3391500,28.16
2009-10-19,31.72,32.12,31.62,32.02,3393700,28.54
2009-10-16,31.63,31.85,31.14,31.67,5748100,28.23
2009-10-15,31.55,32.15,31.37,32.15,4446200,28.66
2009-10-14,31.49,31.91,31.09,31.85,6969600,28.39
2009-10-13,31.56,31.56,30.68,31.02,5393600,27.65
2009-10-12,32.03,32.08,31.46,31.66,3630900,28.22
2009-10-09,31.50,31.93,31.32,31.92,2967600,28.45
2009-10-08,31.59,31.83,31.34,31.48,3658400,28.06
2009-10-07,31.02,31.38,30.77,31.38,2983800,27.97
2009-10-06,31.29,31.50,30.75,31.19,4865600,27.80
2009-10-05,31.06,31.17,30.58,31.13,4083100,27.75
2009-10-02,29.97,31.25,29.79,30.76,5149400,27.42
2009-10-01,30.70,31.41,30.38,30.40,7865900,27.10
2009-09-30,31.11,31.45,30.50,30.62,6421900,27.29
2009-09-29,31.08,31.74,30.80,30.94,4708300,27.58
2009-09-28,30.14,30.95,29.55,30.92,5627700,27.56
2009-09-25,29.02,29.67,28.98,29.13,3010000,25.97
2009-09-24,29.70,30.23,29.08,29.15,4700500,25.98
2009-09-23,30.17,30.72,29.75,29.76,3324900,26.53
2009-09-22,30.61,30.64,30.01,30.22,3459300,26.94
2009-09-21,30.36,30.57,30.10,30.29,3142600,27.00
2009-09-18,30.79,30.95,30.51,30.64,6360300,27.31
2009-09-17,29.80,30.50,29.60,30.33,7174600,27.04
2009-09-16,28.97,29.85,28.59,29.84,5119700,26.60
2009-09-15,28.98,29.32,28.80,28.88,4790800,25.74
2009-09-14,28.64,29.02,28.30,28.99,2968300,25.84
2009-09-11,28.55,29.13,28.29,28.92,4723600,25.78
2009-09-10,28.66,29.33,28.29,29.23,3588800,26.06
2009-09-09,28.81,28.92,28.47,28.78,4346700,25.65
2009-09-08,29.15,29.15,28.32,28.83,4129300,25.70
2009-09-04,28.61,28.85,28.03,28.85,2594800,25.72
2009-09-03,28.23,28.48,27.84,28.48,3248200,25.39
2009-09-02,28.01,28.35,27.75,28.06,3113000,25.01
2009-09-01,29.22,29.71,28.12,28.18,7058700,25.12
2009-08-31,28.89,29.42,28.80,29.39,3235000,26.20
2009-08-28,29.34,29.36,28.84,29.26,3360600,26.08
2009-08-27,28.82,29.22,28.42,29.18,3937500,26.01
2009-08-26,28.96,29.20,28.40,29.11,3374800,25.77
2009-08-25,28.92,29.61,28.90,28.96,3196700,25.64
2009-08-24,28.82,29.42,28.57,28.68,3311500,25.39
2009-08-21,28.22,28.77,27.85,28.63,3975700,25.35
2009-08-20,27.46,27.97,27.21,27.69,3035000,24.51
2009-08-19,27.25,27.59,26.85,27.52,2690200,24.36
2009-08-18,27.58,27.62,27.06,27.50,3785200,24.34
2009-08-17,27.94,28.32,27.40,27.47,4390300,24.32
2009-08-14,28.86,28.96,28.20,28.55,3702800,25.27
2009-08-13,28.75,29.20,28.20,28.93,5846200,25.61
2009-08-12,27.52,28.83,27.32,28.42,7683800,25.16
2009-08-11,27.18,27.32,26.66,26.74,4775300,23.67
2009-08-10,27.66,27.80,26.88,27.26,3156300,24.13
2009-08-07,27.45,27.97,27.18,27.79,6063600,24.60
2009-08-06,27.54,28.13,26.94,27.27,8536200,24.14
2009-08-05,28.31,28.37,27.58,28.23,5292900,24.99
2009-08-04,27.29,28.28,27.22,28.17,4370500,24.94
2009-08-03,27.37,27.50,27.00,27.36,3360800,24.22
2009-07-31,26.36,27.05,26.25,26.91,3866000,23.82
2009-07-30,26.25,26.82,26.08,26.38,3496500,23.35
2009-07-29,26.18,26.49,25.99,26.08,2717300,23.09
2009-07-28,26.57,26.67,26.00,26.31,3375100,23.29
2009-07-27,26.49,26.85,26.29,26.82,3401600,23.74
2009-07-24,25.73,26.54,25.60,26.40,3012400,23.37
2009-07-23,25.01,26.11,25.01,25.95,4608700,22.97
2009-07-22,24.35,25.23,24.20,25.07,3441200,22.19
2009-07-21,24.34,24.85,24.32,24.68,4152300,21.85
2009-07-20,24.40,24.42,24.08,24.24,3381400,21.46
2009-07-17,24.47,24.57,24.10,24.24,4238900,21.46
2009-07-16,24.76,24.90,24.23,24.50,4414700,21.69
2009-07-15,24.20,25.05,24.20,24.86,6521600,22.01
2009-07-14,24.50,24.56,23.90,23.99,4711200,21.24
2009-07-13,23.34,24.70,23.27,24.66,7124000,21.83
2009-07-10,23.20,23.53,22.82,23.08,3920700,20.43
2009-07-09,23.69,23.90,23.25,23.36,3787800,20.68
2009-07-08,23.85,24.07,23.02,23.42,7193500,20.73
2009-07-07,24.71,24.72,23.84,23.85,4474700,21.11
2009-07-06,24.11,24.71,24.02,24.70,5436000,21.87
2009-07-02,24.87,24.87,24.02,24.05,5376800,21.29
2009-07-01,24.48,25.21,24.17,25.07,5835600,22.19
2009-06-30,24.58,24.58,23.96,24.40,3279800,21.60
2009-06-29,24.03,24.66,23.87,24.60,3408000,21.78
2009-06-26,24.06,24.40,23.90,24.16,3958400,21.39
2009-06-25,23.65,24.27,23.22,24.26,4573200,21.48
2009-06-24,23.65,24.04,23.55,23.82,4130600,21.09
2009-06-23,23.25,23.65,23.11,23.48,4186000,20.79
2009-06-22,23.72,23.95,23.12,23.13,5070700,20.48
2009-06-19,23.97,24.50,23.90,24.07,4739700,21.31
2009-06-18,23.36,24.35,23.21,23.84,7617700,21.10
2009-06-17,23.57,23.76,23.19,23.26,5772400,20.59
2009-06-16,24.52,24.62,23.64,23.65,5879500,20.94
2009-06-15,24.56,24.78,24.33,24.35,4586900,21.56
2009-06-12,24.87,25.01,24.60,24.85,3914300,22.00
2009-06-11,24.91,25.35,24.82,24.87,4970200,22.02
2009-06-10,25.17,25.56,24.81,24.95,5031700,22.09
2009-06-09,25.54,25.65,25.02,25.46,4999100,22.54
2009-06-08,25.39,25.79,25.24,25.38,6179600,22.47
2009-06-05,26.01,26.35,25.02,25.05,6580100,22.18
2009-06-04,25.76,26.10,25.51,25.80,6460100,22.84
2009-06-03,26.13,26.20,25.45,25.71,4055200,22.76
2009-06-02,26.18,26.80,26.04,26.36,5833400,23.34
2009-06-01,25.86,26.40,25.54,26.14,6270300,23.14
2009-05-29,25.59,25.83,25.02,25.73,5712000,22.78
2009-05-28,25.07,25.64,24.88,25.59,6245000,22.65
2009-05-27,26.30,26.48,24.77,24.86,7196400,22.01
2009-05-26,26.17,26.41,25.77,26.38,7373000,23.18
2009-05-22,26.37,26.78,25.84,26.27,4759400,23.08
2009-05-21,25.31,26.38,25.25,26.26,5674600,23.07
2009-05-20,26.95,27.15,25.59,25.78,6518600,22.65
2009-05-19,25.69,27.68,25.60,26.50,10382400,23.28
2009-05-18,24.79,26.00,24.14,25.85,7765300,22.71
2009-05-15,25.65,25.65,24.11,24.30,6896000,21.35
2009-05-14,24.02,25.48,23.88,25.25,6554300,22.18
2009-05-13,24.85,25.29,24.05,24.23,7702200,21.29
2009-05-12,24.71,25.70,24.11,25.25,8347400,22.18
2009-05-11,25.19,26.01,24.49,24.69,10897100,21.69
2009-05-08,25.98,26.91,24.10,26.12,18534300,22.95
2009-05-07,26.05,28.73,26.05,27.60,26814100,24.25
2009-05-06,23.74,26.07,23.20,25.80,12685800,22.67
2009-05-05,23.18,24.08,22.85,23.27,5853100,20.44
2009-05-04,23.39,23.58,22.41,23.41,11405000,20.57
2009-05-01,22.86,23.54,22.64,23.10,4656500,20.29
2009-04-30,23.20,23.90,22.74,23.33,7909000,20.50
2009-04-29,22.32,22.95,22.12,22.92,6830500,20.14
2009-04-28,21.75,23.05,21.46,22.24,4413900,19.54
2009-04-27,21.81,22.78,21.71,22.23,4550300,19.53
2009-04-24,22.44,22.82,21.66,22.31,7742100,19.60
2009-04-23,21.88,22.49,21.31,22.31,5852100,19.60
2009-04-22,22.52,22.92,21.60,21.66,7883700,19.03
2009-04-21,20.63,23.29,20.63,23.25,8901900,20.43
2009-04-20,22.72,22.97,21.18,21.21,8969500,18.63
2009-04-17,23.91,24.03,22.11,23.42,11130900,20.58
2009-04-16,24.50,24.76,23.24,24.00,6885900,21.09
2009-04-15,22.67,24.50,22.24,24.38,7640400,21.42
2009-04-14,23.35,24.41,22.80,22.92,11151500,20.14
2009-04-13,22.43,24.68,22.35,24.21,9282700,21.27
2009-04-09,21.90,23.17,21.28,23.03,10318700,20.23
2009-04-08,20.90,21.91,20.90,21.46,6899200,18.85
2009-04-07,20.06,20.89,19.91,20.26,4579400,17.80
2009-04-06,20.89,21.03,20.22,20.54,5287600,18.05
2009-04-03,20.97,21.29,20.41,21.26,5726400,18.68
2009-04-02,20.74,21.17,20.49,21.04,9574300,18.48
2009-04-01,18.85,20.16,18.50,20.06,6228900,17.62
2009-03-31,18.75,19.41,18.25,19.15,10210300,16.82
2009-03-30,19.62,19.73,18.43,18.53,10330000,16.28
2009-03-27,19.92,20.80,19.61,20.40,6346600,17.92
2009-03-26,20.32,20.58,19.44,20.38,8277100,17.91
2009-03-25,19.89,20.76,18.83,20.00,8825700,17.57
2009-03-24,20.50,21.39,19.58,19.94,8448000,17.52
2009-03-23,19.28,21.25,19.14,21.20,9833400,18.63
2009-03-20,18.91,19.37,18.50,18.59,8535400,16.33
2009-03-19,19.92,20.25,18.63,18.75,10094700,16.47
2009-03-18,17.78,19.72,17.22,19.65,11229900,17.26
2009-03-17,16.63,17.98,16.37,17.94,6283300,15.76
2009-03-16,17.07,18.09,16.60,16.68,7417900,14.65
2009-03-13,16.78,17.00,15.82,16.82,6510300,14.78
2009-03-12,15.35,16.78,14.75,16.63,8333700,14.61
2009-03-11,15.60,16.00,14.83,15.43,7686000,13.56
2009-03-10,14.68,15.64,13.99,15.60,9861400,13.53
2009-03-09,14.29,14.74,13.77,14.12,7255000,12.25
2009-03-06,14.53,14.74,13.85,14.55,7615300,12.62
2009-03-05,15.68,15.79,14.00,14.35,9688400,12.45
2009-03-04,15.72,16.74,15.03,16.16,7234400,14.02
2009-03-03,16.33,16.69,15.20,15.56,7823600,13.50
2009-03-02,16.59,17.22,16.25,16.33,10076700,14.16
2009-02-27,18.08,18.08,16.69,16.83,10727200,14.60
2009-02-26,18.30,18.86,17.78,18.47,10304700,16.02
2009-02-25,18.11,18.20,16.82,17.57,9977000,15.24
2009-02-24,16.77,18.74,16.55,18.64,9553200,16.17
2009-02-23,18.79,19.00,16.98,16.99,7647200,14.74
2009-02-20,17.80,18.81,17.26,18.44,10867400,15.99
2009-02-19,19.88,20.03,17.94,18.08,8111800,15.68
2009-02-18,19.63,19.99,18.89,19.74,7813900,17.12
2009-02-17,20.11,20.64,19.12,19.14,9317500,16.60
2009-02-13,21.39,22.07,21.15,21.23,6655500,18.41
2009-02-12,20.63,21.67,20.48,21.53,7158600,18.67
2009-02-11,20.75,21.91,20.63,21.77,6505000,18.88
2009-02-10,22.08,22.32,20.42,20.54,10349100,17.81
2009-02-09,22.86,23.12,22.03,22.32,5376800,19.36
2009-02-06,22.03,22.95,21.30,22.70,7882800,19.69
2009-02-05,21.38,22.35,21.05,21.58,7564600,18.72
2009-02-04,21.99,22.50,21.34,21.61,6138400,18.74
2009-02-03,20.76,22.27,20.67,21.88,6953200,18.98
2009-02-02,21.14,21.74,20.39,20.90,9298900,18.13
2009-01-30,22.27,23.22,21.13,21.67,15205200,18.79
2009-01-29,23.75,24.95,23.00,23.50,15861300,20.38
2009-01-28,28.87,29.92,27.73,29.64,7117900,25.71
2009-01-27,26.33,27.26,25.87,27.22,4873800,23.61
2009-01-26,26.49,27.46,25.36,25.95,5214400,22.51
2009-01-23,25.20,26.86,24.81,26.63,5683200,23.10
2009-01-22,27.30,27.71,25.75,26.42,7157700,22.91
2009-01-21,27.39,28.35,26.05,28.14,7304000,24.41
2009-01-20,27.68,29.06,25.97,26.03,9111600,22.58
2009-01-16,28.92,29.64,28.06,28.77,5471300,24.95
2009-01-15,28.18,29.22,26.52,28.22,8066500,24.48
2009-01-14,28.68,29.10,27.86,28.14,6794800,24.41
2009-01-13,29.36,30.05,28.89,29.62,6294300,25.69
2009-01-12,30.21,30.67,29.46,29.81,5585000,25.85
2009-01-09,30.96,31.20,29.90,30.06,3381000,26.07
2009-01-08,29.98,31.14,29.69,30.90,3728500,26.80
2009-01-07,31.32,31.67,29.89,30.09,5082500,26.10
2009-01-06,31.93,32.62,31.45,31.94,5274600,27.70
2009-01-05,32.95,33.24,31.61,32.57,5359400,28.25
2009-01-02,32.76,33.50,31.39,33.26,3932000,28.85
2008-12-31,31.96,32.95,31.65,32.76,3819100,28.41
2008-12-30,30.69,31.98,30.69,31.91,3279100,27.68
2008-12-29,30.93,30.95,30.00,30.63,3124300,26.57
2008-12-26,29.59,31.19,29.59,30.84,2632900,26.75
2008-12-24,30.28,30.28,28.92,29.46,1509400,25.55
2008-12-23,30.10,30.88,29.30,29.53,4414100,25.61
2008-12-22,31.86,31.86,28.92,29.66,5233100,25.72
2008-12-19,30.27,32.26,29.30,31.86,8099700,27.63
2008-12-18,30.22,31.29,29.60,29.94,6422600,25.97
2008-12-17,29.55,30.60,28.80,29.81,7017800,25.85
2008-12-16,26.19,30.16,26.17,30.03,8211700,26.04
2008-12-15,26.55,27.40,25.14,25.72,5158100,22.31
2008-12-12,25.22,27.34,25.21,27.16,4075000,23.56
2008-12-11,26.53,27.77,26.01,26.27,6348500,22.78
2008-12-10,26.69,27.22,26.20,26.90,5526700,23.33
2008-12-09,26.46,27.96,26.17,26.43,6062000,22.92
2008-12-08,27.81,28.57,26.01,27.12,6421700,23.52
2008-12-05,23.61,27.15,23.58,27.03,6781900,23.44
2008-12-04,22.90,25.50,22.71,24.11,5972000,20.91
2008-12-03,21.49,23.72,21.49,23.55,7013800,20.42
2008-12-02,22.14,23.87,21.37,23.71,6699200,20.56
2008-12-01,24.66,24.97,21.50,21.61,7529300,18.74
2008-11-28,24.24,25.51,23.99,25.44,2524300,22.06
2008-11-26,23.37,24.11,22.15,24.02,5462400,20.83
2008-11-25,24.78,24.78,22.87,24.35,7532400,21.12
2008-11-24,21.92,24.50,20.66,24.46,8855600,20.86
2008-11-21,18.64,21.67,18.12,21.52,10486500,18.35
2008-11-20,19.76,21.15,17.72,18.10,12202800,15.43
2008-11-19,24.62,24.94,19.62,19.90,9741000,16.97
2008-11-18,25.31,25.75,23.55,25.00,6846700,21.32
2008-11-17,26.86,26.87,25.02,25.14,6308100,21.44
2008-11-14,28.73,28.92,26.14,27.07,8109000,23.08
2008-11-13,24.28,29.79,23.88,29.29,8721600,24.98
2008-11-12,25.30,25.73,23.98,24.07,6247600,20.53
2008-11-11,25.27,26.34,24.53,25.73,4162300,21.94
2008-11-10,27.24,27.86,25.12,25.65,3598700,21.87
2008-11-07,26.19,26.98,25.73,26.89,4085000,22.93
2008-11-06,27.50,28.30,25.78,26.00,6100900,22.17
2008-11-05,28.92,29.77,27.65,27.78,4872900,23.69
2008-11-04,28.83,30.78,28.43,29.50,5526300,25.16
2008-11-03,26.37,28.81,25.73,28.41,6083600,24.23
2008-10-31,24.61,26.41,24.53,26.39,5909900,22.50
2008-10-30,25.24,25.93,24.02,24.72,6418000,21.08
2008-10-29,25.48,26.48,24.45,25.18,7402800,21.47
2008-10-28,24.30,25.48,22.30,25.13,9028400,21.43
2008-10-27,25.15,25.34,24.11,24.41,6264700,20.82
2008-10-24,24.99,26.11,23.88,25.53,8411400,21.77
2008-10-23,28.00,29.46,25.53,26.59,8064100,22.67
2008-10-22,30.60,31.23,27.70,28.23,5736400,24.07
2008-10-21,30.80,32.88,29.75,31.95,4298700,27.25
2008-10-20,31.82,33.27,29.48,31.34,4948800,26.73
2008-10-17,28.64,31.58,28.11,31.58,8659800,26.93
2008-10-16,29.44,29.55,26.59,29.17,7397100,24.87
2008-10-15,31.89,32.39,29.26,29.51,5603800,25.16
2008-10-14,33.38,34.45,31.33,32.87,7239500,28.03
2008-10-13,28.84,33.53,28.00,32.23,6978300,27.48
2008-10-10,26.50,27.73,23.39,26.96,11583200,22.99
2008-10-09,32.48,32.71,27.50,27.50,10253600,23.45
2008-10-08,37.60,38.70,28.71,29.96,12919200,25.55
2008-10-07,42.10,42.50,38.01,38.01,5106000,32.41
2008-10-06,41.50,47.00,40.05,42.10,4246600,35.90
2008-10-03,42.87,44.10,41.55,42.48,3339400,36.23
2008-10-02,44.04,44.27,41.82,42.11,3163600,35.91
2008-10-01,45.68,45.68,41.85,44.00,4183100,37.52
2008-09-30,43.71,47.25,42.10,46.12,5254000,39.33
2008-09-29,46.00,46.66,41.37,43.10,4884900,36.75
2008-09-26,44.64,46.77,44.47,46.33,2644300,39.51
2008-09-25,44.89,46.88,44.66,45.38,3482600,38.70
2008-09-24,45.05,45.64,43.01,44.67,2717700,38.09
2008-09-23,45.43,46.12,44.49,44.80,2825800,38.20
2008-09-22,47.99,48.00,44.15,44.27,4667700,37.75
2008-09-19,46.62,47.90,44.87,47.54,8695700,40.54
2008-09-18,43.87,46.15,41.99,46.15,10741500,39.35
2008-09-17,44.43,45.92,42.77,42.85,10777500,36.54
2008-09-16,43.80,45.62,43.74,45.59,10771600,38.88
2008-09-15,44.21,46.95,44.21,44.38,9994800,37.85
2008-09-12,45.10,45.69,44.96,45.23,5113300,38.57
2008-09-11,45.00,46.10,44.72,45.78,5907800,39.04
2008-09-10,45.78,46.09,44.86,45.51,5489200,38.81
2008-09-09,46.13,46.84,45.19,45.19,5539400,38.54
2008-09-08,46.00,46.50,45.12,46.48,6768000,39.64
2008-09-05,44.46,45.15,43.99,45.08,5122900,38.44
2008-09-04,45.08,45.32,44.51,44.59,4307100,38.02
2008-09-03,45.00,45.67,44.83,45.54,4115500,38.83
2008-09-02,45.63,45.90,44.73,45.20,4599900,38.54
2008-08-29,45.11,45.76,45.02,45.13,3483000,38.49
2008-08-28,45.23,45.62,44.82,45.60,4522500,38.89
2008-08-27,44.65,45.00,44.21,44.93,3992400,38.31
2008-08-26,45.19,45.37,44.50,45.08,3475900,38.09
2008-08-25,46.11,46.24,45.32,45.36,2788400,38.33
2008-08-22,45.39,46.20,45.09,46.14,4337100,38.99
2008-08-21,44.91,45.31,44.60,45.05,2672200,38.07
2008-08-20,45.18,45.42,44.50,45.32,4263900,38.30
2008-08-19,45.24,45.36,44.70,45.10,4674900,38.11
2008-08-18,46.24,46.24,45.50,45.59,4620400,38.52
2008-08-15,45.78,46.26,45.52,46.19,4245700,39.03
2008-08-14,44.76,45.84,44.76,45.58,4580200,38.52
2008-08-13,45.56,45.88,44.83,45.34,5379700,38.31
2008-08-12,45.96,46.51,45.60,45.91,5263100,38.79
2008-08-11,46.69,47.20,46.17,46.56,5333600,39.34
2008-08-08,45.69,46.81,45.57,46.69,5153700,39.45
2008-08-07,46.61,46.61,45.47,45.70,5296900,38.62
2008-08-06,47.75,47.75,46.40,46.66,4656600,39.43
2008-08-05,46.51,47.26,46.26,47.06,6053900,39.77
2008-08-04,45.79,46.37,45.46,45.96,4300100,38.84
2008-08-01,46.09,46.24,45.35,45.96,4135000,38.84
2008-07-31,46.03,46.96,45.98,46.22,4431600,39.06
2008-07-30,46.40,47.25,45.88,46.59,5363800,39.37
2008-07-29,45.17,46.05,44.82,46.00,6339100,38.87
2008-07-28,45.36,45.93,44.75,44.83,4800300,37.88
2008-07-25,45.46,46.38,45.27,45.58,4459800,38.52
2008-07-24,44.38,47.56,44.13,45.34,7103100,38.31
2008-07-23,45.75,46.75,45.42,46.17,7023600,39.01
2008-07-22,43.52,45.70,43.36,45.61,6063800,38.54
2008-07-21,45.00,45.15,44.13,44.33,4260500,37.46
2008-07-18,44.88,45.29,44.01,45.09,5423700,38.10
2008-07-17,45.21,45.56,44.06,44.98,6567100,38.01
2008-07-16,42.97,44.89,42.57,44.82,5895000,37.87
2008-07-15,43.11,44.22,42.51,42.84,6203600,36.20
2008-07-14,44.59,44.95,43.45,43.53,6268400,36.78
2008-07-11,44.47,45.05,43.69,44.15,6346600,37.31
2008-07-10,45.41,45.54,44.43,44.90,7539500,37.94
2008-07-09,47.07,47.12,45.75,45.82,6369700,38.72
2008-07-08,46.17,47.19,45.93,47.10,6770900,39.80
2008-07-07,47.18,47.68,45.97,46.23,4455200,39.06
2008-07-03,47.03,47.60,46.76,47.00,3344000,39.72
2008-07-02,46.52,47.05,46.20,46.73,4933600,39.49
2008-07-01,45.30,46.34,45.25,46.26,5065900,39.09
2008-06-30,46.51,46.63,45.49,45.59,5833800,38.52
2008-06-27,46.82,47.02,46.40,46.52,5024700,39.31
2008-06-26,47.09,47.74,46.65,46.72,5252100,39.48
2008-06-25,47.43,48.17,47.36,47.55,4512700,40.18
2008-06-24,47.30,47.94,47.10,47.46,4034200,40.10
2008-06-23,48.04,48.28,47.51,47.56,4004100,40.19
2008-06-20,48.46,48.89,47.79,47.89,6943300,40.47
2008-06-19,48.59,49.16,48.10,48.65,4694200,41.11
2008-06-18,49.28,49.35,48.45,48.80,4566700,41.24
2008-06-17,50.10,50.20,49.38,49.38,3785800,41.73
2008-06-16,49.66,50.07,49.29,49.85,3108800,42.12
2008-06-13,50.07,50.19,49.11,49.89,4721800,42.16
2008-06-12,49.68,50.47,49.35,49.78,4228900,42.06
2008-06-11,50.19,50.19,49.29,49.31,4627400,41.67
2008-06-10,49.75,50.79,49.65,50.19,3749000,42.41
2008-06-09,50.17,50.58,49.71,50.14,3446200,42.37
2008-06-06,50.62,50.90,49.94,50.03,5137600,42.28
2008-06-05,50.69,51.21,50.39,51.14,5504900,43.21
2008-06-04,50.35,50.92,50.14,50.37,4541400,42.56
2008-06-03,51.12,51.30,50.13,50.58,5376900,42.74
2008-06-02,50.52,51.07,50.39,50.95,4151800,43.05
2008-05-30,51.25,51.35,50.69,50.94,3898000,43.04
2008-05-29,50.35,51.55,50.31,51.23,4518200,43.29
2008-05-28,50.43,50.50,49.94,50.44,4693700,42.62
2008-05-27,50.04,50.67,49.85,50.38,4029800,42.22
2008-05-23,50.15,50.32,49.79,49.92,3779100,41.84
2008-05-22,49.44,50.25,49.26,50.20,3266000,42.07
2008-05-21,49.80,50.30,49.42,49.47,3340000,41.46
2008-05-20,49.73,50.00,49.67,49.78,3061500,41.72
2008-05-19,49.99,50.34,49.90,50.07,3747000,41.97
2008-05-16,50.44,50.44,49.80,50.07,4361400,41.97
2008-05-15,50.15,50.64,49.72,50.53,2325200,42.35
2008-05-14,50.07,50.51,49.69,50.21,3381000,42.08
2008-05-13,49.93,49.97,49.35,49.69,3582800,41.65
2008-05-12,49.41,49.76,49.05,49.69,2858600,41.65
2008-05-09,49.07,49.56,48.85,49.38,4910200,41.39
2008-05-08,50.05,50.15,48.73,49.46,6118900,41.45
2008-05-07,51.06,51.06,49.55,49.73,4753900,41.68
2008-05-06,50.64,51.24,50.51,51.13,3621600,42.85
2008-05-05,51.91,51.91,50.95,51.13,3303500,42.85
2008-05-02,52.00,52.16,51.50,51.89,2833700,43.49
2008-05-01,50.20,51.99,50.20,51.64,4556100,43.28
2008-04-30,50.66,51.09,50.20,50.36,3878500,42.21
2008-04-29,50.07,50.81,49.88,50.66,3934600,42.46
2008-04-28,49.80,50.50,49.80,50.16,3332300,42.04
2008-04-25,50.21,50.32,49.30,50.01,3621900,41.91
2008-04-24,48.11,50.22,48.11,49.93,5974200,41.85
2008-04-23,50.01,50.10,48.20,48.63,5025200,40.76
2008-04-22,49.47,49.61,48.84,49.05,3122800,41.11
2008-04-21,49.99,50.03,49.32,49.58,3361900,41.55
2008-04-18,50.61,50.61,49.95,50.17,5424800,42.05
2008-04-17,49.21,50.11,49.21,49.87,2969600,41.80
2008-04-16,48.86,49.50,48.70,49.46,4018900,41.45
2008-04-15,48.05,48.58,47.67,48.55,2853500,40.69
2008-04-14,48.09,48.12,47.60,47.85,2594800,40.10
2008-04-11,47.92,48.99,47.92,48.20,2991800,40.40
2008-04-10,48.33,48.93,47.97,48.59,2665300,40.72
2008-04-09,48.70,48.95,48.31,48.42,2473700,40.58
2008-04-08,49.10,49.16,48.56,48.70,2540200,40.82
2008-04-07,49.53,49.76,48.83,49.46,2814000,41.45
2008-04-04,49.16,49.55,48.71,48.98,3320300,41.05
2008-04-03,49.46,49.69,48.94,49.18,3116700,41.22
2008-04-02,49.73,50.32,49.54,49.83,3664800,41.76
2008-04-01,48.80,49.89,48.56,49.78,4868500,41.72
2008-03-31,47.46,48.50,47.46,48.06,2952600,40.28
2008-03-28,48.21,48.65,47.49,47.57,2608900,39.87
2008-03-27,49.45,49.46,47.92,48.07,4376900,40.29
2008-03-26,47.81,48.21,47.54,47.61,3086600,39.90
2008-03-25,47.83,48.47,47.26,48.17,3326200,40.37
2008-03-24,48.46,49.30,47.64,48.01,4496800,40.24
2008-03-20,46.87,48.29,46.75,48.17,5319000,40.37
2008-03-19,48.08,48.74,46.50,46.52,6681900,38.99
2008-03-18,46.37,48.00,46.31,47.94,6411900,40.18
2008-03-17,44.56,46.57,44.56,45.97,5244700,38.53
2008-03-14,47.18,47.30,45.44,45.74,4678700,38.34
2008-03-13,45.93,47.23,45.69,47.00,5678700,39.39
2008-03-12,48.39,48.39,46.70,46.71,4950100,39.15
2008-03-11,48.16,48.75,47.27,48.51,4373300,40.31
2008-03-10,46.98,47.60,46.62,47.01,4867700,39.07
2008-03-07,46.54,47.69,46.23,47.03,4272600,39.08
2008-03-06,47.43,47.64,46.68,46.71,3529100,38.82
2008-03-05,48.00,48.65,47.27,47.75,4043000,39.68
2008-03-04,47.73,48.13,47.21,47.95,4746800,39.85
2008-03-03,47.55,48.00,46.78,47.84,4619400,39.76
2008-02-29,47.95,48.70,47.57,47.73,5295600,39.67
2008-02-28,49.20,49.55,48.36,48.58,3324400,40.37
2008-02-27,48.70,49.96,48.70,49.53,4696200,41.16
2008-02-26,47.86,49.15,47.86,48.82,3746100,40.57
2008-02-25,47.58,48.29,47.06,48.18,2878000,40.04
2008-02-22,46.99,47.64,46.26,47.64,3095800,39.59
2008-02-21,47.19,47.55,46.82,46.85,2682800,38.93
2008-02-20,46.36,47.34,46.00,47.12,3316300,39.16
2008-02-19,46.62,47.00,46.08,46.67,3635300,38.78
2008-02-15,46.43,46.51,45.66,46.18,7368500,38.38
2008-02-14,46.92,47.61,46.17,46.58,6197800,38.71
2008-02-13,46.54,47.10,45.85,47.00,4452500,39.06
2008-02-12,45.57,46.54,45.40,46.10,5343400,38.31
2008-02-11,46.56,46.60,45.30,45.72,5212300,38.00
2008-02-08,47.51,47.51,46.44,46.57,4540000,38.70
2008-02-07,46.69,48.06,46.69,47.67,11440900,39.62
2008-02-06,47.80,48.17,46.79,47.04,5866200,39.09
2008-02-05,48.38,48.62,47.57,47.57,5174300,39.53
2008-02-04,49.40,49.40,48.46,48.66,4078600,40.44
2008-02-01,49.38,49.56,48.54,49.42,5638200,41.07
2008-01-31,47.75,49.89,47.50,49.22,9127400,40.90
2008-01-30,50.98,51.02,48.30,48.49,9797300,40.30
2008-01-29,52.47,52.90,51.79,52.25,5542700,43.42
2008-01-28,50.60,52.67,50.26,52.67,4840900,43.77
2008-01-25,52.58,52.58,49.94,50.45,5060100,41.93
2008-01-24,51.62,52.38,50.58,52.07,6077900,43.27
2008-01-23,47.77,51.40,47.25,51.30,7351400,42.63
2008-01-22,46.26,49.63,46.26,49.12,6497300,40.82
2008-01-18,49.82,50.00,47.69,48.46,5807600,40.27
2008-01-17,50.87,50.97,49.41,49.58,5529300,41.20
2008-01-16,51.00,51.94,49.95,50.93,5312300,42.33
2008-01-15,51.65,51.90,50.83,51.17,3557200,42.52
2008-01-14,51.80,52.45,51.51,52.20,2995600,43.38
2008-01-11,51.43,52.09,50.70,51.49,3419000,42.79
2008-01-10,50.76,52.69,50.59,51.80,5067700,43.05
2008-01-09,50.46,51.21,50.13,51.21,4606600,42.56
2008-01-08,51.28,51.68,50.31,50.50,4297600,41.97
2008-01-07,51.48,51.62,50.53,51.12,4457700,42.48
2008-01-04,51.84,51.94,50.85,51.08,4124200,42.45
2008-01-03,51.22,51.54,50.75,51.03,3019300,42.41
2008-01-02,52.25,52.44,50.99,51.15,3762300,42.51
