Date,Open,High,Low,Close,Volume,Adj Close
2013-12-31,112.53,113.11,111.40,111.78,1178800,111.05
2013-12-30,112.48,113.32,112.47,112.59,422700,111.86
2013-12-27,113.87,113.99,112.95,113.43,476700,111.99
2013-12-26,112.93,113.83,112.77,113.66,483100,112.21
2013-12-24,112.61,113.54,112.35,112.79,452000,111.36
2013-12-23,111.74,112.61,111.16,112.52,692400,111.09
2013-12-20,111.21,112.26,111.10,111.30,1453000,109.88
2013-12-19,107.05,111.05,106.51,110.92,2244100,109.51
2013-12-18,107.88,107.99,105.74,107.28,1882800,105.92
2013-12-17,107.50,108.35,106.79,107.40,1315400,106.03
2013-12-16,108.01,108.65,107.07,107.30,860400,105.94
2013-12-13,107.59,108.26,107.39,107.72,686100,106.35
2013-12-12,106.72,107.75,106.13,107.48,697800,106.11
2013-12-11,108.94,108.97,106.74,106.83,702800,105.47
2013-12-10,108.49,109.77,108.44,109.10,625500,107.71
2013-12-09,109.36,109.51,108.67,109.18,833100,107.79
2013-12-06,107.81,109.55,107.45,109.51,762200,108.12
2013-12-05,107.00,107.35,106.18,106.51,674100,105.16
2013-12-04,107.00,107.80,106.45,107.45,725600,106.08
2013-12-03,107.50,107.50,106.31,107.16,991000,105.80
2013-12-02,108.95,109.18,107.50,107.69,1109700,106.32
2013-11-29,109.10,109.75,108.58,108.83,282400,107.45
2013-11-27,109.05,109.62,108.65,109.12,722400,107.73
2013-11-26,109.26,109.70,108.72,108.85,1079100,107.47
2013-11-25,111.17,111.61,109.51,109.72,670400,108.32
2013-11-22,110.00,111.42,109.25,111.17,1106700,109.76
2013-11-21,109.97,110.16,109.13,109.71,1009700,108.31
2013-11-20,109.99,110.35,109.25,109.60,861900,108.21
2013-11-19,109.94,110.64,109.50,110.09,898100,108.69
2013-11-18,110.54,110.93,109.61,109.94,839400,108.54
2013-11-15,109.02,110.69,108.81,110.59,1049400,109.18
2013-11-14,108.36,108.78,107.79,108.67,1048600,107.29
2013-11-13,107.73,108.41,107.43,108.04,1213400,106.67
2013-11-12,109.10,109.19,107.91,107.97,1025300,106.60
2013-11-11,109.50,109.88,108.85,109.09,874500,107.70
2013-11-08,108.25,109.63,108.10,109.45,890600,108.06
2013-11-07,109.78,109.88,108.02,108.26,1503600,106.88
2013-11-06,109.46,110.10,109.15,109.92,711700,108.52
2013-11-05,108.44,109.39,107.74,109.12,643600,107.73
2013-11-04,108.12,108.90,107.79,108.77,773500,107.39
2013-11-01,108.95,109.75,107.59,108.00,1140400,106.63
2013-10-31,107.30,109.39,106.40,109.01,1526700,107.62
2013-10-30,107.83,109.76,106.99,107.20,1746400,105.84
2013-10-29,108.21,109.40,107.00,107.47,2337500,106.10
2013-10-28,111.53,111.58,108.79,109.54,1626400,108.15
2013-10-25,111.16,111.87,110.65,111.73,896700,110.31
2013-10-24,110.65,111.73,110.53,111.38,715700,109.96
2013-10-23,111.68,111.94,110.06,110.65,719900,109.24
2013-10-22,111.23,111.95,111.08,111.73,744300,110.31
2013-10-21,109.98,110.99,109.91,110.66,545300,109.25
2013-10-18,110.21,110.51,109.48,110.19,1540900,108.79
2013-10-17,108.89,110.10,108.57,109.87,886600,108.47
2013-10-16,109.05,109.69,108.43,109.09,822600,107.70
2013-10-15,108.72,109.25,107.83,108.10,1039700,106.72
2013-10-14,107.62,109.33,107.52,109.17,682800,107.78
2013-10-11,108.29,108.75,107.34,108.72,1136900,107.34
2013-10-10,105.11,108.00,105.00,107.80,1847600,106.43
2013-10-09,102.83,104.41,102.42,103.99,1313700,102.67
2013-10-08,104.72,104.76,102.23,102.58,1657300,101.28
2013-10-07,105.79,106.18,104.55,104.62,1141900,103.29
2013-10-04,105.45,106.56,105.10,106.31,1228700,104.96
2013-10-03,107.16,107.35,105.16,105.43,1678700,104.09
2013-10-02,106.88,107.64,105.78,107.16,1257300,105.80
2013-10-01,105.72,107.92,105.20,107.11,1432600,105.75
2013-09-30,106.16,107.16,106.00,106.57,1025900,105.21
2013-09-27,107.64,108.26,106.95,107.00,1338500,105.64
2013-09-26,109.83,114.75,109.02,109.78,3485200,107.68
2013-09-25,107.70,108.09,106.91,107.32,654200,105.27
2013-09-24,107.30,108.06,107.05,107.21,683800,105.16
2013-09-23,108.14,108.90,107.06,107.42,923500,105.37
2013-09-20,110.02,110.96,108.57,108.57,1924200,106.50
2013-09-19,109.47,111.40,109.47,110.02,1105200,107.92
2013-09-18,106.65,109.50,106.16,109.37,1124600,107.28
2013-09-17,107.73,107.89,106.26,106.54,2141200,104.50
2013-09-16,107.41,108.75,106.73,107.99,1212000,105.93
2013-09-13,105.86,106.37,105.50,106.15,528000,104.12
2013-09-12,106.01,106.70,105.56,105.73,506000,103.71
2013-09-11,106.21,106.60,105.58,106.28,529300,104.25
2013-09-10,106.12,106.70,105.66,106.20,757000,104.17
2013-09-09,103.48,105.79,103.12,105.74,900000,103.72
2013-09-06,104.01,104.37,102.87,102.99,913600,101.02
2013-09-05,103.83,104.24,103.26,103.84,620300,101.86
2013-09-04,102.87,103.96,102.40,103.87,667200,101.89
2013-09-03,103.30,103.67,102.03,102.91,768200,100.94
2013-08-30,102.53,102.69,101.49,102.14,945300,100.19
2013-08-29,101.30,103.70,101.14,102.44,692900,100.48
2013-08-28,101.61,102.00,101.17,101.47,689600,99.53
2013-08-27,102.66,103.10,101.75,101.86,826400,99.91
2013-08-26,104.14,104.50,103.19,103.32,666400,101.35
2013-08-23,103.02,104.16,102.62,104.00,824100,102.01
2013-08-22,102.14,103.71,101.58,102.98,765500,101.01
2013-08-21,102.00,102.37,101.32,101.70,1406800,99.76
2013-08-20,101.32,102.41,100.94,102.23,1641000,100.28
2013-08-19,100.60,101.82,100.58,101.52,2043400,99.58
2013-08-16,101.00,101.35,99.76,100.89,2261000,98.96
2013-08-15,101.96,102.04,100.85,101.44,1460800,99.50
2013-08-14,103.82,104.20,102.49,102.78,1037600,100.82
2013-08-13,103.57,104.24,103.40,103.95,1194000,101.96
2013-08-12,105.91,105.91,102.64,103.20,2590800,101.23
2013-08-09,106.38,107.49,106.33,106.70,739500,104.66
2013-08-08,107.22,107.92,106.23,106.62,1250200,104.58
2013-08-07,106.69,107.41,106.04,106.76,1278300,104.72
2013-08-06,107.08,107.98,106.72,106.87,1338800,104.83
2013-08-05,108.08,108.08,106.83,107.83,1120200,105.77
2013-08-02,106.80,107.02,105.69,106.95,2186300,104.91
2013-08-01,109.49,111.00,106.39,107.25,4553900,105.20
2013-07-31,108.78,109.98,107.52,108.64,6709600,106.56
2013-07-30,104.83,105.75,104.15,105.61,1540400,103.59
2013-07-29,104.28,104.70,102.75,104.64,2316200,102.64
2013-07-26,106.61,106.99,103.89,104.12,7715500,102.13
2013-07-25,102.02,108.66,101.89,107.11,8087900,105.06
2013-07-24,100.44,100.65,99.69,100.56,1710900,98.64
2013-07-23,101.03,101.03,97.89,100.65,4193100,98.73
2013-07-22,96.73,97.90,96.72,97.88,3521000,96.01
2013-07-19,96.89,97.20,96.03,96.99,1601900,95.14
2013-07-18,96.79,97.47,96.18,96.88,1214800,95.03
2013-07-17,96.00,96.47,95.81,96.37,1244100,94.53
2013-07-16,95.99,95.99,94.80,95.50,1708000,93.68
2013-07-15,96.62,96.75,96.15,96.61,1141200,94.76
2013-07-12,97.04,97.09,96.09,96.65,1238600,94.80
2013-07-11,97.61,97.66,96.60,97.01,1629800,95.16
2013-07-10,95.70,96.70,94.86,96.53,2349800,94.69
2013-07-09,92.80,96.17,92.77,95.96,4251200,94.13
2013-07-08,91.75,92.56,91.38,92.35,1579500,90.59
2013-07-05,92.26,92.43,91.28,91.88,987900,90.12
2013-07-03,90.61,92.17,90.12,91.39,1436500,89.64
2013-07-02,92.13,93.60,90.47,90.75,4446400,89.02
2013-07-01,91.51,95.02,90.60,93.51,3382000,91.72
2013-06-28,92.67,93.17,91.31,91.57,3032700,89.82
2013-06-27,94.48,94.77,92.37,92.78,2878500,91.01
2013-06-26,95.68,96.40,95.40,96.13,1406400,93.60
2013-06-25,94.22,94.83,93.92,94.61,1862100,92.12
2013-06-24,93.64,94.04,92.61,93.55,1893900,91.08
2013-06-21,94.29,94.80,93.62,94.59,2390900,92.10
2013-06-20,95.38,95.71,94.14,94.28,1962600,91.80
2013-06-19,96.72,97.12,96.12,96.16,1321600,93.63
2013-06-18,96.55,96.74,96.14,96.58,1298400,94.04
2013-06-17,96.64,96.88,96.25,96.57,1752500,94.03
2013-06-14,95.73,96.59,95.25,96.35,2300600,93.81
2013-06-13,94.68,95.60,94.31,95.34,1392500,92.83
2013-06-12,95.36,95.50,94.71,94.79,2143600,92.29
2013-06-11,94.11,95.35,93.75,94.90,1480600,92.40
2013-06-10,95.10,95.30,94.75,94.99,1108900,92.49
2013-06-07,94.88,95.14,94.00,95.09,1415800,92.58
2013-06-06,94.19,94.66,93.76,94.55,1804600,92.06
2013-06-05,95.07,95.52,94.10,94.10,2153200,91.62
2013-06-04,94.50,95.54,94.34,95.39,1443500,92.88
2013-06-03,94.39,94.80,93.98,94.77,1422500,92.27
2013-05-31,94.51,95.27,94.21,94.41,1642100,91.92
2013-05-30,94.85,95.10,94.43,94.89,703600,92.39
2013-05-29,94.23,95.06,94.02,94.63,891600,92.14
2013-05-28,94.97,95.16,94.34,94.71,834900,92.21
2013-05-24,93.71,94.06,93.26,93.93,916900,91.45
2013-05-23,93.47,94.38,93.11,94.17,1379000,91.69
2013-05-22,94.75,96.15,94.53,95.12,1973700,92.61
2013-05-21,95.00,95.49,94.54,94.86,673100,92.36
2013-05-20,94.08,95.41,94.06,94.81,1124100,92.31
2013-05-17,93.00,94.49,92.87,94.33,1060200,91.84
2013-05-16,92.10,92.96,92.03,92.77,972000,90.33
2013-05-15,91.42,92.45,90.92,92.38,1248300,89.95
2013-05-14,90.97,91.64,90.57,91.59,890400,89.18
2013-05-13,90.97,91.21,90.50,90.84,640700,88.45
2013-05-10,91.18,91.42,90.52,91.21,956400,88.81
2013-05-09,90.91,91.38,90.68,91.01,1142600,88.61
2013-05-08,89.88,91.17,89.70,91.15,989400,88.75
2013-05-07,89.59,90.19,89.29,90.03,938800,87.66
2013-05-06,90.00,90.00,88.53,89.38,1211800,87.02
2013-05-03,89.99,90.22,89.51,89.80,1911100,87.43
2013-05-02,88.95,90.90,87.54,89.04,5213700,86.69
2013-05-01,86.69,86.77,85.63,85.69,654700,83.43
2013-04-30,86.52,86.96,86.03,86.96,768000,84.67
2013-04-29,85.93,86.67,85.59,86.54,695800,84.26
2013-04-26,86.00,86.08,85.45,85.59,581500,83.33
2013-04-25,85.62,86.69,85.33,86.01,835900,83.74
2013-04-24,85.41,86.18,85.31,85.80,1706300,83.54
2013-04-23,85.72,86.40,84.53,85.18,2129300,82.94
2013-04-22,85.71,86.51,85.64,86.29,837400,84.02
2013-04-19,85.08,85.92,85.08,85.71,1613500,83.45
2013-04-18,86.08,86.38,84.66,84.85,1060600,82.61
2013-04-17,86.06,86.46,85.48,85.78,1220200,83.52
2013-04-16,85.16,86.58,85.16,86.50,930900,84.22
2013-04-15,86.45,86.63,84.85,84.86,2013800,82.62
2013-04-12,87.02,87.20,86.43,86.93,1084500,84.64
2013-04-11,86.43,87.32,86.23,87.24,1231600,84.94
2013-04-10,86.20,86.43,85.86,86.34,1277900,84.06
2013-04-09,85.97,86.40,85.38,86.00,667600,83.73
2013-04-08,85.20,85.68,84.71,85.65,498700,83.39
2013-04-05,84.58,85.18,84.06,85.13,665700,82.89
2013-04-04,84.45,85.40,84.32,85.37,781000,83.12
2013-04-03,85.14,85.20,84.04,84.28,1104800,82.06
2013-04-02,85.96,86.07,84.70,85.01,965900,82.77
2013-04-01,86.69,86.83,85.24,85.51,1277100,83.26
2013-03-28,86.30,87.27,86.06,87.12,1339900,84.82
2013-03-27,86.54,86.55,85.65,86.28,983400,84.01
2013-03-26,87.79,88.07,87.45,87.92,748800,84.91
2013-03-25,87.99,88.14,87.15,87.47,977900,84.48
2013-03-22,87.77,88.04,87.23,87.52,836900,84.53
2013-03-21,87.88,87.95,86.58,87.10,1396900,84.12
2013-03-20,88.59,89.09,88.33,88.84,889200,85.80
2013-03-19,88.95,89.28,87.66,88.21,839600,85.19
2013-03-18,89.23,89.28,88.50,88.92,942700,85.88
2013-03-15,89.56,90.34,89.34,90.17,1904300,87.09
2013-03-14,89.20,89.90,89.00,89.90,658500,86.82
2013-03-13,88.91,89.12,88.08,89.00,681700,85.96
2013-03-12,88.83,89.31,88.44,88.91,702500,85.87
2013-03-11,88.84,89.03,88.16,88.83,888600,85.79
2013-03-08,88.27,89.23,88.11,89.10,1205500,86.05
2013-03-07,86.87,87.94,86.68,87.85,904200,84.84
2013-03-06,87.20,87.28,86.62,86.71,649600,83.74
2013-03-05,86.75,87.72,86.63,86.90,867000,83.93
2013-03-04,86.12,86.53,85.57,86.34,577800,83.39
2013-03-01,85.85,86.65,85.32,86.34,739900,83.39
2013-02-28,85.48,86.83,85.44,86.34,1195100,83.39
2013-02-27,84.43,85.94,84.27,85.56,1039500,82.63
2013-02-26,84.59,84.93,84.15,84.34,1235500,81.45
2013-02-25,86.49,86.51,84.22,84.23,997600,81.35
2013-02-22,86.02,86.10,85.32,86.09,1368500,83.14
2013-02-21,87.21,87.75,85.00,85.67,2002900,82.74
2013-02-20,88.64,88.80,87.55,87.61,1276000,84.61
2013-02-19,88.63,89.13,88.18,88.70,558900,85.67
2013-02-15,88.71,88.80,87.96,88.23,800400,85.21
2013-02-14,88.49,88.87,88.03,88.69,660900,85.66
2013-02-13,88.94,89.05,88.35,88.78,856600,85.74
2013-02-12,88.43,88.88,87.79,88.83,929100,85.79
2013-02-11,88.47,88.74,88.11,88.42,744600,85.39
2013-02-08,87.55,88.49,87.33,88.35,782000,85.33
2013-02-07,87.66,87.66,86.77,87.36,610600,84.37
2013-02-06,87.31,87.65,86.96,87.50,1012000,84.51
2013-02-05,87.62,88.12,87.40,87.49,819700,84.50
2013-02-04,88.14,88.35,87.08,87.14,796700,84.16
2013-02-01,88.15,88.98,88.05,88.73,888400,85.69
2013-01-31,87.72,88.20,87.37,87.43,1096400,84.44
2013-01-30,88.70,88.96,87.88,87.99,681800,84.98
2013-01-29,88.14,89.15,87.99,88.88,1014800,85.84
2013-01-28,88.33,88.42,87.67,88.01,951400,85.00
2013-01-25,88.50,88.73,87.94,88.36,1024200,85.34
2013-01-24,88.08,88.69,87.35,88.23,1176800,85.21
2013-01-23,89.45,89.99,87.58,88.44,1958900,85.41
2013-01-22,88.74,89.61,88.28,89.40,1042100,86.34
2013-01-18,88.57,88.86,87.79,88.69,1161400,85.66
2013-01-17,87.66,88.96,87.48,88.42,843800,85.39
2013-01-16,87.30,87.81,86.68,87.29,693900,84.30
2013-01-15,87.59,88.00,87.32,87.70,475500,84.70
2013-01-14,88.24,88.40,87.66,87.99,534800,84.98
2013-01-11,88.06,88.40,87.45,88.37,747500,85.35
2013-01-10,88.25,88.25,87.16,87.88,673700,84.87
2013-01-09,86.91,88.11,86.62,87.96,1431300,84.95
2013-01-08,86.58,86.81,85.53,86.79,1319000,83.82
2013-01-07,86.38,86.72,85.74,86.63,831400,83.67
2013-01-04,85.86,86.81,85.69,86.71,973000,83.74
2013-01-03,85.96,86.40,85.33,85.56,708900,82.63
2013-01-02,85.46,85.94,85.04,85.86,1214500,82.92
2012-12-31,82.39,84.05,82.00,84.02,809300,81.15
2012-12-28,84.06,84.10,82.89,82.93,811500,80.09
2012-12-27,85.89,85.91,83.70,84.80,1216300,81.28
2012-12-26,85.38,86.31,85.19,85.75,1015400,82.19
2012-12-24,84.56,85.31,84.03,85.26,488000,81.72
2012-12-21,84.64,85.05,84.06,84.28,1645900,80.78
2012-12-20,83.91,85.05,83.84,85.05,1006700,81.52
2012-12-19,84.59,84.85,83.77,83.77,958200,80.29
2012-12-18,83.54,84.73,83.01,84.47,888000,80.96
2012-12-17,82.65,83.55,82.58,83.36,760000,79.90
2012-12-14,83.02,83.30,82.47,82.55,792300,79.12
2012-12-13,82.65,83.15,82.49,82.95,690200,79.51
2012-12-12,83.71,83.80,82.40,82.56,903600,79.13
2012-12-11,83.26,83.81,83.01,83.24,893700,79.79
2012-12-10,83.02,83.20,82.76,83.11,608800,79.66
2012-12-07,82.05,83.08,81.55,83.06,1113300,79.61
2012-12-06,82.01,82.21,81.44,82.15,1243700,78.74
2012-12-05,81.62,82.20,81.35,81.99,985000,78.59
2012-12-04,81.16,82.18,81.16,81.70,935500,78.31
2012-12-03,83.20,83.39,81.43,81.57,1083500,78.18
2012-11-30,82.50,83.19,82.41,82.94,1379200,79.50
2012-11-29,82.64,83.25,82.10,82.35,1591700,78.93
2012-11-28,82.39,82.87,81.89,82.45,1575800,79.03
2012-11-27,83.29,83.34,82.68,82.87,1270400,79.43
2012-11-26,82.73,83.34,82.68,83.34,972400,79.88
2012-11-23,82.35,83.07,82.19,83.04,362100,79.59
2012-11-21,82.06,82.10,81.63,81.94,758800,78.54
2012-11-20,80.60,81.63,80.60,81.61,806500,78.22
2012-11-19,80.57,80.93,80.28,80.87,1632800,77.51
2012-11-16,79.94,80.32,79.30,80.00,1682800,76.68
2012-11-15,80.17,80.66,79.50,79.85,1303400,76.54
2012-11-14,80.73,80.82,79.84,80.23,1594900,76.90
2012-11-13,80.55,81.24,80.29,80.54,1780600,77.20
2012-11-12,79.93,80.32,79.59,79.95,913900,76.63
2012-11-09,79.01,80.17,79.01,79.73,1339000,76.42
2012-11-08,79.45,80.11,79.05,79.15,2135200,75.87
2012-11-07,78.90,79.82,78.63,79.46,1935100,76.16
2012-11-06,78.85,80.48,78.50,79.75,1428600,76.44
2012-11-05,77.90,78.92,77.70,78.75,1447700,75.48
2012-11-02,78.26,79.18,77.00,78.15,2346800,74.91
2012-11-01,78.07,79.37,77.11,78.19,2387700,74.95
2012-10-31,78.38,78.62,77.11,77.53,1317400,74.31
2012-10-26,77.40,78.09,77.04,77.92,868900,74.69
2012-10-25,77.95,78.18,77.01,77.73,837600,74.50
2012-10-24,77.65,77.96,76.78,77.09,1867300,73.89
2012-10-23,77.63,78.30,77.05,77.28,2745700,74.07
2012-10-22,79.34,79.39,77.27,78.96,3104300,75.68
2012-10-19,82.95,83.25,79.72,79.99,5088100,76.67
2012-10-18,84.85,85.95,84.41,85.35,1478700,81.81
2012-10-17,84.41,85.33,84.41,84.95,952700,81.42
2012-10-16,82.99,84.65,82.59,84.61,731800,81.10
2012-10-15,82.45,82.56,82.00,82.29,718300,78.87
2012-10-12,82.00,82.84,81.60,82.00,642300,78.60
2012-10-11,82.50,82.73,81.96,81.97,389800,78.57
2012-10-10,82.97,82.97,81.81,82.02,870400,78.62
2012-10-09,83.98,84.11,82.95,82.96,624900,79.52
2012-10-08,83.50,84.04,83.22,83.88,428600,80.40
2012-10-05,84.01,84.59,83.55,83.90,697700,80.42
2012-10-04,83.22,83.60,82.74,83.39,624700,79.93
2012-10-03,82.63,82.89,82.20,82.73,541800,79.30
2012-10-02,82.95,83.45,82.25,82.67,628100,79.24
2012-10-01,82.53,83.75,82.25,82.85,886100,79.41
2012-09-28,82.40,82.79,81.99,82.70,787500,79.27
2012-09-27,82.96,83.14,82.37,82.65,804400,79.22
2012-09-26,83.03,83.29,82.32,83.18,1194600,79.11
2012-09-25,84.14,84.57,83.31,83.35,688000,79.28
2012-09-24,84.19,84.30,83.52,83.94,656700,79.84
2012-09-21,85.30,85.35,84.44,84.51,1334800,80.38
2012-09-20,84.78,85.12,84.38,85.05,727400,80.89
2012-09-19,85.45,85.50,84.82,85.24,643600,81.07
2012-09-18,85.53,85.68,84.84,85.33,547900,81.16
2012-09-17,85.45,85.83,85.26,85.62,802400,81.44
2012-09-14,84.24,85.68,83.82,85.49,1069700,81.31
2012-09-13,83.31,84.84,82.87,84.29,987500,80.17
2012-09-12,84.00,84.18,83.04,83.39,974400,79.31
2012-09-11,83.45,84.34,83.33,83.99,830900,79.88
2012-09-10,83.55,83.95,83.20,83.23,720100,79.16
2012-09-07,83.71,84.16,83.12,83.61,942400,79.52
2012-09-06,82.52,83.87,82.52,83.52,924300,79.44
2012-09-05,81.40,82.30,81.40,82.11,890200,78.10
2012-09-04,82.46,82.81,81.16,81.49,1064800,77.51
2012-08-31,82.30,82.76,81.84,82.58,685700,78.54
2012-08-30,81.91,82.13,81.39,81.76,709700,77.76
2012-08-29,82.40,82.69,81.79,82.03,1217200,78.02
2012-08-28,82.35,82.61,81.98,82.26,655200,78.24
2012-08-27,83.54,83.71,82.44,82.54,580000,78.51
2012-08-24,83.40,83.50,82.91,83.33,618700,79.26
2012-08-23,84.89,84.89,83.38,83.51,592500,79.43
2012-08-22,84.06,85.00,83.40,85.00,1032800,80.85
2012-08-21,84.76,85.00,84.13,84.44,775600,80.31
2012-08-20,84.25,84.63,84.10,84.57,717900,80.44
2012-08-17,84.94,85.17,84.20,84.42,959900,80.29
2012-08-16,83.88,84.83,83.63,84.67,731700,80.53
2012-08-15,83.35,83.89,83.10,83.57,630100,79.49
2012-08-14,84.04,84.29,83.20,83.50,922600,79.42
2012-08-13,83.58,83.75,83.03,83.63,386300,79.54
2012-08-10,83.85,83.97,82.91,83.73,905400,79.64
2012-08-09,83.70,84.46,83.29,84.04,925900,79.93
2012-08-08,82.85,84.39,82.74,83.93,710500,79.83
2012-08-07,83.01,83.34,82.56,83.23,648800,79.16
2012-08-06,82.70,83.07,82.31,82.72,533300,78.68
2012-08-03,81.83,82.58,81.10,82.24,776500,78.22
2012-08-02,80.50,80.88,79.39,80.40,947400,76.47
2012-08-01,80.83,81.78,80.58,81.24,1257100,77.27
2012-07-31,80.93,81.03,80.14,80.43,1543700,76.50
2012-07-30,81.22,81.84,80.68,81.34,1140500,77.36
2012-07-27,80.78,81.45,79.88,81.26,2585700,77.29
2012-07-26,80.01,80.66,79.34,79.88,1433600,75.98
2012-07-25,79.24,79.84,78.69,78.91,1754200,75.05
2012-07-24,79.47,80.09,77.61,78.88,1172900,75.02
2012-07-23,79.13,79.92,79.02,79.58,900900,75.69
2012-07-20,80.75,81.09,80.38,80.43,1266400,76.50
2012-07-19,81.74,82.00,80.99,81.50,1123500,77.52
2012-07-18,80.23,81.55,79.84,81.54,1220300,77.55
2012-07-17,79.87,80.29,79.31,80.28,1024800,76.36
2012-07-16,79.60,79.70,78.91,79.45,835700,75.57
2012-07-13,78.13,79.88,78.03,79.84,733900,75.94
2012-07-12,78.00,78.19,77.21,77.72,633200,73.92
2012-07-11,78.90,78.91,78.00,78.61,847700,74.77
2012-07-10,80.35,80.36,78.25,78.63,673000,74.79
2012-07-09,79.78,80.05,79.28,79.63,733900,75.74
2012-07-06,79.12,80.00,78.87,79.82,593800,75.92
2012-07-05,80.00,80.37,79.37,80.06,1033600,76.15
2012-07-03,80.87,80.87,79.69,80.23,846900,76.31
2012-07-02,79.95,80.49,78.69,79.62,1542600,75.73
2012-06-29,79.62,80.75,79.32,80.73,1609600,76.78
2012-06-28,76.46,78.10,76.11,78.05,1451100,74.24
2012-06-27,78.04,78.11,76.96,77.20,1069300,72.82
2012-06-26,77.02,77.45,76.37,77.19,919800,72.81
2012-06-25,77.15,77.43,76.72,76.88,978000,72.52
2012-06-22,78.46,78.57,77.49,77.98,3208400,73.55
2012-06-21,80.27,80.38,77.80,77.86,826800,73.44
2012-06-20,81.61,81.61,79.64,80.03,1063800,75.49
2012-06-19,80.23,81.72,80.19,81.58,1195100,76.95
2012-06-18,79.26,79.92,78.97,79.60,699200,75.08
2012-06-15,78.75,79.65,78.69,79.48,1324900,74.97
2012-06-14,78.44,78.76,77.73,78.45,884700,74.00
2012-06-13,79.02,79.42,78.04,78.26,864200,73.82
2012-06-12,79.62,79.88,78.76,79.34,1145200,74.84
2012-06-11,80.34,80.58,79.07,79.13,964700,74.64
2012-06-08,79.25,79.91,78.73,79.62,1419600,75.10
2012-06-07,79.83,80.81,79.70,80.02,3990200,75.48
2012-06-06,78.16,79.13,78.11,78.75,1285500,74.28
2012-06-05,77.15,78.36,76.92,77.66,1889100,73.25
2012-06-04,77.08,77.61,76.49,77.48,1265500,73.08
2012-06-01,77.78,78.36,76.80,76.88,1540500,72.52
2012-05-31,78.98,79.61,77.90,79.04,1021500,74.55
2012-05-30,80.22,80.91,78.97,79.08,858000,74.59
2012-05-29,80.77,81.25,80.26,81.11,965800,76.51
2012-05-25,80.13,80.65,79.70,79.94,582400,75.40
2012-05-24,80.01,80.46,79.47,80.45,995700,75.88
2012-05-23,79.26,79.76,78.49,79.54,1431200,75.03
2012-05-22,80.33,80.94,79.46,79.90,1104900,75.36
2012-05-21,78.12,80.26,77.84,80.06,1439500,75.52
2012-05-18,79.72,79.92,77.58,77.81,1668500,73.39
2012-05-17,81.12,81.39,79.30,79.34,1159700,74.84
2012-05-16,82.39,82.72,81.02,81.03,949400,76.43
2012-05-15,82.81,83.16,81.65,81.92,751600,77.27
2012-05-14,82.53,83.69,82.03,82.88,993300,78.18
2012-05-11,82.63,83.89,82.52,83.17,1018600,78.45
2012-05-10,84.17,84.25,82.92,83.04,1301100,78.33
2012-05-09,84.28,85.04,83.45,83.48,1591900,78.74
2012-05-08,85.11,85.42,84.26,85.24,1172500,80.40
2012-05-07,84.93,86.22,84.93,85.76,1014800,80.89
2012-05-04,86.10,86.11,85.11,85.52,1879700,80.67
2012-05-03,86.28,86.58,85.67,86.31,1129300,81.41
2012-05-02,85.87,86.34,85.33,86.18,1103500,81.29
2012-05-01,84.82,86.85,84.74,86.12,1436800,81.23
2012-04-30,85.74,85.85,85.05,85.49,1702200,80.64
2012-04-27,85.98,86.26,85.42,85.56,2321100,80.70
2012-04-26,85.44,86.46,85.31,86.29,1126700,81.39
2012-04-25,85.34,85.61,84.93,85.47,1835900,80.62
2012-04-24,85.42,86.58,81.58,84.72,4544200,79.91
2012-04-23,88.59,89.26,88.51,88.73,1433100,83.69
2012-04-20,89.50,90.39,89.21,89.75,1099500,84.66
2012-04-19,88.52,89.47,87.96,89.26,1253700,84.19
2012-04-18,89.71,89.75,88.40,88.43,1196000,83.41
2012-04-17,89.71,90.51,89.17,90.12,744300,85.00
2012-04-16,88.71,89.27,88.09,89.15,929000,84.09
2012-04-13,89.34,89.57,88.21,88.26,1063700,83.25
2012-04-12,87.38,89.66,87.36,89.49,1131300,84.41
2012-04-11,87.72,88.30,87.03,87.34,1386000,82.38
2012-04-10,88.75,89.02,86.91,86.97,2648400,82.03
2012-04-09,89.28,89.78,88.71,88.95,876100,83.90
2012-04-05,90.33,90.93,90.14,90.81,1151400,85.66
2012-04-04,90.90,91.00,90.47,90.58,805700,85.44
2012-04-03,92.62,92.65,91.32,91.76,969200,86.55
2012-04-02,91.83,92.79,91.44,92.68,1161200,87.42
2012-03-30,91.73,92.28,91.29,91.80,1493400,86.59
2012-03-29,90.31,91.68,90.00,91.65,1187200,86.45
2012-03-28,91.57,91.70,90.26,91.13,731000,85.35
2012-03-27,91.70,92.34,91.26,91.71,713500,85.90
2012-03-26,88.84,91.37,88.84,91.33,1169400,85.54
2012-03-23,89.79,90.39,89.26,90.20,892100,84.48
2012-03-22,90.37,90.57,89.08,89.60,1025900,83.92
2012-03-21,91.27,91.64,90.45,90.92,606700,85.16
2012-03-20,91.15,91.35,90.40,91.17,627800,85.39
2012-03-19,92.24,92.40,91.48,92.01,627300,86.18
2012-03-16,91.69,92.31,91.45,91.71,1134700,85.90
2012-03-15,91.24,91.70,90.09,91.62,942600,85.81
2012-03-14,90.79,91.22,90.46,91.14,597500,85.36
2012-03-13,89.55,90.82,89.44,90.74,746300,84.99
2012-03-12,89.29,89.95,89.05,89.33,824200,83.67
2012-03-09,90.10,90.37,89.33,89.44,775600,83.77
2012-03-08,89.39,90.16,89.23,90.01,771600,84.30
2012-03-07,88.98,89.31,88.27,88.89,1140000,83.26
2012-03-06,89.39,89.53,88.15,88.55,1371500,82.94
2012-03-05,91.50,91.50,90.24,90.90,650500,85.14
2012-03-02,91.92,92.48,91.54,91.88,744400,86.06
2012-03-01,90.67,91.88,90.59,91.87,1067900,86.05
2012-02-29,91.51,91.65,89.95,90.24,994800,84.52
2012-02-28,92.01,92.21,90.84,91.24,937000,85.46
2012-02-27,91.63,92.36,91.08,92.01,775100,86.18
2012-02-24,91.86,92.41,91.66,91.94,526700,86.11
2012-02-23,90.97,92.00,90.36,91.91,810200,86.08
2012-02-22,91.83,91.83,90.73,90.85,603700,85.09
2012-02-21,92.44,92.44,91.37,91.75,839700,85.93
2012-02-17,92.00,92.14,91.39,92.06,897400,86.22
2012-02-16,90.69,91.90,90.39,91.89,509600,86.07
2012-02-15,91.00,91.28,90.40,90.73,907800,84.98
2012-02-14,90.42,90.78,89.83,90.78,795800,85.03
2012-02-13,91.08,91.19,90.25,90.52,511300,84.78
2012-02-10,89.91,90.50,89.63,90.40,774100,84.67
2012-02-09,90.91,91.27,90.22,91.05,633500,85.28
2012-02-08,90.14,90.77,89.88,90.74,832900,84.99
2012-02-07,89.56,90.27,89.08,90.04,601100,84.33
2012-02-06,89.86,90.02,89.53,89.93,611100,84.23
2012-02-03,89.84,90.50,89.52,90.40,1284700,84.67
2012-02-02,89.58,89.70,88.52,88.55,812500,82.94
2012-02-01,88.99,89.95,88.87,89.36,1132900,83.70
2012-01-31,88.71,88.90,87.46,88.03,1180200,82.45
2012-01-30,87.44,88.39,87.28,88.33,740500,82.73
2012-01-27,88.08,88.60,87.67,88.19,863000,82.60
2012-01-26,88.24,89.35,87.69,88.16,877900,82.57
2012-01-25,86.98,88.21,86.36,87.74,1294100,82.18
2012-01-24,88.17,88.25,86.69,87.58,2654000,82.03
2012-01-23,90.61,91.48,89.62,89.92,1805700,84.22
2012-01-20,91.51,91.67,90.30,90.65,1796200,84.90
2012-01-19,91.06,92.23,90.37,91.84,1225500,86.02
2012-01-18,90.71,91.72,89.99,91.56,1141200,85.76
2012-01-17,90.11,90.83,89.73,90.44,1243400,84.71
2012-01-13,89.14,89.99,87.92,89.91,999300,84.21
2012-01-12,88.50,90.19,88.27,90.13,1065100,84.42
2012-01-11,87.01,87.95,86.81,87.94,955500,82.37
2012-01-10,87.05,87.50,86.78,87.31,770800,81.78
2012-01-09,86.21,86.85,85.61,86.32,654300,80.85
2012-01-06,86.85,86.85,85.90,86.32,503000,80.85
2012-01-05,86.71,86.97,85.60,86.50,694700,81.02
2012-01-04,86.25,87.50,85.96,87.09,670200,81.57
2012-01-03,86.62,87.14,86.11,86.35,891500,80.88
2011-12-30,85.12,85.46,84.73,85.19,467300,79.79
2011-12-29,84.71,85.32,84.51,84.99,549200,79.60
2011-12-28,86.63,86.63,84.87,84.98,494000,79.05
2011-12-27,85.87,86.63,85.72,86.42,332400,80.39
2011-12-23,85.26,86.09,84.78,86.05,594900,80.05
2011-12-22,84.56,85.14,83.92,84.80,725300,78.88
2011-12-21,85.00,85.52,83.43,84.28,861500,78.40
2011-12-20,83.15,84.87,82.95,84.81,1001800,78.89
2011-12-19,82.73,83.23,81.18,81.40,1056300,75.72
2011-12-16,83.00,83.60,81.78,82.54,1446300,76.78
2011-12-15,81.62,82.38,80.81,82.18,1243500,76.45
2011-12-14,80.41,81.59,80.03,80.48,1069400,74.86
2011-12-13,81.82,83.01,80.22,80.87,1075600,75.23
2011-12-12,82.11,82.11,80.25,81.19,1186400,75.52
2011-12-09,81.86,83.81,81.22,83.22,1448200,77.41
2011-12-08,83.11,83.20,81.56,82.20,1274000,76.46
2011-12-07,82.63,84.08,81.95,83.54,1665000,77.71
2011-12-06,83.48,83.84,82.74,82.82,1017900,77.04
2011-12-05,83.46,84.16,82.57,83.37,1137300,77.55
2011-12-02,83.71,83.88,81.22,81.96,1307800,76.24
2011-12-01,83.71,84.41,82.53,82.64,1087000,76.87
2011-11-30,81.10,83.88,81.10,83.75,1414700,77.91
2011-11-29,79.50,80.11,78.46,78.93,1117300,73.42
2011-11-28,80.19,80.19,78.46,79.12,1140500,73.60
2011-11-25,76.80,77.61,76.64,76.74,414200,71.39
2011-11-23,78.00,78.20,76.76,76.94,1366900,71.57
2011-11-22,78.92,80.11,78.49,78.80,998500,73.30
2011-11-21,79.95,80.19,78.97,79.34,1342200,73.80
2011-11-18,81.27,81.45,80.10,81.08,1271100,75.42
2011-11-17,83.09,83.38,80.39,81.21,1308500,75.54
2011-11-16,84.62,85.46,83.27,83.45,968100,77.63
2011-11-15,85.42,86.24,84.49,85.61,656500,79.64
2011-11-14,86.22,86.44,84.61,85.54,574700,79.57
2011-11-11,85.75,86.98,85.70,86.46,772800,80.43
2011-11-10,84.43,85.11,83.46,84.47,742800,78.58
2011-11-09,85.84,85.84,83.05,83.40,1273600,77.58
2011-11-08,86.47,87.76,85.37,87.53,1026000,81.42
2011-11-07,85.96,86.55,84.40,86.47,1007200,80.44
2011-11-04,85.30,86.21,84.32,85.77,799800,79.79
2011-11-03,86.22,86.60,84.74,86.33,887900,80.31
2011-11-02,84.32,85.49,83.75,84.95,979200,79.02
2011-11-01,82.98,85.12,82.12,83.23,1556700,77.42
2011-10-31,88.06,88.18,86.11,86.14,1351700,80.13
2011-10-28,88.09,90.20,87.20,89.41,1579400,83.17
2011-10-27,86.86,89.48,85.91,88.75,1954100,82.56
2011-10-26,83.74,85.01,81.95,84.54,1549900,78.64
2011-10-25,82.90,84.47,81.89,82.45,1526200,76.70
2011-10-24,82.66,83.50,82.15,83.15,1444900,77.35
2011-10-21,80.90,84.48,78.75,82.74,3726000,76.97
2011-10-20,83.48,84.49,82.00,83.08,1754800,77.28
2011-10-19,85.24,85.24,82.71,83.24,997800,77.43
2011-10-18,82.61,85.72,81.80,85.32,1338200,79.37
2011-10-17,83.97,84.02,82.34,82.64,1601200,76.87
2011-10-14,83.80,84.35,83.36,84.06,982000,78.19
2011-10-13,82.48,83.24,81.45,82.90,711700,77.12
2011-10-12,82.22,83.78,81.78,82.82,1257200,77.04
2011-10-11,82.58,83.25,81.19,81.73,1059300,76.03
2011-10-10,81.62,83.20,81.53,83.00,800300,77.21
2011-10-07,80.94,81.26,78.99,80.03,1047000,74.45
2011-10-06,78.93,80.49,78.22,80.24,1007100,74.64
2011-10-05,76.72,79.71,76.05,79.13,1222700,73.61
2011-10-04,73.28,76.63,72.26,76.51,1600000,71.17
2011-10-03,75.90,77.18,73.85,73.87,2069800,68.72
2011-09-30,77.96,79.05,76.36,76.37,1580700,71.04
2011-09-29,79.96,80.25,77.98,79.29,1182300,73.76
2011-09-28,81.46,81.47,78.85,79.00,1607800,72.95
2011-09-27,80.57,82.39,80.41,80.85,1442000,74.66
2011-09-26,77.24,78.94,76.37,78.85,1668200,72.81
2011-09-23,75.33,76.93,75.10,76.72,2102700,70.84
2011-09-22,75.97,76.75,75.04,76.25,2546500,70.41
2011-09-21,82.09,82.09,78.05,78.13,1686400,72.14
2011-09-20,82.20,83.14,81.19,82.18,1357000,75.88
2011-09-19,80.77,81.90,79.96,81.58,987500,75.33
2011-09-16,82.68,82.95,81.52,82.36,1414600,76.05
2011-09-15,81.00,82.04,80.21,81.91,1513100,75.64
2011-09-14,79.16,81.17,77.67,80.12,1583100,73.98
2011-09-13,77.93,79.03,77.27,78.79,992300,72.75
2011-09-12,77.66,78.58,76.35,77.56,1482600,71.62
2011-09-09,79.98,80.24,78.02,78.39,1569400,72.38
2011-09-08,82.25,82.43,80.70,81.08,1813100,74.87
2011-09-07,81.38,82.62,80.95,82.53,1630300,76.21
2011-09-06,78.30,80.40,77.45,80.29,2202800,74.14
2011-09-02,79.95,81.10,79.39,80.04,1462700,73.91
2011-09-01,81.64,83.00,81.32,81.48,1840000,75.24
2011-08-31,82.93,83.65,81.36,81.87,1317000,75.60
2011-08-30,81.04,82.55,80.73,82.10,924700,75.81
2011-08-29,79.87,81.36,79.52,81.25,958400,75.03
2011-08-26,76.76,78.97,75.30,78.64,1421200,72.62
2011-08-25,77.72,78.27,76.84,77.49,1197500,71.55
2011-08-24,76.67,77.65,75.76,77.56,1595000,71.62
2011-08-23,75.52,76.66,75.15,76.51,1961200,70.65
2011-08-22,76.86,76.97,74.58,74.80,1303000,69.07
2011-08-19,75.71,77.49,74.92,75.24,1835500,69.48
2011-08-18,79.37,79.52,76.22,76.84,2207000,70.95
2011-08-17,82.26,82.77,81.20,81.55,1572500,75.30
2011-08-16,81.45,82.46,80.99,81.67,1834000,75.41
2011-08-15,82.70,82.99,80.90,82.27,1635800,75.97
2011-08-12,82.10,82.92,80.73,81.99,1305200,75.71
2011-08-11,78.23,82.34,77.80,81.36,2078800,75.13
2011-08-10,78.96,81.05,77.68,77.82,3593200,71.86
2011-08-09,78.24,80.30,75.89,80.25,3587200,74.10
2011-08-08,80.67,81.62,77.24,77.25,2542600,71.33
2011-08-05,83.19,83.68,80.27,82.25,2243300,75.95
2011-08-04,85.44,85.44,82.01,82.08,2460000,75.79
2011-08-03,85.25,86.48,84.32,86.38,1904100,79.76
2011-08-02,87.68,88.00,85.21,85.23,2185700,78.70
2011-08-01,89.97,90.11,87.53,88.53,1354200,81.75
2011-07-29,87.86,89.75,87.75,88.73,1754200,81.93
2011-07-28,89.94,90.68,88.98,89.06,946400,82.24
2011-07-27,90.75,90.90,89.52,89.88,1658700,82.99
2011-07-26,91.92,92.09,90.87,90.97,1118600,84.00
2011-07-25,91.47,92.40,90.83,91.80,1292100,84.77
2011-07-22,95.18,95.18,91.73,91.90,1966300,84.86
2011-07-21,94.51,95.67,94.10,95.41,1033300,88.10
2011-07-20,94.66,94.66,93.59,94.13,601900,86.92
2011-07-19,93.41,94.45,93.41,94.20,854300,86.98
2011-07-18,93.80,94.00,92.58,92.92,816800,85.80
2011-07-15,94.29,94.37,93.37,94.29,933800,87.07
2011-07-14,95.10,95.45,93.69,93.94,866200,86.74
2011-07-13,95.20,95.56,94.64,94.92,1374400,87.65
2011-07-12,94.71,95.54,94.64,94.74,1823300,87.48
2011-07-11,96.07,96.19,94.86,95.30,1162400,88.00
2011-07-08,96.70,97.40,96.21,97.02,803900,89.59
2011-07-07,97.39,98.00,96.91,97.79,866400,90.30
2011-07-06,96.27,96.95,96.14,96.80,1478000,89.38
2011-07-05,96.40,96.80,95.99,96.29,847700,88.91
2011-07-01,95.47,96.73,94.71,96.45,1238400,89.06
2011-06-30,94.47,95.93,94.04,95.58,1393500,88.26
2011-06-29,94.85,94.99,93.47,94.09,1417000,86.88
2011-06-28,93.36,94.85,93.10,94.84,1065900,87.04
2011-06-27,92.86,93.22,92.13,93.01,1511400,85.36
2011-06-24,93.05,93.44,92.33,92.99,1277100,85.34
2011-06-23,91.43,93.05,90.67,92.98,1369400,85.33
2011-06-22,92.00,93.37,91.78,92.97,1052700,85.32
2011-06-21,91.89,93.07,91.56,92.50,897400,84.89
2011-06-20,89.63,91.49,89.63,91.18,928700,83.68
2011-06-17,91.30,91.70,89.75,90.04,1857700,82.63
2011-06-16,91.02,91.25,89.41,90.43,1650600,82.99
2011-06-15,92.57,93.09,90.44,90.90,1215200,83.42
2011-06-14,93.57,93.89,92.91,93.26,1190400,85.59
2011-06-13,91.61,92.87,91.22,92.33,1336300,84.74
2011-06-10,91.99,92.70,91.12,91.17,1322600,83.67
2011-06-09,91.28,93.78,90.90,92.65,1563200,85.03
2011-06-08,90.19,91.29,89.78,90.80,1340100,83.33
2011-06-07,90.43,91.48,89.69,90.60,1489100,83.15
2011-06-06,89.45,90.50,89.25,89.61,1096900,82.24
2011-06-03,90.61,90.78,89.56,89.63,1328600,82.26
2011-06-02,92.39,93.13,91.31,91.87,1021700,84.31
2011-06-01,94.93,95.10,91.96,92.10,1173600,84.52
2011-05-31,95.00,95.14,93.86,95.09,1503400,87.27
2011-05-27,93.11,94.15,92.85,93.96,970800,86.23
2011-05-26,92.18,92.97,91.37,92.75,764300,85.12
2011-05-25,90.55,92.80,90.37,92.42,1048600,84.82
2011-05-24,91.09,91.73,90.52,91.05,878600,83.56
2011-05-23,90.00,90.83,89.58,90.63,895000,83.18
2011-05-20,92.06,92.09,90.33,91.27,671500,83.76
2011-05-19,91.74,92.49,91.02,92.01,936600,84.44
2011-05-18,89.78,91.44,89.42,91.41,1110200,83.89
2011-05-17,90.71,90.87,89.25,89.51,1328800,82.15
2011-05-16,90.30,92.11,90.22,90.87,796100,83.40
2011-05-13,92.50,92.62,90.55,90.66,976500,83.20
2011-05-12,92.86,93.07,91.34,92.27,1566500,84.68
2011-05-11,94.65,94.83,92.48,92.98,772800,85.33
2011-05-10,94.13,95.08,93.89,94.74,870800,86.95
2011-05-09,92.66,94.02,92.44,93.63,524300,85.93
2011-05-06,93.27,94.10,91.94,92.50,798400,84.89
2011-05-05,92.61,93.62,91.78,92.15,910000,84.57
2011-05-04,94.42,94.55,92.84,93.09,993300,85.43
2011-05-03,94.65,94.76,93.58,94.36,829800,86.60
2011-05-02,96.00,96.00,94.35,94.77,800900,86.97
2011-04-29,95.96,96.00,95.21,95.52,848000,87.66
2011-04-28,94.92,95.71,94.45,95.68,981400,87.81
2011-04-27,95.13,95.21,93.33,94.82,769100,87.02
2011-04-26,94.38,95.33,94.15,95.11,1400000,87.29
2011-04-25,93.61,94.40,93.00,94.03,930300,86.30
2011-04-21,93.66,94.06,92.72,93.92,1011500,86.19
2011-04-20,93.00,94.29,93.00,93.72,1924200,86.01
2011-04-19,90.75,92.07,90.38,92.06,1045300,84.49
2011-04-18,90.69,90.94,89.96,90.51,848200,83.07
2011-04-15,91.12,92.12,90.46,91.82,1676200,84.27
2011-04-14,89.62,90.83,89.18,90.57,1236800,83.12
2011-04-13,90.28,90.64,89.47,90.08,945500,82.67
2011-04-12,90.90,91.36,89.58,89.78,900200,82.40
2011-04-11,92.07,92.27,90.65,91.19,627200,83.69
2011-04-08,92.03,92.81,91.26,92.01,916200,84.44
2011-04-07,92.03,92.93,91.01,91.40,1000600,83.88
2011-04-06,92.68,93.00,91.46,92.49,970100,84.88
2011-04-05,90.52,92.76,90.38,92.22,1328600,84.63
2011-04-04,90.87,91.00,90.07,90.74,1017600,83.28
2011-04-01,90.53,91.31,90.14,90.48,959400,83.04
2011-03-31,89.85,90.84,89.85,90.18,897500,82.76
2011-03-30,90.49,90.49,89.30,90.19,1145100,82.77
2011-03-29,89.83,90.28,89.08,90.28,1141100,82.32
2011-03-28,90.31,90.69,89.89,89.89,630100,81.97
2011-03-25,89.95,90.74,89.81,89.94,864200,82.01
2011-03-24,89.03,89.87,88.43,89.84,1082800,81.92
2011-03-23,87.64,88.89,86.76,88.55,1383100,80.74
2011-03-22,88.27,88.65,87.53,87.87,703300,80.12
2011-03-21,89.00,89.49,88.11,88.38,1026100,80.59
2011-03-18,87.66,88.76,87.11,88.00,2300100,80.24
2011-03-17,85.49,87.32,84.37,86.25,3189600,78.65
2011-03-16,85.61,85.70,83.22,84.12,2037000,76.70
2011-03-15,84.71,86.32,84.23,85.73,2289400,78.17
2011-03-14,86.72,87.31,86.22,86.88,2311300,79.22
2011-03-11,87.74,88.48,86.88,87.02,2723900,79.35
2011-03-10,88.52,89.09,87.88,87.90,1946600,80.15
2011-03-09,89.58,89.92,89.03,89.59,1209900,81.69
2011-03-08,90.13,90.13,89.19,89.88,1499600,81.96
2011-03-07,91.55,92.01,89.45,89.56,1993600,81.67
2011-03-04,91.51,92.03,90.50,91.22,1076900,83.18
2011-03-03,91.40,92.00,91.34,91.90,1583900,83.80
2011-03-02,90.03,90.68,89.85,90.42,2142400,82.45
2011-03-01,92.46,92.50,89.89,89.90,1653500,81.98
2011-02-28,91.91,92.55,91.65,92.00,1793200,83.89
2011-02-25,91.26,92.29,91.23,91.42,1729400,83.36
2011-02-24,90.92,91.78,90.01,90.86,1839900,82.85
2011-02-23,92.79,92.89,89.75,90.89,2442600,82.88
2011-02-22,92.42,94.63,91.65,91.83,2286600,83.74
2011-02-18,94.74,95.00,94.44,94.96,1990500,86.59
2011-02-17,93.93,94.35,92.94,93.94,2081800,85.66
2011-02-16,93.39,94.71,92.50,94.61,4018800,86.27
2011-02-15,89.30,90.30,89.10,90.22,762800,82.27
2011-02-14,88.99,90.06,88.90,90.03,992400,82.09
2011-02-11,88.33,89.28,88.09,89.06,665000,81.21
2011-02-10,88.22,89.00,88.12,88.61,952700,80.80
2011-02-09,89.14,89.33,88.24,88.49,953300,80.69
2011-02-08,89.48,89.67,88.89,89.55,1452500,81.66
2011-02-07,88.95,89.50,88.70,89.25,949800,81.38
2011-02-04,88.70,88.95,88.17,88.61,879000,80.80
2011-02-03,89.04,89.51,88.01,88.59,1246600,80.78
2011-02-02,89.74,89.74,88.56,89.04,762100,81.19
2011-02-01,88.44,89.70,87.87,89.62,1149200,81.72
2011-01-31,86.15,87.34,85.98,87.25,1809300,79.56
2011-01-28,86.57,87.30,85.54,85.77,2515600,78.21
2011-01-27,87.01,87.69,86.27,86.34,1702200,78.73
2011-01-26,87.00,87.21,86.68,86.92,3023600,79.26
2011-01-25,86.48,87.13,86.17,86.68,2183800,79.04
2011-01-24,86.38,86.91,86.30,86.50,1908100,78.87
2011-01-21,87.55,88.18,86.23,86.51,2024300,78.88
2011-01-20,88.11,88.44,86.96,87.26,1439000,79.57
2011-01-19,89.61,89.61,88.19,88.51,875200,80.71
2011-01-18,87.91,89.20,87.52,89.10,1212800,81.25
2011-01-14,88.56,88.79,87.75,88.73,1330000,80.91
2011-01-13,89.09,89.15,88.59,88.86,1854700,81.03
2011-01-12,88.59,89.00,88.21,88.65,878800,80.84
2011-01-11,88.63,88.89,87.96,88.32,968000,80.53
2011-01-10,88.72,88.72,87.78,88.51,822200,80.71
2011-01-07,88.59,89.78,87.96,88.50,1081100,80.70
2011-01-06,88.69,88.83,87.70,88.34,1557800,80.55
2011-01-05,89.04,89.38,88.60,88.80,1214300,80.97
2011-01-04,90.50,90.65,88.95,89.19,1096700,81.33
2011-01-03,91.54,91.71,90.31,90.53,1099100,82.55
2010-12-31,90.70,91.10,90.56,90.95,406400,82.93
2010-12-30,90.99,91.25,90.70,90.95,520100,82.93
2010-12-29,91.19,91.39,90.86,91.25,703500,82.76
2010-12-28,91.15,91.35,90.54,91.22,475600,82.73
2010-12-27,90.48,90.96,90.15,90.89,336000,82.43
2010-12-23,90.21,91.00,90.21,90.80,407400,82.35
2010-12-22,90.40,91.00,90.15,90.57,928500,82.14
2010-12-21,90.00,90.90,89.93,90.53,788400,82.11
2010-12-20,89.30,90.00,89.10,89.93,804100,81.56
2010-12-17,88.45,89.40,87.79,89.33,1226000,81.02
2010-12-16,88.33,88.68,87.68,88.58,737700,80.34
2010-12-15,87.34,88.43,87.27,88.02,964000,79.83
2010-12-14,88.47,89.23,87.48,87.59,1269900,79.44
2010-12-13,89.99,89.99,88.46,88.68,1448500,80.43
2010-12-10,89.11,89.50,88.34,88.84,1670900,80.57
2010-12-09,87.49,89.92,86.02,88.75,3317500,80.49
2010-12-08,87.52,87.81,86.19,87.06,830900,78.96
2010-12-07,88.50,89.05,87.49,87.52,919500,79.38
2010-12-06,87.69,87.96,87.42,87.69,550000,79.53
2010-12-03,88.14,88.29,87.08,87.61,1081200,79.46
2010-12-02,86.60,88.67,86.56,88.63,1238100,80.38
2010-12-01,87.89,88.22,86.18,86.39,1611100,78.35
2010-11-30,84.70,86.40,84.70,86.22,878000,78.20
2010-11-29,84.93,86.06,82.86,85.82,1025900,77.83
2010-11-26,85.95,85.95,85.41,85.62,340200,77.65
2010-11-24,83.60,86.69,83.60,86.55,1291900,78.50
2010-11-23,84.59,84.82,83.09,84.57,2152700,76.70
2010-11-22,83.52,85.61,83.52,85.50,663600,77.54
2010-11-19,85.88,86.02,85.27,86.01,987800,78.01
2010-11-18,84.68,86.10,84.67,85.65,922600,77.68
2010-11-17,83.51,84.53,83.13,83.74,1046100,75.95
2010-11-16,83.71,84.05,82.93,83.21,931700,75.47
2010-11-15,84.21,85.14,83.85,84.52,701000,76.66
2010-11-12,84.44,85.14,83.09,84.00,843400,76.18
2010-11-11,84.16,85.59,84.02,85.49,704500,77.54
2010-11-10,85.52,85.94,84.41,85.27,815400,77.34
2010-11-09,87.60,87.68,85.24,85.58,758100,77.62
2010-11-08,86.37,87.41,86.34,87.21,777900,79.10
2010-11-05,86.87,87.10,86.21,86.65,529300,78.59
2010-11-04,86.63,86.87,86.08,86.86,998000,78.78
2010-11-03,86.50,86.50,84.29,85.46,833400,77.51
2010-11-02,85.68,86.86,85.68,86.36,750700,78.32
2010-11-01,85.50,86.10,84.56,84.95,449400,77.05
2010-10-29,84.88,85.67,84.44,84.97,995800,77.06
2010-10-28,84.77,85.75,84.35,85.15,741200,77.23
2010-10-27,85.07,85.17,83.80,84.17,1529500,76.34
2010-10-26,85.26,85.78,84.50,85.70,696900,77.73
2010-10-25,84.92,86.50,84.63,85.74,1164600,77.76
2010-10-22,84.75,84.90,84.43,84.74,679800,76.86
2010-10-21,83.76,84.96,83.22,84.93,1914600,77.03
2010-10-20,81.65,83.22,81.46,83.10,779400,75.37
2010-10-19,81.88,82.26,80.90,81.30,873000,73.74
2010-10-18,81.79,83.01,81.73,82.95,888800,75.23
2010-10-15,82.86,82.95,81.32,81.66,1353800,74.06
2010-10-14,82.04,82.86,81.42,82.10,939900,74.46
2010-10-13,82.98,83.22,82.29,82.91,1570500,75.20
2010-10-12,82.18,82.72,81.70,82.58,1290700,74.90
2010-10-11,82.89,83.33,82.30,82.53,1154600,74.85
2010-10-08,82.39,82.92,82.37,82.70,1382100,75.00
2010-10-07,84.40,84.69,82.33,82.41,1835500,74.74
2010-10-06,84.08,84.56,83.71,84.02,1277400,76.20
2010-10-05,82.92,84.29,82.90,84.20,1069400,76.37
2010-10-04,82.94,83.00,81.88,82.07,943800,74.43
2010-10-01,83.22,84.00,82.52,83.02,1508300,75.30
2010-09-30,83.16,84.28,82.55,82.82,1526100,75.11
2010-09-29,83.27,83.30,82.20,82.85,1057000,75.14
2010-09-28,84.00,84.06,82.67,83.97,1059800,75.71
2010-09-27,84.08,84.25,83.71,83.86,1474600,75.61
2010-09-24,83.87,84.43,83.50,84.20,1263700,75.92
2010-09-23,82.37,83.53,82.27,82.94,1392200,74.78
2010-09-22,83.07,83.38,82.47,83.18,1299900,75.00
2010-09-21,83.04,83.45,82.51,83.00,1634300,74.84
2010-09-20,82.33,83.26,82.08,83.05,1298100,74.88
2010-09-17,82.46,82.59,81.71,82.20,2845900,74.12
2010-09-16,80.84,82.00,80.20,81.75,1910600,73.71
2010-09-15,79.88,81.60,79.47,81.38,1793500,73.38
2010-09-14,78.73,80.83,78.66,80.21,2794800,72.32
2010-09-13,78.70,78.97,78.24,78.78,1105200,71.03
2010-09-10,78.07,78.37,77.80,77.95,920900,70.28
2010-09-09,78.51,79.31,77.83,77.95,1238900,70.28
2010-09-08,77.30,78.85,77.12,77.79,1740100,70.14
2010-09-07,77.80,78.00,76.86,77.38,1156000,69.77
2010-09-03,77.99,78.04,77.31,78.04,1513000,70.37
2010-09-02,75.21,77.30,74.75,77.19,2083300,69.60
2010-09-01,74.97,74.97,74.04,74.75,2487600,67.40
2010-08-31,73.46,74.34,73.45,74.03,1216300,66.75
2010-08-30,74.12,74.54,73.70,73.70,1204900,66.45
2010-08-27,74.21,74.53,73.46,74.42,1671700,67.10
2010-08-26,74.19,74.59,73.54,73.56,1205500,66.33
2010-08-25,73.31,73.87,72.81,73.55,1673400,66.32
2010-08-24,73.97,74.80,73.27,73.84,1522700,66.58
2010-08-23,75.61,76.10,74.58,74.69,876700,67.35
2010-08-20,75.00,75.50,74.30,75.01,1042100,67.63
2010-08-19,76.68,76.68,74.18,75.59,1834000,68.16
2010-08-18,76.81,77.32,76.29,77.03,1027100,69.45
2010-08-17,76.72,77.84,76.57,76.72,1754500,69.18
2010-08-16,74.84,76.57,74.51,75.90,1070500,68.44
2010-08-13,74.31,75.79,74.15,75.68,1588500,68.24
2010-08-12,74.29,74.98,73.82,74.70,1399500,67.35
2010-08-11,75.51,75.63,74.31,75.40,1400500,67.99
2010-08-10,76.17,77.48,75.84,76.93,1318800,69.36
2010-08-09,76.68,77.10,76.49,77.00,907700,69.43
2010-08-06,76.59,77.22,75.47,76.22,1296500,68.72
2010-08-05,76.33,77.14,76.06,77.06,1485100,69.48
2010-08-04,75.54,76.95,75.41,76.70,1514700,69.16
2010-08-03,74.57,75.74,74.28,75.68,1941700,68.24
2010-08-02,73.58,75.22,73.41,74.99,2407900,67.62
2010-07-30,72.09,72.96,71.75,72.58,981000,65.44
2010-07-29,72.95,73.99,72.04,72.69,1111100,65.54
2010-07-28,72.15,72.77,72.01,72.51,1020700,65.38
2010-07-27,73.38,73.50,72.12,72.37,1125100,65.25
2010-07-26,72.33,72.81,72.06,72.80,1267000,65.64
2010-07-23,69.89,72.12,69.89,72.09,1200300,65.00
2010-07-22,71.10,73.60,70.99,71.60,2368600,64.56
2010-07-21,71.13,71.35,69.40,70.05,1114300,63.16
2010-07-20,68.64,70.84,68.54,70.77,1018600,63.81
2010-07-19,69.49,69.84,68.68,69.32,835700,62.50
2010-07-16,70.13,70.17,69.03,69.32,2320600,62.50
2010-07-15,70.25,70.50,69.36,70.32,778900,63.40
2010-07-14,70.00,70.80,69.68,70.26,1670100,63.35
2010-07-13,69.73,71.38,69.73,70.93,1467200,63.95
2010-07-12,69.21,69.64,68.76,69.17,881800,62.37
2010-07-09,69.27,69.85,69.03,69.74,1517100,62.88
2010-07-08,68.53,68.91,67.84,68.78,2063400,62.02
2010-07-07,65.82,67.76,65.63,67.74,1485400,61.08
2010-07-06,65.64,66.31,65.09,65.74,1865700,59.28
2010-07-02,65.12,65.59,64.13,64.97,1492600,58.58
2010-07-01,64.54,65.51,64.54,65.00,2783900,58.61
2010-06-30,65.29,66.02,64.62,64.81,2060600,58.44
2010-06-29,66.38,66.48,65.20,65.52,1889800,59.08
2010-06-28,68.79,69.07,67.54,67.79,1484200,60.68
2010-06-25,67.38,68.64,66.85,68.58,3385700,61.39
2010-06-24,68.45,69.81,67.14,67.32,3247000,60.26
2010-06-23,70.11,70.23,68.39,69.00,1685700,61.76
2010-06-22,71.30,72.00,70.18,70.22,1008700,62.86
2010-06-21,72.36,72.94,70.63,71.15,1225700,63.69
2010-06-18,70.89,72.04,70.83,71.54,1849300,64.04
2010-06-17,70.91,70.98,69.70,70.65,1693900,63.24
2010-06-16,69.58,70.80,69.58,70.54,1382600,63.14
2010-06-15,69.70,70.24,69.28,70.24,1649400,62.87
2010-06-14,69.83,70.50,68.96,69.02,1213200,61.78
2010-06-11,68.30,69.43,68.25,69.43,1092600,62.15
2010-06-10,68.49,69.36,68.15,68.91,1672000,61.68
2010-06-09,67.50,68.73,67.18,67.50,2034500,60.42
2010-06-08,65.69,66.86,65.51,66.81,1929800,59.80
2010-06-07,66.82,67.27,65.54,65.60,1559000,58.72
2010-06-04,67.43,68.16,66.46,66.55,1504100,59.57
2010-06-03,69.24,69.37,67.81,68.97,1216000,61.74
2010-06-02,67.62,69.13,67.45,69.12,1123900,61.87
2010-06-01,68.30,69.39,67.36,67.42,1401800,60.35
2010-05-28,70.66,70.66,68.72,69.06,1693000,61.82
2010-05-27,69.83,70.68,68.48,70.68,2180700,63.27
2010-05-26,67.92,69.54,67.46,68.58,3752500,61.39
2010-05-25,64.63,67.42,64.47,67.35,2492600,60.29
2010-05-24,66.50,67.16,65.94,65.97,1543300,59.05
2010-05-21,64.76,67.05,64.57,66.94,2601600,59.92
2010-05-20,67.64,68.28,66.00,66.01,3446300,59.09
2010-05-19,69.78,69.81,68.62,69.39,1413400,62.11
2010-05-18,71.21,72.50,69.82,70.05,1442400,62.70
2010-05-17,69.62,71.15,69.15,70.58,2316000,63.18
2010-05-14,70.76,70.80,68.79,69.57,1832200,62.28
2010-05-13,72.26,72.44,71.46,71.47,1783800,63.98
2010-05-12,71.81,72.60,71.52,72.57,2465800,64.96
2010-05-11,71.97,72.79,71.57,71.67,1789300,64.15
2010-05-10,72.82,73.57,71.81,72.59,2622900,64.98
2010-05-07,72.14,73.25,70.54,70.98,2142900,63.54
2010-05-06,73.61,74.47,68.59,72.28,2016200,64.70
2010-05-05,74.09,74.68,73.50,74.14,1320100,66.37
2010-05-04,76.01,76.46,74.37,74.77,1424800,66.93
2010-05-03,77.30,77.36,76.45,77.01,1411200,68.93
2010-04-30,78.22,78.54,76.78,76.78,1396200,68.73
2010-04-29,78.47,78.89,77.77,78.03,1148800,69.85
2010-04-28,78.08,78.31,76.40,78.06,2000600,69.87
2010-04-27,78.82,79.16,77.23,77.42,1545900,69.30
2010-04-26,80.16,80.24,79.00,79.00,1269700,70.72
2010-04-23,77.25,79.25,77.25,79.22,1666000,70.91
2010-04-22,76.26,77.40,75.35,77.32,1310300,69.21
2010-04-21,76.69,77.00,76.14,76.67,1111800,68.63
2010-04-20,76.48,76.81,76.08,76.46,780400,68.44
2010-04-19,75.54,76.08,74.72,75.85,1022200,67.90
2010-04-16,76.55,77.25,75.79,76.03,1911800,68.06
2010-04-15,75.63,77.08,75.44,76.75,1348500,68.70
2010-04-14,75.35,76.10,75.00,76.01,1684500,68.04
2010-04-13,75.13,75.34,74.58,74.95,1117600,67.09
2010-04-12,75.36,75.57,74.96,75.34,987700,67.44
2010-04-09,74.30,75.43,73.90,75.36,1279900,67.46
2010-04-08,73.75,74.18,73.19,74.10,2038100,66.33
2010-04-07,74.10,74.85,73.85,74.06,1512500,66.29
2010-04-06,73.88,74.69,73.78,74.63,866300,66.80
2010-04-05,73.99,74.33,73.36,74.17,1321800,66.39
2010-04-01,74.44,74.54,73.51,73.87,1153200,66.12
2010-03-31,74.09,74.58,73.83,73.95,1395300,66.20
2010-03-30,73.74,74.25,72.78,74.09,1487600,66.32
2010-03-29,74.57,75.09,73.43,74.30,1834000,66.07
2010-03-26,73.90,74.90,73.72,74.32,1094400,66.09
2010-03-25,75.33,75.44,73.66,73.70,1214900,65.54
2010-03-24,75.16,75.24,74.40,74.81,1625400,66.52
2010-03-23,74.96,75.54,74.35,75.54,1030600,67.17
2010-03-22,73.98,75.27,73.98,75.01,1073000,66.70
2010-03-19,74.44,75.24,74.12,74.44,2316200,66.19
2010-03-18,74.85,74.89,74.09,74.76,1460200,66.48
2010-03-17,75.01,75.30,74.16,74.55,1679400,66.29
2010-03-16,74.41,74.97,74.27,74.88,1832100,66.59
2010-03-15,74.53,74.75,73.71,74.12,2136300,65.91
2010-03-12,74.90,75.10,74.39,74.56,1918100,66.30
2010-03-11,73.97,74.66,73.33,74.66,2108700,66.39
2010-03-10,74.33,74.84,73.58,74.40,2176900,66.16
2010-03-09,73.84,74.62,73.57,74.23,2472300,66.01
2010-03-08,73.55,74.35,73.55,74.20,2748900,65.98
2010-03-05,72.32,73.54,72.00,73.50,2659600,65.36
2010-03-04,71.46,72.04,71.01,71.89,2489000,63.93
2010-03-03,71.19,71.68,70.52,71.32,2073400,63.42
2010-03-02,69.67,71.01,69.42,70.67,2444000,62.84
2010-03-01,68.80,69.21,68.04,69.16,2181300,61.50
2010-02-26,69.06,69.26,68.46,68.58,2038300,60.98
2010-02-25,69.24,69.32,68.32,68.98,2352300,61.34
2010-02-24,70.34,70.34,69.70,69.87,4141000,62.13
2010-02-23,69.81,70.59,69.66,70.07,3324600,62.31
2010-02-22,69.67,70.02,69.50,69.92,3288000,62.18
2010-02-19,69.90,70.00,69.09,69.64,1883700,61.93
2010-02-18,70.30,70.46,69.66,69.95,2039300,62.20
2010-02-17,70.48,72.00,69.83,70.18,2807000,62.41
2010-02-16,69.31,70.57,68.94,70.41,1884100,62.61
2010-02-12,67.67,69.21,67.00,68.53,3436100,60.94
2010-02-11,68.32,69.09,67.50,68.40,3375700,60.82
2010-02-10,69.10,69.10,67.09,68.22,3738500,60.66
2010-02-09,67.89,68.85,67.47,67.95,3743200,60.42
2010-02-08,68.71,70.19,68.02,68.35,3408300,60.78
2010-02-05,67.65,69.17,65.05,68.64,9338000,61.04
2010-02-04,75.52,75.96,73.66,73.69,1491600,65.53
2010-02-03,76.22,76.97,75.70,76.19,1223500,67.75
2010-02-02,76.85,77.64,76.00,76.62,1477700,68.13
2010-02-01,76.65,77.08,75.33,76.81,2319400,68.30
2010-01-29,77.15,77.59,75.91,75.96,2338700,67.55
2010-01-28,79.22,79.48,76.93,77.04,1347400,68.51
2010-01-27,79.58,80.25,77.73,78.86,1704200,70.13
2010-01-26,79.47,81.08,79.00,79.58,1371200,70.77
2010-01-25,79.09,80.94,79.09,80.26,1796500,71.37
2010-01-22,79.86,80.88,77.97,78.07,1807100,69.42
2010-01-21,81.34,82.31,79.81,79.86,1430900,71.01
2010-01-20,82.00,82.00,81.12,81.48,1216600,72.46
2010-01-19,82.95,83.04,81.99,82.58,1309100,73.43
2010-01-15,82.23,82.96,81.95,82.77,1426700,73.60
2010-01-14,82.96,83.80,81.81,82.07,613700,72.98
2010-01-13,82.38,83.11,81.76,83.10,809100,73.90
2010-01-12,82.42,83.19,81.76,82.28,878000,73.17
2010-01-11,82.68,83.55,82.27,83.34,1107900,74.11
2010-01-08,81.14,82.22,80.95,81.84,1151600,72.78
2010-01-07,81.81,82.07,80.87,81.32,1401000,72.31
2010-01-06,82.00,82.68,81.50,81.79,1155100,72.73
2010-01-05,82.90,83.16,81.90,82.47,730900,73.34
2010-01-04,82.11,83.26,81.71,83.16,1046700,73.95
2009-12-31,82.15,82.32,80.98,81.06,384300,72.08
2009-12-30,81.94,82.38,81.45,82.24,883800,73.13
2009-12-29,82.39,83.10,82.11,82.68,708300,73.12
2009-12-28,81.78,82.37,81.55,82.10,527100,72.61
2009-12-24,81.58,82.16,81.30,81.82,234900,72.36
2009-12-23,81.33,81.38,80.47,81.29,1043700,71.89
2009-12-22,80.50,81.41,80.50,81.02,1109200,71.65
2009-12-21,81.09,81.56,80.06,80.26,1634500,70.98
2009-12-18,81.80,81.80,79.99,81.31,1405000,71.91
2009-12-17,82.00,82.00,80.89,81.17,811600,71.79
2009-12-16,82.00,83.16,81.66,82.64,915300,73.09
2009-12-15,81.92,83.09,81.62,81.93,872800,72.46
2009-12-14,82.13,82.50,81.16,82.42,1071800,72.89
2009-12-11,82.29,82.49,81.12,81.75,1429200,72.30
2009-12-10,83.12,83.37,81.65,82.11,922900,72.62
2009-12-09,80.70,82.25,79.55,82.25,2010200,72.74
2009-12-08,80.27,81.88,80.18,80.53,1244700,71.22
2009-12-07,81.80,82.59,81.30,81.91,1642800,72.44
2009-12-04,83.39,83.80,80.55,82.09,1744700,72.60
2009-12-03,84.17,84.51,82.40,82.49,1057500,72.95
2009-12-02,83.76,84.43,83.42,84.23,1209500,74.49
2009-12-01,83.83,84.31,82.87,83.60,1236300,73.94
2009-11-30,82.14,83.16,81.46,82.93,1384200,73.34
2009-11-27,81.36,82.73,80.69,82.11,818900,72.62
2009-11-25,82.43,83.37,82.39,83.34,891100,73.71
2009-11-24,82.96,83.50,81.63,82.59,1023800,73.04
2009-11-23,82.93,84.32,82.55,82.98,860100,73.39
2009-11-20,81.85,82.53,80.89,82.34,1044300,72.82
2009-11-19,83.03,83.47,81.21,82.24,1138100,72.73
2009-11-18,84.57,84.60,83.28,83.81,734300,74.12
2009-11-17,84.35,84.56,83.53,84.50,812900,74.73
2009-11-16,83.90,85.44,83.82,84.71,1144200,74.92
2009-11-13,82.93,83.89,82.47,83.38,1104400,73.74
2009-11-12,82.55,83.33,81.73,82.53,1189300,72.99
2009-11-11,82.79,83.47,82.19,82.80,717700,73.23
2009-11-10,81.88,82.48,81.44,82.22,1091500,72.72
2009-11-09,80.83,82.25,80.52,82.03,945400,72.55
2009-11-06,78.89,80.94,78.53,80.15,1047700,70.88
2009-11-05,78.25,79.58,78.21,79.51,1274700,70.32
2009-11-04,78.80,79.71,77.47,77.65,1546900,68.67
2009-11-03,77.63,78.96,77.35,78.59,878200,69.50
2009-11-02,78.00,79.56,77.23,78.30,1499100,69.25
2009-10-30,79.85,80.10,76.73,77.13,1512900,68.21
2009-10-29,78.39,80.11,78.39,80.08,1209600,70.82
2009-10-28,80.29,80.44,77.07,77.61,1878300,68.64
2009-10-27,80.28,81.58,80.07,80.72,1236000,71.39
2009-10-26,81.14,82.69,79.85,80.22,1411200,70.95
2009-10-23,83.41,83.41,80.68,81.14,1122600,71.76
2009-10-22,81.32,83.79,80.65,83.22,1724600,73.60
2009-10-21,83.00,83.75,81.67,81.97,2748600,72.49
2009-10-20,83.81,83.96,81.79,83.24,1688200,73.62
2009-10-19,83.02,84.43,82.91,83.79,1151900,74.10
2009-10-16,83.60,83.70,82.65,82.98,1664300,73.39
2009-10-15,83.24,83.95,82.74,83.95,1381200,74.25
2009-10-14,83.15,83.61,82.56,83.58,2075000,73.92
2009-10-13,81.14,82.79,80.19,82.32,2476600,72.80
2009-10-12,80.64,81.55,80.16,81.24,1755100,71.85
2009-10-09,79.28,80.36,79.28,80.24,2095700,70.96
2009-10-08,79.26,79.86,78.83,79.20,1765400,70.04
2009-10-07,78.00,78.57,77.59,78.15,1314600,69.12
2009-10-06,77.07,77.96,76.52,77.69,1382100,68.71
2009-10-05,75.88,76.89,74.75,76.13,1249600,67.33
2009-10-02,74.70,76.33,73.76,75.53,1767000,66.80
2009-10-01,77.67,77.80,75.40,75.40,1814200,66.68
2009-09-30,78.03,78.86,76.64,77.58,1302800,68.61
2009-09-29,78.52,79.27,77.93,78.11,939800,69.08
2009-09-28,77.26,79.02,77.00,78.56,935100,69.08
2009-09-25,76.83,77.90,76.53,76.70,943400,67.44
2009-09-24,77.75,78.17,76.95,77.31,1299000,67.98
2009-09-23,79.61,79.61,77.51,77.56,1579900,68.20
2009-09-22,80.10,80.37,78.80,79.31,1202700,69.74
2009-09-21,79.13,79.84,78.09,79.49,1360600,69.90
2009-09-18,79.96,80.60,79.15,80.20,1642300,70.52
2009-09-17,78.90,80.00,78.70,79.53,1712800,69.93
2009-09-16,77.45,79.79,77.25,79.20,2313900,69.64
2009-09-15,75.25,77.23,75.07,77.08,1627100,67.78
2009-09-14,73.50,75.12,72.93,75.06,1538200,66.00
2009-09-11,74.66,74.95,73.54,73.84,2413600,64.93
2009-09-10,75.35,75.53,73.90,74.22,2625800,65.26
2009-09-09,75.66,76.45,75.02,75.56,1451700,66.44
2009-09-08,76.22,76.22,74.94,75.48,1503900,66.37
2009-09-04,74.37,75.16,73.64,75.14,719300,66.07
2009-09-03,74.19,74.35,73.53,74.34,1232400,65.37
2009-09-02,73.98,74.17,73.29,73.52,1592700,64.65
2009-09-01,74.59,75.84,73.71,74.00,1544900,65.07
2009-08-31,75.14,75.52,74.53,75.03,820300,65.98
2009-08-28,76.17,76.66,75.16,75.76,1061000,66.62
2009-08-27,75.52,76.01,73.96,75.64,932800,66.51
2009-08-26,75.38,76.73,74.84,75.61,882400,66.49
2009-08-25,76.31,77.00,75.39,75.57,751000,66.45
2009-08-24,77.22,77.50,75.81,76.13,821600,66.94
2009-08-21,75.22,76.74,75.11,76.64,1326600,67.39
2009-08-20,74.51,74.90,73.95,74.45,787600,65.47
2009-08-19,73.00,74.98,72.59,74.50,959400,65.51
2009-08-18,73.18,73.96,72.97,73.85,1042100,64.94
2009-08-17,72.58,73.53,72.20,73.03,1950200,64.22
2009-08-14,75.94,76.03,73.59,74.31,1169700,65.34
2009-08-13,75.95,76.53,75.29,75.94,823500,66.78
2009-08-12,73.69,75.99,73.54,75.39,913900,66.29
2009-08-11,73.89,74.50,73.22,74.00,1186700,65.07
2009-08-10,74.25,74.25,73.68,74.05,1379100,65.11
2009-08-07,74.57,75.41,73.80,74.63,1352900,65.62
2009-08-06,74.71,75.00,73.60,74.14,1076900,65.19
2009-08-05,74.10,74.95,73.51,74.32,1192700,65.35
2009-08-04,74.30,75.41,74.00,74.63,1206100,65.62
2009-08-03,75.00,75.81,74.56,75.39,1381000,66.29
2009-07-31,74.53,75.57,74.25,74.60,1620800,65.60
2009-07-30,73.67,75.24,73.41,74.46,1320600,65.48
2009-07-29,72.68,72.99,71.51,72.45,1586000,63.71
2009-07-28,74.57,74.57,72.07,73.49,1385400,64.62
2009-07-27,73.06,74.37,72.88,74.08,1276700,65.14
2009-07-24,71.87,73.40,71.45,73.35,1303100,64.50
2009-07-23,69.65,72.96,69.60,72.38,2617500,63.65
2009-07-22,68.73,69.97,66.52,69.88,1609400,61.45
2009-07-21,69.39,69.98,67.74,69.70,1735500,61.29
2009-07-20,67.79,68.89,67.27,68.57,1145400,60.30
2009-07-17,68.12,68.18,67.33,67.76,1075200,59.58
2009-07-16,67.14,68.64,66.95,68.50,1360400,60.23
2009-07-15,65.49,67.50,65.49,67.33,1464600,59.21
2009-07-14,64.84,65.75,64.27,65.05,899900,57.20
2009-07-13,62.82,64.86,62.42,64.86,1087400,57.03
2009-07-10,62.55,63.85,62.05,63.31,1092200,55.67
2009-07-09,62.78,63.77,62.50,63.10,1433700,55.49
2009-07-08,62.31,62.93,61.68,62.16,3101700,54.66
2009-07-07,62.60,62.76,60.52,60.71,1214300,53.38
2009-07-06,61.48,63.01,61.32,62.87,1372500,55.28
2009-07-02,63.80,64.64,62.37,62.37,1077600,54.84
2009-07-01,64.90,65.96,64.31,64.64,1157400,56.84
2009-06-30,65.15,65.71,64.28,64.59,1308000,56.80
2009-06-29,65.19,65.85,64.60,65.57,840800,57.66
2009-06-26,64.71,65.57,64.12,65.19,2485900,56.93
2009-06-25,63.52,64.89,62.82,64.88,1252100,56.66
2009-06-24,63.75,64.65,62.83,63.40,1254900,55.36
2009-06-23,61.98,63.60,61.36,63.24,1741500,55.23
2009-06-22,64.13,64.47,61.87,61.96,1896800,54.11
2009-06-19,65.70,66.19,64.31,64.94,1572600,56.71
2009-06-18,64.47,66.21,64.00,65.53,1506500,57.22
2009-06-17,64.43,66.12,63.91,64.37,2782400,56.21
2009-06-16,66.10,66.17,64.62,64.70,1350500,56.50
2009-06-15,67.32,67.32,65.30,65.76,1501400,57.43
2009-06-12,68.04,68.32,67.12,67.99,1548500,59.37
2009-06-11,67.62,69.93,67.60,68.62,1490000,59.92
2009-06-10,69.18,69.50,66.30,67.73,1304600,59.15
2009-06-09,67.51,68.72,67.36,68.31,1143900,59.65
2009-06-08,68.12,68.12,66.06,67.41,2010000,58.87
2009-06-05,68.76,68.94,67.05,68.23,1687500,59.58
2009-06-04,66.63,68.38,66.28,68.32,1795500,59.66
2009-06-03,68.16,68.16,65.56,66.55,1544200,58.12
2009-06-02,68.05,68.48,67.49,68.29,1532400,59.64
2009-06-01,65.57,68.44,65.57,68.14,1682700,59.50
2009-05-29,63.29,64.89,62.66,64.78,2092600,56.57
2009-05-28,62.69,63.10,61.48,62.69,1270700,54.74
2009-05-27,63.72,64.35,62.16,62.19,1431900,54.31
2009-05-26,61.88,64.23,61.32,63.90,1627000,55.80
2009-05-22,61.45,63.19,61.32,62.38,1292600,54.47
2009-05-21,62.77,62.77,60.77,61.34,1908800,53.57
2009-05-20,64.34,64.99,63.22,63.47,1759600,55.43
2009-05-19,64.41,65.27,63.78,63.91,2195300,55.81
2009-05-18,62.32,64.77,62.06,64.30,2825500,56.15
2009-05-15,61.33,63.10,61.25,61.59,2298100,53.78
2009-05-14,60.05,61.87,60.05,61.57,2573500,53.77
2009-05-13,61.67,61.78,59.60,60.07,1999600,52.46
2009-05-12,62.95,63.15,61.98,62.73,1313400,54.78
2009-05-11,61.75,63.62,61.42,62.59,2074300,54.66
2009-05-08,63.35,64.29,61.66,62.47,3423500,54.55
2009-05-07,66.80,66.81,62.11,62.77,2413900,54.81
2009-05-06,67.13,67.25,65.00,65.57,1891600,57.26
2009-05-05,67.33,67.49,64.93,66.24,1897400,57.84
2009-05-04,66.52,67.89,66.09,67.20,1700700,58.68
2009-05-01,65.79,66.81,64.82,65.75,1181600,57.42
2009-04-30,65.61,67.93,64.89,65.90,2186800,57.55
2009-04-29,63.25,65.42,63.25,64.70,1765800,56.50
2009-04-28,61.99,63.59,61.62,62.87,1380900,54.90
2009-04-27,62.28,63.05,61.29,62.42,1519700,54.51
2009-04-24,61.43,63.26,61.39,62.60,2646300,54.67
2009-04-23,62.98,62.98,60.37,60.98,2791200,53.25
2009-04-22,57.70,62.76,57.09,61.19,3659800,53.44
2009-04-21,57.08,58.38,56.33,58.05,2708900,50.69
2009-04-20,60.17,60.37,57.62,57.79,1610100,50.47
2009-04-17,60.77,60.91,59.64,60.65,1407200,52.96
2009-04-16,60.51,60.82,59.30,60.48,1190200,52.82
2009-04-15,58.70,59.79,58.21,59.79,1151500,52.21
2009-04-14,58.60,59.55,58.06,58.59,1150800,51.16
2009-04-13,59.42,60.09,58.36,59.55,1135500,52.00
2009-04-09,59.66,60.49,59.14,60.08,1082700,52.47
2009-04-08,56.75,58.20,56.42,58.09,1049700,50.73
2009-04-07,57.46,57.78,56.52,56.71,1022600,49.52
2009-04-06,59.78,60.11,57.50,58.61,1686000,51.18
2009-04-03,59.25,60.53,58.37,60.53,1443300,52.86
2009-04-02,59.00,60.20,58.57,59.22,1918600,51.71
2009-04-01,55.54,58.06,54.73,57.58,1499400,50.28
2009-03-31,55.89,57.15,55.62,56.25,1454400,49.12
2009-03-30,56.97,56.97,54.85,55.41,1834600,48.39
2009-03-27,59.38,59.99,58.61,58.77,2207700,50.93
2009-03-26,58.10,60.20,57.99,59.88,1818100,51.89
2009-03-25,57.04,58.93,56.01,57.63,1590000,49.94
2009-03-24,56.37,57.50,55.68,56.44,1844500,48.91
2009-03-23,56.40,56.69,55.41,55.90,3848600,48.44
2009-03-20,55.59,57.15,54.67,55.20,2773900,47.84
2009-03-19,56.65,57.47,55.68,56.80,2521100,49.22
2009-03-18,54.13,56.38,53.82,56.08,3146000,48.60
2009-03-17,53.28,54.62,52.91,54.62,2434000,47.33
2009-03-16,53.40,54.99,52.84,53.30,2562600,46.19
2009-03-13,51.23,53.14,51.22,52.73,2246200,45.69
2009-03-12,49.66,51.59,48.52,51.39,2362800,44.53
2009-03-11,48.88,50.25,48.46,49.81,2241800,43.16
2009-03-10,46.65,48.93,45.65,48.39,2873500,41.93
2009-03-09,45.76,46.99,45.20,45.54,2888000,39.46
2009-03-06,45.62,47.27,45.25,46.41,4690300,40.22
2009-03-05,45.36,45.89,44.89,45.20,3909100,39.17
2009-03-04,44.67,47.19,44.40,46.59,2875600,40.37
2009-03-03,44.82,45.42,43.44,43.80,2072900,37.96
2009-03-02,45.37,46.15,43.87,44.04,2208100,38.16
2009-02-27,46.01,47.18,45.56,46.25,2395000,40.08
2009-02-26,47.81,48.96,46.48,46.71,2185400,40.48
2009-02-25,48.89,49.32,46.83,47.27,2439700,40.96
2009-02-24,47.98,49.42,47.12,49.09,2851100,42.54
2009-02-23,51.72,51.72,47.85,47.93,2564500,41.54
2009-02-20,50.05,52.56,50.01,51.24,3069700,44.40
2009-02-19,53.50,54.53,52.71,53.05,2013500,45.97
2009-02-18,52.33,53.74,52.30,52.84,2211500,45.79
2009-02-17,51.98,52.93,51.51,52.01,1980800,45.07
2009-02-13,54.30,55.00,53.67,54.03,1626800,46.82
2009-02-12,51.60,54.59,51.00,54.53,3075100,47.25
2009-02-11,52.99,53.32,51.41,52.25,2879900,45.28
2009-02-10,55.69,56.37,52.38,52.80,3191200,45.76
2009-02-09,54.08,56.98,53.80,55.85,2378000,48.40
2009-02-06,54.32,56.14,54.08,55.40,3352100,48.01
2009-02-05,52.87,54.98,51.50,54.13,3040800,46.91
2009-02-04,52.20,54.14,52.16,52.55,2177700,45.54
2009-02-03,50.57,52.20,50.37,51.92,2090800,44.99
2009-02-02,49.24,51.20,49.09,50.18,2440000,43.48
2009-01-30,53.21,53.76,49.90,50.30,3323200,43.59
2009-01-29,54.00,55.07,52.95,53.29,2811800,46.18
2009-01-28,55.75,57.23,55.50,56.04,3609900,48.56
2009-01-27,55.08,55.74,54.06,54.75,2789100,47.45
2009-01-26,52.87,55.30,52.79,54.15,3195700,46.93
2009-01-23,51.36,53.50,50.12,52.87,2170100,45.82
2009-01-22,52.42,52.99,50.67,51.92,3176400,44.99
2009-01-21,50.09,54.22,50.08,54.10,3387600,46.88
2009-01-20,56.88,57.00,52.60,52.64,2679200,45.62
2009-01-16,56.84,57.61,55.19,57.02,2905700,49.41
2009-01-15,55.01,56.42,53.26,56.07,2254100,48.59
2009-01-14,55.43,55.43,53.70,54.37,1893500,47.12
2009-01-13,55.19,57.17,55.03,56.22,2302600,48.72
2009-01-12,56.36,56.97,55.38,55.80,2841900,48.36
2009-01-09,57.79,58.08,56.31,56.62,1677900,49.07
2009-01-08,56.40,58.88,55.94,58.13,1989300,50.37
2009-01-07,58.81,58.81,56.56,56.96,3217200,49.36
2009-01-06,56.04,59.64,56.01,59.32,3345600,51.41
2009-01-05,52.90,55.62,52.04,55.35,3067200,47.97
2009-01-02,50.31,53.54,50.02,53.06,1946500,45.98
2008-12-31,48.89,51.00,48.89,50.27,1886800,43.56
2008-12-30,48.16,49.29,47.35,49.18,1762600,42.62
2008-12-29,46.63,48.39,46.63,47.93,2165700,41.15
2008-12-26,46.26,46.75,45.50,46.61,659300,40.02
2008-12-24,45.70,46.32,45.19,45.86,619200,39.38
2008-12-23,45.52,47.25,45.37,45.50,1895100,39.07
2008-12-22,46.40,46.83,45.05,46.11,2391300,39.59
2008-12-19,47.71,47.92,45.87,46.63,4650200,40.04
2008-12-18,49.72,49.98,47.01,47.47,3730700,40.76
2008-12-17,49.77,50.26,48.96,49.37,3503800,42.39
2008-12-16,49.22,50.90,49.06,50.42,2715900,43.29
2008-12-15,49.00,49.64,47.95,48.54,1710100,41.68
2008-12-12,48.53,49.05,47.46,48.59,2560300,41.72
2008-12-11,53.50,53.50,48.68,49.09,2855600,42.15
2008-12-10,53.46,54.48,52.37,53.49,1953000,45.93
2008-12-09,51.24,53.77,50.63,52.89,3348600,45.41
2008-12-08,49.22,52.04,48.74,52.01,3128900,44.66
2008-12-05,45.45,47.77,43.43,47.61,2395900,40.88
2008-12-04,45.06,47.29,44.69,45.84,2781100,39.36
2008-12-03,43.19,46.82,43.19,46.48,2573500,39.91
2008-12-02,43.89,45.54,43.24,45.44,2954400,39.02
2008-12-01,46.71,47.17,43.00,43.31,2969400,37.19
2008-11-28,46.47,47.83,46.35,47.76,1423000,41.01
2008-11-26,45.59,46.82,44.39,46.50,3321700,39.93
2008-11-25,47.54,48.02,45.51,46.93,3478600,40.30
2008-11-24,46.00,47.69,45.00,46.79,3515500,40.17
2008-11-21,42.70,44.87,41.50,44.44,4180500,38.16
2008-11-20,46.27,47.99,41.46,41.65,4600200,35.76
2008-11-19,51.68,52.21,46.83,47.01,2410700,40.36
2008-11-18,51.40,52.55,49.70,51.48,1569700,44.20
2008-11-17,52.41,54.38,51.53,51.64,1251600,44.34
2008-11-14,54.57,55.86,52.55,52.78,2033800,45.32
2008-11-13,50.03,55.48,48.83,55.24,3767600,47.43
2008-11-12,52.88,53.75,51.14,51.21,2044400,43.97
2008-11-11,57.03,57.03,53.19,54.37,1664800,46.68
2008-11-10,58.75,60.24,56.88,57.82,1258800,49.65
2008-11-07,55.01,58.01,54.29,57.60,1837200,49.46
2008-11-06,57.42,58.31,54.25,54.46,1970700,46.76
2008-11-05,60.06,61.36,57.65,57.92,2011500,49.73
2008-11-04,58.97,61.42,58.54,61.05,1837500,52.42
2008-11-03,57.89,59.00,56.94,57.47,1603600,49.35
2008-10-31,55.41,58.80,54.53,58.13,2419000,49.91
2008-10-30,54.53,56.38,53.10,55.78,2568600,47.89
2008-10-29,50.92,55.54,50.03,53.45,3421900,45.89
2008-10-28,48.37,51.33,46.33,51.09,3275600,43.87
2008-10-27,49.70,51.60,47.30,47.30,2651100,40.61
2008-10-24,48.86,52.00,47.04,50.53,2392500,43.39
2008-10-23,55.24,55.85,49.44,52.86,4465600,45.39
2008-10-22,51.50,55.61,50.71,54.98,5163200,47.21
2008-10-21,60.16,61.00,56.46,56.88,2931000,48.84
2008-10-20,58.92,62.12,57.58,62.12,1885900,53.34
2008-10-17,59.58,60.97,57.35,58.41,2099300,50.15
2008-10-16,56.19,60.71,54.65,60.28,4183900,51.76
2008-10-15,62.08,62.97,55.95,56.12,2759400,48.19
2008-10-14,64.94,65.55,62.25,64.00,4876400,54.95
2008-10-13,57.10,63.23,56.33,63.06,2769800,54.14
2008-10-10,52.78,59.35,51.28,55.00,5039900,47.22
2008-10-09,61.59,62.01,55.00,55.06,3004000,47.28
2008-10-08,58.69,63.01,58.19,60.22,4407500,51.71
2008-10-07,62.02,63.48,59.38,60.00,3854500,51.52
2008-10-06,61.53,62.81,57.69,61.93,2977600,53.17
2008-10-03,65.29,66.80,63.00,63.37,2558500,54.41
2008-10-02,66.20,66.78,63.74,64.01,2692500,54.96
2008-10-01,68.01,68.51,65.80,66.90,2220200,57.44
2008-09-30,67.95,69.27,66.77,68.49,2799100,58.81
2008-09-29,69.98,70.05,65.05,66.41,4102900,57.02
2008-09-26,69.89,71.59,69.22,71.43,3066800,60.95
2008-09-25,73.87,74.31,70.17,70.98,5994200,60.57
2008-09-24,72.76,74.25,71.41,73.59,4435300,62.80
2008-09-23,76.77,78.49,72.97,73.22,5248700,62.48
2008-09-22,83.18,83.45,80.13,80.28,2322100,68.51
2008-09-19,81.02,87.99,77.10,83.45,3030600,71.21
2008-09-18,80.24,80.24,72.59,76.37,3862300,65.17
2008-09-17,84.43,84.97,79.03,79.10,3922100,67.50
2008-09-16,83.99,86.65,80.00,86.00,2405800,73.39
2008-09-15,84.26,88.08,84.26,84.98,2047800,72.52
2008-09-12,85.48,87.25,85.00,87.00,2344200,74.24
2008-09-11,83.78,86.25,83.63,85.96,1470500,73.35
2008-09-10,85.00,86.28,83.87,85.16,1897900,72.67
2008-09-09,87.74,87.84,84.55,84.55,2699900,72.15
2008-09-08,88.87,89.93,86.62,87.33,2155100,74.52
2008-09-05,86.79,87.80,84.87,87.21,1679900,74.42
2008-09-04,88.37,88.90,86.09,86.72,1621300,74.00
2008-09-03,91.08,91.62,88.16,88.98,1491500,75.93
2008-09-02,93.35,93.35,90.94,91.09,1498300,77.73
2008-08-29,93.31,93.71,91.85,91.85,791100,78.38
2008-08-28,92.93,93.90,92.61,93.66,958100,79.92
2008-08-27,91.99,92.87,91.54,92.19,1035700,78.67
2008-08-26,90.56,91.81,90.26,91.62,1011900,78.18
2008-08-25,92.34,92.49,90.38,90.85,1093600,77.53
2008-08-22,92.19,93.26,92.05,92.89,1041100,79.27
2008-08-21,91.42,92.27,91.23,91.85,977000,78.38
2008-08-20,91.06,92.01,90.76,91.83,1735200,78.36
2008-08-19,90.09,91.37,90.09,90.90,1398900,77.57
2008-08-18,92.30,92.61,90.18,90.70,1955200,77.40
2008-08-15,90.37,91.48,89.66,90.55,1312400,77.27
2008-08-14,90.25,91.32,89.57,90.30,1642000,77.06
2008-08-13,88.05,91.80,88.05,91.31,2649100,77.92
2008-08-12,87.25,88.85,87.21,88.26,1534600,75.32
2008-08-11,89.91,89.99,86.16,87.22,2189600,74.43
2008-08-08,88.97,90.10,87.74,89.92,1904400,76.73
2008-08-07,90.29,90.29,88.24,88.97,3229600,75.92
2008-08-06,91.76,93.00,90.01,91.23,2502600,77.85
2008-08-05,90.63,92.97,90.63,91.95,2536900,78.46
2008-08-04,92.93,92.95,90.04,90.72,2250800,77.41
2008-08-01,95.71,97.10,92.65,92.96,2010300,79.33
2008-07-31,96.40,96.91,94.96,95.21,1720100,81.25
2008-07-30,96.69,97.20,96.29,97.03,1793400,82.80
2008-07-29,94.90,97.18,94.90,96.28,1753800,82.16
2008-07-28,95.28,96.51,94.64,94.89,1163900,80.97
2008-07-25,95.11,95.79,94.38,95.39,1626700,81.40
2008-07-24,100.14,100.14,94.77,94.83,2592200,80.92
2008-07-23,99.25,99.25,95.90,97.70,2291700,83.37
2008-07-22,97.50,98.99,95.95,98.68,1886000,84.21
2008-07-21,97.22,98.11,96.78,98.00,869400,83.63
2008-07-18,98.64,98.95,96.34,97.22,1551200,82.96
2008-07-17,96.45,99.00,96.12,98.40,1971200,83.97
2008-07-16,95.86,96.52,94.53,96.52,1843300,82.36
2008-07-15,95.49,97.36,94.63,95.94,1471700,81.87
2008-07-14,97.44,98.19,95.71,96.35,1654800,82.22
2008-07-11,96.22,97.27,95.06,96.61,1394000,82.44
2008-07-10,96.93,97.58,95.14,97.14,1791200,82.89
2008-07-09,96.42,97.48,94.80,95.00,1465000,81.07
2008-07-08,95.90,96.63,94.17,96.42,2265100,82.28
2008-07-07,97.66,99.38,94.63,95.52,2552500,81.51
2008-07-03,95.44,97.57,94.56,97.12,1319500,82.88
2008-07-02,99.15,99.99,95.33,95.44,2905300,81.44
2008-07-01,97.67,99.75,95.70,99.49,2489900,84.90
2008-06-30,98.96,99.81,98.53,98.86,1629500,84.36
2008-06-27,98.74,99.67,97.56,98.62,3866500,84.16
2008-06-26,100.02,101.35,98.50,98.50,2194300,83.68
2008-06-25,101.58,102.66,100.41,101.87,1860500,86.54
2008-06-24,103.08,104.15,100.64,101.00,1827500,85.80
2008-06-23,103.19,104.46,101.93,104.15,1234100,88.48
2008-06-20,102.87,104.50,101.59,102.66,1835000,87.21
2008-06-19,103.16,104.49,102.66,103.59,1370500,88.00
2008-06-18,103.60,104.28,102.74,103.14,1205600,87.62
2008-06-17,103.53,104.75,102.93,104.05,1471200,88.39
2008-06-16,102.25,103.10,101.76,102.80,1496000,87.33
2008-06-13,101.26,103.01,101.00,102.73,1556700,87.27
2008-06-12,100.90,101.49,99.73,100.35,1611600,85.25
2008-06-11,101.58,102.57,100.19,100.19,1544700,85.11
2008-06-10,102.02,102.64,100.05,101.91,1719800,86.57
2008-06-09,103.54,103.96,101.98,103.41,1812600,87.85
2008-06-06,104.93,105.89,103.06,103.06,2105700,87.55
2008-06-05,101.86,106.06,101.59,106.03,2462400,90.07
2008-06-04,101.09,103.30,100.83,101.48,1232400,86.21
2008-06-03,100.50,102.12,99.43,101.31,1358400,86.06
2008-06-02,101.32,101.99,99.87,100.40,1163000,85.29
2008-05-30,101.11,102.10,100.65,101.92,1034800,86.58
2008-05-29,100.68,101.83,99.91,101.17,1088400,85.95
2008-05-28,98.87,101.24,98.40,101.07,1345900,85.86
2008-05-27,98.48,98.90,97.24,98.32,885100,83.52
2008-05-23,99.61,99.75,97.68,98.48,1086600,83.66
2008-05-22,100.19,101.66,99.16,99.91,1124600,84.88
2008-05-21,102.75,103.16,99.88,100.09,1028800,85.03
2008-05-20,101.50,103.00,100.80,102.71,1180500,87.25
2008-05-19,102.56,103.22,101.11,101.66,791600,86.36
2008-05-16,102.01,102.65,101.28,102.32,1022000,86.92
2008-05-15,102.26,102.34,101.12,102.19,1112900,86.81
2008-05-14,101.71,102.90,100.98,102.01,1444900,86.66
2008-05-13,99.73,101.18,99.31,101.06,1518900,85.85
2008-05-12,98.00,99.65,96.97,99.54,776400,84.56
2008-05-09,97.99,98.28,96.80,97.93,893200,83.19
2008-05-08,97.28,98.56,97.21,98.44,1125400,83.63
2008-05-07,99.15,99.42,96.80,97.10,1224000,82.49
2008-05-06,99.08,99.65,98.26,99.39,1666400,84.43
2008-05-05,97.29,98.83,97.29,98.61,858100,83.77
2008-05-02,98.40,98.85,97.44,98.26,1368500,83.47
2008-05-01,98.67,98.90,96.22,97.99,1196100,83.24
2008-04-30,98.20,99.82,97.83,98.43,1238300,83.62
2008-04-29,98.57,99.46,97.01,97.40,1038600,82.74
2008-04-28,101.86,101.86,99.60,99.79,981700,84.77
2008-04-25,99.55,101.44,99.19,101.34,1309300,86.09
2008-04-24,97.03,99.69,94.89,98.66,2572600,83.81
2008-04-23,102.68,102.68,96.63,97.08,1988900,82.47
2008-04-22,102.37,102.37,99.40,100.93,1160100,85.74
2008-04-21,100.62,101.91,100.47,101.77,761900,86.46
2008-04-18,101.10,101.94,100.41,101.73,1223700,86.42
2008-04-17,99.06,100.00,96.88,99.30,1280300,84.36
2008-04-16,96.89,99.69,96.32,99.56,1284800,84.58
2008-04-15,95.99,97.75,95.10,95.88,1094200,81.45
2008-04-14,94.59,95.91,94.19,95.03,627100,80.73
2008-04-11,95.25,96.34,94.23,94.59,1019500,80.36
2008-04-10,96.53,97.16,95.44,96.59,950400,82.06
2008-04-09,97.53,98.40,95.68,96.71,734900,82.16
2008-04-08,96.09,97.77,95.90,97.15,965200,82.53
2008-04-07,98.31,99.38,96.81,97.58,1262800,82.90
2008-04-04,96.70,98.36,96.53,97.40,1178600,82.74
2008-04-03,95.10,98.14,95.10,96.72,1320300,82.17
2008-04-02,95.58,96.92,95.02,96.42,1070100,81.91
2008-04-01,93.35,95.69,92.20,95.69,1371900,81.29
2008-03-31,90.04,92.47,89.96,92.00,1258000,78.16
2008-03-28,93.28,93.28,90.90,90.98,1047600,77.29
2008-03-27,93.51,94.13,92.05,92.65,1200600,78.33
2008-03-26,94.21,95.10,93.32,93.66,1253600,79.19
2008-03-25,94.33,95.47,93.56,94.28,1108200,79.71
2008-03-24,90.32,95.61,90.32,93.99,2274600,79.47
2008-03-20,89.99,90.69,88.08,90.14,2501200,76.21
2008-03-19,93.88,95.77,89.87,89.87,1562700,75.98
2008-03-18,90.66,93.83,90.62,93.61,1612000,79.15
2008-03-17,86.86,90.87,86.86,89.53,1594500,75.70
2008-03-14,90.98,91.59,87.00,89.14,1767300,75.37
2008-03-13,88.33,90.97,87.70,90.50,1289600,76.52
2008-03-12,89.49,91.20,89.11,89.39,1337400,75.58
2008-03-11,86.32,89.26,86.09,89.26,2512100,75.47
2008-03-10,87.58,87.64,84.51,84.59,2035500,71.52
2008-03-07,90.67,90.67,87.37,87.68,2046500,74.13
2008-03-06,92.05,92.75,91.09,91.21,1427500,77.12
2008-03-05,90.49,93.32,90.49,92.32,1381500,78.06
2008-03-04,92.15,92.15,89.56,90.53,1716300,76.54
2008-03-03,91.40,92.67,91.09,92.58,1363300,78.28
2008-02-29,92.97,93.41,90.84,91.33,1190100,77.22
2008-02-28,94.93,95.43,93.13,93.94,1698400,79.43
2008-02-27,95.21,96.26,94.72,95.78,925300,80.98
2008-02-26,95.79,96.40,94.30,95.62,1207200,80.85
2008-02-25,93.90,96.09,93.15,96.06,1280500,81.22
2008-02-22,92.78,93.46,91.36,93.44,867400,79.00
2008-02-21,94.90,95.00,92.24,92.42,1047100,78.14
2008-02-20,92.24,94.99,91.84,94.81,1821100,80.16
2008-02-19,92.62,93.81,92.20,92.84,1271200,78.49
2008-02-15,91.41,91.85,90.00,91.75,1080500,77.57
2008-02-14,92.16,92.96,91.33,91.58,1215000,77.43
2008-02-13,92.31,93.53,91.28,92.22,1024700,77.97
2008-02-12,91.15,92.91,90.89,91.79,1466000,77.61
2008-02-11,88.97,91.00,88.86,90.77,895200,76.74
2008-02-08,88.68,90.01,88.07,89.18,1005600,75.40
2008-02-07,89.19,90.21,88.35,89.23,1969000,75.44
2008-02-06,90.07,91.21,89.18,89.41,1624900,75.59
2008-02-05,89.85,91.11,89.24,89.80,1778000,75.92
2008-02-04,92.00,92.30,91.11,91.27,799400,77.17
2008-02-01,90.56,92.55,90.31,92.34,1332900,78.07
2008-01-31,88.29,90.69,87.15,89.67,2288600,75.81
2008-01-30,90.62,92.70,89.23,89.56,2133700,75.72
2008-01-29,91.84,92.77,90.55,91.42,1921500,77.29
2008-01-28,89.71,91.25,89.41,91.25,1473600,77.15
2008-01-25,89.80,90.97,88.93,89.41,2528400,75.59
2008-01-24,86.70,89.67,86.70,88.78,3488800,75.06
2008-01-23,84.20,87.21,80.73,86.76,3322700,73.35
2008-01-22,83.13,85.33,81.00,84.13,3137000,71.13
2008-01-18,85.06,88.50,83.00,85.15,2598000,71.99
2008-01-17,88.98,89.97,84.58,84.64,2418700,71.56
2008-01-16,90.38,90.82,88.22,88.90,2536900,75.16
2008-01-15,92.09,93.83,90.82,90.89,1566700,76.85
2008-01-14,92.70,93.98,90.50,93.87,1267900,79.37
2008-01-11,91.03,92.65,89.91,90.38,2266800,76.42
2008-01-10,90.87,93.89,90.80,92.05,2933700,77.83
2008-01-09,95.08,95.36,92.02,94.65,2937600,80.03
2008-01-08,97.56,97.61,94.04,94.33,2005200,79.75
2008-01-07,97.20,97.27,94.36,96.68,1828800,81.74
2008-01-04,96.82,98.26,95.62,96.42,1959200,81.52
2008-01-03,97.09,97.72,96.29,97.46,1315000,82.40
2008-01-02,98.76,98.80,95.79,96.58,1627900,81.66
