Date,Open,High,Low,Close,Volume,Adj Close
2013-12-31,50.46,50.54,50.10,50.19,467100,49.90
2013-12-30,50.48,50.48,50.07,50.21,488600,49.92
2013-12-27,50.75,50.88,50.43,50.48,680300,50.19
2013-12-26,50.00,50.66,49.86,50.65,671000,50.36
2013-12-24,49.74,49.90,49.62,49.89,193100,49.60
2013-12-23,49.88,49.95,49.41,49.66,656900,49.37
2013-12-20,49.42,49.71,49.26,49.58,970600,49.29
2013-12-19,49.54,49.54,49.20,49.33,441900,49.04
2013-12-18,49.11,49.74,48.66,49.63,912200,49.34
2013-12-17,49.12,49.20,48.57,49.11,892400,48.82
2013-12-16,48.76,49.28,48.30,49.06,871400,48.77
2013-12-13,48.15,48.83,48.11,48.66,677000,48.38
2013-12-12,48.10,48.32,47.94,48.06,865300,47.78
2013-12-11,49.14,49.36,48.03,48.13,854100,47.85
2013-12-10,49.22,49.68,49.01,49.01,709100,48.72
2013-12-09,49.74,49.89,49.28,49.33,782900,49.04
2013-12-06,49.00,49.69,48.95,49.66,840000,49.37
2013-12-05,48.81,49.15,48.16,48.55,1298400,48.27
2013-12-04,48.92,49.49,48.46,49.09,1291100,48.80
2013-12-03,49.25,49.25,48.72,49.03,739900,48.74
2013-12-02,48.60,49.51,48.42,49.36,942000,49.07
2013-11-29,49.05,49.51,48.77,48.90,253000,48.33
2013-11-27,48.92,49.51,48.76,49.08,490600,48.50
2013-11-26,48.99,49.40,48.66,48.73,817200,48.16
2013-11-25,49.41,49.47,48.93,48.96,391400,48.39
2013-11-22,49.12,49.52,48.64,49.37,610700,48.79
2013-11-21,48.28,49.19,48.28,49.12,624700,48.54
2013-11-20,48.17,48.55,47.98,48.10,393300,47.54
2013-11-19,48.30,48.52,47.98,48.04,341900,47.48
2013-11-18,48.58,48.91,48.19,48.28,675800,47.71
2013-11-15,47.85,48.45,47.66,48.28,561800,47.71
2013-11-14,47.74,48.13,47.70,47.97,584600,47.41
2013-11-13,47.16,47.85,46.89,47.85,489000,47.29
2013-11-12,47.14,47.64,47.01,47.41,551300,46.85
2013-11-11,47.51,47.89,47.13,47.30,567100,46.75
2013-11-08,46.16,47.68,46.05,47.57,908100,47.01
2013-11-07,47.08,47.17,46.03,46.17,863400,45.63
2013-11-06,47.08,47.50,46.88,46.99,540800,46.44
2013-11-05,47.26,47.29,46.64,46.95,833200,46.40
2013-11-04,47.54,47.69,47.31,47.55,527800,46.99
2013-11-01,47.30,47.52,47.05,47.37,761200,46.81
2013-10-31,47.04,47.47,46.90,47.12,628200,46.57
2013-10-30,47.43,47.58,46.88,47.24,790900,46.69
2013-10-29,48.03,48.10,47.15,47.29,858900,46.74
2013-10-28,47.83,48.18,47.19,47.84,1297500,47.28
2013-10-25,46.98,49.97,46.49,47.74,2530800,47.18
2013-10-24,43.80,44.26,43.57,44.05,712800,43.53
2013-10-23,43.94,43.97,43.56,43.78,575100,43.27
2013-10-22,44.11,44.50,43.89,44.09,671600,43.57
2013-10-21,44.60,44.76,43.76,44.00,701800,43.48
2013-10-18,44.40,44.66,44.11,44.64,700500,44.12
2013-10-17,43.13,44.14,42.94,44.11,611100,43.59
2013-10-16,43.05,43.29,42.90,43.29,474100,42.78
2013-10-15,43.03,43.30,42.67,42.83,516100,42.33
2013-10-14,42.69,43.18,42.68,43.15,697100,42.64
2013-10-11,43.20,43.32,42.96,43.07,950800,42.57
2013-10-10,42.73,43.44,42.73,43.37,528700,42.86
2013-10-09,42.31,42.60,42.03,42.28,608800,41.78
2013-10-08,42.53,42.75,42.01,42.28,1095300,41.78
2013-10-07,42.60,43.03,42.50,42.70,697900,42.20
2013-10-04,42.81,43.21,42.59,43.05,525500,42.55
2013-10-03,42.77,43.03,42.55,42.82,719100,42.32
2013-10-02,43.14,43.24,42.63,42.91,771400,42.41
2013-10-01,43.49,43.59,43.18,43.28,921600,42.77
2013-09-30,43.19,43.56,43.00,43.52,664700,43.01
2013-09-27,43.59,43.73,43.38,43.57,511000,43.06
2013-09-26,43.52,43.91,43.35,43.89,550300,43.38
2013-09-25,43.75,43.87,43.30,43.47,833600,42.96
2013-09-24,43.73,44.20,43.57,43.76,559900,43.25
2013-09-23,43.99,44.23,43.46,43.69,615200,43.18
2013-09-20,44.41,44.67,44.07,44.14,1003300,43.62
2013-09-19,44.59,44.74,44.26,44.27,692600,43.75
2013-09-18,44.22,44.53,44.13,44.44,983500,43.92
2013-09-17,44.26,44.44,43.99,44.18,865700,43.66
2013-09-16,44.83,44.90,44.15,44.26,973300,43.74
2013-09-13,44.10,44.18,43.74,44.14,430900,43.62
2013-09-12,44.66,44.78,43.90,43.96,461200,43.44
2013-09-11,44.73,44.90,44.39,44.78,642100,44.26
2013-09-10,44.11,44.75,44.06,44.75,935200,44.23
2013-09-09,43.00,43.87,43.00,43.81,587500,43.30
2013-09-06,43.11,43.52,42.47,42.98,605300,42.48
2013-09-05,42.99,43.29,42.91,43.16,709100,42.65
2013-09-04,42.85,43.18,42.79,43.00,742100,42.50
2013-09-03,43.30,43.66,42.77,42.89,923700,42.39
2013-08-30,43.36,43.77,42.63,42.76,614000,42.26
2013-08-29,43.07,43.89,43.06,43.61,550000,42.81
2013-08-28,43.14,43.32,42.60,43.26,716500,42.47
2013-08-27,43.95,44.24,43.13,43.18,549000,42.39
2013-08-26,44.26,44.84,44.16,44.45,440000,43.64
2013-08-23,44.45,44.52,43.88,44.23,321700,43.42
2013-08-22,44.03,44.54,44.03,44.41,293300,43.60
2013-08-21,44.22,44.33,43.79,43.96,329800,43.16
2013-08-20,44.42,44.59,44.14,44.35,323100,43.54
2013-08-19,44.32,44.58,44.13,44.30,611900,43.49
2013-08-16,43.97,44.75,43.80,44.27,653700,43.46
2013-08-15,44.80,44.88,44.05,44.06,662400,43.25
2013-08-14,46.09,46.27,45.12,45.27,620200,44.44
2013-08-13,45.64,46.18,45.38,46.15,682400,45.31
2013-08-12,45.91,46.06,45.47,45.51,527100,44.68
2013-08-09,45.82,46.20,45.65,45.86,946700,45.02
2013-08-08,45.02,46.03,44.98,45.90,897600,45.06
2013-08-07,44.56,44.91,44.09,44.86,866600,44.04
2013-08-06,45.34,45.42,44.51,44.72,715400,43.90
2013-08-05,45.73,45.86,45.29,45.43,411600,44.60
2013-08-02,45.97,46.03,45.54,45.73,630200,44.89
2013-08-01,45.09,46.18,45.09,46.10,820000,45.26
2013-07-31,44.53,44.89,44.21,44.73,1051100,43.91
2013-07-30,44.21,44.60,44.21,44.34,578100,43.53
2013-07-29,44.04,44.31,43.97,44.16,614700,43.35
2013-07-26,43.94,44.17,43.49,44.15,936100,43.34
2013-07-25,43.78,44.29,43.71,44.20,873400,43.39
2013-07-24,44.81,44.99,43.72,43.93,834000,43.13
2013-07-23,45.98,46.96,44.46,44.62,1375700,43.80
2013-07-22,44.63,44.97,44.11,44.40,655800,43.59
2013-07-19,44.90,44.99,44.66,44.79,572300,43.97
2013-07-18,44.32,45.05,44.24,45.00,516200,44.18
2013-07-17,44.26,44.49,43.95,44.25,980200,43.44
2013-07-16,44.77,44.82,43.98,44.06,729900,43.25
2013-07-15,44.73,44.77,44.56,44.76,618100,43.94
2013-07-12,44.59,44.82,44.43,44.70,646400,43.88
2013-07-11,45.01,45.05,44.60,44.75,565800,43.93
2013-07-10,44.95,44.95,44.17,44.40,800900,43.59
2013-07-09,45.23,45.44,44.87,45.00,695900,44.18
2013-07-08,44.64,45.02,44.55,44.93,642100,44.11
2013-07-05,43.87,44.44,43.65,44.44,281300,43.63
2013-07-03,43.03,43.69,43.03,43.54,386100,42.74
2013-07-02,43.44,43.96,43.16,43.38,389300,42.59
2013-07-01,42.96,43.66,42.85,43.52,551700,42.72
2013-06-28,42.58,42.98,42.35,42.76,990900,41.98
2013-06-27,42.44,43.01,42.22,42.73,519100,41.95
2013-06-26,42.37,42.55,41.89,42.16,545400,41.39
2013-06-25,41.48,42.26,41.42,42.09,502100,41.32
2013-06-24,41.21,41.43,40.71,41.08,509600,40.33
2013-06-21,42.15,42.24,41.25,41.67,603000,40.91
2013-06-20,42.88,42.90,41.76,41.87,771800,41.10
2013-06-19,44.09,44.09,43.40,43.40,690700,42.61
2013-06-18,43.52,44.25,43.44,44.11,397700,43.30
2013-06-17,43.31,43.71,43.15,43.44,301300,42.65
2013-06-14,43.19,43.32,42.81,43.04,323600,42.25
2013-06-13,42.66,43.34,42.54,43.20,437100,42.41
2013-06-12,43.29,43.35,42.60,42.69,294200,41.91
2013-06-11,43.08,43.48,42.83,42.97,352200,42.18
2013-06-10,43.51,43.58,43.09,43.55,324600,42.75
2013-06-07,43.09,43.45,42.65,43.39,470900,42.60
2013-06-06,42.27,42.80,41.85,42.79,741900,42.01
2013-06-05,42.94,42.94,41.83,42.30,650300,41.53
2013-06-04,43.27,43.60,42.62,43.10,467300,42.31
2013-06-03,43.40,43.43,42.48,43.26,655700,42.47
2013-05-31,43.80,44.32,43.50,43.50,681200,42.42
2013-05-30,43.78,44.35,43.73,44.01,476800,42.92
2013-05-29,44.08,44.32,43.46,43.77,459000,42.68
2013-05-28,44.07,44.75,44.07,44.37,550400,43.27
2013-05-24,43.43,43.71,43.14,43.66,357100,42.58
2013-05-23,43.14,43.96,43.02,43.68,526800,42.60
2013-05-22,44.22,44.67,43.26,43.42,595600,42.34
2013-05-21,44.59,44.72,43.94,44.29,569700,43.19
2013-05-20,44.15,44.70,44.15,44.46,452400,43.36
2013-05-17,44.24,44.66,44.08,44.28,750900,43.18
2013-05-16,44.18,44.92,44.13,44.19,662100,43.09
2013-05-15,43.40,44.45,43.20,44.36,1131300,43.26
2013-05-14,42.74,43.76,42.65,43.51,705500,42.43
2013-05-13,43.37,43.51,42.78,42.87,685900,41.81
2013-05-10,42.89,43.45,42.89,43.44,403700,42.36
2013-05-09,43.43,43.61,42.80,42.91,591900,41.84
2013-05-08,42.98,43.49,42.86,43.47,850700,42.39
2013-05-07,42.58,43.06,42.43,43.02,488400,41.95
2013-05-06,42.34,42.58,42.08,42.54,399300,41.48
2013-05-03,41.66,42.62,41.66,42.39,673600,41.34
2013-05-02,40.60,41.40,39.72,41.30,975900,40.27
2013-05-01,41.22,41.42,40.67,40.69,698500,39.68
2013-04-30,41.70,41.70,41.03,41.45,1132800,40.42
2013-04-29,41.57,41.86,41.06,41.71,759200,40.67
2013-04-26,41.48,41.74,41.29,41.45,492700,40.42
2013-04-25,42.45,42.52,41.38,41.55,1093200,40.52
2013-04-24,41.22,42.80,40.17,42.25,2597800,41.20
2013-04-23,41.12,41.46,40.89,41.29,739500,40.26
2013-04-22,40.90,41.19,40.51,40.89,526400,39.87
2013-04-19,40.24,41.14,40.23,40.81,800200,39.80
2013-04-18,40.90,40.93,39.92,40.13,1254000,39.13
2013-04-17,41.41,42.87,40.43,40.78,906300,39.77
2013-04-16,41.54,41.89,41.45,41.66,831300,40.63
2013-04-15,42.66,42.74,41.25,41.25,908700,40.23
2013-04-12,43.31,43.31,42.67,42.81,991700,41.75
2013-04-11,43.11,43.49,43.01,43.42,851300,42.34
2013-04-10,43.14,43.25,42.45,43.12,1793500,42.05
2013-04-09,42.60,43.17,42.35,43.07,1019900,42.00
2013-04-08,41.58,42.56,41.39,42.46,865800,41.41
2013-04-05,41.23,41.73,41.12,41.51,1066500,40.48
2013-04-04,41.63,42.24,41.46,41.82,900400,40.78
2013-04-03,42.19,42.41,41.09,41.57,1061800,40.54
2013-04-02,42.54,42.76,42.07,42.20,864100,41.15
2013-04-01,43.08,43.14,42.30,42.39,499700,41.34
2013-03-28,42.86,43.15,42.41,43.07,839100,42.00
2013-03-27,42.62,42.92,42.37,42.79,582800,41.73
2013-03-26,43.10,43.22,42.81,42.91,620400,41.84
2013-03-25,43.11,43.38,42.61,42.85,547100,41.79
2013-03-22,42.90,43.06,42.65,42.95,725400,41.88
2013-03-21,42.92,43.05,42.57,42.76,697000,41.70
2013-03-20,43.11,43.28,42.90,43.10,665200,42.03
2013-03-19,43.57,43.64,42.73,42.90,837100,41.83
2013-03-18,43.00,43.54,42.75,43.40,588700,42.32
2013-03-15,43.35,43.52,42.48,43.27,1484000,42.20
2013-03-14,43.08,43.64,43.08,43.58,1023200,42.50
2013-03-13,42.87,43.28,42.68,43.01,1204000,41.94
2013-03-12,42.63,42.88,42.56,42.88,794000,41.82
2013-03-11,42.06,42.65,42.00,42.63,769900,41.57
2013-03-08,41.93,42.22,41.81,42.16,724300,41.11
2013-03-07,41.77,42.00,41.61,41.78,483200,40.74
2013-03-06,41.92,42.16,41.61,41.70,819300,40.66
2013-03-05,41.34,41.93,41.34,41.80,911600,40.76
2013-03-04,40.41,41.22,40.27,41.13,938400,40.11
2013-03-01,40.63,41.01,40.35,40.88,916300,39.60
2013-02-28,40.72,41.29,40.52,40.85,1269000,39.57
2013-02-27,39.90,40.87,39.79,40.72,972200,39.45
2013-02-26,38.98,39.84,38.96,39.82,898900,38.57
2013-02-25,39.75,39.89,38.80,38.80,937700,37.59
2013-02-22,39.48,39.68,39.24,39.60,673800,38.36
2013-02-21,39.55,39.62,38.97,39.31,1227600,38.08
2013-02-20,40.06,40.11,39.57,39.64,810300,38.40
2013-02-19,39.71,40.21,39.68,40.07,1017400,38.82
2013-02-15,39.72,40.04,39.50,39.73,776700,38.49
2013-02-14,39.58,40.72,39.55,39.69,1310000,38.45
2013-02-13,39.50,39.86,39.43,39.61,708400,38.37
2013-02-12,39.21,39.70,39.20,39.43,810500,38.20
2013-02-11,39.17,39.33,39.09,39.21,863900,37.98
2013-02-08,39.11,39.43,39.06,39.25,1004000,38.02
2013-02-07,39.14,39.24,38.58,39.10,1045600,37.88
2013-02-06,38.58,39.20,38.46,39.19,662500,37.96
2013-02-05,38.56,39.30,38.56,38.76,976600,37.55
2013-02-04,38.61,38.62,38.10,38.37,1033700,37.17
2013-02-01,38.60,39.32,38.54,38.71,1229900,37.50
2013-01-31,38.45,38.93,38.42,38.51,1351900,37.31
2013-01-30,39.88,40.00,37.65,38.44,4511800,37.24
2013-01-29,35.94,36.22,35.92,36.14,1150500,35.01
2013-01-28,36.00,36.10,35.92,36.01,1067500,34.88
2013-01-25,36.07,36.11,35.84,36.00,1020500,34.87
2013-01-24,36.01,36.13,35.78,35.94,1020600,34.82
2013-01-23,35.68,36.02,35.66,35.99,727900,34.86
2013-01-22,35.87,35.99,35.56,35.80,884300,34.68
2013-01-18,35.85,36.02,35.68,35.93,731400,34.81
2013-01-17,36.00,36.06,35.74,35.98,717100,34.85
2013-01-16,35.87,36.02,35.74,35.85,638700,34.73
2013-01-15,35.78,35.98,35.52,35.96,365600,34.84
2013-01-14,35.89,36.01,35.69,35.96,480800,34.84
2013-01-11,36.00,36.25,35.79,35.86,709700,34.74
2013-01-10,36.41,36.42,35.95,36.05,714600,34.92
2013-01-09,36.02,36.51,36.02,36.20,1083800,35.07
2013-01-08,36.63,36.68,35.97,35.97,792600,34.85
2013-01-07,36.25,36.76,36.25,36.68,797200,35.53
2013-01-04,35.86,36.60,35.80,36.44,1123200,35.30
2013-01-03,36.17,36.17,35.36,35.73,1113200,34.61
2013-01-02,35.35,35.66,35.25,35.48,1272200,34.37
2012-12-31,34.30,34.96,34.18,34.92,550800,33.83
2012-12-28,34.71,34.93,34.40,34.40,724400,33.32
2012-12-27,34.77,34.97,34.57,34.89,757800,33.80
2012-12-26,34.81,34.98,34.53,34.76,446200,33.67
2012-12-24,34.76,34.85,34.57,34.76,211800,33.67
2012-12-21,34.64,34.93,34.39,34.77,1605300,33.68
2012-12-20,34.72,34.98,34.55,34.97,609400,33.88
2012-12-19,34.76,34.97,34.44,34.73,784500,33.64
2012-12-18,34.13,34.89,34.03,34.76,576400,33.67
2012-12-17,34.07,34.15,33.83,34.09,656200,33.02
2012-12-14,33.87,34.27,33.54,34.00,563200,32.94
2012-12-13,33.99,34.15,33.73,33.92,530600,32.86
2012-12-12,34.15,34.30,33.93,34.02,585000,32.96
2012-12-11,33.96,34.19,33.85,34.09,616700,33.02
2012-12-10,33.51,34.24,33.43,33.88,756000,32.82
2012-12-07,33.48,33.56,33.30,33.55,385500,32.50
2012-12-06,33.22,33.57,33.07,33.48,557800,32.43
2012-12-05,33.26,33.45,32.87,33.25,445900,32.21
2012-12-04,33.08,33.47,32.95,33.29,342200,32.25
2012-12-03,33.53,33.53,32.96,33.10,513500,32.06
2012-11-30,33.64,33.90,33.21,33.45,831300,32.14
2012-11-29,33.66,34.09,33.39,33.63,462200,32.32
2012-11-28,33.57,33.76,32.99,33.70,472500,32.38
2012-11-27,33.75,33.96,32.99,33.65,505900,32.33
2012-11-26,33.70,35.32,33.63,33.85,746800,32.53
2012-11-23,33.35,33.82,33.02,33.79,216900,32.47
2012-11-21,33.05,33.45,33.02,33.23,379400,31.93
2012-11-20,32.38,33.09,32.19,33.06,598300,31.77
2012-11-19,32.38,32.75,32.14,32.37,577200,31.10
2012-11-16,31.79,32.03,31.38,31.99,674100,30.74
2012-11-15,32.22,32.42,31.70,31.76,659600,30.52
2012-11-14,32.61,32.85,32.12,32.23,995900,30.97
2012-11-13,32.80,33.03,32.50,32.55,519200,31.28
2012-11-12,32.99,33.24,32.53,32.80,518300,31.52
2012-11-09,32.91,33.52,32.86,32.98,530700,31.69
2012-11-08,33.33,33.71,32.98,32.98,791100,31.69
2012-11-07,33.82,33.86,32.98,33.33,786900,32.03
2012-11-06,33.74,34.16,33.47,34.06,1020100,32.73
2012-11-05,33.03,33.84,32.80,33.71,801700,32.39
2012-11-02,33.28,34.17,33.11,33.20,1013600,31.90
2012-11-01,32.40,32.95,32.31,32.86,563100,31.58
2012-10-31,32.37,33.37,32.17,32.38,643800,31.11
2012-10-26,32.50,32.60,31.81,32.25,747900,30.99
2012-10-25,32.50,32.99,32.29,32.46,919400,31.19
2012-10-24,31.92,33.87,31.52,32.25,2020500,30.99
2012-10-23,29.66,30.02,29.27,29.75,587100,28.59
2012-10-22,30.20,30.38,29.85,30.08,450700,28.90
2012-10-19,30.76,30.76,30.19,30.34,569600,29.15
2012-10-18,31.04,31.04,30.69,30.84,767900,29.63
2012-10-17,30.52,31.18,30.42,31.12,706800,29.90
2012-10-16,30.24,30.54,30.18,30.41,528600,29.22
2012-10-15,29.54,30.10,29.34,30.08,492700,28.90
2012-10-12,30.10,30.25,29.53,29.55,624700,28.39
2012-10-11,30.11,30.36,30.02,30.04,552900,28.87
2012-10-10,29.86,30.17,29.82,29.88,808000,28.71
2012-10-09,30.06,30.14,29.88,29.90,640100,28.73
2012-10-08,29.97,30.19,29.95,30.02,824500,28.85
2012-10-05,30.01,30.30,29.70,30.05,1084800,28.88
2012-10-04,29.72,30.52,29.50,30.07,1864200,28.89
2012-10-03,31.83,31.90,31.31,31.45,588500,30.22
2012-10-02,31.94,32.10,31.60,31.81,822900,30.57
2012-10-01,31.94,32.30,31.79,31.89,779000,30.64
2012-09-28,31.65,31.90,31.15,31.82,851200,30.58
2012-09-27,31.40,31.76,31.11,31.67,646700,30.43
2012-09-26,31.18,31.40,31.09,31.26,564100,30.04
2012-09-25,31.36,31.54,31.04,31.20,972900,29.98
2012-09-24,30.93,31.43,30.92,31.28,838900,30.06
2012-09-21,31.02,31.22,30.64,31.16,1061500,29.94
2012-09-20,31.09,31.10,30.77,30.85,666300,29.64
2012-09-19,31.16,31.47,31.16,31.28,415900,30.06
2012-09-18,31.42,31.42,30.96,31.17,421600,29.95
2012-09-17,31.75,31.75,31.30,31.44,536100,30.21
2012-09-14,30.90,31.97,30.90,31.84,982300,30.60
2012-09-13,30.66,31.08,30.38,30.95,828100,29.74
2012-09-12,30.83,30.98,30.45,30.64,921100,29.44
2012-09-11,30.60,30.86,30.53,30.69,664800,29.49
2012-09-10,30.66,31.05,30.60,30.61,532900,29.41
2012-09-07,30.64,30.93,30.64,30.76,478300,29.56
2012-09-06,30.17,30.91,30.06,30.81,819100,29.61
2012-09-05,29.39,30.04,29.22,29.86,1679500,28.69
2012-09-04,31.25,31.25,28.91,29.60,2486400,28.44
2012-08-31,31.12,31.42,30.85,31.23,712700,30.01
2012-08-30,31.17,31.19,30.77,31.00,436000,29.53
2012-08-29,31.08,31.72,31.05,31.37,535600,29.88
2012-08-28,31.01,31.23,30.86,31.07,413900,29.60
2012-08-27,31.59,31.64,31.00,31.02,543400,29.55
2012-08-24,31.29,31.59,31.20,31.50,518700,30.00
2012-08-23,31.59,31.59,31.18,31.33,548000,29.84
2012-08-22,31.82,31.84,31.51,31.61,498800,30.11
2012-08-21,32.07,32.26,31.73,31.89,630600,30.38
2012-08-20,31.94,32.23,31.78,31.96,479600,30.44
2012-08-17,31.91,32.13,31.83,32.04,609000,30.52
2012-08-16,31.25,31.96,31.25,31.84,557700,30.33
2012-08-15,31.29,31.51,31.22,31.29,534400,29.80
2012-08-14,31.77,31.81,31.36,31.46,470200,29.97
2012-08-13,31.72,31.95,31.39,31.56,473200,30.06
2012-08-10,31.44,31.79,31.27,31.77,646400,30.26
2012-08-09,31.61,31.80,31.47,31.57,636900,30.07
2012-08-08,31.24,31.87,31.24,31.62,647400,30.12
2012-08-07,31.37,31.62,31.17,31.48,578900,29.99
2012-08-06,31.25,31.40,30.96,31.23,654000,29.75
2012-08-03,31.06,31.47,31.03,31.12,590200,29.64
2012-08-02,30.56,30.81,30.16,30.54,887900,29.09
2012-08-01,30.94,31.27,30.71,30.72,1066700,29.26
2012-07-31,31.23,31.37,30.78,30.79,1064300,29.33
2012-07-30,30.87,31.33,30.71,31.32,816500,29.83
2012-07-27,30.58,31.29,30.47,30.87,1020200,29.40
2012-07-26,30.61,30.81,29.97,30.31,888800,28.87
2012-07-25,29.98,30.40,29.52,29.91,1282000,28.49
2012-07-24,28.32,30.88,28.32,30.31,3070400,28.87
2012-07-23,28.12,28.38,27.79,28.24,720900,26.90
2012-07-20,29.14,29.49,28.70,28.74,1089800,27.38
2012-07-19,29.26,29.50,29.17,29.31,1050600,27.92
2012-07-18,28.54,29.25,28.49,29.12,627800,27.74
2012-07-17,28.16,28.66,27.89,28.59,661900,27.23
2012-07-16,28.00,28.25,27.71,28.14,655100,26.80
2012-07-13,27.47,28.10,27.43,28.02,635100,26.69
2012-07-12,27.60,27.62,27.32,27.37,1257000,26.07
2012-07-11,27.53,27.87,27.45,27.80,1175400,26.48
2012-07-10,27.49,27.80,27.37,27.51,1348600,26.20
2012-07-09,27.26,27.44,27.03,27.43,998300,26.13
2012-07-06,27.02,27.38,26.96,27.37,1007600,26.07
2012-07-05,27.62,27.77,27.30,27.41,604000,26.11
2012-07-03,27.22,27.82,26.98,27.77,408500,26.45
2012-07-02,27.49,27.55,27.01,27.22,738300,25.93
2012-06-29,27.42,27.51,27.20,27.34,581100,26.04
2012-06-28,26.44,26.81,26.32,26.73,692000,25.46
2012-06-27,26.55,26.71,26.27,26.63,901000,25.37
2012-06-26,26.72,26.77,26.18,26.38,1213900,25.13
2012-06-25,27.14,27.15,26.54,26.55,856400,25.29
2012-06-22,27.64,27.68,27.31,27.51,997800,26.20
2012-06-21,28.16,28.27,27.38,27.40,607900,26.10
2012-06-20,28.35,28.50,27.97,28.06,911300,26.73
2012-06-19,27.84,28.65,27.84,28.39,749700,27.04
2012-06-18,27.65,27.87,27.52,27.76,597300,26.44
2012-06-15,27.25,27.83,27.19,27.81,1362800,26.49
2012-06-14,27.10,27.30,26.83,27.06,1170400,25.78
2012-06-13,27.63,27.66,26.96,27.02,974600,25.74
2012-06-12,27.92,28.04,27.58,27.70,1205300,26.39
2012-06-11,28.66,28.67,27.75,27.82,765000,26.50
2012-06-08,27.93,28.56,27.79,28.32,1258900,26.98
2012-06-07,28.45,29.32,28.01,28.09,850800,26.76
2012-06-06,27.69,28.21,27.53,28.21,802600,26.87
2012-06-05,27.30,27.78,27.24,27.37,968100,26.07
2012-06-04,28.03,28.12,27.14,27.36,1161300,26.06
2012-06-01,28.85,28.85,28.05,28.12,963300,26.53
2012-05-31,29.22,29.25,28.85,29.11,1512000,27.46
2012-05-30,30.06,30.18,29.20,29.20,1069900,27.55
2012-05-29,29.54,30.46,29.50,30.43,680600,28.71
2012-05-25,29.35,29.58,29.26,29.45,892300,27.78
2012-05-24,29.07,29.49,28.90,29.33,978800,27.67
2012-05-23,28.74,29.49,28.72,29.41,1128000,27.75
2012-05-22,29.31,29.31,28.79,29.00,1050700,27.36
2012-05-21,28.83,29.25,28.49,29.09,1160300,27.44
2012-05-18,29.05,29.22,28.58,28.68,887100,27.06
2012-05-17,29.56,29.71,28.91,28.91,727200,27.27
2012-05-16,30.01,30.30,29.46,29.51,922200,27.84
2012-05-15,30.26,30.46,29.81,29.89,733100,28.20
2012-05-14,30.34,30.50,30.12,30.20,742000,28.49
2012-05-11,30.50,31.02,30.39,30.73,706100,28.99
2012-05-10,31.05,31.16,30.61,30.68,815400,28.94
2012-05-09,30.58,31.01,30.43,30.78,1181800,29.04
2012-05-08,31.15,31.15,30.48,31.00,1179800,29.25
2012-05-07,31.32,31.65,31.27,31.29,917100,29.52
2012-05-04,32.07,32.17,31.25,31.45,1449700,29.67
2012-05-03,32.46,32.78,32.26,32.27,1062600,30.44
2012-05-02,32.12,32.54,31.89,32.42,801200,30.58
2012-05-01,31.92,32.64,31.82,32.36,1099900,30.53
2012-04-30,32.35,32.36,31.91,31.98,1201900,30.17
2012-04-27,32.47,32.51,32.20,32.39,896100,30.56
2012-04-26,31.55,32.46,31.28,32.35,1205200,30.52
2012-04-25,31.66,32.10,31.38,31.53,1161600,29.75
2012-04-24,30.90,31.36,30.85,31.28,851300,29.51
2012-04-23,30.63,30.94,30.17,30.87,818900,29.12
2012-04-20,31.00,31.68,30.98,31.07,1267200,29.31
2012-04-19,31.19,31.52,30.72,30.89,797700,29.14
2012-04-18,30.97,31.24,30.72,31.14,716200,29.38
2012-04-17,30.64,31.37,30.62,31.17,937300,29.41
2012-04-16,30.51,30.82,30.10,30.39,634700,28.67
2012-04-13,30.52,30.52,29.90,30.32,1318000,28.60
2012-04-12,29.73,30.79,29.71,30.64,1106700,28.91
2012-04-11,29.14,29.71,29.03,29.68,1144300,28.00
2012-04-10,29.59,29.59,28.68,28.80,1362100,27.17
2012-04-09,29.31,29.78,29.31,29.68,1162800,28.00
2012-04-05,29.59,30.07,29.51,29.86,1099600,28.17
2012-04-04,29.65,29.86,29.40,29.77,1131800,28.08
2012-04-03,29.97,30.14,29.75,29.89,1102100,28.20
2012-04-02,29.84,30.33,29.73,30.02,1168900,28.32
2012-03-30,30.46,30.47,29.97,30.13,959200,28.42
2012-03-29,29.83,30.27,29.76,30.17,642600,28.46
2012-03-28,30.34,30.48,29.93,30.14,1118300,28.43
2012-03-27,29.84,30.60,29.84,30.36,1519100,28.64
2012-03-26,29.43,29.85,29.30,29.81,762300,28.12
2012-03-23,28.69,29.19,28.58,29.11,774500,27.46
2012-03-22,29.00,29.09,28.53,28.68,674900,27.06
2012-03-21,29.42,29.45,29.04,29.27,613900,27.61
2012-03-20,29.67,29.76,29.39,29.41,645600,27.75
2012-03-19,29.90,30.18,29.75,29.90,981500,28.21
2012-03-16,29.82,30.02,29.68,29.91,973000,28.22
2012-03-15,29.37,29.85,29.07,29.81,985600,28.12
2012-03-14,29.58,29.83,29.27,29.39,505300,27.73
2012-03-13,29.19,29.66,28.98,29.62,754700,27.94
2012-03-12,29.08,29.39,29.02,29.06,465000,27.41
2012-03-09,28.76,29.47,28.76,29.15,561600,27.50
2012-03-08,28.49,28.88,28.17,28.77,1425300,27.14
2012-03-07,28.51,28.74,28.04,28.31,1064900,26.71
2012-03-06,29.08,29.29,28.46,28.50,1564400,26.89
2012-03-05,29.74,29.74,29.17,29.49,1081400,27.82
2012-03-02,29.93,30.49,29.80,29.97,1381500,28.02
2012-03-01,30.50,30.87,29.66,29.91,1852100,27.96
2012-02-29,30.94,31.29,30.47,30.50,749000,28.51
2012-02-28,31.08,31.11,30.68,30.86,741500,28.85
2012-02-27,30.68,31.10,30.48,31.03,972600,29.01
2012-02-24,30.92,31.10,30.77,30.80,1317800,28.79
2012-02-23,30.30,30.95,30.05,30.85,1279100,28.84
2012-02-22,30.23,30.61,30.21,30.36,929300,28.38
2012-02-21,30.41,30.75,30.26,30.33,661600,28.36
2012-02-17,30.07,30.29,29.65,30.24,836800,28.27
2012-02-16,29.21,30.11,29.17,29.84,956900,27.90
2012-02-15,29.55,29.58,28.94,29.18,811200,27.28
2012-02-14,29.83,29.83,29.08,29.35,1847700,27.44
2012-02-13,29.42,29.90,29.35,29.89,1133800,27.94
2012-02-10,29.39,29.50,28.99,29.20,1554900,27.30
2012-02-09,29.83,30.03,29.43,29.75,1656400,27.81
2012-02-08,29.50,29.95,29.44,29.77,1635300,27.83
2012-02-07,28.80,29.50,28.65,29.44,1488000,27.52
2012-02-06,28.49,28.86,28.37,28.84,798300,26.96
2012-02-03,29.12,29.23,28.54,28.56,1416100,26.70
2012-02-02,28.59,29.10,28.57,28.79,1878200,26.92
2012-02-01,28.02,28.85,28.02,28.53,3238600,26.67
2012-01-31,26.54,27.43,25.52,27.15,4866200,25.38
2012-01-30,28.57,28.72,28.03,28.70,1253800,26.83
2012-01-27,29.13,29.39,28.74,28.78,881000,26.91
2012-01-26,28.89,29.31,28.86,29.24,1031400,27.34
2012-01-25,28.57,28.76,28.36,28.70,997400,26.83
2012-01-24,28.81,28.88,28.55,28.61,896400,26.75
2012-01-23,29.26,29.33,28.88,28.93,531400,27.05
2012-01-20,29.27,29.51,29.05,29.22,761100,27.32
2012-01-19,29.03,29.49,28.86,29.34,1007700,27.43
2012-01-18,28.43,28.94,28.21,28.90,1473500,27.02
2012-01-17,29.23,29.23,28.39,28.42,1406100,26.57
2012-01-13,29.49,29.52,28.79,28.80,1153900,26.92
2012-01-12,29.92,30.12,29.56,29.74,894600,27.80
2012-01-11,29.54,29.95,29.38,29.80,598400,27.86
2012-01-10,29.91,30.15,29.57,29.65,685500,27.72
2012-01-09,29.75,29.85,29.32,29.46,659100,27.54
2012-01-06,29.25,30.31,28.98,29.59,1551900,27.66
2012-01-05,29.14,29.54,28.73,29.23,1526300,27.33
2012-01-04,29.28,29.45,28.54,29.43,1592500,27.51
2012-01-03,29.54,30.10,29.04,29.31,2419600,27.40
2011-12-30,28.76,28.82,28.43,28.68,688200,26.81
2011-12-29,28.49,28.80,28.30,28.77,596900,26.90
2011-12-28,28.65,28.65,28.28,28.39,1091200,26.54
2011-12-27,28.47,28.73,28.39,28.62,496200,26.76
2011-12-23,28.57,28.66,28.26,28.64,566800,26.78
2011-12-22,28.05,28.44,27.99,28.35,801700,26.50
2011-12-21,27.90,28.05,27.43,27.95,821900,26.13
2011-12-20,27.39,27.98,27.39,27.91,923700,26.09
2011-12-19,27.69,27.83,26.68,26.80,1033600,25.06
2011-12-16,27.56,27.99,27.23,27.47,3863200,25.68
2011-12-15,27.52,27.55,27.12,27.28,1062600,25.50
2011-12-14,27.31,27.63,26.90,27.12,1322000,25.35
2011-12-13,28.24,28.49,27.24,27.44,1511800,25.65
2011-12-12,28.09,28.15,27.34,28.06,1682900,26.23
2011-12-09,27.28,28.71,27.26,28.56,1612400,26.70
2011-12-08,27.54,27.60,27.02,27.10,1298800,25.34
2011-12-07,27.54,27.96,27.19,27.82,1084000,26.01
2011-12-06,27.40,27.94,27.07,27.72,1397400,25.92
2011-12-05,26.96,27.38,26.84,27.30,1911000,25.52
2011-12-02,27.28,27.38,26.65,26.97,2183200,24.98
2011-12-01,26.25,27.05,26.25,26.90,1270900,24.92
2011-11-30,26.03,26.22,25.67,26.21,1909000,24.28
2011-11-29,25.04,25.53,24.84,25.29,932800,23.42
2011-11-28,25.10,25.20,24.70,24.90,866900,23.06
2011-11-25,23.98,24.73,23.98,24.25,486900,22.46
2011-11-23,24.61,24.66,24.01,24.08,918600,22.30
2011-11-22,25.17,25.19,24.71,24.87,799000,23.04
2011-11-21,25.60,25.62,24.97,25.22,1070300,23.36
2011-11-18,26.20,26.28,25.80,26.05,680800,24.13
2011-11-17,26.39,26.46,25.86,26.06,1064800,24.14
2011-11-16,26.79,26.99,26.39,26.42,1016700,24.47
2011-11-15,26.44,27.16,26.19,27.03,1460100,25.04
2011-11-14,25.77,26.63,25.64,26.54,3126500,24.58
2011-11-11,26.05,26.20,25.86,26.03,1412900,24.11
2011-11-10,25.79,25.94,25.29,25.63,1113500,23.74
2011-11-09,25.84,25.98,25.30,25.43,1125800,23.55
2011-11-08,26.50,26.76,25.90,26.53,960100,24.57
2011-11-07,26.78,26.97,25.88,26.34,1299300,24.40
2011-11-04,26.58,26.78,26.08,26.61,1146800,24.65
2011-11-03,26.48,26.98,26.02,26.92,1312600,24.93
2011-11-02,26.21,26.54,25.83,26.15,1260600,24.22
2011-11-01,25.72,26.06,25.28,25.60,2036000,23.71
2011-10-31,27.02,27.26,26.59,26.60,1609100,24.64
2011-10-28,27.73,28.04,27.23,27.44,1772300,25.42
2011-10-27,26.49,28.39,26.28,27.80,3652100,25.75
2011-10-26,24.96,25.66,24.46,25.40,4864100,23.53
2011-10-25,26.91,26.95,26.11,26.27,1843300,24.33
2011-10-24,26.51,27.43,26.27,27.25,1237200,25.24
2011-10-21,25.83,26.41,25.61,26.40,1639000,24.45
2011-10-20,25.39,25.83,25.22,25.55,1764500,23.67
2011-10-19,26.86,26.86,25.38,25.44,2710500,23.56
2011-10-18,26.08,27.20,25.95,27.03,1735400,25.04
2011-10-17,27.31,27.31,26.00,26.07,1385600,24.15
2011-10-14,27.28,27.65,26.96,27.54,966400,25.51
2011-10-13,27.00,27.07,26.28,26.89,833700,24.91
2011-10-12,26.88,27.41,26.83,27.11,1272600,25.11
2011-10-11,26.79,27.08,26.49,26.71,1082200,24.74
2011-10-10,26.94,27.15,26.56,27.06,1043700,25.06
2011-10-07,26.77,26.83,25.98,26.40,1545700,24.45
2011-10-06,26.30,26.62,25.93,26.58,1635200,24.62
2011-10-05,25.35,26.49,25.16,26.40,1383300,24.45
2011-10-04,23.59,25.38,23.52,25.35,1704400,23.48
2011-10-03,24.93,25.43,23.96,23.97,1661000,22.20
2011-09-30,26.15,26.34,25.08,25.08,1436100,23.23
2011-09-29,26.26,26.80,25.90,26.48,1269100,24.53
2011-09-28,26.51,26.85,25.66,25.69,1283700,23.79
2011-09-27,26.78,27.35,26.23,26.38,1523500,24.43
2011-09-26,26.06,26.27,25.56,26.22,2183700,24.29
2011-09-23,24.94,25.98,24.90,25.86,1436800,23.95
2011-09-22,25.05,25.40,24.84,25.06,2043200,23.21
2011-09-21,27.16,27.59,25.90,25.92,1109900,24.01
2011-09-20,27.49,28.21,27.25,27.29,1040000,25.28
2011-09-19,27.24,27.53,26.75,27.39,1315900,25.37
2011-09-16,27.82,28.15,27.66,27.78,1069500,25.73
2011-09-15,27.44,27.85,27.18,27.69,1032500,25.65
2011-09-14,26.55,27.53,25.89,27.05,1099900,25.05
2011-09-13,25.81,26.61,25.77,26.38,1190900,24.43
2011-09-12,25.63,26.13,24.97,25.78,1327400,23.88
2011-09-09,26.68,26.68,25.74,25.95,750800,24.04
2011-09-08,27.25,27.59,26.80,26.86,655700,24.88
2011-09-07,26.84,27.45,26.84,27.42,1032800,25.40
2011-09-06,26.23,26.59,26.07,26.31,1053900,24.37
2011-09-02,27.51,28.27,27.02,27.11,1017800,25.11
2011-09-01,29.03,29.22,28.29,28.37,1147300,26.05
2011-08-31,29.22,29.51,28.86,29.11,771900,26.72
2011-08-30,28.52,29.18,28.37,29.06,852400,26.68
2011-08-29,27.87,28.83,27.70,28.80,2622200,26.44
2011-08-26,26.58,27.45,26.26,27.42,2359000,25.17
2011-08-25,27.42,27.59,26.56,26.92,2998000,24.71
2011-08-24,26.46,27.36,26.24,27.33,1089500,25.09
2011-08-23,25.50,26.53,25.28,26.53,1271700,24.36
2011-08-22,26.71,26.76,25.25,25.30,2124600,23.23
2011-08-19,25.90,26.96,25.87,26.05,1297400,23.92
2011-08-18,26.75,26.75,26.00,26.27,2743700,24.12
2011-08-17,27.39,27.71,27.16,27.45,1275900,25.20
2011-08-16,27.37,27.62,27.07,27.25,1217800,25.02
2011-08-15,27.61,27.74,27.30,27.66,985900,25.39
2011-08-12,27.14,27.52,26.88,27.42,1264900,25.17
2011-08-11,26.21,27.43,26.03,27.08,2241700,24.86
2011-08-10,26.51,26.58,25.95,26.02,3163300,23.89
2011-08-09,26.79,27.06,25.85,26.99,5077600,24.78
2011-08-08,28.48,29.11,26.29,26.30,3045800,24.15
2011-08-05,29.49,29.55,28.39,29.12,1829600,26.73
2011-08-04,29.58,29.62,28.93,28.99,2517500,26.61
2011-08-03,30.11,30.48,29.61,29.99,1853100,27.53
2011-08-02,31.09,31.34,30.11,30.11,1301300,27.64
2011-08-01,31.90,32.04,30.82,31.45,1746800,28.87
2011-07-29,31.24,31.91,30.92,31.55,1774300,28.96
2011-07-28,31.94,32.05,31.54,31.54,1396600,28.96
2011-07-27,32.77,33.01,31.50,31.65,2825600,29.06
2011-07-26,33.62,33.66,32.82,33.03,1823700,30.32
2011-07-25,33.26,33.54,33.00,33.34,1411700,30.61
2011-07-22,33.42,33.72,33.28,33.69,1080800,30.93
2011-07-21,32.96,33.58,32.73,33.45,1785900,30.71
2011-07-20,32.58,33.05,32.20,32.86,3602400,30.17
2011-07-19,33.13,33.93,32.55,32.65,6990300,29.97
2011-07-18,38.22,38.41,37.73,37.81,608600,34.71
2011-07-15,38.36,38.45,38.06,38.41,717700,35.26
2011-07-14,38.47,38.84,38.00,38.18,663000,35.05
2011-07-13,38.47,38.87,38.27,38.33,544500,35.19
2011-07-12,38.61,38.74,38.28,38.31,645500,35.17
2011-07-11,38.64,38.79,38.35,38.49,801300,35.34
2011-07-08,39.06,39.23,38.81,39.12,598200,35.91
2011-07-07,38.86,39.64,38.78,39.59,1046600,36.35
2011-07-06,38.53,38.71,38.19,38.45,1339200,35.30
2011-07-05,38.97,38.97,38.40,38.57,613800,35.41
2011-07-01,38.57,39.21,38.47,39.02,683200,35.82
2011-06-30,38.24,38.91,38.19,38.63,852800,35.46
2011-06-29,38.09,38.39,37.77,38.09,494500,34.97
2011-06-28,37.55,37.96,37.49,37.94,664600,34.83
2011-06-27,37.25,37.65,37.05,37.44,613800,34.37
2011-06-24,37.80,37.88,37.05,37.19,899900,34.14
2011-06-23,36.46,37.81,36.46,37.78,1353500,34.68
2011-06-22,37.18,37.48,37.03,37.05,387200,34.01
2011-06-21,37.05,37.57,36.99,37.38,892400,34.32
2011-06-20,36.44,36.89,36.16,36.80,874000,33.78
2011-06-17,36.60,36.87,36.29,36.65,1207000,33.65
2011-06-16,36.47,36.60,35.95,36.33,1262500,33.35
2011-06-15,36.93,36.95,36.39,36.47,931900,33.48
2011-06-14,37.08,37.42,36.84,37.26,910800,34.21
2011-06-13,36.49,36.86,36.40,36.70,1352300,33.69
2011-06-10,36.87,37.10,36.30,36.38,1044400,33.40
2011-06-09,37.49,37.49,36.64,36.98,1277600,33.95
2011-06-08,36.98,37.48,36.45,37.27,2463800,34.22
2011-06-07,38.58,38.60,36.96,37.00,2515400,33.97
2011-06-06,39.84,40.10,38.38,38.44,2099000,35.29
2011-06-03,40.80,40.80,40.27,40.34,1242000,37.03
2011-06-02,41.45,41.59,41.02,41.38,752400,37.99
2011-06-01,42.22,42.22,41.29,41.34,1174400,37.95
2011-05-31,42.07,42.37,41.65,42.34,801800,38.87
2011-05-27,41.61,41.78,41.41,41.72,458400,38.30
2011-05-26,41.06,41.83,40.98,41.65,1236100,38.01
2011-05-25,40.53,41.44,40.50,41.18,1657100,37.58
2011-05-24,41.06,41.32,40.65,40.79,470700,37.22
2011-05-23,40.98,41.21,40.75,40.98,491800,37.40
2011-05-20,42.49,42.49,41.48,41.53,744000,37.90
2011-05-19,42.34,42.60,41.98,42.53,514500,38.81
2011-05-18,41.74,42.20,41.43,42.18,633200,38.49
2011-05-17,41.73,41.91,41.42,41.79,592900,38.14
2011-05-16,41.70,42.23,41.54,41.90,564200,38.24
2011-05-13,42.34,42.50,41.69,41.80,572700,38.14
2011-05-12,42.18,42.45,41.83,42.34,619000,38.64
2011-05-11,42.72,42.76,42.07,42.32,452100,38.62
2011-05-10,42.55,42.92,42.53,42.79,448900,39.05
2011-05-09,42.36,42.63,42.04,42.55,454600,38.83
2011-05-06,42.63,43.10,42.26,42.33,872400,38.63
2011-05-05,41.48,42.16,41.29,42.02,832500,38.35
2011-05-04,42.10,42.28,41.61,41.72,525300,38.07
2011-05-03,42.17,42.38,41.87,42.14,705200,38.46
2011-05-02,41.96,42.30,41.79,42.22,1125000,38.53
2011-04-29,42.52,42.58,41.38,41.74,1384100,38.09
2011-04-28,43.08,43.20,42.25,42.50,1230100,38.78
2011-04-27,43.21,43.52,42.00,43.10,1744000,39.33
2011-04-26,41.89,43.28,41.83,43.11,1300000,39.34
2011-04-25,41.53,41.96,41.38,41.63,776600,37.99
2011-04-21,41.96,41.97,41.49,41.59,508600,37.95
2011-04-20,41.66,42.03,41.55,41.70,532000,38.05
2011-04-19,41.04,41.46,41.02,41.10,737800,37.51
2011-04-18,41.29,41.31,40.85,41.02,512900,37.43
2011-04-15,41.27,41.92,41.11,41.85,697200,38.19
2011-04-14,40.94,41.24,40.50,41.14,527200,37.54
2011-04-13,41.56,41.65,40.91,41.12,658400,37.52
2011-04-12,41.64,41.76,41.16,41.30,649200,37.69
2011-04-11,42.11,42.30,41.81,41.94,480500,38.27
2011-04-08,42.70,42.82,41.65,42.05,558900,38.37
2011-04-07,42.53,42.79,42.20,42.51,390900,38.79
2011-04-06,42.68,42.73,42.35,42.61,341200,38.88
2011-04-05,42.12,42.53,41.65,42.48,585100,38.77
2011-04-04,42.21,42.23,41.81,42.16,485400,38.47
2011-04-01,42.32,42.60,42.01,42.09,611100,38.41
2011-03-31,41.93,42.18,41.66,41.96,824400,38.29
2011-03-30,41.29,42.24,41.13,42.12,1095200,38.44
2011-03-29,40.91,41.09,40.56,41.03,1107300,37.44
2011-03-28,41.31,41.43,40.92,40.96,547100,37.38
2011-03-25,41.21,41.43,40.94,41.20,881800,37.60
2011-03-24,41.56,41.75,41.09,41.20,1395000,37.60
2011-03-23,41.32,41.50,40.78,41.32,434000,37.71
2011-03-22,41.63,41.77,41.45,41.47,353100,37.84
2011-03-21,41.64,41.83,41.52,41.72,637800,38.07
2011-03-18,40.89,41.38,40.78,41.10,1351700,37.51
2011-03-17,40.82,40.99,40.13,40.17,914900,36.66
2011-03-16,40.87,40.99,39.81,40.07,1218900,36.57
2011-03-15,40.49,41.19,40.30,40.99,1123500,37.41
2011-03-14,41.21,41.78,41.11,41.69,1030200,38.04
2011-03-11,40.64,41.82,40.64,41.58,864200,37.94
2011-03-10,41.11,41.20,40.47,40.78,977400,37.21
2011-03-09,41.43,41.66,41.03,41.55,889600,37.92
2011-03-08,41.23,41.76,40.72,41.49,1225500,37.86
2011-03-07,41.70,41.85,40.92,41.21,1393600,37.61
2011-03-04,41.70,41.94,41.30,41.50,1516800,37.87
2011-03-03,40.91,41.85,40.91,41.71,1227000,38.06
2011-03-02,39.73,40.69,39.60,40.52,1432900,36.98
2011-03-01,40.05,40.82,39.44,39.78,1391800,36.30
2011-02-28,39.42,39.93,39.31,39.92,1044800,36.43
2011-02-25,39.23,39.51,39.20,39.36,576800,35.69
2011-02-24,39.31,39.81,38.83,39.12,1003000,35.47
2011-02-23,40.00,40.18,38.99,39.23,822600,35.57
2011-02-22,40.70,40.80,39.80,39.97,1006900,36.24
2011-02-18,41.10,41.17,40.70,41.10,832300,37.27
2011-02-17,40.91,41.20,40.66,41.08,419900,37.25
2011-02-16,40.73,40.99,40.59,40.95,621600,37.13
2011-02-15,40.18,40.66,40.14,40.51,830300,36.73
2011-02-14,40.33,40.50,40.02,40.41,625900,36.64
2011-02-11,39.57,40.36,39.53,40.28,803100,36.52
2011-02-10,39.77,39.96,39.49,39.76,1019200,36.05
2011-02-09,40.00,40.23,39.51,40.10,1999900,36.36
2011-02-08,39.19,39.58,39.15,39.39,788900,35.72
2011-02-07,38.98,39.44,38.94,39.20,1070400,35.54
2011-02-04,39.16,39.32,38.39,38.78,1392700,35.16
2011-02-03,41.21,41.37,38.81,39.15,2877000,35.50
2011-02-02,41.68,42.71,40.90,41.11,1972900,37.28
2011-02-01,42.37,42.74,41.75,41.80,1308400,37.90
2011-01-31,41.57,42.19,41.47,42.09,647900,38.17
2011-01-28,42.21,42.50,41.22,41.39,916300,37.53
2011-01-27,42.35,42.39,41.93,42.13,613800,38.20
2011-01-26,42.19,42.55,41.88,42.33,408700,38.38
2011-01-25,41.76,42.01,41.47,42.01,377400,38.09
2011-01-24,41.50,41.91,41.35,41.88,579500,37.98
2011-01-21,41.58,41.74,41.24,41.49,750000,37.62
2011-01-20,41.48,41.71,41.24,41.41,536900,37.55
2011-01-19,42.28,42.40,41.38,41.57,627400,37.69
2011-01-18,42.15,42.46,42.12,42.40,661500,38.45
2011-01-14,41.55,42.29,41.37,42.09,838400,38.17
2011-01-13,41.72,41.84,41.37,41.51,579100,37.64
2011-01-12,41.46,41.92,41.20,41.83,717700,37.93
2011-01-11,41.26,41.35,40.70,41.06,642000,37.23
2011-01-10,40.73,41.08,40.34,40.99,594000,37.17
2011-01-07,41.26,41.58,40.53,40.98,866400,37.16
2011-01-06,41.71,41.77,40.82,41.12,1119400,37.29
2011-01-05,41.62,42.34,41.39,41.61,919400,37.73
2011-01-04,42.03,42.03,41.48,41.89,1562800,37.98
2011-01-03,42.64,42.64,41.65,41.83,1293200,37.93
2010-12-31,42.35,42.66,42.29,42.34,438400,38.39
2010-12-30,42.36,42.68,42.27,42.44,476800,38.48
2010-12-29,42.37,42.79,42.33,42.46,486900,38.50
2010-12-28,42.62,42.63,42.16,42.24,601900,38.30
2010-12-27,42.24,42.57,42.23,42.49,412000,38.53
2010-12-23,42.34,42.78,42.30,42.43,444900,38.47
2010-12-22,42.20,42.67,42.20,42.47,663500,38.51
2010-12-21,42.28,42.50,42.04,42.21,800800,38.27
2010-12-20,42.40,42.45,42.10,42.14,764400,38.21
2010-12-17,42.16,42.47,41.96,42.30,1111000,38.36
2010-12-16,41.75,42.49,41.75,42.19,831400,38.26
2010-12-15,41.63,41.99,41.63,41.73,775300,37.84
2010-12-14,41.45,41.97,41.30,41.70,863900,37.81
2010-12-13,41.50,41.74,41.39,41.39,662200,37.53
2010-12-10,41.28,41.41,40.78,41.38,617600,37.52
2010-12-09,41.01,41.26,40.76,41.10,575700,37.27
2010-12-08,40.85,41.05,40.55,40.76,841800,36.96
2010-12-07,40.42,41.08,40.25,40.75,1374700,36.95
2010-12-06,39.84,40.13,39.80,39.99,867900,36.26
2010-12-03,39.57,40.26,39.50,39.85,876200,36.13
2010-12-02,38.56,39.75,38.51,39.68,1136800,35.98
2010-12-01,38.25,38.72,38.20,38.59,823600,34.99
2010-11-30,37.44,37.91,37.36,37.54,1015400,34.04
2010-11-29,37.76,37.87,37.11,37.78,835400,34.26
2010-11-26,38.09,38.45,37.93,38.17,348700,34.43
2010-11-24,37.63,38.60,37.63,38.41,813400,34.65
2010-11-23,37.24,37.68,37.10,37.52,1015100,33.84
2010-11-22,37.48,37.79,37.18,37.72,870700,34.02
2010-11-19,36.96,37.73,36.96,37.72,992900,34.02
2010-11-18,36.65,37.29,36.65,37.07,848100,33.44
2010-11-17,36.13,36.34,36.07,36.26,1408900,32.71
2010-11-16,36.35,36.55,35.85,36.04,1458500,32.51
2010-11-15,36.58,37.08,36.58,36.74,931800,33.14
2010-11-12,36.88,36.93,36.32,36.44,615100,32.87
2010-11-11,36.71,37.24,36.59,37.10,1168700,33.46
2010-11-10,36.92,37.22,36.83,37.06,1067300,33.43
2010-11-09,37.52,37.69,36.87,37.01,1118800,33.38
2010-11-08,37.80,37.99,37.37,37.43,782900,33.76
2010-11-05,37.78,38.00,37.62,37.99,884000,34.27
2010-11-04,36.87,37.86,36.67,37.79,1224700,34.09
2010-11-03,36.32,36.71,35.95,36.38,1555900,32.81
2010-11-02,36.11,36.36,36.02,36.31,2841300,32.75
2010-11-01,36.53,36.53,35.56,35.80,1663400,32.29
2010-10-29,36.66,36.92,36.31,36.35,1120600,32.79
2010-10-28,37.75,37.75,36.75,36.78,1880300,33.18
2010-10-27,37.61,38.65,37.10,37.99,2343200,34.27
2010-10-26,39.22,39.85,39.08,39.16,1448200,35.32
2010-10-25,39.21,39.77,39.21,39.51,910600,35.64
2010-10-22,38.97,39.12,38.70,38.90,761400,35.09
2010-10-21,39.17,39.35,38.53,38.98,561600,35.16
2010-10-20,38.14,39.26,37.97,39.02,759600,35.20
2010-10-19,37.67,38.33,37.52,37.99,1065600,34.27
2010-10-18,38.23,38.54,38.17,38.28,736700,34.53
2010-10-15,38.36,38.74,37.84,38.24,1870200,34.49
2010-10-14,38.39,38.69,37.85,38.15,458200,34.41
2010-10-13,38.39,38.58,38.09,38.42,654200,34.66
2010-10-12,38.26,38.28,37.73,38.18,611800,34.44
2010-10-11,38.08,38.47,37.86,38.29,419700,34.54
2010-10-08,37.63,38.19,37.51,38.04,414100,34.31
2010-10-07,37.87,37.91,37.36,37.59,421200,33.91
2010-10-06,37.79,37.91,37.58,37.74,562400,34.04
2010-10-05,37.07,38.05,36.86,37.73,773600,34.03
2010-10-04,37.19,37.46,36.44,36.68,878000,33.09
2010-10-01,37.32,37.54,36.88,37.24,481400,33.59
2010-09-30,37.39,37.90,36.99,37.12,829300,33.48
2010-09-29,36.62,37.45,36.52,37.18,785300,33.54
2010-09-28,36.38,36.80,35.54,36.73,716400,33.13
2010-09-27,36.46,36.77,36.30,36.36,663100,32.80
2010-09-24,36.09,36.65,35.98,36.46,943000,32.89
2010-09-23,35.59,36.23,35.39,35.53,676200,32.05
2010-09-22,36.48,36.82,35.76,36.02,715600,32.49
2010-09-21,36.89,36.89,36.33,36.56,591000,32.98
2010-09-20,36.25,37.00,36.04,36.89,967100,33.28
2010-09-17,35.86,36.41,35.55,36.15,885800,32.61
2010-09-16,35.10,35.85,34.95,35.64,632100,32.15
2010-09-15,35.21,35.57,34.98,35.47,657900,31.99
2010-09-14,35.35,35.51,34.68,35.32,601700,31.86
2010-09-13,35.06,35.61,34.92,35.39,654200,31.92
2010-09-10,34.65,35.10,34.55,34.61,644000,31.22
2010-09-09,34.87,34.96,34.35,34.49,533500,31.11
2010-09-08,34.25,34.59,34.15,34.44,578100,31.07
2010-09-07,34.69,34.69,34.24,34.31,546200,30.95
2010-09-03,34.81,35.00,34.55,34.89,548600,31.47
2010-09-02,33.76,34.34,33.56,34.27,741400,30.91
2010-09-01,33.07,33.87,32.88,33.78,741300,30.47
2010-08-31,32.26,32.79,32.02,32.52,1047400,29.33
2010-08-30,32.53,32.78,32.38,32.39,712100,29.22
2010-08-27,32.46,33.00,31.97,32.99,875800,29.58
2010-08-26,32.54,32.81,31.95,32.16,802800,28.83
2010-08-25,32.42,32.52,31.66,32.33,1962300,28.99
2010-08-24,32.87,33.01,32.34,32.73,867300,29.34
2010-08-23,33.91,34.31,33.31,33.37,882100,29.92
2010-08-20,33.73,34.08,33.36,33.81,597700,30.31
2010-08-19,34.65,34.75,33.64,34.05,688700,30.53
2010-08-18,34.86,35.16,34.61,34.89,518300,31.28
2010-08-17,34.40,35.08,34.19,34.86,701800,31.25
2010-08-16,33.84,34.36,33.76,34.17,663000,30.63
2010-08-13,34.26,34.53,34.10,34.14,550900,30.61
2010-08-12,34.06,34.81,33.97,34.44,859500,30.88
2010-08-11,35.31,35.45,34.35,34.69,1386100,31.10
2010-08-10,36.16,36.54,35.75,36.06,1080500,32.33
2010-08-09,36.36,36.56,36.20,36.46,565800,32.69
2010-08-06,35.98,36.31,35.25,36.18,1001200,32.44
2010-08-05,36.22,36.54,36.08,36.43,823500,32.66
2010-08-04,36.59,36.74,36.25,36.56,920900,32.78
2010-08-03,36.95,37.16,36.48,36.56,711400,32.78
2010-08-02,36.61,37.07,36.47,36.93,1132300,33.11
2010-07-30,35.69,36.40,35.56,35.85,1748300,32.14
2010-07-29,36.51,36.82,35.73,36.20,2539200,32.45
2010-07-28,38.26,38.81,35.74,36.17,2712000,32.43
2010-07-27,38.32,38.32,37.43,37.91,1197800,33.99
2010-07-26,37.30,38.27,37.25,38.04,1427400,34.10
2010-07-23,35.08,37.22,34.89,37.14,2011800,33.30
2010-07-22,34.53,35.60,34.43,35.15,841400,31.51
2010-07-21,34.79,34.79,33.73,34.03,574500,30.51
2010-07-20,33.26,34.49,33.16,34.45,677600,30.89
2010-07-19,33.67,33.98,33.35,33.87,522900,30.37
2010-07-16,34.51,34.51,33.49,33.56,814200,30.09
2010-07-15,34.81,34.81,34.06,34.67,500000,31.08
2010-07-14,34.77,35.15,34.59,34.88,683000,31.27
2010-07-13,35.12,35.48,34.93,34.97,1218900,31.35
2010-07-12,34.45,34.93,34.30,34.76,940200,31.16
2010-07-09,34.08,34.65,33.92,34.62,787900,31.04
2010-07-08,33.68,34.08,33.47,33.99,910200,30.47
2010-07-07,31.93,33.46,31.93,33.46,1727600,30.00
2010-07-06,32.28,32.60,31.34,31.67,1413800,28.39
2010-07-02,32.19,32.33,31.64,31.87,802000,28.57
2010-07-01,32.07,32.37,31.27,32.11,2005000,28.79
2010-06-30,32.29,32.79,32.00,32.13,1623500,28.81
2010-06-29,33.60,33.61,32.16,32.39,1953200,29.04
2010-06-28,34.51,34.51,33.82,34.19,1028200,30.65
2010-06-25,33.87,34.54,33.50,34.37,1887300,30.81
2010-06-24,33.82,34.04,33.28,33.71,1301100,30.22
2010-06-23,33.79,34.12,33.15,33.95,1124500,30.44
2010-06-22,34.64,35.10,33.96,34.04,1251100,30.52
2010-06-21,35.61,35.61,34.31,34.55,1256600,30.98
2010-06-18,35.28,35.39,34.98,35.19,830400,31.55
2010-06-17,35.81,35.82,34.89,35.21,917500,31.57
2010-06-16,35.23,36.03,34.99,35.73,2325300,32.03
2010-06-15,34.78,35.60,34.46,35.57,2310300,31.89
2010-06-14,34.37,34.92,34.30,34.40,2736100,30.84
2010-06-11,32.88,34.06,32.69,34.05,2528200,30.53
2010-06-10,32.38,33.24,32.31,33.22,1212300,29.78
2010-06-09,31.55,32.05,31.33,31.67,2157600,28.39
2010-06-08,31.25,31.79,30.89,31.38,1770400,28.13
2010-06-07,32.11,32.17,31.29,31.32,1840100,28.08
2010-06-04,33.43,33.45,32.02,32.10,2027700,28.78
2010-06-03,33.71,34.48,33.71,34.10,993800,30.57
2010-06-02,33.12,33.81,33.00,33.77,986000,30.28
2010-06-01,33.83,34.18,33.04,33.05,1257500,29.63
2010-05-28,34.55,34.60,33.75,34.18,1341200,30.64
2010-05-27,34.03,34.65,33.65,34.64,1043500,30.88
2010-05-26,33.86,34.06,33.16,33.38,1272400,29.75
2010-05-25,33.04,33.64,32.56,33.64,1509800,29.99
2010-05-24,33.68,34.56,33.67,33.95,1098000,30.26
2010-05-21,33.17,34.43,32.94,34.11,1875000,30.40
2010-05-20,34.55,34.56,33.58,33.71,1965100,30.05
2010-05-19,35.49,35.82,34.94,35.43,1584800,31.58
2010-05-18,36.64,37.18,35.52,35.62,1480200,31.75
2010-05-17,36.05,36.61,35.68,36.34,2099600,32.39
2010-05-14,36.56,36.74,35.58,35.85,1024600,31.96
2010-05-13,37.42,37.74,36.92,36.93,1071900,32.92
2010-05-12,37.76,38.02,37.29,37.66,2131900,33.57
2010-05-11,37.39,38.25,37.01,37.65,1216700,33.56
2010-05-10,36.84,37.91,36.80,37.69,2188100,33.60
2010-05-07,36.52,37.05,35.53,35.65,2822900,31.78
2010-05-06,38.02,38.61,34.46,36.49,1824200,32.53
2010-05-05,38.02,38.51,37.85,38.26,2280600,34.10
2010-05-04,38.74,38.87,37.82,38.15,1967200,34.01
2010-05-03,39.36,39.46,38.89,39.16,1989600,34.91
2010-04-30,40.49,40.79,39.03,39.03,2087500,34.79
2010-04-29,40.58,40.89,40.25,40.40,2506100,36.01
2010-04-28,41.65,43.00,40.02,40.27,2435900,35.90
2010-04-27,41.74,43.33,40.58,41.39,5653700,36.89
2010-04-26,39.20,39.75,39.18,39.30,1279100,35.03
2010-04-23,38.58,39.38,38.44,39.32,1375500,35.05
2010-04-22,37.75,38.63,37.73,38.57,1292300,34.38
2010-04-21,37.69,38.10,37.69,38.10,1168800,33.96
2010-04-20,37.27,37.73,37.03,37.66,1551600,33.57
2010-04-19,37.31,37.50,36.65,36.98,1510400,32.96
2010-04-16,37.92,38.02,37.16,37.36,1194800,33.30
2010-04-15,37.88,38.24,37.77,38.08,959300,33.94
2010-04-14,37.50,37.90,37.49,37.88,1431700,33.76
2010-04-13,37.30,37.52,37.13,37.46,1163000,33.39
2010-04-12,37.50,37.62,37.12,37.38,1635700,33.32
2010-04-09,37.25,37.45,36.84,37.39,1036900,33.33
2010-04-08,37.08,37.37,36.92,37.22,781400,33.18
2010-04-07,36.97,37.53,36.97,37.31,1605000,33.26
2010-04-06,36.41,37.13,36.41,37.13,814200,33.10
2010-04-05,36.58,36.61,36.33,36.55,662200,32.58
2010-04-01,36.63,36.91,36.01,36.40,1111500,32.45
2010-03-31,35.99,36.62,35.91,36.41,1849700,32.45
2010-03-30,36.12,36.25,35.61,36.17,1071400,32.24
2010-03-29,35.61,36.08,35.58,36.08,1609000,32.16
2010-03-26,35.04,35.52,34.91,35.45,1479200,31.60
2010-03-25,35.27,35.46,34.97,34.98,1166500,31.18
2010-03-24,35.64,35.64,35.01,35.06,1380400,31.25
2010-03-23,35.40,35.75,34.99,35.74,1544100,31.86
2010-03-22,34.91,35.46,34.91,35.39,2005600,31.55
2010-03-19,35.03,35.24,34.62,35.03,2458300,31.22
2010-03-18,34.63,34.84,34.50,34.79,1246200,31.01
2010-03-17,34.15,34.72,34.14,34.63,1653000,30.87
2010-03-16,33.57,34.15,33.44,34.05,1393100,30.35
2010-03-15,33.32,33.79,33.12,33.61,1525500,29.96
2010-03-12,33.23,33.66,32.79,33.31,2518900,29.69
2010-03-11,32.25,33.06,32.03,33.04,2322200,29.45
2010-03-10,32.04,32.50,31.89,32.36,1565200,28.84
2010-03-09,31.31,32.30,31.14,32.07,1943000,28.59
2010-03-08,31.11,31.46,30.73,31.38,1472700,27.97
2010-03-05,30.89,31.26,30.80,31.15,1541000,27.77
2010-03-04,30.53,30.86,30.22,30.79,2413400,27.45
2010-03-03,31.83,31.93,31.38,31.43,1488600,28.02
2010-03-02,32.04,32.04,31.54,31.67,1414700,28.23
2010-03-01,31.64,32.16,31.23,31.84,1059600,28.38
2010-02-26,31.51,32.00,31.33,31.60,1020100,27.99
2010-02-25,31.27,31.66,30.82,31.51,1190200,27.91
2010-02-24,31.58,31.92,31.42,31.73,1273800,28.10
2010-02-23,31.94,32.22,31.48,31.52,1391700,27.92
2010-02-22,32.00,32.44,31.69,32.04,2049100,28.38
2010-02-19,31.72,31.96,31.34,31.80,2941300,28.17
2010-02-18,32.10,32.43,31.80,32.05,2322300,28.39
2010-02-17,32.57,32.85,31.73,32.10,2447600,28.43
2010-02-16,32.29,32.61,32.10,32.60,1698700,28.87
2010-02-12,31.90,32.29,31.55,32.09,1372800,28.42
2010-02-11,32.02,32.58,31.80,32.34,1456700,28.64
2010-02-10,32.48,32.48,31.87,32.17,1648500,28.49
2010-02-09,33.03,33.06,31.91,32.54,1982000,28.82
2010-02-08,32.82,33.25,32.40,32.51,1499200,28.79
2010-02-05,32.62,32.94,32.11,32.77,2272900,29.03
2010-02-04,32.83,33.11,32.65,32.71,1800500,28.97
2010-02-03,33.29,33.56,32.70,33.14,1399800,29.35
2010-02-02,33.37,33.84,33.18,33.54,1957200,29.71
2010-02-01,32.82,34.19,32.57,33.34,3506100,29.53
2010-01-29,35.68,36.42,32.48,32.51,5724300,28.79
2010-01-28,38.69,39.05,37.97,38.10,1709700,33.75
2010-01-27,38.27,38.51,37.87,38.44,959300,34.05
2010-01-26,38.39,38.90,38.28,38.38,669400,33.99
2010-01-25,38.91,39.12,38.55,38.58,901800,34.17
2010-01-22,38.47,39.13,38.35,38.62,1599700,34.21
2010-01-21,39.57,39.83,38.65,38.66,1480500,34.24
2010-01-20,39.71,39.71,39.35,39.61,951300,35.08
2010-01-19,39.55,40.07,39.46,40.07,1009100,35.49
2010-01-15,39.59,40.23,39.17,39.48,1279600,34.97
2010-01-14,39.79,40.00,39.38,39.79,695000,35.24
2010-01-13,38.38,39.84,38.15,39.75,1493500,35.21
2010-01-12,38.52,38.66,37.96,38.31,877800,33.93
2010-01-11,38.39,39.08,37.79,38.71,1132500,34.29
2010-01-08,37.11,38.12,37.02,38.07,1432700,33.72
2010-01-07,36.80,37.39,36.71,37.36,995400,33.09
2010-01-06,36.89,37.28,36.77,37.01,1234100,32.78
2010-01-05,38.46,38.47,36.33,37.09,2708800,32.85
2010-01-04,36.74,36.97,36.42,36.85,1301200,32.64
2009-12-31,37.05,37.12,36.47,36.49,685900,32.32
2009-12-30,37.25,37.40,36.91,36.93,685300,32.71
2009-12-29,37.22,37.59,37.03,37.51,864500,33.22
2009-12-28,37.24,37.46,36.94,37.15,1203700,32.90
2009-12-24,37.22,37.35,37.15,37.22,321200,32.97
2009-12-23,37.16,37.33,37.03,37.20,803800,32.95
2009-12-22,37.05,37.21,36.83,37.14,757900,32.90
2009-12-21,36.35,37.16,36.35,36.98,1041300,32.75
2009-12-18,36.52,36.88,36.15,36.30,2222900,32.15
2009-12-17,37.10,37.10,36.16,36.42,1293300,32.26
2009-12-16,37.76,37.84,37.18,37.26,1176400,33.00
2009-12-15,38.29,38.29,37.50,37.62,680000,33.32
2009-12-14,38.03,38.37,37.73,38.37,582100,33.99
2009-12-11,37.86,38.00,37.50,37.89,689400,33.56
2009-12-10,37.78,37.97,37.45,37.75,506900,33.44
2009-12-09,37.82,37.92,37.25,37.71,572300,33.40
2009-12-08,38.22,38.27,37.24,37.85,822200,33.52
2009-12-07,39.06,39.19,38.29,38.42,1534400,34.03
2009-12-04,38.59,39.18,38.46,38.95,1191600,34.50
2009-12-03,37.97,38.38,37.81,37.89,835900,33.56
2009-12-02,37.85,38.39,37.73,37.83,1028700,33.51
2009-12-01,37.82,38.23,37.72,37.96,787800,33.62
2009-11-30,37.61,37.71,37.01,37.56,940700,33.27
2009-11-27,38.35,38.44,37.64,37.69,594600,33.21
2009-11-25,38.67,39.35,38.56,39.29,687400,34.62
2009-11-24,38.86,38.86,38.06,38.49,614600,33.91
2009-11-23,38.33,39.12,38.33,38.70,647000,34.10
2009-11-20,38.32,38.37,37.76,38.03,967900,33.51
2009-11-19,39.32,39.32,38.33,38.40,722000,33.83
2009-11-18,39.91,40.11,39.33,39.48,392500,34.78
2009-11-17,39.69,40.07,39.58,40.02,348800,35.26
2009-11-16,39.40,40.14,39.40,39.92,447300,35.17
2009-11-13,38.74,39.42,38.47,39.21,578100,34.54
2009-11-12,39.31,39.78,38.62,38.69,939400,34.09
2009-11-11,39.02,39.57,38.86,39.28,904200,34.61
2009-11-10,39.02,39.58,38.69,38.78,1347600,34.17
2009-11-09,38.07,39.24,38.07,39.20,1004800,34.54
2009-11-06,37.44,37.87,37.07,37.75,1001300,33.26
2009-11-05,36.79,37.57,36.52,37.54,1062800,33.07
2009-11-04,36.86,37.09,36.36,36.43,1137300,32.10
2009-11-03,36.10,36.69,35.68,36.63,1179100,32.27
2009-11-02,35.84,36.51,35.61,36.20,1751700,31.89
2009-10-30,36.37,36.48,35.46,35.65,2022500,31.41
2009-10-29,35.99,36.73,35.87,36.50,1737300,32.16
2009-10-28,36.69,37.06,35.43,35.61,2167200,31.37
2009-10-27,37.17,39.07,36.78,36.98,3654100,32.58
2009-10-26,37.79,38.38,36.82,36.84,2381600,32.46
2009-10-23,38.47,38.47,37.65,37.79,1774600,33.29
2009-10-22,38.17,38.44,37.50,38.32,1509300,33.76
2009-10-21,38.59,39.12,38.02,38.09,1037100,33.56
2009-10-20,38.19,38.70,38.02,38.60,1173900,34.01
2009-10-19,38.06,38.56,37.80,38.22,1352100,33.67
2009-10-16,37.71,38.02,37.28,37.80,890800,33.30
2009-10-15,37.52,38.15,37.45,38.12,1214300,33.58
2009-10-14,37.07,37.87,36.89,37.76,1646700,33.27
2009-10-13,36.39,36.84,36.10,36.81,1109100,32.43
2009-10-12,36.51,36.78,36.32,36.40,1099600,32.07
2009-10-09,35.83,36.35,35.78,36.29,910500,31.97
2009-10-08,35.27,35.85,35.25,35.75,1311100,31.50
2009-10-07,35.08,35.32,34.72,35.18,1420700,30.99
2009-10-06,34.92,35.54,34.89,35.34,1375800,31.14
2009-10-05,34.04,34.82,33.91,34.81,1172100,30.67
2009-10-02,32.87,34.09,32.87,33.95,2066900,29.91
2009-10-01,35.92,35.99,34.58,34.73,1641600,30.60
2009-09-30,36.58,36.60,35.51,36.01,1305000,31.73
2009-09-29,36.45,36.83,36.32,36.56,915200,32.21
2009-09-28,34.84,36.48,34.68,36.36,1423200,32.03
2009-09-25,35.22,35.55,34.54,34.62,1247000,30.50
2009-09-24,35.55,35.78,35.17,35.35,1860200,31.14
2009-09-23,35.69,35.81,35.23,35.35,1514300,31.14
2009-09-22,35.20,35.68,35.15,35.65,1680900,31.41
2009-09-21,35.37,35.37,34.57,35.21,1345800,31.02
2009-09-18,35.50,35.68,34.94,35.48,1444300,31.26
2009-09-17,35.49,35.50,35.07,35.35,2087100,31.14
2009-09-16,35.16,35.61,34.89,35.56,1497800,31.33
2009-09-15,34.62,35.11,34.36,35.03,1221200,30.86
2009-09-14,32.73,34.77,32.59,34.55,2855600,30.44
2009-09-11,32.12,33.14,32.12,32.61,1670700,28.73
2009-09-10,31.37,31.95,31.24,31.90,1381800,28.10
2009-09-09,30.60,31.72,30.30,31.32,1616400,27.59
2009-09-08,30.58,30.94,30.35,30.67,1461400,27.02
2009-09-04,30.00,30.43,29.66,30.26,1131900,26.66
2009-09-03,29.91,30.03,29.13,30.00,1012300,26.43
2009-09-02,29.93,30.01,29.44,29.88,1104200,26.32
2009-09-01,30.74,31.13,29.93,30.04,1288700,26.47
2009-08-31,30.98,31.10,30.49,30.90,1678100,27.22
2009-08-28,31.77,31.84,31.05,31.48,861900,27.56
2009-08-27,31.55,31.70,30.80,31.59,721900,27.65
2009-08-26,31.34,31.58,30.79,31.44,924900,27.52
2009-08-25,31.19,31.69,30.90,31.37,1113200,27.46
2009-08-24,31.49,31.59,31.06,31.20,721200,27.31
2009-08-21,30.75,31.72,30.37,31.30,1408000,27.40
2009-08-20,29.69,30.69,29.50,30.35,1873500,26.57
2009-08-19,28.73,29.88,28.73,29.71,1530900,26.01
2009-08-18,28.30,29.30,28.26,29.19,1833200,25.55
2009-08-17,27.82,28.54,27.71,28.23,1764300,24.71
2009-08-14,28.66,29.17,27.77,28.41,4335000,24.87
2009-08-13,27.56,27.96,27.08,27.43,3638500,24.01
2009-08-12,27.12,27.80,27.12,27.57,2247800,24.14
2009-08-11,27.45,27.53,26.87,27.20,2047300,23.81
2009-08-10,27.30,27.53,27.13,27.47,1619100,24.05
2009-08-07,27.31,27.76,27.23,27.48,2488900,24.06
2009-08-06,27.27,27.44,26.82,27.12,1705700,23.74
2009-08-05,27.44,27.53,26.84,27.13,2027300,23.75
2009-08-04,27.09,27.38,26.86,27.23,2553800,23.84
2009-08-03,27.13,27.35,26.71,27.19,1952700,23.80
2009-07-31,26.66,26.98,26.40,26.73,2921100,23.40
2009-07-30,28.91,30.01,26.50,26.65,4819600,23.33
2009-07-29,29.46,29.90,28.67,29.81,1588500,26.10
2009-07-28,28.85,29.69,28.75,29.59,1037000,25.90
2009-07-27,28.50,29.12,28.30,29.11,964800,25.48
2009-07-24,27.90,28.68,27.72,28.55,900700,24.99
2009-07-23,26.66,28.00,26.61,27.98,1562900,24.49
2009-07-22,26.58,26.81,26.46,26.70,1383100,23.37
2009-07-21,27.22,27.46,26.32,26.68,992100,23.36
2009-07-20,26.49,26.98,26.25,26.96,720400,23.60
2009-07-17,26.13,26.46,26.01,26.30,791000,23.02
2009-07-16,25.63,26.38,25.44,26.22,931400,22.95
2009-07-15,25.25,25.69,25.00,25.61,1673100,22.42
2009-07-14,24.45,24.77,24.10,24.77,1042000,21.68
2009-07-13,24.18,24.45,23.75,24.45,1268800,21.40
2009-07-10,24.44,24.63,23.98,24.23,1619100,21.21
2009-07-09,24.46,24.64,24.17,24.42,786100,21.38
2009-07-08,24.52,24.79,24.00,24.33,889200,21.30
2009-07-07,25.11,25.32,24.59,24.60,502200,21.54
2009-07-06,24.75,25.57,24.58,25.38,792000,22.22
2009-07-02,25.80,26.19,24.90,24.90,681100,21.80
2009-07-01,25.85,26.38,25.75,26.19,652900,22.93
2009-06-30,25.68,25.83,25.29,25.68,813400,22.48
2009-06-29,25.31,25.80,25.13,25.70,617900,22.50
2009-06-26,25.40,25.50,25.17,25.39,931000,22.23
2009-06-25,24.78,25.54,24.67,25.54,753600,22.36
2009-06-24,24.86,25.27,24.74,24.89,780600,21.79
2009-06-23,24.97,25.11,24.57,24.65,900500,21.58
2009-06-22,25.62,25.91,24.90,24.91,688200,21.81
2009-06-19,26.16,26.41,25.85,25.94,1281500,22.71
2009-06-18,25.60,26.08,25.35,25.88,757000,22.66
2009-06-17,25.65,25.91,25.16,25.41,1227800,22.24
2009-06-16,27.12,27.14,25.70,25.75,1204100,22.54
2009-06-15,27.50,27.50,26.74,27.02,664300,23.65
2009-06-12,27.51,28.01,27.36,27.94,568900,24.46
2009-06-11,27.80,28.23,27.72,27.94,1001700,24.46
2009-06-10,28.32,28.40,27.38,27.67,1063600,24.22
2009-06-09,27.99,28.42,27.91,28.10,839100,24.60
2009-06-08,28.14,28.16,27.43,27.94,852300,24.46
2009-06-05,28.46,28.55,27.67,28.21,1154400,24.70
2009-06-04,27.50,28.09,27.30,27.99,942100,24.50
2009-06-03,27.67,27.94,27.09,27.35,752600,23.94
2009-06-02,28.06,28.30,27.75,27.87,1172400,24.40
2009-06-01,27.56,28.53,27.35,28.18,1696700,24.67
2009-05-29,27.27,27.63,27.05,27.56,1498900,23.77
2009-05-28,27.35,27.35,26.38,27.29,1033000,23.53
2009-05-27,27.84,27.85,26.85,26.94,803800,23.23
2009-05-26,26.47,27.81,26.21,27.73,1203400,23.91
2009-05-22,26.57,27.01,26.17,26.61,712000,22.95
2009-05-21,26.95,27.03,26.18,26.45,743600,22.81
2009-05-20,27.52,28.28,27.15,27.23,823400,23.48
2009-05-19,27.25,27.83,27.22,27.45,916800,23.67
2009-05-18,26.99,27.59,26.69,27.58,1206800,23.78
2009-05-15,27.13,27.73,26.57,26.68,877000,23.01
2009-05-14,26.47,27.36,26.14,27.14,886000,23.41
2009-05-13,27.15,27.23,26.27,26.42,926000,22.78
2009-05-12,28.06,28.07,27.32,27.73,1230600,23.91
2009-05-11,28.72,28.82,27.99,28.06,1271000,24.20
2009-05-08,27.94,29.09,27.77,29.09,978000,25.09
2009-05-07,28.93,28.93,27.35,27.61,1651800,23.81
2009-05-06,28.56,28.71,27.79,28.35,1179000,24.45
2009-05-05,28.36,28.58,28.03,28.25,753200,24.36
2009-05-04,28.48,28.60,28.05,28.42,1595500,24.51
2009-05-01,28.59,28.91,28.21,28.48,948400,24.56
2009-04-30,28.78,29.48,28.52,28.74,1173700,24.79
2009-04-29,28.33,28.92,28.08,28.39,1147400,24.48
2009-04-28,26.55,28.63,26.55,28.03,1921300,24.17
2009-04-27,29.45,30.07,29.30,29.45,1251300,25.40
2009-04-24,28.98,30.00,28.64,29.76,1229200,25.67
2009-04-23,28.39,28.72,27.87,28.66,1089400,24.72
2009-04-22,27.66,29.10,27.44,28.35,1252600,24.45
2009-04-21,26.68,27.91,26.65,27.87,1060000,24.04
2009-04-20,27.43,27.66,26.75,26.79,1508800,23.10
2009-04-17,27.52,27.97,27.18,27.84,1402900,24.01
2009-04-16,27.18,27.52,26.50,27.42,1406200,23.65
2009-04-15,25.24,27.09,25.24,27.06,1797200,23.34
2009-04-14,25.51,25.69,25.13,25.40,1016100,21.90
2009-04-13,25.93,26.12,25.41,25.94,678600,22.37
2009-04-09,25.19,26.21,25.11,26.21,882300,22.60
2009-04-08,24.06,24.73,23.94,24.71,993300,21.31
2009-04-07,24.02,24.21,23.58,23.94,1459600,20.65
2009-04-06,24.37,24.58,23.94,24.38,878800,21.03
2009-04-03,24.46,24.75,24.20,24.68,1146300,21.28
2009-04-02,23.31,24.52,23.11,24.40,2083600,21.04
2009-04-01,22.09,22.83,21.61,22.75,1366500,19.62
2009-03-31,22.31,22.70,22.01,22.34,1325200,19.27
2009-03-30,22.84,22.84,21.68,22.04,1223500,19.01
2009-03-27,23.34,23.91,23.00,23.19,739000,20.00
2009-03-26,23.23,24.03,23.12,24.00,1254300,20.70
2009-03-25,22.72,23.69,22.10,22.95,1525600,19.79
2009-03-24,22.81,23.19,22.54,22.61,1090900,19.50
2009-03-23,21.93,22.99,21.36,22.99,1123200,19.83
2009-03-20,21.63,21.77,21.02,21.15,2678300,18.24
2009-03-19,21.47,22.01,21.47,21.61,1203600,18.64
2009-03-18,20.17,21.71,20.17,21.47,1551000,18.52
2009-03-17,19.84,20.52,19.68,20.52,925100,17.70
2009-03-16,19.56,20.57,19.50,19.82,1580700,17.09
2009-03-13,19.43,19.44,19.10,19.25,1743200,16.60
2009-03-12,18.59,19.35,18.13,19.29,1214400,16.64
2009-03-11,18.70,19.08,18.29,18.58,2068600,16.02
2009-03-10,17.62,18.72,17.60,18.68,2073700,16.11
2009-03-09,17.17,17.75,17.02,17.26,1693600,14.89
2009-03-06,17.86,18.20,17.04,17.40,2078500,15.01
2009-03-05,18.68,18.68,17.61,17.75,1538300,15.31
2009-03-04,18.31,19.40,18.31,19.03,1884100,16.41
2009-03-03,18.95,19.12,18.13,18.21,1683400,15.70
2009-03-02,19.40,19.68,18.72,18.73,1988500,16.15
2009-02-27,20.01,20.64,19.84,20.15,1952200,17.02
2009-02-26,20.83,20.98,20.30,20.42,1495800,17.25
2009-02-25,20.93,20.96,20.11,20.39,1956500,17.23
2009-02-24,20.33,21.10,20.13,20.96,1360200,17.71
2009-02-23,21.51,21.51,20.12,20.16,1334100,17.03
2009-02-20,20.04,21.39,20.04,21.09,1726100,17.82
2009-02-19,21.51,21.84,21.14,21.27,1276000,17.97
2009-02-18,21.45,21.60,20.80,21.36,1266800,18.05
2009-02-17,22.21,22.21,21.24,21.33,1576800,18.02
2009-02-13,23.40,23.40,22.45,22.75,1208800,19.22
2009-02-12,23.20,23.26,22.34,23.23,1433600,19.63
2009-02-11,23.41,23.76,23.25,23.57,961700,19.91
2009-02-10,24.54,24.72,23.22,23.34,1319600,19.72
2009-02-09,24.65,25.13,24.37,24.72,1016900,20.88
2009-02-06,24.26,24.92,24.18,24.77,1085600,20.93
2009-02-05,23.82,24.60,23.52,24.26,1085800,20.50
2009-02-04,24.30,24.65,24.00,24.13,1392500,20.39
2009-02-03,24.05,24.45,23.61,24.35,1752400,20.57
2009-02-02,23.97,24.28,23.59,24.07,1430200,20.34
2009-01-30,25.16,25.53,24.04,24.23,1685000,20.47
2009-01-29,25.71,25.88,25.21,25.28,1576000,21.36
2009-01-28,25.96,26.49,25.51,25.92,1764100,21.90
2009-01-27,26.91,27.25,24.20,25.72,3526100,21.73
2009-01-26,28.18,28.38,27.35,27.84,1572300,23.52
2009-01-23,27.70,28.71,27.29,28.15,1044600,23.78
2009-01-22,28.73,28.79,27.76,28.38,1603800,23.98
2009-01-21,28.83,29.36,27.97,29.34,1165500,24.79
2009-01-20,29.73,30.27,28.25,28.33,1148600,23.93
2009-01-16,30.61,30.89,29.66,30.25,1108600,25.56
2009-01-15,29.68,30.26,28.83,30.10,1579000,25.43
2009-01-14,30.19,30.40,29.40,29.62,1186300,25.02
2009-01-13,30.52,30.84,30.13,30.56,963200,25.82
2009-01-12,31.19,31.36,30.34,30.56,833300,25.82
2009-01-09,32.19,32.19,31.27,31.39,745700,26.52
2009-01-08,31.30,32.18,31.20,32.14,1061700,27.15
2009-01-07,32.40,32.76,31.77,31.91,696400,26.96
2009-01-06,33.08,33.83,32.54,32.84,1349300,27.74
2009-01-05,33.11,33.33,32.48,32.90,896400,27.80
2009-01-02,33.37,33.70,32.61,33.61,703000,28.40
2008-12-31,32.02,32.99,32.00,32.73,630400,27.65
2008-12-30,31.44,31.99,31.34,31.96,656600,27.00
2008-12-29,31.37,31.52,30.89,31.39,619200,26.52
2008-12-26,31.73,31.81,31.20,31.53,525800,26.64
2008-12-24,31.32,31.79,31.14,31.68,294900,26.76
2008-12-23,32.75,32.75,30.96,31.17,748800,26.33
2008-12-22,32.68,33.08,31.47,32.01,1071500,27.04
2008-12-19,33.04,34.01,32.21,32.72,1720500,27.64
2008-12-18,33.84,34.29,32.49,32.76,1530300,27.68
2008-12-17,33.27,34.03,32.75,33.56,1034100,28.35
2008-12-16,31.30,33.23,31.15,33.22,1467700,28.07
2008-12-15,31.25,31.77,30.43,30.97,1453700,26.17
2008-12-12,29.18,31.49,29.15,31.10,1356600,26.27
2008-12-11,29.91,30.99,29.60,29.81,1252400,25.19
2008-12-10,30.02,31.31,29.55,30.82,1873100,26.04
2008-12-09,28.12,30.08,27.87,29.49,2121100,24.91
2008-12-08,28.00,28.75,27.98,28.52,1581300,24.10
2008-12-05,26.78,27.71,25.86,27.41,2511700,23.16
2008-12-04,27.62,28.37,26.66,27.12,1415700,22.91
2008-12-03,27.17,28.27,26.61,28.16,1317700,23.79
2008-12-02,27.65,27.88,26.77,27.88,1411100,23.55
2008-12-01,30.19,30.19,27.06,27.21,1189300,22.99
2008-11-28,30.11,31.10,29.78,31.10,581600,25.93
2008-11-26,28.21,29.96,27.86,29.96,894700,24.98
2008-11-25,28.58,29.15,27.75,28.83,1385300,24.04
2008-11-24,27.48,28.81,26.71,28.11,1643100,23.44
2008-11-21,25.68,27.14,24.31,27.03,3010100,22.54
2008-11-20,27.03,28.15,24.90,25.02,2345100,20.86
2008-11-19,29.37,30.21,27.70,27.72,1550000,23.11
2008-11-18,29.78,30.23,28.51,29.41,1343400,24.52
2008-11-17,30.32,31.17,29.90,29.90,1104900,24.93
2008-11-14,31.43,32.24,30.51,30.63,859800,25.54
2008-11-13,29.96,32.51,28.74,32.43,1961100,27.04
2008-11-12,30.72,30.80,29.66,29.72,1319600,24.78
2008-11-11,32.40,32.54,31.11,31.40,1283100,26.18
2008-11-10,34.13,34.39,32.38,32.80,949200,27.35
2008-11-07,33.34,34.57,33.13,33.93,1082900,28.29
2008-11-06,34.43,35.01,32.89,33.03,1751500,27.54
2008-11-05,35.37,36.46,34.48,34.54,903800,28.80
2008-11-04,35.96,35.98,35.18,35.81,1222900,29.86
2008-11-03,35.21,35.33,34.69,35.27,1004100,29.41
2008-10-31,34.46,35.84,34.43,35.02,1507600,29.20
2008-10-30,34.83,35.14,33.64,34.58,1023300,28.83
2008-10-29,34.31,35.21,33.28,33.98,1393100,28.33
2008-10-28,31.69,34.34,30.31,34.19,1713200,28.50
2008-10-27,30.79,32.14,30.49,30.49,1636500,25.42
2008-10-24,30.20,32.23,30.04,31.14,1598100,25.96
2008-10-23,33.15,33.63,30.84,32.15,2250500,26.80
2008-10-22,32.81,33.48,32.00,33.22,1993400,27.70
2008-10-21,33.10,34.70,33.06,33.38,1659300,27.83
2008-10-20,33.18,36.42,33.18,36.42,1628600,30.36
2008-10-17,32.49,34.80,32.49,33.68,1233800,28.08
2008-10-16,33.36,34.51,31.21,33.92,2162600,28.28
2008-10-15,36.22,36.22,33.43,33.43,1248100,27.87
2008-10-14,39.21,39.86,34.65,36.36,1974400,30.31
2008-10-13,36.94,37.88,34.18,37.88,1824000,31.58
2008-10-10,32.86,35.22,32.25,33.83,2400200,28.20
2008-10-09,36.98,37.85,34.18,34.18,1385700,28.50
2008-10-08,35.93,38.49,35.17,37.18,1484300,31.00
2008-10-07,39.89,39.89,36.77,36.77,1393300,30.66
2008-10-06,41.60,41.60,37.40,39.26,1872100,32.73
2008-10-03,43.23,44.07,42.23,42.34,1542400,35.30
2008-10-02,44.05,44.72,42.96,42.96,1036000,35.82
2008-10-01,43.95,44.98,43.26,44.49,1328600,37.09
2008-09-30,44.50,44.51,42.89,44.48,1217400,37.08
2008-09-29,44.94,45.36,43.50,43.50,1623700,36.27
2008-09-26,45.48,45.71,44.22,45.52,1045900,37.95
2008-09-25,45.17,45.75,44.93,45.43,789400,37.88
2008-09-24,45.12,45.74,44.62,45.18,1014500,37.67
2008-09-23,45.77,46.70,45.00,45.03,872300,37.54
2008-09-22,45.68,46.83,45.67,45.74,1116500,38.13
2008-09-19,47.16,48.15,45.76,46.55,1792600,38.81
2008-09-18,45.19,46.84,45.08,46.42,2400900,38.70
2008-09-17,44.77,45.97,44.29,44.69,1857700,37.26
2008-09-16,44.76,45.79,43.92,45.66,2082800,38.07
2008-09-15,45.50,46.38,45.24,45.41,1163400,37.86
2008-09-12,45.81,46.94,45.26,46.94,1032300,39.13
2008-09-11,44.45,46.19,43.91,46.14,1695300,38.47
2008-09-10,44.58,45.52,44.35,44.91,1813600,37.44
2008-09-09,43.36,46.44,43.35,44.38,3868700,37.00
2008-09-08,49.58,50.14,49.03,50.00,831400,41.69
2008-09-05,47.95,48.68,47.68,48.53,620500,40.46
2008-09-04,48.81,48.94,48.02,48.21,877300,40.19
2008-09-03,48.76,49.28,48.53,48.99,1387300,40.84
2008-09-02,48.79,50.11,48.77,48.98,1141800,40.84
2008-08-29,48.94,49.19,48.19,48.24,817000,40.22
2008-08-28,48.43,49.45,48.29,49.42,796000,40.86
2008-08-27,47.92,48.42,47.91,48.23,1042300,39.88
2008-08-26,47.31,48.02,47.31,48.02,770400,39.70
2008-08-25,47.47,48.11,46.79,47.38,1049500,39.17
2008-08-22,47.67,48.45,47.67,48.21,529800,39.86
2008-08-21,47.02,47.68,47.02,47.50,755600,39.27
2008-08-20,47.48,47.75,46.72,47.43,855300,39.21
2008-08-19,47.82,47.82,46.49,47.36,1318300,39.16
2008-08-18,48.05,48.35,47.36,47.60,686900,39.36
2008-08-15,47.01,48.05,46.96,47.88,552400,39.59
2008-08-14,46.92,47.64,46.57,47.24,743700,39.06
2008-08-13,46.84,47.15,46.17,47.04,863200,38.89
2008-08-12,47.77,47.79,46.86,46.97,578400,38.83
2008-08-11,46.63,47.93,46.34,47.65,817300,39.40
2008-08-08,44.65,46.91,44.62,46.84,856600,38.73
2008-08-07,44.82,45.51,44.26,44.62,785600,36.89
2008-08-06,46.09,46.09,45.03,45.44,1219100,37.57
2008-08-05,44.46,46.26,44.40,46.20,1201200,38.20
2008-08-04,44.04,44.54,43.70,44.08,903000,36.45
2008-08-01,44.17,44.55,43.78,44.08,1659500,36.45
2008-07-31,44.19,44.64,43.90,44.01,946300,36.39
2008-07-30,44.54,45.01,44.09,44.55,911100,36.83
2008-07-29,43.41,44.30,43.15,44.30,1190500,36.63
2008-07-28,43.77,43.98,43.07,43.07,623300,35.61
2008-07-25,43.54,44.11,43.08,43.77,842400,36.19
2008-07-24,43.91,44.08,43.02,43.04,793900,35.59
2008-07-23,43.93,44.15,43.29,44.00,1276600,36.38
2008-07-22,42.83,44.90,42.62,44.13,1474400,36.49
2008-07-21,45.12,45.70,44.66,45.24,1227700,37.40
2008-07-18,43.36,45.36,43.36,45.18,1497000,37.35
2008-07-17,41.70,43.63,41.70,43.54,1419500,36.00
2008-07-16,41.29,41.95,40.05,41.73,1875200,34.50
2008-07-15,41.68,42.22,40.84,41.35,1078600,34.19
2008-07-14,42.78,42.95,41.84,42.13,653100,34.83
2008-07-11,42.88,42.88,41.78,42.31,1021200,34.98
2008-07-10,42.62,43.66,42.62,43.22,948400,35.73
2008-07-09,42.79,43.33,42.55,42.57,888000,35.20
2008-07-08,42.26,43.15,42.18,43.11,1058400,35.64
2008-07-07,42.96,43.31,42.21,42.53,1176800,35.16
2008-07-03,42.88,42.94,42.40,42.70,696600,35.30
2008-07-02,43.33,43.46,42.39,42.39,1340200,35.05
2008-07-01,43.30,43.79,42.74,43.65,1748800,36.09
2008-06-30,43.03,44.40,43.01,43.93,1397000,36.32
2008-06-27,44.83,44.95,43.37,43.61,2520900,36.06
2008-06-26,46.40,46.43,44.65,44.73,1477400,36.98
2008-06-25,45.99,47.30,45.99,46.86,882100,38.74
2008-06-24,46.49,46.54,45.73,45.83,977500,37.89
2008-06-23,46.55,47.00,46.08,46.79,703800,38.69
2008-06-20,47.05,47.05,45.69,46.24,975500,38.23
2008-06-19,47.11,47.64,46.77,47.37,918200,39.17
2008-06-18,47.42,48.04,46.78,47.02,919000,38.88
2008-06-17,47.80,48.65,47.49,47.74,1126500,39.47
2008-06-16,48.11,48.11,47.18,47.67,783900,39.41
2008-06-13,48.61,48.89,47.61,48.11,1062800,39.78
2008-06-12,47.79,48.57,47.76,48.14,691600,39.80
2008-06-11,48.03,48.28,47.35,47.49,680200,39.26
2008-06-10,48.08,48.71,47.93,48.42,811400,40.03
2008-06-09,49.44,49.58,48.25,48.52,855600,40.12
2008-06-06,51.27,51.27,49.05,49.05,957400,40.55
2008-06-05,51.05,51.62,50.64,51.59,582200,42.65
2008-06-04,50.17,51.50,50.05,50.91,618500,42.09
2008-06-03,50.50,51.13,49.91,50.28,972500,41.57
2008-06-02,51.27,51.40,49.99,50.47,906900,41.73
2008-05-30,50.88,51.79,50.63,51.58,1025500,42.31
2008-05-29,50.13,50.92,50.00,50.55,938200,41.46
2008-05-28,49.40,50.50,49.36,50.40,716800,41.34
2008-05-27,49.33,49.59,48.70,49.31,596800,40.45
2008-05-23,49.50,49.68,49.01,49.15,951700,40.31
2008-05-22,49.48,50.26,49.43,49.69,610800,40.76
2008-05-21,50.57,50.85,49.29,49.32,679000,40.45
2008-05-20,50.70,50.83,49.86,50.51,645300,41.43
2008-05-19,51.45,51.70,50.93,51.14,705000,41.95
2008-05-16,50.32,51.74,50.08,51.45,1092600,42.20
2008-05-15,49.50,50.44,49.31,50.20,1116300,41.18
2008-05-14,49.93,50.24,49.52,49.67,1315400,40.74
2008-05-13,49.72,49.96,49.09,49.79,910000,40.84
2008-05-12,49.46,49.69,48.71,49.52,686300,40.62
2008-05-09,49.19,49.81,49.02,49.31,828900,40.45
2008-05-08,50.10,50.16,49.04,49.41,1268100,40.53
2008-05-07,50.94,51.27,49.82,49.87,518800,40.90
2008-05-06,49.67,50.93,49.67,50.82,692700,41.68
2008-05-05,49.47,50.26,49.47,50.09,667400,41.09
2008-05-02,49.48,50.17,49.22,49.92,871700,40.95
2008-05-01,47.99,49.33,47.77,49.13,653400,40.30
2008-04-30,48.82,49.13,47.96,48.19,917900,39.53
2008-04-29,49.25,49.29,48.74,48.87,886900,40.08
2008-04-28,49.11,49.52,48.73,49.24,1295500,40.39
2008-04-25,48.72,49.24,48.40,49.24,805300,40.39
2008-04-24,48.70,48.73,47.35,48.40,1392900,39.70
2008-04-23,50.39,50.67,48.22,48.70,1669200,39.94
2008-04-22,49.01,51.19,48.63,50.71,2874400,41.59
2008-04-21,51.96,52.56,51.70,52.41,739700,42.99
2008-04-18,52.63,52.94,52.20,52.52,713000,43.08
2008-04-17,51.33,51.90,50.59,51.65,1013200,42.36
2008-04-16,49.84,51.47,49.66,51.38,1322600,42.14
2008-04-15,49.59,49.72,48.99,49.55,880700,40.64
2008-04-14,48.87,49.66,48.85,49.37,1100100,40.49
2008-04-11,50.81,50.90,48.46,49.07,1632300,40.25
2008-04-10,51.50,51.85,50.76,51.20,995900,42.00
2008-04-09,52.60,52.82,51.55,51.72,1051800,42.42
2008-04-08,52.52,53.01,52.37,52.76,832400,43.28
2008-04-07,53.05,53.74,52.49,52.76,764300,43.28
2008-04-04,52.91,53.57,52.26,53.07,654700,43.53
2008-04-03,52.44,53.27,52.10,52.93,854800,43.41
2008-04-02,52.88,53.05,51.96,52.77,1282400,43.28
2008-04-01,49.39,52.54,49.27,52.51,2650800,43.07
2008-03-31,48.09,49.42,47.85,49.25,1405700,40.40
2008-03-28,48.93,48.96,47.64,47.78,895200,39.19
2008-03-27,49.35,49.50,48.58,48.64,1209500,39.90
2008-03-26,48.45,49.18,48.06,49.06,883000,40.24
2008-03-25,48.70,49.12,48.29,48.85,865900,40.07
2008-03-24,48.06,49.20,47.60,48.93,818200,40.13
2008-03-20,47.23,47.77,46.94,47.69,968100,39.12
2008-03-19,48.43,48.81,47.16,47.16,1196700,38.68
2008-03-18,47.08,47.91,46.52,47.91,789700,39.30
2008-03-17,45.62,46.67,44.88,46.31,1232500,37.98
2008-03-14,47.79,48.14,46.14,46.63,1471400,38.25
2008-03-13,46.58,47.92,46.54,47.80,1409400,39.21
2008-03-12,46.79,47.89,46.79,47.12,740400,38.65
2008-03-11,47.72,47.83,46.52,46.90,2254500,38.47
2008-03-10,47.98,48.04,46.67,46.78,2042300,38.37
2008-03-07,47.91,48.38,47.48,47.87,1445700,39.26
2008-03-06,48.32,48.67,47.77,47.85,1137000,39.25
2008-03-05,49.58,49.81,47.97,48.75,1889100,39.99
2008-03-04,50.76,51.09,47.97,49.80,3154700,40.85
2008-03-03,51.20,51.45,50.50,51.17,1167500,41.97
2008-02-29,51.82,51.98,50.92,51.32,1286400,41.76
2008-02-28,52.46,52.52,51.71,52.28,847500,42.54
2008-02-27,52.12,53.42,52.12,52.74,1078100,42.91
2008-02-26,51.96,52.82,51.87,52.82,676200,42.98
2008-02-25,50.88,52.23,50.80,52.22,980500,42.49
2008-02-22,50.54,50.94,49.70,50.94,719700,41.45
2008-02-21,50.85,51.08,50.25,50.43,1203400,41.03
2008-02-20,50.25,50.86,50.05,50.78,827700,41.32
2008-02-19,51.39,51.64,50.41,50.74,751100,41.29
2008-02-15,51.23,51.42,50.60,50.91,1196200,41.42
2008-02-14,51.28,51.92,51.01,51.33,1153500,41.77
2008-02-13,51.16,51.36,50.77,51.26,1193100,41.71
2008-02-12,50.35,51.00,50.02,50.54,1695600,41.12
2008-02-11,50.21,50.32,49.50,50.14,1004200,40.80
2008-02-08,50.25,51.11,49.84,50.16,671300,40.81
2008-02-07,50.20,50.99,49.89,50.57,786300,41.15
2008-02-06,50.76,51.19,50.13,50.33,1593400,40.95
2008-02-05,51.39,52.08,50.55,50.55,759600,41.13
2008-02-04,52.84,52.95,52.02,52.13,505200,42.42
2008-02-01,51.74,52.75,51.65,52.73,787500,42.90
2008-01-31,51.00,52.18,50.66,51.75,1756600,42.11
2008-01-30,51.36,52.75,51.18,51.49,1318800,41.90
2008-01-29,50.05,51.99,49.25,51.29,1900200,41.73
2008-01-28,46.55,47.48,45.68,47.48,1477900,38.63
2008-01-25,46.45,46.56,45.58,46.14,859500,37.54
2008-01-24,46.42,46.76,45.50,45.92,895000,37.36
2008-01-23,45.00,46.48,44.06,46.45,1767800,37.80
2008-01-22,44.99,46.30,44.77,45.66,1370600,37.15
2008-01-18,46.17,46.76,45.15,46.26,1433000,37.64
2008-01-17,47.66,47.90,46.17,46.17,972900,37.57
2008-01-16,47.93,48.32,47.50,47.61,1010900,38.74
2008-01-15,48.59,49.23,48.23,48.35,846500,39.34
2008-01-14,48.69,49.30,48.45,49.25,1057400,40.07
2008-01-11,49.30,49.52,48.36,48.50,827500,39.46
2008-01-10,48.64,50.00,48.11,49.63,896700,40.38
2008-01-09,49.16,49.20,48.09,49.15,1376700,39.99
2008-01-08,50.82,51.16,48.85,49.00,1411600,39.87
2008-01-07,50.59,51.49,50.45,50.89,1381300,41.41
2008-01-04,51.35,51.42,50.28,50.38,1086400,40.99
2008-01-03,52.77,52.88,51.63,51.73,1032300,42.09
2008-01-02,53.21,53.53,52.28,52.46,1258400,42.69
