Date,Open,High,Low,Close,Volume,Adj Close
2013-12-31,483.74,483.74,475.82,477.94,174800,477.94
2013-12-30,476.83,479.66,474.53,479.33,195100,479.33
2013-12-27,475.38,479.00,474.08,476.83,180600,476.83
2013-12-26,479.95,479.95,474.46,476.85,125000,476.85
2013-12-24,479.95,479.95,471.36,475.57,86900,475.57
2013-12-23,465.34,474.99,465.34,472.32,269000,472.32
2013-12-20,472.39,473.93,470.95,473.19,446900,473.19
2013-12-19,471.24,473.33,467.40,470.84,287300,470.84
2013-12-18,464.75,471.20,461.60,470.56,319300,470.56
2013-12-17,463.77,467.34,461.14,461.76,274300,461.76
2013-12-16,466.27,469.07,463.70,464.00,280500,464.00
2013-12-13,466.29,470.77,463.85,465.18,217200,465.18
2013-12-12,466.38,469.41,463.50,465.90,266200,465.90
2013-12-11,470.86,473.68,466.24,467.79,448100,467.79
2013-12-10,467.47,484.16,461.61,471.86,965300,471.86
2013-12-09,456.88,462.73,456.03,457.34,567100,457.34
2013-12-06,462.63,464.10,458.87,459.60,228200,459.60
2013-12-05,459.99,463.19,457.36,460.00,226200,460.00
2013-12-04,460.21,462.80,454.88,456.02,232900,456.02
2013-12-03,457.61,461.64,455.41,460.51,197100,460.51
2013-12-02,460.52,463.53,459.00,459.62,172800,459.62
2013-11-29,459.11,463.71,458.28,461.60,163300,461.60
2013-11-27,458.86,462.33,456.88,458.80,256100,458.80
2013-11-26,461.20,463.36,457.00,457.28,378500,457.28
2013-11-25,466.77,470.47,465.01,465.70,146600,465.70
2013-11-22,467.45,469.42,466.42,467.69,197600,467.69
2013-11-21,463.71,469.61,460.71,469.34,139900,469.34
2013-11-20,464.56,467.87,459.95,461.30,110300,461.30
2013-11-19,458.55,465.50,457.43,463.84,191100,463.84
2013-11-18,465.00,465.14,458.46,459.56,200900,459.56
2013-11-15,455.93,465.70,455.93,464.08,201800,464.08
2013-11-14,457.50,458.96,455.95,458.34,167600,458.34
2013-11-13,450.57,456.94,450.57,456.88,172700,456.88
2013-11-12,448.13,451.55,444.87,451.55,275200,451.55
2013-11-11,443.61,449.80,440.50,447.79,169100,447.79
2013-11-08,443.58,449.12,440.24,448.55,243700,448.55
2013-11-07,447.00,448.30,443.23,443.49,253200,443.49
2013-11-06,444.31,447.80,441.11,447.42,234600,447.42
2013-11-05,438.19,442.98,432.55,442.06,245500,442.06
2013-11-04,434.96,439.64,433.57,436.51,180900,436.51
2013-11-01,436.01,437.94,430.00,434.83,156000,434.83
2013-10-31,430.86,435.05,428.63,434.69,238900,434.69
2013-10-30,431.30,434.24,428.92,429.94,214600,429.94
2013-10-29,431.06,432.80,428.13,429.83,226000,429.83
2013-10-28,430.68,432.74,428.49,429.84,209100,429.84
2013-10-25,427.64,429.47,424.98,429.47,298600,429.47
2013-10-24,424.45,432.28,422.12,427.18,354700,427.18
2013-10-23,437.49,437.50,430.47,432.59,190400,432.59
2013-10-22,436.01,437.45,434.20,435.60,188000,435.60
2013-10-21,431.02,435.20,430.21,434.73,250100,434.73
2013-10-18,431.07,433.42,427.00,432.11,308600,432.11
2013-10-17,422.57,429.72,421.62,429.13,238600,429.13
2013-10-16,426.23,432.00,422.51,424.63,394300,424.63
2013-10-15,425.00,427.39,419.40,420.23,308000,420.23
2013-10-14,422.32,427.42,421.78,426.04,149900,426.04
2013-10-11,420.45,425.46,418.96,424.61,174400,424.61
2013-10-10,419.30,421.19,417.42,420.77,233200,420.77
2013-10-09,415.75,417.62,413.32,415.27,267800,415.27
2013-10-08,420.77,421.56,414.02,415.71,304700,415.71
2013-10-07,419.14,423.39,417.90,419.83,181500,419.83
2013-10-04,419.28,423.86,417.01,421.89,226800,421.89
2013-10-03,422.38,426.31,417.96,418.26,333700,418.26
2013-10-02,423.00,425.63,419.76,423.00,193500,423.00
2013-10-01,421.86,426.07,421.77,425.11,251900,425.11
2013-09-30,418.89,424.41,417.42,422.73,306600,422.73
2013-09-27,419.90,423.34,417.91,422.57,325500,422.57
2013-09-26,424.88,425.99,420.10,421.68,399100,421.68
2013-09-25,416.56,428.05,410.00,425.07,825100,425.07
2013-09-24,416.64,418.64,408.90,414.31,530000,414.31
2013-09-23,418.92,421.70,415.89,417.81,207100,417.81
2013-09-20,422.98,423.50,412.00,420.00,750900,420.00
2013-09-19,421.99,423.42,417.90,422.79,250400,422.79
2013-09-18,419.66,423.50,416.79,420.62,370500,420.62
2013-09-17,411.29,418.51,409.36,418.51,408300,418.51
2013-09-16,418.12,420.97,411.27,411.89,483400,411.89
2013-09-13,417.99,418.08,413.58,415.70,273100,415.70
2013-09-12,420.60,422.21,415.60,417.06,155500,417.06
2013-09-11,421.21,425.18,419.22,420.83,212400,420.83
2013-09-10,417.54,423.36,415.18,419.92,186100,419.92
2013-09-09,417.99,421.90,416.44,416.50,157800,416.50
2013-09-06,420.36,424.27,416.00,417.53,111300,417.53
2013-09-05,423.38,423.42,418.00,420.10,182100,420.10
2013-09-04,419.97,424.16,419.01,422.81,138700,422.81
2013-09-03,421.45,423.89,419.00,419.76,161400,419.76
2013-08-30,419.45,420.82,416.05,419.94,223600,419.94
2013-08-29,418.01,422.93,417.84,421.52,106400,421.52
2013-08-28,418.19,421.85,416.05,420.02,148700,420.02
2013-08-27,418.79,420.44,418.04,419.12,231700,419.12
2013-08-26,422.77,424.21,417.02,421.42,200600,421.42
2013-08-23,423.34,423.50,418.80,422.35,131300,422.35
2013-08-22,420.47,423.94,419.18,421.11,111700,421.11
2013-08-21,422.83,423.75,419.41,419.96,181300,419.96
2013-08-20,420.76,426.88,419.59,424.83,229700,424.83
2013-08-19,417.22,424.75,415.53,420.40,240500,420.40
2013-08-16,420.00,421.82,416.27,416.52,304400,416.52
2013-08-15,427.01,427.99,419.30,420.06,207300,420.06
2013-08-14,432.23,436.31,428.05,428.55,252500,428.55
2013-08-13,426.41,436.00,425.40,433.80,295200,433.80
2013-08-12,428.22,429.87,424.45,425.60,306300,425.60
2013-08-09,428.94,432.04,424.77,429.59,229600,429.59
2013-08-08,436.23,437.11,424.43,429.02,407600,429.02
2013-08-07,435.18,437.83,432.08,435.04,329000,435.04
2013-08-06,447.15,449.22,439.34,445.01,265700,445.01
2013-08-05,446.99,449.29,446.01,448.25,178900,448.25
2013-08-02,447.80,450.03,446.01,448.04,292600,448.04
2013-08-01,447.58,452.15,445.95,447.99,289100,447.99
2013-07-31,444.04,452.19,443.25,448.58,364200,448.58
2013-07-30,441.50,446.43,438.88,444.69,196200,444.69
2013-07-29,437.59,441.48,435.28,440.73,126000,440.73
2013-07-26,437.11,440.75,435.05,439.66,193000,439.66
2013-07-25,439.10,440.50,434.27,438.02,318000,438.02
2013-07-24,438.42,440.00,434.29,436.35,170100,436.35
2013-07-23,438.27,439.99,435.71,438.45,131900,438.45
2013-07-22,435.60,439.54,432.01,437.72,111700,437.72
2013-07-19,436.83,441.20,434.11,435.97,160000,435.97
2013-07-18,431.61,436.69,429.58,435.32,260200,435.32
2013-07-17,435.49,437.56,429.26,430.00,220000,430.00
2013-07-16,437.53,440.02,430.91,433.71,187800,433.71
2013-07-15,438.68,439.92,434.40,438.00,138800,438.00
2013-07-12,441.50,441.50,436.42,439.30,101700,439.30
2013-07-11,436.84,441.18,435.95,441.00,294500,441.00
2013-07-10,433.83,433.98,428.88,433.48,128700,433.48
2013-07-09,436.52,437.21,431.43,434.56,217000,434.56
2013-07-08,429.09,437.23,429.09,434.91,283400,434.91
2013-07-05,427.15,430.15,422.71,428.52,123400,428.52
2013-07-03,421.75,426.96,421.48,423.88,103000,423.88
2013-07-02,424.45,427.59,422.08,424.20,211100,424.20
2013-07-01,424.44,428.84,423.32,425.27,125100,425.27
2013-06-28,423.54,427.67,418.37,423.69,365400,423.69
2013-06-27,415.65,424.41,415.65,422.87,221500,422.87
2013-06-26,420.75,421.29,412.84,413.99,481500,413.99
2013-06-25,417.56,422.93,417.17,421.48,234300,421.48
2013-06-24,408.18,419.28,405.71,414.99,243800,414.99
2013-06-21,415.28,415.28,408.60,411.98,365500,411.98
2013-06-20,417.63,421.16,412.29,412.65,304100,412.65
2013-06-19,424.88,426.64,420.34,420.75,137900,420.75
2013-06-18,424.93,425.33,420.78,425.33,144900,425.33
2013-06-17,429.81,429.81,420.48,424.83,350400,424.83
2013-06-14,419.46,424.99,418.72,423.34,210700,423.34
2013-06-13,416.87,419.91,415.07,419.50,238200,419.50
2013-06-12,416.61,417.20,415.20,416.00,256000,416.00
2013-06-11,417.50,417.75,414.19,415.00,232700,415.00
2013-06-10,417.82,418.79,414.04,418.75,170300,418.75
2013-06-07,417.77,419.33,413.42,416.68,171800,416.68
2013-06-06,406.11,415.56,406.11,415.39,193500,415.39
2013-06-05,408.31,410.66,404.87,405.31,178600,405.31
2013-06-04,411.02,414.58,406.11,407.80,198400,407.80
2013-06-03,408.35,412.12,407.20,411.21,220200,411.21
2013-05-31,417.01,419.23,408.65,408.83,388500,408.83
2013-05-30,416.95,421.79,416.95,417.94,177700,417.94
2013-05-29,416.11,418.30,412.17,416.75,130900,416.75
2013-05-28,418.74,420.55,415.40,418.95,137900,418.95
2013-05-24,416.00,418.66,413.47,415.81,135000,415.81
2013-05-23,417.08,420.36,415.01,418.90,330200,418.90
2013-05-22,426.76,426.76,416.72,417.72,339300,417.72
2013-05-21,413.16,435.36,413.16,427.84,740600,427.84
2013-05-20,410.37,414.00,401.93,409.05,327200,409.05
2013-05-17,413.94,415.59,410.14,411.29,247000,411.29
2013-05-16,416.97,418.23,412.72,413.50,184100,413.50
2013-05-15,417.81,419.57,416.70,418.28,191300,418.28
2013-05-14,418.07,419.64,416.13,417.56,235300,417.56
2013-05-13,408.21,416.39,408.00,415.76,335700,415.76
2013-05-10,416.62,423.46,416.59,420.95,313800,420.95
2013-05-09,418.99,419.80,414.29,415.33,121300,415.33
2013-05-08,418.01,419.82,416.60,419.27,189300,419.27
2013-05-07,413.44,419.01,411.50,418.95,170900,418.95
2013-05-06,410.93,413.50,410.03,413.49,189500,413.49
2013-05-03,409.55,413.00,407.29,411.11,167000,411.11
2013-05-02,409.29,410.86,405.26,407.58,210600,407.58
2013-05-01,409.19,413.28,408.27,410.28,199400,410.28
2013-04-30,404.05,409.25,400.74,409.09,289900,409.09
2013-04-29,406.56,408.50,402.30,403.87,183200,403.87
2013-04-26,398.81,408.50,398.14,406.73,363000,406.73
2013-04-25,393.00,402.10,390.00,398.26,422000,398.26
2013-04-24,384.65,386.00,381.84,383.95,211300,383.95
2013-04-23,379.82,384.57,378.85,383.62,300100,383.62
2013-04-22,379.85,380.68,375.57,378.76,326900,378.76
2013-04-19,379.49,382.05,375.12,378.43,325100,378.43
2013-04-18,383.10,383.65,375.94,379.01,438800,379.01
2013-04-17,382.29,384.08,378.65,381.93,322800,381.93
2013-04-16,386.00,387.48,379.79,384.59,387100,384.59
2013-04-15,391.74,393.74,384.64,384.87,328700,384.87
2013-04-12,390.24,395.13,390.24,393.57,173300,393.57
2013-04-11,390.45,396.89,388.05,392.83,182700,392.83
2013-04-10,385.30,394.09,385.30,389.98,356700,389.98
2013-04-09,392.00,392.99,382.98,384.03,577800,384.03
2013-04-08,397.00,399.53,392.74,395.36,220100,395.36
2013-04-05,397.82,399.45,394.59,397.20,246700,397.20
2013-04-04,395.11,402.09,394.00,401.83,211800,401.83
2013-04-03,401.30,401.30,393.61,393.98,513700,393.98
2013-04-02,394.26,402.08,394.26,400.99,368200,400.99
2013-04-01,396.01,397.80,392.76,393.19,157700,393.19
2013-03-28,393.24,396.79,391.05,396.77,537600,396.77
2013-03-27,392.58,394.64,389.59,393.94,189200,393.94
2013-03-26,394.48,394.48,388.63,394.04,345000,394.04
2013-03-25,396.19,396.19,391.46,393.33,263900,393.33
2013-03-22,394.18,396.11,392.26,395.72,175800,395.72
2013-03-21,394.38,395.65,391.35,393.26,173200,393.26
2013-03-20,392.08,397.10,390.79,396.00,294100,396.00
2013-03-19,392.39,392.66,387.78,390.41,219500,390.41
2013-03-18,390.02,392.29,388.91,391.47,175600,391.47
2013-03-15,388.33,392.75,386.56,391.89,404600,391.89
2013-03-14,391.69,392.60,389.19,389.65,318100,389.65
2013-03-13,388.25,392.59,387.60,392.04,383300,392.04
2013-03-12,388.75,390.49,386.97,388.87,392000,388.87
2013-03-11,385.28,388.47,383.74,388.33,375000,388.33
2013-03-08,381.90,385.60,379.32,385.25,350500,385.25
2013-03-07,377.48,381.60,375.29,381.52,397900,381.52
2013-03-06,382.31,383.00,375.42,376.55,428500,376.55
2013-03-05,382.00,382.99,380.82,382.32,215000,382.32
2013-03-04,378.02,381.49,377.47,380.66,316800,380.66
2013-03-01,379.13,379.50,376.70,378.14,228700,378.14
2013-02-28,376.01,380.16,375.11,380.15,459600,380.15
2013-02-27,378.08,379.88,374.33,376.79,352200,376.79
2013-02-26,377.26,381.62,369.79,376.15,986300,376.15
2013-02-25,384.63,386.64,378.54,378.54,629500,378.54
2013-02-22,377.83,385.98,377.83,385.20,512000,385.20
2013-02-21,378.59,383.64,376.42,377.56,432800,377.56
2013-02-20,375.58,380.57,374.20,379.96,577400,379.96
2013-02-19,374.45,375.39,370.64,375.21,608400,375.21
2013-02-15,375.00,375.56,369.47,373.70,646500,373.70
2013-02-14,378.50,380.50,372.94,373.61,742400,373.61
2013-02-13,382.14,384.01,377.88,379.73,538000,379.73
2013-02-12,385.35,386.94,380.79,382.09,550300,382.09
2013-02-11,384.63,387.38,384.23,385.23,523500,385.23
2013-02-08,380.32,386.40,379.58,385.89,790900,385.89
2013-02-07,377.50,383.10,374.46,379.85,1112100,379.85
2013-02-06,367.47,370.16,366.22,369.00,303600,369.00
2013-02-05,369.92,371.03,367.38,368.77,266300,368.77
2013-02-04,373.49,373.99,365.51,367.05,401700,367.05
2013-02-01,370.57,376.16,368.74,374.88,667100,374.88
2013-01-31,364.67,369.70,363.20,369.70,465900,369.70
2013-01-30,361.98,364.86,361.24,364.85,295700,364.85
2013-01-29,367.00,368.83,361.95,361.95,502200,361.95
2013-01-28,366.19,373.45,363.34,369.52,634900,369.52
2013-01-25,357.89,367.10,357.16,365.36,566400,365.36
2013-01-24,357.41,359.98,355.00,357.57,563100,357.57
2013-01-23,352.84,357.18,351.03,356.53,425100,356.53
2013-01-22,347.20,354.70,347.20,353.37,402600,353.37
2013-01-18,347.81,350.49,345.04,349.60,317500,349.60
2013-01-17,350.00,351.18,347.28,348.63,206600,348.63
2013-01-16,350.64,350.99,346.37,349.33,261500,349.33
2013-01-15,343.98,352.79,342.27,350.90,567100,350.90
2013-01-14,346.71,347.78,343.27,344.99,278300,344.99
2013-01-11,346.94,347.84,341.98,346.23,470600,346.23
2013-01-10,349.85,352.16,344.33,346.50,729300,346.50
2013-01-09,348.61,352.51,347.06,349.60,452300,349.60
2013-01-08,345.47,350.88,342.84,348.25,877500,348.25
2013-01-07,360.97,360.97,354.68,356.17,345300,356.17
2013-01-04,357.28,361.10,357.12,360.85,351500,360.85
2013-01-03,355.43,357.91,353.75,356.14,299300,356.14
2013-01-02,357.00,358.13,354.96,356.88,440800,356.88
2012-12-31,347.79,354.76,346.98,354.43,265300,354.43
2012-12-28,352.02,352.61,345.88,348.57,446800,348.57
2012-12-27,351.25,354.09,345.30,353.10,437900,353.10
2012-12-26,355.24,355.28,346.93,351.09,447900,351.09
2012-12-24,363.44,363.44,354.41,355.20,182600,355.20
2012-12-21,353.00,359.57,351.48,358.28,694900,358.28
2012-12-20,359.43,360.74,355.23,356.02,552800,356.02
2012-12-19,360.00,362.25,358.13,359.48,418300,359.48
2012-12-18,363.20,364.45,359.16,360.07,546900,360.07
2012-12-17,358.39,363.40,357.38,363.40,615600,363.40
2012-12-14,358.14,361.55,355.01,357.68,491400,357.68
2012-12-13,358.27,363.17,357.60,359.32,547400,359.32
2012-12-12,357.43,359.07,355.00,357.56,931000,357.56
2012-12-11,356.56,362.22,354.76,355.50,790600,355.50
2012-12-10,359.15,359.15,354.45,355.15,456800,355.15
2012-12-07,367.01,367.01,357.71,359.16,575000,359.16
2012-12-06,355.92,367.17,355.38,364.07,668400,364.07
2012-12-05,366.09,368.99,356.03,360.27,979600,360.27
2012-12-04,373.01,384.25,361.75,366.80,1007700,366.80
2012-12-03,384.00,384.10,377.13,378.01,491200,378.01
2012-11-30,379.70,384.02,377.79,383.77,428600,383.77
2012-11-29,381.84,382.70,377.74,379.78,485900,379.78
2012-11-28,381.80,383.86,379.95,383.86,486000,383.86
2012-11-27,390.11,390.11,378.44,382.38,336500,382.38
2012-11-26,383.62,383.99,380.12,382.93,323500,382.93
2012-11-23,383.38,383.99,381.00,383.12,104200,383.12
2012-11-21,381.57,383.75,379.90,381.87,297800,381.87
2012-11-20,382.20,383.50,377.97,381.13,330800,381.13
2012-11-19,381.57,385.01,380.52,382.30,213900,382.30
2012-11-16,372.75,381.01,370.53,380.50,725900,380.50
2012-11-15,369.87,373.82,367.88,372.78,290600,372.78
2012-11-14,375.07,376.66,368.68,369.75,282400,369.75
2012-11-13,373.01,377.91,373.01,373.55,249800,373.55
2012-11-12,376.59,380.08,374.14,374.38,254200,374.38
2012-11-09,378.39,380.95,374.89,376.89,314700,376.89
2012-11-08,383.75,385.44,378.45,378.97,338100,378.97
2012-11-07,380.48,386.25,380.48,384.37,403400,384.37
2012-11-06,384.15,385.73,381.36,385.26,356700,385.26
2012-11-05,383.33,384.87,381.27,383.23,204700,383.23
2012-11-02,382.41,386.17,380.25,382.91,621000,382.91
2012-11-01,376.00,386.80,372.26,380.34,673100,380.34
2012-10-31,371.75,379.33,366.53,375.00,370200,375.00
2012-10-26,367.63,371.34,365.94,370.75,259700,370.75
2012-10-25,367.43,370.05,363.73,367.78,387400,367.78
2012-10-24,371.95,371.95,363.02,364.36,438400,364.36
2012-10-23,358.31,366.96,358.31,366.74,620700,366.74
2012-10-22,360.92,366.61,360.00,365.80,808700,365.80
2012-10-19,367.26,372.10,367.20,369.00,403100,369.00
2012-10-18,366.35,373.33,365.26,370.39,721500,370.39
2012-10-17,372.10,372.42,369.34,369.47,463200,369.47
2012-10-16,369.31,373.98,368.13,370.69,495600,370.69
2012-10-15,375.02,375.47,371.69,374.72,480900,374.72
2012-10-12,376.02,378.34,371.55,373.05,393200,373.05
2012-10-11,380.46,380.46,374.35,374.35,427000,374.35
2012-10-10,378.60,380.00,376.19,377.35,438200,377.35
2012-10-09,381.17,381.79,379.70,379.89,468700,379.89
2012-10-08,380.82,382.51,379.88,381.42,264400,381.42
2012-10-05,378.75,382.10,377.16,381.29,604800,381.29
2012-10-04,369.50,377.89,369.50,376.79,564100,376.79
2012-10-03,371.27,373.20,370.23,372.14,544900,372.14
2012-10-02,371.40,371.40,368.73,369.91,465500,369.91
2012-10-01,362.34,372.98,362.34,369.07,427600,369.07
2012-09-28,370.28,371.39,368.55,369.67,458500,369.67
2012-09-27,374.90,378.52,370.08,371.47,610200,371.47
2012-09-26,367.54,375.87,366.80,372.89,883200,372.89
2012-09-25,369.31,371.91,367.33,368.54,626500,368.54
2012-09-24,369.38,371.78,368.00,369.30,833000,369.30
2012-09-21,370.85,374.99,370.85,371.80,2279500,371.80
2012-09-20,376.67,376.67,364.67,371.63,1391500,371.63
2012-09-19,355.00,375.43,353.00,369.84,2193700,369.84
2012-09-18,355.61,358.75,353.38,357.84,709800,357.84
2012-09-17,352.25,359.54,351.57,357.38,724400,357.38
2012-09-14,369.85,370.00,351.27,351.99,1413000,351.99
2012-09-13,371.77,373.67,367.50,369.96,500800,369.96
2012-09-12,370.99,373.71,367.94,373.16,360300,373.16
2012-09-11,364.00,371.41,364.00,369.90,432100,369.90
2012-09-10,368.14,371.00,362.95,366.28,484000,366.28
2012-09-07,367.84,369.77,365.89,369.72,254400,369.72
2012-09-06,364.96,370.41,363.32,368.72,412200,368.72
2012-09-05,359.13,363.45,358.68,363.07,419500,363.07
2012-09-04,357.73,362.08,356.22,358.28,333700,358.28
2012-08-31,363.03,363.53,359.37,361.64,447800,361.64
2012-08-30,362.25,364.21,358.15,359.87,347600,359.87
2012-08-29,365.13,366.18,361.55,363.00,424600,363.00
2012-08-28,365.43,368.47,363.67,364.72,216200,364.72
2012-08-27,366.16,370.20,363.30,366.45,236800,366.45
2012-08-24,362.65,365.80,362.15,365.08,170800,365.08
2012-08-23,364.45,365.92,361.68,363.26,195400,363.26
2012-08-22,364.18,366.35,362.50,365.50,204600,365.50
2012-08-21,366.76,367.95,363.66,364.18,301000,364.18
2012-08-20,361.87,365.64,361.87,364.56,481100,364.56
2012-08-17,357.75,364.81,357.75,363.65,418000,363.65
2012-08-16,356.47,359.14,355.75,358.55,349300,358.55
2012-08-15,358.00,361.07,355.75,357.86,425600,357.86
2012-08-14,356.59,359.65,353.84,357.00,380300,357.00
2012-08-13,358.62,359.78,353.49,355.31,495500,355.31
2012-08-10,363.37,364.14,354.74,359.29,522700,359.29
2012-08-09,357.29,365.15,356.99,363.12,554300,363.12
2012-08-08,365.07,368.52,362.25,363.82,475000,363.82
2012-08-07,364.94,369.28,360.32,367.47,619300,367.47
2012-08-06,366.71,372.42,362.05,363.25,566300,363.25
2012-08-03,366.26,374.89,365.00,366.30,625400,366.30
2012-08-02,362.19,364.68,357.51,362.34,569200,362.34
2012-08-01,377.56,379.43,362.67,362.77,369200,362.77
2012-07-31,374.17,379.48,372.61,375.23,336600,375.23
2012-07-30,374.53,378.07,374.16,375.79,263900,375.79
2012-07-27,381.91,381.91,372.10,374.79,317000,374.79
2012-07-26,380.00,380.00,367.14,373.38,507600,373.38
2012-07-25,376.34,379.68,374.97,378.39,218000,378.39
2012-07-24,377.32,379.89,374.15,376.34,183600,376.34
2012-07-23,374.32,379.18,373.05,377.63,229300,377.63
2012-07-20,381.61,381.85,377.86,377.98,249600,377.98
2012-07-19,385.02,385.02,378.13,382.90,339200,382.90
2012-07-18,380.01,385.72,380.01,384.24,190800,384.24
2012-07-17,383.49,386.13,379.79,380.89,228800,380.89
2012-07-16,378.86,387.82,378.86,380.27,319900,380.27
2012-07-13,381.11,385.13,380.39,380.94,295100,380.94
2012-07-12,368.61,386.13,368.61,382.45,1088800,382.45
2012-07-11,365.05,370.34,362.87,368.93,546700,368.93
2012-07-10,367.06,368.93,364.43,366.47,363100,366.47
2012-07-09,357.28,368.03,357.28,367.23,457500,367.23
2012-07-06,363.29,366.09,361.60,364.52,340600,364.52
2012-07-05,357.55,368.87,357.55,366.55,329500,366.55
2012-07-03,364.77,365.69,360.10,362.49,262600,362.49
2012-07-02,366.22,366.65,362.81,364.22,384000,364.22
2012-06-29,363.97,367.17,357.57,367.17,674700,367.17
2012-06-28,356.67,359.57,353.88,358.43,646800,358.43
2012-06-27,354.99,365.99,353.38,359.00,2152700,359.00
2012-06-26,375.00,378.61,368.84,376.49,428900,376.49
2012-06-25,381.21,382.00,374.98,375.03,291700,375.03
2012-06-22,380.58,383.79,380.12,382.76,992800,382.76
2012-06-21,387.58,388.00,378.27,381.64,399900,381.64
2012-06-20,388.11,388.11,382.75,387.65,420300,387.65
2012-06-19,385.49,388.86,385.35,387.91,478500,387.91
2012-06-18,384.86,388.27,383.27,386.73,350500,386.73
2012-06-15,386.90,387.01,381.30,385.30,427800,385.30
2012-06-14,384.87,387.59,383.16,385.75,389400,385.75
2012-06-13,385.44,389.61,382.19,382.91,323300,382.91
2012-06-12,382.31,386.86,382.31,386.65,266400,386.65
2012-06-11,389.59,389.59,382.22,382.31,386400,382.31
2012-06-08,385.53,386.64,381.63,385.76,283200,385.76
2012-06-07,388.06,391.90,383.88,383.88,429800,383.88
2012-06-06,381.43,388.46,380.01,387.96,416000,387.96
2012-06-05,375.58,380.48,373.93,379.18,259400,379.18
2012-06-04,372.83,377.56,369.56,377.00,394700,377.00
2012-06-01,380.65,380.65,373.52,373.68,571700,373.68
2012-05-31,377.99,382.68,373.50,380.26,1006500,380.26
2012-05-30,381.85,381.85,374.78,379.25,544500,379.25
2012-05-29,381.48,381.72,373.23,381.72,479700,381.72
2012-05-25,372.89,375.58,368.56,374.37,789500,374.37
2012-05-24,370.01,373.89,369.00,369.40,631900,369.40
2012-05-23,357.60,374.25,355.06,372.84,906000,372.84
2012-05-22,357.00,374.83,356.54,361.14,1354900,361.14
2012-05-21,370.00,375.71,367.01,368.55,625500,368.55
2012-05-18,369.91,377.69,366.66,372.45,998200,372.45
2012-05-17,375.97,377.97,362.66,365.58,1870500,365.58
2012-05-16,381.76,389.89,381.76,388.87,412200,388.87
2012-05-15,377.30,383.85,376.38,382.48,255000,382.48
2012-05-14,385.50,386.52,377.43,377.62,366800,377.62
2012-05-11,383.35,389.64,383.35,387.50,285000,387.50
2012-05-10,383.90,388.22,382.10,385.73,327200,385.73
2012-05-09,383.38,387.09,380.30,382.88,256000,382.88
2012-05-08,385.89,387.53,380.19,383.80,335300,383.80
2012-05-07,388.08,391.46,385.60,386.91,294000,386.91
2012-05-04,391.06,394.28,386.35,389.43,420100,389.43
2012-05-03,397.72,398.20,392.71,393.70,179400,393.70
2012-05-02,396.56,397.68,393.82,396.44,151000,396.44
2012-05-01,393.37,399.03,392.21,395.41,232800,395.41
2012-04-30,398.85,399.10,393.73,396.16,258000,396.16
2012-04-27,395.20,399.10,394.47,397.13,455400,397.13
2012-04-26,380.95,395.12,380.95,393.72,833500,393.72
2012-04-25,380.12,384.39,380.02,382.83,287800,382.83
2012-04-24,386.23,386.25,376.72,379.36,508000,379.36
2012-04-23,379.95,382.64,378.00,382.00,322600,382.00
2012-04-20,382.64,382.66,380.09,381.73,481400,381.73
2012-04-19,379.42,382.41,378.67,380.00,535500,380.00
2012-04-18,379.21,381.60,377.59,379.50,312300,379.50
2012-04-17,382.53,383.24,378.01,379.17,342300,379.17
2012-04-16,380.16,383.61,378.42,380.80,298100,380.80
2012-04-13,378.74,382.96,375.01,380.97,382100,380.97
2012-04-12,375.91,379.34,373.84,378.73,273600,378.73
2012-04-11,379.75,380.35,376.48,377.05,440000,377.05
2012-04-10,382.95,383.42,375.61,375.87,585300,375.87
2012-04-09,379.50,384.30,378.66,383.50,515400,383.50
2012-04-05,384.75,385.09,380.11,383.80,715200,383.80
2012-04-04,381.81,384.68,376.88,382.40,419500,382.40
2012-04-03,384.42,385.58,381.80,381.89,914600,381.89
2012-04-02,377.23,379.17,371.65,378.72,506900,378.72
2012-03-30,376.10,376.10,371.80,371.80,308400,371.80
2012-03-29,375.21,376.84,373.55,374.34,239600,374.34
2012-03-28,379.41,380.35,375.47,376.36,350900,376.36
2012-03-27,378.67,381.18,378.67,379.58,428500,379.58
2012-03-26,377.64,380.33,376.74,379.00,282800,379.00
2012-03-23,377.77,379.32,375.74,378.66,191400,378.66
2012-03-22,375.49,379.40,375.02,378.13,273700,378.13
2012-03-21,377.82,378.94,375.42,375.42,327700,375.42
2012-03-20,376.55,378.66,376.11,377.80,254800,377.80
2012-03-19,378.84,380.51,376.00,377.36,300200,377.36
2012-03-16,376.29,379.67,376.29,378.87,512900,378.87
2012-03-15,378.94,380.52,377.16,379.00,279300,379.00
2012-03-14,380.23,382.17,379.60,379.92,386700,379.92
2012-03-13,381.72,382.08,377.62,379.63,542000,379.63
2012-03-12,382.00,382.06,380.30,380.83,312600,380.83
2012-03-09,381.83,383.89,381.27,382.23,416500,382.23
2012-03-08,384.88,386.00,380.41,380.50,426700,380.50
2012-03-07,385.83,385.99,380.46,383.74,357600,383.74
2012-03-06,384.24,385.23,380.30,385.23,405400,385.23
2012-03-05,379.10,385.61,377.01,385.22,531400,385.22
2012-03-02,378.00,379.48,377.42,378.45,232500,378.45
2012-03-01,375.12,378.96,373.75,378.44,485600,378.44
2012-02-29,374.97,375.58,372.22,374.48,363400,374.48
2012-02-28,374.52,377.78,371.28,376.41,931800,376.41
2012-02-27,360.50,367.59,359.80,366.09,557700,366.09
2012-02-24,360.00,360.00,358.80,359.80,326600,359.80
2012-02-23,359.23,360.39,358.00,358.50,219800,358.50
2012-02-22,359.99,360.40,358.34,358.95,126900,358.95
2012-02-21,360.20,361.32,358.23,359.66,266700,359.66
2012-02-17,359.89,361.98,356.53,360.21,242500,360.21
2012-02-16,357.01,359.12,353.80,357.96,451600,357.96
2012-02-15,361.40,361.40,355.02,356.12,244600,356.12
2012-02-14,356.22,360.11,356.22,360.11,225100,360.11
2012-02-13,354.50,360.41,354.10,358.46,425200,358.46
2012-02-10,353.20,354.17,352.06,354.10,355700,354.10
2012-02-09,347.27,354.25,347.27,354.04,305600,354.04
2012-02-08,350.62,351.93,347.20,349.15,220500,349.15
2012-02-07,350.59,351.75,347.96,350.48,176500,350.48
2012-02-06,352.01,352.01,350.07,350.76,162000,350.76
2012-02-03,348.18,356.80,348.18,353.18,160500,353.18
2012-02-02,352.60,353.25,349.14,349.17,160000,349.17
2012-02-01,348.81,353.48,348.20,352.99,258200,352.99
2012-01-31,349.60,351.22,346.44,347.88,234800,347.88
2012-01-30,346.54,349.60,346.20,347.67,217600,347.67
2012-01-27,347.70,349.00,345.03,347.58,301900,347.58
2012-01-26,348.62,348.90,347.24,347.91,323100,347.91
2012-01-25,346.50,348.59,345.00,348.58,262800,348.58
2012-01-24,346.54,347.60,345.19,346.75,236600,346.75
2012-01-23,347.47,347.80,345.43,347.01,366400,347.01
2012-01-20,344.96,350.55,344.60,347.00,800900,347.00
2012-01-19,347.48,347.48,344.63,346.50,671600,346.50
2012-01-18,343.97,346.97,342.58,346.28,523400,346.28
2012-01-17,345.00,346.00,344.00,345.00,506000,345.00
2012-01-13,342.34,344.44,340.13,344.44,276200,344.44
2012-01-12,341.59,343.49,339.39,342.98,337400,342.98
2012-01-11,340.72,342.59,339.03,341.87,496500,341.87
2012-01-10,340.80,341.27,337.75,340.14,528400,340.14
2012-01-09,337.98,340.51,336.45,339.50,470200,339.50
2012-01-06,333.85,339.23,331.93,338.04,571800,338.04
2012-01-05,323.98,334.10,321.19,333.85,666500,333.85
2012-01-04,318.23,327.91,313.11,326.96,916200,326.96
2012-01-03,327.72,328.49,318.12,319.79,539700,319.79
2011-12-30,324.88,329.40,324.24,324.97,225900,324.97
2011-12-29,328.59,329.31,325.40,326.25,161000,326.25
2011-12-28,329.69,332.00,327.39,328.22,191300,328.22
2011-12-27,330.60,331.48,329.42,330.25,374600,330.25
2011-12-23,330.07,331.17,327.99,330.30,211700,330.30
2011-12-22,330.75,331.05,327.85,329.00,272900,329.00
2011-12-21,324.94,331.69,324.94,330.00,369500,330.00
2011-12-20,325.16,327.09,324.22,325.29,673400,325.29
2011-12-19,325.68,327.01,323.92,324.96,253800,324.96
2011-12-16,328.96,330.46,325.94,326.00,392000,326.00
2011-12-15,325.32,330.04,323.70,327.32,293900,327.32
2011-12-14,325.61,326.00,322.42,324.32,208900,324.32
2011-12-13,332.46,334.63,324.33,326.10,243200,326.10
2011-12-12,324.98,332.39,324.97,330.89,344600,330.89
2011-12-09,329.70,332.30,329.22,329.82,608200,329.82
2011-12-08,333.58,334.20,329.10,329.67,263400,329.67
2011-12-07,337.75,338.27,333.37,333.86,391600,333.86
2011-12-06,341.06,343.90,332.87,337.81,498500,337.81
2011-12-05,334.54,339.44,332.01,338.97,296400,338.97
2011-12-02,337.00,339.00,330.22,330.22,207700,330.22
2011-12-01,329.01,336.33,329.01,335.30,249000,335.30
2011-11-30,325.74,330.70,325.74,328.38,281900,328.38
2011-11-29,319.14,324.46,318.75,323.43,175600,323.43
2011-11-28,326.23,329.28,318.33,319.51,272000,319.51
2011-11-25,316.59,322.96,315.26,322.96,151600,322.96
2011-11-23,319.32,320.72,316.60,318.06,183900,318.06
2011-11-22,324.41,325.05,320.29,320.82,264600,320.82
2011-11-21,327.48,328.72,323.47,325.33,209400,325.33
2011-11-18,329.65,331.14,327.64,329.40,137800,329.40
2011-11-17,331.59,332.63,327.21,328.32,154900,328.32
2011-11-16,336.04,337.40,331.24,332.04,134800,332.04
2011-11-15,336.48,338.26,334.79,337.15,165700,337.15
2011-11-14,337.85,341.89,335.63,336.23,202400,336.23
2011-11-11,332.10,337.96,330.48,337.66,230200,337.66
2011-11-10,327.61,331.21,327.00,330.71,233500,330.71
2011-11-09,330.00,332.88,325.01,325.64,277400,325.64
2011-11-08,326.37,334.00,326.37,333.79,300900,333.79
2011-11-07,323.97,327.60,323.84,327.11,139800,327.11
2011-11-04,324.67,326.24,322.31,325.00,300600,325.00
2011-11-03,325.61,326.32,321.58,324.66,355600,324.66
2011-11-02,327.51,327.62,323.77,324.44,389100,324.44
2011-11-01,318.58,329.35,317.31,325.67,491200,325.67
2011-10-31,326.01,328.51,323.59,323.59,399800,323.59
2011-10-28,330.61,331.64,326.03,327.82,245800,327.82
2011-10-27,333.09,333.75,329.51,330.73,456200,330.73
2011-10-26,333.78,333.78,325.84,327.79,304200,327.79
2011-10-25,330.09,332.92,327.40,327.93,333600,327.93
2011-10-24,328.00,330.89,327.39,330.19,452900,330.19
2011-10-21,331.32,331.64,327.11,327.50,384600,327.50
2011-10-20,327.03,328.61,325.18,326.95,346600,326.95
2011-10-19,326.03,327.41,323.73,324.99,509500,324.99
2011-10-18,326.30,327.31,324.53,326.03,489900,326.03
2011-10-17,325.75,331.43,325.74,327.00,334400,327.00
2011-10-14,329.00,330.00,326.77,328.12,336400,328.12
2011-10-13,327.14,328.76,325.00,326.56,359900,326.56
2011-10-12,328.09,329.95,323.74,327.66,427500,327.66
2011-10-11,331.18,332.68,325.98,327.61,296900,327.61
2011-10-10,326.87,331.83,325.41,331.70,330300,331.70
2011-10-07,323.33,328.68,320.42,324.02,339900,324.02
2011-10-06,317.06,323.19,316.11,322.37,362100,322.37
2011-10-05,320.00,320.37,311.95,317.42,382500,317.42
2011-10-04,308.21,320.00,307.16,320.00,406100,320.00
2011-10-03,318.42,322.02,311.87,311.88,428700,311.88
2011-09-30,314.57,325.53,313.71,319.19,535700,319.19
2011-09-29,337.23,337.23,313.18,317.58,529500,317.58
2011-09-28,325.99,326.31,321.28,321.94,335700,321.94
2011-09-27,330.10,330.10,324.37,326.00,650200,326.00
2011-09-26,323.18,327.17,321.47,327.12,356000,327.12
2011-09-23,316.55,322.62,316.00,321.70,399800,321.70
2011-09-22,317.87,320.37,311.72,316.13,713200,316.13
2011-09-21,327.29,329.00,322.59,322.79,449200,322.79
2011-09-20,329.68,332.95,325.91,327.75,858200,327.75
2011-09-19,329.31,333.99,329.00,331.95,730700,331.95
2011-09-16,327.70,332.93,326.69,331.25,1197800,331.25
2011-09-15,325.78,327.00,324.00,325.77,337700,325.77
2011-09-14,320.50,326.47,317.66,324.38,449800,324.38
2011-09-13,316.49,320.49,312.38,319.48,475400,319.48
2011-09-12,312.97,316.44,311.14,316.18,414500,316.18
2011-09-09,315.15,318.79,312.12,314.49,333400,314.49
2011-09-08,315.96,318.30,315.00,316.10,357000,316.10
2011-09-07,314.50,317.86,314.25,316.67,343000,316.67
2011-09-06,306.00,314.00,304.95,313.83,485600,313.83
2011-09-02,308.45,312.17,307.87,310.85,373800,310.85
2011-09-01,304.31,312.75,304.31,312.05,427100,312.05
2011-08-31,310.24,310.87,304.84,307.00,321600,307.00
2011-08-30,307.63,310.00,305.23,308.53,431800,308.53
2011-08-29,304.53,307.69,303.00,307.14,294100,307.14
2011-08-26,297.96,302.76,295.31,301.30,245700,301.30
2011-08-25,302.95,306.00,297.43,298.43,300300,298.43
2011-08-24,297.54,304.34,297.50,304.10,533600,304.10
2011-08-23,296.99,300.00,294.18,299.31,399000,299.31
2011-08-22,297.69,297.69,290.59,295.70,550900,295.70
2011-08-19,285.95,294.00,285.95,291.42,572500,291.42
2011-08-18,284.34,289.19,279.93,289.16,621200,289.16
2011-08-17,289.66,290.48,284.98,288.48,205100,288.48
2011-08-16,285.55,289.66,284.11,288.27,252700,288.27
2011-08-15,289.21,289.21,282.75,287.40,294000,287.40
2011-08-12,286.35,288.94,283.05,287.61,625400,287.61
2011-08-11,278.00,284.04,278.00,281.89,737400,281.89
2011-08-10,277.86,281.90,274.40,274.82,716900,274.82
2011-08-09,269.54,280.44,269.17,280.10,686600,280.10
2011-08-08,275.10,278.62,266.25,268.51,663100,268.51
2011-08-05,275.26,280.67,270.24,278.74,663200,278.74
2011-08-04,279.59,281.46,273.09,273.29,390700,273.29
2011-08-03,276.29,281.86,274.40,281.50,368500,281.50
2011-08-02,280.85,284.33,276.15,276.71,337600,276.71
2011-08-01,287.00,287.36,280.12,282.25,349100,282.25
2011-07-29,284.46,288.09,282.50,285.45,287500,285.45
2011-07-28,287.96,288.55,284.50,285.84,255900,285.84
2011-07-27,293.25,293.33,287.00,289.15,399300,289.15
2011-07-26,294.82,296.30,293.60,295.16,150700,295.16
2011-07-25,294.27,296.37,293.22,294.94,228400,294.94
2011-07-22,296.44,296.61,295.12,295.85,172500,295.85
2011-07-21,296.36,297.22,294.77,295.52,293600,295.52
2011-07-20,298.33,298.62,294.78,295.59,180800,295.59
2011-07-19,296.71,299.21,296.16,298.33,268300,298.33
2011-07-18,297.08,297.08,294.47,295.36,177100,295.36
2011-07-15,298.66,298.66,294.08,297.28,292100,297.28
2011-07-14,298.37,302.00,295.26,297.88,416500,297.88
2011-07-13,298.48,300.40,296.02,296.94,312900,296.94
2011-07-12,293.21,299.60,293.10,297.59,392400,297.59
2011-07-11,295.94,297.64,293.84,295.50,277500,295.50
2011-07-08,295.81,298.56,295.15,298.28,305700,298.28
2011-07-07,299.00,299.45,298.00,298.38,330800,298.38
2011-07-06,295.29,298.80,294.76,297.75,333300,297.75
2011-07-05,296.14,298.53,294.51,297.14,289700,297.14
2011-07-01,295.38,298.19,294.86,297.62,255800,297.62
2011-06-30,292.55,296.20,291.87,294.85,381100,294.85
2011-06-29,293.42,293.54,290.62,291.32,342700,291.32
2011-06-28,293.50,293.52,292.58,292.90,437000,292.90
2011-06-27,290.99,293.97,290.00,292.84,267300,292.84
2011-06-24,292.55,293.70,290.33,291.60,336900,291.60
2011-06-23,290.72,294.27,290.72,292.61,476500,292.61
2011-06-22,292.17,294.08,292.17,292.87,387300,292.87
2011-06-21,292.40,292.91,291.43,292.43,444600,292.43
2011-06-20,291.31,293.15,290.03,292.24,496000,292.24
2011-06-17,291.00,293.05,290.36,291.71,804500,291.71
2011-06-16,288.82,290.15,285.21,289.78,447100,289.78
2011-06-15,289.07,290.52,288.45,289.55,366600,289.55
2011-06-14,290.23,290.59,289.16,289.87,345300,289.87
2011-06-13,291.30,291.30,288.24,288.88,313500,288.88
2011-06-10,290.70,292.23,288.71,290.20,395700,290.20
2011-06-09,288.37,292.54,286.98,291.94,305100,291.94
2011-06-08,284.81,289.49,283.25,288.53,485300,288.53
2011-06-07,285.00,289.39,284.12,284.50,338700,284.50
2011-06-06,286.63,287.22,283.94,285.64,316800,285.64
2011-06-03,287.30,290.50,284.83,285.48,325900,285.48
2011-06-02,294.12,294.12,289.00,289.65,287000,289.65
2011-06-01,294.00,295.18,293.03,293.11,378800,293.11
2011-05-31,298.86,299.60,293.12,294.00,486200,294.00
2011-05-27,295.27,297.81,294.84,296.71,293900,296.71
2011-05-26,297.98,298.47,296.00,296.61,540000,296.61
2011-05-25,294.44,298.00,293.00,297.98,607200,297.98
2011-05-24,288.07,295.17,286.80,293.30,1154000,293.30
2011-05-23,276.29,277.61,273.18,276.78,473300,276.78
2011-05-20,276.69,278.21,274.56,276.60,462100,276.60
2011-05-19,277.01,279.00,274.33,277.15,770000,277.15
2011-05-18,281.97,283.67,280.42,282.50,259600,282.50
2011-05-17,282.88,283.09,279.26,281.48,239000,281.48
2011-05-16,286.24,287.52,283.35,283.65,238100,283.65
2011-05-13,287.89,288.50,284.26,286.30,239400,286.30
2011-05-12,286.18,288.50,284.02,287.89,360000,287.89
2011-05-11,288.42,288.42,279.35,286.38,454000,286.38
2011-05-10,285.04,287.00,285.04,286.41,248400,286.41
2011-05-09,281.17,285.83,281.17,284.64,253000,284.64
2011-05-06,286.82,286.99,281.13,281.56,269000,281.56
2011-05-05,282.00,287.00,281.04,285.28,294100,285.28
2011-05-04,283.70,284.49,282.18,283.35,280000,283.35
2011-05-03,284.80,285.00,282.39,283.44,414000,283.44
2011-05-02,283.20,284.57,280.50,281.18,206000,281.18
2011-04-29,282.27,283.26,281.09,282.38,251000,282.38
2011-04-28,280.02,284.42,279.68,282.48,298600,282.48
2011-04-27,283.73,283.92,281.00,281.50,619900,281.50
2011-04-26,283.06,283.83,281.72,282.07,306300,282.07
2011-04-25,284.71,284.94,281.16,282.50,145500,282.50
2011-04-21,284.00,284.97,282.69,284.85,310300,284.85
2011-04-20,280.58,284.60,280.45,283.96,376900,283.96
2011-04-19,279.08,279.09,276.07,278.28,250500,278.28
2011-04-18,280.28,280.28,274.77,279.32,244200,279.32
2011-04-15,279.76,281.96,278.72,280.08,370300,280.08
2011-04-14,278.75,280.74,277.27,278.85,455400,278.85
2011-04-13,276.22,279.99,276.22,279.76,419700,279.76
2011-04-12,272.15,279.00,270.00,277.77,661500,277.77
2011-04-11,272.61,273.99,269.68,272.93,384600,272.93
2011-04-08,277.60,277.60,274.51,276.26,238800,276.26
2011-04-07,276.56,277.83,272.98,275.84,256600,275.84
2011-04-06,276.85,279.35,276.51,276.59,219800,276.59
2011-04-05,273.64,279.94,273.09,276.64,327300,276.64
2011-04-04,275.00,275.76,272.54,274.28,213100,274.28
2011-04-01,274.22,276.05,273.27,274.67,261400,274.67
2011-03-31,273.19,273.87,270.80,273.56,359800,273.56
2011-03-30,274.25,276.04,273.00,273.94,271900,273.94
2011-03-29,271.12,273.47,268.80,273.44,314300,273.44
2011-03-28,276.16,276.16,270.82,270.93,307900,270.93
2011-03-25,272.75,277.50,270.71,275.49,435200,275.49
2011-03-24,271.00,273.26,269.44,272.11,399200,272.11
2011-03-23,264.85,271.00,262.80,270.06,458300,270.06
2011-03-22,264.45,265.79,261.75,264.72,376400,264.72
2011-03-21,264.33,266.18,262.38,264.09,423400,264.09
2011-03-18,263.63,264.71,260.07,262.98,500000,262.98
2011-03-17,264.17,264.92,261.57,261.95,225100,261.95
2011-03-16,261.24,265.71,260.62,261.31,395800,261.31
2011-03-15,259.50,264.47,256.86,263.14,345300,263.14
2011-03-14,263.89,265.31,261.89,264.81,236400,264.81
2011-03-11,266.60,267.37,263.12,265.93,270500,265.93
2011-03-10,266.76,268.80,265.00,266.71,290900,266.71
2011-03-09,268.02,269.63,266.85,268.21,272900,268.21
2011-03-08,263.66,269.80,262.98,267.96,403800,267.96
2011-03-07,265.75,267.46,262.95,263.25,357600,263.25
2011-03-04,266.53,268.75,263.29,265.42,261800,265.42
2011-03-03,264.46,266.95,263.01,266.53,483400,266.53
2011-03-02,263.74,264.54,260.68,262.84,564700,262.84
2011-03-01,265.54,267.98,260.21,263.52,1016900,263.52
2011-02-28,255.51,260.00,255.45,257.95,524800,257.95
2011-02-25,254.91,255.75,252.54,255.39,277400,255.39
2011-02-24,252.09,254.20,249.05,253.25,289300,253.25
2011-02-23,252.53,254.58,247.36,250.64,398600,250.64
2011-02-22,253.13,254.58,249.10,252.59,383600,252.59
2011-02-18,256.48,259.04,253.71,255.64,338500,255.64
2011-02-17,262.22,262.22,254.71,255.57,418400,255.57
2011-02-16,262.00,265.54,261.58,262.78,213500,262.78
2011-02-15,260.52,260.98,259.33,260.81,287100,260.81
2011-02-14,261.16,261.76,259.70,260.82,227300,260.82
2011-02-11,259.14,261.72,258.64,260.88,200800,260.88
2011-02-10,260.83,261.50,256.15,259.64,361100,259.64
2011-02-09,259.50,263.62,259.10,261.76,285000,261.76
2011-02-08,258.03,259.99,257.78,259.83,218600,259.83
2011-02-07,259.00,261.59,257.35,258.03,271400,258.03
2011-02-04,254.71,260.18,254.33,258.70,328700,258.70
2011-02-03,251.36,255.70,251.36,255.01,421200,255.01
2011-02-02,254.79,254.95,251.06,251.76,270400,251.76
2011-02-01,254.57,255.21,251.80,255.00,340100,255.00
2011-01-31,251.39,255.38,251.07,253.53,360400,253.53
2011-01-28,256.80,257.40,250.62,251.06,390100,251.06
2011-01-27,250.41,257.99,250.24,256.10,579500,256.10
2011-01-26,249.20,251.83,246.26,250.07,523000,250.07
2011-01-25,249.50,251.59,247.35,248.70,487100,248.70
2011-01-24,252.50,253.01,249.92,251.49,469100,251.49
2011-01-21,253.97,254.96,251.77,252.13,770300,252.13
2011-01-20,249.52,252.81,249.00,252.56,648100,252.56
2011-01-19,250.85,252.00,249.07,249.99,666400,249.99
2011-01-18,251.84,253.33,250.22,250.59,478800,250.59
2011-01-14,251.26,253.22,249.77,252.62,426700,252.62
2011-01-13,251.27,252.83,250.14,251.93,477500,251.93
2011-01-12,252.05,252.76,249.62,251.16,633100,251.16
2011-01-11,253.49,254.72,250.01,251.52,417100,251.52
2011-01-10,249.78,254.18,249.75,252.74,618200,252.74
2011-01-07,250.76,253.17,249.41,250.67,817700,250.67
2011-01-06,254.04,254.94,246.62,249.55,1103100,249.55
2011-01-05,256.91,258.89,254.84,255.20,825000,255.20
2011-01-04,269.15,269.15,257.07,258.36,1115900,258.36
2011-01-03,273.49,273.99,266.61,268.40,618100,268.40
2010-12-31,274.96,275.04,272.25,272.59,159100,272.59
2010-12-30,273.75,276.00,273.62,275.50,153400,275.50
2010-12-29,272.49,274.50,272.01,273.64,245900,273.64
2010-12-28,270.98,272.56,270.52,272.47,285000,272.47
2010-12-27,271.55,271.62,270.00,270.92,106000,270.92
2010-12-23,272.10,272.69,270.98,271.90,144200,271.90
2010-12-22,273.00,273.00,271.09,272.06,194600,272.06
2010-12-21,273.04,273.40,271.42,272.19,355600,272.19
2010-12-20,271.68,272.87,269.20,272.77,365400,272.77
2010-12-17,269.11,271.00,269.11,269.99,537400,269.99
2010-12-16,264.01,269.72,262.94,269.11,452400,269.11
2010-12-15,262.04,264.82,262.04,262.55,260600,262.55
2010-12-14,264.89,264.89,261.78,262.66,283100,262.66
2010-12-13,264.91,266.29,264.48,264.50,336200,264.50
2010-12-10,263.57,264.95,262.42,264.74,239500,264.74
2010-12-09,262.61,264.61,260.72,263.90,301000,263.90
2010-12-08,260.49,263.26,259.40,262.57,521200,262.57
2010-12-07,270.31,271.27,255.94,260.15,1553900,260.15
2010-12-06,265.99,266.25,261.77,261.91,750600,261.91
2010-12-03,263.20,265.49,262.40,265.20,360500,265.20
2010-12-02,260.96,263.49,259.91,263.20,271100,263.20
2010-12-01,261.89,262.00,259.73,260.56,362300,260.56
2010-11-30,256.87,260.25,256.72,259.41,429500,259.41
2010-11-29,259.22,259.52,255.23,257.80,353500,257.80
2010-11-26,258.06,259.75,257.18,259.48,162600,259.48
2010-11-24,255.31,259.14,255.31,259.14,281100,259.14
2010-11-23,254.31,255.13,250.92,254.91,248200,254.91
2010-11-22,250.77,256.00,250.77,255.65,426900,255.65
2010-11-19,250.95,251.85,250.34,251.20,375700,251.20
2010-11-18,251.71,253.50,251.14,251.17,369700,251.17
2010-11-17,249.14,250.70,248.17,249.23,329600,249.23
2010-11-16,250.79,252.88,248.60,249.00,338400,249.00
2010-11-15,251.55,253.47,250.88,251.39,389800,251.39
2010-11-12,251.21,252.40,249.35,250.68,340600,250.68
2010-11-11,248.96,252.48,248.55,252.09,617400,252.09
2010-11-10,243.22,249.53,242.87,248.95,729800,248.95
2010-11-09,243.05,243.66,242.05,243.00,328600,243.00
2010-11-08,238.85,243.62,238.59,242.85,400400,242.85
2010-11-05,239.17,240.50,239.17,239.87,439900,239.87
2010-11-04,239.15,239.48,237.94,239.24,618700,239.24
2010-11-03,237.84,238.70,236.00,238.00,533800,238.00
2010-11-02,237.00,238.86,236.25,237.99,271200,237.99
2010-11-01,237.69,238.00,234.34,235.64,326200,235.64
2010-10-29,235.88,237.69,235.35,237.63,233700,237.63
2010-10-28,236.93,237.93,234.80,236.80,425200,236.80
2010-10-27,234.76,236.06,232.94,235.85,339000,235.85
2010-10-26,234.47,237.00,234.47,236.50,440500,236.50
2010-10-25,234.90,236.75,234.76,235.12,378300,235.12
2010-10-22,231.65,234.98,230.72,234.72,330600,234.72
2010-10-21,232.58,234.47,229.99,231.37,427500,231.37
2010-10-20,229.92,233.00,229.84,231.90,444200,231.90
2010-10-19,231.40,233.00,227.70,229.47,719500,229.47
2010-10-18,232.71,233.10,231.06,232.80,446900,232.80
2010-10-15,233.50,233.75,232.04,232.96,621100,232.96
2010-10-14,232.70,233.37,231.14,233.00,623900,233.00
2010-10-13,233.70,233.70,231.38,232.55,733700,232.55
2010-10-12,233.05,233.91,231.53,232.95,503900,232.95
2010-10-11,234.00,234.50,232.07,232.83,455600,232.83
2010-10-08,233.50,233.78,231.92,232.81,626900,232.81
2010-10-07,233.98,233.99,232.34,233.00,481200,233.00
2010-10-06,233.10,233.99,232.10,233.00,480800,233.00
2010-10-05,232.24,233.99,231.51,233.33,755200,233.33
2010-10-04,229.75,232.13,228.76,230.63,615600,230.63
2010-10-01,229.95,230.00,227.81,228.83,614500,228.83
2010-09-30,231.50,231.73,226.80,228.91,679900,228.91
2010-09-29,228.15,231.23,228.01,230.56,734600,230.56
2010-09-28,226.31,228.75,224.74,228.20,524800,228.20
2010-09-27,225.59,226.75,224.00,225.74,422900,225.74
2010-09-24,224.19,226.06,224.00,225.73,458700,225.73
2010-09-23,221.08,225.00,220.98,222.64,488400,222.64
2010-09-22,216.43,223.25,216.43,222.10,820400,222.10
2010-09-21,221.90,221.90,214.00,217.02,1168500,217.02
2010-09-20,222.00,222.87,219.51,220.14,784000,220.14
2010-09-17,219.95,220.92,218.28,220.88,682800,220.88
2010-09-16,218.82,219.39,217.89,218.89,388000,218.89
2010-09-15,217.99,219.31,217.38,219.30,269700,219.30
2010-09-14,216.86,219.41,215.71,218.27,349000,218.27
2010-09-13,214.99,217.28,213.52,216.75,494400,216.75
2010-09-10,217.40,218.97,217.27,217.90,275200,217.90
2010-09-09,221.18,221.57,215.88,217.26,440200,217.26
2010-09-08,218.54,221.54,218.21,220.24,414500,220.24
2010-09-07,217.94,219.50,217.65,218.55,323500,218.55
2010-09-03,218.00,219.23,216.51,218.45,264800,218.45
2010-09-02,214.25,217.15,213.64,216.94,457600,216.94
2010-09-01,212.00,214.93,210.25,214.09,501800,214.09
2010-08-31,210.59,213.21,209.53,209.78,479200,209.78
2010-08-30,213.45,213.60,210.90,211.03,386900,211.03
2010-08-27,211.66,215.15,211.66,214.65,375900,214.65
2010-08-26,211.48,214.11,211.08,211.46,402000,211.46
2010-08-25,209.02,211.41,208.01,210.50,440800,210.50
2010-08-24,213.13,213.40,209.30,209.88,534200,209.88
2010-08-23,213.36,215.21,212.88,213.61,343200,213.61
2010-08-20,209.52,213.60,209.52,213.07,369700,213.07
2010-08-19,212.44,213.04,210.11,211.00,369600,211.00
2010-08-18,209.80,213.79,209.59,212.40,377800,212.40
2010-08-17,207.85,210.99,207.72,210.07,395500,210.07
2010-08-16,206.87,207.16,205.95,207.00,467200,207.00
2010-08-13,206.22,209.30,206.22,207.86,624100,207.86
2010-08-12,203.05,207.29,203.05,206.50,539200,206.50
2010-08-11,205.28,206.32,204.01,204.56,390700,204.56
2010-08-10,206.82,207.75,205.89,206.83,686000,206.83
2010-08-09,208.10,208.79,207.00,207.27,672200,207.27
2010-08-06,205.25,207.60,204.25,207.39,460700,207.39
2010-08-05,204.71,206.43,204.00,205.85,498900,205.85
2010-08-04,207.00,208.04,204.91,205.76,677000,205.76
2010-08-03,209.47,209.47,205.39,206.83,770300,206.83
2010-08-02,213.51,213.65,211.10,211.85,604000,211.85
2010-07-30,207.90,212.38,207.68,211.57,525500,211.57
2010-07-29,211.40,211.73,207.10,208.77,802000,208.77
2010-07-28,210.47,211.47,209.59,210.37,864200,210.37
2010-07-27,213.00,213.00,209.62,209.96,633500,209.96
2010-07-26,207.90,212.27,207.79,212.06,693000,212.06
2010-07-23,206.50,207.48,206.11,207.00,1125800,207.00
2010-07-22,207.25,208.00,205.77,206.94,985700,206.94
2010-07-21,207.92,207.92,205.81,206.29,531300,206.29
2010-07-20,201.97,208.20,201.97,207.50,619100,207.50
2010-07-19,202.92,204.81,201.90,203.85,395000,203.85
2010-07-16,204.55,204.96,201.51,202.25,636900,202.25
2010-07-15,204.70,205.45,203.60,204.91,932600,204.91
2010-07-14,205.31,206.15,203.80,204.96,594700,204.96
2010-07-13,203.98,206.42,203.05,205.43,609300,205.43
2010-07-12,200.38,203.50,199.76,202.69,637700,202.69
2010-07-09,198.40,200.74,197.60,200.12,557000,200.12
2010-07-08,197.75,200.59,197.08,198.10,763100,198.10
2010-07-07,194.16,197.33,194.10,197.11,690900,197.11
2010-07-06,196.32,197.37,192.65,194.66,611200,194.66
2010-07-02,195.50,196.36,194.00,195.01,447600,195.01
2010-07-01,193.00,195.20,189.38,194.72,743400,194.72
2010-06-30,195.28,197.13,192.70,193.22,560300,193.22
2010-06-29,194.87,197.46,192.17,195.53,728900,195.53
2010-06-28,196.13,198.22,195.08,196.21,417900,196.21
2010-06-25,196.50,197.63,194.97,196.13,645000,196.13
2010-06-24,195.53,196.81,192.91,195.64,656100,195.64
2010-06-23,192.60,196.70,192.13,196.23,654000,196.23
2010-06-22,194.70,196.65,192.63,192.85,534400,192.85
2010-06-21,196.75,196.95,194.33,194.85,559200,194.85
2010-06-18,195.64,196.75,194.74,195.31,590500,195.31
2010-06-17,194.91,196.06,193.19,195.13,459200,195.13
2010-06-16,193.92,196.49,193.91,195.41,596700,195.41
2010-06-15,191.50,194.27,190.22,194.23,681200,194.23
2010-06-14,190.42,192.54,190.09,190.66,467700,190.66
2010-06-11,187.62,189.81,185.21,189.30,866200,189.30
2010-06-10,185.91,188.81,183.70,187.72,1364900,187.72
2010-06-09,189.85,191.66,187.95,188.59,627600,188.59
2010-06-08,186.00,188.95,185.51,188.89,707400,188.89
2010-06-07,190.10,190.96,185.85,186.09,629900,186.09
2010-06-04,191.43,192.22,188.19,188.89,698100,188.89
2010-06-03,192.14,192.99,191.34,192.93,672400,192.93
2010-06-02,192.75,192.75,189.88,192.65,1057500,192.65
2010-06-01,191.32,194.13,189.24,191.46,815800,191.46
2010-05-28,190.90,193.33,190.88,190.88,998100,190.88
2010-05-27,192.00,192.43,191.30,192.00,978000,192.00
2010-05-26,194.23,195.75,189.70,190.18,899000,190.18
2010-05-25,188.41,195.59,185.19,194.57,2169500,194.57
2010-05-24,181.77,186.24,180.02,184.25,516900,184.25
2010-05-21,177.66,183.97,177.66,183.47,651000,183.47
2010-05-20,182.43,184.00,179.57,179.66,925700,179.66
2010-05-19,180.00,184.19,179.50,182.04,444400,182.04
2010-05-18,183.77,185.46,180.50,180.80,369700,180.80
2010-05-17,180.90,184.10,178.49,183.72,605700,183.72
2010-05-14,180.90,182.23,178.90,180.31,535800,180.31
2010-05-13,185.39,185.39,180.60,180.95,316000,180.95
2010-05-12,184.45,185.40,182.45,185.22,320900,185.22
2010-05-11,182.23,184.45,182.11,183.86,518200,183.86
2010-05-10,179.71,183.29,179.14,183.15,554400,183.15
2010-05-07,178.81,180.01,172.19,176.08,569300,176.08
2010-05-06,182.69,183.10,171.65,178.13,675500,178.13
2010-05-05,183.00,185.15,182.70,183.03,468000,183.03
2010-05-04,185.10,185.10,181.58,183.83,307700,183.83
2010-05-03,184.47,186.33,183.86,186.33,373100,186.33
2010-04-30,186.49,187.94,183.61,185.01,443100,185.01
2010-04-29,181.10,187.16,181.10,185.64,398700,185.64
2010-04-28,182.17,183.65,179.10,180.26,353100,180.26
2010-04-27,185.19,185.99,181.82,182.03,326700,182.03
2010-04-26,184.98,185.47,183.54,185.13,226700,185.13
2010-04-23,182.05,184.07,181.67,184.05,229400,184.05
2010-04-22,180.05,183.27,180.05,182.24,454000,182.24
2010-04-21,179.99,181.32,179.08,181.00,249200,181.00
2010-04-20,180.17,180.99,179.20,179.76,236300,179.76
2010-04-19,180.15,180.73,177.67,180.00,330900,180.00
2010-04-16,181.01,181.50,179.54,180.11,506600,180.11
2010-04-15,179.64,181.25,179.02,181.05,349000,181.05
2010-04-14,176.44,180.20,175.62,179.80,395000,179.80
2010-04-13,175.24,176.06,174.68,175.44,225400,175.44
2010-04-12,175.36,176.10,174.83,175.42,219800,175.42
2010-04-09,175.33,175.60,174.20,175.29,232600,175.29
2010-04-08,175.44,176.09,174.17,175.05,347300,175.05
2010-04-07,173.70,176.63,172.62,176.00,389200,176.00
2010-04-06,173.51,174.14,172.59,173.97,281500,173.97
2010-04-05,174.59,174.99,172.90,173.53,403200,173.53
2010-04-01,173.82,175.33,173.82,174.88,288100,174.88
2010-03-31,173.11,173.84,172.43,173.09,297500,173.09
2010-03-30,172.84,174.89,172.73,173.58,343700,173.58
2010-03-29,174.31,174.73,172.87,173.23,293800,173.23
2010-03-26,173.93,175.35,173.31,174.22,308000,174.22
2010-03-25,174.85,175.23,173.82,173.93,368000,173.93
2010-03-24,174.33,174.33,172.75,173.57,437100,173.57
2010-03-23,173.81,175.39,173.64,175.05,346000,175.05
2010-03-22,172.65,174.82,171.62,174.19,518500,174.19
2010-03-19,172.28,173.19,170.15,172.28,551100,172.28
2010-03-18,172.49,174.15,171.29,172.21,309300,172.21
2010-03-17,168.48,173.03,168.48,172.00,672200,172.00
2010-03-16,167.79,169.33,167.46,169.17,516100,169.17
2010-03-15,168.89,169.17,167.79,169.00,305300,169.00
2010-03-12,168.73,169.33,168.09,168.89,256600,168.89
2010-03-11,167.30,168.77,166.72,168.66,333600,168.66
2010-03-10,167.36,169.06,167.36,168.09,633700,168.09
2010-03-09,167.10,169.69,167.02,167.86,563300,167.86
2010-03-08,168.76,168.97,167.77,168.15,495400,168.15
2010-03-05,168.50,169.75,167.86,168.79,536100,168.79
2010-03-04,164.78,168.40,164.75,167.62,742100,167.62
2010-03-03,163.88,166.27,162.57,164.57,943100,164.57
2010-03-02,168.34,170.33,164.53,164.74,1696900,164.74
2010-03-01,165.43,166.66,164.30,166.00,704200,166.00
2010-02-26,166.50,167.09,164.51,165.93,584000,165.93
2010-02-25,162.87,166.31,162.76,166.08,686700,166.08
2010-02-24,163.77,165.50,163.28,164.96,494100,164.96
2010-02-23,162.60,165.85,162.60,164.24,434600,164.24
2010-02-22,164.30,164.43,162.98,163.07,275700,163.07
2010-02-19,163.00,164.52,162.54,163.67,490100,163.67
2010-02-18,162.69,163.42,160.20,163.19,892100,163.19
2010-02-17,164.50,165.73,163.45,165.62,328500,165.62
2010-02-16,161.32,164.92,161.02,164.87,737500,164.87
2010-02-12,158.20,161.13,157.72,160.85,481200,160.85
2010-02-11,158.50,159.17,157.20,158.65,528100,158.65
2010-02-10,158.58,159.45,157.89,158.50,329000,158.50
2010-02-09,158.09,159.63,155.87,159.05,485800,159.05
2010-02-08,157.56,159.45,156.94,156.94,666200,156.94
2010-02-05,154.38,156.02,153.44,155.38,820800,155.38
2010-02-04,156.57,157.37,154.34,154.40,689300,154.40
2010-02-03,157.18,157.58,156.19,157.09,322200,157.09
2010-02-02,156.34,158.05,155.84,157.58,364700,157.58
2010-02-01,155.45,157.04,155.41,156.50,283800,156.50
2010-01-29,155.31,156.66,154.97,155.03,422300,155.03
2010-01-28,156.69,157.29,154.44,155.42,399200,155.42
2010-01-27,158.34,159.59,155.57,156.38,661700,156.38
2010-01-26,155.74,158.56,155.47,158.34,542100,158.34
2010-01-25,156.75,157.61,156.07,156.44,509700,156.44
2010-01-22,156.94,158.72,155.51,155.87,661100,155.87
2010-01-21,156.98,159.01,156.98,157.33,560100,157.33
2010-01-20,156.38,157.89,155.34,156.37,682200,156.37
2010-01-19,154.81,157.43,154.35,157.28,591700,157.28
2010-01-15,154.14,155.53,153.64,155.08,697300,155.08
2010-01-14,154.50,154.72,152.75,154.38,375200,154.38
2010-01-13,154.83,155.51,153.97,154.75,362100,154.75
2010-01-12,155.26,156.19,153.55,155.14,453500,155.14
2010-01-11,155.01,155.65,153.89,155.48,440400,155.48
2010-01-08,156.73,156.99,155.14,155.28,461900,155.28
2010-01-07,155.92,157.91,155.14,157.30,424500,157.30
2010-01-06,156.45,158.79,154.29,155.24,1074300,155.24
2010-01-05,158.65,158.65,152.32,156.71,1224700,156.71
2010-01-04,158.99,159.39,157.71,158.03,408300,158.03
2009-12-31,159.46,160.28,158.07,158.07,272000,158.07
2009-12-30,159.13,160.65,158.72,159.47,277000,159.47
2009-12-29,160.05,160.57,159.34,159.47,153900,159.47
2009-12-28,160.00,160.94,159.30,159.59,364800,159.59
2009-12-24,160.01,160.28,159.62,159.91,143500,159.91
2009-12-23,159.52,161.33,159.14,160.28,514200,160.28
2009-12-22,159.03,159.99,158.56,159.52,420300,159.52
2009-12-21,158.29,159.97,157.74,159.52,597800,159.52
2009-12-18,159.29,159.50,157.58,158.29,581500,158.29
2009-12-17,160.89,160.89,157.70,158.15,576600,158.15
2009-12-16,157.70,158.85,156.69,157.99,466800,157.99
2009-12-15,158.56,158.59,156.73,156.91,345200,156.91
2009-12-14,158.36,158.77,156.41,158.56,620700,158.56
2009-12-11,156.83,156.83,154.79,155.78,282700,155.78
2009-12-10,156.00,156.48,154.40,155.40,599700,155.40
2009-12-09,157.96,157.96,153.96,156.31,727900,156.31
2009-12-08,152.66,158.95,149.92,156.90,1770200,156.90
2009-12-07,152.63,154.66,152.36,153.36,897600,153.36
2009-12-04,152.12,154.83,149.98,152.08,735900,152.08
2009-12-03,150.44,152.34,149.02,151.40,715200,151.40
2009-12-02,151.66,152.05,149.89,150.48,427600,150.48
2009-12-01,148.49,152.95,148.29,151.20,679200,151.20
2009-11-30,149.63,149.97,146.98,147.87,665200,147.87
2009-11-27,148.12,151.36,147.60,150.05,321600,150.05
2009-11-25,147.20,150.69,147.20,150.29,657200,150.29
2009-11-24,148.00,148.37,146.17,147.31,288900,147.31
2009-11-23,148.12,148.85,146.90,147.73,366900,147.73
2009-11-20,145.01,147.89,144.63,147.42,771900,147.42
2009-11-19,146.15,146.15,144.24,145.83,558100,145.83
2009-11-18,142.97,146.05,142.26,145.86,655300,145.86
2009-11-17,142.68,143.19,141.43,142.62,476600,142.62
2009-11-16,143.71,144.00,142.00,143.03,893700,143.03
2009-11-13,144.16,145.30,143.01,143.67,432300,143.67
2009-11-12,146.40,146.45,143.96,144.19,822800,144.19
2009-11-11,144.26,148.32,144.01,147.51,1191200,147.51
2009-11-10,142.76,143.60,142.11,143.35,530400,143.35
2009-11-09,141.01,143.67,140.33,143.24,590900,143.24
2009-11-06,139.98,141.37,138.58,140.32,550900,140.32
2009-11-05,140.16,140.84,138.01,140.21,540900,140.21
2009-11-04,139.78,141.42,139.09,139.35,891900,139.35
2009-11-03,136.44,139.61,136.05,138.93,901200,138.93
2009-11-02,135.82,137.30,135.13,136.22,810300,136.22
2009-10-30,138.02,138.50,135.31,135.31,893000,135.31
2009-10-29,139.01,140.50,137.64,138.29,885700,138.29
2009-10-28,136.55,138.97,136.34,136.42,1066600,136.42
2009-10-27,137.46,138.79,135.68,137.17,915600,137.17
2009-10-26,137.51,139.15,137.03,137.46,557100,137.46
2009-10-23,139.59,139.59,137.28,137.62,840900,137.62
2009-10-22,137.47,139.45,137.19,139.10,929500,139.10
2009-10-21,141.07,142.00,137.98,137.99,1166500,137.99
2009-10-20,143.90,143.90,140.40,140.94,1377900,140.94
2009-10-19,143.84,145.34,142.25,144.00,1363000,144.00
2009-10-16,143.81,145.91,143.81,144.52,739700,144.52
2009-10-15,143.41,145.36,143.21,144.67,908300,144.67
2009-10-14,145.00,145.89,143.40,143.95,1163700,143.95
2009-10-13,144.82,145.92,143.86,144.70,663500,144.70
2009-10-12,146.12,146.83,144.40,144.87,746500,144.87
2009-10-09,147.11,147.74,145.05,145.92,746100,145.92
2009-10-08,147.50,148.78,146.86,147.12,606200,147.12
2009-10-07,146.59,147.40,144.70,147.21,777700,147.21
2009-10-06,146.24,147.66,145.33,147.08,928000,147.08
2009-10-05,145.70,147.12,144.57,145.14,1186300,145.14
2009-10-02,144.21,147.32,143.82,146.05,1132100,146.05
2009-10-01,145.77,147.06,144.13,145.62,1380100,145.62
2009-09-30,145.17,147.00,144.45,146.22,994500,146.22
2009-09-29,143.29,146.76,143.26,145.98,1528100,145.98
2009-09-28,143.98,145.44,142.41,142.77,862700,142.77
2009-09-25,142.18,144.50,142.00,143.97,1159200,143.97
2009-09-24,142.72,144.40,142.05,142.50,1620600,142.50
2009-09-23,148.61,148.94,141.44,141.50,3902100,141.50
2009-09-22,154.69,154.69,151.74,152.92,869700,152.92
2009-09-21,151.81,154.31,150.00,153.55,901500,153.55
2009-09-18,146.91,152.55,146.88,152.09,1551100,152.09
2009-09-17,147.56,148.97,146.73,147.37,616800,147.37
2009-09-16,147.59,148.76,146.42,147.41,622000,147.41
2009-09-15,147.36,147.76,145.36,147.28,825700,147.28
2009-09-14,145.34,147.44,144.82,147.20,578600,147.20
2009-09-11,148.75,149.16,145.87,146.45,996200,146.45
2009-09-10,149.31,150.23,147.88,149.40,572600,149.40
2009-09-09,149.84,150.30,148.04,149.32,608200,149.32
2009-09-08,149.62,150.07,147.51,150.00,700300,150.00
2009-09-04,148.95,148.99,147.25,148.18,462200,148.18
2009-09-03,145.38,148.98,144.77,148.81,817300,148.81
2009-09-02,145.14,146.17,144.20,145.25,578200,145.25
2009-09-01,146.34,147.95,144.24,144.94,1006100,144.94
2009-08-31,146.61,147.56,145.76,147.25,1153800,147.25
2009-08-28,149.60,150.57,147.00,148.45,1121800,148.45
2009-08-27,149.70,150.23,147.81,149.07,863300,149.07
2009-08-26,149.76,151.95,149.42,150.22,698400,150.22
2009-08-25,151.27,151.81,149.69,149.98,869000,149.98
2009-08-24,152.96,153.37,150.66,150.80,592800,150.80
2009-08-21,151.80,153.28,151.03,153.25,520500,153.25
2009-08-20,152.07,152.56,149.52,151.81,714600,151.81
2009-08-19,148.68,152.33,148.10,151.15,916000,151.15
2009-08-18,147.88,151.94,146.26,149.84,1367200,149.84
2009-08-17,141.89,145.40,141.10,144.69,949000,144.69
2009-08-14,145.01,145.50,143.34,143.92,812900,143.92
2009-08-13,143.68,145.36,141.00,145.13,1421800,145.13
2009-08-12,148.86,149.95,148.25,148.49,470400,148.49
2009-08-11,147.95,149.43,146.45,148.75,428600,148.75
2009-08-10,151.00,151.00,146.67,147.98,721900,147.98
2009-08-07,147.99,151.95,147.00,151.32,967000,151.32
2009-08-06,145.99,147.75,144.59,147.42,763600,147.42
2009-08-05,149.47,149.47,144.76,145.24,1089500,145.24
2009-08-04,149.50,150.42,147.65,148.31,941500,148.31
2009-08-03,152.70,153.17,149.38,150.31,1282000,150.31
2009-07-31,157.16,157.61,153.47,153.57,677200,153.57
2009-07-30,154.13,158.00,154.07,156.31,920100,156.31
2009-07-29,153.16,153.70,151.60,152.96,754300,152.96
2009-07-28,154.00,155.26,152.81,153.65,595000,153.65
2009-07-27,157.41,157.41,153.06,154.68,730100,154.68
2009-07-24,155.92,157.30,155.42,157.24,460200,157.24
2009-07-23,156.86,157.85,155.20,156.78,1109300,156.78
2009-07-22,154.93,157.76,154.93,156.97,1506900,156.97
2009-07-21,156.52,156.52,152.33,155.93,1025300,155.93
2009-07-20,155.99,156.70,154.38,156.65,760000,156.65
2009-07-17,157.68,157.94,156.18,156.98,1216200,156.98
2009-07-16,158.10,158.50,157.01,157.85,966200,157.85
2009-07-15,159.70,160.80,157.83,158.00,1070500,158.00
2009-07-14,156.27,159.69,154.63,158.77,978000,158.77
2009-07-13,153.81,156.35,151.71,155.89,825300,155.89
2009-07-10,154.57,156.54,153.02,153.92,586600,153.92
2009-07-09,155.05,156.62,154.05,155.27,962400,155.27
2009-07-08,151.82,155.74,151.44,155.33,1068500,155.33
2009-07-07,151.65,152.07,150.05,150.74,781700,150.74
2009-07-06,149.94,153.47,148.72,153.02,801300,153.02
2009-07-02,153.04,153.95,150.00,150.00,737900,150.00
2009-07-01,153.58,153.66,150.58,152.76,989200,152.76
2009-06-30,151.21,152.96,150.41,151.11,902100,151.11
2009-06-29,151.15,152.63,148.32,151.75,924400,151.75
2009-06-26,152.04,152.05,149.20,149.85,1359600,149.85
2009-06-25,148.87,152.09,148.00,152.09,1415700,152.09
2009-06-24,153.36,153.67,147.44,148.80,1945000,148.80
2009-06-23,155.29,155.44,153.56,154.21,1044400,154.21
2009-06-22,153.87,156.47,153.56,155.10,1137200,155.10
2009-06-19,158.10,158.10,155.67,155.73,1383400,155.73
2009-06-18,156.07,158.50,154.63,157.40,882800,157.40
2009-06-17,152.61,157.77,151.58,155.54,1072700,155.54
2009-06-16,154.89,155.12,152.08,152.48,788200,152.48
2009-06-15,154.03,155.54,152.20,154.91,828800,154.91
2009-06-12,153.55,155.98,151.59,155.50,774200,155.50
2009-06-11,158.34,158.89,154.05,154.05,1264100,154.05
2009-06-10,160.84,161.25,155.72,157.92,1116200,157.92
2009-06-09,158.53,161.59,158.39,160.27,715600,160.27
2009-06-08,158.00,159.54,157.00,158.34,547200,158.34
2009-06-05,159.49,160.41,156.35,159.57,1052200,159.57
2009-06-04,158.38,158.54,155.44,158.40,1002000,158.40
2009-06-03,157.32,158.89,155.30,158.80,980700,158.80
2009-06-02,156.99,159.43,155.27,158.32,1066600,158.32
2009-06-01,153.88,157.99,153.55,156.83,1218100,156.83
2009-05-29,150.88,153.80,149.30,152.15,1855300,152.15
2009-05-28,155.37,156.27,148.62,150.56,2219000,150.56
2009-05-27,159.92,161.32,153.49,155.04,3583100,155.04
2009-05-26,156.02,164.38,155.35,162.84,1907500,162.84
2009-05-22,154.99,156.95,151.66,155.65,1037500,155.65
2009-05-21,157.45,157.56,152.57,154.54,1463500,154.54
2009-05-20,162.30,163.76,155.82,157.10,1138300,157.10
2009-05-19,158.20,162.56,158.20,161.28,709900,161.28
2009-05-18,158.94,159.67,155.28,158.71,775000,158.71
2009-05-15,156.29,159.20,155.28,158.01,960400,158.01
2009-05-14,154.48,157.89,154.02,156.67,950300,156.67
2009-05-13,156.20,158.06,154.00,154.48,1319700,154.48
2009-05-12,158.51,159.49,154.18,156.98,1546300,156.98
2009-05-11,157.26,160.96,153.89,158.99,990800,158.99
2009-05-08,163.92,164.95,156.54,157.47,1413900,157.47
2009-05-07,164.75,165.13,160.10,163.02,1152300,163.02
2009-05-06,164.49,167.39,162.11,163.30,1270500,163.30
2009-05-05,162.60,164.00,160.25,161.57,1015300,161.57
2009-05-04,163.93,164.82,161.62,163.21,1099300,163.21
2009-05-01,166.89,166.95,161.68,162.27,766200,162.27
2009-04-30,165.93,169.99,164.72,166.39,1057900,166.39
2009-04-29,165.92,167.54,163.32,163.93,766800,163.93
2009-04-28,162.95,167.00,162.55,165.19,697900,165.19
2009-04-27,161.95,166.36,161.17,164.16,748400,164.16
2009-04-24,164.44,165.33,161.43,161.68,918500,161.68
2009-04-23,165.34,165.65,161.53,164.47,938200,164.47
2009-04-22,164.45,169.13,163.03,164.44,944700,164.44
2009-04-21,165.30,165.51,162.11,165.09,939700,165.09
2009-04-20,165.70,166.36,163.20,165.36,955400,165.36
2009-04-17,165.92,166.66,163.55,166.38,717800,166.38
2009-04-16,162.24,166.32,161.38,165.93,1080700,165.93
2009-04-15,158.84,161.43,158.50,161.09,853700,161.09
2009-04-14,157.50,159.55,155.35,158.93,920500,158.93
2009-04-13,160.87,161.22,157.27,158.01,833000,158.01
2009-04-09,161.15,162.55,159.89,161.72,892700,161.72
2009-04-08,156.75,159.69,155.76,159.18,1000400,159.18
2009-04-07,160.32,160.32,155.39,155.47,1094900,155.47
2009-04-06,159.30,161.29,157.38,160.88,883900,160.88
2009-04-03,157.83,161.62,155.34,160.30,1265900,160.30
2009-04-02,165.84,168.19,157.97,158.24,2555200,158.24
2009-04-01,162.64,167.13,161.50,166.82,1083200,166.82
2009-03-31,163.81,165.21,161.50,162.62,966500,162.62
2009-03-30,162.60,163.65,160.75,163.40,817200,163.40
2009-03-27,164.96,165.46,163.25,164.19,637400,164.19
2009-03-26,161.99,166.42,161.34,166.20,1063000,166.20
2009-03-25,158.45,162.40,158.25,162.19,1092300,162.19
2009-03-24,157.75,159.02,157.00,158.05,1175200,158.05
2009-03-23,159.25,159.33,155.44,158.72,1648700,158.72
2009-03-20,160.96,161.92,157.01,160.03,1402600,160.03
2009-03-19,162.26,162.35,159.76,160.82,1357300,160.82
2009-03-18,162.49,164.07,159.24,162.31,1491200,162.31
2009-03-17,158.25,162.24,157.54,161.45,1366400,161.45
2009-03-16,161.64,161.98,158.36,158.50,1193100,158.50
2009-03-13,161.68,162.81,159.76,160.51,1246400,160.51
2009-03-12,158.12,161.45,156.50,161.00,1411300,161.00
2009-03-11,158.50,161.06,157.25,158.51,1331100,158.51
2009-03-10,151.65,157.66,151.02,157.66,1875800,157.66
2009-03-09,150.95,152.99,148.80,150.00,1838600,150.00
2009-03-06,154.00,154.00,147.84,152.76,1794200,152.76
2009-03-05,153.32,156.89,151.25,152.45,1921100,152.45
2009-03-04,150.91,155.79,150.29,154.29,2031700,154.29
2009-03-03,151.45,157.49,149.44,150.94,6849600,150.94
2009-03-02,141.16,142.17,139.25,140.03,1909700,140.03
2009-02-27,140.19,145.39,140.05,142.23,1719400,142.23
2009-02-26,145.80,146.34,140.72,141.08,1104000,141.08
2009-02-25,145.19,146.66,143.11,143.88,1278900,143.88
2009-02-24,142.27,146.16,142.27,145.62,1502600,145.62
2009-02-23,146.44,148.50,141.52,141.88,2118400,141.88
2009-02-20,141.48,146.95,140.52,146.39,2927100,146.39
2009-02-19,137.90,143.13,137.90,142.58,2555600,142.58
2009-02-18,132.00,133.45,129.21,133.11,1733300,133.11
2009-02-17,134.39,136.08,131.50,131.74,1921800,131.74
2009-02-13,139.10,139.64,136.41,136.70,854000,136.70
2009-02-12,137.40,139.76,135.55,139.76,1137700,139.76
2009-02-11,139.86,140.39,138.09,138.86,897500,138.86
2009-02-10,141.99,143.30,138.56,139.52,933400,139.52
2009-02-09,144.15,144.99,141.47,142.46,829400,142.46
2009-02-06,139.87,145.77,139.86,143.96,1994000,143.96
2009-02-05,136.50,140.25,136.44,139.86,1238000,139.86
2009-02-04,138.99,139.79,135.53,137.00,1280600,137.00
2009-02-03,134.88,139.70,133.68,139.08,1265600,139.08
2009-02-02,131.66,135.29,131.39,134.30,1118800,134.30
2009-01-30,135.50,136.60,132.31,132.89,888800,132.89
2009-01-29,136.67,138.07,135.56,136.00,821000,136.00
2009-01-28,135.05,137.99,135.03,137.27,961400,137.27
2009-01-27,133.65,134.95,132.30,133.88,958100,133.88
2009-01-26,133.53,134.99,131.30,132.61,1013400,132.61
2009-01-23,130.01,134.88,129.01,133.15,1280800,133.15
2009-01-22,132.00,133.84,129.43,133.08,1488000,133.08
2009-01-21,129.88,133.12,126.92,133.03,1527500,133.03
2009-01-20,131.79,132.19,128.32,128.98,1214900,128.98
2009-01-16,132.34,133.62,130.37,132.61,992900,132.61
2009-01-15,127.95,132.65,126.60,131.29,1444300,131.29
2009-01-14,127.51,127.64,125.80,127.06,1357300,127.06
2009-01-13,127.61,131.31,127.50,129.16,1096600,129.16
2009-01-12,130.12,131.24,127.24,128.77,1500200,128.77
2009-01-09,135.89,136.67,132.30,133.06,860700,133.06
2009-01-08,136.93,136.93,132.79,135.86,1388700,135.86
2009-01-07,135.83,136.37,132.19,135.44,1991300,135.44
2009-01-06,137.73,140.29,136.96,139.20,1341400,139.20
2009-01-05,140.80,141.78,136.55,137.73,1493500,137.73
2009-01-02,138.94,141.10,138.08,140.57,1148800,140.57
2008-12-31,136.25,140.64,135.85,139.47,1111400,139.47
2008-12-30,132.02,137.50,132.02,137.25,1253000,137.25
2008-12-29,131.87,133.06,130.00,132.69,933700,132.69
2008-12-26,130.51,132.35,130.31,132.23,476000,132.23
2008-12-24,129.71,130.91,129.42,129.97,188000,129.97
2008-12-23,130.93,131.34,127.35,129.71,1033000,129.71
2008-12-22,130.00,130.87,125.77,128.63,1692000,128.63
2008-12-19,136.50,138.19,131.62,131.62,1741900,131.62
2008-12-18,134.80,138.13,134.25,135.77,1116000,135.77
2008-12-17,133.10,136.59,131.02,134.27,1080800,134.27
2008-12-16,129.50,133.95,129.48,133.50,1454300,133.50
2008-12-15,129.98,131.16,126.32,129.02,1575200,129.02
2008-12-12,123.99,130.76,123.25,129.60,1966100,129.60
2008-12-11,128.62,129.32,124.22,126.06,1743300,126.06
2008-12-10,124.12,129.52,123.91,128.62,1691600,128.62
2008-12-09,119.11,127.90,118.56,124.51,3183100,124.51
2008-12-08,123.90,125.07,115.26,116.50,1871700,116.50
2008-12-05,112.40,122.26,111.57,121.48,1697800,121.48
2008-12-04,113.37,119.14,112.22,114.38,1376000,114.38
2008-12-03,106.09,116.29,105.72,115.80,1614900,115.80
2008-12-02,102.00,108.47,98.67,108.36,1860200,108.36
2008-12-01,107.55,108.90,100.12,101.05,1559200,101.05
2008-11-28,108.50,110.04,107.80,109.22,546300,109.22
2008-11-26,101.50,109.47,101.34,108.76,999100,108.76
2008-11-25,102.20,103.42,98.14,103.16,1362400,103.16
2008-11-24,92.52,101.03,92.52,99.12,1969100,99.12
2008-11-21,90.00,92.43,84.66,92.41,3077000,92.41
2008-11-20,90.71,96.56,86.91,89.09,3208900,89.09
2008-11-19,106.07,107.01,93.10,94.25,3450200,94.25
2008-11-18,103.75,108.32,102.40,107.16,2235200,107.16
2008-11-17,106.00,108.81,104.51,104.59,1125400,104.59
2008-11-14,111.18,112.56,105.76,105.76,1179900,105.76
2008-11-13,103.98,112.76,103.30,112.68,1340400,112.68
2008-11-12,109.50,110.98,102.83,103.22,1625100,103.22
2008-11-11,114.80,115.00,111.00,111.86,710800,111.86
2008-11-10,119.26,120.91,114.48,116.20,626200,116.20
2008-11-07,116.19,119.11,116.19,118.94,765000,118.94
2008-11-06,117.00,121.79,115.53,117.24,1175700,117.24
2008-11-05,117.80,120.25,117.00,118.01,1585300,118.01
2008-11-04,122.47,123.09,119.17,122.85,717000,122.85
2008-11-03,125.75,126.14,119.88,120.73,1148400,120.73
2008-10-31,121.00,129.32,120.77,127.29,1251700,127.29
2008-10-30,120.40,126.96,120.28,122.10,1029200,122.10
2008-10-29,114.15,124.69,112.29,119.75,2024400,119.75
2008-10-28,105.05,115.14,103.98,114.20,1675700,114.20
2008-10-27,101.53,106.85,99.75,102.88,903100,102.88
2008-10-24,101.05,104.41,100.27,102.70,743800,102.70
2008-10-23,107.13,108.14,100.33,105.49,1273100,105.49
2008-10-22,107.25,109.81,103.04,105.96,892500,105.96
2008-10-21,108.00,113.02,105.70,108.94,797200,108.94
2008-10-20,105.62,108.68,104.21,108.64,729500,108.64
2008-10-17,103.80,109.70,103.60,106.60,701400,106.60
2008-10-16,101.03,106.00,98.85,105.56,1174000,105.56
2008-10-15,108.11,109.31,101.07,101.11,1003000,101.11
2008-10-14,110.90,111.05,104.36,108.50,1311700,108.50
2008-10-13,102.55,107.80,102.22,107.25,269900,107.25
2008-10-10,95.34,103.79,93.55,99.70,1495700,99.70
2008-10-09,107.20,108.70,98.79,98.79,1241100,98.79
2008-10-08,106.11,111.47,103.67,106.95,1502400,106.95
2008-10-07,118.85,119.96,107.50,108.21,2264400,108.21
2008-10-06,115.66,120.09,114.02,119.10,1354200,119.10
2008-10-03,118.10,120.72,117.18,117.40,1101600,117.40
2008-10-02,122.07,123.47,115.43,116.99,1150300,116.99
2008-10-01,122.46,124.38,121.73,122.07,758000,122.07
2008-09-30,125.85,125.85,121.46,123.34,1316500,123.34
2008-09-29,128.60,129.42,121.94,124.55,899600,124.55
2008-09-26,128.76,130.44,127.04,129.35,457800,129.35
2008-09-25,127.40,130.38,126.64,128.77,916900,128.77
2008-09-24,127.09,129.05,125.52,125.98,647000,125.98
2008-09-23,129.55,130.21,126.93,127.17,678900,127.17
2008-09-22,128.00,134.14,127.69,129.06,1261200,129.06
2008-09-19,134.38,136.40,123.00,130.79,1240500,130.79
2008-09-18,129.75,130.60,120.00,128.53,1950400,128.53
2008-09-17,131.32,132.86,128.09,128.19,1226600,128.19
2008-09-16,134.76,135.31,129.60,133.63,1823700,133.63
2008-09-15,136.74,140.52,135.58,135.88,1067300,135.88
2008-09-12,136.30,138.97,135.91,138.50,840700,138.50
2008-09-11,136.40,138.44,134.24,137.82,978200,137.82
2008-09-10,135.02,137.78,133.77,137.00,708100,137.00
2008-09-09,140.50,141.97,134.98,135.01,1154900,135.01
2008-09-08,139.13,140.70,136.20,139.98,1005800,139.98
2008-09-05,137.50,138.91,135.25,138.19,681000,138.19
2008-09-04,140.79,142.36,138.31,138.38,900800,138.38
2008-09-03,138.90,141.77,138.15,141.13,1078800,141.13
2008-09-02,139.24,143.80,137.51,138.31,1217500,138.31
2008-08-29,138.00,139.85,136.82,137.23,544500,137.23
2008-08-28,137.57,140.51,137.19,138.73,744900,138.73
2008-08-27,135.29,138.35,135.29,137.30,642000,137.30
2008-08-26,132.83,136.46,132.46,136.34,595000,136.34
2008-08-25,136.20,136.56,133.23,133.45,491500,133.45
2008-08-22,135.00,137.29,134.66,136.72,567900,136.72
2008-08-21,133.56,135.86,132.78,134.34,874900,134.34
2008-08-20,136.56,137.25,133.89,135.17,736200,135.17
2008-08-19,136.12,136.69,134.22,134.89,513600,134.89
2008-08-18,139.50,140.00,136.64,137.21,559800,137.21
2008-08-15,135.25,138.92,135.25,138.59,618700,138.59
2008-08-14,133.99,137.49,132.61,136.06,857400,136.06
2008-08-13,136.06,136.17,131.31,134.30,938600,134.30
2008-08-12,138.74,139.17,136.00,136.61,685400,136.61
2008-08-11,138.01,142.49,137.25,138.96,1004700,138.96
2008-08-08,133.26,138.97,133.26,138.35,968000,138.35
2008-08-07,132.55,134.96,132.10,133.93,1078100,133.93
2008-08-06,135.23,135.23,131.46,134.00,1174400,134.00
2008-08-05,131.90,136.34,131.90,136.05,1098100,136.05
2008-08-04,131.01,131.67,129.43,130.47,639100,130.47
2008-08-01,130.38,132.72,129.18,131.33,677600,131.33
2008-07-31,129.91,133.66,129.42,130.29,750000,130.29
2008-07-30,130.91,133.16,128.72,131.25,767400,131.25
2008-07-29,126.65,131.56,126.52,131.03,719200,131.03
2008-07-28,126.70,128.28,124.49,126.71,696500,126.71
2008-07-25,130.16,130.83,127.51,127.87,769400,127.87
2008-07-24,130.76,131.97,128.80,129.00,844700,129.00
2008-07-23,127.85,133.59,127.62,130.58,1441000,130.58
2008-07-22,123.93,129.59,123.60,128.22,1077100,128.22
2008-07-21,125.50,126.97,123.63,124.52,779700,124.52
2008-07-18,126.58,126.58,123.61,126.01,1116800,126.01
2008-07-17,120.40,125.59,119.01,124.90,1302700,124.90
2008-07-16,115.10,120.44,115.10,119.93,1020900,119.93
2008-07-15,117.04,117.20,112.78,115.14,1351900,115.14
2008-07-14,119.29,120.13,116.62,117.52,669900,117.52
2008-07-11,118.53,120.15,116.11,117.68,1088400,117.68
2008-07-10,121.10,123.73,119.59,120.15,905400,120.15
2008-07-09,122.00,123.04,120.84,121.33,941900,121.33
2008-07-08,119.80,122.44,118.72,122.27,1143300,122.27
2008-07-07,120.84,121.85,118.00,119.41,929800,119.41
2008-07-03,119.20,121.77,118.66,120.18,695600,120.18
2008-07-02,122.24,122.34,118.45,118.45,1078200,118.45
2008-07-01,118.69,122.16,118.01,121.69,1142600,121.69
2008-06-30,121.70,124.51,120.37,121.01,1664100,121.01
2008-06-27,115.28,121.41,115.28,120.13,3454000,120.13
2008-06-26,112.65,116.91,110.99,114.67,1921100,114.67
2008-06-25,112.15,115.65,111.29,111.82,1344700,111.82
2008-06-24,111.51,114.09,110.39,111.90,1095300,111.90
2008-06-23,115.40,115.80,111.57,112.23,690900,112.23
2008-06-20,118.22,118.22,114.35,115.00,646300,115.00
2008-06-19,118.06,119.16,117.21,118.82,725200,118.82
2008-06-18,119.07,119.31,117.03,117.76,763300,117.76
2008-06-17,120.60,120.80,119.35,120.33,673500,120.33
2008-06-16,118.62,121.01,118.42,120.37,663500,120.37
2008-06-13,118.89,120.38,118.30,119.52,474800,119.52
2008-06-12,118.80,120.89,117.52,118.30,496400,118.30
2008-06-11,120.50,121.30,117.98,118.14,513700,118.14
2008-06-10,120.15,123.13,119.68,121.29,714600,121.29
2008-06-09,122.15,123.36,120.46,121.45,559500,121.45
2008-06-06,124.79,125.10,120.94,121.74,775800,121.74
2008-06-05,127.51,127.90,125.14,126.09,744000,126.09
2008-06-04,127.27,127.46,124.65,125.75,740800,125.75
2008-06-03,128.19,128.19,125.75,127.39,861300,127.39
2008-06-02,126.25,127.81,125.87,127.39,633200,127.39
2008-05-30,127.44,127.70,126.20,126.56,362600,126.56
2008-05-29,127.46,128.93,127.13,127.77,728500,127.77
2008-05-28,128.00,128.37,125.80,127.02,489500,127.02
2008-05-27,126.65,129.50,125.81,127.23,1141800,127.23
2008-05-23,128.20,128.65,126.66,127.28,556200,127.28
2008-05-22,125.06,129.75,125.06,128.44,753000,128.44
2008-05-21,127.58,129.50,125.02,125.67,954500,125.67
2008-05-20,129.00,130.79,125.67,126.99,1028700,126.99
2008-05-19,127.02,129.50,126.56,127.80,784400,127.80
2008-05-16,127.00,128.01,124.47,127.21,838700,127.21
2008-05-15,127.57,128.90,125.44,128.35,663600,128.35
2008-05-14,127.72,128.43,126.67,126.83,512600,126.83
2008-05-13,126.53,127.23,124.43,126.67,479300,126.67
2008-05-12,122.62,126.02,122.50,125.77,386000,125.77
2008-05-09,121.59,124.39,121.35,122.44,546800,122.44
2008-05-08,125.63,127.54,122.04,122.76,1016600,122.76
2008-05-07,124.28,126.54,123.48,124.19,667400,124.19
2008-05-06,121.01,125.46,121.01,124.61,867600,124.61
2008-05-05,124.00,124.33,121.70,122.85,570700,122.85
2008-05-02,126.60,126.80,123.01,123.90,453900,123.90
2008-05-01,121.35,126.85,120.91,125.95,566000,125.95
2008-04-30,125.49,125.60,120.75,120.75,774500,120.75
2008-04-29,123.74,125.69,123.55,125.36,636300,125.36
2008-04-28,123.71,124.58,122.35,123.65,514900,123.65
2008-04-25,122.20,124.31,122.00,123.85,765500,123.85
2008-04-24,119.20,122.72,119.20,121.48,568800,121.48
2008-04-23,118.50,125.22,117.86,119.19,656200,119.19
2008-04-22,122.37,122.37,118.41,119.52,385200,119.52
2008-04-21,121.70,122.78,120.85,122.25,282700,122.25
2008-04-18,123.15,125.00,121.97,122.42,613200,122.42
2008-04-17,119.80,121.77,119.19,121.36,637800,121.36
2008-04-16,119.09,120.70,118.54,120.46,645700,120.46
2008-04-15,117.39,119.00,116.75,118.30,638000,118.30
2008-04-14,116.90,118.82,116.90,117.13,800300,117.13
2008-04-11,116.18,118.05,116.00,116.96,727300,116.96
2008-04-10,113.83,117.30,113.65,116.61,710000,116.61
2008-04-09,116.17,116.37,113.68,114.44,652000,114.44
2008-04-08,115.10,116.42,114.67,115.94,517800,115.94
2008-04-07,117.95,118.12,115.63,115.76,514100,115.76
2008-04-04,117.71,119.02,116.16,116.98,352100,116.98
2008-04-03,116.95,118.85,116.26,117.78,374900,117.78
2008-04-02,119.09,120.25,117.35,118.21,545400,118.21
2008-04-01,117.23,119.61,115.21,119.55,607700,119.55
2008-03-31,113.31,115.45,112.56,113.83,569800,113.83
2008-03-28,115.11,115.30,112.87,113.25,454900,113.25
2008-03-27,118.21,118.47,115.07,115.16,484800,115.16
2008-03-26,119.59,119.70,117.56,117.92,473700,117.92
2008-03-25,119.77,120.81,118.27,119.88,438900,119.88
2008-03-24,116.55,121.60,116.55,119.75,595000,119.75
2008-03-20,113.16,117.08,112.96,116.64,1198100,116.64
2008-03-19,114.75,115.89,112.69,112.69,788800,112.69
2008-03-18,111.41,114.39,111.37,113.88,1555800,113.88
2008-03-17,111.52,113.45,108.89,110.86,867500,110.86
2008-03-14,115.15,115.15,110.26,113.61,1098000,113.61
2008-03-13,110.50,115.81,109.90,115.18,739200,115.18
2008-03-12,115.05,116.56,111.48,111.57,695900,111.57
2008-03-11,113.30,114.96,112.06,114.84,736800,114.84
2008-03-10,112.71,113.07,109.97,110.23,523800,110.23
2008-03-07,112.80,115.70,112.00,112.83,721200,112.83
2008-03-06,116.76,116.95,113.53,113.67,613900,113.67
2008-03-05,117.50,119.81,116.17,117.26,641300,117.26
2008-03-04,117.00,117.20,114.78,116.78,707400,116.78
2008-03-03,115.35,118.40,113.23,117.72,714300,117.72
2008-02-29,118.18,119.40,114.63,115.08,661300,115.08
2008-02-28,120.79,121.78,119.26,119.73,580100,119.73
2008-02-27,123.93,125.69,121.40,122.25,953100,122.25
2008-02-26,118.78,126.00,118.25,124.93,1857000,124.93
2008-02-25,116.05,118.56,113.25,117.37,1021400,117.37
2008-02-22,114.00,115.31,112.50,115.31,612600,115.31
2008-02-21,117.51,117.71,113.58,113.65,593300,113.65
2008-02-20,112.33,118.24,112.03,117.08,801500,117.08
2008-02-19,114.79,115.47,112.50,113.37,847500,113.37
2008-02-15,112.28,113.64,111.28,113.62,631300,113.62
2008-02-14,114.75,115.50,111.77,113.12,846800,113.12
2008-02-13,116.64,118.30,114.79,116.26,543000,116.26
2008-02-12,117.89,118.79,115.06,116.25,565800,116.25
2008-02-11,115.81,117.61,113.85,117.59,561900,117.59
2008-02-08,116.19,118.16,114.41,115.62,659000,115.62
2008-02-07,112.72,118.00,111.31,116.60,924200,116.60
2008-02-06,115.44,118.36,114.00,114.00,715500,114.00
2008-02-05,117.64,118.31,114.58,114.80,736300,114.80
2008-02-04,121.20,121.40,116.83,117.60,752100,117.60
2008-02-01,120.38,121.85,118.70,121.59,921700,121.59
2008-01-31,115.06,122.74,114.86,120.65,949500,120.65
2008-01-30,117.65,119.58,115.18,116.09,820000,116.09
2008-01-29,119.19,119.86,115.82,118.43,681500,118.43
2008-01-28,111.84,118.75,111.04,118.68,1182300,118.68
2008-01-25,115.00,116.00,111.02,112.03,701200,112.03
2008-01-24,117.07,117.07,112.10,114.34,834000,114.34
2008-01-23,108.50,114.80,107.65,114.58,1340600,114.58
2008-01-22,104.18,111.51,103.07,110.49,1369500,110.49
2008-01-18,104.39,107.85,104.39,106.06,1217500,106.06
2008-01-17,107.00,107.07,103.60,103.88,914000,103.88
2008-01-16,103.30,108.39,103.30,107.14,919300,107.14
2008-01-15,106.03,106.49,103.35,104.07,941700,104.07
2008-01-14,106.89,108.11,106.30,107.03,644600,107.03
2008-01-11,108.49,108.80,105.95,106.09,1020100,106.09
2008-01-10,107.10,110.46,105.26,109.71,1240700,109.71
2008-01-09,108.34,108.90,104.89,107.94,1292200,107.94
2008-01-08,113.60,113.93,108.15,108.38,932500,108.38
2008-01-07,111.45,113.60,109.87,112.65,950800,112.65
2008-01-04,112.87,112.90,110.24,110.58,978700,110.58
2008-01-03,116.63,116.93,113.30,113.72,775900,113.72
2008-01-02,120.10,120.10,115.64,116.21,932900,116.21
