Date,Open,High,Low,Close,Volume,Adj Close
2013-12-31,110.75,110.94,110.10,110.49,473000,109.97
2013-12-30,110.35,110.61,109.50,110.60,606600,110.08
2013-12-27,110.07,110.70,110.07,110.35,295900,109.83
2013-12-26,109.96,110.13,109.37,110.10,313500,109.58
2013-12-24,109.26,109.95,109.10,109.68,358900,109.17
2013-12-23,109.25,109.59,108.98,109.43,469300,108.92
2013-12-20,107.88,108.97,107.65,108.88,1389900,108.37
2013-12-19,108.36,108.57,107.21,108.02,1205900,107.51
2013-12-18,106.06,108.72,105.53,108.55,1158300,108.04
2013-12-17,106.21,106.75,105.25,105.75,846100,105.25
2013-12-16,105.92,106.56,105.75,105.88,736900,105.38
2013-12-13,105.06,105.84,105.06,105.45,651400,104.96
2013-12-12,105.40,105.70,104.94,105.00,620300,104.51
2013-12-11,107.55,107.68,105.56,105.64,763800,105.14
2013-12-10,108.49,108.77,107.24,107.32,744600,106.82
2013-12-09,108.39,108.94,107.90,108.61,662500,108.10
2013-12-06,107.17,108.39,107.01,108.35,720000,107.84
2013-12-05,107.41,107.87,106.92,107.00,833100,105.96
2013-12-04,107.39,108.13,106.66,107.41,1072100,106.36
2013-12-03,106.01,108.51,106.01,108.41,1167000,107.35
2013-12-02,108.76,108.88,107.76,108.12,1167600,107.07
2013-11-29,109.19,109.44,108.44,108.59,411800,107.53
2013-11-27,109.01,109.53,108.83,108.94,648000,107.88
2013-11-26,109.19,109.48,108.86,108.89,699800,107.83
2013-11-25,109.61,110.13,109.17,109.24,522800,108.17
2013-11-22,109.14,109.45,108.74,109.11,533700,108.05
2013-11-21,108.89,109.81,108.80,109.16,499900,108.09
2013-11-20,108.28,109.24,108.12,108.68,542500,107.62
2013-11-19,108.06,108.61,107.43,108.44,716000,107.38
2013-11-18,109.47,109.58,107.89,108.12,691400,107.07
2013-11-15,108.67,109.33,108.67,109.12,789100,108.06
2013-11-14,108.45,109.46,108.15,108.66,973200,107.60
2013-11-13,108.07,108.35,107.17,108.03,1279000,106.98
2013-11-12,108.18,109.03,107.70,108.92,819800,107.86
2013-11-11,107.51,108.25,107.17,108.00,811100,106.95
2013-11-08,105.96,107.73,105.92,107.71,812400,106.66
2013-11-07,107.16,107.60,106.18,106.30,919900,105.26
2013-11-06,106.77,107.71,106.45,107.06,904600,106.02
2013-11-05,107.55,107.88,105.48,107.01,1094600,105.97
2013-11-04,105.64,106.77,105.22,106.56,732600,105.52
2013-11-01,105.56,106.06,104.60,105.17,727900,104.14
2013-10-31,105.67,105.99,105.13,105.13,548400,104.10
2013-10-30,106.50,106.74,105.39,105.65,419900,104.62
2013-10-29,106.57,106.99,105.95,106.50,399500,105.46
2013-10-28,105.24,106.57,105.14,106.35,563000,105.31
2013-10-25,105.99,106.18,105.16,105.55,614800,104.52
2013-10-24,106.77,106.90,105.59,106.01,691000,104.98
2013-10-23,105.75,106.86,105.25,106.57,671800,105.53
2013-10-22,105.00,106.26,104.99,105.44,765700,104.41
2013-10-21,104.35,105.26,103.80,105.02,571400,104.00
2013-10-18,104.33,105.02,103.81,104.81,736700,103.79
2013-10-17,102.60,104.22,102.34,104.09,465400,103.07
2013-10-16,101.55,102.88,101.29,102.88,667600,101.88
2013-10-15,102.30,102.73,101.05,101.06,801400,100.07
2013-10-14,102.17,102.99,101.59,102.76,491200,101.76
2013-10-11,101.31,102.85,101.12,102.81,693600,101.81
2013-10-10,99.95,101.16,99.65,101.16,499200,100.17
2013-10-09,98.46,99.43,98.44,99.10,641300,98.13
2013-10-08,99.48,99.70,98.30,98.33,635400,97.37
2013-10-07,99.73,100.07,99.43,99.43,380100,98.46
2013-10-04,99.50,100.66,99.32,100.42,526700,99.44
2013-10-03,100.28,100.53,99.09,99.50,702100,98.53
2013-10-02,100.56,100.72,99.20,100.65,679900,99.67
2013-10-01,100.11,101.05,99.93,100.92,528300,99.94
2013-09-30,99.41,100.47,98.85,100.02,795600,99.04
2013-09-27,100.48,100.76,99.53,99.89,781700,98.92
2013-09-26,100.43,101.10,100.30,100.92,413700,99.94
2013-09-25,101.10,101.19,100.25,100.25,532200,99.27
2013-09-24,101.77,102.00,100.94,101.09,765500,100.10
2013-09-23,102.04,102.33,101.57,101.88,577700,100.89
2013-09-20,102.93,102.97,101.88,102.06,1053800,101.06
2013-09-19,102.62,102.99,102.39,102.87,625100,101.87
2013-09-18,101.65,102.89,101.65,102.32,1050400,101.32
2013-09-17,100.73,101.22,100.57,100.80,484500,99.82
2013-09-16,101.02,101.17,99.96,100.73,771000,99.75
2013-09-13,99.71,100.09,99.32,99.99,379000,99.01
2013-09-12,100.21,100.43,99.51,99.65,546200,98.68
2013-09-11,99.77,100.54,99.45,100.36,715000,99.38
2013-09-10,100.22,100.51,99.59,99.69,585000,98.72
2013-09-09,99.20,100.14,98.90,99.72,694400,98.75
2013-09-06,98.88,100.06,97.94,99.38,792300,98.41
2013-09-05,98.56,98.92,97.97,98.82,529400,97.86
2013-09-04,97.29,98.89,97.15,98.72,636300,97.27
2013-09-03,98.42,98.60,96.73,97.31,611500,95.88
2013-08-30,97.60,97.61,96.95,97.38,494200,95.95
2013-08-29,97.31,98.09,97.05,97.58,394800,96.14
2013-08-28,97.38,97.98,97.17,97.59,507700,96.15
2013-08-27,98.36,98.36,97.19,97.25,684400,95.82
2013-08-26,99.17,99.52,98.80,99.10,665500,97.64
2013-08-23,98.96,99.04,98.54,99.02,549900,97.56
2013-08-22,98.20,99.15,97.90,98.85,463600,97.39
2013-08-21,97.86,98.79,97.78,98.23,769900,96.78
2013-08-20,97.72,98.37,97.41,98.18,711200,96.73
2013-08-19,97.12,98.12,97.12,97.72,559000,96.28
2013-08-16,97.44,97.87,97.13,97.35,790900,95.92
2013-08-15,99.21,99.21,97.75,97.83,739900,96.39
2013-08-14,99.66,99.89,99.25,99.53,636600,98.06
2013-08-13,99.98,100.03,99.12,99.86,563900,98.39
2013-08-12,99.79,100.07,99.34,100.00,695400,98.53
2013-08-09,100.10,100.57,99.75,99.94,856200,98.47
2013-08-08,100.54,100.63,99.84,100.31,1196600,98.83
2013-08-07,100.10,100.15,99.54,100.00,911200,98.53
2013-08-06,101.19,101.19,100.00,100.17,2286600,98.70
2013-08-05,101.55,101.55,100.69,100.77,1480400,99.29
2013-08-02,103.33,103.48,101.32,101.51,1570700,100.02
2013-08-01,104.00,104.00,102.03,103.11,2117500,101.59
2013-07-31,103.36,104.26,102.94,103.72,1716400,102.19
2013-07-30,103.52,103.80,102.94,102.99,782500,101.47
2013-07-29,102.91,103.30,102.51,103.11,435400,101.59
2013-07-26,103.20,103.52,102.13,103.25,887900,101.73
2013-07-25,103.56,104.06,103.17,103.52,973400,102.00
2013-07-24,104.69,104.85,103.47,103.73,591700,102.20
2013-07-23,104.56,104.98,103.89,104.31,1142800,102.77
2013-07-22,103.43,104.86,103.32,104.50,692300,102.96
2013-07-19,102.72,103.99,102.33,103.64,852900,102.11
2013-07-18,101.99,103.16,101.90,102.98,683200,101.46
2013-07-17,102.14,102.64,101.85,101.96,499900,100.46
2013-07-16,102.11,102.61,101.72,101.90,585200,100.40
2013-07-15,101.90,102.32,101.53,102.17,401300,100.67
2013-07-12,100.32,102.06,100.06,102.01,1106900,100.51
2013-07-11,100.13,100.22,99.20,100.01,759300,98.54
2013-07-10,98.87,99.53,98.58,99.10,739200,97.64
2013-07-09,99.75,99.81,98.68,98.76,822100,97.31
2013-07-08,99.33,100.31,99.19,99.36,824900,97.90
2013-07-05,98.34,98.69,97.70,98.67,423400,97.22
2013-07-03,97.00,98.15,96.78,97.80,577900,96.36
2013-07-02,99.13,99.15,96.82,97.14,1234900,95.71
2013-07-01,99.43,99.83,98.80,99.25,1216600,97.79
2013-06-28,98.62,99.19,98.12,98.83,1380500,97.38
2013-06-27,99.64,99.66,98.71,98.75,787200,97.30
2013-06-26,98.88,99.87,98.86,99.16,834900,97.70
2013-06-25,98.60,98.60,97.43,98.00,1196000,96.56
2013-06-24,94.85,97.76,94.25,97.69,1650400,96.25
2013-06-21,96.74,97.55,95.80,96.03,1620700,94.62
2013-06-20,98.07,98.07,96.05,96.25,1127600,94.83
2013-06-19,100.31,100.42,98.74,98.79,851900,97.34
2013-06-18,100.27,100.56,99.43,100.40,478200,98.92
2013-06-17,99.58,100.66,99.10,100.17,943400,98.70
2013-06-14,98.42,99.22,98.34,98.64,677200,97.19
2013-06-13,97.26,98.83,96.82,98.60,827500,97.15
2013-06-12,98.89,98.98,97.64,97.67,725800,96.23
2013-06-11,97.43,99.00,97.21,98.31,670100,96.86
2013-06-10,98.81,98.92,97.70,98.52,687000,97.07
2013-06-07,98.16,98.85,97.74,98.69,886000,97.24
2013-06-06,97.11,97.75,95.95,97.75,809100,96.31
2013-06-05,97.47,98.17,96.75,96.92,653500,95.49
2013-06-04,99.15,99.42,97.72,98.37,945000,96.43
2013-06-03,98.96,99.23,98.25,99.20,923900,97.25
2013-05-31,100.42,100.95,98.58,98.62,1273900,96.68
2013-05-30,101.07,101.47,100.56,100.82,651500,98.84
2013-05-29,101.50,101.52,100.38,100.81,988000,98.83
2013-05-28,101.65,102.12,101.30,101.92,1119000,99.91
2013-05-24,99.57,100.85,99.02,100.83,835100,98.85
2013-05-23,99.55,100.57,99.24,100.17,627000,98.20
2013-05-22,101.05,102.72,99.74,100.02,858700,98.05
2013-05-21,101.22,101.89,100.93,101.01,742500,99.02
2013-05-20,101.61,102.02,100.96,101.12,798800,99.13
2013-05-17,100.78,101.91,100.69,101.78,926900,99.78
2013-05-16,100.98,101.21,100.39,100.50,690300,98.52
2013-05-15,101.50,101.84,101.05,101.34,1128200,99.35
2013-05-14,100.71,102.42,100.41,101.77,1677500,99.77
2013-05-13,99.21,100.36,99.20,100.33,1048100,98.36
2013-05-10,98.25,99.61,98.16,99.61,1176100,97.65
2013-05-09,97.46,97.86,97.34,97.75,932200,95.83
2013-05-08,97.30,97.64,96.97,97.58,844200,95.66
2013-05-07,97.19,97.58,97.10,97.47,756100,95.55
2013-05-06,97.17,97.62,96.83,96.91,778400,95.00
2013-05-03,96.87,97.49,96.56,97.43,1416500,95.51
2013-05-02,94.61,97.98,94.20,96.16,2585400,94.27
2013-05-01,94.31,94.93,93.31,93.58,1144500,91.74
2013-04-30,94.59,94.62,93.87,94.30,1470300,92.44
2013-04-29,94.84,95.21,94.65,94.81,1035100,92.94
2013-04-26,96.09,96.30,94.61,94.62,1256700,92.76
2013-04-25,95.40,96.75,95.17,96.39,812300,94.49
2013-04-24,96.07,96.16,94.94,94.96,694100,93.09
2013-04-23,95.43,96.35,94.94,95.84,554900,93.95
2013-04-22,94.57,95.48,94.40,95.16,719500,93.29
2013-04-19,93.60,94.76,93.50,94.56,1612200,92.70
2013-04-18,94.68,94.68,93.06,93.65,1266800,91.81
2013-04-17,94.97,95.05,93.53,94.55,1032800,92.69
2013-04-16,95.26,95.49,94.43,95.42,1280300,93.54
2013-04-15,96.12,96.38,94.84,94.84,898800,92.97
2013-04-12,96.19,96.59,95.85,96.36,738300,94.46
2013-04-11,96.40,97.10,96.34,96.65,891300,94.75
2013-04-10,96.23,96.81,96.02,96.41,957500,94.51
2013-04-09,95.86,96.42,95.29,96.04,1158600,94.15
2013-04-08,95.93,95.99,95.26,95.46,1009500,93.58
2013-04-05,95.60,96.54,95.19,96.11,1091100,94.22
2013-04-04,96.55,96.99,96.41,96.56,1402000,94.66
2013-04-03,96.82,97.14,95.97,96.41,1757100,94.51
2013-04-02,96.13,96.93,95.94,96.58,1551300,94.68
2013-04-01,95.65,96.24,95.34,95.71,676100,93.83
2013-03-28,95.45,95.73,94.81,95.61,995000,93.73
2013-03-27,93.71,95.20,93.09,95.16,1385900,93.29
2013-03-26,92.85,93.94,92.42,93.91,769600,92.06
2013-03-25,93.04,93.22,91.89,92.43,805500,90.61
2013-03-22,92.19,92.78,91.91,92.72,814600,90.90
2013-03-21,92.54,93.00,91.79,91.93,1024000,90.12
2013-03-20,92.22,93.14,92.05,92.99,990800,91.16
2013-03-19,92.06,92.08,91.26,91.74,1076600,89.93
2013-03-18,91.78,92.10,91.34,91.85,929000,90.04
2013-03-15,92.49,92.60,91.71,92.30,2201700,90.48
2013-03-14,91.09,92.52,90.71,92.50,2112300,90.68
2013-03-13,89.98,91.07,89.66,91.07,1547500,89.28
2013-03-12,89.39,90.17,88.99,90.14,971000,88.37
2013-03-11,88.78,89.75,88.41,89.61,968000,87.85
2013-03-08,88.45,88.89,87.97,88.84,991600,87.09
2013-03-07,88.12,88.72,87.87,88.24,1091400,86.50
2013-03-06,88.71,88.95,88.04,88.12,1092900,86.39
2013-03-05,88.90,89.30,88.90,89.19,1039000,86.95
2013-03-04,88.50,88.66,87.54,88.66,1245100,86.43
2013-03-01,88.00,88.77,87.71,88.75,1127600,86.52
2013-02-28,88.25,88.58,87.89,88.06,1284800,85.85
2013-02-27,86.97,88.33,86.61,88.17,1051900,85.96
2013-02-26,87.27,87.76,86.38,86.86,1110100,84.68
2013-02-25,88.19,88.57,86.85,86.85,1137400,84.67
2013-02-22,86.98,88.12,86.65,87.91,1141600,85.70
2013-02-21,87.40,87.62,86.41,86.83,1324700,84.65
2013-02-20,88.37,88.56,87.31,87.42,1416500,85.22
2013-02-19,88.46,88.76,88.13,88.57,1188300,86.35
2013-02-15,88.41,88.66,88.04,88.49,1099400,86.27
2013-02-14,88.32,88.41,87.62,88.39,1221200,86.17
2013-02-13,88.89,89.16,88.24,88.47,1095100,86.25
2013-02-12,88.25,88.95,88.22,88.55,978400,86.33
2013-02-11,87.81,88.36,87.78,88.31,914100,86.09
2013-02-08,87.96,88.67,87.80,88.25,1429900,86.03
2013-02-07,87.90,88.00,87.06,87.90,1848000,85.69
2013-02-06,87.45,87.98,87.13,87.88,1789300,85.67
2013-02-05,86.51,88.17,86.50,87.67,2534800,85.47
2013-02-04,84.71,85.89,84.53,85.16,2039300,83.02
2013-02-01,84.86,85.31,84.46,85.15,863700,83.01
2013-01-31,83.84,84.40,83.63,84.04,1048800,81.93
2013-01-30,84.44,85.00,83.81,84.12,782800,82.01
2013-01-29,84.00,84.52,83.73,84.28,613400,82.16
2013-01-28,84.47,84.55,83.69,84.06,664100,81.95
2013-01-25,83.92,84.63,83.77,84.59,738700,82.47
2013-01-24,83.84,84.38,83.31,83.82,769000,81.71
2013-01-23,83.50,83.75,83.24,83.68,792800,81.58
2013-01-22,83.56,83.87,82.72,83.74,1426100,81.64
2013-01-18,83.43,83.96,82.87,83.94,1153000,81.83
2013-01-17,83.22,83.30,82.84,82.86,1234900,80.78
2013-01-16,82.67,83.11,82.44,83.00,1116900,80.91
2013-01-15,81.94,82.82,81.24,82.70,1159100,80.62
2013-01-14,81.84,82.31,81.68,82.30,1248700,80.23
2013-01-11,81.95,81.95,81.24,81.76,862600,79.71
2013-01-10,81.84,81.88,81.08,81.68,747600,79.63
2013-01-09,81.50,81.94,81.09,81.55,825200,79.50
2013-01-08,80.65,81.35,79.87,81.34,1173200,79.30
2013-01-07,80.16,80.99,80.15,80.62,813100,78.59
2013-01-04,80.59,80.60,80.17,80.35,884400,78.33
2013-01-03,79.90,80.75,79.66,80.39,1174200,78.37
2013-01-02,79.26,79.45,78.73,79.45,1011300,77.45
2012-12-31,77.41,78.23,76.76,78.19,758900,76.23
2012-12-28,77.99,78.03,77.25,77.34,566800,75.40
2012-12-27,78.07,78.48,77.54,78.28,520400,76.31
2012-12-26,78.63,78.75,77.57,78.02,539600,76.06
2012-12-24,78.64,79.01,78.26,78.56,240500,76.59
2012-12-21,78.78,79.05,78.32,78.86,1621500,76.88
2012-12-20,78.65,79.17,78.57,79.13,1031700,77.14
2012-12-19,78.93,79.34,78.52,78.53,902000,76.56
2012-12-18,78.86,78.92,78.38,78.84,1163100,76.86
2012-12-17,77.82,78.74,77.69,78.73,926200,76.75
2012-12-14,78.15,78.64,77.60,77.72,1211900,75.77
2012-12-13,78.46,79.09,78.31,78.47,1099400,76.50
2012-12-12,78.43,79.10,78.25,78.61,1330400,76.64
2012-12-11,77.65,78.47,77.50,78.22,1363000,76.26
2012-12-10,77.40,77.82,77.13,77.48,1107900,75.53
2012-12-07,77.32,77.70,76.84,77.63,775100,75.68
2012-12-06,76.90,77.22,76.32,77.10,864600,75.16
2012-12-05,76.98,77.78,76.74,77.39,1136300,74.96
2012-12-04,76.33,77.12,76.22,76.97,871800,74.56
2012-12-03,76.72,76.72,76.03,76.24,902100,73.85
2012-11-30,77.10,77.15,76.31,76.67,1668400,74.27
2012-11-29,77.84,78.22,76.85,76.97,1109400,74.56
2012-11-28,77.02,77.73,76.34,77.61,1131200,75.18
2012-11-27,77.36,77.89,76.98,77.15,1162800,74.73
2012-11-26,77.33,77.96,77.04,77.76,1460400,75.32
2012-11-23,77.00,77.73,76.75,77.73,464500,75.29
2012-11-21,76.27,77.03,76.06,76.82,1215000,74.41
2012-11-20,75.82,76.28,75.39,76.18,969800,73.79
2012-11-19,76.17,76.67,75.61,75.79,1270500,73.41
2012-11-16,75.51,76.28,75.34,75.59,1321200,73.22
2012-11-15,74.73,75.55,74.65,75.45,1180100,73.08
2012-11-14,75.19,75.36,74.18,74.63,958800,72.29
2012-11-13,74.41,75.60,74.41,74.88,847300,72.53
2012-11-12,75.53,75.53,74.26,74.63,1116400,72.29
2012-11-09,75.00,75.99,74.92,75.23,741000,72.87
2012-11-08,75.52,75.54,74.81,75.08,1732800,72.73
2012-11-07,75.75,77.21,74.70,75.53,1607600,73.16
2012-11-06,76.86,78.51,76.75,78.47,1720600,76.01
2012-11-05,75.44,76.79,75.40,76.59,775600,74.19
2012-11-02,76.73,76.83,75.58,75.67,813200,73.30
2012-11-01,75.49,76.56,75.03,76.28,725400,73.89
2012-10-31,75.15,75.86,74.85,75.68,941200,73.31
2012-10-26,75.34,75.73,74.97,75.34,725500,72.98
2012-10-25,75.49,75.85,74.99,75.29,943000,72.93
2012-10-24,75.53,75.89,75.20,75.26,717200,72.90
2012-10-23,75.27,75.93,74.85,75.40,761900,73.04
2012-10-22,75.39,75.98,75.32,75.90,602000,73.52
2012-10-19,76.40,76.50,75.51,75.65,787600,73.28
2012-10-18,77.03,77.11,76.33,76.89,665500,74.48
2012-10-17,77.10,77.30,76.45,77.08,830300,74.66
2012-10-16,76.78,77.49,76.78,77.26,826400,74.84
2012-10-15,77.33,77.33,76.26,76.51,801300,74.11
2012-10-12,77.09,77.48,76.49,76.62,943800,74.22
2012-10-11,77.00,77.55,76.81,77.03,890300,74.61
2012-10-10,76.88,77.00,76.24,76.40,1303700,74.00
2012-10-09,79.13,79.13,77.15,77.23,1192700,74.81
2012-10-08,79.45,79.66,79.16,79.46,460000,76.97
2012-10-05,79.44,79.65,79.16,79.45,721900,76.96
2012-10-04,78.99,79.27,78.70,79.20,712500,76.72
2012-10-03,78.98,79.19,78.47,78.77,796500,76.30
2012-10-02,79.03,79.27,78.84,79.20,606900,76.72
2012-10-01,78.65,79.48,78.60,78.95,967000,76.47
2012-09-28,78.61,78.85,78.11,78.56,993000,76.10
2012-09-27,78.93,79.07,78.28,78.74,718900,76.27
2012-09-26,78.92,79.00,78.31,78.34,710500,75.88
2012-09-25,79.41,79.68,78.70,79.00,1255800,76.52
2012-09-24,78.57,79.19,78.53,79.11,1166700,76.63
2012-09-21,79.53,79.64,79.16,79.32,890100,76.83
2012-09-20,78.98,79.32,78.67,79.22,1073700,76.74
2012-09-19,79.49,79.68,79.00,79.19,849000,76.71
2012-09-18,79.44,79.58,79.18,79.49,805600,77.00
2012-09-17,79.02,79.49,78.87,79.41,891300,76.92
2012-09-14,78.55,79.34,78.10,79.16,1312700,76.68
2012-09-13,78.04,78.88,77.81,78.62,991300,76.15
2012-09-12,78.30,78.42,77.95,78.01,1540700,75.56
2012-09-11,77.75,78.64,77.62,78.25,1201300,75.80
2012-09-10,77.88,78.00,77.36,77.66,1071400,75.22
2012-09-07,77.24,77.89,77.13,77.88,951100,75.44
2012-09-06,76.82,77.24,76.75,77.20,1044200,74.78
2012-09-05,76.16,76.79,75.81,76.49,1266500,74.09
2012-09-04,76.08,76.88,75.85,76.58,1269900,73.74
2012-08-31,76.00,76.30,75.62,75.98,1459200,73.17
2012-08-30,75.35,76.03,75.30,75.81,1094300,73.00
2012-08-29,75.65,76.06,75.49,75.52,1136700,72.72
2012-08-28,75.54,76.12,75.52,75.65,859300,72.85
2012-08-27,75.64,76.23,75.55,75.81,818600,73.00
2012-08-24,75.23,76.06,75.23,75.93,739200,73.12
2012-08-23,75.98,76.01,75.14,75.27,1057900,72.48
2012-08-22,76.05,76.23,75.75,75.99,815500,73.17
2012-08-21,76.61,77.25,76.12,76.16,1517600,73.34
2012-08-20,76.46,76.89,76.25,76.58,1223200,73.74
2012-08-17,76.05,76.69,75.75,76.55,1193200,73.71
2012-08-16,75.96,76.37,75.82,75.89,1010400,73.08
2012-08-15,75.92,76.36,75.83,76.17,588200,73.35
2012-08-14,76.40,76.40,75.79,76.06,610800,73.24
2012-08-13,75.80,76.23,75.58,76.21,739600,73.39
2012-08-10,75.42,75.96,75.01,75.89,920900,73.08
2012-08-09,75.59,75.89,75.26,75.50,1071600,72.70
2012-08-08,75.36,76.00,75.10,75.55,1186300,72.75
2012-08-07,74.85,75.97,74.85,75.47,1141700,72.67
2012-08-06,74.50,75.43,74.40,74.77,1006000,72.00
2012-08-03,74.57,75.36,74.20,74.35,1307400,71.60
2012-08-02,76.45,77.00,74.10,74.42,1744300,71.66
2012-08-01,74.63,75.36,74.33,75.18,1697100,72.39
2012-07-31,76.06,76.44,75.70,75.71,968700,72.91
2012-07-30,75.80,76.21,75.27,76.21,1730600,73.39
2012-07-27,74.92,76.10,74.78,75.94,1025800,73.13
2012-07-26,74.16,74.63,74.06,74.49,1132200,71.73
2012-07-25,73.49,74.25,73.23,73.72,756600,70.99
2012-07-24,73.95,74.02,72.68,73.17,1021000,70.46
2012-07-23,74.21,74.42,73.66,74.03,663300,71.29
2012-07-20,75.56,75.85,74.79,74.79,1588700,72.02
2012-07-19,75.50,76.12,75.37,75.95,759900,73.14
2012-07-18,74.97,75.76,74.56,75.42,787400,72.63
2012-07-17,74.73,75.32,74.00,75.21,695600,72.42
2012-07-16,74.29,74.73,74.29,74.49,486600,71.73
2012-07-13,74.48,74.78,74.30,74.42,1003700,71.66
2012-07-12,74.23,74.89,74.17,74.35,823900,71.60
2012-07-11,74.80,75.33,74.61,75.01,708700,72.23
2012-07-10,75.30,75.50,74.65,74.81,643300,72.04
2012-07-09,75.08,75.19,74.57,74.96,557700,72.18
2012-07-06,74.86,75.16,74.53,75.14,673400,72.36
2012-07-05,75.51,75.78,75.19,75.34,1048800,72.55
2012-07-03,75.19,76.00,75.14,75.69,698100,72.89
2012-07-02,75.12,75.40,74.23,75.37,748500,72.58
2012-06-29,73.68,74.75,73.68,74.75,1006800,71.98
2012-06-28,73.17,73.32,72.40,73.14,1135400,70.43
2012-06-27,73.19,73.81,73.03,73.48,781400,70.76
2012-06-26,73.37,73.37,72.67,72.77,921200,70.07
2012-06-25,73.62,73.69,73.02,73.04,964500,70.33
2012-06-22,74.07,74.22,73.64,73.99,1002600,71.25
2012-06-21,74.89,75.04,73.66,73.73,956400,71.00
2012-06-20,74.76,74.89,74.13,74.67,1093200,71.90
2012-06-19,73.84,74.88,73.74,74.75,1385500,71.98
2012-06-18,73.46,73.67,73.10,73.43,1331700,70.71
2012-06-15,73.13,73.61,72.99,73.59,2884100,70.86
2012-06-14,73.02,73.57,72.87,73.14,1168800,70.43
2012-06-13,72.74,73.51,72.65,72.99,1078700,70.29
2012-06-12,72.50,72.94,72.00,72.84,926000,70.14
2012-06-11,73.74,73.74,72.49,72.53,959100,69.84
2012-06-08,72.77,73.28,72.63,73.26,827300,70.55
2012-06-07,73.49,73.67,72.72,72.90,1138200,70.20
2012-06-06,72.39,72.90,72.06,72.73,1232100,70.04
2012-06-05,71.90,72.77,71.64,72.59,969500,69.47
2012-06-04,72.09,72.26,71.56,72.18,1273600,69.08
2012-06-01,72.48,72.72,72.02,72.20,1448900,69.09
2012-05-31,73.47,73.77,72.80,73.13,2043000,69.98
2012-05-30,73.89,73.95,73.35,73.44,1099700,70.28
2012-05-29,74.90,74.95,73.55,74.29,1468900,71.09
2012-05-25,74.75,74.93,74.17,74.42,925400,71.22
2012-05-24,74.28,74.96,74.28,74.72,871000,71.51
2012-05-23,74.73,74.77,73.60,74.41,797000,71.21
2012-05-22,75.39,75.57,74.57,74.78,922800,71.56
2012-05-21,74.39,75.39,74.31,75.39,1255800,72.15
2012-05-18,75.16,75.29,73.98,74.19,1378600,71.00
2012-05-17,75.77,75.89,74.59,74.79,1301900,71.57
2012-05-16,76.18,76.24,75.84,75.96,754400,72.69
2012-05-15,76.30,76.68,75.78,75.99,715400,72.72
2012-05-14,76.31,76.94,76.00,76.48,632900,73.19
2012-05-11,76.33,77.25,76.14,76.76,927100,73.46
2012-05-10,76.41,77.00,76.27,76.62,1088500,73.32
2012-05-09,76.23,76.65,75.62,76.02,759900,72.75
2012-05-08,76.36,76.80,76.26,76.73,1357800,73.43
2012-05-07,76.47,76.98,76.38,76.72,562100,73.42
2012-05-04,77.36,77.47,76.65,76.69,673800,73.39
2012-05-03,77.37,78.09,77.24,77.65,1087000,74.31
2012-05-02,77.30,78.18,76.86,77.50,1225700,74.17
2012-05-01,78.15,78.35,77.00,77.49,1262600,74.16
2012-04-30,77.91,78.57,77.79,78.45,1081600,75.08
2012-04-27,77.94,78.16,77.35,77.97,847700,74.62
2012-04-26,76.47,77.55,76.32,77.32,746800,73.99
2012-04-25,76.40,76.93,76.23,76.89,739400,73.58
2012-04-24,75.77,76.10,75.51,76.06,814600,72.79
2012-04-23,76.00,76.14,75.35,75.65,633800,72.40
2012-04-20,76.33,76.65,76.25,76.43,1029200,73.14
2012-04-19,76.45,76.68,75.91,76.20,903100,72.92
2012-04-18,76.39,76.94,76.24,76.27,878200,72.99
2012-04-17,75.31,76.75,75.31,76.59,1178500,73.30
2012-04-16,75.16,75.49,74.63,75.02,1394400,71.79
2012-04-13,76.28,76.59,74.79,74.79,1686000,71.57
2012-04-12,76.02,76.45,75.60,76.28,1475000,73.00
2012-04-11,76.42,76.81,75.98,76.05,1244800,72.78
2012-04-10,76.40,76.59,75.91,76.01,1161500,72.74
2012-04-09,76.68,76.96,76.55,76.69,839800,73.39
2012-04-05,77.51,77.70,77.35,77.65,929400,74.31
2012-04-04,77.72,77.98,77.47,77.76,1056900,74.41
2012-04-03,77.99,78.25,77.51,78.13,973500,74.77
2012-04-02,77.42,78.25,77.33,77.91,911100,74.56
2012-03-30,77.50,78.03,77.31,77.65,1008100,74.31
2012-03-29,77.30,77.30,76.63,77.10,931000,73.78
2012-03-28,77.67,78.00,77.11,77.54,931200,74.20
2012-03-27,77.74,78.00,77.67,77.76,730200,74.41
2012-03-26,76.49,77.67,76.38,77.67,957600,74.33
2012-03-23,76.87,77.01,76.34,76.40,665400,73.11
2012-03-22,76.68,77.08,76.31,76.88,576600,73.57
2012-03-21,77.00,77.24,76.62,76.83,851700,73.52
2012-03-20,77.40,77.52,76.75,77.09,831200,73.77
2012-03-19,77.78,78.00,77.42,77.85,993500,74.50
2012-03-16,78.20,78.24,77.70,78.11,1772500,74.75
2012-03-15,77.55,78.19,77.22,78.09,993900,74.73
2012-03-14,77.83,77.90,77.36,77.60,1323300,74.26
2012-03-13,77.00,77.88,76.93,77.80,1201300,74.45
2012-03-12,76.83,77.32,76.47,76.71,1299000,73.41
2012-03-09,76.54,77.54,76.47,76.82,1232300,73.52
2012-03-08,76.01,76.67,75.49,76.60,1195000,73.30
2012-03-07,75.07,75.58,74.95,75.45,1069200,72.20
2012-03-06,75.68,75.86,75.21,75.44,1147400,71.76
2012-03-05,76.48,76.71,75.57,76.01,1059200,72.31
2012-03-02,76.37,76.83,76.07,76.67,929500,72.93
2012-03-01,76.22,76.44,75.85,76.38,1320100,72.66
2012-02-29,76.94,77.25,76.16,76.22,1366100,72.51
2012-02-28,77.15,77.55,77.01,77.22,1222700,73.46
2012-02-27,76.88,77.27,76.51,77.12,1049100,73.36
2012-02-24,76.81,77.41,76.74,77.28,1118600,73.51
2012-02-23,76.75,76.91,76.34,76.45,996400,72.72
2012-02-22,77.25,77.38,76.76,76.83,1075400,73.09
2012-02-21,77.50,77.61,76.97,77.11,1234500,73.35
2012-02-17,77.68,77.99,77.16,77.40,1109700,73.63
2012-02-16,77.25,77.72,77.20,77.61,995100,73.83
2012-02-15,76.85,77.52,76.62,77.26,1147400,73.50
2012-02-14,76.94,76.94,76.34,76.70,1759400,72.96
2012-02-13,76.49,77.04,76.25,76.86,1359100,73.11
2012-02-10,76.51,76.75,76.04,76.42,1718200,72.70
2012-02-09,77.00,77.14,76.50,76.85,1127000,73.11
2012-02-08,77.37,77.45,76.64,76.81,1487500,73.07
2012-02-07,77.55,79.61,76.77,77.51,3145500,73.73
2012-02-06,79.51,80.56,79.33,80.53,1345200,76.61
2012-02-03,79.87,80.09,79.55,79.91,981200,76.02
2012-02-02,79.73,79.82,78.99,79.38,638500,75.51
2012-02-01,78.61,79.95,78.29,79.50,1297200,75.63
2012-01-31,79.09,79.65,78.25,78.41,1359900,74.59
2012-01-30,78.74,79.12,77.96,78.99,1316000,75.14
2012-01-27,79.18,79.70,78.92,79.09,1216100,75.24
2012-01-26,79.47,80.25,78.93,79.37,1904400,75.50
2012-01-25,78.04,79.74,78.01,79.25,2135900,75.39
2012-01-24,77.40,78.70,77.34,78.29,1511600,74.48
2012-01-23,78.21,78.27,77.43,77.59,1433300,73.81
2012-01-20,77.79,78.38,77.70,78.15,1408200,74.34
2012-01-19,76.57,78.19,76.53,77.91,1476300,74.11
2012-01-18,75.32,76.63,75.10,76.48,1457300,72.75
2012-01-17,75.51,76.51,75.22,75.25,1629300,71.58
2012-01-13,74.32,75.08,73.91,74.91,1441200,71.26
2012-01-12,74.80,74.99,74.00,74.69,1354600,71.05
2012-01-11,74.02,75.08,74.02,74.74,1770100,71.10
2012-01-10,73.67,74.46,73.67,74.22,1579800,70.60
2012-01-09,73.21,73.49,72.56,73.35,1417500,69.78
2012-01-06,72.85,73.30,72.40,73.03,1384900,69.47
2012-01-05,73.17,73.24,72.30,72.69,2057900,69.15
2012-01-04,74.07,74.33,72.82,73.18,2120000,69.61
2012-01-03,75.59,75.87,74.13,74.45,2146300,70.82
2011-12-30,74.68,75.39,74.55,74.72,1033700,71.08
2011-12-29,74.00,74.73,73.86,74.55,940800,70.92
2011-12-28,74.92,74.93,73.75,73.80,1124900,70.20
2011-12-27,74.35,75.08,74.32,74.80,932200,71.16
2011-12-23,74.00,74.48,73.83,74.44,1190600,70.81
2011-12-22,73.63,74.10,73.50,73.76,1419400,70.17
2011-12-21,73.07,73.84,72.75,73.63,1473200,70.04
2011-12-20,71.37,73.14,71.25,73.02,1553800,69.46
2011-12-19,70.78,71.28,70.50,70.66,1310300,67.22
2011-12-16,71.38,71.45,70.05,70.65,2815500,67.21
2011-12-15,71.87,72.10,71.00,71.15,1751500,67.68
2011-12-14,71.73,71.98,71.39,71.52,1278000,68.04
2011-12-13,72.68,72.76,71.51,71.80,1427300,68.30
2011-12-12,72.87,73.00,71.97,72.52,1344000,68.99
2011-12-09,72.82,73.20,72.55,72.92,1446900,69.37
2011-12-08,73.07,73.52,72.41,72.53,2026200,69.00
2011-12-07,73.68,74.31,72.69,74.12,2315500,70.08
2011-12-06,74.64,74.78,73.66,73.87,1213400,69.84
2011-12-05,74.66,74.88,73.79,74.41,1916800,70.35
2011-12-02,74.42,75.02,73.12,73.64,2227100,69.63
2011-12-01,73.77,75.10,73.77,74.14,1903500,70.10
2011-11-30,73.39,73.99,72.94,73.78,2133600,69.76
2011-11-29,72.16,72.60,71.62,71.77,1805700,67.86
2011-11-28,72.34,72.85,71.52,71.99,1837100,68.07
2011-11-25,70.81,71.38,70.81,71.11,902500,67.23
2011-11-23,71.46,71.78,70.61,70.77,1973100,66.91
2011-11-22,72.00,72.62,71.32,72.12,1396200,68.19
2011-11-21,72.33,72.33,71.61,71.84,1285700,67.92
2011-11-18,73.95,74.06,72.97,73.15,1495500,69.16
2011-11-17,74.25,74.52,73.47,73.73,1923000,69.71
2011-11-16,74.47,75.49,74.11,74.37,1599400,70.32
2011-11-15,73.93,75.90,73.92,75.64,1676300,71.52
2011-11-14,74.05,74.54,73.96,74.31,1185600,70.26
2011-11-11,74.35,74.63,73.35,74.12,1763400,70.08
2011-11-10,73.36,73.88,72.64,73.56,1506700,69.55
2011-11-09,73.22,73.46,72.20,72.61,1875600,68.65
2011-11-08,74.52,74.79,73.59,74.71,1674700,70.64
2011-11-07,73.86,75.06,72.89,74.43,2947900,70.37
2011-11-04,72.25,73.21,71.47,72.68,3195800,68.72
2011-11-03,73.22,73.30,71.93,72.38,2666500,68.44
2011-11-02,71.00,73.87,70.76,72.60,6287700,68.64
2011-11-01,76.87,77.18,75.50,76.11,1587500,71.96
2011-10-31,79.11,79.54,78.21,78.23,1443100,73.97
2011-10-28,78.79,79.81,78.70,79.64,981300,75.30
2011-10-27,79.34,79.56,77.77,78.67,1238300,74.38
2011-10-26,77.14,77.87,75.98,76.72,1348100,72.54
2011-10-25,77.56,78.67,76.58,76.72,1380500,72.54
2011-10-24,76.55,78.50,76.15,78.23,1617100,73.97
2011-10-21,74.20,76.43,74.11,76.43,1562600,72.26
2011-10-20,74.04,74.31,72.51,73.47,1462800,69.47
2011-10-19,73.71,74.84,73.59,73.86,1203900,69.83
2011-10-18,72.71,74.27,72.17,73.49,1343800,69.48
2011-10-17,74.00,74.25,72.65,72.79,734200,68.82
2011-10-14,74.30,74.46,73.54,74.29,1015100,70.24
2011-10-13,74.17,74.17,73.31,73.87,1189500,69.84
2011-10-12,74.04,74.90,73.81,74.20,1610400,70.16
2011-10-11,74.32,74.69,73.35,73.42,1105900,69.42
2011-10-10,73.94,74.71,73.60,74.45,853700,70.39
2011-10-07,71.70,73.90,71.70,72.86,1680500,68.89
2011-10-06,72.03,73.46,71.71,73.21,2121500,69.22
2011-10-05,72.33,73.37,71.91,72.92,1922200,68.95
2011-10-04,70.12,72.38,69.59,72.34,1900000,68.40
2011-10-03,72.80,73.37,70.45,70.84,2110200,66.98
2011-09-30,73.74,74.59,73.29,73.32,1332000,69.32
2011-09-29,74.47,74.59,73.18,74.34,1837600,70.29
2011-09-28,76.36,76.48,73.20,73.25,2323300,69.26
2011-09-27,75.04,77.40,75.01,76.15,1325800,72.00
2011-09-26,74.04,74.41,73.29,74.09,1282500,70.05
2011-09-23,73.00,74.11,72.67,73.74,1618400,69.72
2011-09-22,72.18,73.74,71.71,73.40,3061700,69.40
2011-09-21,75.30,75.65,73.67,73.70,2165900,69.68
2011-09-20,76.04,76.96,75.37,75.44,2013200,71.33
2011-09-19,76.45,76.84,75.04,75.56,1982300,71.44
2011-09-16,77.64,78.00,76.96,77.25,1713400,73.04
2011-09-15,77.84,77.92,75.99,77.50,1326300,73.28
2011-09-14,76.48,78.07,75.17,77.26,2458700,73.05
2011-09-13,76.63,76.92,75.78,76.44,1085900,72.27
2011-09-12,75.36,76.54,74.07,76.38,2090900,72.22
2011-09-09,77.86,77.98,75.67,76.02,2182500,71.88
2011-09-08,79.66,80.43,78.45,78.53,1524000,74.25
2011-09-07,78.73,80.09,78.54,80.04,1154500,75.68
2011-09-06,76.64,78.58,76.11,78.43,1361000,73.77
2011-09-02,80.03,80.03,78.23,78.49,1241700,73.82
2011-09-01,81.21,82.18,80.37,80.44,1290400,75.66
2011-08-31,81.16,81.99,80.88,81.38,1014800,76.54
2011-08-30,80.51,81.20,79.72,80.73,1125300,75.93
2011-08-29,80.46,81.23,80.42,80.84,1029400,76.03
2011-08-26,77.93,79.94,76.31,79.73,992700,74.99
2011-08-25,79.81,80.00,77.81,78.16,1133200,73.51
2011-08-24,78.80,79.83,78.53,79.64,1236200,74.91
2011-08-23,77.16,79.20,76.93,79.08,1554800,74.38
2011-08-22,78.32,78.44,76.50,76.85,1155700,72.28
2011-08-19,77.03,78.09,76.69,76.92,1778000,72.35
2011-08-18,78.97,78.98,76.55,77.47,1804800,72.86
2011-08-17,80.42,81.62,79.62,79.81,1568700,75.07
2011-08-16,80.15,80.99,79.42,80.28,1538400,75.51
2011-08-15,80.75,81.28,79.89,81.10,1613500,76.28
2011-08-12,79.10,80.66,78.81,80.28,2098000,75.51
2011-08-11,76.62,79.37,76.19,78.67,2978000,73.99
2011-08-10,77.41,78.42,76.18,76.42,3215000,71.88
2011-08-09,75.99,78.83,75.00,78.81,3310000,74.13
2011-08-08,78.03,79.16,76.14,76.42,3867300,71.88
2011-08-05,78.41,80.45,77.05,79.23,3643300,74.52
2011-08-04,79.49,79.88,77.59,77.61,1948900,73.00
2011-08-03,80.07,80.46,78.15,80.18,2000300,75.41
2011-08-02,81.55,82.45,79.92,79.98,1731500,75.23
2011-08-01,84.16,84.16,81.21,82.30,1940200,77.41
2011-07-29,82.33,83.85,82.21,83.61,1676000,78.64
2011-07-28,83.36,83.92,82.73,82.94,972800,78.01
2011-07-27,84.82,85.17,83.18,83.49,1716000,78.53
2011-07-26,86.78,86.78,84.83,84.96,1213900,79.91
2011-07-25,86.56,86.95,86.08,86.62,1070600,81.47
2011-07-22,88.68,88.84,86.39,87.16,1660500,81.98
2011-07-21,88.30,89.08,87.99,88.97,952700,83.68
2011-07-20,88.00,88.07,87.24,87.68,900100,82.47
2011-07-19,86.84,87.99,86.81,87.89,1025800,82.67
2011-07-18,86.95,87.08,86.03,86.67,964200,81.52
2011-07-15,87.61,88.05,86.62,87.09,1302200,81.91
2011-07-14,88.08,88.13,86.80,87.54,1043900,82.34
2011-07-13,88.02,88.68,87.64,87.77,937100,82.55
2011-07-12,87.17,88.57,87.15,87.57,1012300,82.36
2011-07-11,88.57,88.95,87.20,87.37,1275500,82.18
2011-07-08,89.01,89.37,88.51,89.30,1229100,83.99
2011-07-07,89.73,89.75,89.09,89.74,1089500,84.41
2011-07-06,88.83,89.50,88.76,89.28,1042200,83.97
2011-07-05,89.20,89.50,88.86,89.17,1424600,83.87
2011-07-01,86.33,89.50,85.96,89.30,2433200,83.99
2011-06-30,86.18,86.66,85.86,86.17,1338100,81.05
2011-06-29,86.39,86.52,85.59,85.84,959400,80.74
2011-06-28,85.59,86.49,85.21,86.11,787900,80.99
2011-06-27,85.05,85.59,84.54,85.25,692800,80.18
2011-06-24,85.61,85.69,84.75,84.84,904100,79.80
2011-06-23,85.52,85.71,84.19,85.68,1092900,80.59
2011-06-22,86.14,86.91,86.14,86.39,787100,81.25
2011-06-21,86.39,86.74,85.87,86.53,735800,81.39
2011-06-20,84.99,86.13,84.88,85.96,834400,80.85
2011-06-17,85.61,86.09,85.04,85.13,1357200,80.07
2011-06-16,85.11,85.29,84.51,84.88,860000,79.83
2011-06-15,85.91,86.38,84.78,84.91,1231300,79.86
2011-06-14,85.75,86.55,85.66,86.25,776100,81.12
2011-06-13,84.95,85.51,84.87,85.06,551700,80.00
2011-06-10,85.84,86.17,84.87,84.92,796100,79.87
2011-06-09,85.44,86.66,85.26,86.30,794300,81.17
2011-06-08,85.05,85.72,84.53,85.51,1028600,80.43
2011-06-07,85.21,85.67,84.70,84.97,916300,79.92
2011-06-06,85.52,85.65,85.03,85.21,734400,79.76
2011-06-03,85.67,86.13,85.00,85.76,846600,80.27
2011-06-02,87.01,87.04,85.93,86.34,907200,80.82
2011-06-01,87.30,87.67,87.04,87.14,1276000,81.57
2011-05-31,87.55,87.65,87.08,87.55,1247900,81.95
2011-05-27,86.95,87.10,86.54,87.04,681200,81.47
2011-05-26,86.62,86.77,86.31,86.63,1140300,81.09
2011-05-25,86.43,86.98,86.43,86.75,1208600,81.20
2011-05-24,87.49,87.73,86.67,86.74,1214600,81.19
2011-05-23,88.06,88.16,87.10,87.47,1110900,81.87
2011-05-20,89.31,89.40,88.40,88.90,1189700,83.21
2011-05-19,89.53,89.73,89.00,89.58,1180100,83.85
2011-05-18,88.21,89.48,87.99,89.47,1512200,83.75
2011-05-17,87.65,88.09,86.99,88.00,1064600,82.37
2011-05-16,87.93,88.42,87.73,87.92,861600,82.30
2011-05-13,88.80,88.86,87.64,88.11,1000100,82.47
2011-05-12,87.92,88.71,87.24,88.71,994000,83.04
2011-05-11,88.49,89.17,87.74,88.07,1367100,82.44
2011-05-10,87.00,87.76,86.80,87.75,732100,82.14
2011-05-09,86.38,87.08,85.99,86.95,765300,81.39
2011-05-06,86.60,87.00,86.18,86.42,847100,80.89
2011-05-05,86.24,86.59,85.46,85.94,1340900,80.44
2011-05-04,86.47,86.83,86.05,86.42,1209000,80.89
2011-05-03,87.02,87.09,86.52,86.83,1265500,81.28
2011-05-02,86.21,87.25,85.63,86.85,1727100,81.29
2011-04-29,85.33,86.34,85.04,85.94,1000000,80.44
2011-04-28,84.40,85.93,84.40,85.56,1488500,80.09
2011-04-27,84.81,85.62,82.73,85.50,1892800,80.03
2011-04-26,84.00,84.95,83.86,84.89,2100000,79.46
2011-04-25,83.72,84.13,83.39,83.92,1218100,78.55
2011-04-21,84.27,84.37,83.84,84.00,1772400,78.63
2011-04-20,84.00,84.38,83.66,83.98,2159300,78.61
2011-04-19,83.13,83.71,82.94,83.35,1115300,78.02
2011-04-18,82.56,83.89,82.27,83.07,1498200,77.76
2011-04-15,82.19,83.59,82.19,83.45,1301700,78.11
2011-04-14,81.41,82.01,81.19,81.81,1208900,76.58
2011-04-13,81.54,82.02,81.49,81.87,1317400,76.63
2011-04-12,81.22,81.75,81.14,81.37,829400,76.16
2011-04-11,80.97,81.95,80.81,81.50,1106800,76.29
2011-04-08,81.01,81.19,80.50,80.76,778200,75.59
2011-04-07,80.89,81.25,80.56,80.96,723500,75.78
2011-04-06,80.51,81.14,80.42,80.99,1316800,75.81
2011-04-05,80.72,81.05,80.20,80.39,1040400,75.25
2011-04-04,80.75,81.08,80.61,81.02,798400,75.84
2011-04-01,79.95,80.79,79.30,80.57,1780800,75.42
2011-03-31,79.31,80.35,79.26,79.62,1420600,74.53
2011-03-30,79.79,80.19,79.38,79.49,937000,74.41
2011-03-29,78.58,79.50,78.47,79.49,825400,74.41
2011-03-28,78.54,79.00,78.25,78.62,986500,73.59
2011-03-25,78.15,78.93,78.06,78.65,997800,73.62
2011-03-24,77.84,78.07,77.20,77.98,805600,72.99
2011-03-23,77.79,77.86,77.03,77.62,899700,72.65
2011-03-22,77.95,78.31,77.89,78.05,775800,73.06
2011-03-21,78.29,78.36,77.76,77.91,1106000,72.93
2011-03-18,77.11,77.48,76.50,76.90,2143200,71.98
2011-03-17,77.44,77.96,76.39,76.51,1388400,71.62
2011-03-16,76.70,77.21,75.44,76.53,2445600,71.63
2011-03-15,75.83,77.39,75.70,76.96,2100600,72.04
2011-03-14,78.43,78.55,77.22,77.67,1522500,72.70
2011-03-11,78.00,79.07,77.96,78.87,1178900,73.82
2011-03-10,78.90,79.04,77.93,78.33,1526800,73.32
2011-03-09,79.68,79.97,79.13,79.65,1090800,74.55
2011-03-08,79.22,80.13,78.68,79.94,967000,74.83
2011-03-07,80.52,80.75,79.20,79.41,1278200,73.95
2011-03-04,80.86,81.05,79.50,80.21,1388000,74.69
2011-03-03,80.00,81.27,79.66,81.07,1187100,75.49
2011-03-02,79.19,79.99,79.00,79.47,1230700,74.00
2011-03-01,80.13,80.18,79.20,79.20,1254000,73.75
2011-02-28,80.15,80.33,79.55,80.00,1699800,74.50
2011-02-25,79.45,80.23,79.18,80.17,1172100,74.65
2011-02-24,78.98,79.70,78.57,79.08,1286400,73.64
2011-02-23,79.77,80.15,79.03,79.09,1627000,73.65
2011-02-22,80.41,81.13,79.59,79.68,1665000,74.20
2011-02-18,80.43,81.74,80.09,81.28,1984700,75.69
2011-02-17,79.66,80.39,78.62,80.26,2688100,74.74
2011-02-16,80.51,80.91,79.97,80.00,2949100,74.50
2011-02-15,80.74,81.05,80.29,80.44,1968100,74.91
2011-02-14,81.21,81.62,80.76,81.59,1229700,75.98
2011-02-11,80.95,81.53,80.50,81.29,1287900,75.70
2011-02-10,81.39,81.73,81.05,81.20,1580800,75.61
2011-02-09,81.03,81.71,80.97,81.38,1723200,75.78
2011-02-08,82.72,83.99,80.15,81.03,4390100,75.45
2011-02-07,84.82,85.90,84.58,85.64,1289800,79.75
2011-02-04,84.38,84.52,83.82,84.50,911600,78.69
2011-02-03,83.57,84.43,83.51,84.16,805800,78.37
2011-02-02,83.69,84.07,83.34,83.72,793100,77.96
2011-02-01,83.38,83.95,83.09,83.82,795700,78.05
2011-01-31,82.65,82.97,81.56,82.95,1097300,77.24
2011-01-28,83.22,83.95,82.41,82.56,1070200,76.88
2011-01-27,83.87,84.32,83.41,83.55,1159800,77.80
2011-01-26,84.94,85.00,84.13,84.13,1213600,78.34
2011-01-25,83.79,84.76,83.65,84.61,1815900,78.79
2011-01-24,83.32,83.87,83.15,83.66,1246100,77.90
2011-01-21,83.44,84.38,83.08,83.20,1397600,77.48
2011-01-20,83.02,83.37,82.71,83.09,802000,77.37
2011-01-19,84.05,84.27,82.68,83.00,1281500,77.29
2011-01-18,82.58,84.18,82.45,83.97,1432600,78.19
2011-01-14,83.08,83.13,82.36,82.70,1313600,77.01
2011-01-13,83.78,83.89,82.91,83.13,1271400,77.41
2011-01-12,84.25,84.33,83.48,83.64,1457700,77.89
2011-01-11,83.26,84.22,83.25,83.98,698800,78.20
2011-01-10,82.73,83.22,82.59,83.06,886200,77.35
2011-01-07,83.34,83.85,82.67,83.23,973300,77.50
2011-01-06,83.35,83.58,82.99,83.25,952200,77.52
2011-01-05,83.09,83.63,82.73,83.37,1048400,77.63
2011-01-04,84.75,84.86,83.08,83.35,1652600,77.62
2011-01-03,85.17,85.69,84.63,84.73,1579500,78.90
2010-12-31,84.99,85.27,84.43,84.52,645100,78.70
2010-12-30,85.03,85.34,84.65,85.14,659300,79.28
2010-12-29,85.33,85.50,84.83,84.98,845600,79.13
2010-12-28,84.42,85.33,84.28,85.32,1251400,79.45
2010-12-27,84.43,84.50,84.02,84.11,568500,78.32
2010-12-23,84.13,84.79,84.13,84.64,908500,78.82
2010-12-22,83.95,84.66,83.65,84.38,1014900,78.57
2010-12-21,84.26,84.26,83.40,83.81,1595500,78.04
2010-12-20,85.23,85.50,83.82,83.85,1641200,78.08
2010-12-17,84.74,85.31,83.97,85.21,1911500,79.35
2010-12-16,82.94,84.93,82.63,84.78,1955200,78.95
2010-12-15,83.15,83.50,82.81,83.04,1549500,77.33
2010-12-14,82.43,83.80,82.04,83.39,1632100,77.65
2010-12-13,82.10,82.75,81.76,82.42,1459400,76.75
2010-12-10,81.81,82.45,81.55,82.03,1516900,76.39
2010-12-09,81.29,81.79,81.10,81.46,1064400,75.86
2010-12-08,81.25,81.61,80.80,81.05,1380900,75.47
2010-12-07,81.27,81.87,81.05,81.38,2351500,75.40
2010-12-06,81.52,81.59,80.85,80.85,2069200,74.91
2010-12-03,80.65,81.65,80.37,81.53,1831300,75.54
2010-12-02,79.88,81.16,79.80,80.76,2106400,74.82
2010-12-01,78.61,79.96,78.34,79.82,1588500,73.95
2010-11-30,77.12,78.19,76.62,77.93,1873800,72.20
2010-11-29,77.53,78.31,77.16,78.05,1595400,72.31
2010-11-26,77.24,78.42,77.20,78.16,825100,72.42
2010-11-24,76.64,78.15,76.55,78.12,1304700,72.38
2010-11-23,76.72,76.90,76.36,76.64,1087400,71.01
2010-11-22,77.53,77.81,76.84,77.62,1264300,71.92
2010-11-19,77.65,77.88,77.27,77.84,1056100,72.12
2010-11-18,77.10,78.06,76.88,77.69,955800,71.98
2010-11-17,76.79,76.91,76.25,76.78,1276800,71.14
2010-11-16,76.86,77.15,76.40,76.61,1617900,70.98
2010-11-15,76.80,78.12,76.80,77.39,922400,71.70
2010-11-12,77.78,77.82,77.13,77.27,1136800,71.59
2010-11-11,77.71,78.35,77.22,78.27,1036300,72.52
2010-11-10,77.46,78.24,77.16,78.18,1191800,72.43
2010-11-09,77.50,78.19,77.27,77.78,1353600,72.06
2010-11-08,76.96,77.98,76.63,77.56,1139400,71.86
2010-11-05,77.90,78.16,77.34,77.54,1813500,71.84
2010-11-04,76.31,78.76,76.31,78.25,2374800,72.50
2010-11-03,75.61,76.00,74.65,75.54,1832300,69.99
2010-11-02,75.85,76.22,75.24,75.38,1430900,69.84
2010-11-01,75.92,76.06,74.92,75.29,1519900,69.76
2010-10-29,76.09,76.14,75.52,75.52,1278100,69.97
2010-10-28,77.02,77.21,76.10,76.39,870600,70.78
2010-10-27,76.35,76.61,75.63,76.15,1132300,70.55
2010-10-26,76.62,77.01,76.58,76.73,912500,71.09
2010-10-25,76.68,77.24,76.68,76.91,1166300,71.26
2010-10-22,77.01,77.27,76.31,76.40,980200,70.79
2010-10-21,77.00,77.64,76.73,77.00,1644800,71.34
2010-10-20,76.45,77.01,76.42,76.90,1097400,71.25
2010-10-19,76.26,76.63,75.88,76.35,1478400,70.74
2010-10-18,76.22,76.86,76.11,76.82,781600,71.17
2010-10-15,76.50,76.50,75.60,76.13,997100,70.53
2010-10-14,76.17,76.36,75.73,76.08,937400,70.49
2010-10-13,75.75,76.16,75.48,76.02,903800,70.43
2010-10-12,74.71,75.66,74.39,75.55,906100,70.00
2010-10-11,74.91,75.48,74.79,74.92,387700,69.41
2010-10-08,74.70,75.00,74.45,74.75,911200,69.26
2010-10-07,75.32,75.49,74.25,74.52,1047600,69.04
2010-10-06,74.93,75.39,74.70,75.13,642300,69.61
2010-10-05,74.10,75.09,74.04,74.87,1066600,69.37
2010-10-04,74.15,74.29,73.39,73.67,831100,68.26
2010-10-01,74.56,74.72,73.69,74.30,1128900,68.84
2010-09-30,74.36,74.83,73.97,74.10,1021300,68.65
2010-09-29,74.54,74.70,73.85,74.17,1171200,68.72
2010-09-28,74.45,74.86,73.97,74.82,1230200,69.32
2010-09-27,74.70,74.90,74.20,74.22,823600,68.77
2010-09-24,73.72,74.30,73.56,74.28,728700,68.82
2010-09-23,72.99,73.62,72.91,73.11,689800,67.74
2010-09-22,73.70,74.29,73.03,73.48,1027600,68.08
2010-09-21,73.80,74.00,73.33,73.71,880700,68.29
2010-09-20,73.56,73.69,72.75,73.58,1074100,68.17
2010-09-17,73.05,73.50,72.87,73.48,1417400,68.08
2010-09-16,72.26,73.06,71.89,72.75,810500,67.40
2010-09-15,71.24,72.78,71.24,72.55,950300,67.22
2010-09-14,71.21,71.94,70.86,71.59,693700,66.33
2010-09-13,71.70,72.05,70.95,71.19,815900,65.96
2010-09-10,70.79,71.39,70.60,71.27,716500,66.03
2010-09-09,70.19,71.00,69.92,70.83,1283800,65.62
2010-09-08,69.85,70.05,69.54,69.71,820600,64.59
2010-09-07,69.90,70.38,69.61,69.83,767300,64.70
2010-09-03,70.60,70.69,69.97,70.62,982000,65.09
2010-09-02,69.54,70.27,69.54,70.27,718900,64.76
2010-09-01,68.84,69.79,68.83,69.52,1580800,64.07
2010-08-31,69.09,69.28,68.07,68.19,1627500,62.85
2010-08-30,69.52,69.91,69.25,69.26,747800,63.83
2010-08-27,69.04,69.79,68.68,69.72,915900,64.26
2010-08-26,69.82,69.95,68.82,68.83,1429400,63.44
2010-08-25,69.00,70.08,68.94,69.76,975400,64.29
2010-08-24,70.35,70.35,69.06,69.30,1289800,63.87
2010-08-23,71.07,71.80,70.99,71.01,1362300,65.45
2010-08-20,70.87,71.47,69.95,70.82,1213700,65.27
2010-08-19,71.96,72.04,70.71,71.31,1013900,65.72
2010-08-18,71.97,72.68,71.57,72.33,941200,66.66
2010-08-17,70.91,72.31,70.67,71.98,1048500,66.34
2010-08-16,70.62,70.80,70.14,70.63,687700,65.10
2010-08-13,71.00,71.26,70.64,70.96,668500,65.40
2010-08-12,70.22,71.22,70.22,71.06,1041900,65.49
2010-08-11,71.60,71.78,70.53,71.10,1745200,65.53
2010-08-10,71.44,72.69,71.06,72.39,1251800,66.72
2010-08-09,71.60,72.00,71.50,71.88,661600,66.25
2010-08-06,71.19,71.80,70.49,71.68,1214700,66.06
2010-08-05,71.00,71.78,70.74,71.61,1370600,66.00
2010-08-04,70.63,71.27,70.25,71.19,1226200,65.61
2010-08-03,70.36,70.89,70.11,70.46,1311000,64.94
2010-08-02,69.55,70.50,69.20,70.40,2255700,64.88
2010-07-30,67.15,69.15,66.87,68.80,2110800,63.41
2010-07-29,69.32,69.93,67.13,67.54,2089100,62.25
2010-07-28,68.09,68.80,67.39,68.33,2236100,62.98
2010-07-27,69.22,69.26,68.09,68.27,1736700,62.92
2010-07-26,67.06,68.64,66.72,68.55,1917000,63.18
2010-07-23,67.07,67.07,66.47,66.89,2774400,61.65
2010-07-22,67.26,68.24,67.10,67.40,2360500,62.12
2010-07-21,68.26,68.26,66.64,66.92,1876700,61.68
2010-07-20,67.53,68.17,67.14,68.13,1734600,62.79
2010-07-19,67.98,68.38,67.81,68.06,765700,62.73
2010-07-16,69.16,69.33,67.62,67.75,1221100,62.44
2010-07-15,69.30,69.69,68.87,69.36,955100,63.93
2010-07-14,69.28,69.59,68.52,69.59,1375200,64.14
2010-07-13,69.55,70.08,69.40,69.52,1252800,64.07
2010-07-12,69.41,69.46,68.83,69.08,1245200,63.67
2010-07-09,69.91,70.09,69.05,69.46,1012400,64.02
2010-07-08,70.52,71.02,69.44,69.96,1791200,64.48
2010-07-07,68.14,70.30,67.90,70.28,2112500,64.77
2010-07-06,68.63,68.83,67.59,68.18,1490100,62.84
2010-07-02,67.34,68.36,67.29,67.97,1487300,62.64
2010-07-01,67.73,67.73,66.63,67.29,2283300,62.02
2010-06-30,67.24,68.14,67.05,67.62,2027200,62.32
2010-06-29,68.06,68.32,67.00,67.45,2213000,62.17
2010-06-28,69.32,69.61,68.50,69.16,1150900,63.74
2010-06-25,69.33,69.92,68.74,69.05,2632500,63.64
2010-06-24,70.01,70.30,69.33,69.42,1551100,63.98
2010-06-23,71.21,71.26,69.90,70.05,2171800,64.56
2010-06-22,71.48,72.56,71.15,71.16,1507500,65.58
2010-06-21,71.73,72.15,71.25,71.48,1682400,65.88
2010-06-18,71.97,72.03,71.27,71.32,1937700,65.73
2010-06-17,72.09,72.22,71.47,71.92,1318000,66.29
2010-06-16,70.90,72.05,70.48,72.05,1334700,66.41
2010-06-15,70.46,71.11,70.20,71.11,1376800,65.54
2010-06-14,71.04,71.04,70.10,70.19,1658000,64.69
2010-06-11,69.55,69.82,69.17,69.69,1468000,64.23
2010-06-10,69.41,69.80,69.21,69.76,1421200,64.29
2010-06-09,69.07,69.68,68.50,68.64,1673100,63.26
2010-06-08,69.07,69.38,68.11,68.92,2638400,63.52
2010-06-07,70.36,70.55,69.27,69.29,1543000,63.86
2010-06-04,71.59,71.59,69.95,70.08,1698700,64.25
2010-06-03,72.19,72.88,71.74,72.39,991800,66.37
2010-06-02,70.64,72.47,70.25,72.40,1245300,66.38
2010-06-01,71.09,71.87,70.68,70.71,1265600,64.83
2010-05-28,72.23,72.23,71.17,71.30,1512800,65.37
2010-05-27,71.56,72.25,71.09,72.21,1489100,66.20
2010-05-26,71.58,72.29,70.62,70.66,1451000,64.78
2010-05-25,70.51,71.54,69.58,71.44,1947000,65.50
2010-05-24,71.41,72.14,71.25,71.33,1034800,65.39
2010-05-21,71.22,71.81,69.95,71.49,2276500,65.54
2010-05-20,72.75,72.81,71.65,71.65,2293000,65.69
2010-05-19,74.18,74.56,73.27,73.73,2228700,67.59
2010-05-18,74.61,75.11,74.14,74.30,2088000,68.12
2010-05-17,73.11,74.05,73.11,73.78,1439000,67.64
2010-05-14,74.30,74.30,72.82,73.26,1993400,67.16
2010-05-13,75.23,75.69,74.40,74.47,1482600,68.27
2010-05-12,75.01,75.30,74.26,75.10,1331900,68.85
2010-05-11,75.34,75.34,74.24,74.75,1505000,68.53
2010-05-10,75.60,76.70,74.70,75.57,1611200,69.28
2010-05-07,74.99,75.05,73.12,73.66,2663100,67.53
2010-05-06,75.38,75.89,72.48,74.88,2771800,68.65
2010-05-05,75.41,76.18,74.76,75.61,1512600,69.32
2010-05-04,75.53,75.90,74.97,75.44,1382400,69.16
2010-05-03,76.38,76.53,75.15,76.22,1831700,69.88
2010-04-30,76.74,77.15,76.05,76.37,2131800,70.01
2010-04-29,75.28,78.37,75.28,76.60,2795100,70.23
2010-04-28,76.09,77.04,76.00,76.70,1682000,70.32
2010-04-27,76.70,76.70,75.61,76.04,1530800,69.71
2010-04-26,77.58,78.08,76.38,76.40,1510700,70.04
2010-04-23,77.55,78.36,77.14,77.55,1622600,71.10
2010-04-22,77.56,77.83,76.03,77.27,2543600,70.84
2010-04-21,79.77,79.92,78.36,78.56,1764300,72.02
2010-04-20,78.70,79.85,78.60,79.66,1485100,73.03
2010-04-19,77.82,78.67,77.82,78.46,1721800,71.93
2010-04-16,77.98,78.40,77.46,77.74,2440200,71.27
2010-04-15,78.24,78.75,77.97,78.05,1542300,71.56
2010-04-14,78.54,78.78,78.13,78.49,1271500,71.96
2010-04-13,78.93,79.00,78.21,78.72,905600,72.17
2010-04-12,79.02,79.27,78.72,79.00,639700,72.43
2010-04-09,78.76,78.97,78.37,78.91,769000,72.34
2010-04-08,78.56,78.93,78.21,78.63,771100,72.09
2010-04-07,78.01,79.19,78.01,78.50,1166100,71.97
2010-04-06,78.42,78.84,78.11,78.43,1051600,71.90
2010-04-05,79.21,79.22,78.42,78.51,1168700,71.98
2010-04-01,78.93,79.24,78.42,78.96,908200,72.39
2010-03-31,78.98,79.40,78.40,78.73,910700,72.18
2010-03-30,79.17,79.17,78.90,79.05,1099400,72.47
2010-03-29,78.46,79.16,78.40,79.00,864300,72.43
2010-03-26,78.89,78.99,78.24,78.51,999600,71.98
2010-03-25,79.44,79.66,78.74,78.87,934600,72.31
2010-03-24,79.43,79.67,78.79,79.01,1488900,72.44
2010-03-23,80.17,80.45,79.31,79.71,872400,73.08
2010-03-22,79.08,80.56,79.00,80.14,1433200,73.47
2010-03-19,79.10,79.67,78.71,79.10,1370800,72.52
2010-03-18,79.00,79.58,78.92,79.39,691400,72.78
2010-03-17,79.55,79.56,78.85,79.24,842300,72.65
2010-03-16,79.17,79.57,78.77,79.03,849500,72.45
2010-03-15,78.34,79.01,78.06,79.00,701600,72.43
2010-03-12,78.69,78.69,77.79,78.37,908300,71.85
2010-03-11,79.02,79.02,77.55,78.46,1088300,71.93
2010-03-10,78.47,79.10,78.29,78.92,1266900,72.35
2010-03-09,77.89,78.64,77.75,78.47,1079700,71.94
2010-03-08,78.66,78.66,77.77,77.95,1061700,71.46
2010-03-05,78.66,78.68,78.24,78.60,1601400,71.72
2010-03-04,78.76,79.02,78.21,78.50,1667600,71.63
2010-03-03,78.71,79.21,78.62,78.68,1055700,71.79
2010-03-02,79.02,79.63,78.73,79.14,1354300,72.21
2010-03-01,78.11,79.02,77.88,79.02,1680500,72.10
2010-02-26,78.73,78.90,77.75,77.87,1357100,71.05
2010-02-25,78.42,78.62,77.73,78.52,1494400,71.65
2010-02-24,77.90,78.86,77.58,78.82,1888200,71.92
2010-02-23,77.41,78.06,76.75,77.87,1560300,71.05
2010-02-22,77.77,77.90,77.10,77.50,949700,70.72
2010-02-19,77.42,77.90,76.68,77.54,1618700,70.75
2010-02-18,77.64,78.00,76.96,77.96,1156000,71.14
2010-02-17,77.22,77.74,76.93,77.36,1282700,70.59
2010-02-16,75.93,76.96,75.33,76.91,1384300,70.18
2010-02-12,74.75,75.93,74.14,75.84,1726600,69.20
2010-02-11,74.71,75.29,74.27,75.22,1832500,68.64
2010-02-10,75.11,75.25,74.28,74.64,1249400,68.11
2010-02-09,75.47,75.66,74.33,75.26,1185900,68.67
2010-02-08,74.69,75.14,74.07,74.68,1284700,68.14
2010-02-05,74.56,74.93,73.85,74.89,1913100,68.33
2010-02-04,76.11,76.38,74.68,74.71,1470200,68.17
2010-02-03,76.94,76.94,76.12,76.64,1458700,69.93
2010-02-02,75.93,77.06,75.38,77.02,1388600,70.28
2010-02-01,75.43,76.12,74.81,75.71,806200,69.08
2010-01-29,76.74,76.82,75.11,75.37,1090300,68.77
2010-01-28,78.63,78.63,75.60,76.48,1577100,69.79
2010-01-27,75.30,76.34,74.75,76.00,1180000,69.35
2010-01-26,75.47,75.80,75.03,75.57,745500,68.96
2010-01-25,75.26,76.39,75.12,75.78,864000,69.15
2010-01-22,75.10,76.40,74.76,75.08,1535200,68.51
2010-01-21,77.20,77.31,76.08,76.15,1203200,69.48
2010-01-20,77.40,77.60,76.01,76.79,1382100,70.07
2010-01-19,76.42,77.67,76.36,77.29,1692300,70.52
2010-01-15,76.76,76.94,75.68,76.29,1382400,69.61
2010-01-14,76.50,77.25,76.11,77.04,2099900,70.30
2010-01-13,77.32,77.99,77.32,77.50,1393000,70.72
2010-01-12,78.28,78.28,77.14,77.25,1412800,70.49
2010-01-11,78.35,78.60,77.77,78.41,1535600,71.55
2010-01-08,77.67,78.31,77.38,77.91,1185000,71.09
2010-01-07,77.45,77.89,77.02,77.64,2266900,70.84
2010-01-06,77.99,78.08,77.28,77.66,1208000,70.86
2010-01-05,78.40,78.72,77.77,77.87,1122200,71.05
2010-01-04,78.99,79.68,78.26,78.60,1793200,71.72
2009-12-31,79.48,79.66,78.86,78.86,839100,71.96
2009-12-30,79.68,79.70,79.11,79.69,572500,72.71
2009-12-29,79.60,79.97,79.13,79.72,660300,72.74
2009-12-28,79.44,79.67,79.18,79.56,674900,72.60
2009-12-24,79.35,79.35,78.76,79.21,399300,72.28
2009-12-23,78.48,79.32,78.36,79.15,1616800,72.22
2009-12-22,76.45,78.47,76.28,78.38,1646700,71.52
2009-12-21,74.90,76.34,74.90,76.19,1601400,69.52
2009-12-18,76.01,76.01,73.49,74.86,3495200,68.31
2009-12-17,77.10,77.10,75.48,75.48,1810800,68.87
2009-12-16,77.78,77.83,77.11,77.14,1310400,70.39
2009-12-15,77.56,78.10,77.06,77.65,912300,70.85
2009-12-14,77.55,78.20,77.46,77.56,1186000,70.77
2009-12-11,77.73,78.25,77.33,77.45,1042900,70.67
2009-12-10,77.17,78.15,76.77,77.66,1075400,70.86
2009-12-09,77.15,77.47,76.61,76.98,1130600,69.90
2009-12-08,77.98,77.98,76.90,77.37,1014600,70.26
2009-12-07,78.17,78.63,77.69,78.00,1048700,70.83
2009-12-04,77.50,78.81,77.44,78.05,2034800,70.88
2009-12-03,76.80,77.99,75.14,77.31,1969300,70.20
2009-12-02,76.23,76.90,75.25,76.50,1419300,69.47
2009-12-01,75.26,76.37,75.16,76.00,1332200,69.01
2009-11-30,74.84,74.96,74.26,74.80,1211800,67.92
2009-11-27,74.31,75.00,73.52,74.72,615600,67.85
2009-11-25,75.57,76.00,75.20,75.53,966100,68.59
2009-11-24,75.94,76.09,75.25,75.63,1739900,68.68
2009-11-23,74.37,75.27,74.10,75.25,2321100,68.33
2009-11-20,74.98,74.98,73.25,73.70,1649500,66.93
2009-11-19,73.65,73.74,72.70,73.46,1640700,66.71
2009-11-18,74.00,74.42,73.28,73.57,1590900,66.81
2009-11-17,73.29,73.90,73.12,73.81,1435500,67.03
2009-11-16,72.71,73.40,72.58,73.29,1508600,66.55
2009-11-13,72.43,72.80,72.00,72.72,1123600,66.04
2009-11-12,72.22,72.64,71.39,72.20,1712800,65.56
2009-11-11,71.91,73.17,71.79,72.82,1989200,66.13
2009-11-10,71.67,72.00,71.29,71.87,1878700,65.26
2009-11-09,70.82,71.80,70.68,71.64,1688800,65.06
2009-11-06,68.96,70.97,68.72,70.54,2630000,64.06
2009-11-05,68.66,69.00,68.14,68.85,2862700,62.52
2009-11-04,70.28,70.97,68.34,68.51,3282300,62.21
2009-11-03,69.00,69.91,67.67,69.91,3070500,63.48
2009-11-02,68.27,69.24,67.89,68.95,2270900,62.61
2009-10-30,67.79,68.72,67.53,68.36,2523100,62.08
2009-10-29,66.27,68.13,66.20,68.07,2615400,61.81
2009-10-28,67.31,67.60,66.55,66.60,2631000,60.48
2009-10-27,67.18,67.97,67.18,67.44,1805200,61.24
2009-10-26,67.49,67.73,67.04,67.50,2582100,61.30
2009-10-23,68.53,68.62,67.47,67.50,1971800,61.30
2009-10-22,67.47,68.52,67.20,68.04,1670100,61.79
2009-10-21,67.99,68.54,67.35,67.48,2271700,61.28
2009-10-20,68.55,68.80,67.43,67.52,2343900,61.31
2009-10-19,69.26,69.47,68.80,68.90,1333300,62.57
2009-10-16,68.20,69.46,68.20,69.26,1586000,62.89
2009-10-15,68.31,68.74,67.98,68.35,1752800,62.07
2009-10-14,69.00,69.00,68.31,68.56,1602100,62.26
2009-10-13,68.61,69.21,68.46,68.81,1485000,62.49
2009-10-12,68.92,68.99,68.40,68.61,678600,62.30
2009-10-09,68.40,69.16,68.40,68.75,1086900,62.43
2009-10-08,67.91,69.41,67.82,68.46,1385800,62.17
2009-10-07,67.50,67.79,67.29,67.72,1212000,61.50
2009-10-06,67.63,67.91,67.20,67.56,2110300,61.35
2009-10-05,67.60,67.60,66.76,67.26,1458400,61.08
2009-10-02,68.06,68.52,66.86,67.30,2065000,61.11
2009-10-01,69.50,69.81,68.29,68.29,1851200,62.01
2009-09-30,69.84,69.92,68.64,69.75,3236500,63.34
2009-09-29,70.52,70.58,69.99,70.37,1746500,63.90
2009-09-28,68.79,71.11,68.54,70.50,1556200,64.02
2009-09-25,68.63,69.00,68.12,68.50,1002000,62.20
2009-09-24,69.57,69.57,68.34,68.71,1010000,62.39
2009-09-23,70.45,70.45,69.29,69.34,1046600,62.97
2009-09-22,70.83,71.25,69.88,70.22,1013900,63.77
2009-09-21,70.03,71.00,69.99,70.54,1170300,64.06
2009-09-18,69.94,70.66,69.71,70.26,1441800,63.80
2009-09-17,70.21,70.68,69.51,69.95,1400800,63.52
2009-09-16,70.78,71.00,69.75,70.43,1678300,63.96
2009-09-15,70.93,71.02,69.81,70.50,1026200,64.02
2009-09-14,71.35,71.49,70.66,70.76,1182000,64.26
2009-09-11,71.15,71.59,70.91,71.34,1553800,64.78
2009-09-10,70.63,71.06,70.18,70.95,1456100,64.43
2009-09-09,69.25,70.60,69.25,70.35,1668300,63.88
2009-09-08,70.09,70.25,68.99,69.18,2191800,62.82
2009-09-04,69.04,70.30,68.80,70.30,1834100,63.84
2009-09-03,68.67,69.85,68.50,69.00,1153000,62.36
2009-09-02,68.01,69.35,68.01,68.34,2148600,61.76
2009-09-01,69.53,69.71,68.03,68.28,2424300,61.71
2009-08-31,70.32,70.93,69.15,69.62,2690100,62.92
2009-08-28,70.67,71.59,70.00,70.51,2598800,63.72
2009-08-27,70.16,70.20,69.06,69.90,2001600,63.17
2009-08-26,68.95,70.20,68.63,69.83,2433200,63.11
2009-08-25,68.96,69.49,68.68,68.92,1536200,62.29
2009-08-24,69.90,69.90,68.41,68.66,1744800,62.05
2009-08-21,68.29,68.95,67.50,68.85,2157200,62.22
2009-08-20,66.10,68.00,65.90,67.74,2480700,61.22
2009-08-19,65.40,66.00,64.42,65.66,3291900,59.34
2009-08-18,66.69,67.25,65.23,65.65,2412500,59.33
2009-08-17,67.50,67.53,66.23,66.30,2819600,59.92
2009-08-14,66.00,66.47,65.47,66.39,1644500,60.00
2009-08-13,67.31,67.31,65.62,65.79,2005800,59.46
2009-08-12,66.05,67.79,66.05,67.27,2231600,60.79
2009-08-11,65.52,66.49,65.27,66.00,2078100,59.65
2009-08-10,64.50,65.77,64.50,65.71,1581200,59.38
2009-08-07,64.27,64.98,63.87,64.42,2149100,58.22
2009-08-06,65.26,65.33,63.41,63.75,3095700,57.61
2009-08-05,65.45,65.88,64.45,65.16,2391600,58.89
2009-08-04,65.44,65.98,64.91,65.55,2206400,59.24
2009-08-03,65.24,65.70,64.10,65.49,3619700,59.19
2009-07-31,66.16,66.55,65.00,65.15,6812300,58.88
2009-07-30,74.67,75.25,65.69,67.39,11608500,60.90
2009-07-29,71.79,74.10,71.64,73.60,2462200,66.52
2009-07-28,72.12,72.93,71.64,72.05,1478800,65.11
2009-07-27,71.89,72.59,71.19,72.30,893400,65.34
2009-07-24,71.09,71.87,71.00,71.74,1025600,64.83
2009-07-23,69.73,71.82,69.73,71.42,2035800,64.55
2009-07-22,70.07,70.82,69.74,69.91,1819000,63.18
2009-07-21,69.91,70.46,69.39,69.98,1419300,63.24
2009-07-20,69.70,69.75,68.95,69.66,939900,62.95
2009-07-17,70.77,71.06,69.09,69.49,1358000,62.80
2009-07-16,70.82,71.41,70.40,70.89,1802000,64.07
2009-07-15,70.05,70.86,69.50,70.83,1475700,64.01
2009-07-14,69.01,69.81,68.71,69.73,1133300,63.02
2009-07-13,68.01,69.21,67.55,69.08,1273200,62.43
2009-07-10,67.72,68.29,67.50,67.73,1158000,61.21
2009-07-09,68.81,68.89,67.75,68.15,1282900,61.59
2009-07-08,69.45,69.78,68.20,68.67,1370200,62.06
2009-07-07,70.22,70.62,69.28,69.41,1075900,62.73
2009-07-06,68.94,70.43,68.75,70.33,985000,63.56
2009-07-02,70.40,70.40,69.05,69.05,1232600,62.40
2009-07-01,71.50,71.55,70.20,70.70,1202800,63.89
2009-06-30,71.76,71.76,70.65,71.31,1632700,64.45
2009-06-29,71.19,71.94,70.01,71.71,1079200,64.81
2009-06-26,70.88,71.24,70.33,70.94,1257200,64.11
2009-06-25,68.26,71.15,67.98,70.91,1798000,64.08
2009-06-24,68.50,69.19,68.01,68.50,1051300,61.91
2009-06-23,68.59,69.09,67.95,68.25,1003700,61.68
2009-06-22,68.44,68.87,67.81,68.23,1228000,61.66
2009-06-19,69.36,70.31,67.45,69.15,1821600,62.49
2009-06-18,68.03,69.78,67.85,69.31,1176400,62.64
2009-06-17,66.92,68.97,66.92,68.07,1311900,61.52
2009-06-16,67.13,67.45,66.91,66.96,1608100,60.51
2009-06-15,67.96,68.21,67.00,67.13,1125400,60.67
2009-06-12,67.72,68.87,67.72,68.35,1323800,61.77
2009-06-11,67.57,69.21,67.52,68.28,1399000,61.71
2009-06-10,68.47,68.67,67.20,67.59,1589700,61.08
2009-06-09,67.60,68.50,67.20,68.01,1817300,61.46
2009-06-08,66.98,67.85,66.58,67.24,1789400,60.77
2009-06-05,67.54,67.80,67.10,67.32,1863900,60.84
2009-06-04,69.06,69.18,67.00,67.52,2617000,60.72
2009-06-03,68.52,69.07,68.08,68.94,1449400,62.00
2009-06-02,68.02,69.14,67.70,68.81,1337900,61.88
2009-06-01,67.79,68.42,67.70,68.01,1845300,61.16
2009-05-29,66.96,67.74,66.00,67.68,2117300,60.87
2009-05-28,67.25,67.71,66.73,67.00,2181400,60.25
2009-05-27,67.22,67.71,66.77,67.13,3886300,60.37
2009-05-26,65.20,67.31,64.95,67.13,1821700,60.37
2009-05-22,65.01,66.28,64.88,65.90,1183000,59.27
2009-05-21,64.97,65.25,64.41,65.03,1690200,58.48
2009-05-20,65.08,65.91,64.77,65.06,1158500,58.51
2009-05-19,64.87,65.44,64.36,64.57,1781000,58.07
2009-05-18,65.49,65.49,64.45,64.93,2813300,58.39
2009-05-15,65.90,66.25,64.96,65.16,2358800,58.60
2009-05-14,65.28,66.63,65.04,65.89,2595000,59.26
2009-05-13,63.36,65.62,63.36,65.33,2778800,58.75
2009-05-12,63.09,64.20,62.66,64.08,3977100,57.63
2009-05-11,62.23,63.17,61.81,62.54,2967300,56.24
2009-05-08,62.10,63.25,61.60,62.82,4167800,56.50
2009-05-07,62.00,62.29,61.01,61.60,3764700,55.40
2009-05-06,62.30,62.53,60.92,61.46,2767900,55.27
2009-05-05,60.81,62.25,60.40,62.16,3568500,55.90
2009-05-04,61.14,61.93,60.45,60.87,4258400,54.74
2009-05-01,60.61,61.45,60.52,61.18,3348700,55.02
2009-04-30,61.45,62.29,60.48,60.48,3846200,54.39
2009-04-29,62.72,62.72,60.56,60.92,4393200,54.79
2009-04-28,64.10,64.80,61.76,62.16,3465400,55.90
2009-04-27,62.48,65.55,62.47,64.89,2971400,58.36
2009-04-24,64.18,64.26,62.26,62.47,3070100,56.18
2009-04-23,66.50,66.79,63.08,64.03,3321700,57.58
2009-04-22,67.39,68.44,66.69,66.97,1968300,60.23
2009-04-21,67.76,69.99,67.05,67.71,1410200,60.89
2009-04-20,68.03,69.55,67.94,68.41,1562900,61.52
2009-04-17,68.00,68.80,67.36,68.28,1745600,61.41
2009-04-16,67.86,68.19,66.77,67.90,1215600,61.06
2009-04-15,68.31,68.91,66.75,67.48,1432500,60.69
2009-04-14,67.05,68.96,67.02,68.30,2296700,61.42
2009-04-13,67.10,67.77,66.62,67.25,1354800,60.48
2009-04-09,67.19,67.52,66.68,67.24,1190700,60.47
2009-04-08,65.50,66.72,65.33,66.42,1236600,59.73
2009-04-07,64.78,66.06,64.28,65.39,988000,58.81
2009-04-06,65.62,66.84,64.96,65.46,1110100,58.87
2009-04-03,66.83,67.26,65.32,65.97,1330800,59.33
2009-04-02,67.79,68.20,66.46,66.80,1529200,60.07
2009-04-01,66.68,66.72,64.96,66.40,1880300,59.72
2009-03-31,66.95,68.36,65.86,67.24,1451900,60.47
2009-03-30,67.34,68.38,66.00,66.38,1571800,59.70
2009-03-27,65.73,68.66,65.55,68.20,1739200,61.33
2009-03-26,66.50,67.08,64.31,66.27,1905700,59.60
2009-03-25,66.60,67.60,65.56,66.41,1635400,59.72
2009-03-24,65.90,67.03,65.90,66.05,1223300,59.40
2009-03-23,65.58,66.48,64.29,66.42,1435600,59.73
2009-03-20,64.18,66.19,63.60,64.57,2385300,58.07
2009-03-19,66.32,66.32,63.00,63.90,2035700,57.47
2009-03-18,65.46,66.74,64.64,65.77,1183800,59.15
2009-03-17,65.24,65.68,64.48,65.66,1266800,59.05
2009-03-16,65.49,66.57,65.01,65.07,1169300,58.52
2009-03-13,64.05,65.49,63.69,65.18,1893600,58.62
2009-03-12,61.94,64.05,61.17,63.95,1965600,57.51
2009-03-11,63.47,63.47,61.50,61.57,1693700,55.37
2009-03-10,63.31,63.34,62.13,62.78,2021700,56.46
2009-03-09,63.69,64.07,61.94,62.34,2439300,56.06
2009-03-06,63.67,65.04,62.95,64.15,2155900,57.69
2009-03-05,64.04,64.71,63.43,63.95,2341800,57.22
2009-03-04,65.16,66.07,64.34,65.01,1836500,58.16
2009-03-03,64.30,65.89,63.66,64.65,2616400,57.84
2009-03-02,63.42,64.70,62.06,63.71,3705100,57.00
2009-02-27,64.19,64.92,61.82,61.89,2937500,55.37
2009-02-26,67.67,68.37,65.06,65.10,1287900,58.24
2009-02-25,68.80,68.80,66.85,67.63,1824000,60.51
2009-02-24,68.16,69.98,67.51,68.64,2036400,61.41
2009-02-23,70.31,70.31,68.27,68.65,1816200,61.42
2009-02-20,69.33,70.32,69.07,69.61,2235100,62.28
2009-02-19,68.64,70.58,68.64,69.78,1258200,62.43
2009-02-18,70.13,70.19,69.12,69.53,1026400,62.21
2009-02-17,69.90,70.45,69.01,69.59,1483300,62.26
2009-02-13,71.35,71.44,70.35,70.64,1204000,63.20
2009-02-12,70.17,71.27,69.60,71.27,1547600,63.76
2009-02-11,70.50,71.32,70.08,70.89,1503200,63.42
2009-02-10,72.15,72.82,70.27,70.69,1759000,63.25
2009-02-09,74.20,74.23,71.80,72.82,1563900,65.15
2009-02-06,74.52,74.81,73.58,74.09,1303200,66.29
2009-02-05,73.55,74.61,73.41,74.05,1510300,66.25
2009-02-04,74.00,75.61,73.28,73.87,1713300,66.09
2009-02-03,72.63,74.06,72.39,73.80,1866500,66.03
2009-02-02,72.09,73.54,71.55,72.82,1937400,65.15
2009-01-30,71.48,73.23,71.12,72.67,2389000,65.02
2009-01-29,69.57,72.17,69.27,71.33,3392100,63.82
2009-01-28,76.98,77.11,69.21,70.05,5896900,62.67
2009-01-27,73.49,74.62,72.75,74.15,1847400,66.34
2009-01-26,71.80,73.49,71.56,72.49,2115000,64.86
2009-01-23,72.96,72.96,70.74,71.43,2468000,63.91
2009-01-22,71.46,73.87,71.35,73.65,1815400,65.89
2009-01-21,71.86,72.48,70.20,72.28,1988300,64.67
2009-01-20,72.47,73.39,70.84,70.96,1620900,63.49
2009-01-16,72.00,72.89,71.57,72.52,1589500,64.88
2009-01-15,70.60,71.41,69.52,71.35,1912700,63.84
2009-01-14,71.17,71.64,70.34,71.02,1748500,63.54
2009-01-13,71.00,72.86,70.80,72.04,1807600,64.45
2009-01-12,71.01,72.43,70.53,71.00,1760900,63.52
2009-01-09,70.45,72.99,70.45,71.28,2288700,63.77
2009-01-08,67.30,69.29,66.91,69.11,1540200,61.83
2009-01-07,67.62,68.45,67.27,67.66,1853700,60.53
2009-01-06,69.31,70.59,68.10,68.38,1503400,61.18
2009-01-05,69.68,69.98,68.46,69.11,1042600,61.83
2009-01-02,68.59,70.04,67.70,69.86,1115400,62.50
2008-12-31,67.72,68.99,67.37,68.39,1258500,61.19
2008-12-30,65.91,67.72,65.80,67.71,731800,60.58
2008-12-29,66.41,66.41,65.13,65.67,721600,58.75
2008-12-26,66.25,66.52,65.73,66.41,433800,59.42
2008-12-24,66.13,66.50,65.50,65.74,693400,58.82
2008-12-23,67.60,67.97,66.11,66.27,1013500,59.29
2008-12-22,66.63,67.43,66.18,67.43,1123100,60.33
2008-12-19,67.28,68.24,65.91,66.74,2140200,59.71
2008-12-18,67.99,69.55,66.74,67.52,1561100,60.41
2008-12-17,67.21,68.67,66.31,67.40,1407100,60.30
2008-12-16,66.48,68.31,65.70,68.24,2143500,61.05
2008-12-15,63.86,66.46,63.19,65.72,2170800,58.80
2008-12-12,63.23,64.51,62.86,63.99,1433600,57.25
2008-12-11,62.93,65.56,62.53,64.48,1423700,57.69
2008-12-10,63.40,63.97,62.38,63.29,1532200,56.62
2008-12-09,64.97,64.97,62.44,62.93,1872000,56.01
2008-12-08,66.50,66.98,64.39,64.96,1989100,57.81
2008-12-05,61.88,65.48,61.15,65.25,1719800,58.07
2008-12-04,63.99,65.24,61.89,62.72,1318400,55.82
2008-12-03,63.22,65.04,61.80,64.94,1768800,57.80
2008-12-02,62.30,63.42,61.87,63.25,2227700,56.29
2008-12-01,62.50,63.31,61.93,62.03,2190300,55.21
2008-11-28,63.45,64.30,62.43,63.53,632200,56.54
2008-11-26,61.57,63.69,61.26,63.59,2029300,56.59
2008-11-25,63.66,64.77,62.01,62.50,2206900,55.62
2008-11-24,61.94,63.69,61.46,62.72,2278800,55.82
2008-11-21,60.24,61.36,58.14,61.13,3194500,54.41
2008-11-20,61.64,63.25,59.62,60.26,3699400,53.63
2008-11-19,66.05,67.00,61.92,61.92,2506800,55.11
2008-11-18,64.74,66.35,64.02,66.03,2067300,58.77
2008-11-17,67.05,68.02,64.98,64.98,1937900,57.83
2008-11-14,69.07,70.47,67.36,67.69,2392600,60.24
2008-11-13,67.27,70.53,65.99,70.21,3293100,62.49
2008-11-12,67.34,68.16,66.29,67.07,1582300,59.69
2008-11-11,69.94,70.36,67.85,68.27,1466700,60.76
2008-11-10,71.99,72.56,69.89,70.77,1248400,62.98
2008-11-07,68.96,71.18,68.36,70.73,1724100,62.95
2008-11-06,69.70,70.35,67.82,68.37,2211100,60.85
2008-11-05,67.93,71.65,67.66,70.00,2058900,62.30
2008-11-04,70.54,71.43,68.88,70.27,2658600,62.54
2008-11-03,69.37,69.76,68.36,69.39,1438500,61.76
2008-10-31,68.27,70.27,66.90,69.40,1993200,61.77
2008-10-30,67.50,68.60,66.53,68.24,1846300,60.73
2008-10-29,65.55,68.51,65.03,66.17,2644100,58.89
2008-10-28,65.23,65.75,63.13,65.53,3249300,58.32
2008-10-27,66.15,66.79,63.92,63.92,1877000,56.89
2008-10-24,67.00,68.43,64.02,66.94,2669200,59.58
2008-10-23,70.28,72.89,67.50,70.06,2709800,62.35
2008-10-22,70.49,71.48,68.82,70.13,2317300,62.42
2008-10-21,72.65,73.43,71.36,71.52,1228000,63.65
2008-10-20,72.06,72.66,70.25,72.36,1408400,64.40
2008-10-17,73.70,73.70,68.58,71.34,1812000,63.49
2008-10-16,70.34,71.58,66.92,71.35,1954100,63.50
2008-10-15,73.50,73.75,70.28,70.41,1682600,62.66
2008-10-14,76.65,77.45,73.39,74.82,2017400,66.59
2008-10-13,69.24,74.13,68.12,74.00,1818600,65.86
2008-10-10,70.26,71.10,65.04,67.50,4197600,60.07
2008-10-09,77.00,78.04,72.00,72.29,3330500,64.34
2008-10-08,75.38,77.92,74.70,77.52,3111700,68.99
2008-10-07,78.80,79.17,75.90,75.90,2656800,67.55
2008-10-06,79.23,80.20,76.43,78.00,2455200,69.42
2008-10-03,81.03,81.88,79.91,80.24,1937700,71.41
2008-10-02,79.88,80.45,79.15,79.80,1425400,71.02
2008-10-01,79.81,80.65,79.51,80.18,1322200,71.36
2008-09-30,80.39,81.28,79.46,80.26,1548900,71.43
2008-09-29,81.81,82.97,79.42,79.48,1763300,70.74
2008-09-26,82.62,82.70,81.47,82.36,934600,73.30
2008-09-25,82.28,83.57,81.48,82.70,1234100,73.60
2008-09-24,80.59,82.05,80.22,81.77,926000,72.77
2008-09-23,80.03,81.54,79.77,80.66,1844700,71.79
2008-09-22,81.67,82.70,80.23,80.23,1369600,71.40
2008-09-19,82.05,84.81,80.51,82.50,2146300,73.42
2008-09-18,78.94,80.46,76.02,80.46,3351000,71.61
2008-09-17,80.00,80.44,78.71,78.71,2172200,70.05
2008-09-16,80.65,82.58,79.50,81.00,1806200,72.09
2008-09-15,80.63,83.28,80.61,81.71,1346400,72.72
2008-09-12,83.32,83.32,81.38,81.96,1632400,72.94
2008-09-11,82.80,83.51,81.16,83.39,2797900,74.22
2008-09-10,86.80,86.86,83.86,84.11,2163300,74.86
2008-09-09,87.92,88.36,86.51,86.51,1099500,76.99
2008-09-08,86.50,87.43,85.95,87.36,1011100,77.75
2008-09-05,85.07,85.85,84.66,85.04,1003800,75.68
2008-09-04,87.16,87.41,85.56,85.78,929400,76.09
2008-09-03,87.41,87.93,86.78,87.66,989000,77.76
2008-09-02,88.05,89.24,87.39,87.63,1255300,77.73
2008-08-29,87.61,88.14,86.88,87.38,855300,77.51
2008-08-28,87.99,88.07,87.38,87.54,1138600,77.65
2008-08-27,88.00,88.16,87.03,87.64,580900,77.74
2008-08-26,87.48,88.23,87.03,88.02,654400,78.08
2008-08-25,88.32,88.32,87.27,87.53,736200,77.64
2008-08-22,88.43,88.62,88.06,88.49,702700,78.49
2008-08-21,86.72,88.19,86.72,87.98,1178800,78.04
2008-08-20,87.83,87.83,86.50,87.07,1309600,77.23
2008-08-19,87.32,87.64,86.95,87.47,1390500,77.59
2008-08-18,87.51,88.12,87.11,87.41,1066900,77.54
2008-08-15,86.62,87.55,86.54,87.55,1079200,77.66
2008-08-14,86.49,87.28,85.74,86.63,948600,76.84
2008-08-13,86.40,87.49,86.34,87.18,1101000,77.33
2008-08-12,86.87,86.98,85.86,86.35,1431100,76.60
2008-08-11,87.22,87.33,86.22,87.16,1340400,77.31
2008-08-08,85.41,87.91,85.22,87.41,1851800,77.54
2008-08-07,84.41,85.77,84.32,85.35,1653500,75.71
2008-08-06,84.55,85.83,83.65,85.32,1682300,75.68
2008-08-05,85.02,85.58,83.23,84.61,1827900,75.05
2008-08-04,83.96,85.06,83.30,84.67,1108300,75.11
2008-08-01,85.00,85.84,83.71,83.86,1102900,74.39
2008-07-31,85.82,86.00,84.63,84.91,1501400,75.32
2008-07-30,84.94,85.87,84.83,85.74,1087500,76.05
2008-07-29,84.98,85.28,84.38,84.75,1804600,75.18
2008-07-28,84.99,85.59,84.65,84.98,1799500,75.38
2008-07-25,86.82,86.82,84.79,85.01,2205200,75.41
2008-07-24,85.90,87.96,84.80,86.28,3082000,76.53
2008-07-23,85.43,85.75,84.72,85.60,2311100,75.93
2008-07-22,83.52,85.47,83.50,85.47,1928900,75.81
2008-07-21,84.80,85.21,83.71,83.95,1440200,74.47
2008-07-18,83.00,85.15,83.00,84.63,1728800,75.07
2008-07-17,82.47,84.22,81.66,83.59,2019400,74.15
2008-07-16,80.15,82.04,79.78,82.01,3214400,72.75
2008-07-15,79.70,80.30,79.30,79.90,4973100,70.87
2008-07-14,81.68,81.68,79.74,79.79,2317700,70.78
2008-07-11,82.20,82.32,80.93,81.17,2518100,72.00
2008-07-10,82.05,83.41,82.00,82.98,3357700,73.61
2008-07-09,81.92,82.12,80.16,81.30,1904000,72.12
2008-07-08,81.21,81.64,80.45,81.54,3646300,72.33
2008-07-07,82.56,82.65,80.55,81.21,1447500,72.04
2008-07-03,83.00,83.00,81.76,82.35,599400,73.05
2008-07-02,83.29,83.31,81.84,82.29,1195800,72.99
2008-07-01,81.26,83.00,80.29,82.96,2987800,73.59
2008-06-30,79.37,81.77,79.16,81.30,1978900,72.12
2008-06-27,78.85,80.03,78.85,79.80,2544500,70.79
2008-06-26,78.34,79.67,78.09,78.79,1574400,69.89
2008-06-25,78.25,79.72,78.04,79.27,1613100,70.32
2008-06-24,78.81,79.00,77.42,77.93,1801100,69.13
2008-06-23,79.30,79.37,78.38,78.94,1064500,70.02
2008-06-20,79.69,80.06,78.66,79.04,1287900,70.11
2008-06-19,78.54,79.73,78.23,79.68,1656000,70.68
2008-06-18,79.81,79.87,78.79,78.89,1799800,69.98
2008-06-17,81.90,82.19,79.93,80.16,1442800,71.10
2008-06-16,82.19,82.35,81.54,81.82,1079200,72.58
2008-06-13,81.95,82.63,81.33,82.56,950500,73.23
2008-06-12,81.63,82.21,80.87,81.33,1005800,72.14
2008-06-11,82.62,82.77,81.38,81.39,1121100,72.20
2008-06-10,82.40,83.20,81.65,83.20,1103100,73.80
2008-06-09,82.80,83.22,81.74,82.58,883100,73.25
2008-06-06,83.61,84.09,82.53,82.53,989000,73.21
2008-06-05,84.26,84.57,83.25,84.53,880800,74.98
2008-06-04,82.12,84.82,82.12,84.13,1203700,74.37
2008-06-03,84.49,84.49,82.30,82.52,1351600,72.95
2008-06-02,84.29,84.86,83.27,84.08,858400,74.33
2008-05-30,85.25,85.42,84.00,84.45,1058600,74.66
2008-05-29,84.49,85.88,84.49,85.64,989900,75.71
2008-05-28,84.94,85.54,84.09,84.48,1178900,74.68
2008-05-27,83.90,84.87,83.42,84.68,1034100,74.86
2008-05-23,83.84,84.22,83.40,83.58,1094700,73.89
2008-05-22,84.22,84.75,83.73,84.40,960700,74.61
2008-05-21,84.10,85.05,83.29,84.45,1963900,74.66
2008-05-20,83.59,84.81,83.30,84.12,1958300,74.36
2008-05-19,84.72,84.74,83.57,83.73,1630400,74.02
2008-05-16,85.22,85.52,83.76,84.65,1934500,74.83
2008-05-15,86.53,86.53,85.15,85.65,1078600,75.72
2008-05-14,85.50,86.89,85.50,86.31,1476100,76.30
2008-05-13,88.22,88.30,85.93,86.00,1633800,76.03
2008-05-12,86.90,88.29,85.86,88.20,1172000,77.97
2008-05-09,87.45,88.15,86.45,86.99,868000,76.90
2008-05-08,87.31,88.40,86.61,88.00,894800,77.79
2008-05-07,88.96,89.26,86.66,86.76,1038500,76.70
2008-05-06,88.57,89.22,87.76,88.71,819400,78.42
2008-05-05,87.63,89.17,87.60,89.17,863400,78.83
2008-05-02,89.76,89.76,87.94,88.27,977400,78.03
2008-05-01,89.99,89.99,88.39,89.24,1317000,78.89
2008-04-30,88.97,89.91,88.89,89.40,1342300,79.03
2008-04-29,88.00,89.02,87.94,88.85,980400,78.55
2008-04-28,88.91,89.02,88.32,88.56,1344200,78.29
2008-04-25,86.80,88.54,86.80,88.20,1362500,77.97
2008-04-24,86.50,87.45,86.31,86.85,1433900,76.78
2008-04-23,87.84,87.87,84.62,86.14,2579500,76.15
2008-04-22,85.78,86.15,84.33,84.58,960900,74.77
2008-04-21,84.00,86.01,84.00,85.81,1405000,75.86
2008-04-18,82.50,84.83,81.95,84.32,1827700,74.54
2008-04-17,83.82,84.00,81.56,81.63,1823800,72.16
2008-04-16,84.15,84.15,83.38,83.89,1353600,74.16
2008-04-15,84.83,84.90,83.56,83.84,822100,74.12
2008-04-14,85.00,85.12,84.17,84.46,549500,74.67
2008-04-11,84.79,85.54,84.79,85.05,750500,75.19
2008-04-10,85.72,86.10,85.34,85.63,638200,75.70
2008-04-09,86.20,86.81,85.42,85.71,814200,75.77
2008-04-08,84.07,86.25,84.07,86.05,1077300,76.07
2008-04-07,86.50,86.80,83.91,84.50,2010300,74.70
2008-04-04,84.15,86.89,84.15,86.07,1757900,76.09
2008-04-03,85.00,85.48,83.94,84.19,1736000,74.43
2008-04-02,87.67,87.74,85.02,85.06,1712400,75.20
2008-04-01,86.31,87.86,86.31,87.25,2250500,77.13
2008-03-31,87.00,87.00,85.17,85.85,1779300,75.89
2008-03-28,87.95,88.71,87.04,87.23,696600,77.11
2008-03-27,87.36,88.55,87.23,87.79,1057100,77.61
2008-03-26,88.90,88.96,87.02,87.02,1889100,76.93
2008-03-25,89.00,89.57,88.82,88.97,1249400,78.65
2008-03-24,88.49,89.24,88.38,89.07,896500,78.74
2008-03-20,88.68,88.68,87.50,88.31,1818900,78.07
2008-03-19,90.00,91.00,88.17,88.25,1779500,78.02
2008-03-18,86.42,88.41,85.73,88.37,1890900,78.12
2008-03-17,83.72,85.69,83.72,84.98,1256000,75.12
2008-03-14,86.22,86.26,83.85,85.38,1612600,75.48
2008-03-13,86.20,86.45,84.69,85.77,1892500,75.82
2008-03-12,85.30,87.05,85.25,86.39,1262700,76.37
2008-03-11,85.75,85.75,84.09,84.90,1686900,75.05
2008-03-10,85.86,86.23,83.96,84.03,2204200,74.29
2008-03-07,85.95,87.00,85.92,86.10,1867300,76.11
2008-03-06,88.97,88.97,86.69,86.69,1615100,76.64
2008-03-05,90.50,90.50,88.60,89.33,1802400,78.72
2008-03-04,89.65,90.76,89.35,90.52,1760300,79.77
2008-03-03,90.25,90.61,89.41,90.19,1233200,79.48
2008-02-29,91.04,91.28,90.28,90.42,1175000,79.68
2008-02-28,90.95,92.12,90.95,91.67,2126000,80.78
2008-02-27,91.37,91.60,90.63,91.43,1627200,80.57
2008-02-26,91.37,92.00,91.00,91.74,1408900,80.84
2008-02-25,90.00,91.82,90.00,91.63,1531300,80.75
2008-02-22,89.15,90.03,88.46,89.91,1101900,79.23
2008-02-21,90.02,90.47,88.76,88.96,1245900,78.39
2008-02-20,89.65,90.03,88.46,90.03,1770100,79.34
2008-02-19,91.21,91.21,89.45,89.87,1494100,79.19
2008-02-15,90.83,91.19,89.84,90.36,1944100,79.63
2008-02-14,91.26,91.50,90.67,91.00,1626900,80.19
2008-02-13,91.01,91.39,89.71,90.92,1290800,80.12
2008-02-12,90.00,90.47,89.10,90.47,1483600,79.72
2008-02-11,90.10,90.10,88.46,89.32,1543600,78.71
2008-02-08,88.75,90.00,87.88,89.95,1974900,79.26
2008-02-07,87.26,89.60,86.91,89.59,2661200,78.95
2008-02-06,87.48,88.21,86.85,87.26,1420500,76.89
2008-02-05,86.82,88.55,86.82,87.06,1650700,76.72
2008-02-04,87.19,88.65,87.03,88.20,1648100,77.72
2008-02-01,86.88,87.59,86.40,87.17,1588300,76.82
2008-01-31,83.76,86.95,83.57,86.44,2048400,76.17
2008-01-30,85.25,86.50,84.69,84.92,1623400,74.83
2008-01-29,86.73,86.85,85.58,85.72,1263000,75.54
2008-01-28,86.55,86.80,85.53,86.25,2164500,76.00
2008-01-25,87.83,87.83,85.56,86.60,2543000,76.31
2008-01-24,90.02,90.25,86.36,87.17,3177400,76.82
2008-01-23,84.50,85.29,83.09,84.64,2359200,74.59
2008-01-22,83.56,86.37,81.06,85.36,2848100,75.22
2008-01-18,90.00,90.17,87.36,87.62,2309400,77.21
2008-01-17,91.75,92.73,89.49,89.59,2127600,78.95
2008-01-16,91.07,93.24,91.07,92.34,1616000,81.37
2008-01-15,91.00,92.33,91.00,91.30,2174300,80.45
2008-01-14,91.40,91.95,90.58,91.59,1519800,80.71
2008-01-11,88.87,91.87,88.69,91.21,1807100,80.38
2008-01-10,90.28,90.77,89.40,89.52,1998400,78.89
2008-01-09,88.52,91.06,88.04,91.06,2471900,80.24
2008-01-08,90.62,91.20,88.51,88.68,2931300,78.15
2008-01-07,88.12,90.40,87.89,90.35,2495400,79.62
2008-01-04,88.14,88.63,87.56,87.76,1665200,77.33
2008-01-03,87.02,88.20,86.46,88.19,2849500,77.71
2008-01-02,84.95,88.17,84.95,86.78,2501100,76.47
