Date,Open,High,Low,Close,Volume,Adj Close
2013-12-31,67.70,68.17,67.70,68.06,354600,67.88
2013-12-30,67.36,67.97,67.23,67.64,369900,67.46
2013-12-27,67.19,67.42,67.01,67.29,225500,67.11
2013-12-26,67.20,67.30,66.80,67.18,310400,67.00
2013-12-24,67.08,67.32,66.90,67.08,105100,66.90
2013-12-23,67.58,67.71,67.02,67.14,433300,66.96
2013-12-20,67.34,67.44,66.99,67.34,754700,67.16
2013-12-19,66.93,67.34,66.70,66.94,488600,66.76
2013-12-18,66.10,67.29,65.20,67.27,787200,67.09
2013-12-17,66.29,66.55,65.93,66.19,699400,66.01
2013-12-16,66.03,66.59,65.88,65.93,463600,65.75
2013-12-13,66.04,66.11,65.43,65.77,1115300,65.59
2013-12-12,67.14,67.16,65.72,65.94,964800,65.76
2013-12-11,67.40,67.92,67.19,67.38,1269300,67.20
2013-12-10,67.20,67.33,66.86,67.23,776500,67.05
2013-12-09,66.83,67.46,66.41,67.45,1123600,67.27
2013-12-06,66.75,66.75,65.89,66.71,905600,66.53
2013-12-05,66.53,66.80,65.83,66.15,673800,65.97
2013-12-04,66.58,66.75,65.66,66.65,463600,66.47
2013-12-03,66.19,66.94,66.06,66.80,361100,66.62
2013-12-02,67.50,67.50,66.43,66.55,490000,66.37
2013-11-29,67.74,67.89,67.40,67.53,230600,67.35
2013-11-27,67.09,67.83,66.71,67.73,390700,67.55
2013-11-26,67.40,67.55,66.90,66.99,705400,66.81
2013-11-25,67.91,68.12,67.38,67.63,353000,67.45
2013-11-22,67.90,68.11,67.51,67.85,404800,67.67
2013-11-21,67.69,68.25,67.51,67.98,470100,67.80
2013-11-20,67.61,68.23,67.28,67.38,580100,67.20
2013-11-19,67.62,68.25,67.53,67.64,899700,67.46
2013-11-18,68.01,68.22,67.51,67.66,411200,67.48
2013-11-15,68.45,68.74,67.57,68.02,350000,67.84
2013-11-14,68.03,68.54,67.79,68.27,474000,68.09
2013-11-13,67.26,67.87,66.67,67.86,460600,67.68
2013-11-12,67.62,67.88,67.32,67.44,334100,67.26
2013-11-11,68.20,68.72,67.38,67.87,408900,67.69
2013-11-08,67.25,68.13,67.02,68.12,712100,67.94
2013-11-07,68.50,68.50,67.09,67.54,885000,67.36
2013-11-06,67.07,68.70,67.07,68.59,1122400,68.40
2013-11-05,67.00,67.45,66.72,66.99,1252100,66.81
2013-11-04,67.09,67.38,66.92,67.14,1071900,66.96
2013-11-01,67.24,67.51,66.29,67.01,988700,66.60
2013-10-31,66.11,67.89,65.21,67.30,2043600,66.89
2013-10-30,70.28,70.35,67.72,67.83,1744600,67.42
2013-10-29,69.56,70.34,69.50,70.30,803900,69.87
2013-10-28,68.73,69.70,68.59,69.48,844300,69.06
2013-10-25,68.18,68.78,68.16,68.65,627700,68.23
2013-10-24,69.70,69.90,68.16,68.18,738600,67.77
2013-10-23,69.74,70.01,69.35,69.44,631300,69.02
2013-10-22,69.98,70.63,69.64,69.89,595100,69.47
2013-10-21,69.95,69.97,69.46,69.76,361800,69.34
2013-10-18,69.50,69.94,68.95,69.83,991600,69.41
2013-10-17,68.04,69.66,67.97,69.61,766600,69.19
2013-10-16,67.76,68.30,67.62,68.19,638900,67.78
2013-10-15,68.16,68.22,67.03,67.23,466800,66.82
2013-10-14,67.93,68.42,67.70,68.33,660100,67.92
2013-10-11,67.42,68.28,67.33,68.26,671800,67.85
2013-10-10,66.80,67.39,66.68,67.38,676600,66.97
2013-10-09,66.88,67.07,66.26,66.42,1168600,66.02
2013-10-08,67.30,67.68,66.73,66.75,1575500,66.35
2013-10-07,66.58,67.55,66.51,67.26,999900,66.85
2013-10-04,66.54,68.08,66.51,67.17,1605000,66.76
2013-10-03,66.69,66.88,65.90,66.59,1211800,66.19
2013-10-02,65.52,67.00,64.92,66.81,1681800,66.41
2013-10-01,64.47,65.72,64.42,65.72,759800,65.32
2013-09-30,63.99,65.00,63.80,64.65,1027300,64.26
2013-09-27,64.12,64.92,64.02,64.37,714100,63.98
2013-09-26,64.64,64.98,64.08,64.51,881800,64.12
2013-09-25,65.16,65.21,64.39,64.81,1279600,64.42
2013-09-24,65.56,65.69,64.96,65.02,843300,64.63
2013-09-23,65.51,65.90,65.30,65.66,566700,65.26
2013-09-20,66.56,66.64,65.71,65.74,1050300,65.34
2013-09-19,67.00,67.21,66.30,66.39,1264800,65.99
2013-09-18,65.75,67.00,65.18,66.92,1036700,66.51
2013-09-17,65.50,65.95,65.47,65.71,412500,65.31
2013-09-16,65.60,66.12,65.39,65.44,500100,65.04
2013-09-13,65.20,65.40,65.06,65.30,713000,64.90
2013-09-12,65.28,65.35,64.85,65.12,709200,64.73
2013-09-11,64.96,65.27,64.65,65.27,576900,64.87
2013-09-10,64.62,65.11,64.58,64.96,948500,64.57
2013-09-09,63.70,64.55,63.70,64.43,1128300,64.04
2013-09-06,63.64,63.83,62.91,63.75,1213100,63.36
2013-09-05,62.51,63.49,62.51,63.32,939200,62.94
2013-09-04,61.72,63.17,61.38,62.56,898500,62.18
2013-09-03,63.00,63.39,61.87,62.18,959200,61.80
2013-08-30,62.40,62.75,62.21,62.65,1008400,62.27
2013-08-29,60.86,62.52,60.86,62.41,996300,62.03
2013-08-28,61.33,61.70,60.82,61.08,832300,60.71
2013-08-27,61.55,61.81,60.92,61.42,684600,61.05
2013-08-26,62.15,62.30,61.75,61.99,485000,61.61
2013-08-23,62.50,62.79,61.99,62.12,587900,61.74
2013-08-22,61.81,62.66,61.55,62.47,394700,62.09
2013-08-21,62.20,62.50,61.77,61.82,587500,61.45
2013-08-20,61.98,62.80,61.59,62.52,773700,62.14
2013-08-19,62.00,62.39,61.64,61.67,522500,61.30
2013-08-16,62.20,62.56,61.80,62.20,711500,61.82
2013-08-15,62.67,62.67,62.00,62.08,688700,61.70
2013-08-14,63.50,63.85,62.95,63.10,1106400,62.72
2013-08-13,64.12,64.44,63.61,63.74,804100,63.35
2013-08-12,64.76,65.15,63.77,64.02,989700,63.63
2013-08-09,65.58,66.27,65.53,65.68,1054200,65.06
2013-08-08,65.33,66.87,64.68,66.28,1886100,65.65
2013-08-07,64.95,65.19,64.42,64.43,812600,63.82
2013-08-06,65.67,65.94,65.08,65.21,567400,64.59
2013-08-05,65.74,66.17,65.58,65.80,337600,65.18
2013-08-02,65.57,66.13,65.13,65.77,487800,65.15
2013-08-01,65.39,66.00,65.28,65.81,568300,65.19
2013-07-31,64.33,65.43,64.33,64.99,660400,64.38
2013-07-30,64.21,64.81,63.99,64.12,451800,63.51
2013-07-29,64.50,64.70,63.83,63.95,537100,63.35
2013-07-26,64.77,64.94,63.89,64.77,461500,64.16
2013-07-25,64.19,65.50,63.81,65.23,642000,64.61
2013-07-24,65.16,65.49,64.04,64.19,531400,63.58
2013-07-23,65.64,65.83,64.95,65.07,343000,64.45
2013-07-22,65.33,65.88,64.79,65.64,572100,65.02
2013-07-19,65.44,65.50,64.95,65.39,381600,64.77
2013-07-18,65.44,65.95,65.33,65.49,343100,64.87
2013-07-17,65.18,65.59,65.07,65.39,483600,64.77
2013-07-16,64.75,65.30,64.40,64.82,345400,64.21
2013-07-15,65.09,65.48,64.92,64.99,531100,64.38
2013-07-12,64.50,65.35,64.50,65.27,611900,64.65
2013-07-11,64.12,64.65,64.00,64.55,547200,63.94
2013-07-10,63.23,63.54,62.66,63.27,850200,62.67
2013-07-09,63.49,64.00,62.98,63.23,975200,62.63
2013-07-08,63.58,63.84,63.02,63.24,601100,62.64
2013-07-05,63.81,64.14,63.05,63.46,368000,62.86
2013-07-03,63.58,63.85,63.25,63.53,316500,62.93
2013-07-02,63.28,63.88,62.97,63.70,648000,63.10
2013-07-01,63.51,63.83,63.04,63.23,839800,62.63
2013-06-28,62.91,63.59,62.64,63.11,880600,62.51
2013-06-27,62.83,63.49,62.71,63.11,381900,62.51
2013-06-26,62.88,63.17,62.39,62.39,585300,61.80
2013-06-25,63.30,63.30,62.08,62.25,651200,61.66
2013-06-24,62.26,63.35,61.99,62.84,637500,62.25
2013-06-21,62.20,63.20,61.70,62.88,1063900,62.29
2013-06-20,63.38,63.58,61.64,61.75,827700,61.17
2013-06-19,65.04,65.32,63.86,63.86,545700,63.26
2013-06-18,65.14,65.53,64.68,65.01,641000,64.40
2013-06-17,65.75,66.00,64.84,64.99,515900,64.38
2013-06-14,65.01,65.60,64.78,65.35,558500,64.73
2013-06-13,64.36,65.43,63.93,65.22,770900,64.60
2013-06-12,65.74,65.78,64.48,64.48,455100,63.87
2013-06-11,64.75,65.84,64.20,65.34,612400,64.72
2013-06-10,65.65,65.65,65.00,65.49,815400,64.87
2013-06-07,64.41,65.51,64.41,65.18,936900,64.56
2013-06-06,64.67,64.92,63.80,64.20,785500,63.59
2013-06-05,65.09,65.47,64.39,64.79,850200,64.18
2013-06-04,65.22,65.78,64.68,65.39,696500,64.77
2013-06-03,64.95,65.13,63.43,65.08,851700,64.46
2013-05-31,66.31,66.67,64.83,64.84,938700,64.23
2013-05-30,66.51,66.96,66.45,66.63,380400,66.00
2013-05-29,66.89,67.27,66.19,66.64,551500,66.01
2013-05-28,67.92,68.51,67.18,67.30,599000,66.66
2013-05-24,66.94,67.66,66.60,67.26,545300,66.62
2013-05-23,66.82,67.65,66.64,67.39,427900,66.75
2013-05-22,68.24,69.10,67.26,67.64,495800,67.00
2013-05-21,68.32,68.66,67.44,68.37,472700,67.72
2013-05-20,68.81,68.82,68.16,68.33,299600,67.68
2013-05-17,68.73,69.05,68.35,68.94,617500,68.29
2013-05-16,69.07,69.78,68.60,68.65,1004300,68.00
2013-05-15,68.16,68.92,68.15,68.63,696300,67.98
2013-05-14,69.01,69.01,67.62,68.43,688000,67.78
2013-05-13,67.24,67.65,67.06,67.59,353900,66.95
2013-05-10,67.04,67.64,66.86,67.51,434500,66.87
2013-05-09,67.14,67.56,66.80,67.00,1064300,66.37
2013-05-08,66.71,67.97,66.67,67.20,958700,66.56
2013-05-07,66.60,67.00,66.13,66.86,577300,66.23
2013-05-06,66.50,66.94,65.91,66.74,680900,66.11
2013-05-03,67.65,68.17,65.98,66.86,1169400,66.00
2013-05-02,64.65,67.37,64.58,66.11,1613600,65.26
2013-05-01,64.23,65.11,64.19,64.29,507200,63.47
2013-04-30,64.48,64.86,63.88,64.71,517500,63.88
2013-04-29,64.80,65.12,64.24,64.63,438700,63.80
2013-04-26,64.13,64.57,63.92,64.49,449600,63.67
2013-04-25,64.91,65.05,64.05,64.20,760800,63.38
2013-04-24,65.55,65.87,64.58,64.64,698600,63.81
2013-04-23,64.79,65.58,64.40,65.55,644100,64.71
2013-04-22,64.75,64.95,64.22,64.64,531800,63.81
2013-04-19,63.76,65.03,63.67,64.87,1092200,64.04
2013-04-18,61.94,63.89,61.82,63.58,1228300,62.77
2013-04-17,62.08,62.13,61.18,61.82,853100,61.03
2013-04-16,60.98,62.42,60.95,62.41,698000,61.61
2013-04-15,61.88,61.88,60.74,60.74,775000,59.96
2013-04-12,61.81,62.20,61.56,62.13,537900,61.34
2013-04-11,61.73,62.70,61.54,62.16,694700,61.36
2013-04-10,61.65,61.76,61.18,61.73,697800,60.94
2013-04-09,61.20,61.42,60.25,61.13,778300,60.35
2013-04-08,60.50,61.14,60.22,61.14,554300,60.36
2013-04-05,61.30,61.30,60.13,60.54,1010300,59.77
2013-04-04,62.42,62.47,61.19,61.55,1863900,60.76
2013-04-03,64.31,64.40,62.28,62.44,1610400,61.64
2013-04-02,63.66,66.21,63.50,64.30,2529800,63.48
2013-04-01,63.40,63.56,62.97,63.28,324800,62.47
2013-03-28,62.68,63.61,62.34,63.54,719600,62.73
2013-03-27,62.42,62.60,62.21,62.58,330500,61.78
2013-03-26,62.77,62.85,62.27,62.76,462600,61.96
2013-03-25,62.98,63.25,62.42,62.73,391300,61.93
2013-03-22,62.85,63.12,62.48,62.80,413000,62.00
2013-03-21,63.07,63.65,62.77,62.94,423800,62.13
2013-03-20,63.28,63.77,62.95,63.42,514700,62.61
2013-03-19,62.97,63.49,62.78,62.99,964100,62.18
2013-03-18,62.32,63.20,62.12,62.98,661200,62.17
2013-03-15,62.56,63.09,62.54,62.81,979700,62.01
2013-03-14,61.65,63.15,61.55,63.00,878900,62.19
2013-03-13,61.44,61.79,61.28,61.59,540300,60.80
2013-03-12,61.33,61.52,60.93,61.37,856300,60.59
2013-03-11,60.53,61.49,60.40,61.46,941900,60.67
2013-03-08,60.85,60.96,59.72,60.51,637600,59.74
2013-03-07,61.28,61.44,60.63,60.69,637000,59.91
2013-03-06,61.85,61.85,61.07,61.21,722300,60.43
2013-03-05,61.03,61.77,60.80,61.57,482600,60.78
2013-03-04,60.87,60.87,60.19,60.87,557300,60.09
2013-03-01,60.63,61.26,60.24,61.03,680600,60.25
2013-02-28,61.19,61.51,61.00,61.03,641800,60.25
2013-02-27,60.22,61.14,60.01,61.07,538000,60.29
2013-02-26,60.67,60.88,59.66,60.19,548600,59.42
2013-02-25,62.24,62.26,60.48,60.48,869000,59.71
2013-02-22,61.58,62.05,61.24,62.03,558700,61.24
2013-02-21,61.45,61.81,61.11,61.42,556900,60.63
2013-02-20,62.44,62.63,61.39,61.46,535200,60.67
2013-02-19,61.61,62.67,61.51,62.60,1073400,61.80
2013-02-15,61.72,62.12,61.30,61.50,945500,60.71
2013-02-14,60.74,61.88,60.69,61.63,994000,60.84
2013-02-13,61.70,61.70,60.36,60.61,846700,59.83
2013-02-12,61.54,61.54,60.85,61.49,395500,60.70
2013-02-11,61.62,61.77,61.12,61.22,312500,60.44
2013-02-08,61.59,61.75,61.37,61.52,584400,60.73
2013-02-07,61.71,61.96,61.22,61.49,926900,60.70
2013-02-06,61.03,61.91,61.03,61.70,1013500,60.91
2013-02-05,60.68,61.61,60.32,61.30,1062800,60.52
2013-02-04,60.16,60.54,60.11,60.31,1200900,59.54
2013-02-01,61.14,61.59,60.36,60.95,1855000,59.95
2013-01-31,62.18,62.39,61.30,61.34,1858800,60.33
2013-01-30,62.47,62.83,62.16,62.26,1112600,61.24
2013-01-29,62.94,62.94,62.35,62.63,723600,61.60
2013-01-28,62.00,63.05,61.97,62.97,878700,61.94
2013-01-25,61.72,62.00,61.62,61.98,662200,60.96
2013-01-24,61.38,61.87,61.20,61.39,433700,60.38
2013-01-23,61.54,61.79,60.92,61.39,500200,60.38
2013-01-22,61.50,61.75,61.14,61.49,559500,60.48
2013-01-18,61.66,61.75,60.91,61.73,603600,60.72
2013-01-17,61.14,61.69,60.93,61.61,465600,60.60
2013-01-16,60.96,61.35,60.78,61.03,379800,60.03
2013-01-15,60.57,61.33,60.51,61.22,558200,60.21
2013-01-14,59.79,61.19,59.70,60.89,720600,59.89
2013-01-11,60.27,60.50,59.42,59.70,709500,58.72
2013-01-10,60.32,60.67,60.09,60.25,510200,59.26
2013-01-09,60.94,60.95,59.83,59.90,649600,58.92
2013-01-08,60.49,60.94,60.22,60.69,428000,59.69
2013-01-07,60.76,60.97,60.51,60.75,368900,59.75
2013-01-04,61.03,61.35,60.50,61.09,1032500,60.09
2013-01-03,62.31,62.36,60.77,60.93,771700,59.93
2013-01-02,61.99,62.56,61.73,62.56,911700,61.53
2012-12-31,60.05,61.12,59.84,61.09,838600,60.09
2012-12-28,60.57,60.90,60.04,60.05,548100,59.06
2012-12-27,60.66,61.07,60.01,60.94,567200,59.94
2012-12-26,61.37,61.38,60.09,60.66,596700,59.66
2012-12-24,61.02,61.57,60.74,61.43,249400,60.42
2012-12-21,61.34,61.69,60.50,61.28,1235400,60.27
2012-12-20,61.27,61.59,61.02,61.53,708200,60.52
2012-12-19,61.67,61.67,61.16,61.16,757100,60.15
2012-12-18,61.92,61.95,61.39,61.64,759900,60.63
2012-12-17,61.21,61.92,60.97,61.86,1725700,60.84
2012-12-14,61.21,61.50,60.90,61.06,1102500,60.06
2012-12-13,61.40,61.74,61.10,61.42,1083400,60.41
2012-12-12,61.59,61.92,61.20,61.39,1067200,60.38
2012-12-11,60.10,62.19,60.10,61.56,2261600,60.55
2012-12-10,59.82,60.18,59.08,59.90,1151700,58.92
2012-12-07,58.89,59.81,58.89,59.73,1081700,58.75
2012-12-06,57.54,58.99,57.54,58.83,1581600,57.86
2012-12-05,56.92,57.77,56.34,57.74,1446500,56.79
2012-12-04,56.19,56.88,56.13,56.76,1398700,55.83
2012-12-03,56.31,56.62,56.03,56.57,1399200,55.64
2012-11-30,55.70,56.29,55.61,56.11,1070000,55.19
2012-11-29,54.51,55.61,54.22,55.60,977600,54.69
2012-11-28,53.07,54.17,52.88,54.16,1012700,53.27
2012-11-27,54.38,54.68,53.11,53.16,2477700,52.29
2012-11-26,55.27,55.84,54.22,54.43,1321200,53.54
2012-11-23,54.94,55.51,54.72,55.51,256200,54.60
2012-11-21,54.64,54.93,54.38,54.71,379500,53.81
2012-11-20,54.24,55.06,54.04,54.68,1027700,53.78
2012-11-19,53.99,54.36,53.71,54.30,763300,53.41
2012-11-16,54.99,54.99,53.07,53.44,825500,52.56
2012-11-15,53.83,53.99,53.38,53.65,842700,52.77
2012-11-14,54.60,54.93,53.60,53.85,769500,52.96
2012-11-13,54.41,55.11,54.16,54.55,805300,53.65
2012-11-12,54.56,54.65,54.18,54.53,684200,53.63
2012-11-09,54.26,55.00,52.69,54.50,1487400,53.60
2012-11-08,55.79,55.97,54.49,54.50,656500,53.60
2012-11-07,56.93,57.21,55.91,55.91,817700,54.99
2012-11-06,57.17,57.72,56.87,57.43,567200,56.49
2012-11-05,56.95,57.29,56.60,57.09,715300,56.15
2012-11-02,56.80,58.75,56.80,57.15,994600,56.01
2012-11-01,55.45,56.15,55.04,55.58,1356700,54.47
2012-10-31,56.08,56.29,55.52,55.56,689900,54.45
2012-10-26,56.55,56.61,55.66,55.69,496000,54.58
2012-10-25,56.84,56.84,56.01,56.48,499600,55.35
2012-10-24,56.00,56.39,55.72,55.97,695100,54.85
2012-10-23,55.82,55.88,55.09,55.80,702300,54.69
2012-10-22,55.94,56.96,55.43,56.23,1128800,55.11
2012-10-19,56.90,56.90,55.24,55.30,855400,54.20
2012-10-18,57.49,57.70,56.90,56.91,549400,55.77
2012-10-17,57.04,57.49,57.04,57.49,633200,56.34
2012-10-16,57.08,57.32,56.74,57.30,1570900,56.16
2012-10-15,56.96,57.08,56.54,57.05,867600,55.91
2012-10-12,56.93,57.08,56.29,56.80,665700,55.67
2012-10-11,57.60,57.70,56.51,56.53,800000,55.40
2012-10-10,58.57,58.57,57.26,57.31,1007300,56.17
2012-10-09,59.20,59.32,58.53,58.55,446400,57.38
2012-10-08,59.22,59.36,58.78,59.21,272500,58.03
2012-10-05,59.52,59.96,59.00,59.27,439600,58.09
2012-10-04,59.75,59.95,59.22,59.42,373400,58.23
2012-10-03,59.01,59.83,58.60,59.75,874500,58.56
2012-10-02,58.07,59.17,58.02,58.72,711500,57.55
2012-10-01,57.63,58.18,57.43,58.10,560700,56.94
2012-09-28,57.18,57.69,57.03,57.54,550300,56.39
2012-09-27,56.90,57.64,56.78,57.50,384100,56.35
2012-09-26,57.36,57.79,56.72,56.76,353300,55.63
2012-09-25,57.98,58.26,57.20,57.29,389100,56.15
2012-09-24,57.47,57.96,57.38,57.71,425500,56.56
2012-09-21,57.61,58.09,57.57,57.76,1161600,56.61
2012-09-20,57.44,57.79,57.01,57.51,779400,56.36
2012-09-19,57.70,58.19,57.26,57.81,821600,56.66
2012-09-18,58.05,58.08,57.62,57.70,1003600,56.55
2012-09-17,58.97,59.03,57.98,58.08,772300,56.92
2012-09-14,59.84,59.84,58.83,58.97,652000,57.79
2012-09-13,59.19,59.68,58.64,59.40,773000,58.21
2012-09-12,60.16,60.21,59.33,59.47,572300,58.28
2012-09-11,60.37,60.67,59.93,60.13,334500,58.93
2012-09-10,60.93,60.99,60.24,60.28,469400,59.08
2012-09-07,61.13,61.13,60.58,60.78,817200,59.57
2012-09-06,59.60,61.35,59.60,61.34,1052600,60.12
2012-09-05,58.97,59.48,58.72,59.34,682700,58.16
2012-09-04,58.35,59.24,58.20,59.14,859100,57.96
2012-08-31,58.38,58.83,58.09,58.36,624300,57.19
2012-08-30,58.60,58.60,57.89,58.10,473400,56.94
2012-08-29,58.37,59.37,58.25,58.83,562000,57.66
2012-08-28,57.86,58.65,57.72,58.38,400900,57.21
2012-08-27,58.21,58.48,57.91,57.99,473200,56.83
2012-08-24,57.74,58.33,57.58,58.20,619300,57.04
2012-08-23,58.37,58.39,57.63,57.90,499400,56.74
2012-08-22,57.80,58.38,57.49,58.35,741400,57.19
2012-08-21,58.56,58.61,57.52,57.81,893100,56.66
2012-08-20,59.87,59.89,58.07,58.41,1404500,57.24
2012-08-17,59.98,60.26,59.40,60.20,840300,59.00
2012-08-16,59.40,60.20,59.36,60.11,518700,58.91
2012-08-15,59.90,59.91,58.94,59.40,720900,58.21
2012-08-14,60.27,60.32,59.66,59.83,380400,58.64
2012-08-13,60.15,60.22,59.68,59.97,335300,58.77
2012-08-10,60.28,61.13,60.02,60.37,613700,59.16
2012-08-09,60.74,61.02,60.14,60.54,652700,59.33
2012-08-08,61.11,61.13,60.37,60.94,577000,59.72
2012-08-07,61.46,61.57,60.66,61.09,823700,59.87
2012-08-06,61.94,62.12,61.14,61.18,455200,59.96
2012-08-03,61.57,63.46,61.19,61.94,648800,60.50
2012-08-02,61.45,62.50,59.78,60.42,1521400,59.02
2012-08-01,63.28,63.50,61.36,61.54,754400,60.11
2012-07-31,62.63,63.20,62.41,62.88,644700,61.42
2012-07-30,63.00,63.33,62.57,62.68,412400,61.23
2012-07-27,61.61,63.50,61.47,63.04,811500,61.58
2012-07-26,61.02,61.77,60.98,61.20,563500,59.78
2012-07-25,60.55,61.00,60.21,60.23,400000,58.83
2012-07-24,60.60,61.19,60.00,60.31,480200,58.91
2012-07-23,61.01,61.27,59.75,60.56,374800,59.15
2012-07-20,62.56,62.97,61.43,61.87,529000,60.43
2012-07-19,62.87,63.24,62.71,62.97,329100,61.51
2012-07-18,62.17,63.14,62.07,62.87,451500,61.41
2012-07-17,61.76,62.45,61.63,62.39,358500,60.94
2012-07-16,61.94,62.05,61.28,61.50,265100,60.07
2012-07-13,61.28,62.17,61.10,61.94,315200,60.50
2012-07-12,61.30,61.50,60.53,61.22,375300,59.80
2012-07-11,60.64,62.05,60.49,61.75,1166900,60.32
2012-07-10,60.52,61.18,60.27,60.66,456200,59.25
2012-07-09,61.04,61.19,59.97,60.08,690000,58.69
2012-07-06,61.45,61.45,60.83,61.00,835100,59.58
2012-07-05,62.43,62.75,61.85,61.86,710100,60.42
2012-07-03,63.07,63.18,62.43,62.71,421000,61.25
2012-07-02,62.50,63.21,62.44,63.21,732900,61.74
2012-06-29,62.12,62.50,61.83,62.49,806600,61.04
2012-06-28,60.79,61.27,59.94,61.20,795500,59.78
2012-06-27,62.11,62.35,60.96,61.03,936500,59.61
2012-06-26,61.04,62.06,61.04,61.81,766000,60.38
2012-06-25,61.43,61.60,60.81,60.90,677200,59.49
2012-06-22,62.55,62.96,61.65,61.70,768500,60.27
2012-06-21,63.23,64.00,62.39,62.44,377100,60.99
2012-06-20,63.85,63.88,63.08,63.51,659700,62.04
2012-06-19,62.81,63.68,62.73,63.15,667900,61.68
2012-06-18,62.23,62.73,62.05,62.63,794000,61.18
2012-06-15,62.59,62.98,62.29,62.35,1559100,60.90
2012-06-14,61.36,62.91,61.21,62.84,767500,61.38
2012-06-13,60.86,61.81,60.68,61.09,1160600,59.67
2012-06-12,60.77,61.15,60.30,60.93,758700,59.52
2012-06-11,61.66,61.75,60.52,60.53,676000,59.13
2012-06-08,60.69,61.64,60.37,61.25,876000,59.83
2012-06-07,61.00,61.28,60.52,60.60,700200,59.19
2012-06-06,59.38,60.78,59.35,60.78,905000,59.37
2012-06-05,58.44,59.22,58.37,58.99,637000,57.62
2012-06-04,59.36,59.37,58.23,58.69,594400,57.33
2012-06-01,59.80,59.97,58.41,59.35,1835200,57.97
2012-05-31,59.72,60.75,59.09,60.56,1517900,59.15
2012-05-30,59.28,60.13,58.91,59.84,2286600,58.45
2012-05-29,58.23,59.71,58.18,59.71,1522700,58.32
2012-05-25,57.64,58.20,57.59,57.99,804800,56.64
2012-05-24,56.41,57.57,56.27,57.54,758600,56.20
2012-05-23,57.80,57.80,55.78,56.36,1437800,55.05
2012-05-22,56.01,57.14,55.81,56.91,1330100,55.59
2012-05-21,56.05,56.17,55.62,55.89,732500,54.59
2012-05-18,56.35,56.35,55.33,56.03,1600900,54.73
2012-05-17,57.52,57.52,56.09,56.09,1233300,54.79
2012-05-16,58.20,58.33,57.19,57.41,1212200,56.08
2012-05-15,58.35,58.96,57.96,58.10,805600,56.75
2012-05-14,58.20,58.75,57.63,58.40,887500,57.04
2012-05-11,58.06,59.16,58.06,58.81,851500,57.45
2012-05-10,58.92,59.25,58.37,58.47,1481500,57.11
2012-05-09,59.51,59.51,58.05,58.43,1462400,57.07
2012-05-08,59.19,59.77,58.71,59.70,1409900,58.31
2012-05-07,58.54,59.82,58.50,59.36,1277300,57.98
2012-05-04,59.80,60.00,58.79,58.83,1130900,57.26
2012-05-03,58.52,60.38,58.24,59.92,2180800,58.33
2012-05-02,56.83,57.72,56.66,57.69,1005500,56.15
2012-05-01,56.85,57.49,56.47,57.00,1145900,55.48
2012-04-30,56.80,57.00,56.04,56.78,728500,55.27
2012-04-27,57.19,57.30,56.73,56.96,610600,55.44
2012-04-26,56.66,57.04,56.35,56.90,741300,55.39
2012-04-25,56.50,57.33,56.15,56.71,967400,55.20
2012-04-24,56.02,56.31,55.72,56.02,1002400,54.53
2012-04-23,55.84,56.45,55.60,56.00,1317000,54.51
2012-04-20,56.64,57.49,56.48,57.02,491800,55.50
2012-04-19,56.63,56.97,56.17,56.53,375200,55.03
2012-04-18,57.06,57.15,56.48,56.60,611400,55.09
2012-04-17,57.35,57.48,56.93,57.48,639200,55.95
2012-04-16,57.25,57.33,56.78,57.00,499400,55.48
2012-04-13,56.82,57.39,56.46,57.02,747400,55.50
2012-04-12,56.84,57.05,56.36,57.01,509800,55.49
2012-04-11,55.78,56.72,55.72,56.69,936500,55.18
2012-04-10,56.89,56.94,55.15,55.33,1090300,53.86
2012-04-09,57.28,57.39,56.77,57.09,377200,55.57
2012-04-05,57.63,57.87,57.35,57.76,792800,56.22
2012-04-04,58.17,58.32,57.75,57.86,711000,56.32
2012-04-03,58.23,58.88,58.18,58.54,1105800,56.98
2012-04-02,58.45,59.39,58.37,58.99,786000,57.42
2012-03-30,58.92,59.11,58.50,58.57,1284000,57.01
2012-03-29,57.85,58.13,57.15,58.12,667000,56.57
2012-03-28,58.17,58.48,57.81,58.14,505400,56.59
2012-03-27,58.68,58.98,58.13,58.29,590500,56.74
2012-03-26,58.49,58.85,58.36,58.51,792300,56.95
2012-03-23,58.15,58.31,57.48,58.24,810400,56.69
2012-03-22,56.41,58.37,56.31,58.28,1166800,56.73
2012-03-21,56.47,57.31,56.43,57.20,1137200,55.68
2012-03-20,56.38,56.80,56.34,56.75,983400,55.24
2012-03-19,56.75,56.83,56.51,56.73,803100,55.22
2012-03-16,57.53,57.95,56.71,56.82,1311600,55.31
2012-03-15,57.59,57.59,56.99,57.40,973900,55.87
2012-03-14,57.55,58.59,57.26,57.58,2670000,56.05
2012-03-13,56.73,57.63,56.27,57.51,3307500,55.98
2012-03-12,55.99,56.50,55.78,55.99,1340300,54.50
2012-03-09,55.23,56.26,55.20,56.15,821900,54.66
2012-03-08,54.22,55.43,54.05,55.14,2013300,53.67
2012-03-07,54.01,54.09,53.55,53.84,653100,52.41
2012-03-06,54.65,54.83,53.55,53.82,708100,52.39
2012-03-05,54.49,54.97,54.46,54.83,492800,53.37
2012-03-02,55.48,55.48,54.40,54.50,474200,53.05
2012-03-01,55.33,55.70,55.15,55.44,535500,53.96
2012-02-29,54.77,55.40,54.77,55.08,684600,53.61
2012-02-28,55.14,55.17,54.61,54.97,866400,53.51
2012-02-27,55.19,55.19,54.83,54.97,554200,53.51
2012-02-24,55.57,56.00,55.15,55.60,802400,54.12
2012-02-23,55.35,55.45,54.97,55.37,556200,53.90
2012-02-22,55.60,55.60,55.07,55.28,389100,53.81
2012-02-21,56.05,56.20,55.09,55.43,522200,53.95
2012-02-17,56.52,56.62,55.88,56.02,779600,54.53
2012-02-16,54.35,56.40,54.34,56.34,1410900,54.84
2012-02-15,54.30,54.74,54.02,54.19,739400,52.75
2012-02-14,53.67,54.23,53.67,54.18,587300,52.74
2012-02-13,53.98,54.13,53.74,53.82,496000,52.39
2012-02-10,54.00,54.00,53.33,53.66,520100,52.23
2012-02-09,54.61,54.61,53.92,54.14,490900,52.70
2012-02-08,53.95,54.41,53.60,54.31,619500,52.86
2012-02-07,53.81,54.07,53.63,53.93,950200,52.49
2012-02-06,54.32,54.88,53.80,54.00,717200,52.56
2012-02-03,53.83,55.35,53.31,54.32,1870500,52.67
2012-02-02,53.04,53.38,52.62,53.00,744900,51.39
2012-02-01,52.65,53.15,52.53,52.88,1083600,51.28
2012-01-31,52.61,52.79,51.99,52.31,571900,50.73
2012-01-30,52.50,52.50,51.92,52.35,463800,50.76
2012-01-27,52.25,52.96,52.01,52.77,462600,51.17
2012-01-26,52.93,52.97,52.30,52.48,464900,50.89
2012-01-25,52.46,52.99,52.38,52.87,664200,51.27
2012-01-24,52.49,52.76,52.45,52.73,334200,51.13
2012-01-23,52.65,52.86,52.36,52.63,622400,51.04
2012-01-20,52.54,52.82,52.31,52.71,597700,51.11
2012-01-19,51.76,52.62,51.43,52.56,501900,50.97
2012-01-18,51.43,51.85,51.31,51.75,381700,50.18
2012-01-17,51.50,51.80,51.00,51.41,533100,49.85
2012-01-13,51.06,51.40,50.71,51.40,383600,49.84
2012-01-12,51.37,51.61,51.08,51.50,581800,49.94
2012-01-11,51.00,51.50,50.78,51.35,574300,49.79
2012-01-10,51.00,51.42,50.95,51.22,655800,49.67
2012-01-09,50.61,51.02,50.48,50.80,744900,49.26
2012-01-06,50.71,51.04,50.29,50.58,761100,49.05
2012-01-05,50.49,50.69,49.74,50.62,623800,49.09
2012-01-04,50.90,51.31,50.69,50.78,856200,49.24
2012-01-03,52.09,52.35,50.93,50.98,1204000,49.44
2011-12-30,51.06,51.44,50.83,51.23,442600,49.68
2011-12-29,50.92,51.29,50.85,51.18,663100,49.63
2011-12-28,51.11,51.11,50.71,50.92,470600,49.38
2011-12-27,50.72,51.29,50.62,51.01,794500,49.47
2011-12-23,50.72,50.73,50.38,50.60,462700,49.07
2011-12-22,50.48,50.50,50.15,50.28,615000,48.76
2011-12-21,50.03,50.43,49.65,50.24,741100,48.72
2011-12-20,49.25,50.07,49.18,49.89,599300,48.38
2011-12-19,49.15,49.81,48.70,48.77,639000,47.29
2011-12-16,50.01,50.01,48.75,49.15,1262900,47.66
2011-12-15,50.00,50.05,49.58,49.65,613300,48.15
2011-12-14,49.95,50.18,49.56,49.63,621300,48.13
2011-12-13,51.22,51.52,49.88,50.00,545400,48.49
2011-12-12,51.16,51.37,50.58,51.12,461900,49.57
2011-12-09,51.73,52.31,51.64,52.15,476500,50.57
2011-12-08,51.94,51.94,51.17,51.35,426300,49.79
2011-12-07,51.82,52.36,51.46,52.08,540700,50.50
2011-12-06,52.47,52.53,51.65,52.16,445300,50.58
2011-12-05,52.47,52.69,51.87,52.37,722200,50.78
2011-12-02,52.43,52.69,51.86,51.98,526500,50.41
2011-12-01,52.33,52.52,51.88,51.94,495500,50.37
2011-11-30,51.98,52.71,51.65,52.52,940400,50.93
2011-11-29,50.28,50.86,50.22,50.72,463000,49.18
2011-11-28,49.50,50.50,49.50,50.11,417600,48.59
2011-11-25,48.34,49.34,48.22,48.53,219100,47.06
2011-11-23,49.14,49.33,48.62,48.77,500700,47.29
2011-11-22,49.80,50.22,49.34,49.70,484900,48.19
2011-11-21,49.11,50.19,49.00,50.05,748400,48.53
2011-11-18,50.56,50.56,49.60,49.72,602900,48.21
2011-11-17,50.25,50.50,49.57,50.08,537900,48.56
2011-11-16,50.41,51.07,50.01,50.33,585400,48.81
2011-11-15,50.26,51.35,50.26,50.96,623500,49.42
2011-11-14,50.42,50.93,50.15,50.51,544400,48.98
2011-11-11,50.56,51.15,50.48,50.63,770300,49.10
2011-11-10,49.29,50.03,49.18,49.88,450500,48.37
2011-11-09,49.26,49.47,48.52,48.71,676200,47.23
2011-11-08,50.00,50.37,49.47,50.22,766000,48.70
2011-11-07,49.16,50.03,48.38,49.99,1025800,48.48
2011-11-04,49.75,49.75,48.78,49.42,708600,47.74
2011-11-03,50.58,50.77,49.28,49.89,1092100,48.19
2011-11-02,49.06,49.77,48.56,49.68,911900,47.99
2011-11-01,49.03,49.43,47.85,48.60,2078200,46.95
2011-10-31,49.09,50.15,49.09,49.43,913000,47.75
2011-10-28,50.54,50.65,49.20,49.37,1238500,47.69
2011-10-27,51.03,51.04,49.96,50.72,1288100,48.99
2011-10-26,48.99,49.50,48.76,49.32,647800,47.64
2011-10-25,49.10,49.49,48.52,48.65,620900,47.00
2011-10-24,49.18,50.10,49.15,49.41,822100,47.73
2011-10-21,48.67,49.32,48.62,49.17,1046400,47.50
2011-10-20,48.66,48.94,48.07,48.33,822600,46.69
2011-10-19,47.87,48.89,47.66,48.71,1017100,47.05
2011-10-18,46.69,48.81,46.69,48.36,1578500,46.72
2011-10-17,47.00,47.20,46.77,47.05,621100,45.45
2011-10-14,47.42,47.51,46.56,47.18,953100,45.58
2011-10-13,46.82,47.19,46.76,47.17,1109800,45.57
2011-10-12,47.62,47.62,47.07,47.08,1338100,45.48
2011-10-11,47.00,47.29,46.70,47.06,1160700,45.46
2011-10-10,46.67,47.27,46.30,46.70,837900,45.11
2011-10-07,47.99,48.00,45.94,46.05,1193600,44.48
2011-10-06,46.05,49.48,45.45,46.02,1265300,44.45
2011-10-05,44.82,45.55,44.06,45.48,2060700,43.93
2011-10-04,43.53,45.08,42.30,44.75,2700000,43.23
2011-10-03,53.70,54.49,52.80,54.20,2387000,40.47
2011-09-30,56.29,56.37,54.08,54.08,1468300,40.39
2011-09-29,57.30,57.84,55.89,56.89,756500,42.48
2011-09-28,57.67,58.15,56.29,56.42,909400,42.13
2011-09-27,58.25,58.79,57.36,57.68,861800,43.07
2011-09-26,55.99,57.24,55.14,57.15,858800,42.68
2011-09-23,54.88,55.89,54.88,55.52,1307400,41.46
2011-09-22,53.96,55.31,53.87,55.11,2548800,41.15
2011-09-21,56.89,57.41,55.39,55.46,1435600,41.42
2011-09-20,57.51,58.19,56.98,57.06,1364000,42.61
2011-09-19,56.72,57.55,56.18,57.51,1524200,42.95
2011-09-16,58.49,58.76,57.39,57.58,2477800,43.00
2011-09-15,58.51,58.51,57.44,57.82,1942000,43.18
2011-09-14,56.97,58.60,56.63,58.11,1919200,43.39
2011-09-13,55.00,56.74,54.59,56.59,1132300,42.26
2011-09-12,54.32,55.27,53.64,54.85,857200,40.96
2011-09-09,55.78,56.01,54.56,55.04,1026500,41.10
2011-09-08,56.66,57.41,55.96,56.21,663000,41.98
2011-09-07,55.67,57.26,55.50,57.24,919600,42.75
2011-09-06,54.19,54.98,53.24,54.63,936100,40.80
2011-09-02,55.77,55.77,54.67,54.84,555600,40.95
2011-09-01,57.05,57.59,56.50,56.67,984800,42.32
2011-08-31,56.92,57.74,56.62,57.12,1093800,42.66
2011-08-30,56.00,57.03,55.47,56.59,650300,42.26
2011-08-29,55.16,56.28,55.07,56.23,533500,41.99
2011-08-26,52.98,55.26,52.49,54.77,806300,40.90
2011-08-25,54.30,54.59,53.30,53.49,1058300,39.94
2011-08-24,53.00,54.27,52.75,54.17,727500,40.45
2011-08-23,51.77,53.23,51.36,53.21,838300,39.74
2011-08-22,52.49,52.76,51.44,51.65,722100,38.57
2011-08-19,51.96,53.25,51.41,51.47,1089000,38.44
2011-08-18,54.55,54.71,52.08,52.54,1238400,39.24
2011-08-17,56.36,56.60,55.54,55.93,762000,41.77
2011-08-16,56.16,56.56,55.44,55.97,1209400,41.80
2011-08-15,56.45,56.62,55.72,56.58,654500,42.25
2011-08-12,55.18,56.38,54.83,56.18,1077000,41.95
2011-08-11,53.29,55.84,52.65,55.31,1957900,41.30
2011-08-10,52.76,54.70,52.56,53.30,2624000,39.80
2011-08-09,52.32,54.14,51.56,53.95,4447000,40.29
2011-08-08,53.17,54.21,50.88,51.53,4805800,38.48
2011-08-05,53.44,55.22,53.22,54.72,3928000,40.72
2011-08-04,56.91,57.40,52.17,53.09,2476200,39.51
2011-08-03,57.00,58.56,56.99,57.94,1360500,43.12
2011-08-02,59.08,59.62,57.06,57.20,1119900,42.57
2011-08-01,60.60,60.94,59.03,59.66,961900,44.40
2011-07-29,59.36,60.80,59.31,60.21,1570400,44.81
2011-07-28,61.12,61.33,59.91,60.00,1384900,44.65
2011-07-27,62.69,62.69,60.98,61.06,772600,45.44
2011-07-26,63.12,63.34,62.67,62.78,633600,46.72
2011-07-25,62.75,63.56,62.49,63.45,452400,47.22
2011-07-22,63.39,63.39,62.92,63.18,214200,47.02
2011-07-21,62.64,63.57,62.63,63.36,345700,47.15
2011-07-20,63.10,63.19,62.10,62.45,477800,46.47
2011-07-19,62.65,63.28,62.52,63.08,449600,46.94
2011-07-18,62.71,62.77,61.93,62.45,369100,46.47
2011-07-15,63.08,63.08,62.20,62.92,561900,46.82
2011-07-14,63.30,63.60,62.53,62.89,389500,46.80
2011-07-13,63.60,63.92,63.10,63.24,417900,47.06
2011-07-12,63.45,63.95,63.14,63.21,498100,47.04
2011-07-11,63.86,64.08,63.58,63.70,865500,47.40
2011-07-08,64.29,64.64,63.83,64.64,526200,48.10
2011-07-07,64.89,65.42,64.63,64.99,680200,48.36
2011-07-06,64.71,64.77,64.24,64.50,552700,48.00
2011-07-05,64.64,64.95,64.24,64.75,605900,48.19
2011-07-01,63.91,64.86,63.85,64.76,666800,48.19
2011-06-30,63.20,64.45,63.20,63.77,998900,47.46
2011-06-29,63.40,63.65,63.00,63.25,527700,47.07
2011-06-28,62.82,63.42,62.65,63.29,1074000,47.10
2011-06-27,62.50,62.94,62.30,62.70,712800,46.66
2011-06-24,63.82,63.93,62.44,62.51,748400,46.52
2011-06-23,62.99,63.93,62.24,63.79,866300,47.47
2011-06-22,64.00,64.46,63.55,63.59,647500,47.32
2011-06-21,64.16,64.79,64.14,64.21,762200,47.78
2011-06-20,63.44,64.28,63.21,63.95,658000,47.59
2011-06-17,62.66,63.88,62.52,63.47,1707600,47.23
2011-06-16,61.90,62.48,61.62,62.29,593100,46.35
2011-06-15,63.14,63.18,61.88,62.08,767800,46.20
2011-06-14,63.24,63.85,63.10,63.62,446700,47.34
2011-06-13,63.12,63.43,62.56,62.80,449900,46.73
2011-06-10,63.77,63.77,62.56,63.11,780300,46.96
2011-06-09,62.89,64.46,62.70,64.02,1019000,47.64
2011-06-08,63.02,63.49,62.63,62.74,889300,46.69
2011-06-07,62.95,63.31,62.55,63.00,1010300,46.88
2011-06-06,63.09,63.27,62.63,62.75,1039800,46.70
2011-06-03,63.17,63.76,62.88,63.27,913800,47.08
2011-06-02,64.15,64.38,63.18,63.87,1064500,47.53
2011-06-01,64.67,64.97,64.08,64.16,1101900,47.75
2011-05-31,64.48,64.87,63.89,64.73,2120500,48.17
2011-05-27,63.85,64.15,63.79,63.92,877700,47.57
2011-05-26,63.02,63.96,62.95,63.88,730500,47.54
2011-05-25,62.31,63.41,62.11,63.27,925000,47.08
2011-05-24,62.85,62.96,62.10,62.71,963600,46.67
2011-05-23,63.25,63.43,62.79,62.79,939900,46.73
2011-05-20,64.86,64.89,63.80,63.88,642400,47.54
2011-05-19,64.50,65.06,64.36,64.89,808400,48.29
2011-05-18,64.14,64.38,63.80,64.20,591500,47.78
2011-05-17,63.74,64.60,63.43,64.15,1351600,47.74
2011-05-16,63.85,64.40,63.85,63.93,679600,47.58
2011-05-13,64.66,64.88,63.93,64.11,714400,47.71
2011-05-12,64.32,64.55,63.84,64.50,906000,48.00
2011-05-11,63.55,64.54,63.38,64.38,1383900,47.91
2011-05-10,63.24,64.22,63.17,63.69,1210000,47.40
2011-05-09,63.61,63.61,62.82,63.14,737300,46.99
2011-05-06,64.21,64.21,63.21,63.82,860000,47.35
2011-05-05,64.42,65.03,63.36,63.50,618300,47.11
2011-05-04,64.50,65.00,63.95,64.65,719800,47.97
2011-05-03,64.46,64.80,64.04,64.51,391900,47.86
2011-05-02,65.07,65.19,64.34,64.53,497000,47.88
2011-04-29,64.90,65.48,64.65,65.08,776000,48.29
2011-04-28,64.52,64.97,64.51,64.90,270400,48.15
2011-04-27,64.39,65.00,64.00,65.00,583900,48.23
2011-04-26,63.69,64.48,63.61,64.16,459700,47.60
2011-04-25,63.48,63.63,62.91,63.44,318900,47.07
2011-04-21,63.31,63.76,63.07,63.68,399300,47.25
2011-04-20,63.30,63.76,62.85,63.06,604000,46.79
2011-04-19,62.64,62.83,62.26,62.55,393600,46.41
2011-04-18,62.61,62.75,62.06,62.62,515000,46.46
2011-04-15,63.45,63.46,62.27,63.31,668200,46.97
2011-04-14,62.73,63.30,62.28,63.22,360700,46.91
2011-04-13,63.17,63.42,63.03,63.14,445400,46.85
2011-04-12,63.33,63.69,62.98,63.00,757400,46.74
2011-04-11,63.23,63.70,63.21,63.61,616100,47.20
2011-04-08,63.41,63.56,63.01,63.20,662500,46.89
2011-04-07,63.06,63.54,62.94,63.27,571900,46.94
2011-04-06,63.51,63.67,62.94,63.19,530300,46.88
2011-04-05,62.53,63.52,62.49,63.43,984400,47.06
2011-04-04,62.87,63.31,62.45,62.72,829600,46.54
2011-04-01,62.07,63.31,61.97,62.86,1537600,46.64
2011-03-31,61.12,61.96,61.10,61.89,917700,45.92
2011-03-30,60.64,61.26,60.53,61.20,740800,45.41
2011-03-29,60.04,60.29,59.75,60.29,540100,44.73
2011-03-28,60.74,60.88,60.13,60.16,509200,44.64
2011-03-25,60.38,61.00,60.22,60.65,597000,45.00
2011-03-24,60.40,60.47,59.99,60.22,736700,44.68
2011-03-23,60.81,61.09,59.94,60.29,1020400,44.73
2011-03-22,61.27,61.81,60.80,60.89,582300,45.18
2011-03-21,60.62,61.83,60.51,61.30,1908000,45.48
2011-03-18,60.26,60.26,59.63,60.12,1434800,44.61
2011-03-17,60.26,60.84,59.48,59.63,677000,44.24
2011-03-16,59.86,60.44,59.31,59.51,1042300,44.15
2011-03-15,59.52,60.55,58.89,60.11,1101500,44.60
2011-03-14,60.99,61.13,59.91,60.99,1168400,45.25
2011-03-11,61.26,61.74,60.56,61.18,794600,45.39
2011-03-10,61.99,62.20,61.11,61.36,874000,45.53
2011-03-09,62.37,63.17,61.97,62.77,890900,46.57
2011-03-08,61.20,62.78,61.00,62.39,1493900,46.29
2011-03-07,60.71,61.35,60.71,61.23,1208600,45.43
2011-03-04,61.79,61.86,60.45,60.85,998400,45.15
2011-03-03,61.70,61.92,61.39,61.78,478800,45.84
2011-03-02,60.55,61.43,60.55,61.21,890300,45.42
2011-03-01,61.96,62.28,60.73,60.76,928200,45.08
2011-02-28,61.90,62.00,61.44,61.86,593400,45.90
2011-02-25,60.75,61.68,60.51,61.57,478600,45.68
2011-02-24,60.42,60.98,60.16,60.61,942700,44.97
2011-02-23,61.39,61.56,60.35,60.74,1168100,45.07
2011-02-22,60.64,62.21,60.29,61.54,1223700,45.66
2011-02-18,62.15,62.75,61.99,62.67,919900,46.50
2011-02-17,60.44,62.22,60.44,62.17,3022300,46.13
2011-02-16,60.39,60.86,60.15,60.50,1414000,44.89
2011-02-15,60.33,60.74,60.20,60.33,812000,44.76
2011-02-14,60.86,61.21,60.43,60.64,646500,44.99
2011-02-11,60.53,61.06,60.40,60.87,1259800,45.16
2011-02-10,60.75,61.37,60.36,61.04,1242800,45.29
2011-02-09,60.97,61.63,60.94,61.37,1017600,45.53
2011-02-08,61.39,61.79,61.17,61.39,708500,45.55
2011-02-07,62.11,62.21,61.41,61.44,981900,45.59
2011-02-04,61.61,63.15,60.95,62.09,2132200,45.93
2011-02-03,60.48,61.79,60.17,61.55,1074300,45.53
2011-02-02,61.03,61.19,60.48,60.55,1887000,44.79
2011-02-01,61.93,62.09,61.37,61.52,1247400,45.51
2011-01-31,61.14,62.34,61.02,61.68,1203800,45.62
2011-01-28,61.65,61.86,60.44,61.03,857400,45.14
2011-01-27,61.59,62.09,61.42,61.83,562600,45.74
2011-01-26,61.37,61.88,61.36,61.58,882200,45.55
2011-01-25,61.13,61.51,60.76,61.29,1091100,45.34
2011-01-24,60.84,61.76,60.80,61.42,551000,45.43
2011-01-21,61.43,61.49,60.79,60.93,846800,45.07
2011-01-20,61.10,61.26,60.56,61.04,603400,45.15
2011-01-19,61.40,61.54,60.94,61.14,687300,45.22
2011-01-18,61.59,61.75,60.95,61.54,600100,45.52
2011-01-14,61.64,61.77,61.40,61.55,1304600,45.53
2011-01-13,62.13,62.48,61.53,61.81,542800,45.72
2011-01-12,62.29,62.75,62.19,62.50,701000,46.23
2011-01-11,62.58,63.51,61.72,62.02,1227100,45.88
2011-01-10,60.99,62.68,60.87,62.44,1093200,46.19
2011-01-07,61.75,61.90,61.34,61.47,1106600,45.47
2011-01-06,60.42,62.16,59.97,61.80,2061800,45.71
2011-01-05,59.99,60.47,59.89,60.30,1607200,44.60
2011-01-04,60.66,60.95,59.88,60.33,767000,44.63
2011-01-03,60.62,60.90,60.31,60.72,650700,44.91
2010-12-31,60.59,60.68,60.07,60.25,614900,44.57
2010-12-30,60.96,61.17,60.67,60.75,667600,44.94
2010-12-29,61.13,61.30,60.61,61.21,695700,45.28
2010-12-28,61.12,61.29,60.76,61.14,309800,45.22
2010-12-27,60.68,61.22,60.26,61.12,403000,45.21
2010-12-23,61.08,61.20,60.69,60.90,546700,45.05
2010-12-22,61.05,61.28,60.88,61.05,929900,45.16
2010-12-21,61.56,61.63,60.42,60.98,1478000,45.11
2010-12-20,61.50,61.79,61.28,61.38,1062300,45.40
2010-12-17,61.59,61.95,61.15,61.47,1295500,45.47
2010-12-16,61.38,61.80,61.13,61.60,937900,45.56
2010-12-15,61.60,62.32,61.05,61.37,1325300,45.39
2010-12-14,62.80,63.00,61.70,61.93,1097000,45.81
2010-12-13,63.19,63.40,62.68,62.78,819600,46.44
2010-12-10,62.99,63.41,62.74,63.01,733500,46.61
2010-12-09,61.82,63.51,61.82,62.75,1474400,46.42
2010-12-08,62.32,62.44,61.00,61.76,2506300,45.68
2010-12-07,61.70,62.25,61.11,61.15,1168400,45.23
2010-12-06,61.26,61.77,60.94,61.45,502800,45.45
2010-12-03,61.27,61.78,60.79,61.50,578800,45.49
2010-12-02,60.12,61.49,60.12,61.47,1393600,45.47
2010-12-01,59.90,61.00,59.84,60.15,1183900,44.49
2010-11-30,58.62,59.87,58.42,59.09,4005800,43.71
2010-11-29,58.45,59.54,58.25,59.25,2340500,43.83
2010-11-26,58.81,59.00,58.40,58.79,544500,43.49
2010-11-24,59.38,59.69,59.07,59.19,868200,43.78
2010-11-23,59.31,59.31,58.36,59.15,1097100,43.75
2010-11-22,59.76,60.27,59.53,60.11,833400,44.46
2010-11-19,59.35,60.18,59.13,60.16,1760300,44.50
2010-11-18,58.83,59.61,58.83,59.36,677800,43.91
2010-11-17,58.07,58.75,57.47,58.39,1373200,43.19
2010-11-16,56.93,57.76,56.02,57.40,1613700,42.46
2010-11-15,57.48,58.64,57.25,57.33,1981800,42.41
2010-11-12,53.90,59.72,53.45,58.60,4318900,43.35
2010-11-11,53.73,54.43,53.69,54.38,663200,40.22
2010-11-10,53.99,54.18,53.57,54.18,798200,40.08
2010-11-09,54.24,54.44,53.80,54.16,1166100,40.06
2010-11-08,53.91,54.56,53.51,54.27,1061900,40.14
2010-11-05,54.28,54.47,53.84,54.39,1182400,40.09
2010-11-04,53.98,54.37,53.80,54.37,975600,40.08
2010-11-03,53.95,54.17,52.80,53.19,916000,39.21
2010-11-02,53.74,54.31,53.43,53.93,987400,39.75
2010-11-01,54.36,54.48,53.37,53.86,988500,39.70
2010-10-29,54.21,54.49,54.00,54.05,898100,39.84
2010-10-28,55.13,56.98,54.17,54.46,2132000,40.14
2010-10-27,54.70,55.20,54.40,54.53,1435000,40.19
2010-10-26,55.64,55.83,55.08,55.20,1144200,40.69
2010-10-25,56.53,56.99,55.94,55.99,648100,41.27
2010-10-22,56.16,56.71,55.50,56.05,918900,41.31
2010-10-21,56.00,56.80,55.64,56.08,1073300,41.34
2010-10-20,55.38,56.50,55.28,55.80,1165800,41.13
2010-10-19,55.40,56.17,54.91,55.17,915400,40.67
2010-10-18,56.15,56.52,55.79,56.03,832800,41.30
2010-10-15,56.89,56.90,55.69,56.13,1248600,41.37
2010-10-14,56.33,56.97,55.87,56.24,1502400,41.45
2010-10-13,56.25,56.71,55.76,55.91,2054100,41.21
2010-10-12,55.33,57.35,55.16,57.05,2521200,42.05
2010-10-11,55.28,55.53,54.85,55.50,2289800,40.91
2010-10-08,53.23,59.40,53.22,55.85,11261900,41.17
2010-10-07,50.10,52.05,49.45,52.00,2510800,38.33
2010-10-06,50.88,50.98,50.00,50.13,1140900,36.95
2010-10-05,49.98,51.04,49.83,50.97,2101800,37.57
2010-10-04,49.51,49.95,49.02,49.60,1330800,36.56
2010-10-01,49.66,49.80,49.06,49.58,947400,36.55
2010-09-30,49.37,49.92,48.86,49.23,941500,36.29
2010-09-29,49.45,49.45,48.62,49.13,908600,36.21
2010-09-28,49.41,49.91,48.56,49.78,901300,36.69
2010-09-27,49.95,49.95,48.94,49.35,1237400,36.38
2010-09-24,49.44,50.39,49.43,50.39,724000,37.14
2010-09-23,49.10,49.37,48.67,48.81,989700,35.98
2010-09-22,49.66,49.85,48.81,49.43,979100,36.44
2010-09-21,49.95,50.04,49.57,49.67,1143600,36.61
2010-09-20,49.32,50.00,49.14,49.95,1592500,36.82
2010-09-17,49.17,49.68,49.04,49.24,905300,36.30
2010-09-16,48.71,49.12,48.52,49.00,649200,36.12
2010-09-15,48.61,49.18,48.15,49.01,941500,36.13
2010-09-14,48.49,49.06,48.29,48.71,459500,35.90
2010-09-13,48.49,48.81,48.18,48.66,726600,35.87
2010-09-10,48.05,48.12,47.69,47.94,1299900,35.34
2010-09-09,48.19,48.33,47.72,47.89,1535400,35.30
2010-09-08,47.07,47.61,47.02,47.55,1327300,35.05
2010-09-07,47.67,47.67,46.58,47.07,3028200,34.70
2010-09-03,47.57,47.96,47.25,47.95,900600,35.34
2010-09-02,46.44,47.13,46.44,47.12,1730400,34.73
2010-09-01,45.44,46.46,45.27,46.45,1176100,34.24
2010-08-31,44.10,45.12,43.94,44.79,1411700,33.01
2010-08-30,44.59,45.11,44.33,44.51,1111000,32.81
2010-08-27,43.88,44.78,43.20,44.72,1722900,32.96
2010-08-26,43.90,44.07,43.21,43.58,1761100,32.12
2010-08-25,42.57,43.94,42.55,43.82,1519900,32.30
2010-08-24,42.26,43.25,42.19,42.97,2115900,31.67
2010-08-23,42.89,43.45,42.89,43.00,1345800,31.70
2010-08-20,42.60,42.75,42.19,42.58,839400,31.39
2010-08-19,44.19,44.30,42.84,42.96,977100,31.67
2010-08-18,44.38,44.82,43.96,44.54,573200,32.83
2010-08-17,44.20,44.71,44.01,44.49,881200,32.79
2010-08-16,43.65,44.18,43.55,43.84,1088700,32.31
2010-08-13,44.19,44.60,44.19,44.33,805300,32.68
2010-08-12,43.82,44.46,43.63,44.37,1135200,32.71
2010-08-11,45.02,45.31,44.48,44.67,1641100,32.93
2010-08-10,45.76,46.30,45.38,45.95,863400,33.87
2010-08-09,45.72,46.46,45.42,46.26,1234100,34.10
2010-08-06,44.68,45.62,44.67,45.56,1576500,33.44
2010-08-05,44.72,45.22,44.46,45.12,800500,33.12
2010-08-04,44.75,45.20,44.60,45.00,1087300,33.03
2010-08-03,44.54,44.83,43.90,44.48,1250100,32.65
2010-08-02,44.86,45.49,44.55,44.77,1728100,32.86
2010-07-30,44.10,44.10,42.91,43.88,2219000,32.21
2010-07-29,43.55,43.81,43.10,43.38,2172800,31.84
2010-07-28,43.66,43.75,43.29,43.40,2289800,31.86
2010-07-27,44.55,44.58,43.75,43.81,1288900,32.16
2010-07-26,43.76,44.32,43.69,44.30,1243000,32.52
2010-07-23,42.58,43.82,42.52,43.76,1977500,32.12
2010-07-22,41.92,42.83,41.92,42.74,1351200,31.37
2010-07-21,41.75,41.95,41.13,41.37,1637000,30.37
2010-07-20,40.13,41.67,40.11,41.63,1313000,30.56
2010-07-19,40.61,40.95,40.34,40.81,1460300,29.96
2010-07-16,41.50,41.52,40.46,40.48,2207400,29.71
2010-07-15,41.70,42.01,41.10,41.90,1813100,30.76
2010-07-14,41.82,41.93,41.38,41.78,1303500,30.67
2010-07-13,41.22,42.24,41.03,41.94,1658300,30.79
2010-07-12,40.51,40.90,40.35,40.82,1297300,29.96
2010-07-09,40.05,40.77,39.96,40.70,862400,29.88
2010-07-08,39.99,40.21,39.57,40.16,1080100,29.48
2010-07-07,39.07,39.78,38.87,39.77,1128200,29.19
2010-07-06,39.50,39.90,38.91,39.11,1656400,28.71
2010-07-02,39.91,39.91,38.56,38.71,2291200,28.41
2010-07-01,39.03,39.37,37.05,38.51,1999900,28.27
2010-06-30,39.89,40.00,39.09,39.18,1362100,28.76
2010-06-29,40.99,40.99,39.63,39.94,1615100,29.32
2010-06-28,42.27,42.38,41.44,41.63,1282700,30.56
2010-06-25,42.14,42.51,41.63,42.29,1435700,31.04
2010-06-24,42.87,42.87,41.75,42.13,1157500,30.92
2010-06-23,43.44,43.64,41.90,42.99,1728000,31.56
2010-06-22,44.60,45.01,43.27,43.58,1810500,31.99
2010-06-21,45.80,45.88,44.29,44.62,731700,32.75
2010-06-18,45.21,45.48,44.96,45.15,1252600,33.14
2010-06-17,46.34,46.34,44.65,45.14,1311300,33.13
2010-06-16,46.41,46.48,45.68,46.05,1041600,33.80
2010-06-15,47.02,47.15,45.67,46.75,1722100,34.32
2010-06-14,47.51,48.02,46.59,46.69,1079300,34.27
2010-06-11,45.94,47.12,45.69,47.11,1107100,34.58
2010-06-10,46.63,47.38,46.45,47.31,835000,34.73
2010-06-09,45.93,47.03,45.44,45.67,823500,33.52
2010-06-08,44.78,45.81,44.47,45.73,1424000,33.57
2010-06-07,45.78,45.88,44.74,44.78,1002300,32.87
2010-06-04,46.81,46.81,45.49,45.68,1085300,33.53
2010-06-03,48.06,48.33,47.34,47.85,935400,35.12
2010-06-02,46.89,48.18,46.55,48.16,858200,35.35
2010-06-01,47.01,47.87,46.67,46.69,1099200,34.27
2010-05-28,47.71,48.24,47.22,47.45,1179700,34.83
2010-05-27,47.08,47.97,46.68,47.74,1581600,35.04
2010-05-26,46.15,47.15,45.20,46.02,2046300,33.78
2010-05-25,44.17,44.94,43.43,44.86,1826200,32.93
2010-05-24,45.58,46.12,45.13,45.31,1232200,33.26
2010-05-21,44.85,46.15,44.32,45.78,2160600,33.60
2010-05-20,45.94,46.22,45.19,45.36,1997600,33.30
2010-05-19,47.64,47.90,46.27,47.18,1526500,34.63
2010-05-18,49.16,49.44,47.66,47.82,1143200,35.10
2010-05-17,48.58,49.07,47.93,48.89,1435400,35.89
2010-05-14,49.07,49.07,48.10,48.50,908300,35.60
2010-05-13,49.77,50.16,49.25,49.37,950100,36.24
2010-05-12,49.70,50.17,49.07,50.10,1189600,36.78
2010-05-11,48.86,50.18,48.86,49.42,1071800,36.28
2010-05-10,51.10,51.10,48.33,49.58,2316100,36.39
2010-05-07,49.18,49.34,46.85,47.04,2062800,34.39
2010-05-06,50.55,50.98,46.67,49.25,2318200,36.01
2010-05-05,50.97,51.53,50.25,50.62,1425700,37.01
2010-05-04,52.72,52.72,51.47,51.65,2212700,37.76
2010-05-03,52.61,53.33,52.44,53.32,1157400,38.98
2010-04-30,53.94,54.46,52.40,52.42,1219200,38.32
2010-04-29,54.04,54.91,53.70,54.00,1990100,39.48
2010-04-28,54.21,54.27,53.39,53.66,1935000,39.23
2010-04-27,55.68,55.68,53.70,53.98,2944200,39.46
2010-04-26,53.91,54.91,53.72,54.54,2159900,39.87
2010-04-23,53.75,54.14,53.45,53.86,1129100,39.38
2010-04-22,52.94,53.75,52.53,53.73,1097700,39.28
2010-04-21,52.76,53.63,52.76,53.22,1026700,38.91
2010-04-20,52.03,52.81,51.98,52.81,831200,38.61
2010-04-19,51.71,51.95,51.05,51.74,1089900,37.83
2010-04-16,52.34,52.64,51.35,52.00,1597200,38.02
2010-04-15,52.38,52.89,51.88,52.44,2691100,38.34
2010-04-14,52.16,52.51,52.03,52.37,1222900,38.29
2010-04-13,51.47,52.80,51.47,52.05,2106900,38.05
2010-04-12,50.70,51.09,50.56,51.05,779000,37.32
2010-04-09,49.61,50.82,49.61,50.67,969600,37.04
2010-04-08,49.29,49.65,48.66,49.58,877100,36.25
2010-04-07,49.64,49.79,49.28,49.41,685000,36.12
2010-04-06,49.48,49.71,49.27,49.70,501400,36.33
2010-04-05,49.16,49.87,49.16,49.83,713900,36.43
2010-04-01,48.91,49.24,48.91,49.02,1172500,35.84
2010-03-31,49.00,49.03,48.48,48.51,903900,35.46
2010-03-30,49.33,49.62,48.69,49.11,769700,35.90
2010-03-29,49.24,49.43,49.03,49.34,670200,36.07
2010-03-26,49.43,49.51,48.71,49.06,923900,35.87
2010-03-25,49.48,50.00,49.21,49.29,672100,36.03
2010-03-24,49.64,49.64,49.07,49.21,1053300,35.98
2010-03-23,49.14,49.80,49.04,49.80,1023300,36.41
2010-03-22,48.66,49.21,48.55,49.02,1218900,35.84
2010-03-19,48.89,49.99,48.86,48.89,1753100,35.74
2010-03-18,49.69,50.08,49.61,49.70,1492300,36.33
2010-03-17,49.39,49.85,49.28,49.75,771200,36.37
2010-03-16,48.50,49.22,48.35,49.16,923400,35.94
2010-03-15,47.25,48.56,47.13,48.50,1270500,35.46
2010-03-12,46.86,47.56,46.50,47.34,842200,34.61
2010-03-11,46.90,47.27,46.69,47.21,656400,34.51
2010-03-10,46.44,47.03,46.06,47.03,829700,34.38
2010-03-09,46.28,46.63,46.02,46.48,421700,33.98
2010-03-08,46.48,46.63,46.01,46.43,611400,33.94
2010-03-05,45.46,46.45,45.21,46.42,852600,33.94
2010-03-04,44.89,45.28,44.57,45.20,616100,33.04
2010-03-03,44.84,45.07,44.72,44.88,517500,32.81
2010-03-02,44.68,45.07,44.26,44.77,622200,32.73
2010-03-01,43.93,44.85,43.92,44.44,802600,32.49
2010-02-26,43.64,44.03,43.37,43.83,615700,32.04
2010-02-25,42.90,43.60,42.60,43.60,888500,31.87
2010-02-24,43.33,43.64,42.87,43.61,892900,31.88
2010-02-23,43.44,43.50,42.82,43.04,927800,31.47
2010-02-22,43.84,43.90,43.53,43.67,460200,31.93
2010-02-19,43.28,43.90,43.28,43.63,1091600,31.90
2010-02-18,42.68,43.43,42.68,43.37,662300,31.71
2010-02-17,42.25,42.90,41.91,42.78,923600,31.28
2010-02-16,41.13,42.03,40.99,42.02,711700,30.72
2010-02-12,40.26,41.07,39.84,41.03,968600,30.00
2010-02-11,40.34,40.76,39.88,40.58,994800,29.67
2010-02-10,40.89,40.91,40.28,40.52,745000,29.62
2010-02-09,41.21,41.52,40.51,40.92,1257000,29.92
2010-02-08,40.64,41.09,40.23,40.66,1423600,29.73
2010-02-05,41.00,41.44,39.93,40.73,1847500,29.64
2010-02-04,42.83,42.84,41.93,41.93,1413600,30.51
2010-02-03,43.31,43.39,42.82,43.22,677100,31.45
2010-02-02,42.44,43.64,42.43,43.50,1240800,31.65
2010-02-01,41.84,42.54,41.32,42.49,1319700,30.92
2010-01-29,42.27,42.70,41.51,41.57,3711200,30.25
2010-01-28,43.33,43.65,43.00,43.38,1048700,31.57
2010-01-27,42.93,43.31,42.48,43.27,1050500,31.49
2010-01-26,43.08,43.24,42.87,43.08,734200,31.35
2010-01-25,43.46,43.63,43.07,43.31,1006500,31.51
2010-01-22,43.74,43.86,43.07,43.08,1193500,31.35
2010-01-21,44.31,44.86,43.70,43.90,1207900,31.94
2010-01-20,44.42,44.59,43.96,44.38,732200,32.29
2010-01-19,44.23,45.00,43.94,44.98,521400,32.73
2010-01-15,44.67,44.84,43.89,44.23,1200800,32.18
2010-01-14,45.12,45.23,44.48,44.77,1431600,32.58
2010-01-13,44.98,45.45,44.82,45.30,546700,32.96
2010-01-12,44.75,44.97,44.47,44.79,1163600,32.59
2010-01-11,44.79,45.25,44.38,45.18,981800,32.88
2010-01-08,44.28,44.80,44.03,44.66,804900,32.50
2010-01-07,44.06,44.69,43.88,44.55,1166300,32.42
2010-01-06,43.62,44.25,43.59,44.24,1108900,32.19
2010-01-05,43.24,44.00,43.02,43.76,905100,31.84
2010-01-04,43.57,43.80,43.09,43.39,1297000,31.57
2009-12-31,43.27,43.64,43.13,43.20,947000,31.43
2009-12-30,43.20,43.45,43.00,43.29,649400,31.50
2009-12-29,43.06,43.50,43.01,43.32,649600,31.52
2009-12-28,42.82,43.22,42.58,43.08,804400,31.35
2009-12-24,42.50,42.87,42.50,42.80,273100,31.14
2009-12-23,41.59,42.92,41.59,42.69,1134800,31.06
2009-12-22,40.70,41.87,40.44,41.55,1169200,30.23
2009-12-21,39.80,40.85,39.76,40.63,823600,29.56
2009-12-18,39.89,39.89,38.98,39.61,1200100,28.82
2009-12-17,39.70,40.11,39.64,39.67,817300,28.87
2009-12-16,39.99,40.43,39.92,40.04,945400,29.14
2009-12-15,40.01,40.18,39.74,39.85,833800,29.00
2009-12-14,40.42,40.59,40.17,40.48,557600,29.46
2009-12-11,39.63,40.59,39.50,40.38,952100,29.38
2009-12-10,39.89,40.10,39.27,39.44,755500,28.70
2009-12-09,39.35,39.50,38.83,39.49,600600,28.74
2009-12-08,39.38,39.70,39.00,39.36,917400,28.64
2009-12-07,40.34,40.44,39.71,39.89,750800,29.03
2009-12-04,40.39,40.79,40.03,40.33,1428700,29.35
2009-12-03,39.90,40.25,39.60,39.68,825600,28.87
2009-12-02,39.08,40.00,38.88,39.89,876300,29.03
2009-12-01,38.84,39.75,38.66,39.03,1202000,28.40
2009-11-30,38.59,38.59,37.82,38.41,950600,27.95
2009-11-27,37.97,38.83,37.97,38.42,346500,27.96
2009-11-25,39.10,39.59,38.85,39.58,559500,28.80
2009-11-24,39.26,39.28,38.74,39.01,592700,28.39
2009-11-23,38.92,39.74,38.82,39.13,715800,28.47
2009-11-20,38.52,38.74,37.74,38.53,799300,28.04
2009-11-19,39.36,39.36,37.89,38.61,965700,28.09
2009-11-18,39.92,40.27,39.25,39.69,930800,28.88
2009-11-17,40.57,40.67,39.89,40.44,1196000,29.43
2009-11-16,40.92,41.47,40.51,40.71,1449300,29.62
2009-11-13,40.99,41.21,40.48,40.69,974900,29.61
2009-11-12,41.40,41.85,40.83,40.91,894600,29.77
2009-11-11,41.57,41.80,41.17,41.60,936500,30.27
2009-11-10,40.52,41.13,40.52,41.09,844300,29.90
2009-11-09,39.69,40.60,39.47,40.58,767900,29.53
2009-11-06,39.35,39.89,39.12,39.28,951600,28.58
2009-11-05,38.96,39.85,38.59,39.85,817100,29.00
2009-11-04,39.11,39.51,38.55,38.72,814000,28.17
2009-11-03,38.51,39.13,38.30,39.01,971900,28.39
2009-11-02,39.16,39.54,38.11,38.72,931800,28.17
2009-10-30,40.04,40.23,38.63,38.95,1069200,28.20
2009-10-29,39.56,40.58,39.31,40.32,1177000,29.20
2009-10-28,40.66,40.82,38.91,39.03,1682000,28.26
2009-10-27,41.17,41.52,40.46,40.91,1565600,29.62
2009-10-26,43.35,44.23,41.22,41.24,2109100,29.86
2009-10-23,44.82,46.77,43.10,43.25,3436500,31.32
2009-10-22,42.01,43.28,41.52,43.13,1235300,31.23
2009-10-21,43.00,43.85,42.05,42.15,1059100,30.52
2009-10-20,43.83,43.83,42.66,43.01,878100,31.14
2009-10-19,43.17,44.20,42.77,43.87,996500,31.77
2009-10-16,43.35,43.63,42.53,43.18,991400,31.27
2009-10-15,43.45,43.81,43.11,43.61,928200,31.58
2009-10-14,43.55,44.01,43.26,43.57,729600,31.55
2009-10-13,42.83,43.24,42.57,43.17,657400,31.26
2009-10-12,42.78,43.54,42.65,42.91,658500,31.07
2009-10-09,42.73,42.73,41.89,42.49,631400,30.77
2009-10-08,42.17,43.11,41.69,42.75,824000,30.96
2009-10-07,42.06,42.15,41.29,41.73,393500,30.22
2009-10-06,41.40,42.27,41.40,41.89,773000,30.33
2009-10-05,40.53,41.32,40.30,41.28,602000,29.89
2009-10-02,40.71,40.86,39.44,40.52,939900,29.34
2009-10-01,42.99,42.99,41.00,41.15,711500,29.80
2009-09-30,43.47,43.65,41.82,42.98,1065800,31.12
2009-09-29,43.73,44.00,43.24,43.48,594100,31.48
2009-09-28,42.62,43.52,42.30,43.42,526600,31.44
2009-09-25,42.91,43.11,42.26,42.39,498300,30.69
2009-09-24,43.33,43.66,42.67,43.00,954200,31.14
2009-09-23,44.38,44.49,43.22,43.33,1312200,31.38
2009-09-22,44.94,44.94,44.05,44.20,1270400,32.01
2009-09-21,45.40,45.40,44.37,44.59,1367300,32.29
2009-09-18,44.51,46.59,44.50,45.78,2075500,33.15
2009-09-17,44.92,45.14,44.00,44.19,1465200,32.00
2009-09-16,43.18,45.15,43.00,45.04,2017900,32.61
2009-09-15,41.33,41.72,40.92,41.67,539200,30.17
2009-09-14,40.81,41.36,40.30,41.34,532900,29.93
2009-09-11,41.21,41.21,40.56,41.01,501100,29.70
2009-09-10,40.64,41.11,40.08,41.06,400900,29.73
2009-09-09,40.18,41.00,40.11,40.72,765200,29.49
2009-09-08,39.20,40.08,39.01,40.05,811000,29.00
2009-09-04,38.68,39.07,37.94,38.98,781100,28.23
2009-09-03,38.46,38.54,37.43,38.45,784100,27.84
2009-09-02,38.73,38.88,38.12,38.18,613100,27.65
2009-09-01,39.54,40.49,38.72,38.93,883700,28.19
2009-08-31,40.02,40.22,39.39,39.81,543100,28.83
2009-08-28,41.00,41.15,40.03,40.43,567200,29.28
2009-08-27,40.93,40.95,40.00,40.79,510400,29.54
2009-08-26,41.17,41.87,40.63,41.05,638000,29.72
2009-08-25,40.41,41.77,40.41,41.29,777200,29.90
2009-08-24,40.57,40.86,39.88,40.05,474900,29.00
2009-08-21,39.60,40.68,39.40,40.49,702600,29.32
2009-08-20,38.97,39.44,38.65,39.40,544900,28.53
2009-08-19,38.34,38.96,38.32,38.84,570700,28.12
2009-08-18,38.68,38.96,38.31,38.63,556700,27.97
2009-08-17,38.82,39.00,38.32,38.50,806900,27.88
2009-08-14,40.23,40.29,39.11,39.51,561900,28.61
2009-08-13,40.03,40.31,39.54,40.10,880600,29.04
2009-08-12,39.70,40.35,39.64,39.89,895200,28.88
2009-08-11,39.64,39.90,38.99,39.63,757700,28.70
2009-08-10,39.69,39.93,39.26,39.85,924000,28.86
2009-08-07,40.04,40.30,39.29,39.88,960200,28.74
2009-08-06,40.30,40.42,39.29,39.41,760100,28.40
2009-08-05,41.05,41.05,39.58,40.20,794100,28.97
2009-08-04,40.58,41.31,39.94,40.90,1043000,29.47
2009-08-03,39.64,40.74,39.24,40.67,956700,29.31
2009-07-31,38.69,39.88,38.42,39.57,1007900,28.52
2009-07-30,38.99,39.73,38.53,38.84,799600,27.99
2009-07-29,38.64,39.33,38.39,38.62,882000,27.83
2009-07-28,38.75,39.16,38.42,39.02,1178900,28.12
2009-07-27,39.29,39.37,38.51,38.98,1000000,28.09
2009-07-24,38.50,39.40,38.03,39.37,1139700,28.37
2009-07-23,37.09,39.62,37.06,39.21,1375800,28.26
2009-07-22,36.70,37.63,36.35,37.12,719900,26.75
2009-07-21,36.75,37.24,36.13,36.82,812400,26.53
2009-07-20,35.84,36.75,35.84,36.63,702300,26.40
2009-07-17,36.22,36.30,35.36,35.73,846500,25.75
2009-07-16,35.44,36.58,35.18,36.32,971600,26.17
2009-07-15,34.66,35.55,34.52,35.49,1233400,25.58
2009-07-14,32.77,33.81,32.77,33.79,700200,24.35
2009-07-13,32.23,33.00,31.77,32.83,877300,23.66
2009-07-10,32.10,32.30,31.58,32.25,942200,23.24
2009-07-09,32.80,32.95,32.25,32.34,958300,23.31
2009-07-08,32.54,32.77,32.00,32.57,1096700,23.47
2009-07-07,33.61,33.63,32.33,32.39,1008500,23.34
2009-07-06,33.14,33.78,33.00,33.64,773700,24.24
2009-07-02,34.66,34.66,33.35,33.35,990400,24.03
2009-07-01,34.96,35.34,34.64,35.12,808000,25.31
2009-06-30,35.91,35.91,34.60,34.74,1281000,25.04
2009-06-29,35.63,36.44,35.34,35.97,1047600,25.92
2009-06-26,34.87,35.71,34.63,35.56,1396400,25.63
2009-06-25,33.62,35.07,33.50,34.93,1791000,25.17
2009-06-24,32.86,33.98,32.61,33.71,1620900,24.29
2009-06-23,32.97,33.32,32.46,32.70,982300,23.57
2009-06-22,34.48,34.75,32.86,32.87,1232500,23.69
2009-06-19,35.54,35.54,34.57,34.90,1314900,25.15
2009-06-18,34.92,34.93,33.86,34.33,1137200,24.74
2009-06-17,34.80,35.32,34.34,34.71,683100,25.01
2009-06-16,36.20,36.54,34.80,34.85,1045300,25.11
2009-06-15,36.55,36.70,36.05,36.21,1213100,26.10
2009-06-12,36.89,37.13,36.26,37.03,857800,26.69
2009-06-11,36.97,37.97,36.61,37.06,1129200,26.71
2009-06-10,37.32,37.50,36.58,37.05,1210200,26.70
2009-06-09,36.77,37.31,36.34,37.06,1091900,26.71
2009-06-08,35.99,37.15,35.99,36.70,1583400,26.45
2009-06-05,36.90,37.34,36.10,36.53,1222500,26.33
2009-06-04,36.49,36.67,35.70,36.62,874200,26.39
2009-06-03,36.61,36.99,36.04,36.45,1421800,26.27
2009-06-02,36.88,37.46,36.64,36.99,1073600,26.66
2009-06-01,35.54,37.30,35.54,37.05,1028100,26.70
2009-05-29,34.95,35.08,34.34,35.01,1306800,25.23
2009-05-28,34.92,35.05,33.40,34.52,1209600,24.88
2009-05-27,35.72,36.13,34.38,34.43,1062400,24.81
2009-05-26,34.56,35.85,34.40,35.65,1462200,25.69
2009-05-22,35.20,35.40,34.41,34.73,1289800,25.03
2009-05-21,35.93,36.04,34.72,35.18,1131000,25.35
2009-05-20,37.11,37.79,36.28,36.42,1280300,26.25
2009-05-19,37.27,37.27,36.42,36.76,1276800,26.49
2009-05-18,36.23,37.26,36.22,37.23,1317400,26.83
2009-05-15,36.60,37.68,35.93,36.20,1199400,26.09
2009-05-14,36.27,37.49,35.68,36.60,1437900,26.38
2009-05-13,37.37,37.84,36.07,36.09,2105300,26.01
2009-05-12,39.93,40.41,37.95,37.98,2259300,27.37
2009-05-11,40.74,40.74,39.74,39.80,1224600,28.68
2009-05-08,41.00,41.97,40.80,41.49,1599000,29.76
2009-05-07,42.60,43.12,39.82,40.47,2334900,29.03
2009-05-06,43.27,43.49,41.14,42.63,2173900,30.58
2009-05-05,42.33,43.35,42.31,43.16,1751700,30.96
2009-05-04,42.85,43.21,42.12,42.45,2950000,30.45
2009-05-01,40.20,42.46,40.00,42.05,3669300,30.16
2009-04-30,39.26,40.71,39.01,39.31,2691500,28.20
2009-04-29,38.71,39.64,37.88,38.98,2454900,27.96
2009-04-28,36.56,40.25,36.50,37.94,4229400,27.22
2009-04-27,37.04,37.42,35.88,36.52,1796800,26.20
2009-04-24,34.55,37.70,34.52,37.41,2596000,26.84
2009-04-23,34.92,35.41,33.72,34.33,1861600,24.63
2009-04-22,33.24,35.70,33.23,34.92,1671300,25.05
2009-04-21,32.48,33.76,32.42,33.60,1688800,24.10
2009-04-20,34.30,34.30,32.06,32.52,1713500,23.33
2009-04-17,34.60,35.02,34.03,34.85,1934400,25.00
2009-04-16,33.63,34.86,33.49,34.43,2521000,24.70
2009-04-15,33.58,34.08,32.99,33.48,2586300,24.02
2009-04-14,34.24,34.25,32.92,33.59,2874300,24.10
2009-04-13,35.67,35.67,34.26,34.77,2349700,24.94
2009-04-09,33.64,35.99,33.64,35.81,4054200,25.69
2009-04-08,32.29,33.49,30.70,33.45,4858200,24.00
2009-04-07,31.52,32.45,31.16,32.09,5903900,23.02
2009-04-06,29.72,32.55,29.70,32.08,4496200,23.01
2009-04-03,28.85,30.09,28.85,30.06,3232400,21.56
2009-04-02,26.68,29.28,26.26,29.04,3863500,20.83
2009-04-01,24.34,25.90,24.23,25.73,1678900,18.46
2009-03-31,24.85,24.98,24.12,24.55,1993400,17.61
2009-03-30,25.94,25.98,24.23,24.59,1744700,17.64
2009-03-27,27.03,27.03,26.24,26.42,1792500,18.95
2009-03-26,26.32,27.42,26.22,27.33,2352400,19.61
2009-03-25,25.02,26.92,24.95,25.92,3255400,18.59
2009-03-24,25.06,25.41,24.59,24.94,2521900,17.89
2009-03-23,23.37,25.32,23.17,25.31,2398100,18.16
2009-03-20,23.01,23.95,22.50,22.87,2319600,16.41
2009-03-19,23.70,24.06,23.41,23.72,2294400,17.02
2009-03-18,22.50,23.75,22.25,23.41,2114000,16.79
2009-03-17,22.12,22.65,21.70,22.65,1764200,16.25
2009-03-16,21.81,22.90,21.71,22.05,2478300,15.82
2009-03-13,20.93,21.70,20.79,21.59,2523900,15.49
2009-03-12,20.00,20.84,19.50,20.78,2107900,14.91
2009-03-11,19.36,20.36,18.85,20.07,3279400,14.40
2009-03-10,18.21,19.37,17.92,19.36,3299400,13.89
2009-03-09,18.92,18.96,17.68,17.86,3353000,12.81
2009-03-06,20.59,20.64,18.68,19.07,3222300,13.68
2009-03-05,21.41,21.41,19.96,20.20,2217000,14.49
2009-03-04,21.64,22.31,21.06,21.89,2253000,15.70
2009-03-03,22.34,22.76,21.18,21.29,2764900,15.27
2009-03-02,23.09,23.32,22.07,22.10,2320100,15.85
2009-02-27,24.29,24.63,23.66,23.75,1956000,17.04
2009-02-26,25.98,25.98,24.75,24.79,1453200,17.78
2009-02-25,27.21,27.21,24.99,25.60,3242100,18.36
2009-02-24,26.46,27.06,25.77,26.92,1544700,19.31
2009-02-23,27.69,27.88,26.07,26.13,1752600,18.74
2009-02-20,28.01,28.12,26.95,27.48,1958500,19.71
2009-02-19,29.23,29.63,28.34,28.49,1294000,20.44
2009-02-18,29.77,29.81,28.75,29.06,2242400,20.85
2009-02-17,30.35,30.35,29.63,29.63,1449200,21.26
2009-02-13,31.41,31.69,30.76,30.77,1972000,22.07
2009-02-12,31.12,31.69,30.51,31.57,1555500,22.65
2009-02-11,31.43,32.15,31.20,31.54,1753500,22.63
2009-02-10,33.00,33.75,31.22,31.33,1996500,22.47
2009-02-09,33.90,33.90,32.87,33.13,1860100,23.77
2009-02-06,32.11,34.68,31.66,34.44,2735200,24.39
2009-02-05,31.02,32.39,30.55,32.38,2117600,22.93
2009-02-04,32.34,32.34,30.88,31.10,1275600,22.02
2009-02-03,32.14,32.33,31.27,32.18,2039400,22.79
2009-02-02,31.72,31.95,31.04,31.76,1877900,22.49
2009-01-30,33.98,34.05,31.91,32.00,2395600,22.66
2009-01-29,34.73,35.71,33.56,33.71,3369900,23.87
2009-01-28,38.27,39.13,37.86,37.96,1672600,26.88
2009-01-27,37.27,37.99,37.06,37.71,774600,26.71
2009-01-26,37.01,37.57,36.50,37.00,929300,26.20
2009-01-23,37.22,37.34,36.01,36.61,1378100,25.93
2009-01-22,38.57,38.83,37.40,38.02,1504900,26.93
2009-01-21,38.79,39.41,37.56,39.24,1368300,27.79
2009-01-20,40.01,40.36,38.12,38.18,1363200,27.04
2009-01-16,40.12,40.28,39.01,40.12,1144400,28.41
2009-01-15,38.85,39.74,38.50,39.48,1245000,27.96
2009-01-14,39.50,39.50,38.03,38.86,1501200,27.52
2009-01-13,40.51,40.54,39.22,39.63,1033400,28.07
2009-01-12,40.35,40.66,40.01,40.31,792800,28.55
2009-01-09,41.27,41.55,40.01,40.45,828000,28.65
2009-01-08,40.79,41.15,40.18,41.13,743300,29.13
2009-01-07,41.34,42.02,40.80,41.05,1310900,29.07
2009-01-06,42.68,42.83,41.92,42.10,1534700,29.81
2009-01-05,42.65,42.65,41.82,42.42,1233900,30.04
2009-01-02,41.40,42.97,40.93,42.81,720200,30.32
2008-12-31,40.05,41.45,40.05,41.28,967400,29.23
2008-12-30,39.54,40.18,39.37,40.11,820000,28.41
2008-12-29,39.43,39.70,38.95,39.40,668700,27.90
2008-12-26,39.19,39.72,38.93,39.66,747900,28.09
2008-12-24,39.72,39.72,38.67,39.07,368300,27.67
2008-12-23,39.58,39.93,38.59,38.96,1428600,27.59
2008-12-22,40.25,40.75,38.65,39.35,1156300,27.87
2008-12-19,40.31,41.32,39.86,40.23,1398700,28.49
2008-12-18,40.52,41.43,39.39,39.92,1298100,28.27
2008-12-17,40.68,41.20,40.00,40.43,1427700,28.63
2008-12-16,39.15,41.48,39.03,41.20,1552000,29.18
2008-12-15,38.86,39.01,37.60,38.50,907500,27.27
2008-12-12,37.95,39.11,37.55,38.94,1223600,27.58
2008-12-11,40.65,40.69,38.41,38.74,1926700,27.44
2008-12-10,40.78,41.10,39.95,40.71,1321500,28.83
2008-12-09,41.10,41.98,40.30,40.61,1638700,28.76
2008-12-08,40.08,41.35,39.59,40.72,1674100,28.84
2008-12-05,37.27,39.33,36.44,39.32,1062300,27.85
2008-12-04,37.06,39.01,37.02,37.68,1228100,26.68
2008-12-03,35.75,37.76,35.37,37.63,1189200,26.65
2008-12-02,35.64,36.96,34.89,36.80,1835000,26.06
2008-12-01,37.17,37.53,34.88,34.88,1302700,24.70
2008-11-28,36.68,38.08,36.15,37.80,551200,26.77
2008-11-26,34.22,36.85,33.85,36.62,827400,25.93
2008-11-25,35.70,35.92,33.64,34.82,1468300,24.66
2008-11-24,33.01,35.86,32.65,35.07,1814800,24.84
2008-11-21,32.00,32.87,30.24,32.83,2033200,23.25
2008-11-20,34.24,34.38,31.23,31.36,1882400,22.21
2008-11-19,36.38,36.38,34.52,34.52,1325600,24.45
2008-11-18,35.28,36.53,34.90,36.41,1427800,25.79
2008-11-17,35.74,36.33,35.22,35.48,1377300,25.13
2008-11-14,38.04,38.18,35.70,36.07,1193300,25.54
2008-11-13,36.10,38.77,34.69,38.77,1617800,27.46
2008-11-12,35.92,36.89,35.53,35.65,1708800,25.25
2008-11-11,36.85,37.25,35.96,36.58,1440800,25.91
2008-11-10,37.74,38.34,36.35,37.29,1455900,26.41
2008-11-07,36.24,37.34,35.98,37.33,1144300,26.44
2008-11-06,37.89,38.25,36.00,36.11,1133100,25.26
2008-11-05,39.68,40.28,37.98,38.06,863400,26.63
2008-11-04,38.85,40.07,38.36,40.07,1257100,28.03
2008-11-03,38.12,38.83,37.81,38.11,934700,26.66
2008-10-31,36.17,38.40,35.84,38.14,2419600,26.68
2008-10-30,36.51,36.68,35.07,36.49,2398200,25.53
2008-10-29,35.02,36.34,34.48,35.26,4232800,24.67
2008-10-28,34.95,35.39,33.40,35.21,4362000,24.63
2008-10-27,35.24,35.68,34.27,34.35,2097600,24.03
2008-10-24,32.00,36.13,32.00,35.12,2524200,24.57
2008-10-23,36.63,36.84,33.70,34.85,1979100,24.38
2008-10-22,38.65,38.65,35.58,36.42,2075100,25.48
2008-10-21,39.62,40.40,38.80,38.90,1086600,27.21
2008-10-20,39.35,40.41,38.77,40.26,1000700,28.16
2008-10-17,38.57,40.26,38.57,39.09,1275300,27.35
2008-10-16,39.08,40.02,37.45,39.77,1084700,27.82
2008-10-15,41.60,42.00,39.11,39.11,1009900,27.36
2008-10-14,43.69,46.98,41.52,41.84,2949500,29.27
2008-10-13,42.95,42.95,41.50,42.20,2979700,29.52
2008-10-10,43.78,43.78,39.22,41.00,2920500,28.68
2008-10-09,48.00,49.12,44.16,44.33,1345700,31.01
2008-10-08,45.82,48.51,45.66,47.43,1667400,33.18
2008-10-07,49.55,50.95,46.82,46.82,1713300,32.75
2008-10-06,51.33,51.82,48.39,50.97,1460900,35.66
2008-10-03,54.04,54.73,52.30,52.42,1215600,36.67
2008-10-02,57.33,57.43,53.50,53.80,1335300,37.64
2008-10-01,56.76,57.95,56.63,57.80,611300,40.43
2008-09-30,58.15,58.16,56.07,57.36,928300,40.13
2008-09-29,58.35,59.96,56.64,57.01,1105200,39.88
2008-09-26,60.27,60.89,59.82,59.97,941400,41.95
2008-09-25,59.80,61.46,59.60,60.92,916800,42.62
2008-09-24,59.99,60.22,59.08,59.47,697500,41.60
2008-09-23,59.94,61.28,59.40,59.69,630100,41.76
2008-09-22,62.10,62.23,59.60,59.91,827600,41.91
2008-09-19,61.00,63.67,60.38,62.77,1825400,43.91
2008-09-18,58.12,61.39,57.94,60.29,1576400,42.18
2008-09-17,58.65,58.78,57.40,57.48,1206500,40.21
2008-09-16,59.20,59.61,57.88,59.36,1005500,41.53
2008-09-15,58.86,60.52,58.86,59.15,1033900,41.38
2008-09-12,61.00,61.03,60.18,60.56,910100,42.37
2008-09-11,60.59,61.65,60.21,61.57,745000,43.07
2008-09-10,61.95,62.15,60.95,61.22,848100,42.83
2008-09-09,61.20,62.56,61.05,61.65,1732100,43.13
2008-09-08,60.43,61.28,59.32,61.20,1287600,42.81
2008-09-05,57.39,58.33,56.96,58.12,810500,40.66
2008-09-04,59.25,59.43,57.62,57.62,698600,40.31
2008-09-03,59.59,60.25,59.18,59.85,730600,41.87
2008-09-02,59.72,60.88,59.07,59.33,927200,41.51
2008-08-29,59.29,59.73,58.74,58.82,717400,41.15
2008-08-28,58.76,60.03,58.60,59.93,656000,41.92
2008-08-27,57.60,58.90,57.50,58.65,511700,41.03
2008-08-26,57.88,58.53,57.19,57.65,739100,40.33
2008-08-25,58.09,58.39,57.22,57.97,927800,40.55
2008-08-22,57.36,58.53,57.31,58.45,632000,40.89
2008-08-21,56.17,57.45,56.17,57.13,1036100,39.97
2008-08-20,58.19,58.85,57.21,57.60,783400,40.29
2008-08-19,59.17,59.73,58.02,58.39,630700,40.85
2008-08-18,61.08,61.08,59.48,59.77,594100,41.81
2008-08-15,60.44,61.07,60.30,60.85,676500,42.57
2008-08-14,59.61,60.78,59.33,60.35,689900,42.22
2008-08-13,61.01,61.01,59.27,60.18,880000,42.10
2008-08-12,60.91,61.15,60.31,60.41,846000,42.26
2008-08-11,60.26,61.69,59.67,61.19,805400,42.81
2008-08-08,58.24,60.70,58.02,60.66,800600,42.13
2008-08-07,59.71,59.76,57.87,58.12,950000,40.36
2008-08-06,60.18,60.28,59.13,60.22,761100,41.82
2008-08-05,58.50,60.59,58.37,60.49,992200,42.01
2008-08-04,57.20,58.81,57.20,58.31,645600,40.50
2008-08-01,57.68,57.93,56.47,57.31,650200,39.80
2008-07-31,57.30,58.44,56.34,57.31,902200,39.80
2008-07-30,57.62,57.89,56.65,57.80,1057600,40.14
2008-07-29,55.77,57.40,55.77,57.01,896900,39.59
2008-07-28,58.53,58.53,56.08,56.19,1106800,39.02
2008-07-25,59.64,62.55,57.72,58.78,1085900,40.82
2008-07-24,60.05,60.37,57.99,58.29,1079900,40.48
2008-07-23,58.20,60.30,57.78,60.27,1096600,41.86
2008-07-22,56.46,58.20,56.29,58.20,850700,40.42
2008-07-21,57.12,57.17,55.80,56.48,659000,39.22
2008-07-18,57.60,57.60,56.38,57.00,1227800,39.59
2008-07-17,55.36,57.86,54.66,57.48,1533000,39.92
2008-07-16,54.09,55.25,53.29,55.18,1039900,38.32
2008-07-15,53.12,55.00,52.32,54.08,1429600,37.56
2008-07-14,54.73,55.12,53.53,53.77,763200,37.34
2008-07-11,53.91,54.70,53.17,54.08,1096400,37.56
2008-07-10,55.10,55.26,54.09,54.56,962400,37.89
2008-07-09,56.02,56.24,55.06,55.06,954700,38.24
2008-07-08,55.35,56.17,54.36,56.17,1378800,39.01
2008-07-07,54.97,55.32,54.33,54.90,1834500,38.13
2008-07-03,54.57,54.87,54.14,54.85,1275100,38.09
2008-07-02,53.87,55.50,53.87,54.22,4255500,37.66
2008-07-01,55.39,58.25,51.59,54.13,7254100,37.59
2008-06-30,62.35,63.00,61.91,62.41,623300,43.34
2008-06-27,62.92,63.23,62.01,62.37,894400,43.32
2008-06-26,63.90,64.03,62.76,62.76,963100,43.59
2008-06-25,64.01,65.16,63.63,64.38,554500,44.71
2008-06-24,63.77,64.72,63.47,63.96,658700,44.42
2008-06-23,64.25,64.95,63.50,63.90,673700,44.38
2008-06-20,65.46,65.46,64.15,64.46,1029100,44.77
2008-06-19,64.60,65.83,64.28,65.75,719000,45.66
2008-06-18,64.53,65.19,64.15,64.60,706600,44.86
2008-06-17,66.62,66.72,64.84,65.19,943600,45.27
2008-06-16,65.85,66.37,65.21,66.19,770600,45.97
2008-06-13,65.95,66.63,65.54,66.16,578700,45.95
2008-06-12,65.52,65.97,65.14,65.45,743300,45.45
2008-06-11,66.15,66.19,64.88,65.00,862500,45.14
2008-06-10,65.37,67.00,65.34,66.55,913800,46.22
2008-06-09,67.20,67.20,65.79,66.13,764000,45.93
2008-06-06,68.10,68.31,66.48,66.76,960300,46.36
2008-06-05,68.42,69.29,68.22,68.93,589600,47.87
2008-06-04,68.09,68.85,67.87,68.37,540200,47.48
2008-06-03,68.46,69.05,67.86,68.17,507300,47.34
2008-06-02,69.11,69.19,68.28,68.64,689200,47.67
2008-05-30,69.55,69.83,69.07,69.48,635800,48.25
2008-05-29,68.87,69.98,68.40,69.47,669200,48.25
2008-05-28,69.56,69.72,68.65,69.22,648600,48.07
2008-05-27,68.92,69.56,68.66,69.21,681300,48.07
2008-05-23,70.08,70.08,69.02,69.02,604800,47.93
2008-05-22,70.04,70.63,69.80,70.40,782400,48.89
2008-05-21,71.24,71.34,69.78,70.18,1110600,48.74
2008-05-20,71.31,71.67,70.87,71.03,813800,49.33
2008-05-19,71.36,71.90,71.10,71.51,692500,49.66
2008-05-16,71.15,71.46,70.92,71.36,610300,49.56
2008-05-15,70.84,71.47,70.53,71.18,686300,49.43
2008-05-14,70.46,71.57,70.10,70.91,980800,49.25
2008-05-13,69.86,70.27,69.44,70.10,652100,48.68
2008-05-12,68.90,69.84,68.65,69.84,682400,48.50
2008-05-09,68.90,69.42,68.64,68.96,673200,47.60
2008-05-08,68.96,69.72,68.80,69.55,701000,48.01
2008-05-07,69.42,70.14,68.80,68.80,966200,47.49
2008-05-06,68.88,69.86,67.97,69.48,972800,47.96
2008-05-05,69.23,69.35,68.50,69.04,649400,47.66
2008-05-02,69.35,69.63,68.57,69.43,938700,47.92
2008-05-01,67.40,69.19,67.31,68.83,1311600,47.51
2008-04-30,68.97,69.35,67.51,67.62,1292200,46.68
2008-04-29,68.64,69.68,68.64,69.21,665700,47.77
2008-04-28,68.24,69.16,68.02,68.56,973900,47.32
2008-04-25,68.86,69.39,67.92,68.48,820900,47.27
2008-04-24,70.00,70.49,67.90,68.86,1562300,47.53
2008-04-23,70.33,71.31,70.04,70.88,546200,48.93
2008-04-22,70.57,70.90,70.19,70.62,678100,48.75
2008-04-21,71.01,71.51,70.59,70.99,740400,49.00
2008-04-18,71.47,72.34,71.24,71.40,877800,49.28
2008-04-17,70.95,71.35,70.49,70.85,780600,48.90
2008-04-16,71.09,71.31,70.59,71.31,1034300,49.22
2008-04-15,70.89,71.14,70.20,70.63,795000,48.75
2008-04-14,70.92,71.24,70.65,70.72,778600,48.82
2008-04-11,71.15,72.00,70.83,70.92,634000,48.95
2008-04-10,71.97,72.45,71.55,71.73,750700,49.51
2008-04-09,72.31,72.90,71.73,71.88,850400,49.62
2008-04-08,73.67,73.78,72.75,72.91,936200,50.33
2008-04-07,74.16,74.44,73.56,73.92,642100,51.02
2008-04-04,73.35,74.44,72.62,73.92,965000,51.02
2008-04-03,72.06,73.49,71.52,73.18,1003200,50.51
2008-04-02,73.08,73.72,72.33,72.64,1559100,50.14
2008-04-01,69.53,72.73,69.53,72.73,1748900,50.20
2008-03-31,64.23,69.68,64.23,69.50,2481200,47.97
2008-03-28,64.92,65.07,63.69,63.86,720200,44.08
2008-03-27,66.52,66.67,64.39,64.50,1269400,44.52
2008-03-26,67.15,67.23,66.05,66.69,682400,46.03
2008-03-25,67.34,67.83,66.65,67.37,743600,46.50
2008-03-24,66.10,67.43,65.97,67.31,707900,46.46
2008-03-20,65.35,66.13,64.78,65.96,1139700,45.53
2008-03-19,65.75,66.22,64.83,64.84,1114900,44.76
2008-03-18,64.61,65.07,63.55,65.07,941600,44.92
2008-03-17,62.13,63.90,62.13,63.43,1057600,43.78
2008-03-14,64.90,65.15,62.87,63.23,1306300,43.65
2008-03-13,64.54,65.17,63.82,64.88,1080400,44.78
2008-03-12,65.27,66.12,65.16,65.31,837400,45.08
2008-03-11,64.25,65.36,63.92,65.36,942900,45.12
2008-03-10,63.86,64.40,63.46,63.51,1151300,43.84
2008-03-07,63.50,64.23,63.33,63.92,1086500,44.12
2008-03-06,64.59,64.59,63.81,63.86,649100,44.08
2008-03-05,64.97,65.55,63.95,64.78,1034300,44.71
2008-03-04,64.62,65.23,64.15,64.94,777600,44.83
2008-03-03,64.53,65.47,64.36,65.34,753200,45.10
2008-02-29,66.56,66.83,64.81,64.98,1074700,44.85
2008-02-28,67.11,67.53,66.90,67.10,705800,46.32
2008-02-27,67.30,67.91,67.09,67.68,718500,46.72
2008-02-26,66.67,67.81,66.29,67.58,1096900,46.65
2008-02-25,65.12,66.91,65.03,66.79,1380100,46.10
2008-02-22,64.84,65.11,63.74,64.96,929500,44.84
2008-02-21,65.00,65.34,64.40,64.45,904800,44.49
2008-02-20,64.52,65.00,64.00,64.90,928300,44.80
2008-02-19,65.34,65.34,64.31,64.62,716800,44.60
2008-02-15,64.01,64.62,64.01,64.60,715700,44.59
2008-02-14,65.80,66.02,64.08,64.13,770600,44.27
2008-02-13,65.51,66.03,65.16,65.73,918000,45.37
2008-02-12,65.04,65.50,64.70,65.14,596500,44.96
2008-02-11,64.50,65.14,64.00,65.04,657300,44.89
2008-02-08,65.44,65.88,64.66,64.81,667500,44.74
2008-02-07,65.82,66.46,64.89,65.88,1134200,45.47
2008-02-06,66.57,66.91,65.73,65.98,865900,45.54
2008-02-05,67.56,67.69,66.16,66.25,1044900,45.73
2008-02-04,68.85,68.96,67.67,67.69,737300,46.72
2008-02-01,69.81,70.36,69.09,69.40,1141400,47.61
2008-01-31,66.34,70.45,66.01,69.92,1384600,47.97
2008-01-30,68.58,68.84,67.24,67.27,1098200,46.15
2008-01-29,67.15,69.20,67.11,69.01,977700,47.35
2008-01-28,67.55,67.55,65.22,66.99,1166100,45.96
2008-01-25,69.72,69.74,67.42,67.59,2072000,46.37
2008-01-24,69.90,70.04,68.39,68.82,1666800,47.22
2008-01-23,63.01,69.20,63.01,69.16,2284300,47.45
2008-01-22,63.23,66.24,63.23,65.67,2005900,45.06
2008-01-18,66.86,67.53,65.45,65.81,1624700,45.15
2008-01-17,67.86,68.17,66.20,66.28,1707900,45.47
2008-01-16,66.94,68.30,66.43,67.63,1132500,46.40
2008-01-15,67.46,67.77,67.00,67.32,1285100,46.19
2008-01-14,68.68,68.70,67.74,68.16,1765900,46.76
2008-01-11,67.76,68.26,67.26,68.00,963500,46.65
2008-01-10,67.09,68.76,67.09,68.25,1137000,46.83
2008-01-09,69.95,70.14,67.12,67.72,1818600,46.46
2008-01-08,70.47,71.31,70.14,70.20,1113200,48.16
2008-01-07,71.62,71.71,69.90,70.26,1455700,48.20
2008-01-04,71.94,72.22,70.20,71.14,2484600,48.81
2008-01-03,72.30,72.58,71.96,72.02,795600,49.41
2008-01-02,72.01,72.51,71.24,72.00,929500,49.40
