Date,Open,High,Low,Close,Volume,Adj Close
2013-12-31,91.00,91.18,90.46,90.81,3098900,90.22
2013-12-30,90.85,91.03,90.28,90.87,2625000,90.28
2013-12-27,91.14,91.43,90.56,90.87,3373800,90.28
2013-12-26,90.99,91.67,90.70,91.15,4790800,90.56
2013-12-24,90.00,90.98,89.99,90.91,2675700,90.32
2013-12-23,89.31,90.07,89.27,89.96,5733300,89.38
2013-12-20,87.85,89.11,87.81,88.93,7389700,88.35
2013-12-19,87.50,87.84,87.26,87.54,4299700,86.97
2013-12-18,87.01,88.46,86.65,88.17,6963200,87.60
2013-12-17,87.22,87.65,86.38,86.92,4764400,86.36
2013-12-16,86.50,87.85,86.44,87.38,6976200,86.81
2013-12-13,85.67,86.23,85.57,86.05,4226200,85.49
2013-12-12,85.37,85.70,84.84,85.57,4551700,85.01
2013-12-11,86.03,86.22,85.12,85.28,5624100,84.73
2013-12-10,85.97,86.87,85.92,86.42,4987000,85.86
2013-12-09,85.70,86.53,85.56,86.09,6023400,85.53
2013-12-06,85.06,85.58,84.93,85.50,5759300,84.94
2013-12-05,83.92,84.58,83.70,84.41,5291900,83.86
2013-12-04,83.75,84.38,83.11,83.97,5246700,83.42
2013-12-03,83.80,83.95,83.27,83.87,3924300,83.33
2013-12-02,84.70,85.09,84.03,84.25,4834700,83.70
2013-11-29,84.64,85.18,84.53,84.60,2284400,84.05
2013-11-27,84.43,84.93,84.33,84.67,3053600,84.12
2013-11-26,84.80,84.83,84.01,84.36,3834900,83.81
2013-11-25,84.40,84.94,83.87,84.40,8111400,83.85
2013-11-22,82.22,82.95,82.00,82.88,4403800,82.34
2013-11-21,83.05,83.09,81.87,82.12,6208500,81.59
2013-11-20,83.18,83.71,82.46,82.68,7443000,82.14
2013-11-19,84.11,84.50,83.48,83.67,5010300,83.13
2013-11-18,84.05,84.97,83.74,84.04,4803100,83.49
2013-11-15,84.00,84.11,83.50,83.74,4743900,83.20
2013-11-14,84.00,84.20,83.56,83.76,4496300,83.22
2013-11-13,83.46,84.25,83.00,84.20,3952800,83.65
2013-11-12,83.98,84.28,83.54,83.85,3483000,83.31
2013-11-11,84.19,84.47,83.82,84.15,2522500,83.60
2013-11-08,83.52,84.32,83.50,84.24,4557300,83.69
2013-11-07,83.95,84.43,83.50,83.65,5431600,83.11
2013-11-06,84.30,84.36,83.85,84.22,3664100,83.67
2013-11-05,83.61,84.19,83.36,84.05,4010900,83.50
2013-11-04,83.81,83.99,83.45,83.89,3892500,83.35
2013-11-01,83.78,83.80,82.80,83.59,5880200,83.05
2013-10-31,83.44,84.27,83.36,83.36,4651300,82.82
2013-10-30,84.17,84.35,83.21,83.49,4657000,82.95
2013-10-29,83.91,84.10,83.29,84.07,5324100,83.52
2013-10-28,84.50,84.73,84.15,84.28,3979200,83.73
2013-10-25,84.32,84.78,83.61,84.77,4886400,84.22
2013-10-24,83.32,85.00,83.13,84.53,8368700,83.98
2013-10-23,84.15,84.65,83.05,83.76,20968800,83.22
2013-10-22,87.88,89.17,87.54,89.17,9152900,88.59
2013-10-21,87.72,87.80,87.19,87.70,3883500,87.13
2013-10-18,86.31,87.76,86.27,87.34,6752700,86.77
2013-10-17,85.33,85.99,84.95,85.85,3850700,85.29
2013-10-16,86.06,86.49,85.60,86.27,3549500,85.11
2013-10-15,86.24,86.75,85.69,85.75,4896500,84.60
2013-10-14,85.06,86.42,84.86,86.24,4689600,85.08
2013-10-11,84.64,85.85,84.35,85.61,4110300,84.46
2013-10-10,84.44,84.95,84.07,84.73,4317100,83.59
2013-10-09,83.05,83.89,82.45,83.52,4577500,82.40
2013-10-08,83.54,83.89,82.63,82.85,5671300,81.74
2013-10-07,83.46,84.16,83.30,83.53,3364300,82.41
2013-10-04,83.97,84.35,83.54,84.20,3212000,83.07
2013-10-03,83.89,84.27,83.42,83.97,4223500,82.84
2013-10-02,83.52,84.25,83.33,84.07,3324900,82.94
2013-10-01,83.56,84.30,83.08,83.76,3866000,82.64
2013-09-30,82.95,83.83,82.83,83.40,5401500,82.28
2013-09-27,83.62,83.92,83.38,83.80,3017600,82.68
2013-09-26,84.59,84.85,83.90,84.20,3475100,83.07
2013-09-25,85.14,85.55,84.43,84.50,3824700,83.37
2013-09-24,85.13,85.44,84.53,85.11,3720900,83.97
2013-09-23,85.00,85.39,84.38,85.03,6048400,83.89
2013-09-20,87.61,87.65,84.75,84.75,13435200,83.61
2013-09-19,88.04,88.25,87.31,87.75,4765200,86.57
2013-09-18,86.31,88.01,86.20,87.84,5564700,86.66
2013-09-17,87.36,87.45,86.67,87.07,3415400,85.90
2013-09-16,87.96,88.22,87.03,87.18,4866600,86.01
2013-09-13,87.10,87.20,86.38,87.01,3276000,85.84
2013-09-12,86.94,87.22,86.62,86.84,3980600,85.68
2013-09-11,86.50,87.13,86.26,87.13,4382900,85.96
2013-09-10,86.81,86.89,86.18,86.61,6298400,85.45
2013-09-09,84.04,86.03,84.02,85.59,6702200,84.44
2013-09-06,83.22,84.22,82.40,83.39,5566500,82.27
2013-09-05,83.37,83.52,82.71,82.95,3728400,81.84
2013-09-04,82.75,83.74,82.30,83.54,4482200,82.42
2013-09-03,83.15,83.54,81.72,82.51,7544200,81.40
2013-08-30,82.59,82.76,82.21,82.54,4425700,81.43
2013-08-29,82.50,83.06,82.02,82.53,3706400,81.42
2013-08-28,81.81,82.66,81.46,82.45,6762900,81.34
2013-08-27,82.88,83.54,82.48,82.70,5569900,81.59
2013-08-26,83.98,84.78,83.52,83.56,4123300,82.44
2013-08-23,84.38,84.40,83.40,83.89,4487200,82.77
2013-08-22,83.31,84.49,83.06,84.17,4739900,83.04
2013-08-21,83.52,83.85,82.83,82.94,5562600,81.83
2013-08-20,83.80,84.46,83.27,83.86,4690000,82.74
2013-08-19,85.15,85.50,83.95,84.20,3766000,83.07
2013-08-16,85.85,86.40,85.14,85.16,4706500,84.02
2013-08-15,84.96,86.53,84.88,85.86,5138900,84.71
2013-08-14,86.86,87.00,85.71,85.82,4462900,84.67
2013-08-13,86.62,87.43,86.45,86.57,6710300,85.41
2013-08-12,84.19,86.45,84.06,86.32,8608300,85.16
2013-08-09,83.80,84.79,83.50,84.51,5478600,83.38
2013-08-08,82.95,84.59,82.92,83.96,6400600,82.83
2013-08-07,82.38,82.77,81.80,82.43,4292400,81.33
2013-08-06,83.31,83.32,82.15,82.53,7223600,81.42
2013-08-05,84.11,84.29,83.50,83.56,3758400,82.44
2013-08-02,84.29,84.68,83.50,84.30,4864700,83.17
2013-08-01,83.62,84.81,83.11,84.44,6570400,83.31
2013-07-31,83.58,83.90,82.84,82.91,7012900,81.80
2013-07-30,83.47,83.75,82.66,83.19,5266000,82.08
2013-07-29,82.42,83.35,82.00,83.02,9068800,81.91
2013-07-26,81.88,82.08,81.43,82.06,5727000,80.96
2013-07-25,82.05,82.58,81.35,82.14,9941300,81.04
2013-07-24,84.58,85.28,82.64,83.44,16602100,82.32
2013-07-23,85.49,86.38,85.12,85.52,6891800,84.37
2013-07-22,85.38,86.55,85.38,86.00,4835000,84.85
2013-07-19,85.45,85.89,85.15,85.65,5086200,84.50
2013-07-18,85.88,86.60,85.42,85.72,7045900,84.57
2013-07-17,88.45,89.00,85.88,86.67,15077400,84.92
2013-07-16,87.72,88.53,87.42,88.17,5432100,86.39
2013-07-15,87.24,88.03,87.19,87.40,4161800,85.63
2013-07-12,86.63,87.27,86.54,87.17,4876100,85.41
2013-07-11,86.46,86.89,86.10,86.70,5434500,84.95
2013-07-10,85.42,85.77,84.79,84.96,4216800,83.24
2013-07-09,84.07,86.25,83.72,85.33,7882100,83.60
2013-07-08,82.40,83.20,82.25,83.20,4879100,81.52
2013-07-05,82.53,82.63,81.40,82.14,4819500,80.48
2013-07-03,82.15,82.50,81.56,81.85,2928200,80.19
2013-07-02,82.77,83.59,82.04,82.48,3659900,80.81
2013-07-01,83.04,83.25,82.27,82.72,4676300,81.05
2013-06-28,82.76,83.19,82.31,82.49,8448800,80.82
2013-06-27,82.55,83.17,82.55,82.96,4658000,81.28
2013-06-26,82.92,83.43,81.70,82.10,6950600,80.44
2013-06-25,82.34,82.68,81.97,82.33,6249000,80.66
2013-06-24,82.06,82.25,80.86,81.52,7525600,79.87
2013-06-21,84.02,84.02,81.93,83.12,9736500,81.44
2013-06-20,83.19,83.68,82.35,83.20,7628100,81.52
2013-06-19,84.50,85.29,84.25,84.25,4711700,82.55
2013-06-18,84.09,84.87,83.96,84.55,3723900,82.84
2013-06-17,83.55,84.43,83.42,83.92,4389500,82.22
2013-06-14,85.01,85.14,83.40,83.87,5147500,82.17
2013-06-13,83.32,85.28,83.19,85.14,6352100,83.42
2013-06-12,84.17,84.38,83.01,83.21,4748100,81.53
2013-06-11,83.03,83.97,82.63,83.52,5275900,81.83
2013-06-10,84.71,84.77,83.63,83.80,4965200,82.10
2013-06-07,84.65,85.37,83.64,84.65,5474100,82.94
2013-06-06,84.30,84.31,83.30,84.00,7009400,82.30
2013-06-05,85.47,85.73,84.23,84.42,7359000,82.71
2013-06-04,85.95,86.47,85.44,85.92,5105500,84.18
2013-06-03,85.91,86.30,85.74,86.13,6092700,84.39
2013-05-31,86.23,86.95,85.80,85.80,5522300,84.06
2013-05-30,86.47,87.00,85.99,86.41,3568000,84.66
2013-05-29,85.73,86.66,85.33,86.49,5110500,84.74
2013-05-28,87.04,87.39,85.90,86.19,5800400,84.45
2013-05-24,86.26,86.72,85.77,86.21,4637400,84.47
2013-05-23,86.03,87.38,85.78,86.95,6026800,85.19
2013-05-22,88.09,89.09,87.15,87.70,6479100,85.93
2013-05-21,88.65,88.98,87.73,88.10,4730000,86.32
2013-05-20,87.57,88.75,87.27,88.33,5603200,86.54
2013-05-17,87.39,87.86,87.10,87.67,6690800,85.90
2013-05-16,86.55,87.65,86.10,86.78,8192200,85.02
2013-05-15,86.97,87.18,86.44,87.00,6925400,85.24
2013-05-14,87.82,88.00,86.86,87.55,6856900,85.78
2013-05-13,88.19,88.49,87.75,88.07,5483600,86.29
2013-05-10,89.96,90.25,87.90,88.62,6967500,86.83
2013-05-09,89.98,90.69,89.55,89.95,5166100,88.13
2013-05-08,89.76,90.40,89.18,90.31,7431000,88.48
2013-05-07,88.11,89.81,87.91,89.79,10406900,87.97
2013-05-06,87.13,87.95,86.88,87.59,6381000,85.82
2013-05-03,85.59,87.48,85.48,86.98,11890000,85.22
2013-05-02,83.34,84.56,83.10,84.26,5798600,82.56
2013-05-01,84.07,84.35,82.66,83.08,11607000,81.40
2013-04-30,84.81,85.38,83.36,84.67,6954300,82.96
2013-04-29,85.11,85.50,84.07,84.80,6065100,83.08
2013-04-26,84.35,85.08,84.25,84.68,6160700,82.97
2013-04-25,84.70,85.02,84.02,84.51,6556100,82.80
2013-04-24,84.28,84.65,83.29,83.78,7022000,82.08
2013-04-23,83.91,84.72,82.74,84.10,12932500,82.40
2013-04-22,81.24,83.13,79.49,82.71,18449600,81.04
2013-04-19,80.95,81.16,80.01,80.43,7009500,78.80
2013-04-18,81.34,81.34,80.05,80.46,6886900,78.83
2013-04-17,81.54,81.62,80.62,81.47,9405300,79.31
2013-04-16,83.63,83.73,82.12,82.61,6566500,80.42
2013-04-15,84.24,84.33,81.91,82.27,10345400,80.09
2013-04-12,84.99,85.33,84.30,85.05,4934500,82.80
2013-04-11,86.89,87.00,85.30,85.70,6920000,83.43
2013-04-10,86.38,86.88,85.90,86.57,6258700,84.28
2013-04-09,84.38,86.65,84.05,85.90,10533700,83.62
2013-04-08,84.69,85.35,83.71,84.19,6722000,81.96
2013-04-05,83.41,85.36,83.05,84.60,8985600,82.36
2013-04-04,84.17,84.73,83.84,84.63,7646200,82.39
2013-04-03,83.91,84.62,83.60,84.12,9222400,81.89
2013-04-02,86.02,86.02,84.47,84.88,6514300,82.63
2013-04-01,86.86,86.94,85.41,85.64,5666900,83.37
2013-03-28,87.05,87.98,86.65,86.97,6213400,84.67
2013-03-27,86.43,87.16,85.80,86.90,4838700,84.60
2013-03-26,87.06,87.39,86.66,87.00,4173000,84.70
2013-03-25,87.93,87.96,86.05,86.64,6685300,84.35
2013-03-22,87.01,87.63,86.97,87.48,5115500,85.16
2013-03-21,86.43,87.32,86.43,86.83,5449600,84.53
2013-03-20,87.61,87.88,86.42,86.94,9389000,84.64
2013-03-19,89.40,89.40,87.44,88.27,7509300,85.93
2013-03-18,87.89,90.02,87.67,89.36,7159800,86.99
2013-03-15,88.61,89.25,88.11,88.83,7379400,86.48
2013-03-14,89.47,89.55,88.17,88.70,7328500,86.35
2013-03-13,89.80,89.91,89.13,89.28,5836100,86.92
2013-03-12,91.16,91.16,89.40,89.74,6593300,87.36
2013-03-11,90.49,91.52,90.10,91.18,4846300,88.76
2013-03-08,90.43,90.72,90.01,90.51,5084900,88.11
2013-03-07,89.90,90.40,89.27,89.65,4738200,87.28
2013-03-06,90.97,91.05,89.41,89.64,7135900,87.27
2013-03-05,90.49,91.28,89.99,90.21,5352500,87.82
2013-03-04,90.61,90.75,89.19,89.75,6350500,87.37
2013-03-01,91.54,91.96,90.13,91.36,4924400,88.94
2013-02-28,92.49,93.16,92.23,92.37,5446500,89.92
2013-02-27,90.06,92.36,90.06,92.25,6147300,89.81
2013-02-26,89.59,90.20,88.50,89.95,7114200,87.57
2013-02-25,91.81,92.22,89.08,89.16,7540300,86.80
2013-02-22,91.99,92.49,91.05,91.54,5851800,89.12
2013-02-21,92.76,92.79,90.57,91.53,7193400,89.11
2013-02-20,95.00,95.10,93.05,93.22,8570800,90.75
2013-02-19,95.74,96.37,95.13,95.60,4368800,93.07
2013-02-15,96.26,96.42,95.29,95.61,4377200,93.08
2013-02-14,96.06,96.68,95.68,96.07,3586300,93.53
2013-02-13,97.09,97.50,96.02,96.38,3718500,93.83
2013-02-12,96.67,97.41,96.67,97.22,4149000,94.65
2013-02-11,96.96,96.99,96.30,96.60,2739200,94.04
2013-02-08,96.10,97.50,96.10,96.85,3934200,94.28
2013-02-07,97.42,98.16,95.21,96.11,6210100,93.56
2013-02-06,97.87,98.75,97.36,97.70,4489600,95.11
2013-02-05,98.58,99.10,98.32,98.44,4178000,95.83
2013-02-04,98.76,98.87,97.91,98.26,5765000,95.66
2013-02-01,99.00,99.70,98.95,99.49,6138500,96.85
2013-01-31,97.99,98.71,97.90,98.39,7154500,95.78
2013-01-30,98.83,98.96,98.25,98.65,5681000,96.04
2013-01-29,97.92,99.20,97.72,98.60,6961900,95.99
2013-01-28,98.06,98.74,96.43,97.45,15997500,94.87
2013-01-25,95.92,96.28,94.66,95.58,8902700,93.05
2013-01-24,96.00,97.74,96.00,96.60,5816300,94.04
2013-01-23,97.48,97.72,96.60,96.85,4971000,94.28
2013-01-22,96.39,97.73,96.05,97.72,8330100,95.13
2013-01-18,96.43,97.62,96.09,97.62,8330900,95.03
2013-01-17,95.71,96.29,95.09,95.70,4824100,93.17
2013-01-16,95.10,95.67,94.83,95.19,3809700,92.67
2013-01-15,94.21,95.83,94.18,95.67,4789800,93.14
2013-01-14,95.32,95.48,94.15,94.63,3685800,92.12
2013-01-11,94.56,95.39,94.12,95.19,4288500,92.67
2013-01-10,95.11,95.19,94.23,95.08,4596400,92.56
2013-01-09,94.10,94.77,94.10,94.44,3546100,91.94
2013-01-08,94.67,95.19,93.57,94.00,5616100,91.51
2013-01-07,94.57,95.67,94.40,95.21,5368800,92.69
2013-01-04,94.57,94.92,94.04,94.92,5658600,92.41
2013-01-03,93.22,94.99,92.89,94.40,9329000,91.90
2013-01-02,92.95,94.44,92.95,93.50,11590000,91.02
2012-12-31,86.81,89.80,86.67,89.61,7213000,87.24
2012-12-28,87.09,87.60,86.69,86.81,3309200,84.51
2012-12-27,87.87,88.41,86.55,87.66,3953800,85.34
2012-12-26,87.67,88.68,87.57,87.67,3236100,85.35
2012-12-24,87.51,87.83,87.16,87.48,2326700,85.16
2012-12-21,87.50,88.18,86.48,87.90,10727800,85.57
2012-12-20,89.90,90.13,88.64,89.50,6893600,87.13
2012-12-19,90.91,91.83,90.74,90.79,7065800,87.88
2012-12-18,89.67,91.09,89.67,90.77,6653300,87.86
2012-12-17,89.25,89.69,88.90,89.64,6092800,86.77
2012-12-14,88.35,89.50,88.32,89.00,5866400,86.15
2012-12-13,87.85,89.31,87.82,88.36,6100000,85.53
2012-12-12,87.89,88.77,87.46,87.95,7093300,85.13
2012-12-11,87.60,88.16,87.04,87.33,5371600,84.53
2012-12-10,86.81,87.45,86.38,87.23,4336600,84.43
2012-12-07,86.70,87.55,86.52,86.99,7337200,84.20
2012-12-06,85.83,86.33,85.08,85.95,4132300,83.19
2012-12-05,84.62,86.57,84.57,86.05,8604400,83.29
2012-12-04,84.05,84.96,83.75,84.16,4468400,81.46
2012-12-03,85.92,85.92,84.43,84.49,4714100,81.78
2012-11-30,86.33,86.35,85.03,85.24,5663400,82.51
2012-11-29,85.55,86.48,85.48,86.25,7846300,83.48
2012-11-28,83.63,85.09,83.00,84.94,4884700,82.22
2012-11-27,84.50,85.12,83.90,84.01,4195600,81.32
2012-11-26,83.81,84.81,83.81,84.65,4240800,81.94
2012-11-23,83.62,84.19,83.25,84.16,2663700,81.46
2012-11-21,82.95,83.74,82.65,83.05,4517100,80.39
2012-11-20,83.70,83.77,82.59,83.33,5535900,80.66
2012-11-19,83.37,83.84,83.15,83.62,5674800,80.94
2012-11-16,81.37,82.21,80.16,81.93,8050900,79.30
2012-11-15,81.35,82.57,80.50,81.30,7794600,78.69
2012-11-14,83.90,83.90,80.88,81.10,8497000,78.50
2012-11-13,84.72,85.18,83.17,83.26,7695300,80.59
2012-11-12,84.44,85.57,84.23,85.18,5800500,82.45
2012-11-09,83.00,85.29,82.90,84.95,7282200,82.23
2012-11-08,85.16,85.24,83.52,83.66,6240600,80.98
2012-11-07,86.73,87.23,84.84,85.02,8209200,82.29
2012-11-06,87.35,88.60,87.30,88.08,7048900,85.26
2012-11-05,85.85,86.78,85.59,86.77,4044600,83.99
2012-11-02,88.49,88.50,85.70,85.79,6982000,83.04
2012-11-01,85.22,87.86,85.00,87.65,8550000,84.84
2012-10-31,85.53,85.92,84.45,84.81,5914600,82.09
2012-10-26,83.48,84.32,83.24,84.25,7165300,81.55
2012-10-25,83.39,83.54,82.36,83.53,5983300,80.85
2012-10-24,84.07,84.14,82.52,82.73,5509000,80.08
2012-10-23,83.90,84.14,82.98,83.58,7496100,80.90
2012-10-22,82.94,86.04,82.29,85.08,17158300,82.35
2012-10-19,85.33,85.48,83.49,83.86,9874300,81.17
2012-10-18,86.38,87.53,85.83,86.62,6813600,83.84
2012-10-17,85.62,86.77,85.21,86.63,7339000,83.35
2012-10-16,83.59,85.04,83.21,84.96,6943000,81.74
2012-10-15,82.91,83.20,82.10,82.81,6357300,79.67
2012-10-12,83.00,84.10,82.46,82.82,6012400,79.68
2012-10-11,83.39,83.70,82.25,82.85,7643800,79.71
2012-10-10,83.89,84.37,82.60,83.16,10634900,80.01
2012-10-09,85.72,86.15,84.50,84.75,5810600,81.54
2012-10-08,84.94,85.81,84.43,85.44,4532600,82.20
2012-10-05,86.85,87.34,85.01,85.43,6547700,82.19
2012-10-04,85.52,86.50,85.20,85.96,5076900,82.70
2012-10-03,85.51,85.64,84.55,85.28,5584500,82.05
2012-10-02,85.63,85.93,84.35,85.47,8819000,82.23
2012-10-01,86.72,87.15,85.24,85.47,7385000,82.23
2012-09-28,86.36,86.59,85.43,86.04,7519300,82.78
2012-09-27,87.84,87.95,86.75,86.92,7585300,83.63
2012-09-26,86.90,87.93,85.80,86.95,8864800,83.66
2012-09-25,88.66,89.55,87.00,87.01,13936300,83.71
2012-09-24,90.45,91.78,90.45,90.87,8604700,87.43
2012-09-21,93.42,93.42,91.37,91.72,10786300,88.25
2012-09-20,92.99,92.99,91.25,92.54,7094100,89.04
2012-09-19,93.30,94.23,92.81,93.94,6785200,90.38
2012-09-18,91.77,93.07,91.77,93.07,6596500,89.55
2012-09-17,92.94,93.50,91.73,91.99,7996500,88.51
2012-09-14,92.21,94.28,91.98,93.17,11375700,89.64
2012-09-13,88.63,90.97,88.30,90.68,7836600,87.25
2012-09-12,89.49,90.24,88.66,89.12,6016400,85.74
2012-09-11,87.70,89.12,87.41,88.60,5877800,85.24
2012-09-10,87.94,88.63,87.08,87.10,5591600,83.80
2012-09-07,87.26,88.44,86.75,88.10,10698000,84.76
2012-09-06,83.55,84.93,83.35,84.79,6982600,81.58
2012-09-05,82.60,83.08,81.78,82.75,6234700,79.62
2012-09-04,85.03,85.13,82.21,82.66,11287600,79.53
2012-08-31,85.18,85.94,84.25,85.33,5481300,82.10
2012-08-30,85.56,85.82,84.46,84.47,5170100,81.27
2012-08-29,85.58,86.33,84.45,86.09,8731900,82.83
2012-08-28,86.37,86.99,85.88,86.01,4697200,82.75
2012-08-27,87.65,88.00,86.54,86.63,4273400,83.35
2012-08-24,86.92,87.75,86.40,87.47,4979000,84.16
2012-08-23,88.64,88.72,87.14,87.63,5469400,84.31
2012-08-22,90.04,90.28,87.63,88.72,8843500,85.36
2012-08-21,91.00,92.08,89.95,90.29,7159700,86.87
2012-08-20,89.74,90.48,89.23,90.44,5296000,87.01
2012-08-17,89.86,90.10,89.10,90.01,7848500,86.60
2012-08-16,87.74,88.83,87.23,88.59,4979200,85.23
2012-08-15,87.25,87.73,86.16,87.61,6345200,84.29
2012-08-14,89.49,89.65,87.76,87.87,5485600,84.54
2012-08-13,88.84,89.27,87.60,88.61,5403400,85.25
2012-08-10,88.26,88.96,87.64,88.94,5500300,85.57
2012-08-09,87.41,88.79,87.25,88.40,6700600,85.05
2012-08-08,86.49,87.88,86.35,87.22,6139600,83.92
2012-08-07,87.00,88.32,86.75,87.22,6049800,83.92
2012-08-06,85.73,87.00,85.48,86.35,6384800,83.08
2012-08-03,84.53,86.00,84.07,85.02,6941300,81.80
2012-08-02,82.46,84.30,82.10,83.12,8097300,79.97
2012-08-01,85.00,85.07,82.50,82.65,9366200,79.52
2012-07-31,85.77,86.36,84.14,84.21,9192500,81.02
2012-07-30,86.62,86.97,85.00,85.69,6504600,82.44
2012-07-27,83.18,86.60,82.03,86.16,11229000,82.90
2012-07-26,83.84,84.65,82.10,83.30,10138200,80.15
2012-07-25,85.13,85.45,80.29,82.60,19877300,79.47
2012-07-24,82.75,83.30,80.27,81.43,8780500,78.35
2012-07-23,79.66,82.60,78.79,81.58,7567700,78.49
2012-07-20,81.93,82.57,80.66,80.95,5897000,77.88
2012-07-19,82.96,83.40,82.05,82.63,5616100,79.50
2012-07-18,80.53,83.35,80.09,82.52,7457800,79.39
2012-07-17,81.89,82.29,79.95,81.91,6462700,78.31
2012-07-16,81.85,81.85,80.20,81.15,4989800,77.58
2012-07-13,79.95,82.14,79.55,82.07,7619500,78.46
2012-07-12,78.98,80.33,78.25,79.64,8743600,76.14
2012-07-11,80.52,80.74,79.25,79.74,8184100,76.23
2012-07-10,83.56,84.30,79.12,80.27,15154700,76.74
2012-07-09,83.94,84.35,82.96,83.14,6291200,79.48
2012-07-06,85.25,85.25,83.83,84.61,6952000,80.89
2012-07-05,86.63,87.56,85.63,86.79,5547600,82.97
2012-07-03,83.90,86.70,83.88,86.46,4357800,82.66
2012-07-02,85.35,85.48,83.04,83.68,6420600,80.00
2012-06-29,84.32,84.94,83.81,84.91,7053400,81.18
2012-06-28,81.66,82.70,80.96,82.63,9716100,79.00
2012-06-27,82.63,82.87,81.71,82.25,7407600,78.63
2012-06-26,83.31,83.52,81.80,82.73,5590300,79.09
2012-06-25,83.95,83.98,82.12,82.89,7390700,79.24
2012-06-22,85.50,86.05,84.85,84.96,6408200,81.22
2012-06-21,87.09,87.45,84.84,84.98,8578400,81.24
2012-06-20,88.14,88.72,86.50,87.17,9413700,83.34
2012-06-19,87.57,89.79,87.20,88.84,6254700,84.93
2012-06-18,86.35,87.09,85.67,86.74,4722600,82.93
2012-06-15,86.40,86.95,85.69,86.93,6571800,83.11
2012-06-14,85.31,86.25,84.50,85.89,6124300,82.11
2012-06-13,86.25,87.00,84.68,85.29,8308300,81.54
2012-06-12,85.82,87.05,84.76,87.05,5270100,83.22
2012-06-11,89.20,89.46,85.09,85.19,6436400,81.44
2012-06-08,86.83,87.67,85.33,87.60,4399100,83.75
2012-06-07,88.82,89.87,86.92,87.14,7773300,83.31
2012-06-06,84.72,86.66,84.52,86.66,8464000,82.85
2012-06-05,83.02,84.80,83.02,83.65,9212900,79.97
2012-06-04,85.94,85.95,82.73,83.26,9812600,79.60
2012-06-01,85.08,86.80,84.72,85.52,9572500,81.76
2012-05-31,88.42,88.50,86.01,87.62,12370400,83.77
2012-05-30,90.99,91.00,89.50,90.18,6350800,86.21
2012-05-29,91.20,93.93,90.89,92.52,8238800,88.45
2012-05-25,91.39,91.67,89.63,89.94,4637400,85.98
2012-05-24,92.95,92.96,90.17,91.42,6421600,87.40
2012-05-23,90.51,92.79,89.86,92.47,6668600,88.40
2012-05-22,92.76,92.98,90.89,91.49,7210500,87.47
2012-05-21,89.53,92.30,89.32,91.98,6811300,87.93
2012-05-18,88.26,89.81,88.02,88.68,8655900,84.78
2012-05-17,91.02,91.64,87.60,87.80,12695100,83.94
2012-05-16,93.43,94.08,91.71,91.86,5803400,87.82
2012-05-15,93.85,94.66,92.29,92.68,5304800,88.60
2012-05-14,94.33,94.77,93.45,93.60,5213300,89.48
2012-05-11,94.50,96.69,94.30,95.50,4531900,91.30
2012-05-10,97.15,97.39,95.18,95.44,4982000,91.24
2012-05-09,94.84,97.30,94.08,95.99,7733500,91.77
2012-05-08,96.84,96.95,93.92,96.49,10411600,92.25
2012-05-07,97.67,98.20,97.03,97.19,7245700,92.92
2012-05-04,100.00,100.13,98.00,98.44,9055000,94.11
2012-05-03,102.90,103.38,100.50,100.67,6102000,96.24
2012-05-02,101.58,102.72,100.65,102.63,5620200,98.12
2012-05-01,102.81,103.50,101.74,102.11,5732800,97.62
2012-04-30,103.99,104.12,102.55,102.77,5325600,98.25
2012-04-27,104.99,105.05,104.11,104.56,4687200,99.96
2012-04-26,103.97,104.55,103.00,104.39,7317200,99.80
2012-04-25,106.85,107.11,102.30,103.44,15948300,98.89
2012-04-24,107.25,108.79,107.10,108.40,5703200,103.63
2012-04-23,106.33,107.04,105.12,106.90,5462600,102.20
2012-04-20,107.77,108.62,107.61,107.73,4014600,102.99
2012-04-19,109.21,109.77,106.37,107.36,5628500,102.64
2012-04-18,107.65,109.73,107.65,109.21,4871700,103.97
2012-04-17,107.90,109.20,106.72,108.41,5321000,103.21
2012-04-16,107.92,108.96,106.16,106.74,6813500,101.62
2012-04-13,106.16,106.92,105.24,105.89,6321600,100.81
2012-04-12,102.17,106.50,102.13,106.44,8973200,101.33
2012-04-11,101.77,102.50,100.50,101.75,6178100,96.87
2012-04-10,103.54,103.66,99.80,100.43,9162300,95.61
2012-04-09,103.57,104.29,102.80,103.57,6335700,98.60
2012-04-05,105.71,107.14,105.41,105.87,4576600,100.79
2012-04-04,104.77,106.84,104.34,106.26,5583200,101.16
2012-04-03,107.64,108.09,105.82,106.21,5828000,101.11
2012-04-02,105.99,107.94,105.04,107.25,5211700,102.10
2012-03-30,106.70,106.93,105.58,106.52,4780300,101.41
2012-03-29,103.62,106.27,103.48,106.02,8316800,100.93
2012-03-28,107.96,107.97,103.55,104.26,10244900,99.25
2012-03-27,108.68,109.57,107.88,108.06,4211400,102.87
2012-03-26,108.80,109.70,108.12,108.75,4570800,103.53
2012-03-23,106.59,108.61,105.80,107.83,6025000,102.65
2012-03-22,107.28,107.94,105.70,106.43,9449700,101.32
2012-03-21,110.85,111.35,109.00,109.00,7925000,103.77
2012-03-20,111.99,112.00,110.51,110.76,8086900,105.44
2012-03-19,113.50,114.09,112.78,113.73,4736500,108.27
2012-03-16,114.02,114.25,113.04,113.58,5776000,108.13
2012-03-15,112.88,113.48,111.39,113.45,5316700,108.00
2012-03-14,113.21,113.45,111.26,112.27,6181000,106.88
2012-03-13,109.73,113.38,109.31,113.30,8077600,107.86
2012-03-12,110.11,110.95,108.68,108.94,6499200,103.71
2012-03-09,110.88,111.09,109.80,110.22,6526500,104.93
2012-03-08,109.59,110.56,108.66,110.28,6171200,104.99
2012-03-07,106.66,108.62,106.32,108.28,7385800,103.08
2012-03-06,106.57,107.16,105.20,105.93,12630800,100.84
2012-03-05,111.55,111.90,109.52,110.09,8392200,104.80
2012-03-02,113.16,113.94,111.80,112.49,5404800,107.09
2012-03-01,114.67,115.38,113.01,113.39,7465000,107.95
2012-02-29,116.13,116.40,113.68,114.21,6780300,108.73
2012-02-28,115.81,116.22,115.20,115.76,4013200,110.20
2012-02-27,114.84,116.50,114.55,115.63,4909600,110.08
2012-02-24,116.29,116.95,115.67,116.00,4473500,110.43
2012-02-23,115.88,116.45,115.00,116.20,5064900,110.62
2012-02-22,114.76,116.45,114.50,115.81,5004800,110.25
2012-02-21,114.50,116.44,114.39,115.00,7520200,109.48
2012-02-17,114.38,114.50,113.03,113.95,4296000,108.48
2012-02-16,112.72,114.05,112.39,113.96,5456900,108.49
2012-02-15,114.49,114.70,111.94,112.53,8201900,107.13
2012-02-14,113.32,114.48,113.21,114.45,6425000,108.96
2012-02-13,112.70,113.86,111.68,113.70,5702400,108.24
2012-02-10,111.01,111.78,110.33,111.75,6351700,106.39
2012-02-09,114.39,114.64,112.59,112.83,7566200,107.41
2012-02-08,113.82,114.33,113.22,114.04,4123800,108.57
2012-02-07,113.05,114.10,112.49,113.81,5139200,108.35
2012-02-06,113.24,114.25,112.80,113.78,5029600,108.32
2012-02-03,112.17,114.65,111.90,113.94,10225500,108.47
2012-02-02,110.80,111.02,109.86,110.33,5125400,105.03
2012-02-01,110.75,111.39,109.94,110.52,6737900,105.21
2012-01-31,111.29,112.00,108.71,109.12,7608300,103.88
2012-01-30,110.02,110.75,104.45,110.41,5968400,105.11
2012-01-27,110.53,111.98,109.67,111.28,7835100,105.94
2012-01-26,112.21,114.00,110.70,111.31,18539000,105.97
2012-01-25,106.00,109.28,105.99,109.05,10649400,103.81
2012-01-24,105.43,106.80,105.15,106.29,5577300,101.19
2012-01-23,105.91,107.24,105.64,106.37,7003800,101.26
2012-01-20,105.35,105.92,104.84,105.64,6601100,100.57
2012-01-19,104.65,105.76,103.63,105.75,9464800,100.67
2012-01-18,102.66,104.50,102.50,104.26,6794400,99.25
2012-01-17,103.82,104.80,103.32,103.37,8864700,97.97
2012-01-13,100.72,102.70,100.55,102.48,9914300,97.13
2012-01-12,99.99,102.04,98.66,101.94,10471800,96.61
2012-01-11,99.83,100.45,99.40,99.64,7226500,94.43
2012-01-10,98.45,99.98,98.28,99.96,9545000,94.74
2012-01-09,96.09,97.41,96.00,97.10,6536300,92.03
2012-01-06,96.03,96.20,95.32,95.76,5474100,90.76
2012-01-05,94.84,96.16,93.90,95.52,5555900,90.53
2012-01-04,93.41,95.51,93.41,94.85,7335200,89.89
2012-01-03,92.77,95.11,92.77,93.98,8177000,89.07
2011-12-30,90.72,91.42,90.40,90.60,3279800,85.87
2011-12-29,89.46,90.86,89.46,90.58,3570800,85.85
2011-12-28,91.76,91.80,89.17,89.37,5248800,84.70
2011-12-27,91.70,92.38,91.51,91.55,3216200,86.77
2011-12-23,92.20,92.42,91.65,92.25,3368600,87.43
2011-12-22,92.03,92.50,91.02,91.81,4766000,87.01
2011-12-21,91.78,92.01,89.90,91.63,7177300,86.84
2011-12-20,89.26,91.90,89.23,91.73,7844300,86.94
2011-12-19,88.09,89.72,86.94,87.25,7919100,82.69
2011-12-16,88.82,89.51,87.20,87.20,11556900,82.64
2011-12-15,88.79,88.88,87.09,87.70,7645200,83.12
2011-12-14,89.59,89.80,86.29,87.00,13564500,82.45
2011-12-13,94.04,94.68,90.10,90.98,8464700,86.23
2011-12-12,94.36,94.50,92.31,93.24,6326700,88.37
2011-12-09,93.63,96.29,93.44,95.97,7139000,90.96
2011-12-08,94.34,95.53,92.60,92.92,7842300,88.07
2011-12-07,94.98,95.28,93.80,94.89,8146300,89.93
2011-12-06,96.62,96.93,94.89,95.96,6443200,90.95
2011-12-05,97.73,97.97,96.33,96.85,7484800,91.79
2011-12-02,97.75,98.00,96.01,96.29,7897900,91.26
2011-12-01,97.23,98.00,95.76,96.82,7491800,91.76
2011-11-30,94.65,97.91,94.65,97.88,13076500,92.77
2011-11-29,91.64,91.82,90.45,90.54,6054600,85.81
2011-11-28,90.35,91.89,89.99,91.48,8339500,86.70
2011-11-25,87.30,88.40,86.63,86.72,3078700,82.19
2011-11-23,89.39,89.60,87.43,87.76,7643800,83.18
2011-11-22,90.80,91.22,88.58,89.99,7490600,85.29
2011-11-21,92.07,92.10,89.47,91.12,9853100,86.36
2011-11-18,94.54,94.79,93.15,93.93,6065700,89.02
2011-11-17,95.70,96.06,92.80,93.81,10084000,88.91
2011-11-16,96.24,98.20,95.60,95.75,8117500,90.75
2011-11-15,96.21,97.74,95.80,97.07,8760700,92.00
2011-11-14,97.47,98.07,95.88,96.53,8584900,91.49
2011-11-11,93.57,96.20,93.37,96.13,9818400,91.11
2011-11-10,92.98,93.40,91.20,92.20,7323000,87.38
2011-11-09,93.50,93.98,91.15,91.64,11208500,86.85
2011-11-08,95.96,96.00,93.94,95.89,7316700,90.88
2011-11-07,95.60,96.25,93.39,95.00,7285300,90.04
2011-11-04,95.30,95.99,93.80,95.74,6818800,90.74
2011-11-03,95.46,96.35,93.87,96.00,11159000,90.98
2011-11-02,93.03,94.24,92.20,93.94,9303400,89.03
2011-11-01,90.00,93.00,89.00,91.63,13543700,86.84
2011-10-31,95.04,95.63,93.85,94.46,9273900,89.53
2011-10-28,95.70,97.95,95.65,96.85,8699300,91.79
2011-10-27,95.00,97.72,94.61,96.33,13928100,91.30
2011-10-26,91.82,92.25,90.02,91.57,9747800,86.79
2011-10-25,91.36,92.49,89.02,89.89,10711700,85.19
2011-10-24,91.76,92.90,90.80,91.77,16383300,86.98
2011-10-21,85.42,87.50,85.30,87.39,11480300,82.82
2011-10-20,83.90,85.00,82.50,84.26,9446500,79.86
2011-10-19,84.67,85.42,83.07,83.56,8731100,78.76
2011-10-18,81.45,85.57,80.76,84.72,13574600,79.85
2011-10-17,84.83,85.38,81.33,81.52,10196700,76.84
2011-10-14,82.85,84.22,82.39,84.09,7353700,79.26
2011-10-13,81.22,81.91,80.34,81.44,7952500,76.76
2011-10-12,82.01,82.80,81.06,81.70,10423700,77.01
2011-10-11,78.08,81.14,77.95,80.66,17854600,76.03
2011-10-10,77.27,79.75,77.20,79.13,10302400,74.58
2011-10-07,77.77,77.79,74.70,75.52,14024700,71.18
2011-10-06,74.57,77.19,73.60,77.09,15808200,72.66
2011-10-05,72.84,74.61,71.49,74.26,9672300,69.99
2011-10-04,68.75,72.76,67.54,72.54,14700000,68.37
2011-10-03,72.78,73.59,70.50,70.55,10783200,66.50
2011-09-30,73.46,75.89,73.23,73.84,10537000,69.60
2011-09-29,76.89,77.28,73.20,75.39,10260900,71.06
2011-09-28,78.13,79.15,74.88,75.08,9380700,70.77
2011-09-27,79.25,79.85,77.12,77.67,10814900,73.21
2011-09-26,74.71,77.00,73.24,76.85,10016400,72.43
2011-09-23,73.44,75.50,73.02,73.86,12104700,69.62
2011-09-22,76.29,76.56,72.60,73.90,20947300,69.65
2011-09-21,83.11,83.39,79.29,79.36,16459600,74.80
2011-09-20,85.64,85.77,83.50,83.66,8999300,78.85
2011-09-19,83.92,85.16,82.33,84.60,8936500,79.74
2011-09-16,87.46,87.46,85.21,85.90,10488600,80.96
2011-09-15,86.65,87.69,85.77,86.60,8298500,81.62
2011-09-14,85.61,86.96,82.53,85.45,10622100,80.54
2011-09-13,83.85,86.25,83.38,85.02,9802300,80.13
2011-09-12,81.93,84.14,81.25,83.87,10842300,79.05
2011-09-09,86.03,86.25,83.14,83.96,11669500,79.14
2011-09-08,87.32,88.98,86.40,87.04,9947800,82.04
2011-09-07,87.80,88.71,86.42,88.69,9318700,83.59
2011-09-06,82.24,86.02,82.11,85.70,8647900,80.78
2011-09-02,85.25,86.70,84.37,85.38,11950700,80.47
2011-09-01,91.19,92.83,88.28,88.55,10690900,83.46
2011-08-31,91.75,93.82,89.89,91.00,12664700,85.77
2011-08-30,88.00,90.87,87.36,89.83,9851600,84.67
2011-08-29,87.11,88.55,86.35,88.15,7643500,83.08
2011-08-26,82.19,85.91,81.05,85.16,9456900,80.27
2011-08-25,86.24,86.86,82.80,83.25,8204700,78.47
2011-08-24,83.24,85.71,82.20,85.40,10137700,80.49
2011-08-23,80.54,83.00,79.80,82.98,11696900,78.21
2011-08-22,82.94,83.04,79.56,79.89,9459400,75.30
2011-08-19,81.92,85.00,79.82,79.97,13740200,75.37
2011-08-18,84.45,84.80,81.50,83.33,16793000,78.54
2011-08-17,90.11,90.80,87.15,87.64,10620900,82.60
2011-08-16,90.02,90.37,88.52,89.35,10816200,84.22
2011-08-15,91.45,92.80,90.68,91.37,10460200,86.12
2011-08-12,91.06,91.30,88.81,89.81,11463400,84.65
2011-08-11,85.14,88.79,83.94,87.25,14157600,82.24
2011-08-10,86.72,87.20,83.39,83.51,15335900,78.71
2011-08-09,85.40,87.60,80.84,87.48,20473600,82.45
2011-08-08,86.23,88.16,82.25,82.60,21293000,77.85
2011-08-05,92.13,92.50,86.48,90.99,22791500,85.76
2011-08-04,94.40,94.71,89.50,89.55,18655000,84.40
2011-08-03,97.92,98.29,93.54,96.28,16922200,90.75
2011-08-02,99.55,101.55,97.12,97.18,12058300,91.60
2011-08-01,102.43,102.82,98.80,100.72,12865200,94.93
2011-07-29,98.32,99.97,97.28,98.79,12283000,93.11
2011-07-28,101.51,102.09,99.45,99.64,9438000,93.91
2011-07-27,104.43,104.61,101.00,101.34,10684500,95.52
2011-07-26,105.91,106.00,104.70,105.20,7155500,99.16
2011-07-25,104.16,106.30,103.80,105.66,8662500,99.59
2011-07-22,104.62,106.48,103.00,105.15,25775600,99.11
2011-07-21,111.05,112.43,110.12,111.60,9340700,105.19
2011-07-20,110.71,110.98,109.61,110.31,5761600,103.97
2011-07-19,108.89,109.97,108.20,109.64,6674600,103.34
2011-07-18,108.46,108.47,106.16,107.80,6878600,101.61
2011-07-15,108.77,109.36,107.14,109.36,6660700,102.64
2011-07-14,108.83,110.50,107.00,107.58,7394300,100.97
2011-07-13,108.48,110.42,108.34,108.64,6819200,101.97
2011-07-12,107.63,108.46,106.67,106.93,7892700,100.36
2011-07-11,108.41,109.48,107.25,108.16,7568600,101.52
2011-07-08,108.52,110.41,107.80,110.41,8293100,103.63
2011-07-07,111.57,112.65,111.25,111.63,7403800,104.77
2011-07-06,108.11,110.12,108.08,110.08,6933200,103.32
2011-07-05,107.92,108.78,107.34,108.43,6880200,101.77
2011-07-01,106.15,109.17,105.75,108.62,9153800,101.95
2011-06-30,103.36,106.93,103.32,106.46,10598400,99.92
2011-06-29,104.45,104.49,102.40,103.36,8642000,97.01
2011-06-28,101.44,104.07,101.40,103.84,7884300,97.46
2011-06-27,99.96,101.50,99.07,100.80,5614400,94.61
2011-06-24,101.05,101.10,99.44,100.01,8496400,93.87
2011-06-23,97.90,100.65,96.95,100.55,10640900,94.37
2011-06-22,101.17,102.50,100.07,100.15,7445100,94.00
2011-06-21,99.42,101.96,99.06,101.39,9638100,95.16
2011-06-20,96.49,98.37,96.05,98.18,7484700,92.15
2011-06-17,96.46,96.94,95.31,95.95,8314800,90.06
2011-06-16,95.39,96.86,94.21,95.46,8886500,89.60
2011-06-15,96.58,97.36,95.51,95.65,8143600,89.77
2011-06-14,96.85,98.45,96.13,97.86,8479700,91.85
2011-06-13,96.93,97.53,94.72,95.44,9767400,89.58
2011-06-10,98.80,98.90,96.42,96.79,9603600,90.84
2011-06-09,98.29,99.71,98.22,99.26,6167600,93.16
2011-06-08,99.21,99.86,97.77,98.04,9761100,92.02
2011-06-07,101.24,101.35,99.81,99.88,6772200,93.74
2011-06-06,100.25,101.61,99.47,99.86,8092800,93.73
2011-06-03,100.49,102.49,99.15,101.10,9508600,94.89
2011-06-02,101.82,103.72,101.31,102.19,9125300,95.91
2011-06-01,104.97,105.48,101.00,101.24,10597600,95.02
2011-05-31,106.41,106.60,104.31,105.80,6641900,99.30
2011-05-27,104.72,105.36,104.27,104.60,4511300,98.17
2011-05-26,103.07,104.68,102.03,104.19,6640000,97.79
2011-05-25,101.03,103.93,100.78,103.25,6193100,96.91
2011-05-24,102.37,102.95,101.07,101.55,7273300,95.31
2011-05-23,101.31,102.51,100.37,101.89,10095100,95.63
2011-05-20,105.24,105.50,103.60,104.33,8656800,97.92
2011-05-19,106.61,106.87,104.91,105.30,8613400,98.83
2011-05-18,102.85,105.50,101.78,105.25,9472200,98.78
2011-05-17,105.08,105.23,101.47,102.08,19186700,95.81
2011-05-16,105.87,108.27,105.07,106.09,8290800,99.57
2011-05-13,109.47,109.60,106.02,106.33,9250400,99.80
2011-05-12,109.20,109.61,107.00,108.63,9274800,101.96
2011-05-11,112.34,112.35,109.00,109.98,9670400,103.22
2011-05-10,112.76,112.97,111.86,112.87,4923900,105.94
2011-05-09,110.80,112.48,110.37,111.66,5075800,104.80
2011-05-06,111.52,112.71,110.17,110.34,7987300,103.56
2011-05-05,110.08,111.46,108.39,109.39,8779100,102.67
2011-05-04,113.22,113.91,109.94,110.77,8966500,103.97
2011-05-03,114.12,114.38,112.74,113.27,6302000,106.31
2011-05-02,116.24,116.55,113.92,114.37,7623600,107.34
2011-04-29,115.40,116.25,114.53,115.41,11800000,108.32
2011-04-28,112.28,112.70,111.35,112.64,6262600,105.72
2011-04-27,112.66,112.70,109.75,112.61,6070600,105.69
2011-04-26,110.15,112.20,109.85,111.94,6700000,105.06
2011-04-25,109.24,109.48,107.95,108.85,3708600,102.16
2011-04-21,109.00,109.50,108.41,109.42,4051200,102.70
2011-04-20,107.94,108.50,107.36,108.28,5317800,101.63
2011-04-19,105.18,106.42,104.64,106.10,7152000,99.17
2011-04-18,105.58,105.74,102.16,103.90,11445300,97.11
2011-04-15,108.08,108.11,106.80,107.21,5319100,100.21
2011-04-14,106.82,107.77,105.35,107.58,5770700,100.55
2011-04-13,107.76,107.97,106.38,107.63,5835000,100.60
2011-04-12,108.61,109.02,106.34,106.57,8736300,99.61
2011-04-11,110.02,110.30,108.32,109.07,5004400,101.95
2011-04-08,110.54,111.00,108.88,109.82,5394700,102.65
2011-04-07,110.72,110.90,109.08,109.85,8402700,102.67
2011-04-06,112.85,113.30,110.86,111.00,5715400,103.75
2011-04-05,112.97,113.16,111.91,112.31,5338700,104.97
2011-04-04,113.75,113.93,112.53,113.38,3883600,105.97
2011-04-01,112.09,113.59,111.80,113.12,6092600,105.73
2011-03-31,110.82,111.98,110.82,111.35,5168600,104.08
2011-03-30,111.71,111.72,110.55,111.53,5616900,104.25
2011-03-29,109.64,110.79,108.61,110.54,5767700,103.32
2011-03-28,109.54,110.49,109.39,109.40,5445700,102.25
2011-03-25,108.75,110.15,108.70,109.09,7659000,101.96
2011-03-24,107.90,108.90,106.95,108.37,8360800,101.29
2011-03-23,106.08,107.70,105.64,106.76,7096400,99.79
2011-03-22,107.06,107.48,106.03,106.79,7012000,99.81
2011-03-21,106.90,107.68,106.62,107.59,7688600,100.56
2011-03-18,104.99,105.64,104.66,105.06,11512900,98.20
2011-03-17,101.89,103.31,101.28,103.12,9854900,96.38
2011-03-16,101.70,102.61,99.04,100.40,13046600,93.84
2011-03-15,99.02,101.38,98.55,100.75,11762200,94.17
2011-03-14,102.59,102.59,100.39,102.10,7985500,95.43
2011-03-11,97.74,100.50,97.01,100.02,8172400,93.49
2011-03-10,100.55,100.75,98.10,98.39,11824400,91.96
2011-03-09,103.59,103.59,101.80,102.36,6402200,95.67
2011-03-08,101.89,104.45,101.18,104.13,6165000,97.33
2011-03-07,103.42,104.20,101.05,102.13,6002100,95.46
2011-03-04,104.01,104.20,102.02,103.04,5677000,96.31
2011-03-03,101.94,104.43,101.92,104.25,7413400,97.44
2011-03-02,99.85,102.12,99.43,100.97,5420000,94.37
2011-03-01,103.37,103.64,99.35,99.86,7283700,93.34
2011-02-28,102.72,103.36,101.53,102.93,4010800,96.21
2011-02-25,101.45,102.64,101.14,102.00,4623200,95.34
2011-02-24,99.93,101.91,98.77,100.57,6350900,94.00
2011-02-23,101.91,102.13,98.04,100.02,8907600,93.49
2011-02-22,104.86,105.30,101.53,102.01,8241900,95.35
2011-02-18,103.86,105.86,103.45,105.86,8745400,98.95
2011-02-17,103.32,103.76,102.96,103.36,2993500,96.61
2011-02-16,103.90,104.41,102.91,103.55,4852100,96.79
2011-02-15,102.96,103.11,102.01,103.00,4421900,96.27
2011-02-14,103.56,103.64,102.80,103.26,4057400,96.52
2011-02-11,100.29,103.55,100.20,103.54,6445100,96.78
2011-02-10,99.28,100.76,98.75,100.60,5634800,94.03
2011-02-09,100.11,100.45,99.19,99.79,4800800,93.27
2011-02-08,100.57,100.70,99.31,100.61,5044700,94.04
2011-02-07,99.62,100.81,99.49,100.47,5697900,93.91
2011-02-04,99.01,99.72,98.70,99.59,6027100,93.09
2011-02-03,99.24,99.24,98.15,98.93,5032400,92.47
2011-02-02,97.74,99.27,97.68,99.09,6527600,92.62
2011-02-01,97.35,98.06,96.50,98.01,7553400,91.61
2011-01-31,96.13,97.20,95.85,97.01,6012900,90.67
2011-01-28,97.01,97.20,94.90,95.68,7240800,89.43
2011-01-27,97.10,97.79,95.52,96.63,11534600,90.32
2011-01-26,94.93,96.16,94.40,95.75,6090700,89.50
2011-01-25,94.39,94.65,92.97,94.39,5436900,88.22
2011-01-24,92.71,94.69,92.51,94.57,4615000,88.39
2011-01-21,94.75,95.00,92.37,92.75,6189000,86.69
2011-01-20,94.90,95.28,93.31,93.61,7160800,87.50
2011-01-19,96.34,96.80,95.15,95.54,6478100,89.30
2011-01-18,94.16,96.47,93.94,96.23,8819200,89.94
2011-01-14,93.94,94.26,93.11,94.01,4572500,87.46
2011-01-13,94.09,94.53,93.70,94.14,4539900,87.58
2011-01-12,94.59,94.62,93.43,93.49,5699000,86.97
2011-01-11,94.08,94.70,93.25,93.95,5302800,87.40
2011-01-10,93.21,93.97,92.51,93.39,4154500,86.88
2011-01-07,93.86,94.73,92.80,93.73,4547800,87.20
2011-01-06,94.71,94.71,93.30,93.54,4106300,87.02
2011-01-05,93.27,94.69,92.99,94.52,4118100,87.93
2011-01-04,94.64,94.64,92.30,93.71,6119300,87.18
2011-01-03,94.38,94.81,94.11,94.15,5231500,87.59
2010-12-31,93.83,93.90,93.31,93.66,2542700,87.13
2010-12-30,93.56,94.14,93.52,93.87,2325500,87.33
2010-12-29,93.75,94.22,93.50,93.78,2779400,87.24
2010-12-28,94.28,94.42,93.07,93.69,2991800,87.16
2010-12-27,93.85,94.20,93.21,94.07,2620200,87.51
2010-12-23,94.29,94.74,94.00,94.45,2206200,87.87
2010-12-22,94.78,94.78,94.11,94.57,2611800,87.98
2010-12-21,93.70,94.89,93.24,94.63,4108200,88.04
2010-12-20,93.37,93.55,92.53,93.30,3523200,86.80
2010-12-17,93.40,93.41,92.25,92.59,6467000,86.14
2010-12-16,93.19,93.65,92.54,93.20,4863400,86.70
2010-12-15,92.75,94.33,92.66,93.12,8314300,86.63
2010-12-14,92.19,92.91,91.51,92.09,4944100,85.67
2010-12-13,90.65,92.37,90.20,91.63,6637100,85.24
2010-12-10,89.79,90.16,89.39,89.94,3313200,83.67
2010-12-09,90.13,90.24,89.02,89.67,3832300,83.42
2010-12-08,90.26,90.90,89.29,89.62,5246500,83.37
2010-12-07,89.95,92.00,89.95,90.35,11247700,84.05
2010-12-06,89.28,89.68,88.57,89.20,4341500,82.98
2010-12-03,88.36,89.49,87.83,89.38,4996600,83.15
2010-12-02,87.45,88.89,87.45,88.62,6349200,82.44
2010-12-01,85.03,87.80,85.00,87.45,8858600,81.36
2010-11-30,82.83,84.92,82.76,84.60,7768400,78.70
2010-11-29,83.71,83.89,82.55,83.67,5085700,77.84
2010-11-26,83.83,84.25,83.45,84.13,2520700,78.27
2010-11-24,83.25,84.79,83.25,84.69,5865900,78.79
2010-11-23,83.28,83.38,82.01,82.63,5739200,76.87
2010-11-22,83.88,84.35,82.79,84.00,6411200,78.15
2010-11-19,83.09,83.98,82.51,83.97,5740500,78.12
2010-11-18,82.50,83.43,82.27,83.11,6638700,77.32
2010-11-17,80.56,81.45,80.01,81.17,5402900,75.51
2010-11-16,81.88,82.18,79.70,80.37,12510000,74.77
2010-11-15,79.89,83.58,79.80,81.82,15814200,76.12
2010-11-12,81.84,82.53,80.04,81.04,6156900,75.39
2010-11-11,81.73,82.66,81.52,82.44,5006000,76.69
2010-11-10,82.16,82.84,81.30,82.46,5944000,76.71
2010-11-09,83.20,83.47,81.41,81.91,6030100,76.20
2010-11-08,83.25,83.55,82.40,83.12,4283800,77.33
2010-11-05,83.25,83.84,82.93,83.54,6271600,77.72
2010-11-04,80.82,83.28,80.76,83.18,13044100,77.38
2010-11-03,79.82,79.95,78.55,79.88,5771800,74.31
2010-11-02,79.99,80.43,79.52,79.75,4941400,74.19
2010-11-01,78.97,80.18,78.51,79.27,7470500,73.75
2010-10-29,77.61,78.75,77.58,78.60,4563900,73.12
2010-10-28,78.87,79.00,76.78,77.74,7055800,72.32
2010-10-27,78.20,78.41,77.12,78.22,6782800,72.77
2010-10-26,78.11,79.06,77.87,78.65,6240500,73.17
2010-10-25,78.71,80.00,78.50,79.05,6484700,73.54
2010-10-22,78.76,78.91,77.86,78.33,6445800,72.87
2010-10-21,80.99,81.20,77.51,78.89,17736900,73.39
2010-10-20,78.90,80.78,78.81,80.32,9662300,74.31
2010-10-19,78.97,79.71,77.77,78.55,9857200,72.68
2010-10-18,79.95,80.51,79.66,80.24,6542700,74.24
2010-10-15,80.28,80.47,79.00,79.75,6522900,73.79
2010-10-14,80.49,80.83,79.27,79.91,5663900,73.93
2010-10-13,80.36,81.19,80.08,80.29,8493200,74.29
2010-10-12,79.75,79.75,78.30,79.34,10034200,73.41
2010-10-11,80.03,80.75,79.51,79.98,4593700,74.00
2010-10-08,79.41,81.00,78.93,80.37,14296600,74.36
2010-10-07,79.46,79.79,77.85,78.74,8978100,72.85
2010-10-06,79.60,79.90,78.48,79.08,6252200,73.17
2010-10-05,78.48,79.76,78.20,79.40,7140300,73.46
2010-10-04,78.02,78.26,76.51,77.27,6418700,71.49
2010-10-01,78.29,78.88,77.53,78.22,8540800,72.37
2010-09-30,80.04,80.08,78.21,78.68,11940800,72.80
2010-09-29,79.60,80.00,79.42,79.99,7939900,74.01
2010-09-28,79.44,79.94,78.43,79.67,7784800,73.71
2010-09-27,79.70,79.98,78.90,79.54,8361900,73.59
2010-09-24,77.80,79.93,77.62,79.73,14218600,73.77
2010-09-23,75.42,77.50,75.00,76.26,8745800,70.56
2010-09-22,76.25,76.50,75.50,76.18,8386100,70.48
2010-09-21,74.79,77.11,74.72,76.39,14968300,70.68
2010-09-20,73.26,74.80,72.88,74.75,8886300,69.16
2010-09-17,72.22,73.31,71.09,73.18,11341800,67.71
2010-09-16,71.92,72.35,71.28,72.00,6233000,66.62
2010-09-15,71.38,72.27,70.80,72.13,5506100,66.74
2010-09-14,72.28,72.37,71.57,71.83,6040400,66.46
2010-09-13,71.96,72.48,71.71,72.24,7694600,66.84
2010-09-10,70.93,71.56,70.37,71.26,5018300,65.93
2010-09-09,71.56,71.83,70.01,70.64,5355900,65.36
2010-09-08,69.98,71.48,69.95,70.74,6323200,65.45
2010-09-07,69.78,70.05,68.80,69.70,6841700,64.49
2010-09-03,69.95,70.59,69.54,70.08,7837700,64.84
2010-09-02,68.35,68.79,67.75,68.54,5293400,63.41
2010-09-01,67.05,68.54,66.35,68.16,9071200,63.06
2010-08-31,64.14,65.85,63.92,65.16,6760700,60.29
2010-08-30,66.14,66.16,64.46,64.47,5133900,59.65
2010-08-27,64.76,66.15,63.36,65.90,7486300,60.97
2010-08-26,64.83,65.82,63.77,63.95,7075100,59.17
2010-08-25,64.29,64.98,63.34,64.70,8679500,59.86
2010-08-24,65.59,65.84,64.31,65.04,9669800,60.18
2010-08-23,68.70,69.75,66.72,66.84,8878600,61.84
2010-08-20,69.40,69.54,67.46,68.86,8022000,63.71
2010-08-19,69.87,70.50,68.42,69.29,9625400,64.11
2010-08-18,69.82,70.44,69.06,69.75,4988000,64.53
2010-08-17,69.44,70.76,69.30,69.74,5946900,64.52
2010-08-16,67.62,68.98,67.06,68.49,5432500,63.37
2010-08-13,67.74,68.46,67.21,68.01,6659300,62.92
2010-08-12,67.50,68.00,66.78,67.50,7639900,62.45
2010-08-11,70.01,70.16,68.35,68.71,9221200,63.57
2010-08-10,70.88,71.99,70.58,71.42,6082400,66.08
2010-08-09,72.06,72.18,71.42,72.07,3625400,66.68
2010-08-06,71.01,71.93,70.30,71.56,5463400,66.21
2010-08-05,70.82,72.25,70.81,71.96,7415000,66.58
2010-08-04,70.28,71.47,70.28,71.12,6204800,65.80
2010-08-03,70.57,71.03,69.88,70.37,5878900,65.11
2010-08-02,70.74,71.70,70.07,71.05,6304100,65.74
2010-07-30,68.39,70.25,68.39,69.75,7218100,64.53
2010-07-29,69.84,70.29,68.21,69.40,7671300,64.21
2010-07-28,68.70,69.85,68.70,69.72,7609900,64.51
2010-07-27,70.18,70.18,68.09,69.18,11948000,64.01
2010-07-26,69.41,70.08,69.08,69.99,8878400,64.76
2010-07-23,67.50,69.64,67.33,69.31,8865900,64.13
2010-07-22,67.41,68.62,66.46,68.00,15905800,62.91
2010-07-21,66.99,68.05,66.19,66.87,11432400,61.87
2010-07-20,63.56,66.77,63.56,66.43,9468600,61.46
2010-07-19,64.36,65.23,63.56,64.80,6826400,59.95
2010-07-16,65.76,65.79,63.75,63.94,8504100,59.16
2010-07-15,66.38,66.59,65.36,66.51,8101700,61.13
2010-07-14,66.35,66.91,65.52,66.70,6851200,61.30
2010-07-13,65.88,67.36,65.31,66.79,10081500,61.39
2010-07-12,64.50,65.10,63.87,64.28,4915400,59.08
2010-07-09,63.12,64.85,63.00,64.72,6456900,59.48
2010-07-08,63.08,63.35,62.18,63.17,6058800,58.06
2010-07-07,59.85,62.27,59.67,62.18,7592900,57.15
2010-07-06,60.60,61.65,59.21,59.81,9357300,54.97
2010-07-02,60.30,60.66,58.62,59.18,7878200,54.39
2010-07-01,59.67,60.70,58.06,59.97,11598200,55.12
2010-06-30,61.02,61.94,59.91,60.07,9630300,55.21
2010-06-29,62.74,62.86,60.25,60.85,13057100,55.93
2010-06-28,64.45,65.30,64.01,64.40,6836700,59.19
2010-06-25,63.54,64.71,62.92,64.71,12068800,59.47
2010-06-24,63.81,64.45,63.05,63.37,8658200,58.24
2010-06-23,64.06,64.87,62.64,64.33,9037100,59.13
2010-06-22,66.30,66.48,63.88,64.11,8659600,58.92
2010-06-21,67.56,68.35,65.55,66.07,11652400,60.72
2010-06-18,65.13,65.90,64.57,65.85,11005600,60.52
2010-06-17,64.63,64.99,63.67,64.95,10574600,59.69
2010-06-16,62.91,64.52,62.73,64.39,10561900,59.18
2010-06-15,61.80,63.56,61.50,63.46,11870300,58.33
2010-06-14,61.42,62.56,60.88,61.00,9783000,56.06
2010-06-11,59.22,60.24,58.99,60.23,7341400,55.36
2010-06-10,58.31,60.00,58.00,59.95,9704700,55.10
2010-06-09,57.49,58.85,56.59,56.81,9749300,52.21
2010-06-08,56.01,57.18,54.89,56.61,11604900,52.03
2010-06-07,58.01,58.28,55.80,55.83,8904600,51.31
2010-06-04,59.49,60.20,57.36,57.76,10279600,53.09
2010-06-03,62.29,62.36,60.42,61.11,8982700,56.17
2010-06-02,59.90,60.90,59.28,60.86,9453500,55.94
2010-06-01,60.04,61.64,59.22,59.27,8340800,54.47
2010-05-28,62.42,62.42,60.05,60.76,7704900,55.84
2010-05-27,61.36,62.12,60.82,62.06,9555100,57.04
2010-05-26,59.63,61.40,59.25,59.73,11566900,54.90
2010-05-25,56.35,59.36,55.74,59.21,13793600,54.42
2010-05-24,60.06,61.11,59.09,59.22,11176700,54.43
2010-05-21,57.30,60.50,57.20,60.09,15889900,55.23
2010-05-20,59.07,60.41,58.00,58.67,22798500,53.92
2010-05-19,62.94,63.17,59.28,61.44,18582700,56.47
2010-05-18,64.91,65.53,62.85,63.19,9594300,58.08
2010-05-17,65.01,65.74,61.99,63.78,11881200,58.62
2010-05-14,65.96,66.19,63.91,64.88,9938400,59.63
2010-05-13,68.15,68.40,66.67,66.91,6531000,61.50
2010-05-12,66.66,68.30,66.60,68.15,7791600,62.64
2010-05-11,65.18,66.98,65.00,66.07,7481300,60.72
2010-05-10,65.88,67.00,65.19,66.69,11852100,61.29
2010-05-07,63.05,64.45,60.64,62.10,15724700,57.08
2010-05-06,65.85,66.94,58.80,63.50,19363500,58.36
2010-05-05,65.86,67.44,64.08,65.96,11419500,60.62
2010-05-04,68.56,68.56,66.25,66.70,12558100,61.30
2010-05-03,68.37,70.16,68.09,69.94,7885900,64.28
2010-04-30,70.99,71.36,67.82,68.09,9428100,62.58
2010-04-29,69.96,70.76,69.62,70.75,7916800,65.03
2010-04-28,69.43,70.27,68.60,68.97,8232800,63.39
2010-04-27,71.25,71.58,68.28,68.53,14323100,62.99
2010-04-26,70.88,72.83,70.65,71.65,20131900,65.85
2010-04-23,67.20,68.95,66.99,68.78,9044500,63.22
2010-04-22,66.67,67.65,65.97,67.51,8718700,62.05
2010-04-21,67.74,67.92,66.70,67.75,6357500,61.88
2010-04-20,67.71,68.30,67.40,67.50,7695400,61.65
2010-04-19,66.60,67.70,65.77,66.99,7969400,61.19
2010-04-16,68.05,68.23,66.34,66.88,10385300,61.09
2010-04-15,67.16,68.71,67.16,68.22,7129500,62.31
2010-04-14,66.37,67.37,66.20,67.28,5497400,61.45
2010-04-13,66.70,67.25,66.16,66.19,7001400,60.46
2010-04-12,65.93,67.00,65.76,66.73,11837000,60.95
2010-04-09,64.90,65.52,64.82,65.27,6022900,59.62
2010-04-08,64.05,64.65,63.55,64.48,5418000,58.90
2010-04-07,65.25,65.38,64.00,64.47,6973000,58.89
2010-04-06,64.81,65.47,64.57,65.29,6389000,59.64
2010-04-05,64.36,65.00,64.20,64.99,6695600,59.36
2010-04-01,63.29,64.20,63.29,63.99,7829300,58.45
2010-03-31,62.76,63.50,62.63,62.85,6660800,57.41
2010-03-30,63.38,63.63,62.81,63.16,6183200,57.69
2010-03-29,62.76,63.60,62.76,63.48,6986500,57.98
2010-03-26,62.40,63.18,61.99,62.44,7887300,57.03
2010-03-25,62.68,63.71,62.05,62.14,11361900,56.76
2010-03-24,61.96,62.54,61.42,62.06,11447400,56.69
2010-03-23,60.10,62.51,60.01,62.41,14315300,57.00
2010-03-22,58.70,60.27,58.66,59.95,7512500,54.76
2010-03-19,59.37,60.31,58.95,59.37,9425500,54.23
2010-03-18,59.61,60.39,59.34,59.77,7204200,54.59
2010-03-17,59.65,60.50,59.49,60.22,7925400,55.00
2010-03-16,59.65,59.68,58.84,59.45,7281000,54.30
2010-03-15,60.04,60.25,58.38,59.47,7906700,54.32
2010-03-12,59.53,60.49,59.35,60.36,9688800,55.13
2010-03-11,58.79,58.98,57.92,58.90,6166500,53.80
2010-03-10,59.11,59.50,58.43,58.78,6529900,53.69
2010-03-09,58.46,59.72,58.40,59.18,7692500,54.05
2010-03-08,59.47,59.49,58.57,58.91,4755100,53.81
2010-03-05,59.41,59.58,58.90,59.23,6626900,54.10
2010-03-04,58.79,59.00,57.81,58.45,6195600,53.39
2010-03-03,58.45,59.93,58.39,58.57,8833800,53.50
2010-03-02,58.28,58.82,58.02,58.15,6583600,53.11
2010-03-01,57.33,58.39,57.25,57.85,8398500,52.84
2010-02-26,56.94,57.24,56.10,57.05,6108500,52.11
2010-02-25,55.33,57.02,54.21,56.79,9965600,51.87
2010-02-24,56.67,57.46,56.46,56.96,5810100,52.03
2010-02-23,57.89,58.38,56.22,56.66,10311000,51.75
2010-02-22,58.73,58.97,58.00,58.03,6994800,53.00
2010-02-19,57.59,58.48,57.31,58.25,8005800,53.21
2010-02-18,57.15,58.05,56.85,57.81,6844000,52.80
2010-02-17,58.05,58.35,57.22,57.50,8450800,52.52
2010-02-16,56.77,57.24,56.19,57.12,7364200,52.17
2010-02-12,55.09,56.55,54.61,56.20,13447700,51.33
2010-02-11,53.10,56.27,52.67,56.15,16405500,51.29
2010-02-10,53.65,54.05,52.45,53.15,8581500,48.55
2010-02-09,52.70,54.25,52.55,53.53,15494200,48.89
2010-02-08,51.64,52.15,50.50,50.78,8668700,46.38
2010-02-05,51.21,51.98,50.69,51.75,15988800,47.27
2010-02-04,52.80,52.86,51.38,51.40,11640200,46.95
2010-02-03,53.20,54.00,53.10,53.39,6340800,48.77
2010-02-02,53.48,53.72,52.62,53.55,7665400,48.91
2010-02-01,52.82,53.50,52.50,52.94,7159100,48.36
2010-01-29,52.78,53.78,52.00,52.24,13962000,47.72
2010-01-28,53.82,53.83,51.20,51.86,15623100,47.37
2010-01-27,52.96,53.84,51.03,53.44,34041000,48.81
2010-01-26,54.99,56.94,54.60,55.85,15218300,51.01
2010-01-25,55.16,56.19,54.83,55.14,9777300,50.36
2010-01-22,56.58,57.54,54.02,54.25,14757600,49.55
2010-01-21,59.50,59.90,56.70,56.85,13874900,51.93
2010-01-20,60.17,60.43,59.31,59.76,6953500,54.58
2010-01-19,59.76,61.20,59.35,60.93,8056500,55.65
2010-01-15,61.45,61.67,60.01,60.12,9397000,54.91
2010-01-14,62.10,62.84,61.75,61.98,6224100,56.23
2010-01-13,62.10,62.78,61.38,62.33,8398700,56.55
2010-01-12,63.01,63.16,61.18,62.24,13561900,56.46
2010-01-11,60.95,64.42,60.85,64.13,21958800,58.18
2010-01-08,59.25,60.37,59.25,60.34,6651300,54.74
2010-01-07,59.30,59.90,58.65,59.67,5432900,54.13
2010-01-06,59.18,59.93,59.05,59.43,4718800,53.92
2010-01-05,58.55,59.44,58.23,59.25,5697200,53.75
2010-01-04,57.65,59.19,57.51,58.55,7325600,53.12
2009-12-31,57.60,57.96,56.99,56.99,3859700,51.70
2009-12-30,57.98,58.22,57.75,58.05,3479800,52.66
2009-12-29,58.57,58.74,58.13,58.18,2879300,52.78
2009-12-28,58.50,58.68,58.17,58.51,3789800,53.08
2009-12-24,58.35,58.63,58.19,58.33,1507800,52.92
2009-12-23,58.05,58.57,57.89,58.32,4047700,52.91
2009-12-22,57.56,57.98,57.32,57.89,4280000,52.52
2009-12-21,57.56,57.93,57.30,57.60,5339700,52.25
2009-12-18,58.07,58.10,56.72,57.19,7236400,51.88
2009-12-17,57.93,57.99,57.01,57.53,5700400,52.19
2009-12-16,58.43,58.85,58.00,58.23,6738800,52.83
2009-12-15,58.22,58.44,57.80,58.20,4950100,52.80
2009-12-14,58.00,58.45,57.75,58.30,4585300,52.89
2009-12-11,57.24,57.65,56.64,57.51,5364700,52.17
2009-12-10,56.91,57.27,56.51,56.94,6303900,51.66
2009-12-09,56.36,56.59,55.40,56.18,8552300,50.97
2009-12-08,57.14,57.19,56.25,56.38,6480000,51.15
2009-12-07,58.42,58.42,57.31,57.56,6834500,52.22
2009-12-04,59.13,59.62,57.26,58.30,10448100,52.89
2009-12-03,59.12,60.00,58.00,58.20,7593300,52.80
2009-12-02,59.85,60.08,58.55,58.94,7872000,53.47
2009-12-01,59.24,60.25,59.05,59.68,9823800,54.14
2009-11-30,57.82,58.51,57.31,58.39,9718500,52.97
2009-11-27,57.04,58.33,56.75,57.45,5189600,52.12
2009-11-25,58.02,59.34,57.45,59.04,6236500,53.56
2009-11-24,58.11,58.37,57.24,58.00,6625800,52.62
2009-11-23,58.96,59.83,57.96,58.14,9476000,52.74
2009-11-20,58.10,58.24,57.04,57.95,8698100,52.57
2009-11-19,58.72,58.74,57.60,58.61,8235500,53.17
2009-11-18,59.96,60.14,59.00,59.41,6626100,53.90
2009-11-17,60.05,60.17,59.05,59.88,7096000,54.32
2009-11-16,59.50,60.90,59.25,60.40,8333600,54.80
2009-11-13,58.85,59.25,58.20,58.78,6442100,53.33
2009-11-12,59.83,60.12,58.18,58.57,7588100,53.13
2009-11-11,60.76,60.82,59.47,60.06,7496100,54.49
2009-11-10,59.83,60.33,59.07,59.96,8872900,54.40
2009-11-09,58.38,60.09,58.24,60.00,12250500,54.43
2009-11-06,57.38,58.20,56.54,57.60,6160600,52.25
2009-11-05,56.74,58.09,56.59,57.99,6843500,52.61
2009-11-04,56.93,57.83,56.10,56.22,8643700,51.00
2009-11-03,54.98,56.73,54.64,56.46,7770500,51.22
2009-11-02,55.70,56.72,54.26,55.49,9967300,50.34
2009-10-30,57.09,57.90,54.64,55.06,12047400,49.95
2009-10-29,55.30,57.34,55.02,57.25,9873200,51.94
2009-10-28,56.22,57.06,54.42,54.43,12086300,49.38
2009-10-27,56.90,57.60,56.39,56.69,10948800,51.43
2009-10-26,57.99,59.08,56.83,57.07,9793200,51.77
2009-10-23,58.61,59.59,57.43,57.60,8775700,52.25
2009-10-22,57.80,58.90,56.30,58.74,11376500,53.29
2009-10-21,59.05,60.12,58.23,58.40,17064300,52.60
2009-10-20,61.17,61.28,58.37,59.61,33896900,53.69
2009-10-19,54.89,58.20,54.86,57.85,18786400,52.10
2009-10-16,54.11,54.75,53.62,54.57,8837900,49.15
2009-10-15,54.00,54.79,53.51,54.77,7367400,49.33
2009-10-14,53.52,54.51,53.05,54.51,9191300,49.10
2009-10-13,52.90,53.19,52.08,52.74,6511700,47.50
2009-10-12,53.99,54.00,52.81,53.05,6686100,47.78
2009-10-09,52.51,53.70,52.31,53.64,8049900,48.31
2009-10-08,52.53,53.26,51.76,53.09,11193400,47.82
2009-10-07,51.25,52.08,51.25,51.90,7437300,46.75
2009-10-06,51.40,52.39,50.69,51.70,9776300,46.57
2009-10-05,49.20,50.80,49.05,50.75,8668000,45.71
2009-10-02,48.68,49.45,47.50,48.83,10681200,43.98
2009-10-01,50.82,51.09,49.30,49.45,12845600,44.54
2009-09-30,52.20,52.47,50.37,51.33,10647200,46.23
2009-09-29,52.23,52.89,51.49,51.60,7536500,46.48
2009-09-28,51.75,52.40,51.25,52.18,6040400,47.00
2009-09-25,52.17,52.72,51.05,51.20,10786700,46.11
2009-09-24,53.28,53.80,51.10,51.85,11799300,46.70
2009-09-23,54.43,54.71,53.11,53.14,9615400,47.86
2009-09-22,52.99,54.43,52.86,54.34,11179500,48.94
2009-09-21,52.68,53.43,51.82,52.46,10109400,47.25
2009-09-18,54.11,54.49,52.94,53.42,12397800,48.11
2009-09-17,52.59,54.47,52.51,53.89,15284900,48.54
2009-09-16,52.31,52.94,51.94,52.62,12789100,47.39
2009-09-15,49.11,52.12,48.65,51.70,20593500,46.57
2009-09-14,48.02,49.10,47.75,48.77,6909200,43.93
2009-09-11,48.72,49.11,47.81,48.53,9760200,43.71
2009-09-10,48.13,48.75,47.63,48.69,8196200,43.85
2009-09-09,47.04,48.75,46.50,48.41,12361900,43.60
2009-09-08,46.90,47.27,46.36,46.97,7448100,42.30
2009-09-04,45.03,46.32,44.84,46.11,7398500,41.53
2009-09-03,44.31,45.12,43.63,45.04,8784300,40.57
2009-09-02,43.84,44.04,43.19,43.51,8886000,39.19
2009-09-01,44.90,46.51,43.74,43.84,13899800,39.49
2009-08-31,45.77,45.90,44.90,45.31,10475100,40.81
2009-08-28,47.58,48.00,46.26,46.71,7568400,42.07
2009-08-27,47.00,47.36,45.92,47.08,8307200,42.40
2009-08-26,47.71,47.76,46.75,47.25,7900100,42.56
2009-08-25,47.79,48.33,47.36,47.83,9574900,43.08
2009-08-24,47.90,48.93,47.34,47.56,9772600,42.84
2009-08-21,46.03,47.33,45.62,47.30,12327500,42.60
2009-08-20,44.93,45.64,44.66,45.50,6887900,40.98
2009-08-19,44.00,45.75,43.60,45.17,9045000,40.68
2009-08-18,44.20,45.28,44.06,45.11,8892000,40.63
2009-08-17,44.75,44.75,43.28,43.95,11384300,39.58
2009-08-14,47.17,47.25,45.44,46.00,9107200,41.43
2009-08-13,48.02,48.06,46.64,47.17,9605800,42.49
2009-08-12,45.90,48.05,45.60,47.58,11464600,42.85
2009-08-11,46.77,46.80,45.03,46.28,13091100,41.68
2009-08-10,47.59,48.20,46.59,47.15,11555300,42.47
2009-08-07,47.95,48.22,47.42,47.78,15352200,43.03
2009-08-06,47.12,47.80,46.56,47.14,12246500,42.46
2009-08-05,47.76,48.08,46.43,46.64,15593200,42.01
2009-08-04,45.45,47.95,45.35,47.89,25328500,43.13
2009-08-03,44.68,45.49,44.34,45.12,12258800,40.64
2009-07-31,43.26,44.47,43.00,44.06,11731800,39.68
2009-07-30,42.65,43.87,42.61,43.41,14918100,39.10
2009-07-29,42.54,42.55,41.30,41.83,12387200,37.68
2009-07-28,42.34,43.58,41.90,42.90,16693600,38.64
2009-07-27,41.85,42.99,41.55,42.86,14323100,38.60
2009-07-24,40.93,42.08,40.25,42.00,17007900,37.83
2009-07-23,38.76,41.50,38.60,41.26,19367900,37.16
2009-07-22,38.47,39.39,38.10,38.66,16656500,34.82
2009-07-21,40.81,41.45,38.04,39.46,62789300,35.54
2009-07-20,35.32,36.75,35.25,36.65,21979800,33.01
2009-07-17,33.98,34.30,33.79,33.99,8814500,30.61
2009-07-16,33.60,34.26,33.14,34.15,10224700,30.76
2009-07-15,32.39,33.97,32.39,33.84,18065800,30.10
2009-07-14,31.50,31.96,31.22,31.93,10124900,28.40
2009-07-13,30.81,31.80,30.25,31.80,11100500,28.29
2009-07-10,30.40,30.65,30.03,30.53,10456100,27.16
2009-07-09,31.15,31.34,30.58,30.65,10181900,27.26
2009-07-08,30.49,30.71,30.01,30.58,15867800,27.20
2009-07-07,31.62,31.77,30.24,30.29,14612100,26.94
2009-07-06,31.57,31.83,30.96,31.70,10887100,28.20
2009-07-02,32.79,32.79,31.74,31.74,13560800,28.23
2009-07-01,33.48,34.15,33.15,33.19,11585100,29.52
2009-06-30,34.69,34.74,32.99,33.04,16878900,29.39
2009-06-29,34.86,35.30,34.15,34.74,6831400,30.90
2009-06-26,34.54,35.20,34.10,34.56,12586700,30.74
2009-06-25,33.92,34.79,33.18,34.49,11633400,30.68
2009-06-24,33.52,34.36,33.13,33.40,10348300,29.71
2009-06-23,32.47,33.15,32.14,33.00,10935700,29.35
2009-06-22,33.46,33.49,32.01,32.36,14197900,28.78
2009-06-19,34.45,34.60,33.45,33.65,14484700,29.93
2009-06-18,34.92,34.93,33.55,34.08,16245700,30.31
2009-06-17,35.20,35.27,33.75,34.80,15381900,30.95
2009-06-16,36.46,36.97,35.39,35.56,12501500,31.63
2009-06-15,37.01,37.09,35.87,36.12,10456700,32.13
2009-06-12,37.47,37.77,37.02,37.73,8567400,33.56
2009-06-11,37.79,38.29,37.25,37.61,10273800,33.45
2009-06-10,38.74,38.75,36.93,37.62,14923900,33.46
2009-06-09,38.50,38.90,37.90,38.24,10475400,34.01
2009-06-08,38.03,38.88,36.90,38.57,13725300,34.31
2009-06-05,38.52,38.76,37.34,38.47,15819100,34.22
2009-06-04,36.86,38.22,36.28,38.02,11317900,33.82
2009-06-03,37.00,37.21,36.23,36.66,9236400,32.61
2009-06-02,37.51,37.95,37.19,37.45,7734900,33.31
2009-06-01,36.37,37.73,36.35,37.55,14336900,33.40
2009-05-29,34.96,35.62,34.79,35.46,11076700,31.54
2009-05-28,34.79,34.80,33.44,34.59,15118800,30.77
2009-05-27,35.50,35.59,34.85,35.05,13517600,31.18
2009-05-26,34.38,35.84,34.03,35.00,13792600,31.13
2009-05-22,36.05,36.10,34.18,34.31,14292900,30.52
2009-05-21,36.76,37.01,35.37,35.54,14108000,31.61
2009-05-20,38.09,39.30,37.17,37.30,13806100,33.18
2009-05-19,38.29,38.50,37.54,37.67,10539200,33.51
2009-05-18,36.53,37.82,36.11,37.78,11012400,33.61
2009-05-15,36.06,36.95,35.15,35.74,14010000,31.79
2009-05-14,35.87,36.78,35.38,36.07,12056100,32.08
2009-05-13,36.97,37.03,35.78,36.08,13415600,32.09
2009-05-12,38.74,39.00,37.13,38.06,11919800,33.85
2009-05-11,38.75,39.08,38.07,38.43,9486400,34.18
2009-05-08,38.49,39.92,38.28,39.64,15556000,35.26
2009-05-07,40.54,40.96,37.21,37.92,16972200,33.73
2009-05-06,39.94,40.64,38.41,40.00,14755200,35.58
2009-05-05,38.35,39.58,38.25,39.41,13609800,35.06
2009-05-04,37.93,38.92,37.60,38.48,14399700,34.23
2009-05-01,35.87,37.71,35.65,37.26,14113400,33.14
2009-04-30,34.42,36.40,34.35,35.58,20103300,31.65
2009-04-29,33.17,34.15,33.00,33.69,11981200,29.97
2009-04-28,33.00,33.55,32.40,32.78,8480400,29.16
2009-04-27,32.73,34.10,32.69,33.39,9647500,29.70
2009-04-24,32.65,34.19,32.24,33.63,15805800,29.91
2009-04-23,32.73,32.74,31.47,32.45,16288600,28.86
2009-04-22,31.56,34.92,31.40,32.45,29665400,28.86
2009-04-21,28.98,31.70,28.50,31.39,29526100,27.92
2009-04-20,31.62,31.62,30.17,30.48,14373800,27.11
2009-04-17,32.68,32.72,31.21,32.29,14723000,28.72
2009-04-16,32.50,33.12,31.33,32.71,16226000,29.10
2009-04-15,32.60,33.20,32.07,33.02,11224800,29.00
2009-04-14,32.67,33.94,32.41,32.70,11034600,28.72
2009-04-13,32.25,33.56,31.48,33.16,12458400,29.12
2009-04-09,30.51,32.70,30.51,32.52,18171400,28.56
2009-04-08,29.77,30.35,28.88,29.57,12817200,25.97
2009-04-07,30.39,30.50,29.38,29.45,13156900,25.86
2009-04-06,31.72,32.00,30.23,31.31,11067500,27.50
2009-04-03,31.60,32.70,30.92,32.15,13674000,28.23
2009-04-02,30.29,31.98,30.00,31.54,21643000,27.70
2009-04-01,27.50,29.52,27.44,28.99,15308300,25.46
2009-03-31,28.16,28.45,27.44,27.96,13405900,24.55
2009-03-30,29.34,29.50,27.05,27.53,15827700,24.18
2009-03-27,30.20,30.74,29.75,30.35,11277500,26.65
2009-03-26,29.57,30.98,29.45,30.78,16161100,27.03
2009-03-25,30.14,30.99,27.69,28.91,20700600,25.39
2009-03-24,29.54,30.33,28.54,29.40,13690200,25.82
2009-03-23,28.14,29.65,27.53,29.63,14463000,26.02
2009-03-20,28.63,28.90,26.73,27.07,16531300,23.77
2009-03-19,27.97,28.85,27.77,28.41,17542700,24.95
2009-03-18,26.24,27.93,25.70,27.47,17978500,24.12
2009-03-17,26.51,26.85,25.67,26.83,14259900,23.56
2009-03-16,27.07,27.40,26.28,26.42,13215200,23.20
2009-03-13,27.44,27.61,26.02,26.78,10861300,23.52
2009-03-12,26.21,27.17,25.27,27.02,13783900,23.73
2009-03-11,26.97,27.13,25.66,26.31,15780700,23.11
2009-03-10,24.76,26.97,24.53,26.51,22468000,23.28
2009-03-09,22.88,24.86,22.72,23.92,19510700,21.01
2009-03-06,23.90,24.91,22.52,23.23,19993500,20.40
2009-03-05,24.70,24.70,23.18,23.49,21400000,20.63
2009-03-04,23.81,26.39,23.66,25.44,37251600,22.34
2009-03-03,22.65,23.29,21.71,22.47,22397200,19.73
2009-03-02,24.07,24.20,22.03,22.17,21017600,19.47
2009-02-27,23.75,25.23,23.50,24.61,16872900,21.61
2009-02-26,25.40,25.72,24.15,24.23,14299600,21.28
2009-02-25,26.04,26.05,24.36,25.03,17736700,21.98
2009-02-24,25.25,26.32,24.42,26.04,22352400,22.87
2009-02-23,27.26,27.26,25.06,25.12,16294800,22.06
2009-02-20,26.14,27.27,26.02,26.66,19735100,23.41
2009-02-19,28.95,28.98,26.86,27.02,17837600,23.73
2009-02-18,29.16,29.22,27.77,28.44,17863600,24.98
2009-02-17,30.30,30.50,28.52,28.98,22207000,25.45
2009-02-13,31.41,31.84,30.85,30.94,10182000,27.17
2009-02-12,30.75,31.09,30.03,31.02,13662000,27.24
2009-02-11,31.35,31.93,30.65,31.13,10544900,27.34
2009-02-10,32.86,33.31,30.61,30.92,17205600,27.15
2009-02-09,33.47,33.60,32.40,32.72,9063700,28.73
2009-02-06,32.38,33.85,32.21,33.28,17010100,29.23
2009-02-05,30.35,32.09,30.20,31.61,17793300,27.76
2009-02-04,30.44,31.57,30.20,30.60,17419200,26.87
2009-02-03,29.81,31.03,29.81,29.99,18880200,26.34
2009-02-02,30.10,30.80,29.60,30.29,16966700,26.60
2009-01-30,31.58,31.73,30.06,30.85,20956900,27.09
2009-01-29,32.61,32.66,31.63,31.85,14575000,27.97
2009-01-28,33.26,33.51,32.62,33.00,13466700,28.98
2009-01-27,33.24,33.42,32.10,32.32,20354500,28.38
2009-01-26,33.60,34.24,31.70,32.67,47390400,28.69
2009-01-23,35.99,37.23,35.01,35.66,22677400,31.32
2009-01-22,38.89,39.00,36.33,37.23,19268200,32.69
2009-01-21,39.27,39.71,37.72,39.55,10287000,34.73
2009-01-20,39.15,39.63,38.00,38.32,11889900,33.65
2009-01-16,40.59,40.59,38.06,39.55,12890100,34.73
2009-01-15,39.16,39.98,37.29,39.39,15448300,34.59
2009-01-14,40.00,40.34,38.25,39.35,17261700,34.19
2009-01-13,41.11,41.89,40.55,41.40,9281600,35.97
2009-01-12,43.00,43.10,40.63,41.19,9583700,35.79
2009-01-09,43.91,44.06,42.25,43.20,8872300,37.53
2009-01-08,42.93,44.11,42.52,44.02,9384200,38.25
2009-01-07,45.22,45.60,43.20,43.67,9026500,37.94
2009-01-06,46.79,46.80,45.41,45.80,10863400,39.79
2009-01-05,46.90,47.12,45.81,46.08,11098700,40.03
2009-01-02,44.91,46.98,44.71,46.91,7117200,40.76
2008-12-31,43.70,45.10,43.70,44.67,6277400,38.81
2008-12-30,42.57,43.75,42.01,43.66,5060400,37.93
2008-12-29,42.71,43.30,41.71,42.34,4973200,36.79
2008-12-26,41.98,42.91,41.90,42.72,2855200,37.12
2008-12-24,41.27,42.12,41.00,41.91,2110200,36.41
2008-12-23,42.08,42.27,40.65,41.13,6449900,35.73
2008-12-22,43.12,43.49,40.82,41.78,9148600,36.30
2008-12-19,42.72,43.17,41.91,42.69,13271200,37.09
2008-12-18,45.43,45.49,42.01,42.16,12694700,36.63
2008-12-17,43.35,45.70,43.01,44.65,9688000,38.79
2008-12-16,42.73,43.90,41.12,43.80,11652300,38.05
2008-12-15,42.57,43.06,41.50,42.21,8065200,36.67
2008-12-12,40.05,42.47,40.00,42.08,10389000,36.56
2008-12-11,43.01,44.89,41.70,42.20,12132100,36.66
2008-12-10,43.25,44.95,42.90,43.67,15423400,37.94
2008-12-09,42.05,44.16,41.26,42.38,15381700,36.82
2008-12-08,40.83,44.04,40.40,42.42,25502000,36.86
2008-12-05,37.05,38.65,36.69,38.26,14260300,33.24
2008-12-04,39.10,39.39,36.91,37.52,11379200,32.60
2008-12-03,37.39,40.06,36.93,39.65,14289200,34.45
2008-12-02,37.30,38.24,36.53,38.00,10440200,33.01
2008-12-01,38.92,38.92,36.37,36.58,13152700,31.78
2008-11-28,39.20,41.18,39.20,40.99,5429800,35.61
2008-11-26,36.00,39.35,35.70,39.33,11110900,34.17
2008-11-25,36.87,37.62,35.66,37.27,12915500,32.38
2008-11-24,36.49,36.94,34.60,36.34,16864600,31.57
2008-11-21,33.66,34.85,32.10,34.67,16836200,30.12
2008-11-20,33.37,35.56,32.23,32.84,19824100,28.53
2008-11-19,36.10,36.42,33.80,33.87,10596400,29.43
2008-11-18,35.33,36.30,34.73,36.19,12275800,31.44
2008-11-17,36.71,37.75,35.30,35.70,9379100,31.02
2008-11-14,38.51,39.39,36.71,36.96,11991200,32.11
2008-11-13,35.60,39.54,34.40,39.41,17357500,34.24
2008-11-12,36.55,36.71,35.05,35.08,10751000,30.48
2008-11-11,36.88,38.30,36.57,36.87,12705800,32.03
2008-11-10,40.25,40.88,36.82,37.41,13844100,32.50
2008-11-07,38.49,39.40,37.35,38.45,9256600,33.41
2008-11-06,39.82,40.60,37.34,37.60,13289300,32.67
2008-11-05,42.64,43.58,40.10,40.40,14047600,35.10
2008-11-04,40.39,42.43,39.83,42.25,11411400,36.71
2008-11-03,38.82,39.41,38.00,39.01,7617800,33.89
2008-10-31,37.21,39.19,36.10,38.20,9869200,33.19
2008-10-30,37.33,37.94,36.25,37.37,8689300,32.47
2008-10-29,35.53,38.44,34.50,36.14,16072900,31.40
2008-10-28,34.14,35.36,32.00,34.95,12818200,30.37
2008-10-27,32.81,34.90,32.35,32.78,12798100,28.48
2008-10-24,32.02,34.49,31.95,33.30,13391800,28.93
2008-10-23,36.78,36.92,33.86,35.36,17648000,30.72
2008-10-22,38.08,38.34,35.68,36.52,13842100,31.73
2008-10-21,40.40,41.35,38.52,38.83,14320400,33.74
2008-10-20,39.87,41.60,39.00,40.90,13386100,35.53
2008-10-17,41.39,42.91,39.01,39.32,18277600,34.16
2008-10-16,42.20,43.06,39.58,42.37,16082300,36.81
2008-10-15,45.79,46.30,41.98,42.06,12907900,36.18
2008-10-14,51.79,53.00,46.61,47.49,12060500,40.85
2008-10-13,45.00,49.50,44.86,49.48,10573100,42.56
2008-10-10,42.02,45.81,37.07,43.13,19740000,37.10
2008-10-09,48.59,49.26,44.26,44.80,11223300,38.53
2008-10-08,46.38,50.21,45.82,47.65,15858800,40.99
2008-10-07,50.69,52.76,47.08,47.33,13518900,40.71
2008-10-06,50.18,50.78,45.77,49.20,17852500,42.32
2008-10-03,53.70,55.65,50.98,51.21,11596500,44.05
2008-10-02,56.01,56.25,51.91,52.22,15011700,44.92
2008-10-01,58.71,59.03,54.89,56.95,15614000,48.98
2008-09-30,61.35,61.46,58.20,59.60,10165500,51.26
2008-09-29,62.55,63.38,58.11,59.89,12504600,51.51
2008-09-26,60.93,64.20,60.67,64.13,8264000,55.16
2008-09-25,62.38,63.22,60.75,61.96,7755400,53.29
2008-09-24,63.90,64.33,61.24,61.74,6657400,53.10
2008-09-23,64.66,65.73,63.01,63.54,6573900,54.65
2008-09-22,66.41,66.84,64.60,64.60,5921200,55.56
2008-09-19,70.89,74.50,65.96,66.49,15758600,57.19
2008-09-18,63.87,65.50,60.04,65.32,12983300,56.18
2008-09-17,63.48,65.45,62.80,63.15,9294000,54.32
2008-09-16,61.87,65.32,61.85,64.73,10035200,55.68
2008-09-15,63.30,64.85,63.02,63.21,7801200,54.37
2008-09-12,63.98,65.68,63.16,65.46,6967900,56.30
2008-09-11,62.41,64.81,61.21,64.81,9008200,55.75
2008-09-10,61.95,63.99,61.71,62.82,7916800,54.03
2008-09-09,64.89,65.00,61.38,61.38,10056300,52.80
2008-09-08,66.19,67.07,63.28,64.58,7218000,55.55
2008-09-05,63.79,64.44,62.92,64.07,9263500,55.11
2008-09-04,66.00,66.00,63.00,63.94,13684600,55.00
2008-09-03,68.96,69.11,67.19,67.73,8432000,58.26
2008-09-02,71.50,72.00,68.65,69.08,6906600,59.42
2008-08-29,71.34,71.97,70.46,70.73,4905300,60.84
2008-08-28,70.25,71.81,70.14,71.68,5520700,61.65
2008-08-27,68.64,69.86,68.62,69.56,3145100,59.83
2008-08-26,68.65,69.04,67.93,68.68,3391400,59.07
2008-08-25,70.01,70.15,68.14,68.56,4549800,58.97
2008-08-22,69.22,70.61,69.09,70.27,4257500,60.44
2008-08-21,68.16,69.25,67.61,68.70,5100700,59.09
2008-08-20,68.89,69.32,67.90,68.80,6401900,59.18
2008-08-19,68.95,69.31,68.25,68.69,4299800,59.08
2008-08-18,70.44,71.05,68.69,69.22,5527400,59.54
2008-08-15,70.61,71.36,69.80,70.35,5060800,60.51
2008-08-14,68.93,71.36,68.26,70.29,5671200,60.46
2008-08-13,69.56,70.05,67.72,69.83,9399200,60.06
2008-08-12,70.79,72.08,70.44,71.81,5705300,61.77
2008-08-11,70.63,71.37,70.05,70.80,3746900,60.90
2008-08-08,69.12,71.94,68.39,70.90,6544300,60.98
2008-08-07,70.07,70.61,68.70,68.93,7077800,59.29
2008-08-06,67.78,71.56,67.36,70.51,7390800,60.65
2008-08-05,67.86,68.38,67.34,68.18,6008700,58.64
2008-08-04,68.20,68.74,67.19,67.43,7415700,58.00
2008-08-01,69.67,70.00,67.88,68.14,6723700,58.61
2008-07-31,71.63,71.63,69.37,69.52,7185500,59.80
2008-07-30,71.52,72.27,70.62,72.07,4820500,61.99
2008-07-29,69.60,71.30,69.42,70.99,5234700,61.06
2008-07-28,70.38,70.77,69.11,69.19,5740500,59.51
2008-07-25,69.96,71.08,69.80,70.48,4727300,60.62
2008-07-24,72.64,72.72,69.59,69.78,8108600,60.02
2008-07-23,73.95,74.25,71.67,72.42,9295800,62.29
2008-07-22,75.13,75.87,73.75,74.98,12434000,64.49
2008-07-21,71.38,73.64,70.55,73.23,10184800,62.99
2008-07-18,72.07,72.13,70.37,70.89,7693400,60.98
2008-07-17,69.95,72.15,69.95,71.83,9091200,61.78
2008-07-16,67.11,70.74,66.53,70.53,10684300,60.30
2008-07-15,68.97,69.25,65.85,67.04,11041700,57.32
2008-07-14,70.79,70.79,68.95,69.67,6405900,59.57
2008-07-11,67.51,70.61,67.00,69.81,11521800,59.69
2008-07-10,68.52,68.99,66.68,68.42,9874200,58.50
2008-07-09,70.32,70.78,68.33,68.43,7059100,58.51
2008-07-08,71.02,71.44,68.76,69.51,10497600,59.43
2008-07-07,70.72,71.75,70.00,70.81,11684900,60.54
2008-07-03,70.03,70.75,68.93,70.31,7280100,60.12
2008-07-02,74.01,74.19,70.34,70.42,11513100,60.21
2008-07-01,72.98,74.21,72.09,74.09,9203000,63.35
2008-06-30,73.76,74.26,72.56,73.82,6650600,63.12
2008-06-27,74.18,74.85,72.69,73.75,11011800,63.06
2008-06-26,75.17,75.82,73.89,74.28,14485800,63.51
2008-06-25,77.08,77.42,76.00,76.58,8075200,65.48
2008-06-24,79.54,79.68,76.58,76.64,13075000,65.53
2008-06-23,79.42,80.24,79.11,80.00,6140900,68.40
2008-06-20,79.00,79.64,78.52,79.08,9064400,67.61
2008-06-19,79.57,80.34,78.73,79.48,6049100,67.96
2008-06-18,80.34,80.75,79.47,79.70,5739200,68.14
2008-06-17,81.48,81.58,80.61,80.69,4516000,68.99
2008-06-16,81.38,81.51,80.55,80.91,4537700,69.18
2008-06-13,80.87,82.35,80.65,81.50,5732500,69.68
2008-06-12,79.54,81.79,79.54,80.50,8053500,68.83
2008-06-11,79.85,80.11,78.52,78.93,9400100,67.49
2008-06-10,80.30,81.04,79.83,80.10,5986000,68.49
2008-06-09,80.07,81.06,79.66,80.81,5828900,69.09
2008-06-06,81.88,82.26,79.99,79.99,9444800,68.39
2008-06-05,81.87,82.80,81.00,82.73,6968200,70.74
2008-06-04,82.35,83.65,82.00,82.46,5724100,70.50
2008-06-03,82.72,83.30,81.66,82.42,4960200,70.47
2008-06-02,82.44,83.12,81.79,82.33,5882900,70.39
2008-05-30,83.19,83.19,82.23,82.64,4921700,70.66
2008-05-29,83.20,83.91,82.59,82.78,4195900,70.78
2008-05-28,82.33,83.37,82.11,83.19,4773700,71.13
2008-05-27,81.43,82.23,80.84,81.95,4871400,70.07
2008-05-23,81.96,82.99,80.60,81.55,5674900,69.73
2008-05-22,83.65,83.72,81.94,82.22,5026900,70.30
2008-05-21,83.83,85.74,83.04,83.40,7220200,71.31
2008-05-20,83.92,84.05,82.75,83.84,5570300,71.68
2008-05-19,83.90,85.96,83.63,84.28,6906700,72.06
2008-05-16,83.77,83.97,82.59,83.70,5242000,71.56
2008-05-15,82.76,84.14,82.40,83.50,4633300,71.39
2008-05-14,83.04,84.10,82.17,82.75,6859800,70.75
2008-05-13,84.21,84.50,82.70,84.07,4592000,71.88
2008-05-12,82.23,84.22,81.71,83.82,5167200,71.67
2008-05-09,81.97,82.39,81.33,81.76,3818900,69.91
2008-05-08,82.10,82.73,81.51,82.42,3065500,70.47
2008-05-07,82.75,83.64,81.47,81.63,4932000,69.79
2008-05-06,81.78,83.49,81.78,83.23,4163100,71.16
2008-05-05,83.03,83.03,82.00,82.75,3944500,70.75
2008-05-02,83.29,83.64,82.12,82.80,4511400,70.80
2008-05-01,81.92,82.67,80.55,82.35,5369900,70.41
2008-04-30,82.35,83.31,81.65,81.88,6032000,70.01
2008-04-29,82.76,83.09,81.40,81.51,4509500,69.69
2008-04-28,82.60,83.60,82.30,83.03,4683900,70.99
2008-04-25,82.53,82.89,81.21,82.25,4084500,70.33
2008-04-24,81.68,82.50,80.52,81.82,5305700,69.96
2008-04-23,82.50,82.77,81.37,81.69,4773400,69.85
2008-04-22,83.14,83.34,81.35,82.01,5720100,70.12
2008-04-21,83.89,84.45,82.05,83.33,9813300,71.25
2008-04-18,81.03,85.45,81.00,85.28,20117900,72.92
2008-04-17,77.85,80.00,77.61,78.59,9966100,67.20
2008-04-16,76.75,79.17,76.52,79.02,7640200,67.26
2008-04-15,76.09,76.75,74.91,75.95,5458400,64.64
2008-04-14,74.79,76.02,74.70,75.54,4447000,64.29
2008-04-11,75.12,75.85,74.38,74.80,9044900,63.66
2008-04-10,76.02,76.93,75.50,75.71,6994500,64.44
2008-04-09,77.74,77.74,75.65,76.16,4582900,64.82
2008-04-08,76.85,77.92,76.47,77.59,4019000,66.04
2008-04-07,78.25,78.45,76.97,77.25,5320900,65.75
2008-04-04,76.86,78.57,76.85,77.83,4885200,66.24
2008-04-03,78.19,78.36,76.78,77.07,7971500,65.60
2008-04-02,79.85,79.98,78.09,78.51,8160000,66.82
2008-04-01,78.89,79.99,78.79,79.98,9342800,68.07
2008-03-31,77.00,78.63,77.00,78.29,6068700,66.63
2008-03-28,77.37,78.00,76.44,77.09,4421300,65.61
2008-03-27,77.68,78.00,76.71,77.03,7068200,65.56
2008-03-26,76.04,77.61,75.87,77.36,7498900,65.84
2008-03-25,76.39,76.94,75.32,76.64,5211600,65.23
2008-03-24,74.06,76.50,74.06,76.03,5374000,64.71
2008-03-20,74.11,74.28,72.80,73.82,9254000,62.83
2008-03-19,76.62,77.00,73.73,73.73,7377400,62.75
2008-03-18,75.72,76.87,74.63,76.87,9404400,65.43
2008-03-17,72.87,75.22,72.51,74.46,8913600,63.37
2008-03-14,76.50,76.80,73.48,74.79,8571100,63.66
2008-03-13,74.27,76.05,73.33,75.67,8559700,64.40
2008-03-12,73.80,76.64,73.75,75.25,14346200,64.05
2008-03-11,69.52,72.73,69.52,72.61,7690800,61.80
2008-03-10,70.00,70.31,68.30,68.72,7146000,58.49
2008-03-07,70.04,71.11,68.90,69.84,6961000,59.44
2008-03-06,71.64,71.84,70.64,70.75,5442600,60.22
2008-03-05,72.02,72.77,70.89,71.85,7258800,61.15
2008-03-04,72.67,72.88,70.47,71.74,7998400,61.06
2008-03-03,72.10,73.61,72.10,73.20,6104700,62.30
2008-02-29,73.77,74.34,72.00,72.33,8823500,61.56
2008-02-28,73.83,74.70,73.15,74.39,6024500,63.31
2008-02-27,73.00,75.19,72.53,74.22,7163300,63.17
2008-02-26,72.00,73.76,71.78,73.30,6203900,62.39
2008-02-25,71.25,72.33,70.63,72.25,5190100,61.49
2008-02-22,70.95,71.65,69.82,71.18,5231500,60.58
2008-02-21,71.99,72.18,70.55,70.79,5371200,60.25
2008-02-20,69.93,71.50,69.46,71.25,4717500,60.64
2008-02-19,70.61,71.11,69.86,70.40,5415300,59.92
2008-02-15,70.00,70.34,69.18,69.95,5355800,59.54
2008-02-14,71.53,71.99,70.19,70.44,5418800,59.95
2008-02-13,70.61,71.91,70.15,71.65,7502000,60.98
2008-02-12,69.98,71.26,69.61,70.00,6703400,59.58
2008-02-11,68.12,69.43,67.56,69.42,4979000,59.08
2008-02-08,68.09,68.69,67.62,68.01,4496000,57.88
2008-02-07,67.55,68.90,67.32,68.32,6506000,58.15
2008-02-06,68.12,69.05,67.55,67.98,7305000,57.86
2008-02-05,69.84,70.10,67.52,67.52,11709400,57.47
2008-02-04,71.78,71.98,70.60,70.95,4565300,60.39
2008-02-01,71.15,72.17,70.60,71.76,6526400,61.08
2008-01-31,67.51,71.64,67.50,70.99,8826800,60.42
2008-01-30,68.83,70.47,68.29,68.44,7904500,58.25
2008-01-29,68.78,69.62,68.49,68.99,8283600,58.72
2008-01-28,66.69,68.63,64.97,68.21,10984100,58.05
2008-01-25,67.65,67.75,65.11,65.93,9286700,56.11
2008-01-24,65.30,65.97,64.21,65.25,8160300,55.54
2008-01-23,62.56,65.19,61.19,65.08,10896500,55.39
2008-01-22,59.60,64.45,59.60,63.82,9870200,54.32
2008-01-18,63.03,65.05,62.30,62.81,9225400,53.46
2008-01-17,64.33,64.83,62.14,62.47,11011400,53.17
2008-01-16,65.21,66.20,63.90,64.27,13079600,54.40
2008-01-15,66.36,66.73,65.22,65.40,9353400,55.35
2008-01-14,66.73,67.50,65.84,67.27,8106700,56.93
2008-01-11,67.80,68.33,66.00,66.01,9247500,55.87
2008-01-10,66.60,68.20,65.54,67.41,6914600,57.05
2008-01-09,67.12,67.26,65.25,67.23,9845500,56.90
2008-01-08,68.94,69.49,67.04,67.15,7662300,56.83
2008-01-07,69.00,69.13,67.80,68.73,8790400,58.17
2008-01-04,69.65,69.94,68.10,68.53,7697200,58.00
2008-01-03,71.01,71.49,69.94,70.38,4385900,59.57
2008-01-02,72.56,72.67,70.05,70.63,6337800,59.78
