Date,Open,High,Low,Close,Volume,Adj Close
2013-12-31,26.42,26.58,26.21,26.30,1395100,26.30
2013-12-30,26.25,26.46,26.19,26.31,1055000,26.31
2013-12-27,26.36,26.36,26.02,26.24,1305100,26.24
2013-12-26,26.30,26.46,26.11,26.26,1166900,26.26
2013-12-24,26.04,26.34,25.98,26.20,666300,26.20
2013-12-23,25.87,26.03,25.76,25.97,1422800,25.97
2013-12-20,25.77,25.90,25.51,25.80,2612300,25.80
2013-12-19,25.72,25.77,25.36,25.56,2643000,25.56
2013-12-18,24.91,25.79,24.65,25.75,3465100,25.75
2013-12-17,25.14,25.22,24.83,24.97,1617400,24.97
2013-12-16,25.00,25.13,24.85,24.96,2540200,24.96
2013-12-13,24.82,25.02,24.68,24.77,1967500,24.77
2013-12-12,24.84,24.98,24.67,24.72,1855600,24.72
2013-12-11,25.38,25.43,24.77,24.86,2186100,24.86
2013-12-10,25.35,25.52,25.27,25.31,2144800,25.31
2013-12-09,25.25,25.62,25.18,25.41,2374900,25.41
2013-12-06,25.01,25.22,24.89,25.10,3799300,25.10
2013-12-05,24.65,24.87,24.56,24.76,3117100,24.76
2013-12-04,24.26,24.81,24.23,24.66,3226300,24.66
2013-12-03,24.25,24.56,24.18,24.41,1953700,24.41
2013-12-02,24.25,24.61,24.05,24.40,2200100,24.40
2013-11-29,24.43,24.48,24.20,24.24,1290400,24.24
2013-11-27,24.20,24.48,24.18,24.44,3023600,24.44
2013-11-26,23.81,24.24,23.74,24.16,4456700,24.16
2013-11-25,23.43,23.80,23.40,23.68,2666800,23.68
2013-11-22,22.92,23.54,22.80,23.40,6784900,23.40
2013-11-21,22.50,22.84,22.31,22.78,3016500,22.78
2013-11-20,22.78,22.87,22.36,22.44,2113100,22.44
2013-11-19,22.98,23.03,22.63,22.76,2525000,22.76
2013-11-18,23.05,23.20,22.89,22.95,3423100,22.95
2013-11-15,22.90,23.03,22.77,22.97,6289600,22.97
2013-11-14,22.67,23.04,22.61,22.88,5090700,22.88
2013-11-13,22.19,22.67,22.10,22.60,3147100,22.60
2013-11-12,22.34,22.53,22.00,22.03,4990900,22.03
2013-11-11,22.37,22.50,22.27,22.43,1172600,22.43
2013-11-08,22.21,22.40,22.00,22.32,4063500,22.32
2013-11-07,22.56,22.64,22.23,22.28,2746500,22.28
2013-11-06,22.94,22.98,22.41,22.44,3023400,22.44
2013-11-05,22.82,23.01,22.71,22.87,3190100,22.87
2013-11-04,23.18,23.20,22.96,23.04,3468400,23.04
2013-11-01,23.15,23.21,22.81,23.03,4241700,23.03
2013-10-31,23.43,23.70,23.13,23.23,3512300,23.23
2013-10-30,22.13,23.73,22.01,23.48,10311200,23.48
2013-10-29,23.65,24.60,23.65,24.40,5238600,24.40
2013-10-28,23.96,24.14,23.35,23.41,1991000,23.41
2013-10-25,23.65,23.74,23.48,23.72,1386800,23.72
2013-10-24,23.37,23.61,23.21,23.53,1551900,23.53
2013-10-23,23.43,23.58,23.29,23.35,1586100,23.35
2013-10-22,23.14,23.87,23.10,23.52,2203200,23.52
2013-10-21,22.91,23.06,22.75,23.06,2937000,23.06
2013-10-18,23.31,23.38,22.77,22.87,2927400,22.87
2013-10-17,22.73,23.22,22.57,23.18,2538900,23.18
2013-10-16,22.68,22.96,22.52,22.79,2846800,22.79
2013-10-15,22.56,22.66,22.28,22.42,3542700,22.42
2013-10-14,22.55,22.77,22.40,22.67,2206700,22.67
2013-10-11,22.66,22.81,22.49,22.78,2050300,22.78
2013-10-10,22.55,22.87,22.46,22.82,3611000,22.82
2013-10-09,22.14,22.42,21.86,22.27,4606000,22.27
2013-10-08,22.48,22.62,22.00,22.11,4641000,22.11
2013-10-07,22.43,22.67,22.27,22.50,3821100,22.50
2013-10-04,22.76,22.80,22.48,22.55,2697100,22.55
2013-10-03,23.20,23.21,22.54,22.75,3760700,22.75
2013-10-02,23.45,23.48,23.07,23.24,3015900,23.24
2013-10-01,23.09,23.66,23.00,23.61,1617200,23.61
2013-09-30,23.07,23.30,22.93,23.13,3271000,23.13
2013-09-27,23.30,23.43,23.24,23.34,1151900,23.34
2013-09-26,23.47,23.63,23.26,23.42,1000000,23.42
2013-09-25,23.32,23.51,23.26,23.40,1571200,23.40
2013-09-24,23.61,23.65,23.27,23.30,1597600,23.30
2013-09-23,23.70,23.87,23.56,23.59,1853300,23.59
2013-09-20,24.03,24.16,23.65,23.81,5584400,23.81
2013-09-19,24.29,24.50,23.96,23.99,1736000,23.99
2013-09-18,23.65,24.27,23.33,24.24,2906600,24.24
2013-09-17,23.52,23.86,23.52,23.66,1361200,23.66
2013-09-16,23.78,23.96,23.52,23.57,2190300,23.57
2013-09-13,23.53,23.56,23.23,23.40,2273300,23.40
2013-09-12,23.96,24.05,23.52,23.54,1558700,23.54
2013-09-11,23.50,23.92,23.38,23.92,2262700,23.92
2013-09-10,23.40,23.53,23.24,23.52,1739200,23.52
2013-09-09,22.41,23.25,22.37,23.24,1846000,23.24
2013-09-06,22.18,22.50,22.00,22.37,2100500,22.37
2013-09-05,22.15,22.21,21.90,22.00,1812000,22.00
2013-09-04,21.95,22.32,21.83,22.17,2111400,22.17
2013-09-03,22.19,22.28,21.71,21.98,3526600,21.98
2013-08-30,21.83,21.91,21.63,21.87,3065700,21.87
2013-08-29,21.70,21.83,21.59,21.69,1645700,21.69
2013-08-28,21.52,21.94,21.48,21.82,3012300,21.82
2013-08-27,21.46,21.73,21.38,21.52,3062400,21.52
2013-08-26,21.89,22.01,21.70,21.76,1829300,21.76
2013-08-23,21.72,21.93,21.66,21.91,2288200,21.91
2013-08-22,21.76,21.85,21.64,21.72,2023100,21.72
2013-08-21,21.94,22.02,21.53,21.72,2459100,21.72
2013-08-20,21.32,22.15,21.28,21.99,3162000,21.99
2013-08-19,21.28,21.68,21.24,21.27,4707600,21.27
2013-08-16,21.96,22.03,21.57,21.60,2899000,21.60
2013-08-15,22.60,22.65,21.99,22.04,2332400,22.04
2013-08-14,22.97,23.16,22.79,22.85,2463100,22.85
2013-08-13,23.30,23.34,22.87,22.94,2494300,22.94
2013-08-12,23.28,23.35,23.02,23.30,2211800,23.30
2013-08-09,23.09,23.59,23.05,23.31,1476200,23.31
2013-08-08,23.00,23.22,22.87,23.17,2210900,23.17
2013-08-07,23.00,23.10,22.88,22.91,2140800,22.91
2013-08-06,23.09,23.23,23.00,23.05,1981500,23.05
2013-08-05,23.19,23.32,22.99,23.13,2494200,23.13
2013-08-02,23.16,23.52,23.12,23.20,3179600,23.20
2013-08-01,23.36,23.50,23.18,23.23,3204800,23.23
2013-07-31,23.92,23.93,22.94,23.17,5868100,23.17
2013-07-30,23.80,24.16,23.58,23.80,2764900,23.80
2013-07-29,24.09,24.12,23.74,23.75,1979300,23.75
2013-07-26,23.71,24.19,23.43,24.09,4523600,24.09
2013-07-25,24.25,24.50,24.10,24.48,2033500,24.48
2013-07-24,24.43,24.48,24.04,24.36,2045000,24.36
2013-07-23,24.28,24.46,24.20,24.37,1579400,24.37
2013-07-22,24.30,24.37,24.08,24.20,1456400,24.20
2013-07-19,24.07,24.33,24.02,24.30,1887000,24.30
2013-07-18,24.06,24.17,24.02,24.13,3353400,24.13
2013-07-17,23.99,24.11,23.84,24.04,2455200,24.04
2013-07-16,24.08,24.31,23.84,23.88,1862500,23.88
2013-07-15,24.05,24.11,23.86,24.04,1205400,24.04
2013-07-12,23.94,24.16,23.71,24.07,2082000,24.07
2013-07-11,23.82,23.98,23.53,23.95,1753700,23.95
2013-07-10,23.47,23.60,23.24,23.43,1347100,23.43
2013-07-09,23.36,23.79,23.32,23.51,1418100,23.51
2013-07-08,23.53,23.62,23.24,23.29,2198800,23.29
2013-07-05,23.53,23.65,23.08,23.43,1781800,23.43
2013-07-03,23.05,23.41,22.91,23.34,787600,23.34
2013-07-02,23.29,23.62,23.03,23.20,2075200,23.20
2013-07-01,23.55,23.57,23.04,23.30,3799100,23.30
2013-06-28,23.09,23.45,22.92,23.36,5077200,23.36
2013-06-27,22.78,23.27,22.72,23.22,3038000,23.22
2013-06-26,22.23,22.89,22.18,22.58,3656700,22.58
2013-06-25,21.72,22.11,21.50,21.99,2411600,21.99
2013-06-24,21.24,21.94,20.59,21.45,5147500,21.45
2013-06-21,21.85,21.86,21.02,21.50,5297000,21.50
2013-06-20,22.03,22.03,21.34,21.61,5795700,21.61
2013-06-19,23.05,23.11,22.07,22.28,4801900,22.28
2013-06-18,22.89,23.27,22.64,23.05,2783800,23.05
2013-06-17,22.87,22.97,22.63,22.81,2042300,22.81
2013-06-14,22.90,23.31,22.61,22.67,1768800,22.67
2013-06-13,22.51,22.98,22.42,22.92,2982800,22.92
2013-06-12,23.08,23.12,22.47,22.56,2971200,22.56
2013-06-11,22.88,23.11,22.65,22.90,1691500,22.90
2013-06-10,23.50,23.56,23.08,23.20,1646600,23.20
2013-06-07,23.37,23.49,23.08,23.44,1765400,23.44
2013-06-06,22.48,23.18,22.34,23.17,3334500,23.17
2013-06-05,22.96,23.19,22.41,22.51,3208900,22.51
2013-06-04,23.20,23.38,22.86,23.05,2695500,23.05
2013-06-03,23.24,23.43,22.71,23.21,3234700,23.21
2013-05-31,23.32,23.60,23.18,23.18,2962800,23.18
2013-05-30,23.44,23.66,23.27,23.41,1574300,23.41
2013-05-29,23.49,23.60,22.97,23.39,2719400,23.39
2013-05-28,23.82,24.07,23.45,23.74,3497300,23.74
2013-05-24,23.74,23.75,23.29,23.39,2082700,23.39
2013-05-23,23.97,24.04,23.55,23.89,2684900,23.89
2013-05-22,25.08,25.37,24.06,24.23,3478100,24.23
2013-05-21,24.60,25.16,24.43,25.08,3335300,25.08
2013-05-20,24.71,24.94,24.60,24.61,2274800,24.61
2013-05-17,24.79,24.95,24.52,24.78,1869500,24.78
2013-05-16,25.08,25.20,24.65,24.72,2630100,24.72
2013-05-15,24.51,25.21,24.40,25.18,3426700,25.18
2013-05-14,24.08,24.56,24.05,24.51,2554700,24.51
2013-05-13,24.05,24.16,23.85,24.03,2908100,24.03
2013-05-10,24.38,24.44,24.05,24.10,2320400,24.10
2013-05-09,24.56,24.63,24.23,24.31,1720100,24.31
2013-05-08,24.38,24.65,24.15,24.57,1945100,24.57
2013-05-07,24.36,24.63,24.30,24.44,3347600,24.44
2013-05-06,24.16,24.43,24.03,24.22,2059400,24.22
2013-05-03,24.36,24.62,24.05,24.15,1759700,24.15
2013-05-02,24.19,24.27,23.95,24.02,1936400,24.02
2013-05-01,24.10,24.33,23.99,24.04,2423300,24.04
2013-04-30,24.33,24.40,23.93,24.22,2608400,24.22
2013-04-29,24.28,24.70,24.22,24.35,1396300,24.35
2013-04-26,24.45,24.51,23.78,24.18,2866600,24.18
2013-04-25,24.69,24.98,24.48,24.75,2970500,24.75
2013-04-24,24.21,24.62,24.09,24.61,1723600,24.61
2013-04-23,23.93,24.28,23.79,24.17,2140600,24.17
2013-04-22,23.88,23.96,23.34,23.71,2204100,23.71
2013-04-19,23.51,23.84,23.17,23.83,2868100,23.83
2013-04-18,23.75,23.97,23.30,23.50,1722800,23.50
2013-04-17,24.07,24.09,23.31,23.70,3425700,23.70
2013-04-16,24.33,24.58,24.15,24.31,2374900,24.31
2013-04-15,25.16,25.16,24.10,24.12,2025600,24.12
2013-04-12,25.36,25.46,25.10,25.29,1856400,25.29
2013-04-11,25.51,25.69,25.39,25.50,1908000,25.50
2013-04-10,25.08,25.51,24.97,25.51,2375700,25.51
2013-04-09,25.00,25.22,24.78,25.01,2038100,25.01
2013-04-08,24.30,24.95,24.29,24.93,1453600,24.93
2013-04-05,23.79,24.23,23.66,24.22,1405100,24.22
2013-04-04,23.93,24.30,23.71,24.28,3223700,24.28
2013-04-03,24.48,24.53,23.88,23.93,4060100,23.93
2013-04-02,24.61,24.76,24.28,24.40,1669000,24.40
2013-04-01,25.28,25.28,24.30,24.44,2863500,24.44
2013-03-28,25.13,25.30,24.88,25.25,2429600,25.25
2013-03-27,24.80,25.13,24.69,25.11,1890900,25.11
2013-03-26,24.77,25.12,24.71,25.02,1960200,25.02
2013-03-25,24.87,25.20,24.61,24.68,2875000,24.68
2013-03-22,24.65,25.02,24.50,24.71,1939400,24.71
2013-03-21,24.62,24.79,24.28,24.51,2230200,24.51
2013-03-20,24.69,25.07,24.64,24.83,2284300,24.83
2013-03-19,25.27,25.30,24.39,24.46,2530100,24.46
2013-03-18,24.55,25.21,24.50,25.18,2937200,25.18
2013-03-15,25.10,25.12,24.65,24.93,3220300,24.93
2013-03-14,25.39,25.45,25.09,25.20,2313800,25.20
2013-03-13,25.29,25.38,24.98,25.36,2037500,25.36
2013-03-12,25.13,25.45,25.02,25.31,2834400,25.31
2013-03-11,24.64,25.26,24.64,25.22,3733500,25.22
2013-03-08,24.69,24.80,24.29,24.64,2614000,24.64
2013-03-07,24.48,24.66,24.40,24.53,2240400,24.53
2013-03-06,24.86,24.94,24.45,24.48,2528700,24.48
2013-03-05,24.73,24.99,24.62,24.74,2937100,24.74
2013-03-04,24.30,24.71,24.15,24.58,1945300,24.58
2013-03-01,23.87,24.61,23.85,24.36,3512100,24.36
2013-02-28,23.86,24.53,23.80,24.17,3520600,24.17
2013-02-27,23.34,24.11,23.18,23.89,2843100,23.89
2013-02-26,23.43,23.56,23.17,23.42,2453200,23.42
2013-02-25,24.00,24.39,23.24,23.24,3664900,23.24
2013-02-22,23.77,23.97,23.50,23.91,2175500,23.91
2013-02-21,23.87,24.00,23.32,23.57,4993300,23.57
2013-02-20,24.44,24.47,23.69,23.84,5024600,23.84
2013-02-19,24.36,24.50,24.15,24.50,1960700,24.50
2013-02-15,24.58,24.62,23.97,24.28,4357100,24.28
2013-02-14,24.35,24.86,24.35,24.70,3224800,24.70
2013-02-13,24.39,24.85,24.33,24.50,3805300,24.50
2013-02-12,24.17,24.46,24.13,24.26,1903400,24.26
2013-02-11,24.20,24.47,23.88,24.13,3285800,24.13
2013-02-08,23.87,24.31,23.60,24.19,3552400,24.19
2013-02-07,23.55,24.33,23.32,23.81,12135800,23.81
2013-02-06,21.74,22.00,21.60,21.85,3453600,21.85
2013-02-05,21.88,22.02,21.74,21.91,3083700,21.91
2013-02-04,21.66,21.89,21.59,21.69,1759700,21.69
2013-02-01,21.76,21.91,21.72,21.87,1933900,21.87
2013-01-31,21.43,21.66,21.39,21.58,1964500,21.58
2013-01-30,21.77,21.77,21.32,21.46,3163400,21.46
2013-01-29,21.91,22.00,21.73,21.78,3426000,21.78
2013-01-28,21.91,22.08,21.64,21.89,2921100,21.89
2013-01-25,21.27,22.29,21.17,21.84,5517000,21.84
2013-01-24,20.92,21.30,20.92,21.19,2751400,21.19
2013-01-23,20.60,20.92,20.57,20.89,1964100,20.89
2013-01-22,20.57,20.65,20.41,20.55,2210000,20.55
2013-01-18,20.70,20.82,20.33,20.55,2847000,20.55
2013-01-17,20.69,20.84,20.43,20.63,2919300,20.63
2013-01-16,20.78,20.81,20.44,20.56,2349300,20.56
2013-01-15,20.46,20.89,20.45,20.84,1685700,20.84
2013-01-14,20.51,20.71,20.47,20.65,1333400,20.65
2013-01-11,20.57,20.73,20.45,20.51,2037000,20.51
2013-01-10,20.69,20.81,20.52,20.55,2701800,20.55
2013-01-09,20.83,21.09,20.54,20.57,3179800,20.57
2013-01-08,20.73,20.85,20.59,20.78,2519700,20.78
2013-01-07,20.54,20.99,20.54,20.80,2595300,20.80
2013-01-04,20.22,20.72,20.08,20.72,2578000,20.72
2013-01-03,20.37,20.49,20.12,20.16,1926100,20.16
2013-01-02,20.34,20.41,19.78,20.36,3273300,20.36
2012-12-31,19.36,19.96,19.30,19.90,1779000,19.90
2012-12-28,19.42,19.58,19.33,19.39,1464400,19.39
2012-12-27,19.66,19.75,19.25,19.59,1597500,19.59
2012-12-26,19.68,19.76,19.58,19.66,1636200,19.66
2012-12-24,19.63,19.74,19.46,19.60,966000,19.60
2012-12-21,19.71,19.99,19.40,19.64,3942200,19.64
2012-12-20,19.95,20.14,19.93,20.00,2153300,20.00
2012-12-19,20.43,20.55,19.96,19.96,2911500,19.96
2012-12-18,19.86,20.42,19.79,20.41,3026200,20.41
2012-12-17,19.32,19.78,19.30,19.78,2073700,19.78
2012-12-14,19.05,19.23,18.89,19.20,2066200,19.20
2012-12-13,19.64,19.66,19.06,19.10,2403800,19.10
2012-12-12,19.64,19.93,19.59,19.69,2684000,19.69
2012-12-11,19.48,19.72,19.45,19.56,2548100,19.56
2012-12-10,19.02,19.37,18.92,19.34,1987700,19.34
2012-12-07,18.75,19.02,18.70,18.99,1430500,18.99
2012-12-06,18.71,18.81,18.54,18.73,1830600,18.73
2012-12-05,18.58,18.78,18.33,18.75,2268100,18.75
2012-12-04,18.73,18.80,18.49,18.57,2370100,18.57
2012-12-03,18.93,19.23,18.69,18.76,3562600,18.76
2012-11-30,18.68,19.05,18.59,18.93,3709800,18.93
2012-11-29,18.33,18.72,18.30,18.63,2892300,18.63
2012-11-28,17.79,18.27,17.64,18.25,1807300,18.25
2012-11-27,18.09,18.10,17.81,17.91,2557100,17.91
2012-11-26,17.68,18.28,17.68,18.16,2564300,18.16
2012-11-23,17.83,17.98,17.65,17.87,994400,17.87
2012-11-21,17.67,17.79,17.61,17.69,1715300,17.69
2012-11-20,17.78,17.82,17.45,17.64,2545100,17.64
2012-11-19,17.80,18.05,17.67,17.79,4703000,17.79
2012-11-16,17.40,17.67,17.16,17.50,2637100,17.50
2012-11-15,17.35,17.56,17.24,17.34,2378800,17.34
2012-11-14,17.71,17.77,17.25,17.35,3392200,17.35
2012-11-13,17.33,17.83,17.25,17.65,2315200,17.65
2012-11-12,17.55,17.57,17.36,17.47,1516900,17.47
2012-11-09,17.30,17.61,17.25,17.50,3466900,17.50
2012-11-08,17.56,17.60,17.32,17.47,3227800,17.47
2012-11-07,17.87,18.00,17.52,17.53,4422300,17.53
2012-11-06,17.81,18.21,17.70,18.14,2893300,18.14
2012-11-05,17.55,17.77,17.41,17.72,1576300,17.72
2012-11-02,17.83,18.02,17.52,17.55,3344300,17.55
2012-11-01,17.94,18.06,17.54,17.63,4545900,17.63
2012-10-31,18.08,18.12,16.86,18.02,8084100,18.02
2012-10-26,18.27,18.32,17.91,18.25,2011700,18.25
2012-10-25,18.78,18.80,18.06,18.24,3012800,18.24
2012-10-24,18.94,19.00,18.34,18.49,3812500,18.49
2012-10-23,18.97,19.21,18.53,18.88,2873900,18.88
2012-10-22,19.09,19.42,19.09,19.42,1933100,19.42
2012-10-19,19.53,19.55,18.82,19.11,2656900,19.11
2012-10-18,19.25,19.58,19.16,19.58,2799800,19.58
2012-10-17,18.91,19.31,18.81,19.31,2089300,19.31
2012-10-16,19.00,19.21,18.85,18.95,1844600,18.95
2012-10-15,18.90,19.00,18.74,18.91,1325000,18.91
2012-10-12,19.02,19.16,18.70,18.82,1644200,18.82
2012-10-11,18.66,19.10,18.64,19.05,3783900,19.05
2012-10-10,18.92,18.92,18.40,18.45,3657600,18.45
2012-10-09,19.39,19.43,18.92,18.93,2834900,18.93
2012-10-08,19.44,19.56,19.24,19.44,2584400,19.44
2012-10-05,19.49,19.74,19.36,19.61,3936800,19.61
2012-10-04,19.39,19.49,19.10,19.22,3018300,19.22
2012-10-03,19.01,19.43,18.88,19.27,3428800,19.27
2012-10-02,18.75,19.11,18.72,18.98,3801800,18.98
2012-10-01,18.52,19.01,18.41,18.65,3769400,18.65
2012-09-28,18.48,18.60,18.32,18.41,3476800,18.41
2012-09-27,18.70,18.81,18.50,18.62,3245900,18.62
2012-09-26,18.56,18.89,18.33,18.55,3387100,18.55
2012-09-25,19.29,19.34,18.53,18.54,4810300,18.54
2012-09-24,19.20,19.36,19.06,19.25,3930000,19.25
2012-09-21,19.71,19.77,19.28,19.36,6383700,19.36
2012-09-20,19.28,19.49,19.04,19.40,4132400,19.40
2012-09-19,19.42,19.77,19.37,19.50,3498700,19.50
2012-09-18,19.80,20.12,19.02,19.29,6858300,19.29
2012-09-17,20.28,20.28,19.53,19.80,5064500,19.80
2012-09-14,19.68,20.89,19.67,20.36,7579800,20.36
2012-09-13,18.38,19.61,18.18,19.60,7069400,19.60
2012-09-12,17.78,18.42,17.74,18.35,5089500,18.35
2012-09-11,17.23,17.69,17.23,17.65,4248800,17.65
2012-09-10,17.75,17.78,17.14,17.28,4791000,17.28
2012-09-07,17.54,17.75,17.54,17.70,3208300,17.70
2012-09-06,17.16,17.62,17.14,17.48,3919300,17.48
2012-09-05,17.22,17.32,16.73,17.01,2668000,17.01
2012-09-04,17.31,17.39,17.00,17.22,1731400,17.22
2012-08-31,17.32,17.51,17.14,17.31,1978200,17.31
2012-08-30,17.30,17.32,17.00,17.20,1874800,17.20
2012-08-29,17.31,17.50,17.16,17.41,2169400,17.41
2012-08-28,17.38,17.65,17.27,17.41,2176900,17.41
2012-08-27,17.69,17.69,17.31,17.44,1395000,17.44
2012-08-24,17.61,17.79,17.24,17.58,1904900,17.58
2012-08-23,17.80,17.92,17.57,17.65,1399300,17.65
2012-08-22,18.05,18.18,17.59,17.89,1613500,17.89
2012-08-21,18.10,18.45,18.01,18.14,2522900,18.14
2012-08-20,17.94,18.07,17.59,18.06,2432000,18.06
2012-08-17,17.91,18.14,17.71,18.04,1960700,18.04
2012-08-16,17.62,17.96,17.58,17.90,1737200,17.90
2012-08-15,17.52,17.67,17.39,17.56,1286900,17.56
2012-08-14,17.73,17.84,17.43,17.52,1382400,17.52
2012-08-13,17.71,17.82,17.46,17.60,1538400,17.60
2012-08-10,17.72,17.86,17.60,17.77,2171800,17.77
2012-08-09,17.81,18.00,17.74,17.80,1972300,17.80
2012-08-08,18.07,18.13,17.78,17.80,2873200,17.80
2012-08-07,17.76,18.29,17.67,18.07,3508900,18.07
2012-08-06,17.16,17.73,17.05,17.73,4029500,17.73
2012-08-03,16.87,17.40,16.87,17.08,3752400,17.08
2012-08-02,16.53,16.87,16.32,16.56,2713800,16.56
2012-08-01,16.04,17.38,15.77,16.67,7355100,16.67
2012-07-31,16.20,16.38,15.36,15.58,5358800,15.58
2012-07-30,16.31,16.37,16.00,16.24,3546200,16.24
2012-07-27,15.52,16.46,15.48,16.33,4479100,16.33
2012-07-26,15.42,15.72,15.22,15.37,4075700,15.37
2012-07-25,15.39,15.45,14.97,15.10,3398000,15.10
2012-07-24,15.75,15.85,15.13,15.31,2785800,15.31
2012-07-23,15.75,15.91,15.51,15.78,2738800,15.78
2012-07-20,16.11,16.33,16.03,16.14,2562600,16.14
2012-07-19,16.01,16.41,15.99,16.32,1960300,16.32
2012-07-18,15.87,16.08,15.77,15.99,2144300,15.99
2012-07-17,15.78,16.04,15.35,16.01,2204000,16.01
2012-07-16,15.67,15.73,15.43,15.67,1681400,15.67
2012-07-13,15.49,15.80,15.40,15.78,1446600,15.78
2012-07-12,15.37,15.52,15.19,15.41,2262900,15.41
2012-07-11,15.43,15.76,15.34,15.55,2360600,15.55
2012-07-10,15.88,16.00,15.29,15.40,2480600,15.40
2012-07-09,15.78,15.87,15.47,15.70,3105900,15.70
2012-07-06,15.83,15.92,15.60,15.85,2107300,15.85
2012-07-05,16.33,16.38,16.07,16.08,2219500,16.08
2012-07-03,16.15,16.53,16.15,16.37,1324300,16.37
2012-07-02,16.49,16.58,15.89,16.16,3045700,16.16
2012-06-29,16.16,16.57,16.12,16.36,4213300,16.36
2012-06-28,15.39,15.78,15.24,15.75,1915900,15.75
2012-06-27,15.51,15.74,15.29,15.58,1726100,15.58
2012-06-26,15.44,15.53,15.12,15.40,2705800,15.40
2012-06-25,15.61,15.61,15.21,15.37,3114700,15.37
2012-06-22,16.13,16.20,15.61,15.87,5293600,15.87
2012-06-21,16.90,16.90,16.01,16.02,3124300,16.02
2012-06-20,16.84,17.02,16.41,16.84,2529200,16.84
2012-06-19,16.50,16.97,16.46,16.81,2432600,16.81
2012-06-18,16.30,16.55,16.14,16.39,2115000,16.39
2012-06-15,15.96,16.45,15.96,16.41,3319400,16.41
2012-06-14,15.85,15.95,15.60,15.88,3273400,15.88
2012-06-13,15.97,16.19,15.74,15.83,1946100,15.83
2012-06-12,15.54,16.10,15.54,16.09,2099000,16.09
2012-06-11,16.48,16.63,15.72,15.73,2737600,15.73
2012-06-08,15.99,16.25,15.75,16.24,2261500,16.24
2012-06-07,16.30,16.49,16.03,16.14,2587900,16.14
2012-06-06,15.71,16.24,15.61,16.11,2839400,16.11
2012-06-05,15.17,15.62,15.09,15.50,3831800,15.50
2012-06-04,15.65,15.75,15.09,15.27,3116600,15.27
2012-06-01,15.38,15.78,15.17,15.59,5116800,15.59
2012-05-31,16.30,16.66,15.86,16.45,4196800,16.45
2012-05-30,16.74,16.78,16.21,16.25,2829500,16.25
2012-05-29,16.59,17.04,16.47,17.01,1910900,17.01
2012-05-25,16.43,16.56,16.23,16.38,1600300,16.38
2012-05-24,16.73,16.81,16.16,16.39,2826600,16.39
2012-05-23,16.26,16.69,15.90,16.65,2922900,16.65
2012-05-22,16.53,16.79,16.30,16.45,3064300,16.45
2012-05-21,15.87,16.46,15.80,16.42,2837200,16.42
2012-05-18,15.85,16.13,15.77,15.84,4397400,15.84
2012-05-17,16.18,16.27,15.73,15.76,4411800,15.76
2012-05-16,16.77,17.04,16.19,16.19,3819000,16.19
2012-05-15,17.02,17.07,16.61,16.68,3854500,16.68
2012-05-14,16.95,17.12,16.64,17.01,4810000,17.01
2012-05-11,16.98,17.34,16.87,17.27,2669700,17.27
2012-05-10,17.58,17.64,17.17,17.24,2482800,17.24
2012-05-09,17.26,17.46,16.89,17.33,3788200,17.33
2012-05-08,17.50,17.62,17.17,17.55,3984900,17.55
2012-05-07,17.86,17.98,17.59,17.67,3300000,17.67
2012-05-04,18.48,18.54,17.79,17.93,2589200,17.93
2012-05-03,19.21,19.24,18.56,18.61,1936300,18.61
2012-05-02,19.19,19.35,18.96,19.18,2482300,19.18
2012-05-01,18.79,19.66,18.79,19.36,3199400,19.36
2012-04-30,19.04,19.14,18.64,18.81,2387000,18.81
2012-04-27,19.20,19.35,18.81,19.13,2652700,19.13
2012-04-26,18.58,19.15,18.58,19.07,2367700,19.07
2012-04-25,18.70,19.17,18.24,18.67,3539000,18.67
2012-04-24,18.23,18.44,18.11,18.39,3008700,18.39
2012-04-23,18.11,18.24,17.87,18.23,2503500,18.23
2012-04-20,18.56,18.67,18.27,18.37,3025000,18.37
2012-04-19,18.36,18.80,18.29,18.46,2351300,18.46
2012-04-18,18.68,18.69,18.26,18.34,2538100,18.34
2012-04-17,18.60,19.03,18.52,18.84,2454900,18.84
2012-04-16,18.38,18.55,18.11,18.36,2200400,18.36
2012-04-13,18.69,18.77,18.16,18.21,2864600,18.21
2012-04-12,18.28,18.90,18.25,18.86,3136800,18.86
2012-04-11,17.98,18.30,17.85,18.27,3877300,18.27
2012-04-10,18.10,18.27,17.61,17.72,4408700,17.72
2012-04-09,18.29,18.30,18.00,18.20,2904300,18.20
2012-04-05,18.96,19.01,18.58,18.60,3354500,18.60
2012-04-04,19.28,19.28,18.85,19.03,3406500,19.03
2012-04-03,20.07,20.07,19.32,19.50,4625500,19.50
2012-04-02,19.97,20.46,19.77,20.17,4531400,20.17
2012-03-30,19.88,20.15,19.78,19.96,3695800,19.96
2012-03-29,19.76,19.79,19.30,19.79,3006400,19.79
2012-03-28,20.36,20.43,19.66,19.99,3848000,19.99
2012-03-27,20.55,20.68,20.24,20.42,2320600,20.42
2012-03-26,20.78,20.81,20.26,20.57,2499800,20.57
2012-03-23,20.34,20.65,20.20,20.48,3216500,20.48
2012-03-22,20.52,20.52,20.12,20.40,2906600,20.40
2012-03-21,20.69,20.89,20.60,20.75,3000300,20.75
2012-03-20,20.55,20.88,20.34,20.77,2621500,20.77
2012-03-19,20.87,21.00,20.70,20.86,2763200,20.86
2012-03-16,20.66,21.16,20.54,20.83,6231000,20.83
2012-03-15,20.46,20.73,20.29,20.68,3528500,20.68
2012-03-14,20.65,20.85,20.09,20.46,4879000,20.46
2012-03-13,19.30,20.64,19.25,20.58,6017600,20.58
2012-03-12,19.16,19.35,19.04,19.18,3456000,19.18
2012-03-09,18.56,19.47,18.48,19.19,8543300,19.19
2012-03-08,17.83,18.64,17.78,18.49,4709000,18.49
2012-03-07,18.05,18.25,17.69,17.70,5059700,17.70
2012-03-06,18.38,18.38,17.81,17.93,4104600,17.93
2012-03-05,18.60,18.82,18.40,18.64,1847700,18.64
2012-03-02,18.72,19.07,18.64,18.67,2402900,18.67
2012-03-01,18.43,19.05,18.41,18.71,2893000,18.71
2012-02-29,18.14,18.46,18.07,18.33,3316400,18.33
2012-02-28,18.52,18.52,18.12,18.15,3066200,18.15
2012-02-27,18.27,18.65,18.12,18.50,2900800,18.50
2012-02-24,18.67,18.68,18.35,18.51,1699100,18.51
2012-02-23,18.40,18.64,18.21,18.57,2292300,18.57
2012-02-22,18.75,18.75,18.32,18.45,2090200,18.45
2012-02-21,19.11,19.31,18.69,18.78,2057500,18.78
2012-02-17,19.29,19.43,19.01,19.07,3244600,19.07
2012-02-16,18.63,19.18,18.49,19.08,3102500,19.08
2012-02-15,18.38,18.94,18.26,18.66,4669200,18.66
2012-02-14,18.04,18.34,17.83,18.30,3539100,18.30
2012-02-13,17.99,18.20,17.79,18.11,3502100,18.11
2012-02-10,18.10,18.16,17.76,17.87,3331300,17.87
2012-02-09,18.17,18.38,17.99,18.33,3073700,18.33
2012-02-08,18.57,18.57,17.82,18.10,9071100,18.10
2012-02-07,19.54,19.57,19.15,19.26,3732700,19.26
2012-02-06,19.45,19.66,19.31,19.60,2456700,19.60
2012-02-03,19.21,19.61,19.19,19.61,4179700,19.61
2012-02-02,19.03,19.09,18.82,18.93,2310300,18.93
2012-02-01,19.46,19.56,18.83,19.00,7909900,19.00
2012-01-31,18.42,19.70,17.85,19.30,10770700,19.30
2012-01-30,18.72,18.77,18.21,18.26,5285000,18.26
2012-01-27,18.80,19.26,18.75,19.07,3930500,19.07
2012-01-26,18.41,19.39,18.39,19.01,8875700,19.01
2012-01-25,17.80,18.25,17.53,18.15,3608200,18.15
2012-01-24,17.78,18.06,17.59,17.88,2646800,17.88
2012-01-23,17.83,18.12,17.77,18.00,3184100,18.00
2012-01-20,17.64,17.92,17.54,17.86,3397100,17.86
2012-01-19,17.15,17.67,17.13,17.61,4304400,17.61
2012-01-18,16.77,17.36,16.77,17.05,3993600,17.05
2012-01-17,17.30,17.40,16.84,16.86,2623100,16.86
2012-01-13,17.11,17.17,16.77,17.02,2925000,17.02
2012-01-12,17.65,17.82,17.04,17.43,3941300,17.43
2012-01-11,16.47,17.61,16.45,17.55,5880200,17.55
2012-01-10,16.27,16.65,16.27,16.57,4733600,16.57
2012-01-09,16.07,16.18,15.88,15.92,2694700,15.92
2012-01-06,16.26,16.34,15.94,15.96,2403900,15.96
2012-01-05,15.90,16.24,15.66,16.22,2350500,16.22
2012-01-04,15.98,16.10,15.76,16.05,2436700,16.05
2012-01-03,15.68,16.30,15.56,16.03,6144700,16.03
2011-12-30,15.17,15.28,15.09,15.22,3143500,15.22
2011-12-29,14.82,15.19,14.77,15.16,2878200,15.16
2011-12-28,15.37,15.40,14.66,14.75,3063000,14.75
2011-12-27,15.28,15.53,15.24,15.30,1887900,15.30
2011-12-23,15.45,15.52,15.23,15.39,2277900,15.39
2011-12-22,15.46,15.52,15.26,15.41,2957300,15.41
2011-12-21,15.04,15.52,14.96,15.42,4206000,15.42
2011-12-20,14.65,15.20,14.59,15.14,7614400,15.14
2011-12-19,15.05,15.05,14.18,14.33,7483100,14.33
2011-12-16,15.13,15.52,14.97,15.04,6929000,15.04
2011-12-15,14.82,15.21,14.79,15.10,6788600,15.10
2011-12-14,14.59,14.68,14.18,14.54,7553300,14.54
2011-12-13,15.32,15.36,14.63,14.76,5266900,14.76
2011-12-12,15.17,15.28,14.81,15.22,5290200,15.22
2011-12-09,15.19,15.77,15.19,15.48,7156500,15.48
2011-12-08,15.92,16.00,15.00,15.06,9188600,15.06
2011-12-07,16.45,16.46,16.00,16.04,5197300,16.04
2011-12-06,17.07,17.14,16.56,16.58,3305100,16.58
2011-12-05,16.86,17.71,16.69,17.09,6318200,17.09
2011-12-02,16.67,17.15,16.41,16.51,2970100,16.51
2011-12-01,16.79,17.12,16.42,16.50,4016500,16.50
2011-11-30,15.83,16.85,15.69,16.81,6654400,16.81
2011-11-29,15.44,15.56,15.11,15.13,4546800,15.13
2011-11-28,15.12,15.39,14.95,15.34,3872600,15.34
2011-11-25,14.49,14.99,14.46,14.62,1692200,14.62
2011-11-23,14.55,14.64,14.40,14.48,4874200,14.48
2011-11-22,14.71,14.95,14.49,14.80,3015200,14.80
2011-11-21,14.65,14.93,14.32,14.71,5148300,14.71
2011-11-18,15.46,15.46,15.00,15.11,5076700,15.11
2011-11-17,15.68,15.88,15.10,15.26,5226700,15.26
2011-11-16,15.96,16.26,15.70,15.74,3448900,15.74
2011-11-15,15.77,16.38,15.61,16.19,3645100,16.19
2011-11-14,16.09,16.21,15.73,15.84,3160300,15.84
2011-11-11,16.28,16.48,16.10,16.32,3100700,16.32
2011-11-10,16.36,16.47,15.80,15.94,4337100,15.94
2011-11-09,16.35,16.50,15.79,15.84,6327800,15.84
2011-11-08,16.98,17.01,16.35,16.93,4647300,16.93
2011-11-07,16.79,17.02,16.45,16.83,5292300,16.83
2011-11-04,17.17,17.36,16.53,16.67,7925200,16.67
2011-11-03,17.74,17.98,17.02,17.40,9709000,17.40
2011-11-02,17.44,17.80,17.16,17.46,6303800,17.46
2011-11-01,17.28,17.69,16.92,17.05,7900700,17.05
2011-10-31,18.67,18.67,17.76,17.78,6608300,17.78
2011-10-28,17.66,19.61,17.51,18.98,9507300,18.98
2011-10-27,16.90,17.39,16.33,17.12,6930200,17.12
2011-10-26,16.32,16.37,15.84,15.94,5614900,15.94
2011-10-25,16.63,16.65,16.03,16.09,4421600,16.09
2011-10-24,15.30,17.07,15.19,16.74,8253100,16.74
2011-10-21,14.83,15.33,14.80,15.29,5183800,15.29
2011-10-20,14.39,14.63,14.12,14.59,5978700,14.59
2011-10-19,15.28,15.32,14.28,14.40,6549700,14.40
2011-10-18,14.28,15.48,14.15,15.32,5197400,15.32
2011-10-17,15.12,15.17,14.27,14.33,3412700,14.33
2011-10-14,15.26,15.35,14.84,15.22,2464100,15.22
2011-10-13,15.04,15.26,14.51,15.00,4965600,15.00
2011-10-12,14.18,15.36,14.16,15.17,8952200,15.17
2011-10-11,14.06,14.70,13.86,13.95,5971800,13.95
2011-10-10,13.82,14.28,13.82,14.15,4316100,14.15
2011-10-07,14.51,14.55,13.44,13.51,4769300,13.51
2011-10-06,13.77,14.54,13.62,14.39,4322800,14.39
2011-10-05,13.55,14.00,13.24,13.84,3143800,13.84
2011-10-04,12.81,13.54,12.51,13.51,7500700,13.51
2011-10-03,13.34,13.79,12.94,13.09,6764100,13.09
2011-09-30,14.12,14.12,13.45,13.46,6201400,13.46
2011-09-29,14.31,14.41,13.99,14.41,6925100,14.41
2011-09-28,14.03,14.15,13.83,13.93,7528900,13.93
2011-09-27,14.22,14.78,13.80,13.94,7578200,13.94
2011-09-26,13.55,13.86,13.10,13.82,4773200,13.82
2011-09-23,12.67,13.70,12.58,13.37,6653800,13.37
2011-09-22,12.61,13.04,12.30,12.78,10577700,12.78
2011-09-21,14.12,14.12,13.16,13.22,9580200,13.22
2011-09-20,14.43,14.60,14.02,14.04,4304800,14.04
2011-09-19,14.79,14.80,14.10,14.35,5734900,14.35
2011-09-16,15.24,15.49,14.84,15.14,11019100,15.14
2011-09-15,15.08,15.27,14.80,15.27,5094900,15.27
2011-09-14,14.32,15.05,14.15,14.82,5538700,14.82
2011-09-13,14.21,14.36,13.84,14.23,4879700,14.23
2011-09-12,13.77,14.13,13.46,14.12,6138400,14.12
2011-09-09,14.46,14.52,13.83,14.05,9914100,14.05
2011-09-08,15.06,15.39,14.53,14.68,7188800,14.68
2011-09-07,14.21,15.51,14.14,15.30,8954000,15.30
2011-09-06,13.74,14.08,13.61,13.96,5160000,13.96
2011-09-02,14.50,14.56,14.20,14.35,6124700,14.35
2011-09-01,15.24,15.32,14.82,14.91,5206500,14.91
2011-08-31,14.69,15.29,14.66,15.16,5596300,15.16
2011-08-30,14.80,14.87,14.43,14.65,4582600,14.65
2011-08-29,14.50,14.88,14.21,14.88,3294400,14.88
2011-08-26,13.60,14.35,13.42,14.17,5393500,14.17
2011-08-25,15.28,15.50,13.69,13.76,8351300,13.76
2011-08-24,14.45,15.22,14.45,15.15,7914000,15.15
2011-08-23,13.78,14.71,13.61,14.68,7185800,14.68
2011-08-22,14.13,14.16,13.47,13.77,6934400,13.77
2011-08-19,14.70,14.80,13.71,13.72,7719800,13.72
2011-08-18,15.38,15.38,14.45,14.60,7168400,14.60
2011-08-17,16.39,16.54,15.95,16.07,6358800,16.07
2011-08-16,16.64,16.72,16.09,16.15,6698300,16.15
2011-08-15,16.83,17.01,16.75,16.97,5379500,16.97
2011-08-12,17.13,17.51,16.45,16.62,7310300,16.62
2011-08-11,16.67,17.26,16.12,16.96,8840300,16.96
2011-08-10,17.33,17.49,16.48,16.67,10590400,16.67
2011-08-09,17.19,17.53,15.94,17.47,8671900,17.47
2011-08-08,17.70,17.81,16.37,16.51,9979400,16.51
2011-08-05,19.26,19.27,17.98,18.27,12109500,18.27
2011-08-04,20.08,20.23,18.89,18.90,8053400,18.90
2011-08-03,20.81,20.92,20.04,20.49,6237200,20.49
2011-08-02,21.68,21.91,20.80,20.81,5850300,20.81
2011-08-01,22.11,22.28,21.62,21.95,5785700,21.95
2011-07-29,20.69,22.04,20.51,21.80,8164200,21.80
2011-07-28,22.16,22.16,20.78,21.05,15520300,21.05
2011-07-27,23.30,23.35,22.44,22.92,5644400,22.92
2011-07-26,23.57,23.70,23.29,23.51,3079800,23.51
2011-07-25,23.43,23.80,23.32,23.68,2679800,23.68
2011-07-22,23.62,23.92,23.46,23.77,3355100,23.77
2011-07-21,23.49,23.79,23.49,23.64,3379700,23.64
2011-07-20,23.53,23.71,23.21,23.26,3784500,23.26
2011-07-19,23.27,23.71,23.25,23.52,3773400,23.52
2011-07-18,23.12,23.24,22.40,23.07,3679800,23.07
2011-07-15,23.00,23.35,22.69,23.29,5047500,23.29
2011-07-14,23.62,23.67,22.77,22.80,3994200,22.80
2011-07-13,23.69,23.94,23.38,23.49,4097200,23.49
2011-07-12,23.83,24.03,23.47,23.48,4670600,23.48
2011-07-11,24.77,25.02,23.87,23.90,3695300,23.90
2011-07-08,25.57,25.63,24.90,25.28,2806300,25.28
2011-07-07,25.60,26.29,25.60,26.06,3162000,26.06
2011-07-06,25.37,25.79,25.06,25.46,3759000,25.46
2011-07-05,25.31,25.43,25.06,25.39,1870700,25.39
2011-07-01,25.06,25.47,24.98,25.39,3114000,25.39
2011-06-30,25.20,25.34,24.96,25.11,2566500,25.11
2011-06-29,24.76,25.34,24.54,25.18,3241700,25.18
2011-06-28,24.05,24.84,24.00,24.83,3165800,24.83
2011-06-27,23.43,23.98,23.30,23.95,2518100,23.95
2011-06-24,24.37,24.44,23.26,23.29,4345800,23.29
2011-06-23,23.62,24.32,23.28,24.30,3216500,24.30
2011-06-22,24.70,24.89,24.06,24.08,3192200,24.08
2011-06-21,24.00,25.02,24.00,24.78,4414800,24.78
2011-06-20,23.83,24.02,23.69,23.86,2996200,23.86
2011-06-17,23.23,24.08,23.09,23.98,4909200,23.98
2011-06-16,23.02,23.46,22.45,22.91,6168400,22.91
2011-06-15,24.01,24.07,22.75,22.94,6513300,22.94
2011-06-14,23.93,24.38,23.70,24.28,3303700,24.28
2011-06-13,24.33,24.65,23.47,23.60,4409000,23.60
2011-06-10,24.98,25.01,24.10,24.30,3176600,24.30
2011-06-09,24.90,25.28,24.73,25.19,2339600,25.19
2011-06-08,25.36,25.36,24.80,24.89,2941500,24.89
2011-06-07,24.97,25.79,24.89,25.38,2853700,25.38
2011-06-06,25.58,25.80,24.72,24.79,5304200,24.79
2011-06-03,25.84,26.13,25.45,25.59,2524200,25.59
2011-06-02,25.40,26.39,25.35,26.24,3013800,26.24
2011-06-01,26.40,26.61,25.41,25.46,3455400,25.46
2011-05-31,26.87,26.87,26.21,26.43,4126900,26.43
2011-05-27,26.97,26.98,26.40,26.51,6272500,26.51
2011-05-26,26.36,27.10,26.22,26.93,3039600,26.93
2011-05-25,25.74,26.77,25.74,26.51,2357800,26.51
2011-05-24,26.15,26.25,25.68,25.92,2176100,25.92
2011-05-23,26.24,26.35,25.99,25.99,1844300,25.99
2011-05-20,27.04,27.10,26.69,26.72,1693600,26.72
2011-05-19,27.11,27.22,26.64,27.06,1628700,27.06
2011-05-18,26.06,27.10,26.00,27.02,3142600,27.02
2011-05-17,25.97,26.12,25.78,26.02,2482200,26.02
2011-05-16,25.79,26.55,25.58,26.13,2427100,26.13
2011-05-13,26.35,26.60,25.78,25.94,2551900,25.94
2011-05-12,26.41,26.56,26.09,26.37,2900000,26.37
2011-05-11,27.77,27.86,26.44,26.50,4686600,26.50
2011-05-10,27.34,27.96,27.28,27.81,3718900,27.81
2011-05-09,26.79,27.47,26.59,27.24,3121000,27.24
2011-05-06,26.95,27.36,26.72,26.73,3914700,26.73
2011-05-05,26.07,27.08,25.77,26.53,4568600,26.53
2011-05-04,26.49,26.56,26.01,26.30,2596800,26.30
2011-05-03,26.99,27.01,26.10,26.46,3505700,26.46
2011-05-02,26.94,27.49,26.91,27.03,5320700,27.03
2011-04-29,26.51,26.80,26.45,26.71,9162400,26.71
2011-04-28,26.64,26.75,26.29,26.51,4304400,26.51
2011-04-27,27.13,28.03,26.55,26.75,9346600,26.75
2011-04-26,28.87,28.91,28.38,28.55,4310000,28.55
2011-04-25,29.62,29.77,28.51,28.57,4077800,28.57
2011-04-21,29.88,29.88,29.55,29.70,2555300,29.70
2011-04-20,29.47,29.70,29.08,29.66,3711300,29.66
2011-04-19,28.66,29.01,28.48,29.01,3523700,29.01
2011-04-18,28.41,28.81,28.13,28.64,4510600,28.64
2011-04-15,28.31,29.05,28.19,28.91,4244000,28.91
2011-04-14,27.63,28.32,27.41,28.26,2674900,28.26
2011-04-13,27.55,27.84,27.30,27.81,2912100,27.81
2011-04-12,27.68,27.97,27.28,27.47,2564100,27.47
2011-04-11,27.46,27.69,27.18,27.43,1515500,27.43
2011-04-08,27.83,27.90,27.29,27.47,1546200,27.47
2011-04-07,27.59,27.96,27.33,27.53,2197800,27.53
2011-04-06,28.28,28.37,27.52,27.68,2363900,27.68
2011-04-05,27.74,28.30,27.59,28.15,2657800,28.15
2011-04-04,27.80,28.06,27.59,27.75,2213000,27.75
2011-04-01,26.99,28.09,26.97,27.66,5094200,27.66
2011-03-31,27.03,27.21,26.45,26.70,3780100,26.70
2011-03-30,27.89,27.91,26.97,27.02,5120500,27.02
2011-03-29,26.93,27.61,26.69,27.61,3068600,27.61
2011-03-28,27.21,27.70,26.91,26.94,2701200,26.94
2011-03-25,27.82,27.97,27.00,27.19,3889700,27.19
2011-03-24,27.41,27.84,27.12,27.83,3015800,27.83
2011-03-23,27.29,27.37,26.38,26.96,3394700,26.96
2011-03-22,27.39,27.39,26.93,27.32,3055100,27.32
2011-03-21,27.10,27.48,26.93,27.37,2807200,27.37
2011-03-18,26.60,26.90,26.38,26.65,3435700,26.65
2011-03-17,25.94,26.28,25.81,26.15,2876300,26.15
2011-03-16,25.89,26.13,25.07,25.46,4753900,25.46
2011-03-15,26.03,26.41,25.78,25.95,5212800,25.95
2011-03-14,27.00,27.50,26.85,27.19,7106500,27.19
2011-03-11,25.79,27.40,25.54,27.30,7555300,27.30
2011-03-10,26.24,26.42,25.73,25.80,4318200,25.80
2011-03-09,25.47,26.67,25.43,26.58,4764100,26.58
2011-03-08,24.75,25.68,24.75,25.53,3092800,25.53
2011-03-07,25.26,25.45,24.35,24.71,3556700,24.71
2011-03-04,25.48,25.57,24.85,25.07,2113700,25.07
2011-03-03,24.90,25.47,24.83,25.45,1785100,25.45
2011-03-02,24.53,24.87,24.30,24.60,1996900,24.60
2011-03-01,25.17,25.19,24.44,24.59,2978200,24.59
2011-02-28,24.99,25.32,24.70,25.04,3368600,25.04
2011-02-25,24.40,24.96,24.39,24.89,1801000,24.89
2011-02-24,24.31,24.50,23.87,24.21,2579300,24.21
2011-02-23,24.69,25.02,23.88,24.36,2393900,24.36
2011-02-22,25.15,25.25,24.48,24.59,2741100,24.59
2011-02-18,25.15,25.48,25.09,25.46,1766600,25.46
2011-02-17,25.45,25.56,25.03,25.27,2563700,25.27
2011-02-16,25.47,25.68,25.24,25.54,3571500,25.54
2011-02-15,24.71,25.51,24.32,25.34,5423900,25.34
2011-02-14,24.53,24.65,24.31,24.63,1974400,24.63
2011-02-11,23.90,24.55,23.90,24.53,3101800,24.53
2011-02-10,23.70,24.09,23.69,24.02,4058300,24.02
2011-02-09,23.84,24.08,23.70,23.88,3841400,23.88
2011-02-08,23.79,23.98,23.72,23.92,3700500,23.92
2011-02-07,23.39,23.95,23.26,23.74,4040400,23.74
2011-02-04,23.03,24.10,22.71,23.95,7044700,23.95
2011-02-03,23.93,24.05,23.50,23.78,5117400,23.78
2011-02-02,22.89,24.13,22.89,24.04,10405500,24.04
2011-02-01,22.38,23.07,22.29,22.91,4376500,22.91
2011-01-31,21.96,22.28,21.94,22.19,3941000,22.19
2011-01-28,22.07,22.52,21.75,21.88,3995600,21.88
2011-01-27,22.01,22.26,21.80,22.09,3047700,22.09
2011-01-26,21.77,21.87,21.45,21.80,4030500,21.80
2011-01-25,21.87,21.91,21.58,21.75,3410600,21.75
2011-01-24,22.54,22.66,21.90,21.93,6009000,21.93
2011-01-21,22.31,22.64,22.20,22.59,4352000,22.59
2011-01-20,22.03,22.24,21.85,22.07,4227200,22.07
2011-01-19,22.36,22.58,21.91,22.01,3823900,22.01
2011-01-18,22.15,22.46,21.84,22.44,4191800,22.44
2011-01-14,21.30,21.97,21.15,21.97,4571300,21.97
2011-01-13,21.12,21.31,20.96,21.31,2599400,21.31
2011-01-12,21.11,21.17,20.88,21.16,2667500,21.16
2011-01-11,20.68,21.04,20.49,20.86,2721700,20.86
2011-01-10,20.64,20.73,20.38,20.58,2278300,20.58
2011-01-07,20.82,20.85,20.34,20.70,3461000,20.70
2011-01-06,20.62,21.27,20.56,20.74,5175600,20.74
2011-01-05,20.30,20.71,20.29,20.62,2591500,20.62
2011-01-04,21.07,21.14,20.29,20.43,3851700,20.43
2011-01-03,20.68,21.02,20.65,21.01,3042600,21.01
2010-12-31,20.76,20.82,20.44,20.48,1474800,20.48
2010-12-30,20.73,20.91,20.70,20.78,909100,20.78
2010-12-29,20.72,20.86,20.67,20.74,1028900,20.74
2010-12-28,21.07,21.21,20.67,20.70,2341700,20.70
2010-12-27,20.85,21.08,20.71,21.01,1205100,21.01
2010-12-23,21.27,21.31,20.94,20.94,1585300,20.94
2010-12-22,21.39,21.43,21.02,21.28,2756000,21.28
2010-12-21,20.98,21.53,20.89,21.31,3116700,21.31
2010-12-20,20.70,20.98,20.52,20.89,2003300,20.89
2010-12-17,20.44,20.60,20.34,20.50,5355600,20.50
2010-12-16,20.31,20.49,19.84,20.45,3673900,20.45
2010-12-15,20.40,20.62,20.22,20.24,2510500,20.24
2010-12-14,20.19,20.78,20.08,20.40,3718000,20.40
2010-12-13,20.29,20.38,20.07,20.17,3220400,20.17
2010-12-10,19.74,20.28,19.74,20.20,2816700,20.20
2010-12-09,19.94,20.00,19.65,19.70,2230900,19.70
2010-12-08,20.03,20.17,19.60,19.82,2269400,19.82
2010-12-07,20.24,20.24,19.78,20.05,3380600,20.05
2010-12-06,19.85,20.10,19.65,19.98,2733600,19.98
2010-12-03,19.30,19.98,19.13,19.92,2948500,19.92
2010-12-02,19.16,19.39,18.97,19.38,3548100,19.38
2010-12-01,19.57,19.71,18.86,19.08,5403200,19.08
2010-11-30,18.85,19.36,18.81,19.19,13008600,19.19
2010-11-29,18.83,19.06,18.65,18.96,5088700,18.96
2010-11-26,18.92,19.13,18.74,19.08,2384100,19.08
2010-11-24,18.71,18.98,18.53,18.95,2949000,18.95
2010-11-23,18.42,18.70,18.36,18.52,2470600,18.52
2010-11-22,18.32,19.16,18.19,18.78,5380700,18.78
2010-11-19,18.82,18.96,18.37,18.55,4802600,18.55
2010-11-18,19.28,19.40,18.80,18.97,4638800,18.97
2010-11-17,19.04,19.33,18.85,18.91,3190900,18.91
2010-11-16,19.57,19.72,18.93,19.04,3568200,19.04
2010-11-15,19.88,20.40,19.81,19.92,2992100,19.92
2010-11-12,19.98,20.23,19.55,19.80,2822400,19.80
2010-11-11,19.96,20.32,19.81,20.16,2589300,20.16
2010-11-10,19.45,20.23,19.31,20.19,4347700,20.19
2010-11-09,19.93,19.99,19.38,19.50,3800500,19.50
2010-11-08,19.74,19.98,19.62,19.90,2759100,19.90
2010-11-05,19.72,20.00,19.50,19.85,2650900,19.85
2010-11-04,19.09,19.69,19.09,19.69,4069800,19.69
2010-11-03,18.65,18.88,18.44,18.88,2972800,18.88
2010-11-02,18.82,18.88,18.51,18.64,2511900,18.64
2010-11-01,18.49,18.77,18.34,18.60,3063600,18.60
2010-10-29,18.21,18.49,18.21,18.35,1493300,18.35
2010-10-28,18.44,18.51,18.03,18.32,3280700,18.32
2010-10-27,18.48,18.74,17.59,18.34,7559300,18.34
2010-10-26,18.67,19.06,18.60,18.90,5028800,18.90
2010-10-25,19.02,19.20,18.80,18.86,4181700,18.86
2010-10-22,18.55,18.88,18.39,18.88,3567200,18.88
2010-10-21,18.91,19.03,18.42,18.56,3505000,18.56
2010-10-20,18.43,18.96,18.35,18.84,2360800,18.84
2010-10-19,18.70,19.14,18.28,18.33,4364300,18.33
2010-10-18,19.05,19.28,18.94,19.06,2922700,19.06
2010-10-15,19.75,19.80,18.91,18.95,6302100,18.95
2010-10-14,19.88,19.92,19.31,19.53,3911400,19.53
2010-10-13,19.40,20.38,19.40,19.92,7022400,19.92
2010-10-12,18.65,19.32,18.52,19.21,4132800,19.21
2010-10-11,18.83,18.83,18.58,18.74,3668500,18.74
2010-10-08,18.68,18.92,18.49,18.85,3196000,18.85
2010-10-07,18.69,18.91,18.55,18.64,3341600,18.64
2010-10-06,18.02,18.76,17.83,18.59,4619000,18.59
2010-10-05,17.14,18.18,17.14,18.03,6059600,18.03
2010-10-04,18.14,18.20,17.65,17.69,4103300,17.69
2010-10-01,18.42,18.46,18.07,18.13,5634600,18.13
2010-09-30,18.57,18.71,18.14,18.28,3708200,18.28
2010-09-29,18.68,18.78,18.35,18.43,2914200,18.43
2010-09-28,18.54,18.95,18.22,18.87,2569300,18.87
2010-09-27,18.83,18.96,18.50,18.52,2669200,18.52
2010-09-24,18.08,18.84,18.04,18.81,3320700,18.81
2010-09-23,17.91,18.20,17.71,17.74,2578000,17.74
2010-09-22,18.49,18.65,18.12,18.16,2358400,18.16
2010-09-21,18.83,19.00,18.36,18.52,2748600,18.52
2010-09-20,18.32,18.80,18.20,18.75,2152200,18.75
2010-09-17,18.18,18.35,17.90,18.26,5026000,18.26
2010-09-16,18.28,18.28,17.87,18.09,3017900,18.09
2010-09-15,17.97,18.53,17.75,18.51,2347400,18.51
2010-09-14,18.30,18.39,18.09,18.10,2700800,18.10
2010-09-13,18.65,18.79,18.30,18.37,2942500,18.37
2010-09-10,18.06,18.35,17.94,18.25,1998200,18.25
2010-09-09,18.62,18.73,18.02,18.08,3269400,18.08
2010-09-08,18.02,18.55,17.94,18.30,3495700,18.30
2010-09-07,17.68,18.18,17.66,17.97,3854400,17.97
2010-09-03,17.95,18.33,17.89,17.95,4091600,17.95
2010-09-02,17.15,17.73,17.08,17.73,4982800,17.73
2010-09-01,16.77,17.31,16.73,17.04,5729200,17.04
2010-08-31,15.91,16.46,15.70,16.42,5674500,16.42
2010-08-30,16.39,16.42,15.90,15.93,3376800,15.93
2010-08-27,16.14,16.50,15.75,16.49,4316200,16.49
2010-08-26,16.42,16.55,15.92,15.96,2774200,15.96
2010-08-25,15.82,16.38,15.82,16.28,3717800,16.28
2010-08-24,15.97,16.10,15.80,15.96,3480500,15.96
2010-08-23,16.50,16.64,16.24,16.24,2058500,16.24
2010-08-20,16.25,16.43,16.03,16.34,2188800,16.34
2010-08-19,16.69,16.83,16.30,16.42,2446700,16.42
2010-08-18,16.73,17.00,16.50,16.86,2793600,16.86
2010-08-17,16.35,16.78,16.32,16.69,3512900,16.69
2010-08-16,16.05,16.41,15.96,16.15,1923800,16.15
2010-08-13,16.18,16.47,16.12,16.15,1803800,16.15
2010-08-12,16.00,16.43,16.00,16.20,3641800,16.20
2010-08-11,16.93,16.93,16.40,16.55,3854700,16.55
2010-08-10,16.97,17.45,16.91,17.28,4095500,17.28
2010-08-09,17.11,17.26,16.90,17.19,2959000,17.19
2010-08-06,16.60,17.03,16.53,16.97,2910100,16.97
2010-08-05,17.00,17.14,16.84,16.94,2843400,16.94
2010-08-04,17.03,17.30,17.03,17.17,3490000,17.17
2010-08-03,17.32,17.52,16.92,16.97,4292700,16.97
2010-08-02,17.30,17.60,17.12,17.38,4786300,17.38
2010-07-30,16.18,17.15,16.17,17.00,6312700,17.00
2010-07-29,16.59,16.85,16.04,16.48,7077700,16.48
2010-07-28,16.60,17.04,16.05,16.58,11624600,16.58
2010-07-27,15.77,15.83,15.20,15.41,3702100,15.41
2010-07-26,15.17,15.66,14.97,15.57,3528000,15.57
2010-07-23,14.65,15.22,14.52,15.19,5176000,15.19
2010-07-22,14.17,14.82,14.15,14.68,4067800,14.68
2010-07-21,14.39,14.52,13.89,13.92,6243300,13.92
2010-07-20,13.61,14.16,13.51,14.09,4289100,14.09
2010-07-19,13.77,13.90,13.61,13.80,5308700,13.80
2010-07-16,13.93,14.11,13.64,13.70,6501200,13.70
2010-07-15,13.97,14.26,13.65,14.15,4701300,14.15
2010-07-14,13.92,14.01,13.69,13.93,3718900,13.93
2010-07-13,14.12,14.30,13.89,14.02,5134800,14.02
2010-07-12,13.86,14.01,13.65,13.93,2554900,13.93
2010-07-09,13.76,14.01,13.65,13.90,2327000,13.90
2010-07-08,13.87,14.01,13.47,13.75,3331300,13.75
2010-07-07,13.11,13.72,13.01,13.70,5779600,13.70
2010-07-06,13.64,13.84,12.81,13.01,5120700,13.01
2010-07-02,13.88,13.88,13.08,13.28,3732500,13.28
2010-07-01,13.63,13.77,13.07,13.55,5192800,13.55
2010-06-30,13.91,14.27,13.52,13.61,4583600,13.61
2010-06-29,14.38,14.49,13.78,13.95,5025000,13.95
2010-06-28,14.95,15.03,14.51,14.70,3273700,14.70
2010-06-25,14.72,14.95,14.36,14.95,6240600,14.95
2010-06-24,14.86,14.91,14.44,14.56,6045600,14.56
2010-06-23,14.92,15.26,14.67,15.05,3443000,15.05
2010-06-22,15.40,15.56,14.86,14.93,4454400,14.93
2010-06-21,15.81,16.01,15.27,15.39,3058100,15.39
2010-06-18,15.92,16.04,15.45,15.56,4352200,15.56
2010-06-17,16.00,16.13,15.41,15.90,3634100,15.90
2010-06-16,15.64,15.96,15.53,15.93,4030100,15.93
2010-06-15,15.44,15.79,15.22,15.74,6237300,15.74
2010-06-14,15.06,15.60,14.97,15.18,4370600,15.18
2010-06-11,14.42,14.93,14.36,14.89,2160100,14.89
2010-06-10,14.41,14.77,14.29,14.73,6843600,14.73
2010-06-09,14.12,15.08,14.05,14.12,7651400,14.12
2010-06-08,14.14,14.37,13.58,13.95,10217100,13.95
2010-06-07,15.09,15.27,14.01,14.05,5919800,14.05
2010-06-04,15.41,16.01,14.77,14.88,6584600,14.88
2010-06-03,15.87,16.15,15.73,16.00,4445300,16.00
2010-06-02,15.29,15.80,14.98,15.77,3639600,15.77
2010-06-01,15.62,15.94,15.09,15.11,3937700,15.11
2010-05-28,16.32,16.41,15.70,15.83,4985300,15.83
2010-05-27,15.46,16.39,15.31,16.35,5076000,16.35
2010-05-26,15.33,15.79,15.04,15.04,4849500,15.04
2010-05-25,14.49,15.13,13.94,15.09,8299900,15.09
2010-05-24,14.88,15.29,14.73,14.81,3927400,14.81
2010-05-21,13.89,15.03,13.69,15.02,7053900,15.02
2010-05-20,14.57,14.80,14.01,14.10,9011700,14.10
2010-05-19,15.08,15.43,14.64,15.11,3885900,15.11
2010-05-18,16.13,16.13,15.10,15.19,5632200,15.19
2010-05-17,16.08,16.26,15.25,15.82,3486700,15.82
2010-05-14,16.39,16.44,15.69,15.98,3721700,15.98
2010-05-13,16.91,16.99,16.61,16.65,2285400,16.65
2010-05-12,16.67,16.98,16.50,16.95,2991400,16.95
2010-05-11,16.49,16.95,16.34,16.54,5805700,16.54
2010-05-10,16.30,16.80,16.05,16.80,5120300,16.80
2010-05-07,15.79,16.25,14.85,15.20,9882100,15.20
2010-05-06,16.74,17.09,14.45,15.85,11038100,15.85
2010-05-05,16.82,17.32,16.56,16.85,3798100,16.85
2010-05-04,17.25,17.45,16.91,17.17,6647700,17.17
2010-05-03,17.53,17.98,17.53,17.68,4492700,17.68
2010-04-30,17.54,17.86,17.28,17.32,4977800,17.32
2010-04-29,17.43,17.73,17.07,17.58,5511400,17.58
2010-04-28,16.90,17.53,16.85,17.24,8545700,17.24
2010-04-27,17.23,17.40,16.51,16.60,6521100,16.60
2010-04-26,17.65,17.86,17.35,17.49,3291300,17.49
2010-04-23,17.26,17.70,17.15,17.66,3206300,17.66
2010-04-22,16.95,17.42,16.78,17.34,5978800,17.34
2010-04-21,16.86,17.24,16.66,17.11,4558400,17.11
2010-04-20,16.72,17.08,16.64,16.87,2932400,16.87
2010-04-19,16.38,16.80,16.07,16.54,3522300,16.54
2010-04-16,17.12,17.26,16.37,16.49,5458800,16.49
2010-04-15,17.34,17.50,17.17,17.20,4596100,17.20
2010-04-14,16.89,17.40,16.89,17.35,3853200,17.35
2010-04-13,16.72,16.87,16.63,16.82,2499400,16.82
2010-04-12,16.94,17.04,16.71,16.79,2960800,16.79
2010-04-09,16.69,16.96,16.64,16.96,3839500,16.96
2010-04-08,16.09,16.75,16.01,16.64,5090100,16.64
2010-04-07,16.50,16.50,15.93,16.23,3857300,16.23
2010-04-06,16.44,16.70,16.27,16.53,3533800,16.53
2010-04-05,16.65,16.76,16.25,16.48,5544200,16.48
2010-04-01,16.02,16.74,16.01,16.58,5550200,16.58
2010-03-31,15.57,16.22,15.54,15.85,5628800,15.85
2010-03-30,16.04,16.13,15.59,15.71,4065800,15.71
2010-03-29,15.67,16.10,15.26,15.98,9291000,15.98
2010-03-26,14.44,15.01,14.44,14.95,5499800,14.95
2010-03-25,14.29,14.66,14.24,14.45,5807300,14.45
2010-03-24,14.46,14.55,14.09,14.18,6261000,14.18
2010-03-23,14.54,14.63,14.42,14.50,4346900,14.50
2010-03-22,14.57,14.69,14.43,14.51,6084300,14.51
2010-03-19,14.73,15.15,14.65,14.73,3745400,14.73
2010-03-18,14.98,15.02,14.84,14.99,2616000,14.99
2010-03-17,14.50,15.17,14.48,14.93,5844300,14.93
2010-03-16,13.94,14.49,13.84,14.42,3083700,14.42
2010-03-15,13.99,14.11,13.66,13.90,1683600,13.90
2010-03-12,13.98,14.13,13.85,14.04,1815600,14.04
2010-03-11,13.89,13.89,13.67,13.83,1456300,13.83
2010-03-10,14.14,14.24,13.82,13.95,3439800,13.95
2010-03-09,14.04,14.33,13.91,14.15,2371600,14.15
2010-03-08,14.00,14.28,13.88,14.12,2318800,14.12
2010-03-05,13.63,14.07,13.58,14.05,2564900,14.05
2010-03-04,13.62,13.81,13.41,13.58,3148700,13.58
2010-03-03,13.66,13.92,13.49,13.57,3137600,13.57
2010-03-02,13.64,13.83,13.59,13.65,2225700,13.65
2010-03-01,13.26,13.66,13.26,13.60,2096900,13.60
2010-02-26,13.17,13.29,12.96,13.20,2032500,13.20
2010-02-25,12.85,13.19,12.70,13.15,2492300,13.15
2010-02-24,12.91,13.11,12.77,13.11,2487300,13.11
2010-02-23,13.19,13.38,12.82,12.89,2644700,12.89
2010-02-22,13.43,13.50,13.20,13.32,2137500,13.32
2010-02-19,13.24,13.49,13.15,13.42,2600800,13.42
2010-02-18,12.93,13.31,12.93,13.27,3194300,13.27
2010-02-17,13.25,13.25,12.76,12.94,16317900,12.94
2010-02-16,12.92,13.25,12.79,13.22,4234200,13.22
2010-02-12,12.52,12.74,12.41,12.64,4349200,12.64
2010-02-11,12.24,12.79,12.14,12.73,4283000,12.73
2010-02-10,12.29,12.54,12.05,12.25,4740400,12.25
2010-02-09,12.46,12.51,12.13,12.28,6054100,12.28
2010-02-08,12.31,12.44,12.13,12.16,5389600,12.16
2010-02-05,12.65,12.74,12.11,12.34,8556200,12.34
2010-02-04,13.63,13.63,12.66,12.68,10008000,12.68
2010-02-03,13.42,13.88,13.39,13.69,6209700,13.69
2010-02-02,12.76,13.49,12.70,13.49,4322000,13.49
2010-02-01,12.49,12.77,12.26,12.77,3656100,12.77
2010-01-29,12.59,12.78,12.17,12.30,2273800,12.30
2010-01-28,12.90,12.98,12.27,12.53,3241400,12.53
2010-01-27,12.61,12.81,12.40,12.80,4903900,12.80
2010-01-26,12.56,12.82,12.42,12.63,4105100,12.63
2010-01-25,12.63,12.90,12.40,12.68,3660400,12.68
2010-01-22,13.01,13.21,12.47,12.47,4573900,12.47
2010-01-21,13.58,13.63,12.97,13.04,3861100,13.04
2010-01-20,13.20,13.62,13.02,13.58,4884900,13.58
2010-01-19,13.34,13.59,13.25,13.30,3917200,13.30
2010-01-15,13.46,13.60,13.18,13.38,2583700,13.38
2010-01-14,13.90,14.01,13.45,13.48,3072300,13.48
2010-01-13,13.62,14.01,13.41,13.95,2768500,13.95
2010-01-12,13.91,14.01,13.29,13.58,2549900,13.58
2010-01-11,14.35,14.38,13.89,14.06,1583300,14.06
2010-01-08,14.02,14.21,13.98,14.20,1572600,14.20
2010-01-07,14.03,14.22,13.93,14.17,3138000,14.17
2010-01-06,14.21,14.32,13.97,14.03,3748100,14.03
2010-01-05,13.93,14.15,13.70,14.15,4510400,14.15
2010-01-04,13.81,14.15,13.63,13.82,4553000,13.82
2009-12-31,14.04,14.06,13.54,13.57,2165100,13.57
2009-12-30,13.72,14.06,13.62,14.04,1721700,14.04
2009-12-29,13.76,14.14,13.76,13.80,2256100,13.80
2009-12-28,13.86,13.98,13.56,13.71,1844300,13.71
2009-12-24,13.89,14.00,13.77,13.90,805200,13.90
2009-12-23,13.52,13.83,13.48,13.81,1987300,13.81
2009-12-22,13.18,13.51,13.13,13.51,2518900,13.51
2009-12-21,13.19,13.24,12.94,13.18,2481600,13.18
2009-12-18,12.77,13.05,12.44,13.05,4038000,13.05
2009-12-17,12.80,13.02,12.51,12.68,2352700,12.68
2009-12-16,12.77,13.05,12.73,12.92,2702600,12.92
2009-12-15,12.45,12.74,12.42,12.63,1984400,12.63
2009-12-14,12.29,12.77,12.19,12.69,3184900,12.69
2009-12-11,12.13,12.26,12.04,12.19,3537000,12.19
2009-12-10,11.93,12.29,11.93,12.05,2324800,12.05
2009-12-09,12.02,12.02,11.63,11.90,2202300,11.90
2009-12-08,12.00,12.10,11.87,12.02,2366700,12.02
2009-12-07,12.27,12.47,12.02,12.13,2969800,12.13
2009-12-04,12.28,12.61,11.96,12.39,3648900,12.39
2009-12-03,12.31,12.49,11.94,12.01,3308500,12.01
2009-12-02,11.65,12.42,11.54,12.27,4699100,12.27
2009-12-01,11.26,11.80,11.26,11.59,4500500,11.59
2009-11-30,10.88,11.48,10.77,11.43,6081700,11.43
2009-11-27,10.64,11.18,10.54,10.82,2262600,10.82
2009-11-25,11.35,11.46,11.19,11.25,5055200,11.25
2009-11-24,11.20,11.26,10.91,11.25,3900600,11.25
2009-11-23,11.39,11.50,11.06,11.21,3558900,11.21
2009-11-20,11.00,11.15,10.89,11.13,4277300,11.13
2009-11-19,11.46,11.46,11.10,11.21,3317400,11.21
2009-11-18,11.63,11.76,11.39,11.57,3261100,11.57
2009-11-17,11.47,11.73,11.35,11.61,2917200,11.61
2009-11-16,11.30,11.84,11.12,11.56,4967900,11.56
2009-11-13,10.64,11.06,10.58,11.06,5468700,11.06
2009-11-12,11.09,11.12,10.60,10.61,6017800,10.61
2009-11-11,10.95,11.20,10.68,11.00,8241000,11.00
2009-11-10,11.05,11.11,10.73,10.90,4503100,10.90
2009-11-09,10.99,11.14,10.83,11.14,3990900,11.14
2009-11-06,10.51,11.20,10.45,10.73,7077200,10.73
2009-11-05,10.62,10.82,10.41,10.70,4579400,10.70
2009-11-04,10.82,10.85,10.31,10.33,6914800,10.33
2009-11-03,10.37,10.80,10.23,10.78,4264600,10.78
2009-11-02,10.40,10.94,9.98,10.56,5975100,10.56
2009-10-30,11.17,11.29,10.31,10.35,7963200,10.35
2009-10-29,11.22,11.49,10.73,11.30,11735300,11.30
2009-10-28,12.17,12.34,11.35,11.46,10449400,11.46
2009-10-27,12.75,12.80,11.90,12.25,6600500,12.25
2009-10-26,13.00,13.53,12.60,12.69,3442200,12.69
2009-10-23,13.59,13.77,12.89,13.00,4356900,13.00
2009-10-22,13.24,13.69,12.85,13.62,3403900,13.62
2009-10-21,12.96,13.45,12.95,13.26,4197600,13.26
2009-10-20,12.99,13.18,12.88,12.97,3522000,12.97
2009-10-19,12.49,13.09,12.35,13.00,3920000,13.00
2009-10-16,12.41,12.54,12.00,12.40,3393300,12.40
2009-10-15,12.36,12.75,12.28,12.73,2627300,12.73
2009-10-14,12.18,12.57,11.99,12.54,2996400,12.54
2009-10-13,12.00,12.10,11.78,11.97,2288800,11.97
2009-10-12,12.38,12.45,12.08,12.15,2456700,12.15
2009-10-09,11.86,12.30,11.70,12.23,3084400,12.23
2009-10-08,11.17,11.98,11.14,11.93,3365700,11.93
2009-10-07,11.36,11.61,11.15,11.35,1756600,11.35
2009-10-06,11.48,11.99,11.34,11.53,3805000,11.53
2009-10-05,10.89,11.29,10.85,11.29,2744600,11.29
2009-10-02,10.73,11.03,10.52,10.76,4894000,10.76
2009-10-01,11.64,11.70,10.88,10.94,6155200,10.94
2009-09-30,11.94,11.96,11.46,11.74,3444500,11.74
2009-09-29,12.10,12.26,11.73,11.77,2767200,11.77
2009-09-28,11.60,12.04,11.40,12.04,3765400,12.04
2009-09-25,11.56,11.65,11.33,11.43,3326600,11.43
2009-09-24,12.36,12.67,11.51,11.68,4189300,11.68
2009-09-23,12.43,12.84,12.13,12.19,5415600,12.19
2009-09-22,12.20,12.50,12.18,12.43,3128800,12.43
2009-09-21,12.30,12.32,11.95,12.04,3692900,12.04
2009-09-18,12.61,12.69,12.22,12.48,4658800,12.48
2009-09-17,12.63,13.10,12.22,12.53,6896900,12.53
2009-09-16,12.46,13.14,12.41,13.05,6162000,13.05
2009-09-15,12.00,12.45,11.88,12.30,6258500,12.30
2009-09-14,11.66,11.98,11.54,11.98,2869600,11.98
2009-09-11,11.56,11.94,11.48,11.80,6562300,11.80
2009-09-10,11.38,11.44,11.25,11.37,3567600,11.37
2009-09-09,11.12,11.45,11.02,11.45,4796900,11.45
2009-09-08,11.49,11.65,10.94,11.12,5503600,11.12
2009-09-04,11.06,11.40,10.88,11.38,3163400,11.38
2009-09-03,10.91,11.05,10.54,11.00,2785100,11.00
2009-09-02,10.80,10.95,10.37,10.76,4758700,10.76
2009-09-01,11.74,11.89,10.62,10.72,9136100,10.72
2009-08-31,11.62,12.01,11.58,11.84,8075700,11.84
2009-08-28,12.23,12.25,11.78,12.01,5844400,12.01
2009-08-27,11.67,12.14,11.52,11.97,5363500,11.97
2009-08-26,11.80,11.99,11.53,11.77,2885500,11.77
2009-08-25,11.78,12.27,11.77,11.82,4377300,11.82
2009-08-24,12.29,12.32,11.60,11.68,2963900,11.68
2009-08-21,12.24,12.41,11.93,12.11,4219900,12.11
2009-08-20,11.23,12.06,11.20,12.02,4841900,12.02
2009-08-19,10.87,11.34,10.80,11.21,2906500,11.21
2009-08-18,10.91,11.41,10.67,11.19,4838200,11.19
2009-08-17,10.67,10.85,10.57,10.63,6111300,10.63
2009-08-14,11.44,11.50,10.93,11.15,2814900,11.15
2009-08-13,11.95,11.95,11.19,11.44,3142200,11.44
2009-08-12,11.14,11.50,11.03,11.24,4416100,11.24
2009-08-11,11.22,11.41,10.85,11.03,6867000,11.03
2009-08-10,12.01,12.02,11.41,11.50,3857300,11.50
2009-08-07,11.61,12.17,11.45,12.01,6985100,12.01
2009-08-06,12.17,12.61,11.24,11.39,5587500,11.39
2009-08-05,11.47,12.08,11.30,12.05,6556900,12.05
2009-08-04,11.31,11.52,11.08,11.46,7566100,11.46
2009-08-03,11.16,11.42,10.86,11.33,6043400,11.33
2009-07-31,10.41,11.06,10.31,10.90,7599200,10.90
2009-07-30,10.10,11.10,10.02,10.45,7736900,10.45
2009-07-29,10.31,10.31,9.76,9.93,6824800,9.93
2009-07-28,10.39,10.53,10.14,10.42,3239100,10.42
2009-07-27,9.85,10.65,9.76,10.47,7188300,10.47
2009-07-24,9.75,9.89,9.45,9.86,4030400,9.86
2009-07-23,9.50,9.91,9.29,9.78,7986800,9.78
2009-07-22,9.40,9.73,9.24,9.50,3480600,9.50
2009-07-21,9.75,9.77,9.34,9.63,5009500,9.63
2009-07-20,9.36,9.69,9.30,9.69,6016400,9.69
2009-07-17,9.14,9.50,9.07,9.30,4772600,9.30
2009-07-16,9.09,9.41,8.97,9.31,4204700,9.31
2009-07-15,8.70,9.34,8.65,9.22,6288100,9.22
2009-07-14,8.27,8.61,8.13,8.58,3399500,8.58
2009-07-13,8.20,8.37,7.72,8.36,8199900,8.36
2009-07-10,7.95,8.30,7.83,8.09,4227800,8.09
2009-07-09,8.61,8.61,8.05,8.09,5949700,8.09
2009-07-08,7.99,8.44,7.61,8.35,11329300,8.35
2009-07-07,8.40,8.58,7.95,7.95,7244700,7.95
2009-07-06,8.56,8.72,8.16,8.53,5656800,8.53
2009-07-02,8.79,8.91,8.52,8.52,6375700,8.52
2009-07-01,9.38,9.50,8.86,8.93,4995500,8.93
2009-06-30,9.40,9.54,9.05,9.36,5108600,9.36
2009-06-29,9.24,9.49,8.94,9.44,4203100,9.44
2009-06-26,9.08,9.37,8.94,9.37,7820800,9.37
2009-06-25,8.50,9.13,8.31,9.13,5810400,9.13
2009-06-24,8.74,8.95,8.31,8.54,6737000,8.54
2009-06-23,7.89,8.77,7.77,8.74,10187900,8.74
2009-06-22,8.50,8.80,7.66,7.66,7320200,7.66
2009-06-19,8.50,8.80,8.50,8.65,5678800,8.65
2009-06-18,8.68,8.68,8.10,8.53,4953300,8.53
2009-06-17,8.69,8.81,7.92,8.44,7917200,8.44
2009-06-16,9.19,9.53,8.54,8.77,6902500,8.77
2009-06-15,9.53,9.67,8.88,8.98,7606300,8.98
2009-06-12,9.06,9.81,8.99,9.81,5717900,9.81
2009-06-11,9.27,9.50,8.75,9.05,11487900,9.05
2009-06-10,8.50,9.87,8.50,9.25,16394600,9.25
2009-06-09,7.94,8.26,7.80,8.14,3327200,8.14
2009-06-08,7.74,8.09,7.57,7.92,3190100,7.92
2009-06-05,8.48,8.52,7.90,8.04,4285900,8.04
2009-06-04,7.89,8.34,7.70,8.29,4781100,8.29
2009-06-03,8.12,8.29,7.64,7.81,4744500,7.81
2009-06-02,8.34,8.60,8.11,8.44,5263400,8.44
2009-06-01,7.57,8.50,7.50,8.41,10628600,8.41
2009-05-29,6.82,7.30,6.64,7.30,5842900,7.30
2009-05-28,6.97,7.00,6.49,6.76,6830900,6.76
2009-05-27,7.29,7.45,6.73,6.75,6806300,6.75
2009-05-26,6.66,7.41,6.54,7.29,7062800,7.29
2009-05-22,6.95,7.16,6.73,6.77,3931500,6.77
2009-05-21,7.16,7.30,6.73,6.92,7373000,6.92
2009-05-20,8.11,8.27,7.28,7.32,6338600,7.32
2009-05-19,7.86,8.29,7.56,7.90,6283800,7.90
2009-05-18,7.30,8.01,7.24,7.93,7491100,7.93
2009-05-15,7.36,7.70,6.96,7.07,6032400,7.07
2009-05-14,6.95,7.68,6.67,7.43,10702100,7.43
2009-05-13,7.60,7.81,6.96,7.00,8433100,7.00
2009-05-12,8.59,8.69,7.51,7.95,6893500,7.95
2009-05-11,8.65,8.83,8.20,8.38,8489500,8.38
2009-05-08,8.80,9.37,8.53,9.37,8788900,9.37
2009-05-07,9.72,9.87,8.20,8.42,12360600,8.42
2009-05-06,9.51,9.85,9.20,9.53,7653700,9.53
2009-05-05,8.89,9.46,8.51,9.08,8135500,9.08
2009-05-04,8.16,9.14,7.89,9.04,11526800,9.04
2009-05-01,7.59,8.45,7.50,7.92,9741500,7.92
2009-04-30,6.69,7.70,6.69,7.50,11728200,7.50
2009-04-29,6.32,6.95,6.12,6.57,13362300,6.57
2009-04-28,6.21,6.50,6.07,6.24,5607200,6.24
2009-04-27,6.91,6.91,6.28,6.40,8369900,6.40
2009-04-24,6.32,7.25,6.20,7.13,15141700,7.13
2009-04-23,5.90,6.24,5.66,6.22,8299500,6.22
2009-04-22,5.53,6.20,5.45,5.91,10862100,5.91
2009-04-21,5.01,5.87,4.80,5.79,11692800,5.79
2009-04-20,5.64,5.85,5.11,5.14,10346100,5.14
2009-04-17,5.68,6.13,5.37,5.97,9574200,5.97
2009-04-16,5.62,5.90,5.30,5.70,7347700,5.70
2009-04-15,5.11,5.56,5.02,5.50,9353900,5.50
2009-04-14,5.65,5.83,5.07,5.13,12225200,5.13
2009-04-13,5.19,5.97,5.00,5.80,10257600,5.80
2009-04-09,4.85,5.37,4.61,5.31,11014700,5.31
2009-04-08,4.72,4.72,4.30,4.57,5817100,4.57
2009-04-07,4.59,4.69,4.37,4.38,7352100,4.38
2009-04-06,4.89,4.91,4.50,4.82,6483600,4.82
2009-04-03,4.58,5.06,4.43,5.02,9049400,5.02
2009-04-02,4.10,4.73,4.05,4.66,15950400,4.66
2009-04-01,3.92,4.10,3.75,3.99,8230400,3.99
2009-03-31,3.84,4.07,3.66,4.03,11010000,4.03
2009-03-30,4.12,4.19,3.70,3.77,9199200,3.77
2009-03-27,4.59,4.89,4.24,4.25,9034100,4.25
2009-03-26,4.83,5.11,4.50,5.01,10714100,5.01
2009-03-25,4.09,4.95,4.00,4.92,22609100,4.92
2009-03-24,2.76,3.22,2.62,3.00,11367000,3.00
2009-03-23,2.63,3.20,2.43,2.95,14764200,2.95
2009-03-20,2.74,2.79,2.34,2.36,7389900,2.36
2009-03-19,3.20,3.20,2.69,2.70,7745200,2.70
2009-03-18,2.74,3.05,2.52,3.05,12266700,3.05
2009-03-17,2.67,2.80,2.50,2.78,7975000,2.78
2009-03-16,3.18,3.20,2.61,2.61,8583800,2.61
2009-03-13,3.32,3.32,2.91,3.06,6807700,3.06
2009-03-12,2.96,3.31,2.84,3.28,7988000,3.28
2009-03-11,3.45,3.45,2.87,2.99,8156400,2.99
2009-03-10,2.71,3.39,2.71,3.39,14890100,3.39
2009-03-09,2.53,2.80,2.39,2.71,4999800,2.71
2009-03-06,2.60,2.69,2.43,2.52,7658500,2.52
2009-03-05,2.76,3.05,2.39,2.57,7143200,2.57
2009-03-04,2.82,2.90,2.68,2.78,5342400,2.78
2009-03-03,2.61,2.93,2.42,2.66,6889900,2.66
2009-03-02,2.80,2.99,2.53,2.53,8550800,2.53
2009-02-27,3.08,3.16,2.84,2.89,4606700,2.89
2009-02-26,3.27,3.39,3.04,3.05,4610800,3.05
2009-02-25,3.42,3.42,3.06,3.24,5442400,3.24
2009-02-24,3.21,3.47,2.97,3.47,7742800,3.47
2009-02-23,3.48,3.54,3.17,3.18,7760700,3.18
2009-02-20,3.20,3.41,3.05,3.33,8799400,3.33
2009-02-19,3.63,3.73,3.20,3.26,4791300,3.26
2009-02-18,3.49,3.67,3.34,3.58,5187300,3.58
2009-02-17,3.51,3.99,3.41,3.43,6098500,3.43
2009-02-13,4.00,4.00,3.73,3.76,5838500,3.76
2009-02-12,4.02,4.15,3.76,4.05,9135900,4.05
2009-02-11,4.12,4.89,3.76,4.21,13111700,4.21
2009-02-10,4.23,4.51,3.76,3.77,7799500,3.77
2009-02-09,4.22,4.50,4.19,4.37,3203800,4.37
2009-02-06,4.01,4.43,3.88,4.36,4756000,4.36
2009-02-05,3.90,4.07,3.76,3.91,4325300,3.91
2009-02-04,3.58,4.42,3.48,3.95,8231000,3.95
2009-02-03,3.65,3.66,3.40,3.54,3068000,3.54
2009-02-02,3.55,3.57,3.37,3.51,3551100,3.51
2009-01-30,3.96,3.98,3.52,3.60,4027700,3.60
2009-01-29,4.43,4.43,3.81,3.82,4830100,3.82
2009-01-28,4.05,4.49,4.05,4.48,6025300,4.48
2009-01-27,3.98,4.07,3.78,3.93,2890200,3.93
2009-01-26,4.00,4.20,3.75,3.87,4091200,3.87
2009-01-23,3.55,3.90,3.45,3.82,4107800,3.82
2009-01-22,3.62,3.88,3.50,3.71,5268800,3.71
2009-01-21,3.73,3.85,3.47,3.78,5833900,3.78
2009-01-20,4.10,4.32,3.50,3.50,7659300,3.50
2009-01-16,4.17,4.31,4.01,4.26,6725100,4.26
2009-01-15,4.05,4.18,3.72,4.01,6844300,4.01
2009-01-14,4.22,4.54,4.01,4.07,4961400,4.07
2009-01-13,4.14,4.55,4.03,4.52,4686300,4.52
2009-01-12,4.65,4.68,4.16,4.21,5074700,4.21
2009-01-09,5.12,5.27,4.76,4.77,4000400,4.77
2009-01-08,4.92,5.38,4.80,5.15,4489100,5.15
2009-01-07,4.96,5.40,4.77,4.94,7261500,4.94
2009-01-06,4.43,5.11,4.29,5.00,6759200,5.00
2009-01-05,4.43,4.43,4.15,4.35,4643400,4.35
2009-01-02,4.43,4.56,4.20,4.48,3971600,4.48
2008-12-31,3.79,4.35,3.76,4.32,5096100,4.32
2008-12-30,3.80,3.95,3.68,3.80,3865000,3.80
2008-12-29,4.05,4.06,3.67,3.84,4653600,3.84
2008-12-26,4.00,4.05,3.84,4.04,1533600,4.04
2008-12-24,3.97,4.01,3.83,3.96,1411500,3.96
2008-12-23,3.97,4.10,3.84,3.96,3553800,3.96
2008-12-22,4.02,4.90,3.80,3.96,6087800,3.96
2008-12-19,4.13,4.18,3.89,3.96,6989000,3.96
2008-12-18,4.42,4.54,3.85,3.95,7650700,3.95
2008-12-17,3.98,4.71,3.61,4.40,6657800,4.40
2008-12-16,3.75,4.11,3.59,4.11,10008500,4.11
2008-12-15,4.05,4.10,3.55,3.60,6767400,3.60
2008-12-12,3.43,4.08,3.25,4.08,9835600,4.08
2008-12-11,4.01,4.19,3.36,3.37,11420200,3.37
2008-12-10,4.39,4.39,3.92,4.07,6777100,4.07
2008-12-09,4.63,4.83,4.15,4.15,7392800,4.15
2008-12-08,4.26,4.81,4.25,4.71,10369800,4.71
2008-12-05,3.65,4.22,3.60,4.11,7338200,4.11
2008-12-04,3.75,4.57,3.60,3.65,8594300,3.65
2008-12-03,3.22,3.87,3.15,3.87,6040000,3.87
2008-12-02,3.02,3.44,3.00,3.40,7561800,3.40
2008-12-01,4.52,4.52,3.16,3.22,11970100,3.22
2008-11-28,5.06,5.10,4.46,4.56,2561800,4.56
2008-11-26,4.33,5.14,4.15,5.05,5091900,5.05
2008-11-25,5.19,5.19,4.00,4.49,9326500,4.49
2008-11-24,3.71,5.27,3.48,5.06,10761500,5.06
2008-11-21,3.62,3.95,3.25,3.49,7898700,3.49
2008-11-20,3.98,4.20,3.43,3.46,7432300,3.46
2008-11-19,4.37,4.39,3.98,4.03,6704500,4.03
2008-11-18,4.69,4.75,4.12,4.43,6622300,4.43
2008-11-17,4.84,5.27,4.53,4.55,5271400,4.55
2008-11-14,5.19,5.74,4.81,4.84,8276700,4.84
2008-11-13,4.49,5.48,4.06,5.39,25901200,5.39
2008-11-12,4.55,4.55,3.75,3.77,10245600,3.77
2008-11-11,4.80,5.06,4.08,4.68,10031500,4.68
2008-11-10,7.19,7.32,6.03,6.09,5057200,6.09
2008-11-07,6.28,7.78,5.25,7.10,10956500,7.10
2008-11-06,6.28,6.28,5.67,5.67,2946900,5.67
2008-11-05,7.00,7.20,6.25,6.29,4211600,6.29
2008-11-04,7.65,7.92,5.81,7.17,5643000,7.17
2008-11-03,6.88,7.77,6.88,7.51,3308200,7.51
2008-10-31,6.49,7.20,6.30,7.01,2674100,7.01
2008-10-30,6.35,6.87,6.19,6.51,2860200,6.51
2008-10-29,5.86,6.75,5.62,6.14,4253600,6.14
2008-10-28,4.81,6.14,4.51,5.86,6442100,5.86
2008-10-27,4.38,5.39,4.35,4.64,4859200,4.64
2008-10-24,3.86,4.79,3.70,4.43,4251900,4.43
2008-10-23,5.49,5.53,3.54,4.54,7312300,4.54
2008-10-22,6.15,6.24,5.20,5.39,6392900,5.39
2008-10-21,6.89,7.43,6.30,6.32,3525600,6.32
2008-10-20,6.41,7.01,6.19,6.99,2092600,6.99
2008-10-17,6.47,6.91,5.83,6.32,3971900,6.32
2008-10-16,6.53,7.05,5.96,6.64,4976200,6.64
2008-10-15,7.72,7.74,6.56,6.60,4016000,6.60
2008-10-14,9.00,9.03,7.59,7.97,4255100,7.97
2008-10-13,9.72,9.84,7.55,9.00,6032900,9.00
2008-10-10,7.01,10.27,6.88,9.25,8772700,9.25
2008-10-09,8.67,9.36,6.98,7.25,5125700,7.25
2008-10-08,7.50,10.25,7.38,8.67,3855800,8.67
2008-10-07,8.31,8.42,7.61,7.79,4060100,7.79
2008-10-06,8.96,8.96,7.56,8.23,8568100,8.23
2008-10-03,10.94,11.70,9.28,9.45,7621200,9.45
2008-10-02,12.90,12.90,10.66,10.70,5515800,10.70
2008-10-01,13.07,13.24,12.46,12.97,2591700,12.97
2008-09-30,12.06,14.10,11.88,13.37,3372200,13.37
2008-09-29,13.51,13.54,11.49,11.51,5355100,11.51
2008-09-26,13.28,14.08,12.95,13.88,2584000,13.88
2008-09-25,13.15,13.68,12.82,13.51,3375500,13.51
2008-09-24,12.92,13.38,12.55,13.00,2314500,13.00
2008-09-23,12.90,13.54,12.73,12.92,2928200,12.92
2008-09-22,14.58,15.08,12.89,13.01,2462800,13.01
2008-09-19,16.25,17.95,13.88,14.75,7687900,14.75
2008-09-18,13.39,14.10,11.71,13.69,10397600,13.69
2008-09-17,13.46,13.77,13.08,13.10,5453700,13.10
2008-09-16,13.15,14.19,12.98,13.95,6486900,13.95
2008-09-15,14.00,14.75,13.50,13.50,10135600,13.50
2008-09-12,14.12,14.66,13.88,14.64,3241000,14.64
2008-09-11,13.08,14.29,13.04,14.28,3803600,14.28
2008-09-10,13.07,13.81,12.56,13.51,3763400,13.51
2008-09-09,13.89,14.38,12.71,12.93,4369300,12.93
2008-09-08,13.94,14.61,13.54,13.85,6086400,13.85
2008-09-05,12.52,13.36,12.34,13.30,3523500,13.30
2008-09-04,13.16,13.42,12.53,12.70,3577600,12.70
2008-09-03,13.25,13.56,13.08,13.33,2507200,13.33
2008-09-02,13.34,13.79,13.06,13.29,4038000,13.29
2008-08-29,13.03,13.34,12.90,13.07,2162600,13.07
2008-08-28,13.12,13.21,12.86,13.16,4029200,13.16
2008-08-27,12.87,13.13,12.81,12.98,1867500,12.98
2008-08-26,12.77,13.06,12.63,13.04,2002600,13.04
2008-08-25,13.43,13.57,12.72,12.76,2683400,12.76
2008-08-22,13.36,13.68,13.13,13.61,3721800,13.61
2008-08-21,13.26,13.61,13.10,13.18,3767200,13.18
2008-08-20,13.74,13.88,13.18,13.47,3677000,13.47
2008-08-19,14.43,14.43,13.63,13.72,3647200,13.72
2008-08-18,14.66,15.11,14.42,14.53,3374400,14.53
2008-08-15,14.83,15.23,14.69,15.06,2528800,15.06
2008-08-14,14.53,15.11,14.50,14.97,2394200,14.97
2008-08-13,14.88,15.26,14.53,14.82,2478000,14.82
2008-08-12,15.53,15.73,14.88,15.10,2720900,15.10
2008-08-11,15.91,16.34,15.51,15.60,2789300,15.60
2008-08-08,15.21,16.16,14.77,16.00,4057400,16.00
2008-08-07,14.18,17.45,14.18,15.12,3914200,15.12
2008-08-06,14.32,14.54,13.98,14.38,2152300,14.38
2008-08-05,13.37,14.37,13.04,14.33,5484100,14.33
2008-08-04,13.40,13.55,13.00,13.45,5622300,13.45
2008-08-01,13.84,14.09,13.28,13.45,5643500,13.45
2008-07-31,13.76,14.32,12.60,14.05,8218600,14.05
2008-07-30,16.01,16.23,13.43,14.03,21174100,14.03
2008-07-29,17.65,18.65,17.34,18.65,4658400,18.65
2008-07-28,18.19,18.68,17.34,17.42,3528900,17.42
2008-07-25,18.44,18.55,17.80,18.26,2754300,18.26
2008-07-24,20.43,20.43,18.06,18.24,3208600,18.24
2008-07-23,20.30,21.00,19.70,19.97,3919400,19.97
2008-07-22,18.66,20.08,18.45,20.08,2438800,20.08
2008-07-21,19.42,19.57,18.86,18.96,1659000,18.96
2008-07-18,19.47,19.49,18.60,19.30,3258000,19.30
2008-07-17,19.00,20.27,18.35,19.50,3751300,19.50
2008-07-16,17.77,18.65,17.03,18.50,3386600,18.50
2008-07-15,17.03,18.14,16.74,17.71,3902400,17.71
2008-07-14,18.15,18.82,17.11,17.38,3291200,17.38
2008-07-11,17.95,18.54,17.54,17.96,5424100,17.96
2008-07-10,17.99,19.13,17.76,18.36,2840300,18.36
2008-07-09,19.67,19.76,17.96,17.96,2739400,17.96
2008-07-08,18.53,20.17,17.62,19.68,3950300,19.68
2008-07-07,18.70,19.17,18.07,18.51,2994300,18.51
2008-07-03,18.56,18.76,17.90,18.47,1406000,18.47
2008-07-02,19.32,19.41,18.25,18.33,3171400,18.33
2008-07-01,18.96,19.33,18.32,19.21,3630700,19.21
2008-06-30,19.80,20.76,19.00,19.20,3022900,19.20
2008-06-27,20.20,20.40,19.58,19.79,3280700,19.79
2008-06-26,21.10,21.12,20.18,20.22,1820500,20.22
2008-06-25,20.84,21.61,20.53,21.29,2484800,21.29
2008-06-24,20.12,20.95,19.84,20.69,1772600,20.69
2008-06-23,20.62,21.08,20.14,20.27,1630100,20.27
2008-06-20,20.71,21.65,20.08,20.62,2394300,20.62
2008-06-19,20.00,21.20,19.90,21.08,2262800,21.08
2008-06-18,20.71,20.85,20.04,20.23,2330700,20.23
2008-06-17,21.52,21.80,20.89,20.93,1933300,20.93
2008-06-16,21.14,21.65,20.97,21.44,1182900,21.44
2008-06-13,21.20,21.40,20.75,21.34,1673100,21.34
2008-06-12,20.61,21.37,20.61,21.07,2720800,21.07
2008-06-11,20.64,21.98,20.54,20.54,3050900,20.54
2008-06-10,20.40,21.44,20.17,21.06,2943500,21.06
2008-06-09,21.36,21.57,20.25,20.59,3659400,20.59
2008-06-06,21.70,21.91,21.18,21.31,3883800,21.31
2008-06-05,21.70,22.26,21.70,22.22,1835900,22.22
2008-06-04,21.80,22.40,21.53,21.75,2008500,21.75
2008-06-03,22.10,22.44,21.45,21.99,2840300,21.99
2008-06-02,22.26,22.42,21.71,22.00,2349000,22.00
2008-05-30,22.62,22.62,22.20,22.46,2232600,22.46
2008-05-29,22.49,22.91,22.26,22.60,1288200,22.60
2008-05-28,21.71,22.54,21.45,22.43,3151600,22.43
2008-05-27,21.44,21.89,21.34,21.67,2032000,21.67
2008-05-23,21.55,21.67,20.96,21.48,1950900,21.48
2008-05-22,22.06,22.49,21.57,21.75,3545300,21.75
2008-05-21,23.29,23.29,21.89,21.97,3394900,21.97
2008-05-20,24.00,24.09,22.87,23.21,2254900,23.21
2008-05-19,23.42,24.50,23.36,24.01,2221400,24.01
2008-05-16,23.16,23.57,22.91,23.29,1358300,23.29
2008-05-15,22.34,23.57,22.30,23.50,1525100,23.50
2008-05-14,22.40,22.61,22.14,22.34,1082900,22.34
2008-05-13,22.68,22.68,21.70,22.14,1544500,22.14
2008-05-12,22.12,22.68,21.82,22.50,1663700,22.50
2008-05-09,21.92,22.54,21.65,22.15,1508900,22.15
2008-05-08,22.90,22.90,22.00,22.29,1692300,22.29
2008-05-07,22.99,23.47,22.28,22.44,2239000,22.44
2008-05-06,22.65,23.30,22.33,23.12,1453800,23.12
2008-05-05,23.39,23.63,22.75,23.02,1936300,23.02
2008-05-02,23.57,23.76,23.16,23.63,2583100,23.63
2008-05-01,22.83,23.43,22.54,23.26,3265100,23.26
2008-04-30,21.61,23.77,20.82,23.12,5202500,23.12
2008-04-29,22.17,23.26,21.81,22.55,2205300,22.55
2008-04-28,24.04,24.04,23.31,23.58,2097500,23.58
2008-04-25,23.49,23.98,23.17,23.77,2815800,23.77
2008-04-24,22.10,23.53,21.72,23.42,2376700,23.42
2008-04-23,22.30,22.38,21.90,22.10,1729800,22.10
2008-04-22,22.71,22.74,21.87,22.03,2210700,22.03
2008-04-21,21.11,23.06,21.00,22.85,3800500,22.85
2008-04-18,21.51,22.28,20.89,21.26,2991200,21.26
2008-04-17,21.09,21.38,20.76,21.16,1864600,21.16
2008-04-16,20.11,21.14,19.94,21.11,2729500,21.11
2008-04-15,19.90,20.16,19.50,19.80,2846200,19.80
2008-04-14,20.37,20.38,19.69,19.74,1306200,19.74
2008-04-11,20.02,20.87,19.62,20.35,2281500,20.35
2008-04-10,20.84,20.84,20.08,20.23,3860900,20.23
2008-04-09,21.63,21.63,20.84,20.85,1376500,20.85
2008-04-08,21.73,21.79,21.19,21.36,1786300,21.36
2008-04-07,21.89,22.53,21.61,21.85,2188100,21.85
2008-04-04,22.15,22.15,21.54,21.68,1822300,21.68
2008-04-03,22.15,22.15,21.69,21.99,3724400,21.99
2008-04-02,22.61,22.93,22.22,22.40,2530600,22.40
2008-04-01,21.83,22.50,21.44,22.44,4522100,22.44
2008-03-31,20.89,21.79,20.50,21.64,3180500,21.64
2008-03-28,21.20,21.56,20.85,20.96,1925300,20.96
2008-03-27,21.44,22.04,21.06,21.06,2553600,21.06
2008-03-26,21.56,21.90,21.27,21.31,2834100,21.31
2008-03-25,22.00,22.05,20.89,21.81,2428900,21.81
2008-03-24,19.63,23.17,19.63,22.04,6856600,22.04
2008-03-20,18.68,19.61,18.45,19.41,5507500,19.41
2008-03-19,20.01,20.85,18.55,18.61,3386200,18.61
2008-03-18,18.73,20.00,18.72,20.00,4337600,20.00
2008-03-17,17.89,18.45,17.50,18.12,5155900,18.12
2008-03-14,19.55,19.55,18.00,18.37,5005500,18.37
2008-03-13,18.20,19.52,18.02,19.37,2861800,19.37
2008-03-12,19.27,19.51,18.64,18.70,2591100,18.70
2008-03-11,18.16,19.27,17.90,19.20,4462800,19.20
2008-03-10,18.43,18.57,17.62,17.69,4182900,17.69
2008-03-07,18.22,18.99,18.03,18.48,5335500,18.48
2008-03-06,18.87,18.87,17.93,18.40,4660500,18.40
2008-03-05,19.78,19.83,18.88,18.99,2622600,18.99
2008-03-04,19.81,19.87,18.90,19.45,3820100,19.45
2008-03-03,19.71,20.23,19.66,20.04,2534200,20.04
2008-02-29,20.89,21.17,19.95,20.06,3612900,20.06
2008-02-28,21.56,21.81,21.37,21.53,3259300,21.53
2008-02-27,21.67,22.18,21.31,21.96,5549000,21.96
2008-02-26,21.79,21.87,21.46,21.76,4042400,21.76
2008-02-25,21.24,22.00,20.58,21.93,3797100,21.93
2008-02-22,20.47,21.05,20.07,21.01,2336000,21.01
2008-02-21,20.67,21.05,20.25,20.35,2628300,20.35
2008-02-20,20.12,20.72,19.88,20.64,3154500,20.64
2008-02-19,19.67,20.77,19.45,20.33,4385200,20.33
2008-02-15,19.50,19.50,19.08,19.42,4651000,19.42
2008-02-14,19.74,20.02,19.31,19.60,3105600,19.60
2008-02-13,19.45,19.80,19.25,19.70,3383300,19.70
2008-02-12,18.72,19.35,18.69,19.26,6225800,19.26
2008-02-11,18.18,18.67,17.86,18.64,4488200,18.64
2008-02-08,18.77,18.84,17.77,17.97,3839000,17.97
2008-02-07,17.76,19.02,17.59,18.83,4868800,18.83
2008-02-06,17.48,18.87,16.78,18.14,5571900,18.14
2008-02-05,18.53,18.78,17.51,17.75,3897700,17.75
2008-02-04,19.95,19.95,19.00,19.10,1686600,19.10
2008-02-01,19.61,20.00,18.99,19.96,3073600,19.96
2008-01-31,18.12,19.77,17.75,19.37,6844500,19.37
2008-01-30,18.50,19.55,18.33,18.45,5489400,18.45
2008-01-29,18.55,18.90,17.85,18.32,2519400,18.32
2008-01-28,18.12,18.52,17.46,18.51,2719600,18.51
2008-01-25,18.69,19.25,17.96,18.06,3926700,18.06
2008-01-24,18.58,18.88,18.03,18.36,5081600,18.36
2008-01-23,15.96,18.49,15.96,18.30,6536400,18.30
2008-01-22,15.61,17.32,15.23,16.87,7748000,16.87
2008-01-18,16.25,16.96,15.80,16.44,7263300,16.44
2008-01-17,17.32,17.73,16.09,16.13,4139100,16.13
2008-01-16,17.10,17.65,16.95,17.29,3880000,17.29
2008-01-15,18.00,18.00,16.90,17.21,3910300,17.21
2008-01-14,18.03,18.25,17.30,17.87,3495000,17.87
2008-01-11,17.21,18.24,16.85,17.91,6161000,17.91
2008-01-10,17.36,17.65,16.53,17.51,8905900,17.51
2008-01-09,18.40,18.40,16.80,17.73,6120100,17.73
2008-01-08,18.88,19.21,18.35,18.40,6308500,18.40
2008-01-07,19.20,19.48,18.44,18.77,6402400,18.77
2008-01-04,20.60,20.97,19.28,19.40,6642200,19.40
2008-01-03,21.41,21.46,20.83,20.89,3721600,20.89
2008-01-02,21.50,22.00,21.05,21.38,4101200,21.38
