Date,Open,High,Low,Close,Volume,Adj Close
2013-12-31,168.78,170.09,167.81,168.97,1490400,168.97
2013-12-30,168.89,169.95,168.00,168.98,1240900,168.98
2013-12-27,169.21,170.47,168.30,168.93,1257400,168.93
2013-12-26,167.39,169.84,167.38,169.14,1219400,169.14
2013-12-24,167.69,168.34,166.05,167.42,820200,167.42
2013-12-23,168.76,169.70,167.00,168.35,1748000,168.35
2013-12-20,164.70,168.00,164.61,167.48,3643500,167.48
2013-12-19,162.19,164.30,162.00,164.02,2166400,164.02
2013-12-18,161.03,162.49,157.18,162.48,3516500,162.48
2013-12-17,164.04,164.17,160.00,160.79,2621200,160.79
2013-12-16,166.00,167.79,163.29,163.38,2457700,163.38
2013-12-13,166.81,166.85,164.00,164.90,2702000,164.90
2013-12-12,165.36,168.32,165.00,165.52,2124400,165.52
2013-12-11,169.28,170.49,165.71,166.05,3076400,166.05
2013-12-10,170.53,172.95,168.24,170.77,3400300,170.77
2013-12-09,170.47,173.80,168.57,170.01,5024500,170.01
2013-12-06,167.18,167.25,163.94,166.43,2547000,166.43
2013-12-05,163.32,166.00,162.26,164.51,3280800,164.51
2013-12-04,159.50,161.45,158.05,160.07,1794100,160.07
2013-12-03,161.70,162.68,159.59,159.93,2411300,159.93
2013-12-02,161.87,163.18,160.31,163.11,1831500,163.11
2013-11-29,161.83,162.57,161.58,161.77,1078900,161.77
2013-11-27,163.72,163.95,160.71,161.52,1984100,161.52
2013-11-26,164.68,164.92,162.15,163.43,2609000,163.43
2013-11-25,164.73,165.74,162.63,163.96,3305900,163.96
2013-11-22,161.00,164.00,160.45,163.33,3620400,163.33
2013-11-21,156.18,159.43,156.00,158.61,2691400,158.61
2013-11-20,154.64,157.09,154.14,155.53,2336500,155.53
2013-11-19,153.43,154.60,152.18,154.44,3155300,154.44
2013-11-18,151.49,155.25,151.21,152.98,3244100,152.98
2013-11-15,149.90,151.45,148.09,151.11,2543900,151.11
2013-11-14,149.29,150.74,148.53,150.00,2410900,150.00
2013-11-13,147.37,149.94,147.11,149.28,3481600,149.28
2013-11-12,147.74,149.50,146.52,149.41,2586700,149.41
2013-11-11,149.00,149.97,147.40,148.48,1820500,148.48
2013-11-08,145.89,149.97,145.23,148.92,3210800,148.92
2013-11-07,147.09,149.68,142.10,144.99,5679200,144.99
2013-11-06,151.04,151.99,144.37,144.49,5065200,144.49
2013-11-05,149.63,152.19,148.60,150.74,2371200,150.74
2013-11-04,151.94,152.89,150.26,150.72,2380500,150.72
2013-11-01,149.27,151.45,149.06,151.31,2365100,151.31
2013-10-31,151.79,152.93,147.23,148.49,3290600,148.49
2013-10-30,155.90,157.00,150.31,151.32,3246600,151.32
2013-10-29,156.77,157.19,154.15,155.31,2485000,155.31
2013-10-28,156.00,157.56,155.16,156.23,2533600,156.23
2013-10-25,157.67,159.29,154.60,155.74,3225200,155.74
2013-10-24,158.89,160.00,156.04,157.96,3835800,157.96
2013-10-23,159.46,160.67,157.16,160.00,2381900,160.00
2013-10-22,160.00,161.24,157.45,160.84,2316000,160.84
2013-10-21,161.49,161.64,158.25,159.23,1949200,159.23
2013-10-18,158.65,160.58,158.33,160.55,3549200,160.55
2013-10-17,158.00,160.00,157.13,160.00,2221500,160.00
2013-10-16,156.06,158.44,156.00,158.33,2487100,158.33
2013-10-15,153.64,156.99,153.62,155.25,2503800,155.25
2013-10-14,151.67,154.45,150.52,154.34,1860200,154.34
2013-10-11,152.40,154.78,151.55,153.17,2056800,153.17
2013-10-10,150.17,153.05,149.93,152.55,2952000,152.55
2013-10-09,148.92,150.32,143.13,146.87,5363200,146.87
2013-10-08,154.47,155.24,148.24,148.53,3869900,148.53
2013-10-07,155.25,157.11,153.74,153.87,2869800,153.87
2013-10-04,152.88,157.95,152.88,157.27,2725500,157.27
2013-10-03,155.50,155.95,150.46,152.62,2798700,152.62
2013-10-02,155.75,157.50,155.00,155.93,1797900,155.93
2013-10-01,154.70,157.21,153.59,157.20,2665600,157.20
2013-09-30,152.37,156.04,151.77,154.14,3613300,154.14
2013-09-27,148.34,154.99,147.95,154.61,4194400,154.61
2013-09-26,146.14,150.05,146.02,149.89,2964300,149.89
2013-09-25,147.24,148.02,145.55,145.56,1949000,145.56
2013-09-24,146.63,147.68,144.01,146.44,2962100,146.44
2013-09-23,149.34,149.83,145.45,146.78,2420400,146.78
2013-09-20,149.00,151.95,148.11,149.86,6481400,149.86
2013-09-19,149.50,149.79,146.77,148.52,2343800,148.52
2013-09-18,146.91,150.15,145.77,148.67,3432700,148.67
2013-09-17,148.16,148.54,145.50,147.04,2652100,147.04
2013-09-16,150.80,151.20,147.37,148.04,2634200,148.04
2013-09-13,149.59,149.75,147.58,149.48,1486000,149.48
2013-09-12,149.00,150.93,148.00,149.64,1698100,149.64
2013-09-11,149.41,149.56,146.90,149.56,1815500,149.56
2013-09-10,150.29,151.00,147.82,148.74,1961700,148.74
2013-09-09,147.06,148.72,147.06,148.47,2434800,148.47
2013-09-06,146.25,148.39,143.27,146.97,3222100,146.97
2013-09-05,146.23,147.76,145.01,145.59,2136000,145.59
2013-09-04,143.37,146.21,142.15,146.07,2688600,146.07
2013-09-03,141.77,144.73,141.42,143.01,2398800,143.01
2013-08-30,143.00,143.00,139.28,139.98,2170000,139.98
2013-08-29,138.57,143.00,138.00,142.58,2441300,142.58
2013-08-28,136.79,139.82,135.51,139.10,2651900,139.10
2013-08-27,139.36,139.93,136.60,136.96,2651000,136.96
2013-08-26,138.71,142.97,137.66,141.16,2570000,141.16
2013-08-23,138.62,139.39,137.13,138.27,1681600,138.27
2013-08-22,137.96,139.00,136.65,137.91,1272900,137.91
2013-08-21,135.04,139.77,134.74,137.57,2670000,137.57
2013-08-20,132.97,136.85,132.57,135.74,2176300,135.74
2013-08-19,132.11,135.75,132.11,132.44,1765100,132.44
2013-08-16,132.87,134.45,131.52,132.49,2494800,132.49
2013-08-15,135.62,136.04,132.75,133.51,2413200,133.51
2013-08-14,138.45,139.67,137.23,137.38,1362200,137.38
2013-08-13,141.03,141.20,136.74,137.65,2918600,137.65
2013-08-12,141.44,142.07,139.66,140.83,1220200,140.83
2013-08-09,141.71,144.21,141.41,142.07,1133500,142.07
2013-08-08,143.99,144.30,141.81,142.00,1832500,142.00
2013-08-07,141.84,144.11,139.43,142.65,2812100,142.65
2013-08-06,146.13,146.47,141.00,141.74,3218700,141.74
2013-08-05,146.89,148.28,146.00,146.83,1547000,146.83
2013-08-02,148.87,149.00,145.58,147.35,2330000,147.35
2013-08-01,148.18,149.92,147.19,148.79,2455400,148.79
2013-07-31,147.10,148.98,145.63,146.86,3059300,146.86
2013-07-30,143.72,146.22,143.49,145.37,2866700,145.37
2013-07-29,142.00,143.79,141.62,142.66,1974800,142.66
2013-07-26,138.70,144.15,138.25,143.94,3914700,143.94
2013-07-25,139.02,140.79,135.81,140.65,3055500,140.65
2013-07-24,135.41,136.47,134.30,135.99,2164400,135.99
2013-07-23,138.50,138.77,135.06,135.08,2012300,135.08
2013-07-22,138.20,138.67,136.45,138.08,2233300,138.08
2013-07-19,133.00,136.45,131.91,135.89,3501700,135.89
2013-07-18,133.03,133.94,130.22,133.05,5578100,133.05
2013-07-17,135.98,137.80,135.02,136.61,2161000,136.61
2013-07-16,135.37,135.50,132.75,135.05,2580400,135.05
2013-07-15,135.19,135.54,133.52,134.94,2076100,134.94
2013-07-12,134.71,136.36,132.66,134.56,4012900,134.56
2013-07-11,133.10,136.36,131.67,134.92,6022500,134.92
2013-07-10,124.67,125.28,123.20,125.08,1864700,125.08
2013-07-09,123.18,124.88,121.55,124.65,2192900,124.65
2013-07-08,123.00,124.68,121.30,121.94,1994000,121.94
2013-07-05,121.61,122.77,121.00,122.48,1353100,122.48
2013-07-03,119.49,121.99,119.05,120.93,1231000,120.93
2013-07-02,119.00,121.13,118.93,120.26,2373600,120.26
2013-07-01,119.30,120.75,118.15,118.91,2327400,118.91
2013-06-28,117.46,119.47,116.71,116.98,2718700,116.98
2013-06-27,119.42,119.90,117.63,118.40,2064900,118.40
2013-06-26,115.83,118.88,115.00,118.13,2663900,118.13
2013-06-25,114.40,115.00,113.10,114.55,2106500,114.55
2013-06-24,112.52,114.84,110.53,113.00,3335000,113.00
2013-06-21,114.22,115.80,111.71,113.89,5116700,113.89
2013-06-20,115.86,116.31,113.07,113.51,3250300,113.51
2013-06-19,120.00,120.24,116.83,116.89,1796000,116.89
2013-06-18,118.28,120.45,117.72,120.24,1828000,120.24
2013-06-17,120.43,121.27,117.35,117.70,2220100,117.70
2013-06-14,120.19,121.31,118.47,119.36,1850100,119.36
2013-06-13,118.98,120.53,117.08,120.26,2305400,120.26
2013-06-12,122.80,123.45,118.00,118.11,3798100,118.11
2013-06-11,116.51,119.89,116.02,118.75,2330300,118.75
2013-06-10,120.91,121.00,117.71,117.83,2396200,117.83
2013-06-07,116.93,120.58,116.92,120.41,3549500,120.41
2013-06-06,112.01,115.66,111.50,115.56,4221300,115.56
2013-06-05,117.03,118.15,111.78,112.20,5320200,112.20
2013-06-04,120.92,121.44,116.76,117.77,3691200,117.77
2013-06-03,124.12,124.72,117.07,120.89,4715200,120.89
2013-05-31,124.51,127.24,123.53,123.65,5239500,123.65
2013-05-30,122.88,125.42,122.65,124.55,2550500,124.55
2013-05-29,123.60,124.28,121.57,123.09,2146700,123.09
2013-05-28,124.52,126.15,123.86,124.59,2427500,124.59
2013-05-24,122.61,123.71,121.66,122.58,2286600,122.58
2013-05-23,121.50,124.97,120.55,123.64,2368300,123.64
2013-05-22,124.11,128.35,122.56,123.44,4199900,123.44
2013-05-21,123.24,124.37,122.41,123.50,2401900,123.50
2013-05-20,124.60,125.17,122.55,123.12,2243400,123.12
2013-05-17,124.56,125.05,120.35,124.91,4122300,124.91
2013-05-16,128.29,128.83,122.61,123.48,4953700,123.48
2013-05-15,129.44,131.41,128.35,129.63,2432400,129.63
2013-05-14,129.66,131.82,129.33,130.17,3787600,130.17
2013-05-13,126.84,131.13,125.55,129.66,3424000,129.66
2013-05-10,123.43,127.47,123.24,127.46,3357100,127.46
2013-05-09,122.27,123.81,121.60,122.71,2406400,122.71
2013-05-08,121.76,124.10,121.53,122.74,2861800,122.74
2013-05-07,121.92,123.30,121.35,121.67,3328100,121.67
2013-05-06,121.06,123.11,121.03,121.22,2636700,121.22
2013-05-03,120.22,121.90,119.81,121.64,2883300,121.64
2013-05-02,116.23,119.57,114.05,119.26,3345100,119.26
2013-05-01,117.92,118.76,116.28,116.66,3067800,116.66
2013-04-30,119.46,119.46,116.85,118.07,3867200,118.07
2013-04-29,120.28,120.92,118.32,118.47,3521700,118.47
2013-04-26,118.07,121.01,117.96,120.34,3249400,120.34
2013-04-25,120.50,121.05,116.25,117.95,5156400,117.95
2013-04-24,124.49,124.69,116.80,118.28,6804300,118.28
2013-04-23,127.81,128.52,125.38,126.00,3238400,126.00
2013-04-22,124.16,127.57,123.55,126.84,3762400,126.84
2013-04-19,118.55,122.88,118.50,122.36,3363900,122.36
2013-04-18,121.04,121.34,118.09,119.08,2192800,119.08
2013-04-17,121.44,122.57,119.88,121.34,3012400,121.34
2013-04-16,122.00,123.00,120.40,122.50,2472500,122.50
2013-04-15,122.50,123.01,120.23,120.37,3357100,120.37
2013-04-12,122.98,124.10,122.32,123.00,2787700,123.00
2013-04-11,121.75,123.80,121.61,122.99,3324800,122.99
2013-04-10,116.63,120.84,116.61,120.81,2587400,120.81
2013-04-09,116.89,117.31,115.73,116.61,1634600,116.61
2013-04-08,116.67,116.79,115.26,116.72,2218800,116.72
2013-04-05,116.10,117.80,115.01,116.43,3557800,116.43
2013-04-04,116.13,116.97,114.76,115.95,1877900,115.95
2013-04-03,117.87,118.30,114.52,115.55,3447700,115.55
2013-04-02,118.31,118.78,117.34,117.79,2908800,117.79
2013-04-01,116.51,117.94,116.29,117.04,2536000,117.04
2013-03-28,113.45,116.95,113.14,115.91,3362300,115.91
2013-03-27,111.52,113.46,111.25,113.24,2147800,113.24
2013-03-26,112.50,113.39,112.06,112.47,2364600,112.47
2013-03-25,112.89,113.71,111.07,111.79,2606600,111.79
2013-03-22,112.50,113.17,111.81,113.13,1648900,113.13
2013-03-21,111.90,112.87,111.29,112.03,1894300,112.03
2013-03-20,112.22,112.71,111.47,112.32,2379600,112.32
2013-03-19,112.38,112.55,110.29,111.04,2737100,111.04
2013-03-18,111.25,113.49,108.01,111.90,3227000,111.90
2013-03-15,114.24,114.29,112.29,112.40,4969400,112.40
2013-03-14,113.32,115.44,113.32,114.28,3012700,114.28
2013-03-13,113.50,114.00,112.62,113.07,3288600,113.07
2013-03-12,112.00,113.88,111.47,113.72,3640600,113.72
2013-03-11,111.48,112.09,110.67,111.92,3362500,111.92
2013-03-08,110.73,111.80,109.95,111.36,2736900,111.36
2013-03-07,110.37,110.37,108.98,110.18,2610100,110.18
2013-03-06,108.59,110.80,108.59,110.03,4750800,110.03
2013-03-05,105.25,108.51,105.18,108.37,4042700,108.37
2013-03-04,103.17,105.66,102.50,105.56,4865700,105.56
2013-03-01,103.25,105.82,102.53,105.62,3990100,105.62
2013-02-28,101.05,105.14,100.85,103.27,6018900,103.27
2013-02-27,99.08,101.64,98.62,101.04,2461800,101.04
2013-02-26,98.77,100.50,98.75,99.45,2371600,99.45
2013-02-25,101.84,102.00,98.90,99.00,3241800,99.00
2013-02-22,99.59,102.28,99.45,101.65,3418100,101.65
2013-02-21,100.29,100.29,97.85,99.43,3713800,99.43
2013-02-20,101.99,103.69,100.39,100.40,6129900,100.40
2013-02-19,98.75,100.56,98.62,100.46,2371400,100.46
2013-02-15,99.43,99.70,98.54,98.77,2636300,98.77
2013-02-14,99.17,100.20,98.55,99.51,2414200,99.51
2013-02-13,99.07,99.40,97.90,99.07,2264900,99.07
2013-02-12,100.00,100.42,98.89,98.96,2215100,98.96
2013-02-11,100.87,101.56,99.35,99.94,3179800,99.94
2013-02-08,98.85,100.86,97.91,100.13,3610900,100.13
2013-02-07,98.40,99.20,96.78,97.84,2927200,97.84
2013-02-06,99.54,99.69,97.25,97.89,3277100,97.89
2013-02-05,99.09,100.10,98.44,99.76,2724600,99.76
2013-02-04,100.05,101.33,97.98,98.59,3654500,98.59
2013-02-01,99.94,102.29,99.19,101.44,5192700,101.44
2013-01-31,98.17,99.57,97.92,98.96,2908400,98.96
2013-01-30,99.00,99.73,97.85,98.47,3423600,98.47
2013-01-29,99.11,99.59,98.21,99.20,2475500,99.20
2013-01-28,99.00,99.43,98.10,98.95,3131000,98.95
2013-01-25,96.42,99.90,96.30,99.76,5181700,99.76
2013-01-24,97.93,98.77,97.04,97.49,3418500,97.49
2013-01-23,97.92,99.33,96.66,98.22,4150200,98.22
2013-01-22,99.98,100.05,98.43,99.31,4400400,99.31
2013-01-18,98.29,100.12,98.11,100.03,3780300,100.03
2013-01-17,98.90,99.75,97.89,98.19,3835900,98.19
2013-01-16,99.20,99.25,98.21,98.86,3441500,98.86
2013-01-15,97.90,99.51,97.22,99.39,6607400,99.39
2013-01-14,96.19,97.71,95.37,97.67,4220900,97.67
2013-01-11,95.78,96.33,94.45,96.30,5197800,96.30
2013-01-10,92.56,95.53,92.25,95.48,6496200,95.48
2013-01-09,91.04,93.13,90.39,92.34,6272700,92.34
2013-01-08,87.64,91.52,87.21,91.41,11443400,91.41
2013-01-07,82.10,85.94,81.33,85.73,8780100,85.73
2013-01-04,82.03,83.17,81.60,82.09,2988200,82.09
2013-01-03,81.38,82.39,81.10,81.67,2674600,81.67
2013-01-02,80.12,81.10,79.75,81.10,4008000,81.10
2012-12-31,77.79,78.82,77.22,78.47,2438100,78.47
2012-12-28,78.01,78.72,77.70,77.73,1518400,77.73
2012-12-27,78.53,79.52,77.62,78.58,2219200,78.58
2012-12-26,79.17,79.54,78.27,78.71,1626200,78.71
2012-12-24,79.10,79.44,79.03,79.27,1419200,79.27
2012-12-21,79.63,79.76,78.30,79.70,6035300,79.70
2012-12-20,79.88,80.33,79.46,80.02,2287100,80.02
2012-12-19,80.26,80.63,79.46,79.70,2948100,79.70
2012-12-18,80.34,80.95,79.96,80.03,3346300,80.03
2012-12-17,79.39,80.57,78.63,80.44,2764300,80.44
2012-12-14,79.67,80.34,79.00,79.36,2350000,79.36
2012-12-13,80.87,81.28,79.29,79.84,2873600,79.84
2012-12-12,81.89,82.00,81.15,81.19,3197500,81.19
2012-12-11,81.46,82.78,80.71,82.08,6100800,82.08
2012-12-10,78.77,80.99,78.68,80.50,4884800,80.50
2012-12-07,79.03,79.25,78.25,78.68,2008900,78.68
2012-12-06,79.28,79.79,78.83,79.08,1970700,79.08
2012-12-05,79.35,79.61,78.40,79.40,2474900,79.40
2012-12-04,78.90,79.94,78.82,79.44,3735000,79.44
2012-12-03,78.75,79.80,78.39,78.66,3210500,78.66
2012-11-30,79.63,79.81,78.38,78.59,3365700,78.59
2012-11-29,79.00,79.80,78.86,79.39,2350900,79.39
2012-11-28,77.89,78.99,76.98,78.89,2515800,78.89
2012-11-27,78.71,79.45,78.06,78.14,2604200,78.14
2012-11-26,78.21,78.84,77.67,78.79,2428200,78.79
2012-11-23,77.77,78.57,77.71,78.51,896400,78.51
2012-11-21,77.62,78.11,77.57,77.86,2203100,77.86
2012-11-20,75.18,77.16,74.49,77.12,2973500,77.12
2012-11-19,75.24,76.10,74.25,75.18,3509400,75.18
2012-11-16,73.59,75.00,73.27,74.33,4086600,74.33
2012-11-15,74.73,74.79,73.34,73.54,3611500,73.54
2012-11-14,74.57,75.86,74.35,74.75,3873700,74.75
2012-11-13,74.91,76.13,74.39,74.40,3129600,74.40
2012-11-12,78.02,78.46,74.30,75.66,7527500,75.66
2012-11-09,71.30,73.01,71.23,71.50,2664900,71.50
2012-11-08,72.29,72.67,71.25,71.30,1706200,71.30
2012-11-07,73.42,73.42,71.79,72.56,2477700,72.56
2012-11-06,73.78,74.49,73.23,74.06,1790300,74.06
2012-11-05,72.86,73.53,72.55,73.30,2012800,73.30
2012-11-02,75.01,75.01,72.95,73.04,2131600,73.04
2012-11-01,74.03,75.24,73.94,74.81,2090200,74.81
2012-10-31,75.42,75.43,73.20,73.35,2523600,73.35
2012-10-26,74.14,75.48,74.14,75.20,2221300,75.20
2012-10-25,74.69,75.50,74.06,74.32,1870700,74.32
2012-10-24,74.34,74.83,73.89,74.06,2405800,74.06
2012-10-23,74.34,75.49,73.84,74.05,2635700,74.05
2012-10-22,75.02,75.55,74.55,75.00,2101400,75.00
2012-10-19,78.47,78.64,75.10,75.16,3647900,75.16
2012-10-18,78.85,78.96,77.76,78.48,1791900,78.48
2012-10-17,78.20,79.39,77.84,78.81,1748300,78.81
2012-10-16,78.28,78.45,77.54,78.20,1610900,78.20
2012-10-15,78.42,78.42,77.23,77.97,1822300,77.97
2012-10-12,79.01,79.75,78.25,78.42,2885100,78.42
2012-10-11,77.20,78.20,77.10,77.72,2260400,77.72
2012-10-10,79.19,79.61,76.06,77.36,5615800,77.36
2012-10-09,79.52,80.52,79.31,79.91,2202500,79.91
2012-10-08,80.00,80.42,79.41,80.29,1699300,80.29
2012-10-05,80.00,81.24,79.80,80.29,2955000,80.29
2012-10-04,79.23,79.99,79.02,79.58,2144800,79.58
2012-10-03,78.93,79.06,78.22,78.99,2431900,78.99
2012-10-02,78.03,78.83,77.72,78.42,3213600,78.42
2012-10-01,76.97,77.85,76.47,76.78,1612000,76.78
2012-09-28,76.32,76.85,76.01,76.40,2215400,76.40
2012-09-27,76.30,77.15,75.97,76.74,1849300,76.74
2012-09-26,76.62,77.50,75.92,76.08,2384500,76.08
2012-09-25,77.06,77.80,76.09,76.14,2309800,76.14
2012-09-24,76.63,77.24,76.30,76.91,1858200,76.91
2012-09-21,77.14,77.88,77.03,77.27,3445000,77.27
2012-09-20,76.62,77.50,76.40,77.08,1948300,77.08
2012-09-19,78.63,78.63,76.14,76.99,2601500,76.99
2012-09-18,76.54,77.59,76.50,76.92,2372700,76.92
2012-09-17,75.61,76.91,75.28,76.81,2917200,76.81
2012-09-14,75.10,76.32,74.40,76.27,3576700,76.27
2012-09-13,74.00,75.45,73.61,75.09,2527900,75.09
2012-09-12,73.98,74.43,73.60,73.99,1409400,73.99
2012-09-11,73.38,73.92,73.25,73.62,1554300,73.62
2012-09-10,74.93,74.99,73.23,73.58,2531000,73.58
2012-09-07,75.00,75.73,73.96,75.44,2860500,75.44
2012-09-06,72.03,74.60,72.03,74.49,4607200,74.49
2012-09-05,71.85,72.00,70.66,70.96,2340900,70.96
2012-09-04,71.39,72.40,70.80,72.07,1962500,72.07
2012-08-31,71.56,72.32,71.00,72.04,1517900,72.04
2012-08-30,71.17,71.58,70.42,70.83,1163400,70.83
2012-08-29,72.08,72.34,71.38,71.63,1106900,71.63
2012-08-28,71.69,72.15,71.18,72.02,2199800,72.02
2012-08-27,71.90,72.31,71.02,71.69,1997800,71.69
2012-08-24,71.35,72.53,71.35,72.04,2085800,72.04
2012-08-23,71.33,71.60,70.66,71.47,1921500,71.47
2012-08-22,71.31,71.85,71.02,71.60,1981100,71.60
2012-08-21,71.00,71.57,70.36,71.33,2736000,71.33
2012-08-20,69.22,70.90,69.06,70.81,2773900,70.81
2012-08-17,70.56,70.56,69.00,69.11,4419800,69.11
2012-08-16,70.78,71.01,69.99,70.24,4831100,70.24
2012-08-15,71.12,71.85,70.87,70.91,3714800,70.91
2012-08-14,71.97,71.97,70.92,71.12,3508000,71.12
2012-08-13,71.87,71.94,70.75,71.85,1515700,71.85
2012-08-10,71.20,72.00,70.98,71.94,1653500,71.94
2012-08-09,71.50,71.95,70.85,71.25,1941300,71.25
2012-08-08,71.35,71.95,70.80,71.77,2907300,71.77
2012-08-07,71.15,71.66,70.79,71.44,2761200,71.44
2012-08-06,69.66,71.39,69.38,71.07,3139000,71.07
2012-08-03,69.32,69.96,68.69,69.30,2718900,69.30
2012-08-02,67.95,68.38,66.87,68.21,4318800,68.21
2012-08-01,69.29,69.46,68.11,68.15,3020000,68.15
2012-07-31,69.48,70.22,68.36,68.46,3447300,68.46
2012-07-30,70.23,70.76,69.37,69.40,3534900,69.40
2012-07-27,67.99,71.42,67.69,70.60,4761800,70.60
2012-07-26,67.48,68.80,65.53,67.49,5199400,67.49
2012-07-25,64.38,65.85,64.05,65.28,3559800,65.28
2012-07-24,65.88,66.38,63.89,64.00,3642500,64.00
2012-07-23,65.40,66.06,64.48,65.78,2843500,65.78
2012-07-20,67.98,68.14,65.97,66.42,3927000,66.42
2012-07-19,67.45,68.09,66.93,67.98,2897000,67.98
2012-07-18,66.83,67.75,66.35,67.34,2395600,67.34
2012-07-17,65.90,67.17,65.90,66.82,3616000,66.82
2012-07-16,65.16,66.40,65.01,66.15,3456500,66.15
2012-07-13,63.05,65.44,62.96,65.27,3797100,65.27
2012-07-12,62.55,63.35,61.89,62.95,4689500,62.95
2012-07-11,63.85,64.42,62.89,63.32,2183800,63.32
2012-07-10,65.10,65.29,63.87,64.08,2175000,64.08
2012-07-09,64.81,65.06,64.45,64.95,1883000,64.95
2012-07-06,65.11,65.61,64.40,64.77,1670700,64.77
2012-07-05,65.66,66.00,64.68,65.31,2064100,65.31
2012-07-03,64.88,65.76,64.22,65.76,1548100,65.76
2012-07-02,64.67,64.88,63.96,64.88,2350500,64.88
2012-06-29,63.97,64.50,63.26,64.16,4256900,64.16
2012-06-28,63.03,63.09,61.37,62.05,3976200,62.05
2012-06-27,63.18,63.96,62.88,63.49,4087400,63.49
2012-06-26,62.12,63.70,61.79,63.25,6719100,63.25
2012-06-25,61.17,61.51,60.90,61.23,5175600,61.23
2012-06-22,60.07,61.71,59.50,61.63,7888600,61.63
2012-06-21,59.49,60.90,58.53,59.45,23399400,59.45
2012-06-20,68.25,69.68,66.67,67.16,2899600,67.16
2012-06-19,66.28,67.63,66.01,67.62,3579700,67.62
2012-06-18,64.80,66.39,64.77,65.93,2721700,65.93
2012-06-15,66.03,66.42,65.20,66.16,4286400,66.16
2012-06-14,63.62,66.03,63.61,65.91,3513600,65.91
2012-06-13,63.96,64.81,63.43,63.59,5508000,63.59
2012-06-12,63.88,64.00,62.76,63.07,4019900,63.07
2012-06-11,65.39,65.50,63.66,63.70,3741200,63.70
2012-06-08,64.91,65.50,64.79,65.04,2255500,65.04
2012-06-07,66.00,66.18,64.96,65.09,2235000,65.09
2012-06-06,64.68,65.43,64.59,65.31,2825800,65.31
2012-06-05,64.76,65.38,64.17,64.45,2932800,64.45
2012-06-04,64.93,65.69,64.46,64.89,4685500,64.89
2012-06-01,67.44,67.60,64.98,65.33,4501400,65.33
2012-05-31,68.74,69.23,68.11,68.25,3304300,68.25
2012-05-30,68.41,69.37,68.28,68.90,2829600,68.90
2012-05-29,69.08,69.79,68.58,68.75,2581600,68.75
2012-05-25,70.05,70.10,68.71,68.90,2611400,68.90
2012-05-24,69.00,69.92,68.30,69.91,3115000,69.91
2012-05-23,69.21,69.38,68.40,69.08,2533900,69.08
2012-05-22,69.61,70.47,69.11,69.65,2102100,69.65
2012-05-21,68.11,69.51,68.10,69.42,2469300,69.42
2012-05-18,69.28,69.36,67.57,68.10,4533700,68.10
2012-05-17,70.49,70.99,69.07,69.07,3433000,69.07
2012-05-16,71.24,71.31,70.58,70.72,2806100,70.72
2012-05-15,71.12,71.75,70.78,71.20,2405500,71.20
2012-05-14,70.44,71.52,70.00,71.11,2296400,71.11
2012-05-11,70.23,71.08,70.20,70.79,2475700,70.79
2012-05-10,70.91,71.33,70.44,70.65,2974900,70.65
2012-05-09,70.40,70.77,69.87,70.42,3436000,70.42
2012-05-08,69.65,70.83,69.18,70.77,2865000,70.77
2012-05-07,69.46,70.48,69.08,70.14,4188900,70.14
2012-05-04,70.89,71.21,69.55,69.81,3779200,69.81
2012-05-03,72.22,72.26,71.09,71.40,3447000,71.40
2012-05-02,72.18,72.47,71.86,71.97,5065400,71.97
2012-05-01,72.98,73.31,71.87,72.58,4827800,72.58
2012-04-30,73.65,73.86,72.75,72.93,3358500,72.93
2012-04-27,72.92,73.56,72.33,73.38,6037200,73.38
2012-04-26,74.74,75.98,72.36,72.92,10514700,72.92
2012-04-25,77.52,78.66,76.80,77.91,3073500,77.91
2012-04-24,77.49,78.18,77.17,77.35,2539800,77.35
2012-04-23,78.68,78.71,77.04,77.43,2892900,77.43
2012-04-20,78.89,79.91,78.41,79.10,2945000,79.10
2012-04-19,78.75,80.11,78.28,78.59,2761400,78.59
2012-04-18,79.10,79.62,78.87,78.88,2069400,78.88
2012-04-17,78.31,79.72,78.31,79.17,2145500,79.17
2012-04-16,78.64,79.11,77.71,78.16,1943200,78.16
2012-04-13,79.21,79.47,77.87,78.32,2749400,78.32
2012-04-12,78.72,79.08,78.36,78.58,1560000,78.58
2012-04-11,80.16,80.16,78.51,78.52,2567000,78.52
2012-04-10,78.90,79.39,78.25,79.20,4147000,79.20
2012-04-09,78.76,79.53,78.29,79.25,2045900,79.25
2012-04-05,78.89,79.68,78.52,79.65,2547000,79.65
2012-04-04,79.99,80.42,79.00,79.22,3873100,79.22
2012-04-03,78.09,80.37,77.89,80.29,4272900,80.29
2012-04-02,77.57,78.26,76.98,78.20,2209600,78.20
2012-03-30,77.64,77.86,77.03,77.52,2459200,77.52
2012-03-29,77.54,78.20,77.22,77.52,2066700,77.52
2012-03-28,78.06,78.69,77.26,77.93,3391800,77.93
2012-03-27,78.83,78.83,77.90,78.04,2478700,78.04
2012-03-26,77.00,78.53,76.50,78.50,3127000,78.50
2012-03-23,76.38,76.92,75.67,76.83,2417100,76.83
2012-03-22,75.40,76.38,75.04,76.17,2497200,76.17
2012-03-21,75.53,76.00,75.29,75.59,2059800,75.59
2012-03-20,75.48,76.01,75.25,75.53,1796800,75.53
2012-03-19,75.44,75.94,75.08,75.53,2649300,75.53
2012-03-16,75.91,76.83,75.53,75.60,3781200,75.60
2012-03-15,76.04,76.40,75.52,76.13,2078600,76.13
2012-03-14,75.92,77.43,75.29,76.01,2934200,76.01
2012-03-13,74.61,76.29,74.45,76.14,3388800,76.14
2012-03-12,75.14,75.28,74.27,74.41,2263300,74.41
2012-03-09,74.45,75.27,74.24,75.18,2822000,75.18
2012-03-08,72.92,74.52,72.73,74.24,2408100,74.24
2012-03-07,72.15,72.85,71.95,72.56,1505800,72.56
2012-03-06,72.68,72.83,71.30,72.28,2688500,72.28
2012-03-05,73.51,73.84,72.17,73.07,2190200,73.07
2012-03-02,73.86,73.97,73.40,73.73,2233900,73.73
2012-03-01,73.56,74.24,73.30,73.92,2113800,73.92
2012-02-29,73.55,74.73,73.25,73.32,3892700,73.32
2012-02-28,74.21,74.24,73.37,73.76,2683300,73.76
2012-02-27,74.51,74.53,73.52,74.08,2692800,74.08
2012-02-24,74.89,75.27,74.65,74.89,1814300,74.89
2012-02-23,74.55,75.25,74.08,74.91,2221100,74.91
2012-02-22,73.88,74.79,73.43,74.64,2425100,74.64
2012-02-21,75.02,75.03,73.73,74.03,3049200,74.03
2012-02-17,75.32,75.44,74.44,74.66,2672400,74.66
2012-02-16,74.54,75.74,74.46,75.50,2649000,75.50
2012-02-15,74.36,76.09,73.83,74.60,5340600,74.60
2012-02-14,72.85,74.15,72.77,74.14,3273900,74.14
2012-02-13,72.51,73.47,71.91,73.16,2402400,73.16
2012-02-10,71.97,72.29,71.51,71.74,2988700,71.74
2012-02-09,73.15,73.19,71.92,72.00,4058900,72.00
2012-02-08,73.23,73.41,72.00,72.86,2062400,72.86
2012-02-07,73.81,73.83,72.70,73.41,2480600,73.41
2012-02-06,72.84,73.85,72.81,73.53,2060800,73.53
2012-02-03,74.40,74.48,72.77,73.21,3434600,73.21
2012-02-02,73.74,74.58,73.53,74.16,2015000,74.16
2012-02-01,72.72,74.32,72.70,73.92,3875300,73.92
2012-01-31,72.01,72.96,72.01,72.69,2760300,72.69
2012-01-30,71.29,72.72,71.23,72.72,3386300,72.72
2012-01-27,72.73,73.75,71.49,73.37,3473100,73.37
2012-01-26,73.96,74.63,72.34,72.66,3992800,72.66
2012-01-25,73.60,74.20,73.04,73.79,3777700,73.79
2012-01-24,73.24,74.04,72.87,74.02,2947300,74.02
2012-01-23,73.99,74.13,72.96,73.43,2605700,73.43
2012-01-20,72.40,74.75,72.21,73.84,4991200,73.84
2012-01-19,72.84,72.92,72.00,72.21,3182800,72.21
2012-01-18,72.88,73.18,72.48,72.74,3546500,72.74
2012-01-17,73.53,75.11,72.66,73.11,2945700,73.11
2012-01-13,72.76,72.90,71.88,72.63,2848600,72.63
2012-01-12,72.22,73.49,71.21,73.20,5421400,73.20
2012-01-11,70.51,72.31,70.19,72.07,4311500,72.07
2012-01-10,69.19,70.77,68.88,70.26,5424400,70.26
2012-01-09,67.23,68.85,66.87,68.23,6796400,68.23
2012-01-06,68.12,68.45,66.28,67.22,5765900,67.22
2012-01-05,67.97,69.26,67.68,68.51,3335800,68.51
2012-01-04,68.34,68.93,67.68,67.92,2678300,67.92
2012-01-03,68.51,68.96,68.07,68.66,3033200,68.66
2011-12-30,67.67,68.10,67.36,67.60,1781000,67.60
2011-12-29,67.02,67.64,66.85,67.55,1548700,67.55
2011-12-28,68.16,68.16,66.73,66.80,1937800,66.80
2011-12-27,67.27,68.04,67.05,68.01,1319400,68.01
2011-12-23,67.44,67.44,66.60,67.32,1169400,67.32
2011-12-22,66.92,67.10,66.47,67.09,1888600,67.09
2011-12-21,66.56,67.53,65.73,66.55,3209900,66.55
2011-12-20,65.38,66.88,65.36,66.43,5353800,66.43
2011-12-19,63.84,65.00,63.60,64.58,3186400,64.58
2011-12-16,63.43,64.02,62.89,63.69,5738700,63.69
2011-12-15,63.50,63.60,62.98,63.10,3135800,63.10
2011-12-14,63.79,64.61,62.84,63.03,3713200,63.03
2011-12-13,64.10,64.71,63.70,63.96,4324200,63.96
2011-12-12,62.90,64.47,62.56,63.66,5148400,63.66
2011-12-09,61.49,63.71,61.17,63.58,3986700,63.58
2011-12-08,62.39,62.71,61.14,61.29,2499700,61.29
2011-12-07,62.20,62.99,61.87,62.65,2448200,62.65
2011-12-06,61.57,62.50,61.38,62.21,3823100,62.21
2011-12-05,62.20,62.31,60.89,61.31,4352300,61.31
2011-12-02,63.06,63.19,61.08,61.21,4131900,61.21
2011-12-01,63.17,63.21,62.13,62.76,3151200,62.76
2011-11-30,62.25,63.12,61.99,63.08,3540200,63.08
2011-11-29,62.27,62.70,61.08,61.23,3223900,61.23
2011-11-28,61.21,62.10,60.53,62.05,2539100,62.05
2011-11-25,60.03,60.91,60.00,60.24,1605700,60.24
2011-11-23,61.25,61.30,60.42,60.43,2839500,60.43
2011-11-22,60.98,62.05,60.72,61.69,3451000,61.69
2011-11-21,62.52,62.52,60.51,61.32,4826400,61.32
2011-11-18,64.50,64.52,63.00,63.04,3494100,63.04
2011-11-17,65.18,65.30,62.94,64.66,4160100,64.66
2011-11-16,64.77,65.82,64.33,64.87,3052400,64.87
2011-11-15,65.00,65.76,64.75,65.41,2478500,65.41
2011-11-14,64.54,65.15,64.30,65.02,2419000,65.02
2011-11-11,64.74,64.96,62.84,64.57,4933800,64.57
2011-11-10,64.84,64.98,63.45,64.31,3274000,64.31
2011-11-09,64.07,65.14,63.71,64.31,3617000,64.31
2011-11-08,64.65,65.32,64.01,65.18,2721700,65.18
2011-11-07,63.90,64.68,63.15,64.29,2732600,64.29
2011-11-04,63.94,64.03,63.16,63.73,2448500,63.73
2011-11-03,63.65,64.50,63.63,64.14,3138400,64.14
2011-11-02,64.11,64.32,62.94,63.79,3201200,63.79
2011-11-01,63.19,64.06,62.71,63.56,3602300,63.56
2011-10-31,65.70,65.76,64.50,64.83,2973700,64.83
2011-10-28,65.55,66.29,65.41,66.19,3231600,66.19
2011-10-27,65.71,66.83,64.47,65.29,7610200,65.29
2011-10-26,66.88,67.00,65.46,66.47,4106700,66.47
2011-10-25,67.82,67.88,65.78,65.89,3734200,65.89
2011-10-24,67.20,68.25,66.87,67.86,3120200,67.86
2011-10-21,66.76,67.37,66.00,66.93,3138200,66.93
2011-10-20,65.53,66.97,65.04,65.95,2633200,65.95
2011-10-19,65.72,66.10,65.13,65.31,2464400,65.31
2011-10-18,65.03,66.11,64.30,65.87,3288700,65.87
2011-10-17,66.22,66.27,64.69,64.85,3277700,64.85
2011-10-14,67.00,67.01,65.90,66.30,2426700,66.30
2011-10-13,65.20,66.79,64.83,66.36,2397300,66.36
2011-10-12,66.90,66.90,65.41,65.45,3002700,65.45
2011-10-11,65.49,66.90,65.32,66.33,3638000,66.33
2011-10-10,64.55,66.98,64.49,65.53,5013800,65.53
2011-10-07,63.64,63.83,62.83,62.95,3171200,62.95
2011-10-06,63.80,63.80,62.65,63.35,4313700,63.35
2011-10-05,61.15,64.20,61.15,64.08,4779400,64.08
2011-10-04,60.26,61.44,59.32,61.31,3862400,61.31
2011-10-03,61.60,62.41,60.66,60.70,3710000,60.70
2011-09-30,62.03,63.00,61.63,61.91,3831200,61.91
2011-09-29,63.21,63.34,61.84,62.93,3328800,62.93
2011-09-28,64.31,64.51,62.29,62.40,2862200,62.40
2011-09-27,64.50,65.10,63.67,63.97,4290900,63.97
2011-09-26,63.03,63.41,61.41,63.10,3419300,63.10
2011-09-23,63.33,63.75,62.17,62.67,4827900,62.67
2011-09-22,61.86,63.69,61.05,63.54,7234500,63.54
2011-09-21,65.37,65.83,63.73,63.80,5721300,63.80
2011-09-20,61.50,65.86,61.30,65.56,11115400,65.56
2011-09-19,60.43,61.38,60.43,61.19,3239900,61.19
2011-09-16,60.63,61.49,59.98,61.04,4281500,61.04
2011-09-15,60.92,61.15,59.84,60.33,4163600,60.33
2011-09-14,60.57,61.00,59.65,60.23,4781300,60.23
2011-09-13,60.63,61.20,60.10,60.39,4557000,60.39
2011-09-12,58.98,60.57,58.98,60.32,4815200,60.32
2011-09-09,60.15,61.11,59.76,59.77,4427700,59.77
2011-09-08,59.84,61.83,59.66,60.84,4034300,60.84
2011-09-07,59.70,60.28,59.30,60.26,2452500,60.26
2011-09-06,57.12,59.36,56.79,59.23,2888400,59.23
2011-09-02,58.58,59.62,58.26,58.34,2369000,58.34
2011-09-01,59.85,60.14,59.15,59.54,2817500,59.54
2011-08-31,59.67,60.42,58.99,59.47,3283600,59.47
2011-08-30,57.81,59.91,57.58,59.53,3410000,59.53
2011-08-29,57.85,58.31,57.37,58.28,2779900,58.28
2011-08-26,56.23,57.46,55.28,57.30,2457500,57.30
2011-08-25,57.84,57.93,56.21,56.36,3542700,56.36
2011-08-24,57.00,57.84,56.80,57.81,2832800,57.81
2011-08-23,55.68,57.21,55.10,57.17,3574200,57.17
2011-08-22,55.50,55.89,55.17,55.32,3524000,55.32
2011-08-19,53.63,55.33,53.50,54.68,4298700,54.68
2011-08-18,55.11,55.60,53.87,54.55,4282600,54.55
2011-08-17,56.40,57.45,55.57,56.33,2611000,56.33
2011-08-16,55.13,56.48,55.01,56.18,3223500,56.18
2011-08-15,54.67,55.92,54.43,55.74,4025100,55.74
2011-08-12,53.77,54.90,53.34,54.43,3932800,54.43
2011-08-11,51.94,54.28,51.75,53.65,5851000,53.65
2011-08-10,53.68,53.83,51.70,51.85,6406200,51.85
2011-08-09,52.95,54.68,51.81,54.58,7554800,54.58
2011-08-08,54.11,54.63,51.93,52.39,8427900,52.39
2011-08-05,55.86,56.87,54.25,55.52,7223900,55.52
2011-08-04,57.10,58.30,55.48,55.51,7183400,55.51
2011-08-03,57.51,58.39,55.43,58.28,5385000,58.28
2011-08-02,58.26,58.75,57.24,57.29,4073200,57.29
2011-08-01,59.84,60.17,57.93,58.47,4007600,58.47
2011-07-29,59.67,60.47,59.03,59.30,5517200,59.30
2011-07-28,61.18,62.32,59.92,59.96,5574300,59.96
2011-07-27,59.68,59.99,58.67,59.48,3898700,59.48
2011-07-26,60.70,60.70,59.81,59.99,2767000,59.99
2011-07-25,61.22,61.25,60.46,60.81,1695900,60.81
2011-07-22,61.66,61.73,61.08,61.18,2298500,61.18
2011-07-21,60.58,61.98,60.58,61.49,2495600,61.49
2011-07-20,60.73,60.88,59.90,60.37,2414200,60.37
2011-07-19,59.34,60.60,59.34,60.54,2023600,60.54
2011-07-18,60.38,60.67,58.64,59.14,3815200,59.14
2011-07-15,60.77,61.01,60.25,60.67,1730400,60.67
2011-07-14,61.07,61.49,60.42,60.58,1706900,60.58
2011-07-13,61.56,61.75,60.19,61.08,2069500,61.08
2011-07-12,61.27,61.64,61.03,61.06,1881700,61.06
2011-07-11,61.38,61.72,60.72,61.01,1790500,61.01
2011-07-08,61.49,62.49,61.29,61.99,2737200,61.99
2011-07-07,61.00,61.84,60.35,61.68,2816900,61.68
2011-07-06,60.35,60.96,60.17,60.53,2084500,60.53
2011-07-05,60.94,60.99,60.02,60.31,2376900,60.31
2011-07-01,60.75,60.97,60.17,60.88,2517300,60.88
2011-06-30,60.55,60.95,60.13,60.32,2512900,60.32
2011-06-29,60.62,60.70,59.81,60.15,2482500,60.15
2011-06-28,59.64,60.54,59.28,60.53,2473400,60.53
2011-06-27,58.44,59.54,58.26,59.39,1845900,59.39
2011-06-24,59.60,59.72,58.56,58.77,2640200,58.77
2011-06-23,59.17,59.93,58.74,59.89,3399100,59.89
2011-06-22,59.80,60.35,59.55,59.87,2249300,59.87
2011-06-21,59.82,60.14,59.07,60.04,2284200,60.04
2011-06-20,57.92,59.89,57.82,59.59,2948500,59.59
2011-06-17,58.48,59.00,57.85,57.87,4258500,57.87
2011-06-16,57.85,58.38,57.34,57.83,3253000,57.83
2011-06-15,57.80,59.03,57.76,57.99,2782700,57.99
2011-06-14,58.72,58.76,57.98,58.06,2457100,58.06
2011-06-13,58.29,58.76,57.62,58.30,1377500,58.30
2011-06-10,59.49,59.55,58.29,58.30,2396400,58.30
2011-06-09,59.48,60.26,59.28,59.58,2336900,59.58
2011-06-08,58.64,59.88,58.64,59.32,1410700,59.32
2011-06-07,58.62,59.82,58.47,59.29,2668600,59.29
2011-06-06,58.86,59.00,58.28,58.46,1715400,58.46
2011-06-03,59.26,59.62,58.81,58.86,1574100,58.86
2011-06-02,59.81,60.24,59.43,59.84,1414800,59.84
2011-06-01,60.85,60.99,59.85,59.91,2989000,59.91
2011-05-31,60.25,60.91,59.87,60.91,2322500,60.91
2011-05-27,59.34,59.96,59.16,59.88,1684100,59.88
2011-05-26,58.51,59.54,58.15,59.46,2962600,59.46
2011-05-25,59.33,59.55,58.70,58.79,2396800,58.79
2011-05-24,59.35,59.46,58.87,59.39,2219900,59.39
2011-05-23,60.01,60.01,58.82,59.23,2300000,59.23
2011-05-20,60.77,60.99,60.03,60.49,2193900,60.49
2011-05-19,60.49,60.99,60.00,60.87,2604300,60.87
2011-05-18,60.33,60.99,60.10,60.80,2147800,60.80
2011-05-17,59.54,60.48,59.09,60.48,2921600,60.48
2011-05-16,59.74,60.09,59.35,59.52,1629600,59.52
2011-05-13,60.41,60.67,59.59,59.94,2235900,59.94
2011-05-12,59.59,60.27,58.67,60.18,2200000,60.18
2011-05-11,60.10,60.11,58.96,59.78,2800000,59.78
2011-05-10,60.03,60.20,59.64,60.10,2229000,60.10
2011-05-09,59.19,60.11,59.13,59.95,1849100,59.95
2011-05-06,59.66,60.09,58.75,59.30,3627800,59.30
2011-05-05,60.85,60.85,56.43,58.85,7995300,58.85
2011-05-04,60.12,61.70,60.12,60.95,4346600,60.95
2011-05-03,60.01,61.28,59.52,60.11,4300000,60.11
2011-05-02,59.25,60.77,58.90,59.78,4777400,59.78
2011-04-29,58.81,59.74,58.56,58.88,6529800,58.88
2011-04-28,58.72,59.17,57.23,58.84,4800000,58.84
2011-04-27,57.87,59.03,57.73,59.00,4276200,59.00
2011-04-26,56.67,57.75,56.37,57.70,2808900,57.70
2011-04-25,56.62,56.74,55.82,56.35,1611800,56.35
2011-04-21,56.56,56.99,56.11,56.40,2377600,56.40
2011-04-20,56.96,57.30,56.30,56.66,3101500,56.66
2011-04-19,57.25,57.35,55.90,56.38,2287200,56.38
2011-04-18,56.38,57.74,55.79,57.23,4409800,57.23
2011-04-15,56.63,57.40,56.34,56.98,3284900,56.98
2011-04-14,55.54,56.60,54.99,56.34,2769200,56.34
2011-04-13,55.57,56.21,55.31,55.93,1849500,55.93
2011-04-12,55.11,55.52,54.83,55.35,2613100,55.35
2011-04-11,55.88,56.67,55.23,55.36,2701500,55.36
2011-04-08,56.41,56.73,55.54,55.92,1708300,55.92
2011-04-07,55.67,56.31,55.45,56.29,2782600,56.29
2011-04-06,56.27,56.57,55.43,55.80,3229600,55.80
2011-04-05,56.41,56.82,55.76,55.90,3352200,55.90
2011-04-04,57.52,57.89,56.54,56.70,2495800,56.70
2011-04-01,57.73,57.95,56.94,57.30,3246300,57.30
2011-03-31,56.77,57.74,56.73,57.58,3579100,57.58
2011-03-30,55.95,56.97,55.87,56.74,3439700,56.74
2011-03-29,55.00,55.50,54.86,55.49,1872500,55.49
2011-03-28,55.49,55.52,54.87,55.00,1845600,55.00
2011-03-25,55.11,55.70,55.00,55.24,3452900,55.24
2011-03-24,53.60,55.10,53.31,54.89,3077400,54.89
2011-03-23,52.68,53.46,52.59,53.19,1822700,53.19
2011-03-22,53.23,53.66,52.83,52.84,3112100,52.84
2011-03-21,53.52,54.26,53.26,53.29,2666200,53.29
2011-03-18,53.13,53.73,52.71,52.98,6334100,52.98
2011-03-17,53.51,53.55,52.99,53.21,2359800,53.21
2011-03-16,53.19,53.78,52.61,52.88,4476100,52.88
2011-03-15,52.57,53.96,52.23,53.81,4779900,53.81
2011-03-14,52.99,55.08,52.84,53.88,4988400,53.88
2011-03-11,51.85,53.61,51.41,53.18,6050000,53.18
2011-03-10,53.20,53.34,51.85,51.92,4579500,51.92
2011-03-09,53.65,53.99,53.13,53.65,2578100,53.65
2011-03-08,53.80,54.41,53.42,54.07,2262100,54.07
2011-03-07,54.70,54.73,53.42,53.70,4650200,53.70
2011-03-04,53.94,54.36,53.94,54.26,4213800,54.26
2011-03-03,53.96,54.54,53.66,54.04,4314700,54.04
2011-03-02,52.75,54.07,52.68,53.72,3956000,53.72
2011-03-01,53.21,53.68,52.63,53.02,2856400,53.02
2011-02-28,53.98,54.87,53.00,53.10,4268000,53.10
2011-02-25,52.94,53.72,52.75,53.52,2774000,53.52
2011-02-24,52.15,53.00,51.76,52.89,4812900,52.89
2011-02-23,52.83,53.40,52.62,52.71,3416900,52.71
2011-02-22,53.07,53.49,52.78,52.89,3761100,52.89
2011-02-18,53.40,54.14,53.09,53.47,4006400,53.47
2011-02-17,53.96,54.05,53.17,53.63,2757200,53.63
2011-02-16,53.42,54.01,53.19,53.92,4344200,53.92
2011-02-15,53.10,53.27,52.68,53.14,6760700,53.14
2011-02-14,51.80,53.45,51.80,53.43,6645300,53.43
2011-02-11,51.59,52.07,51.52,51.99,8724400,51.99
2011-02-10,50.72,51.85,50.28,51.71,9540700,51.71
2011-02-09,50.72,50.93,50.11,50.74,7145100,50.74
2011-02-08,50.95,51.27,50.53,50.88,5349800,50.88
2011-02-07,51.19,51.60,50.67,50.95,5565300,50.95
2011-02-04,49.49,51.37,48.92,51.29,14907700,51.29
2011-02-03,52.81,52.90,49.00,49.50,18853100,49.50
2011-02-02,52.06,53.29,52.03,53.17,3782500,53.17
2011-02-01,51.99,52.86,51.88,52.24,6115200,52.24
2011-01-31,51.55,52.09,50.95,51.53,7957300,51.53
2011-01-28,54.67,54.70,51.10,51.18,12028200,51.18
2011-01-27,55.86,56.54,54.57,54.85,4711500,54.85
2011-01-26,56.25,56.94,55.92,56.19,2669700,56.19
2011-01-25,56.40,56.51,55.62,56.07,2732300,56.07
2011-01-24,55.87,56.98,55.64,56.63,2497000,56.63
2011-01-21,57.01,57.01,55.97,56.03,3035800,56.03
2011-01-20,56.19,56.86,55.87,56.63,3353800,56.63
2011-01-19,56.71,56.82,55.90,56.32,4595600,56.32
2011-01-18,57.50,57.98,56.79,56.89,3295900,56.89
2011-01-14,57.25,57.69,57.19,57.45,2312200,57.45
2011-01-13,57.77,58.00,57.08,57.25,2221200,57.25
2011-01-12,58.17,58.26,57.26,57.91,2823500,57.91
2011-01-11,56.81,58.06,56.61,58.00,3920500,58.00
2011-01-10,58.73,58.98,56.09,56.44,9004200,56.44
2011-01-07,59.25,59.55,58.83,59.16,2523600,59.16
2011-01-06,59.23,59.78,58.81,58.99,3285600,58.99
2011-01-05,58.40,59.72,58.22,59.39,3578300,59.39
2011-01-04,59.81,60.07,58.54,58.69,3663000,58.69
2011-01-03,59.74,60.90,59.68,60.02,2615900,60.02
2010-12-31,59.52,59.64,58.70,59.14,1070400,59.14
2010-12-30,59.65,59.75,59.34,59.43,1048600,59.43
2010-12-29,59.69,60.43,59.48,59.73,1423000,59.73
2010-12-28,59.46,59.64,59.17,59.44,1409000,59.44
2010-12-27,59.39,59.80,59.07,59.50,1393600,59.50
2010-12-23,59.19,59.72,59.01,59.69,1841000,59.69
2010-12-22,59.13,59.72,58.98,59.45,1874100,59.45
2010-12-21,59.35,59.35,58.50,59.11,2149200,59.11
2010-12-20,59.54,59.71,58.81,59.28,2906900,59.28
2010-12-17,58.73,59.34,58.29,59.27,4132700,59.27
2010-12-16,57.93,58.80,57.72,58.79,2973800,58.79
2010-12-15,57.53,58.16,57.50,57.83,2570000,57.83
2010-12-14,57.00,57.92,56.91,57.81,3258200,57.81
2010-12-13,57.58,57.62,56.73,56.73,2793500,56.73
2010-12-10,57.29,57.80,57.00,57.46,3432100,57.46
2010-12-09,57.04,57.30,56.71,57.05,3439000,57.05
2010-12-08,56.65,57.23,56.30,56.84,3849400,56.84
2010-12-07,56.93,57.83,56.09,56.27,14088500,56.27
2010-12-06,58.27,58.39,54.24,55.64,22214300,55.64
2010-12-03,60.30,60.67,60.12,60.59,2350800,60.59
2010-12-02,60.29,60.60,60.06,60.46,2211200,60.46
2010-12-01,60.15,60.64,60.03,60.41,2669200,60.41
2010-11-30,59.01,59.50,58.78,59.38,2836700,59.38
2010-11-29,60.99,61.06,59.17,59.89,3648700,59.89
2010-11-26,61.19,61.47,60.90,61.21,486800,61.21
2010-11-24,60.90,62.00,60.90,61.60,1966700,61.60
2010-11-23,61.15,61.61,60.21,60.52,2534800,60.52
2010-11-22,60.50,61.65,60.20,61.63,2436200,61.63
2010-11-19,60.71,60.89,60.12,60.61,2279500,60.61
2010-11-18,60.67,61.40,60.07,60.74,2766000,60.74
2010-11-17,59.71,60.05,59.05,59.95,2320200,59.95
2010-11-16,60.13,60.77,59.57,59.78,2998000,59.78
2010-11-15,60.89,60.91,60.45,60.57,2157800,60.57
2010-11-12,60.85,61.14,59.65,60.30,2094000,60.30
2010-11-11,60.78,61.59,60.54,61.39,1485100,61.39
2010-11-10,61.07,61.60,60.26,61.45,2555000,61.45
2010-11-09,60.98,61.20,60.34,60.69,2025800,60.69
2010-11-08,60.78,61.08,59.87,60.96,2782500,60.96
2010-11-05,62.23,62.29,60.76,61.22,3713800,61.22
2010-11-04,62.44,62.68,61.85,62.32,3117700,62.32
2010-11-03,62.93,63.00,61.69,62.51,2783200,62.51
2010-11-02,62.19,63.46,62.13,62.95,4075100,62.95
2010-11-01,61.50,62.19,61.28,61.90,3265200,61.90
2010-10-29,61.40,62.26,61.40,62.03,4243900,62.03
2010-10-28,61.50,62.74,60.93,61.20,7820100,61.20
2010-10-27,58.59,59.40,58.54,59.40,2599700,59.40
2010-10-26,59.33,59.43,58.34,59.24,2158300,59.24
2010-10-25,59.34,59.96,59.19,59.56,2836300,59.56
2010-10-22,58.64,58.90,58.18,58.74,1692800,58.74
2010-10-21,58.35,58.91,57.98,58.71,2344600,58.71
2010-10-20,58.70,59.21,58.05,58.12,4444400,58.12
2010-10-19,59.98,60.00,58.34,58.72,4102800,58.72
2010-10-18,58.42,59.89,58.14,59.70,3186600,59.70
2010-10-15,58.32,58.33,57.54,58.21,3727400,58.21
2010-10-14,58.34,58.67,57.67,57.95,3918700,57.95
2010-10-13,58.06,58.69,57.73,58.23,2824100,58.23
2010-10-12,57.42,58.20,56.60,57.88,3346700,57.88
2010-10-11,57.64,57.73,57.28,57.65,1637700,57.65
2010-10-08,57.69,58.15,57.21,57.83,2057800,57.83
2010-10-07,57.86,58.17,57.30,57.53,2480100,57.53
2010-10-06,58.50,58.84,57.29,57.80,2745000,57.80
2010-10-05,58.11,59.00,57.66,58.72,3560000,58.72
2010-10-04,58.00,58.28,56.84,57.37,2389400,57.37
2010-10-01,58.21,58.54,57.60,58.10,2586400,58.10
2010-09-30,57.86,58.39,57.18,57.61,2774600,57.61
2010-09-29,57.99,58.35,57.12,57.43,2500000,57.43
2010-09-28,58.00,59.00,57.46,58.28,2789400,58.28
2010-09-27,58.24,58.53,57.64,57.64,2007200,57.64
2010-09-24,57.45,58.68,57.27,58.46,3007700,58.46
2010-09-23,56.65,57.72,56.24,57.03,2371000,57.03
2010-09-22,57.08,57.59,56.79,56.92,3233700,56.92
2010-09-21,56.02,57.11,55.72,56.85,3369100,56.85
2010-09-20,55.51,56.14,55.13,56.02,2775400,56.02
2010-09-17,55.07,55.29,54.76,55.25,3552100,55.25
2010-09-16,54.79,55.11,54.46,54.83,1843400,54.83
2010-09-15,54.05,55.01,53.94,54.91,2685300,54.91
2010-09-14,54.41,55.03,54.14,54.32,3534800,54.32
2010-09-13,55.59,55.85,54.60,54.64,3389800,54.64
2010-09-10,54.10,55.50,53.83,55.45,3467500,55.45
2010-09-09,54.59,54.72,53.80,53.89,2247000,53.89
2010-09-08,53.15,54.13,53.05,53.98,2237900,53.98
2010-09-07,53.21,53.35,52.63,52.93,2207300,52.93
2010-09-03,53.04,53.48,52.66,53.28,2162500,53.28
2010-09-02,52.49,53.03,52.02,53.03,1982900,53.03
2010-09-01,52.20,53.12,51.80,52.73,3227800,52.73
2010-08-31,50.63,51.85,50.63,51.47,4078800,51.47
2010-08-30,51.62,51.91,50.84,50.84,2609800,50.84
2010-08-27,50.84,52.24,50.27,51.84,3328400,51.84
2010-08-26,51.81,51.86,49.50,50.62,7091800,50.62
2010-08-25,51.27,52.06,51.02,51.77,3605500,51.77
2010-08-24,53.20,53.20,50.77,51.05,7361000,51.05
2010-08-23,53.90,54.79,53.45,53.50,1976000,53.50
2010-08-20,53.83,54.06,53.03,53.67,3303500,53.67
2010-08-19,55.00,55.17,53.58,53.91,4056900,53.91
2010-08-18,55.27,55.92,54.77,55.17,3220400,55.17
2010-08-17,55.90,55.94,55.12,55.39,3001200,55.39
2010-08-16,55.26,55.78,54.75,55.49,2145000,55.49
2010-08-13,55.64,56.49,55.61,55.67,1733800,55.67
2010-08-12,54.54,56.51,54.25,56.07,2476000,56.07
2010-08-11,56.89,57.05,55.22,55.51,3048300,55.51
2010-08-10,56.81,58.01,56.15,57.81,3305500,57.81
2010-08-09,57.00,57.16,56.28,57.11,2219300,57.11
2010-08-06,55.07,56.75,54.89,56.67,3318600,56.67
2010-08-05,56.29,56.43,55.71,56.04,2082200,56.04
2010-08-04,56.17,57.02,56.11,56.59,2746500,56.59
2010-08-03,56.16,56.46,55.80,56.26,2388800,56.26
2010-08-02,55.90,56.69,55.75,56.32,3437400,56.32
2010-07-30,53.25,55.49,52.80,55.15,5224100,55.15
2010-07-29,54.65,54.89,52.56,53.70,5626400,53.70
2010-07-28,54.28,54.58,52.75,52.85,3270700,52.85
2010-07-27,54.44,54.74,53.60,54.20,2477500,54.20
2010-07-26,53.00,54.55,52.71,54.49,3707200,54.49
2010-07-23,52.07,52.92,51.63,52.75,3710800,52.75
2010-07-22,51.44,52.90,51.26,52.34,2730000,52.34
2010-07-21,52.02,52.38,50.85,51.09,4022500,51.09
2010-07-20,51.88,52.15,51.23,52.06,2933100,52.06
2010-07-19,52.27,52.80,52.12,52.60,2248900,52.60
2010-07-16,53.31,53.82,51.79,52.04,5210100,52.04
2010-07-15,52.38,53.36,52.28,53.29,4372800,53.29
2010-07-14,52.11,52.61,51.72,52.13,2439200,52.13
2010-07-13,51.45,52.95,51.33,52.34,3774700,52.34
2010-07-12,51.67,51.68,50.69,51.11,3222800,51.11
2010-07-09,50.40,51.24,50.12,51.18,3291500,51.18
2010-07-08,49.69,50.12,49.15,50.05,3132700,50.05
2010-07-07,49.23,49.59,48.02,49.48,4447100,49.48
2010-07-06,51.03,51.05,48.72,49.02,4763000,49.02
2010-07-02,49.84,51.13,49.65,50.74,4412000,50.74
2010-07-01,50.29,50.48,48.56,49.62,7017400,49.62
2010-06-30,50.92,52.00,49.54,50.82,11520400,50.82
2010-06-29,55.08,55.49,52.90,53.24,4833100,53.24
2010-06-28,56.07,56.74,55.12,55.89,3000800,55.89
2010-06-25,54.79,56.58,54.47,56.07,4264900,56.07
2010-06-24,55.03,55.45,54.55,54.79,2953600,54.79
2010-06-23,54.50,55.53,54.02,55.38,3985300,55.38
2010-06-22,55.17,56.05,54.52,54.61,3286300,54.61
2010-06-21,55.68,56.00,54.53,54.88,2449100,54.88
2010-06-18,55.28,55.87,55.02,55.35,3336100,55.35
2010-06-17,55.96,55.96,54.85,55.37,3271700,55.37
2010-06-16,54.27,55.93,54.27,55.38,3664800,55.38
2010-06-15,53.38,54.86,53.25,54.84,3763300,54.84
2010-06-14,53.40,54.16,52.93,52.99,3646200,52.99
2010-06-11,51.74,53.52,51.64,53.44,3895400,53.44
2010-06-10,51.88,52.67,51.65,52.40,4407700,52.40
2010-06-09,52.80,52.98,51.21,51.47,4277600,51.47
2010-06-08,53.72,53.81,51.92,52.59,5135600,52.59
2010-06-07,54.24,54.97,53.25,53.82,8864100,53.82
2010-06-04,52.78,53.35,51.31,51.55,4697300,51.55
2010-06-03,53.39,53.90,52.50,53.63,3244200,53.63
2010-06-02,51.90,53.65,51.57,53.62,4366400,53.62
2010-06-01,52.56,53.12,51.75,51.88,3114400,51.88
2010-05-28,53.36,53.60,51.83,52.76,5383600,52.76
2010-05-27,52.79,53.59,52.56,53.42,4273800,53.42
2010-05-26,53.46,53.88,51.63,51.66,10265900,51.66
2010-05-25,54.41,54.89,52.77,53.40,8539700,53.40
2010-05-24,55.99,56.12,54.29,55.36,3597000,55.36
2010-05-21,54.81,57.71,54.36,56.15,8458500,56.15
2010-05-20,57.40,57.49,55.76,55.81,4246300,55.81
2010-05-19,57.63,59.07,57.51,58.29,2618500,58.29
2010-05-18,59.69,59.98,57.85,58.00,5383900,58.00
2010-05-17,59.45,59.95,58.58,59.76,6889700,59.76
2010-05-14,58.96,59.63,58.11,59.42,7123800,59.42
2010-05-13,59.68,59.96,59.02,59.02,2590700,59.02
2010-05-12,59.70,60.20,59.16,59.89,4377100,59.89
2010-05-11,58.72,59.48,58.16,59.07,3046000,59.07
2010-05-10,58.94,59.73,58.24,58.86,4213700,58.86
2010-05-07,57.91,58.90,56.35,57.49,4775700,57.49
2010-05-06,59.77,60.12,53.39,58.10,8114200,58.10
2010-05-05,59.83,60.42,58.69,60.24,5191300,60.24
2010-05-04,61.11,61.60,59.49,59.81,4443600,59.81
2010-05-03,61.75,62.32,61.40,61.89,3669700,61.89
2010-04-30,62.06,62.32,61.30,61.99,4880700,61.99
2010-04-29,63.43,63.47,60.64,61.62,7358600,61.62
2010-04-28,58.40,60.04,57.95,59.63,5018500,59.63
2010-04-27,58.90,60.02,58.21,58.39,3506300,58.39
2010-04-26,60.40,60.59,58.95,59.01,3070700,59.01
2010-04-23,58.75,59.82,58.55,59.81,3292100,59.81
2010-04-22,58.70,58.93,57.00,58.66,5766400,58.66
2010-04-21,60.90,60.95,58.45,59.07,7219200,59.07
2010-04-20,61.02,61.21,60.60,61.11,2526200,61.11
2010-04-19,60.83,61.10,60.16,60.67,2132500,60.67
2010-04-16,60.31,61.03,60.18,60.88,4108300,60.88
2010-04-15,60.28,60.91,60.12,60.62,2714100,60.62
2010-04-14,61.30,61.42,59.81,60.29,4440400,60.29
2010-04-13,60.59,61.78,60.45,61.48,2943700,61.48
2010-04-12,61.80,61.89,60.11,60.39,5031100,60.39
2010-04-09,62.07,62.50,61.22,61.89,4775000,61.89
2010-04-08,63.53,63.72,62.05,63.12,4317800,63.12
2010-04-07,63.57,64.00,63.04,63.24,4048000,63.24
2010-04-06,62.72,63.76,62.72,63.40,3549500,63.40
2010-04-05,62.09,62.67,61.75,62.03,2433100,62.03
2010-04-01,62.12,62.40,61.67,62.08,2240500,62.08
2010-03-31,62.20,62.37,61.74,61.96,2582800,61.96
2010-03-30,62.85,63.11,61.98,62.49,3426400,62.49
2010-03-29,62.31,62.79,62.00,62.48,2627300,62.48
2010-03-26,62.99,63.04,61.45,62.14,3498600,62.14
2010-03-25,63.67,63.75,62.70,62.70,3081000,62.70
2010-03-24,64.30,64.64,63.19,63.35,3018300,63.35
2010-03-23,64.56,64.61,63.74,64.41,2693700,64.41
2010-03-22,64.45,65.46,63.67,64.40,3693800,64.40
2010-03-19,65.79,65.79,63.56,64.32,5389200,64.32
2010-03-18,64.77,65.07,64.35,65.02,3161200,65.02
2010-03-17,62.76,64.93,62.59,64.71,4998000,64.71
2010-03-16,62.30,63.10,61.91,62.82,2568100,62.82
2010-03-15,61.33,62.19,61.31,61.95,2307400,61.95
2010-03-12,61.79,61.91,60.96,61.37,2140500,61.37
2010-03-11,61.55,61.92,60.74,61.30,3000100,61.30
2010-03-10,61.91,62.16,61.44,61.91,1928800,61.91
2010-03-09,61.50,62.15,61.32,61.76,1586800,61.76
2010-03-08,61.87,61.94,61.34,61.59,1579700,61.59
2010-03-05,61.06,61.96,61.02,61.91,1621700,61.91
2010-03-04,61.09,61.60,60.67,60.99,1984500,60.99
2010-03-03,61.77,62.09,61.09,61.22,2320100,61.22
2010-03-02,61.32,61.85,61.12,61.49,2100600,61.49
2010-03-01,60.10,61.50,59.71,61.30,3031600,61.30
2010-02-26,59.26,59.66,58.68,59.52,1580600,59.52
2010-02-25,58.79,59.30,58.15,59.29,2364900,59.29
2010-02-24,59.71,60.19,59.09,59.49,2240600,59.49
2010-02-23,59.41,60.49,58.78,59.14,2861200,59.14
2010-02-22,60.37,60.37,59.34,59.68,2516200,59.68
2010-02-19,59.94,60.43,59.20,60.04,3791400,60.04
2010-02-18,58.99,60.50,58.98,59.89,5662000,59.89
2010-02-17,58.10,59.38,57.71,59.08,2876900,59.08
2010-02-16,57.22,57.93,56.22,57.93,2798200,57.93
2010-02-12,56.33,57.00,55.90,56.89,2942000,56.89
2010-02-11,56.30,57.50,55.68,57.17,3158600,57.17
2010-02-10,55.69,57.21,55.48,56.62,4060700,56.62
2010-02-09,55.34,56.33,55.01,55.50,2926800,55.50
2010-02-08,55.18,55.31,54.10,54.77,2335600,54.77
2010-02-05,55.94,56.14,54.03,55.16,4711600,55.16
2010-02-04,57.50,57.77,55.55,55.83,4317900,55.83
2010-02-03,57.35,58.57,57.15,58.31,3445200,58.31
2010-02-02,56.85,57.92,56.31,57.75,2776600,57.75
2010-02-01,56.85,57.40,56.42,56.96,2381700,56.96
2010-01-29,57.07,57.60,56.31,56.78,3243600,56.78
2010-01-28,57.52,58.00,56.59,56.80,4925500,56.80
2010-01-27,57.45,58.19,57.35,58.11,3622700,58.11
2010-01-26,57.71,58.42,57.57,57.86,2920200,57.86
2010-01-25,58.66,58.81,58.00,58.31,4290800,58.31
2010-01-22,58.02,59.08,57.45,58.57,5742900,58.57
2010-01-21,58.49,58.49,57.14,57.79,3796600,57.79
2010-01-20,58.68,59.67,57.21,58.02,3485000,58.02
2010-01-19,57.28,59.25,57.17,58.74,3996400,58.74
2010-01-15,58.40,58.94,56.87,57.52,4493600,57.52
2010-01-14,57.47,58.76,57.40,58.13,3422900,58.13
2010-01-13,57.33,57.98,56.86,57.68,3908300,57.68
2010-01-12,57.05,57.49,55.61,56.99,5379100,56.99
2010-01-11,57.59,58.66,54.38,57.27,9027900,57.27
2010-01-08,56.06,57.43,55.42,57.27,4614400,57.27
2010-01-07,56.11,56.74,55.75,55.89,2500300,55.89
2010-01-06,55.40,56.96,55.39,56.39,4135700,56.39
2010-01-05,55.51,55.73,54.60,55.09,3352900,55.09
2010-01-04,56.64,56.64,55.33,55.74,2416000,55.74
2009-12-31,56.55,56.60,55.63,55.68,1373400,55.68
2009-12-30,56.13,56.72,56.05,56.42,1168600,56.42
2009-12-29,56.73,56.79,56.10,56.12,1717800,56.12
2009-12-28,56.60,56.79,56.40,56.74,1468600,56.74
2009-12-24,56.60,56.95,56.09,56.38,787900,56.38
2009-12-23,56.41,57.14,56.38,56.80,2185700,56.80
2009-12-22,55.98,56.51,55.71,56.29,3154100,56.29
2009-12-21,56.28,56.60,55.92,56.09,3747200,56.09
2009-12-18,54.36,56.16,54.02,55.95,14039900,55.95
2009-12-17,51.62,51.77,50.59,50.62,3816000,50.62
2009-12-16,52.95,53.25,51.61,51.78,4370500,51.78
2009-12-15,53.78,53.99,52.50,52.87,3854100,52.87
2009-12-14,52.89,54.18,52.81,53.88,3568500,53.88
2009-12-11,53.45,53.58,52.36,52.76,4108700,52.76
2009-12-10,54.19,54.24,53.05,53.39,4240700,53.39
2009-12-09,54.00,54.00,52.75,53.73,4360400,53.73
2009-12-08,53.03,54.64,53.00,54.32,9962500,54.32
2009-12-07,56.16,57.07,54.55,55.53,11119400,55.53
2009-12-04,57.17,57.49,55.15,55.97,4348000,55.97
2009-12-03,57.50,57.79,56.35,56.53,3230200,56.53
2009-12-02,56.50,57.33,56.25,57.32,3877100,57.32
2009-12-01,56.02,56.50,55.70,56.30,3718900,56.30
2009-11-30,54.81,55.55,54.62,55.45,3345100,55.45
2009-11-27,53.93,55.68,53.72,54.97,1325800,54.97
2009-11-25,55.28,55.80,55.17,55.75,2174200,55.75
2009-11-24,55.70,55.80,54.89,55.37,2949500,55.37
2009-11-23,55.32,55.87,54.98,55.65,2951300,55.65
2009-11-20,54.67,55.12,54.28,54.91,3146600,54.91
2009-11-19,55.00,55.19,54.31,54.55,2887000,54.55
2009-11-18,55.24,55.37,54.67,55.27,3028000,55.27
2009-11-17,53.65,55.63,53.53,55.25,4256200,55.25
2009-11-16,53.50,54.14,53.25,54.01,2198300,54.01
2009-11-13,53.93,54.06,53.08,53.48,1751000,53.48
2009-11-12,53.96,54.12,53.25,53.73,1876900,53.73
2009-11-11,54.60,54.89,53.23,53.86,2313400,53.86
2009-11-10,54.22,54.84,53.23,53.65,5560100,53.65
2009-11-09,52.77,54.17,52.48,54.14,5488900,54.14
2009-11-06,51.67,53.26,51.55,53.05,3221000,53.05
2009-11-05,51.99,52.14,51.06,51.83,3009600,51.83
2009-11-04,51.19,51.62,50.66,50.89,3707100,50.89
2009-11-03,49.91,50.83,49.77,50.70,3276200,50.70
2009-11-02,51.06,51.96,49.74,50.21,4572600,50.21
2009-10-30,51.09,52.33,50.85,51.05,4846900,51.05
2009-10-29,50.49,51.63,50.09,51.27,3329600,51.27
2009-10-28,51.62,51.99,50.33,50.45,3139400,50.45
2009-10-27,52.68,53.15,51.35,51.79,5029800,51.79
2009-10-26,54.38,55.04,51.51,52.62,7003600,52.62
2009-10-23,55.23,56.74,54.02,54.21,4304500,54.21
2009-10-22,56.46,57.45,55.00,55.91,8008200,55.91
2009-10-21,55.64,55.64,54.28,54.58,4349200,54.58
2009-10-20,56.36,56.63,55.50,55.71,2926600,55.71
2009-10-19,56.57,56.91,55.93,56.56,2763400,56.56
2009-10-16,56.35,56.97,55.75,56.42,3444500,56.42
2009-10-15,55.11,56.50,54.80,56.47,3255200,56.47
2009-10-14,54.79,55.49,54.62,55.34,2260500,55.34
2009-10-13,54.94,55.57,54.26,54.55,2908500,54.55
2009-10-12,54.97,55.44,54.50,55.12,2072600,55.12
2009-10-09,54.57,55.23,54.17,54.78,1715000,54.78
2009-10-08,54.36,55.16,54.25,54.54,3781800,54.54
2009-10-07,53.85,54.09,53.21,53.69,2162600,53.69
2009-10-06,53.42,54.79,53.24,54.04,3266300,54.04
2009-10-05,53.59,54.02,53.11,53.42,3196000,53.42
2009-10-02,54.43,55.00,53.95,54.00,2513000,54.00
2009-10-01,55.54,56.66,54.71,54.99,4458500,54.99
2009-09-30,55.07,56.12,54.55,55.90,4247600,55.90
2009-09-29,55.64,55.65,54.65,55.11,2426200,55.11
2009-09-28,55.03,56.19,54.86,55.68,2457800,55.68
2009-09-25,53.46,54.99,53.36,54.54,3157500,54.54
2009-09-24,54.08,54.31,53.40,53.87,2012500,53.87
2009-09-23,54.66,54.83,53.56,53.58,2969700,53.58
2009-09-22,55.40,55.54,54.11,54.47,2842100,54.47
2009-09-21,53.53,55.95,53.28,55.19,6092800,55.19
2009-09-18,53.08,53.31,52.48,52.54,4118100,52.54
2009-09-17,53.65,53.65,52.48,53.03,3624700,53.03
2009-09-16,52.50,53.98,52.16,53.68,4242600,53.68
2009-09-15,51.81,53.18,51.55,52.32,2916100,52.32
2009-09-14,51.74,52.60,51.71,52.06,3016400,52.06
2009-09-11,51.58,52.07,51.18,52.02,3453300,52.02
2009-09-10,51.51,51.83,51.18,51.50,3629900,51.50
2009-09-09,51.20,52.06,51.16,51.84,2804500,51.84
2009-09-08,51.74,51.89,50.93,51.65,2372000,51.65
2009-09-04,51.15,51.89,50.94,51.74,2107200,51.74
2009-09-03,50.74,51.12,50.12,50.99,2914900,50.99
2009-09-02,50.74,51.71,50.60,51.05,2604800,51.05
2009-09-01,51.84,53.39,50.88,50.97,3760300,50.97
2009-08-31,52.30,52.81,51.69,52.17,2160800,52.17
2009-08-28,53.72,53.98,52.02,52.72,2186500,52.72
2009-08-27,53.75,53.98,52.45,53.53,3169900,53.53
2009-08-26,53.31,54.77,53.21,54.07,2716600,54.07
2009-08-25,53.33,54.07,52.91,53.39,3405000,53.39
2009-08-24,53.15,53.38,52.49,53.00,2684000,53.00
2009-08-21,53.04,53.84,52.47,53.15,3082800,53.15
2009-08-20,53.25,53.26,52.35,52.63,3397600,52.63
2009-08-19,52.06,53.19,51.60,53.06,2509500,53.06
2009-08-18,52.00,52.49,51.62,51.99,2431300,51.99
2009-08-17,52.10,52.24,51.45,52.09,2987200,52.09
2009-08-14,52.92,52.94,51.31,52.74,3562800,52.74
2009-08-13,53.91,54.13,52.45,52.74,3741300,52.74
2009-08-12,52.87,54.89,52.87,53.91,3224400,53.91
2009-08-11,53.06,53.69,52.59,53.35,3433100,53.35
2009-08-10,54.20,54.30,52.81,53.15,5256300,53.15
2009-08-07,55.40,55.50,54.17,54.92,2804200,54.92
2009-08-06,55.50,55.55,54.22,54.80,5522100,54.80
2009-08-05,57.92,58.16,56.17,56.50,2510800,56.50
2009-08-04,56.92,58.02,56.84,57.79,2530400,57.79
2009-08-03,57.30,57.39,56.22,57.28,3418900,57.28
2009-07-31,57.95,58.00,56.81,56.96,3609300,56.96
2009-07-30,57.91,58.31,57.16,57.68,3888600,57.68
2009-07-29,56.90,57.53,56.15,57.32,4249800,57.32
2009-07-28,54.55,57.17,54.41,57.05,5454500,57.05
2009-07-27,54.68,55.29,53.89,54.99,3932200,54.99
2009-07-24,55.79,55.94,53.95,54.64,6384200,54.64
2009-07-23,53.58,56.11,53.50,55.97,15924100,55.97
2009-07-22,47.59,48.40,47.14,47.18,4976500,47.18
2009-07-21,47.35,47.64,46.54,47.39,3459200,47.39
2009-07-20,46.84,47.24,46.15,47.11,3079300,47.11
2009-07-17,47.06,47.37,46.64,46.83,3214100,46.83
2009-07-16,46.29,47.15,46.09,47.04,2867500,47.04
2009-07-15,46.40,46.51,45.31,46.32,4344200,46.32
2009-07-14,46.96,47.41,45.86,46.02,4093200,46.02
2009-07-13,46.04,47.25,45.27,47.15,4633200,47.15
2009-07-10,46.13,46.59,45.62,46.10,2675800,46.10
2009-07-09,46.19,46.73,45.71,46.49,3058300,46.49
2009-07-08,46.24,47.20,45.84,46.22,6330700,46.22
2009-07-07,47.13,47.56,45.75,46.24,3813600,46.24
2009-07-06,46.60,47.66,46.33,47.32,3192200,47.32
2009-07-02,47.40,47.59,46.50,46.73,3753500,46.73
2009-07-01,48.25,48.52,47.68,48.10,3158600,48.10
2009-06-30,48.11,48.77,47.43,47.84,3881100,47.84
2009-06-29,47.92,48.54,46.77,48.33,3773800,48.33
2009-06-26,47.95,48.08,47.27,48.03,3263100,48.03
2009-06-25,46.89,47.98,46.51,47.97,3664900,47.97
2009-06-24,46.72,47.29,46.53,47.03,3892200,47.03
2009-06-23,46.43,47.78,46.40,46.84,4477900,46.84
2009-06-22,46.50,46.86,46.02,46.46,4598000,46.46
2009-06-19,46.45,47.93,46.42,46.94,6787500,46.94
2009-06-18,45.20,46.39,44.87,46.21,5322800,46.21
2009-06-17,42.98,45.75,42.98,44.94,7268800,44.94
2009-06-16,42.59,43.31,42.13,43.12,5113300,43.12
2009-06-15,42.62,43.00,42.00,42.23,3088400,42.23
2009-06-12,43.64,43.64,42.68,43.23,3608900,43.23
2009-06-11,43.31,43.70,42.48,43.32,4938700,43.32
2009-06-10,44.36,44.55,42.69,43.23,5061600,43.23
2009-06-09,44.38,44.68,43.67,44.25,3170700,44.25
2009-06-08,44.54,45.29,43.74,44.01,4227600,44.01
2009-06-05,45.24,45.24,43.53,44.35,4895200,44.35
2009-06-04,45.74,46.08,44.50,45.11,4616400,45.11
2009-06-03,44.11,45.65,44.00,45.28,4831200,45.28
2009-06-02,42.61,44.58,42.51,44.28,6194200,44.28
2009-06-01,42.41,43.00,42.12,42.60,3633600,42.60
2009-05-29,41.50,42.24,41.00,42.24,3657300,42.24
2009-05-28,40.82,42.17,40.82,41.77,5500700,41.77
2009-05-27,40.50,41.44,40.02,40.91,4755600,40.91
2009-05-26,38.90,40.60,38.55,40.45,3781100,40.45
2009-05-22,39.86,40.16,39.36,39.43,3015700,39.43
2009-05-21,39.80,40.30,39.34,39.66,3507000,39.66
2009-05-20,40.38,40.75,39.82,40.32,4116900,40.32
2009-05-19,39.65,39.84,39.07,39.46,5099800,39.46
2009-05-18,39.93,40.00,39.03,39.98,4795300,39.98
2009-05-15,40.10,40.71,39.42,39.79,6070000,39.79
2009-05-14,40.00,41.50,40.00,40.70,4512100,40.70
2009-05-13,40.81,41.69,40.08,40.58,4422100,40.58
2009-05-12,41.59,42.06,40.66,41.71,4373500,41.71
2009-05-11,40.40,42.76,40.40,41.61,4845100,41.61
2009-05-08,40.17,42.54,40.10,41.42,9082100,41.42
2009-05-07,39.47,42.07,39.35,41.80,9254200,41.80
2009-05-06,39.63,39.75,38.50,39.11,4833900,39.11
2009-05-05,38.92,39.93,38.88,39.44,3779000,39.44
2009-05-04,39.99,40.10,38.50,39.14,8037700,39.14
2009-05-01,41.85,41.94,39.25,39.54,7818000,39.54
2009-04-30,43.08,43.76,41.50,42.72,8516600,42.72
2009-04-29,42.20,42.98,41.37,42.40,5299300,42.40
2009-04-28,40.91,42.20,40.48,41.74,4694000,41.74
2009-04-27,39.00,41.25,39.00,40.81,5194400,40.81
2009-04-24,39.40,40.00,39.05,39.86,5774800,39.86
2009-04-23,39.87,40.25,38.93,39.45,6191800,39.45
2009-04-22,39.29,40.55,39.12,39.85,7009500,39.85
2009-04-21,38.12,38.41,37.62,38.14,4693500,38.14
2009-04-20,38.01,38.68,37.75,38.01,4733300,38.01
2009-04-17,38.41,38.90,37.62,38.30,6672600,38.30
2009-04-16,39.29,39.50,38.10,38.33,5616100,38.33
2009-04-15,38.79,39.09,38.22,38.70,6516700,38.70
2009-04-14,40.46,40.69,38.91,39.01,7366800,39.01
2009-04-13,40.45,41.77,40.35,40.96,4910200,40.96
2009-04-09,41.25,41.48,40.50,40.80,5048300,40.80
2009-04-08,40.92,41.05,40.05,40.68,5541200,40.68
2009-04-07,42.00,42.09,40.36,40.48,7999700,40.48
2009-04-06,41.29,42.43,41.29,42.31,7342300,42.31
2009-04-03,41.12,42.25,40.90,42.15,10860400,42.15
2009-04-02,39.09,40.99,39.08,40.77,14431400,40.77
2009-04-01,38.72,39.25,36.90,38.47,39982300,38.47
2009-03-31,45.74,45.81,44.14,44.40,5288100,44.40
2009-03-30,45.57,45.83,44.45,45.35,4465800,45.35
2009-03-27,45.63,46.86,45.25,46.04,4873800,46.04
2009-03-26,46.15,46.72,44.92,46.45,7136500,46.45
2009-03-25,47.12,47.46,44.29,45.93,6318100,45.93
2009-03-24,47.19,47.81,46.19,46.24,4036900,46.24
2009-03-23,46.24,48.18,45.31,48.04,5901600,48.04
2009-03-20,46.00,46.89,45.25,45.52,6143800,45.52
2009-03-19,47.52,47.52,45.38,45.70,5055900,45.70
2009-03-18,47.78,48.40,46.65,47.17,6052500,47.17
2009-03-17,46.53,48.55,46.33,48.42,4224900,48.42
2009-03-16,48.26,48.62,46.41,46.41,4912900,46.41
2009-03-13,47.71,48.56,46.62,48.20,6930900,48.20
2009-03-12,42.07,47.68,42.02,47.16,10916600,47.16
2009-03-11,42.31,44.36,41.96,42.23,7284300,42.23
2009-03-10,40.79,42.84,40.40,42.31,8605300,42.31
2009-03-09,40.07,42.06,39.67,39.96,5927400,39.96
2009-03-06,40.04,41.29,39.32,41.16,8099600,41.16
2009-03-05,41.80,41.82,39.60,39.95,9217000,39.95
2009-03-04,42.82,43.51,41.80,42.44,6666300,42.44
2009-03-03,42.72,43.52,42.02,42.32,8014700,42.32
2009-03-02,43.72,44.39,41.34,42.15,10437400,42.15
2009-02-27,46.59,47.62,44.33,44.73,12686500,44.73
2009-02-26,51.27,51.81,48.73,48.74,6928900,48.74
2009-02-25,52.85,52.85,50.87,51.36,6052300,51.36
2009-02-24,52.80,54.00,51.37,52.79,7122600,52.79
2009-02-23,54.26,54.61,52.44,52.75,5250400,52.75
2009-02-20,53.34,54.50,52.96,53.99,6731700,53.99
2009-02-19,53.44,54.24,53.09,53.48,4229500,53.48
2009-02-18,52.38,53.24,51.80,52.94,4548900,52.94
2009-02-17,51.49,52.67,50.12,51.87,5218600,51.87
2009-02-13,52.86,53.50,52.05,52.31,2484100,52.31
2009-02-12,52.12,53.30,51.52,53.30,4221500,53.30
2009-02-11,52.86,53.35,51.63,52.48,3619700,52.48
2009-02-10,54.00,54.84,52.18,52.48,5071000,52.48
2009-02-09,55.06,55.35,53.77,54.29,3537800,54.29
2009-02-06,55.19,56.05,54.46,55.35,5837300,55.35
2009-02-05,52.96,55.20,52.50,55.08,5245900,55.08
2009-02-04,53.18,54.25,52.50,53.51,4706600,53.51
2009-02-03,53.18,53.59,52.28,53.16,5097400,53.16
2009-02-02,52.84,53.88,52.46,53.47,3856100,53.47
2009-01-30,52.90,53.95,51.69,52.95,5704300,52.95
2009-01-29,51.59,53.37,51.46,52.13,3853700,52.13
2009-01-28,51.62,52.50,50.76,52.20,4386100,52.20
2009-01-27,51.00,51.65,50.01,51.25,3714600,51.25
2009-01-26,49.60,51.18,49.39,50.34,3388300,50.34
2009-01-23,48.50,50.14,48.07,49.55,4256400,49.55
2009-01-22,48.60,50.13,48.17,49.19,4576100,49.19
2009-01-21,48.82,49.90,47.58,49.80,5024400,49.80
2009-01-20,49.82,50.75,48.33,48.33,5394600,48.33
2009-01-16,50.70,50.71,49.15,50.25,5853100,50.25
2009-01-15,48.56,50.20,47.91,49.92,5286900,49.92
2009-01-14,50.11,50.39,48.37,48.62,5414400,48.62
2009-01-13,49.21,51.68,49.21,50.36,5658700,50.36
2009-01-12,50.29,51.39,48.39,49.67,9992600,49.67
2009-01-09,51.07,51.63,49.10,50.27,6407600,50.27
2009-01-08,49.87,51.11,48.51,51.11,6682700,51.11
2009-01-07,50.10,51.87,50.01,51.50,6529400,51.50
2009-01-06,54.05,54.25,50.18,50.47,11071700,50.47
2009-01-05,56.47,56.49,54.02,54.36,4776400,54.36
2009-01-02,54.94,56.60,53.64,56.49,3363300,56.49
2008-12-31,54.64,55.91,54.00,55.28,3687000,55.28
2008-12-30,53.01,54.71,52.00,54.62,2838900,54.62
2008-12-29,53.60,53.91,51.95,52.48,2532600,52.48
2008-12-26,54.02,54.35,53.42,54.01,1252600,54.01
2008-12-24,53.44,54.24,53.44,53.72,1330100,53.72
2008-12-23,53.28,53.95,52.75,53.48,3452600,53.48
2008-12-22,54.47,54.70,51.34,52.77,3859900,52.77
2008-12-19,54.27,55.80,54.09,54.67,7597000,54.67
2008-12-18,53.39,54.65,53.15,54.09,5197900,54.09
2008-12-17,52.05,54.00,51.97,53.04,4733000,53.04
2008-12-16,48.28,52.75,48.12,52.73,8188400,52.73
2008-12-15,49.94,49.94,47.63,47.83,4200600,47.83
2008-12-12,46.15,50.13,45.77,49.58,7641400,49.58
2008-12-11,49.33,49.65,46.66,47.25,7444700,47.25
2008-12-10,50.74,51.50,48.80,49.33,5493100,49.33
2008-12-09,52.04,52.64,48.80,50.36,8881800,50.36
2008-12-08,54.92,55.00,51.83,52.68,6106900,52.68
2008-12-05,52.63,54.00,49.87,53.98,6937300,53.98
2008-12-04,52.84,54.91,52.07,52.78,6431900,52.78
2008-12-03,49.66,52.71,49.27,52.60,4207500,52.60
2008-12-02,48.74,51.00,47.86,50.84,5029800,50.84
2008-12-01,50.51,50.99,47.81,47.82,5826400,47.82
2008-11-28,52.60,53.96,51.59,52.10,2054400,52.10
2008-11-26,49.96,52.98,49.80,52.98,3638500,52.98
2008-11-25,50.91,51.83,48.80,50.74,6531500,50.74
2008-11-24,48.88,50.75,47.70,50.30,6509600,50.30
2008-11-21,51.46,51.73,45.44,47.50,12934200,47.50
2008-11-20,55.03,55.95,50.12,51.04,8197100,51.04
2008-11-19,57.66,58.34,55.75,55.76,4761000,55.76
2008-11-18,59.03,59.35,55.82,57.57,6023300,57.57
2008-11-17,57.70,60.42,56.82,58.56,4838200,58.56
2008-11-14,60.54,61.77,58.52,58.86,4240000,58.86
2008-11-13,56.86,60.89,55.18,60.87,6189400,60.87
2008-11-12,57.05,58.25,55.89,55.97,4450400,55.97
2008-11-11,59.55,60.15,57.26,57.48,5223800,57.48
2008-11-10,62.03,62.50,59.38,60.35,3898400,60.35
2008-11-07,61.73,63.09,59.00,60.31,5166400,60.31
2008-11-06,62.20,63.30,59.68,61.11,5053200,61.11
2008-11-05,63.77,64.68,63.17,63.18,4102100,63.18
2008-11-04,65.25,66.50,63.19,64.33,5069100,64.33
2008-11-03,64.37,65.35,63.65,65.23,4432300,65.23
2008-10-31,63.97,64.63,62.30,64.26,5227400,64.26
2008-10-30,63.55,64.71,62.24,63.99,5615300,63.99
2008-10-29,61.21,64.06,59.95,62.22,6908100,62.22
2008-10-28,56.06,61.17,55.02,61.05,7372700,61.05
2008-10-27,55.62,59.20,54.89,54.95,5057000,54.95
2008-10-24,53.77,58.51,53.66,57.47,6456200,57.47
2008-10-23,52.80,58.29,52.25,58.05,11269300,58.05
2008-10-22,53.50,54.00,52.00,53.29,6239500,53.29
2008-10-21,55.30,57.92,54.22,54.50,5264100,54.50
2008-10-20,56.46,57.00,53.12,56.83,5604000,56.83
2008-10-17,54.59,59.91,54.37,55.18,6790200,55.18
2008-10-16,53.46,56.62,50.00,56.54,7934000,56.54
2008-10-15,57.34,57.67,52.50,52.71,7108100,52.71
2008-10-14,62.19,63.00,57.78,57.80,8229400,57.80
2008-10-13,56.66,61.94,56.07,61.46,6604700,61.46
2008-10-10,54.08,59.73,49.47,54.52,12627300,54.52
2008-10-09,59.29,60.04,55.61,56.55,6911300,56.55
2008-10-08,54.69,59.99,54.33,57.95,7502600,57.95
2008-10-07,56.58,57.68,54.79,55.88,6630400,55.88
2008-10-06,59.91,61.17,54.10,55.93,8582900,55.93
2008-10-03,60.62,63.09,60.11,60.46,5159400,60.46
2008-10-02,62.54,63.79,59.22,60.31,4452500,60.31
2008-10-01,63.48,63.50,61.93,63.31,3285800,63.31
2008-09-30,62.52,63.85,62.00,63.28,7282300,63.28
2008-09-29,65.13,66.40,56.00,56.00,5332300,56.00
2008-09-26,64.04,66.49,63.50,66.27,3259500,66.27
2008-09-25,64.67,66.02,64.43,65.05,3832100,65.05
2008-09-24,63.58,65.11,62.88,64.22,4080900,64.22
2008-09-23,64.21,65.49,63.23,63.24,4098400,63.24
2008-09-22,67.85,68.49,64.00,64.01,3898500,64.01
2008-09-19,67.75,68.08,64.28,67.95,13608200,67.95
2008-09-18,65.54,65.95,60.40,64.28,11211500,64.28
2008-09-17,69.98,70.13,64.75,64.77,7057700,64.77
2008-09-16,68.93,71.08,68.00,70.30,5607500,70.30
2008-09-15,70.19,71.15,69.27,69.32,5270100,69.32
2008-09-12,70.33,71.24,70.00,71.15,4359600,71.15
2008-09-11,67.45,70.71,67.45,70.67,4896600,70.67
2008-09-10,67.21,68.83,66.92,68.05,4362300,68.05
2008-09-09,66.60,67.89,65.77,66.92,4567400,66.92
2008-09-08,67.17,67.49,65.52,65.78,5385000,65.78
2008-09-05,67.00,67.79,63.00,66.21,9723500,66.21
2008-09-04,69.12,69.50,67.49,67.49,3151600,67.49
2008-09-03,68.30,69.76,68.15,69.61,3542700,69.61
2008-09-02,69.85,70.71,68.23,68.44,4142200,68.44
2008-08-29,69.74,70.52,69.08,69.30,2553300,69.30
2008-08-28,70.79,70.84,68.83,69.99,5280900,69.99
2008-08-27,71.75,71.75,70.06,70.85,2900100,70.85
2008-08-26,71.18,72.17,70.91,71.64,1997400,71.64
2008-08-25,72.73,73.44,71.00,71.45,2984200,71.45
2008-08-22,72.78,73.60,72.52,73.04,2710300,73.04
2008-08-21,72.11,72.27,70.75,71.91,2918100,71.91
2008-08-20,73.10,73.83,71.31,72.34,3650200,72.34
2008-08-19,73.97,74.85,72.48,72.91,4174200,72.91
2008-08-18,76.38,76.86,74.78,75.28,3584900,75.28
2008-08-15,77.36,77.39,75.54,75.86,3576900,75.86
2008-08-14,75.79,77.25,75.05,77.01,2935500,77.01
2008-08-13,74.61,76.19,74.46,75.69,2592700,75.69
2008-08-12,75.94,76.21,74.61,75.59,3167300,75.59
2008-08-11,75.60,76.00,74.74,75.92,2580400,75.92
2008-08-08,74.13,75.52,74.04,75.15,3603900,75.15
2008-08-07,76.66,76.68,73.73,73.80,5090300,73.80
2008-08-06,76.00,77.38,75.92,76.56,4699700,76.56
2008-08-05,74.00,76.11,73.53,76.07,5472300,76.07
2008-08-04,73.94,74.83,72.08,73.12,3698800,73.12
2008-08-01,75.89,75.99,73.42,73.92,4082600,73.92
2008-07-31,74.59,76.80,74.26,75.49,5401700,75.49
2008-07-30,74.32,74.63,72.60,74.12,4066100,74.12
2008-07-29,72.05,74.70,72.05,73.75,5349600,73.75
2008-07-28,72.16,74.69,71.90,73.51,6252000,73.51
2008-07-25,73.57,74.81,73.57,74.54,6116600,74.54
2008-07-24,71.48,74.50,70.26,73.26,10458400,73.26
2008-07-23,72.40,72.40,69.03,70.45,7718800,70.45
2008-07-22,72.22,72.78,71.56,72.25,4237200,72.25
2008-07-21,71.50,73.39,71.42,71.51,4741400,71.51
2008-07-18,70.88,72.00,70.22,70.85,4145400,70.85
2008-07-17,71.61,72.69,70.81,71.46,4425200,71.46
2008-07-16,72.85,73.00,71.43,71.99,4753300,71.99
2008-07-15,70.77,73.13,70.47,72.88,7246900,72.88
2008-07-14,72.18,72.47,70.16,71.03,3326800,71.03
2008-07-11,72.11,72.45,70.55,71.66,3883900,71.66
2008-07-10,70.82,72.68,70.42,72.63,7532900,72.63
2008-07-09,71.82,72.31,70.43,70.53,5738600,70.53
2008-07-08,69.42,71.84,69.35,71.82,8913600,71.82
2008-07-07,67.72,69.77,67.72,69.19,6014100,69.19
2008-07-03,68.48,68.98,66.93,67.37,4497500,67.37
2008-07-02,69.05,69.24,67.40,67.87,8140900,67.87
2008-07-01,65.90,69.39,65.16,69.26,18506900,69.26
2008-06-30,63.38,64.31,63.33,63.87,4206200,63.87
2008-06-27,61.36,63.77,61.35,63.33,6236300,63.33
2008-06-26,61.46,62.30,61.20,61.75,4338700,61.75
2008-06-25,59.95,62.42,59.33,61.97,4062300,61.97
2008-06-24,59.57,60.40,58.95,59.86,2326200,59.86
2008-06-23,59.73,60.23,59.09,59.74,2932200,59.74
2008-06-20,60.59,60.99,58.63,59.58,5818200,59.58
2008-06-19,60.17,61.00,59.36,60.84,3791000,60.84
2008-06-18,60.58,60.79,59.90,60.02,2703300,60.02
2008-06-17,61.67,61.75,60.37,60.55,2547500,60.55
2008-06-16,59.72,61.99,59.22,61.69,3301200,61.69
2008-06-13,59.13,60.55,58.84,60.27,2792700,60.27
2008-06-12,59.44,60.34,58.48,58.74,3632300,58.74
2008-06-11,60.89,61.13,59.20,59.41,3496900,59.41
2008-06-10,61.10,61.80,60.33,60.89,2389600,60.89
2008-06-09,61.13,61.85,60.13,61.47,3720100,61.47
2008-06-06,62.83,63.00,61.13,61.39,4555300,61.39
2008-06-05,63.30,63.92,62.60,63.35,4162200,63.35
2008-06-04,61.03,62.93,61.03,62.83,5424600,62.83
2008-06-03,61.60,62.07,60.81,61.31,4339100,61.31
2008-06-02,60.49,61.27,60.20,61.20,4335800,61.20
2008-05-30,60.55,61.30,60.10,60.86,3629300,60.86
2008-05-29,59.03,60.76,58.91,60.55,4470100,60.55
2008-05-28,59.68,59.95,58.00,58.53,3097200,58.53
2008-05-27,58.90,59.69,58.77,59.23,3508600,59.23
2008-05-23,57.66,59.31,57.43,58.86,5156900,58.86
2008-05-22,57.17,58.56,57.13,58.10,5217000,58.10
2008-05-21,59.22,59.47,56.88,56.90,6384100,56.90
2008-05-20,59.50,60.25,58.16,59.00,5353500,59.00
2008-05-19,61.00,61.39,59.37,59.97,3694400,59.97
2008-05-16,60.29,61.79,59.61,61.09,6038600,61.09
2008-05-15,60.70,60.90,58.97,59.29,5067600,59.29
2008-05-14,60.60,61.68,60.31,61.00,3948800,61.00
2008-05-13,61.60,62.06,59.43,60.31,5786100,60.31
2008-05-12,62.50,63.18,61.41,61.73,4753400,61.73
2008-05-09,60.99,63.00,60.32,62.49,5623500,62.49
2008-05-08,63.29,63.78,61.59,62.47,6851500,62.47
2008-05-07,65.32,65.41,62.50,63.10,5641700,63.10
2008-05-06,65.27,65.83,64.94,65.64,2869300,65.64
2008-05-05,64.15,65.90,64.15,65.27,3911600,65.27
2008-05-02,64.12,64.66,63.79,64.36,2712000,64.36
2008-05-01,62.07,63.61,61.87,63.61,2898500,63.61
2008-04-30,63.28,63.44,62.00,62.14,3511000,62.14
2008-04-29,63.91,64.13,62.69,63.00,2864500,63.00
2008-04-28,63.43,64.91,63.21,63.95,2462100,63.95
2008-04-25,63.60,64.38,62.52,63.11,2303000,63.11
2008-04-24,63.95,64.40,62.48,63.68,3133500,63.68
2008-04-23,63.48,64.37,62.96,63.56,2696100,63.56
2008-04-22,63.69,63.97,62.85,63.00,2859900,63.00
2008-04-21,63.75,64.44,63.32,64.07,2669400,64.07
2008-04-18,65.45,65.45,64.20,64.45,4381000,64.45
2008-04-17,65.00,65.09,64.06,64.65,2345700,64.65
2008-04-16,63.84,64.98,63.45,64.78,4208600,64.78
2008-04-15,63.22,63.49,62.47,63.19,2259700,63.19
2008-04-14,62.16,63.70,62.10,63.10,2434700,63.10
2008-04-11,63.57,64.18,62.23,62.66,3167000,62.66
2008-04-10,62.00,64.54,61.79,63.89,3747700,63.89
2008-04-09,62.49,62.60,61.41,62.03,2065000,62.03
2008-04-08,62.58,63.40,61.88,62.42,2851600,62.42
2008-04-07,64.60,64.60,62.68,63.15,2850200,63.15
2008-04-04,64.33,64.82,63.30,64.31,3631300,64.31
2008-04-03,64.07,64.47,62.71,63.34,3992500,63.34
2008-04-02,63.46,64.20,62.78,64.10,3954800,64.10
2008-04-01,62.01,63.42,61.30,63.34,5958000,63.34
2008-03-31,61.05,61.37,59.64,61.29,4870600,61.29
2008-03-28,61.29,61.35,59.13,59.44,3284800,59.44
2008-03-27,62.08,62.20,60.90,60.92,3944100,60.92
2008-03-26,60.73,62.08,60.38,61.82,4499100,61.82
2008-03-25,60.52,61.72,59.89,61.34,4701500,61.34
2008-03-24,57.96,60.28,57.76,60.20,5340700,60.20
2008-03-20,57.95,58.43,56.76,57.91,9724100,57.91
2008-03-19,57.74,58.64,57.07,57.68,4466000,57.68
2008-03-18,55.43,57.85,55.10,57.74,5619600,57.74
2008-03-17,54.58,55.99,53.85,54.35,6237500,54.35
2008-03-14,57.56,57.60,55.21,56.30,6160800,56.30
2008-03-13,56.17,58.11,55.85,57.77,6755400,57.77
2008-03-12,56.95,57.37,56.25,56.56,4324800,56.56
2008-03-11,55.70,57.14,54.93,57.14,6228600,57.14
2008-03-10,55.99,56.84,55.15,55.38,5473800,55.38
2008-03-07,54.89,56.78,54.63,56.76,10503000,56.76
2008-03-06,57.50,57.50,54.80,54.93,7129900,54.93
2008-03-05,57.27,57.70,56.57,57.30,4436100,57.30
2008-03-04,56.34,57.39,55.42,57.32,7820100,57.32
2008-03-03,56.43,57.83,56.10,56.30,4589000,56.30
2008-02-29,56.95,57.25,55.76,56.41,6372600,56.41
2008-02-28,56.44,57.81,56.30,57.49,4758700,57.49
2008-02-27,56.29,57.65,56.15,56.98,4779900,56.98
2008-02-26,56.21,57.45,56.10,56.63,4327100,56.63
2008-02-25,55.10,56.87,54.89,56.49,5879500,56.49
2008-02-22,54.93,54.93,53.03,54.26,4936000,54.26
2008-02-21,54.77,54.93,54.01,54.56,4749700,54.56
2008-02-20,55.79,56.71,53.83,54.87,5557700,54.87
2008-02-19,55.86,57.43,55.84,56.10,3125100,56.10
2008-02-15,55.91,56.40,54.91,55.71,3885000,55.71
2008-02-14,57.55,57.75,55.70,56.16,3553200,56.16
2008-02-13,57.70,57.99,56.30,57.36,3453200,57.36
2008-02-12,58.70,58.70,56.63,56.83,4939200,56.83
2008-02-11,58.37,58.88,57.15,58.01,3086000,58.01
2008-02-08,57.96,58.49,57.40,58.37,3411100,58.37
2008-02-07,57.04,58.92,56.61,57.95,5842100,57.95
2008-02-06,56.70,58.68,55.00,57.38,6755100,57.38
2008-02-05,56.01,57.15,55.50,55.61,4618600,55.61
2008-02-04,59.80,59.99,57.18,57.29,6567400,57.29
2008-02-01,56.70,59.99,56.21,59.70,7391500,59.70
2008-01-31,53.61,56.32,53.38,56.11,6395100,56.11
2008-01-30,54.19,55.07,53.43,53.96,5018000,53.96
2008-01-29,54.06,54.91,53.64,54.28,3723900,54.28
2008-01-28,52.22,54.02,51.50,53.98,4543200,53.98
2008-01-25,52.21,52.60,50.53,51.47,4950000,51.47
2008-01-24,53.51,54.13,51.24,52.09,6352000,52.09
2008-01-23,50.79,53.90,50.40,53.60,6595600,53.60
2008-01-22,50.05,53.50,50.00,52.28,7186800,52.28
2008-01-18,55.38,56.00,53.37,54.75,7562800,54.75
2008-01-17,54.75,55.95,54.75,55.62,7426700,55.62
2008-01-16,53.75,55.95,53.14,54.66,7864200,54.66
2008-01-15,54.11,54.25,52.58,53.48,4854300,53.48
2008-01-14,54.95,55.00,53.28,53.98,4753100,53.98
2008-01-11,52.67,55.32,52.31,54.27,8343000,54.27
2008-01-10,52.13,52.92,51.02,52.80,7474800,52.80
2008-01-09,49.65,52.07,49.37,51.50,6601800,51.50
2008-01-08,50.91,51.47,49.60,49.61,7258000,49.61
2008-01-07,52.26,52.69,50.11,50.49,11662600,50.49
2008-01-04,49.62,50.40,48.95,49.65,7974400,49.65
2008-01-03,47.15,49.88,46.95,49.85,9603700,49.85
2008-01-02,46.07,47.59,46.07,46.30,7083300,46.30
