Date,Open,High,Low,Close,Volume,Adj Close
2013-12-31,27.08,27.26,26.80,27.14,6110400,26.96
2013-12-30,27.55,27.82,27.01,27.05,6551600,26.87
2013-12-27,27.71,27.73,27.41,27.49,3888100,27.30
2013-12-26,27.58,27.72,27.20,27.72,5960200,27.53
2013-12-24,27.34,27.69,27.23,27.61,2025700,27.42
2013-12-23,27.28,27.70,27.25,27.43,6025700,27.24
2013-12-20,27.29,27.39,27.08,27.11,8467500,26.93
2013-12-19,26.57,27.32,26.55,27.21,9256500,27.03
2013-12-18,26.66,26.73,26.22,26.64,11162700,26.46
2013-12-17,26.75,27.01,26.29,26.36,10605800,26.18
2013-12-16,27.01,27.19,26.68,26.77,6311700,26.59
2013-12-13,26.65,27.05,26.46,27.00,5612600,26.82
2013-12-12,26.52,26.87,26.49,26.73,5480300,26.55
2013-12-11,26.81,26.85,26.35,26.44,6410600,26.26
2013-12-10,26.41,27.10,26.41,26.81,7833200,26.63
2013-12-09,26.54,26.60,26.27,26.38,7543900,26.20
2013-12-06,27.23,27.34,26.29,26.48,10424400,26.30
2013-12-05,27.07,27.17,26.87,27.05,9051300,26.87
2013-12-04,27.00,27.26,26.92,27.10,7835100,26.92
2013-12-03,26.63,27.06,26.48,27.01,7670200,26.83
2013-12-02,26.99,27.22,26.68,26.78,10243600,26.60
2013-11-29,26.63,27.02,26.37,26.87,4862100,26.69
2013-11-27,26.20,26.76,26.02,26.65,13445900,26.47
2013-11-26,26.18,26.48,26.05,26.31,4886300,26.13
2013-11-25,26.33,26.45,25.78,26.27,7003900,26.09
2013-11-22,26.32,26.61,25.91,26.30,6599800,26.12
2013-11-21,25.70,26.55,25.68,26.33,9787400,26.15
2013-11-20,25.50,25.85,25.46,25.55,7659700,25.38
2013-11-19,25.38,25.53,25.06,25.30,12390100,25.13
2013-11-18,25.94,26.02,25.31,25.42,9250300,25.25
2013-11-15,26.07,26.18,25.70,25.88,7493000,25.71
2013-11-14,25.92,26.14,25.70,25.95,7860700,25.77
2013-11-13,25.46,25.93,25.35,25.92,11979200,25.75
2013-11-12,25.76,25.87,25.44,25.55,8187700,25.38
2013-11-11,25.76,25.81,25.52,25.69,8572400,25.52
2013-11-08,25.49,26.08,25.49,25.71,10319500,25.54
2013-11-07,26.27,26.38,25.19,25.40,19681700,25.23
2013-11-06,28.50,28.55,26.05,26.23,30954900,26.05
2013-11-05,28.76,28.83,28.13,28.14,9550800,27.95
2013-11-04,28.00,29.06,27.95,28.84,11897200,28.65
2013-11-01,27.90,28.10,27.55,28.00,6761700,27.81
2013-10-31,28.19,28.27,27.67,27.96,6328000,27.77
2013-10-30,28.36,28.65,27.77,28.15,7829400,27.96
2013-10-29,28.25,28.50,28.20,28.32,6020300,28.13
2013-10-28,28.26,28.47,28.11,28.16,7179800,27.97
2013-10-25,28.40,28.69,28.15,28.47,8262500,28.28
2013-10-24,27.65,28.68,27.32,28.37,12541400,28.18
2013-10-23,28.01,28.04,27.21,27.29,10858800,27.11
2013-10-22,27.93,28.30,27.73,28.19,10858600,28.00
2013-10-21,28.30,28.71,27.94,28.05,8884100,27.86
2013-10-18,28.51,28.61,28.05,28.25,25341400,28.06
2013-10-17,27.43,27.78,27.25,27.63,9127500,27.44
2013-10-16,26.76,27.61,26.68,27.53,12640700,27.34
2013-10-15,26.43,27.05,26.29,26.50,8584500,26.32
2013-10-14,26.25,26.57,26.15,26.45,5116400,26.27
2013-10-11,26.13,26.73,25.99,26.47,6831300,26.29
2013-10-10,26.25,26.50,26.15,26.41,6413300,26.23
2013-10-09,25.93,26.25,25.65,25.99,10101100,25.73
2013-10-08,26.30,26.53,26.03,26.05,8970600,25.79
2013-10-07,26.16,26.57,26.11,26.27,5653500,26.01
2013-10-04,26.26,26.67,26.07,26.50,4236700,26.23
2013-10-03,26.09,26.27,25.86,26.18,5751900,25.92
2013-10-02,26.13,26.32,25.83,26.17,6053200,25.91
2013-10-01,25.83,26.58,25.83,26.24,5417200,25.98
2013-09-30,25.92,26.00,25.63,25.88,6755200,25.62
2013-09-27,26.23,26.41,26.07,26.21,5889800,25.95
2013-09-26,26.60,26.64,26.07,26.41,6550300,26.14
2013-09-25,26.40,26.68,26.34,26.50,7125900,26.23
2013-09-24,26.41,26.66,26.16,26.38,6658100,26.11
2013-09-23,26.52,26.64,26.30,26.38,5955700,26.11
2013-09-20,26.97,27.10,26.53,26.58,10208300,26.31
2013-09-19,27.28,27.46,26.84,26.90,7563900,26.63
2013-09-18,27.15,27.45,26.88,27.30,8969700,27.02
2013-09-17,26.61,27.27,26.58,27.16,10994700,26.89
2013-09-16,26.86,26.94,26.47,26.52,8926800,26.25
2013-09-13,26.91,27.07,26.57,26.67,9602200,26.40
2013-09-12,26.93,27.06,26.57,26.92,12911900,26.65
2013-09-11,26.40,27.29,26.37,26.89,15588200,26.62
2013-09-10,26.48,26.53,26.04,26.34,12616900,26.07
2013-09-09,26.10,26.50,26.10,26.40,9518300,26.13
2013-09-06,26.21,26.38,25.93,26.03,7713600,25.77
2013-09-05,26.18,26.24,26.02,26.17,9130200,25.91
2013-09-04,26.09,26.18,26.00,26.12,5969200,25.86
2013-09-03,26.07,26.41,26.02,26.16,7290600,25.90
2013-08-30,25.97,26.01,25.74,25.81,6928800,25.55
2013-08-29,26.34,26.34,25.76,25.95,9647700,25.69
2013-08-28,26.02,26.46,25.96,26.34,7628700,26.07
2013-08-27,26.11,26.36,25.94,26.02,8381800,25.76
2013-08-26,26.32,26.63,26.25,26.35,10572000,26.08
2013-08-23,25.59,26.26,25.39,26.23,12474500,25.97
2013-08-22,25.33,25.67,25.14,25.51,6894200,25.25
2013-08-21,24.65,25.50,24.65,25.25,10881200,25.00
2013-08-20,24.77,25.50,24.76,25.26,11132700,25.01
2013-08-19,25.58,25.58,24.74,24.77,9158600,24.52
2013-08-16,24.94,25.30,24.86,25.00,14664900,24.75
2013-08-15,24.69,25.08,24.53,24.99,8975500,24.74
2013-08-14,25.00,25.09,24.89,24.91,9648200,24.66
2013-08-13,25.05,25.23,24.94,25.03,9071700,24.78
2013-08-12,24.89,25.27,24.88,25.02,6651100,24.77
2013-08-09,25.03,25.20,24.85,25.00,9349400,24.75
2013-08-08,25.02,25.19,24.65,25.01,9381900,24.76
2013-08-07,24.85,24.90,24.39,24.85,16735700,24.60
2013-08-06,25.48,25.59,24.86,25.15,10852200,24.90
2013-08-05,24.93,25.64,24.79,25.48,10875200,25.22
2013-08-02,24.86,25.30,24.75,24.95,20150000,24.70
2013-08-01,24.06,25.20,24.02,24.95,35156400,24.70
2013-07-31,23.16,23.54,23.10,23.30,15875900,23.07
2013-07-30,22.76,23.06,22.63,23.05,10169000,22.82
2013-07-29,22.73,22.83,22.61,22.75,6974300,22.52
2013-07-26,22.44,22.86,22.34,22.85,8421200,22.62
2013-07-25,22.20,22.64,22.13,22.59,7571400,22.36
2013-07-24,22.38,22.54,22.09,22.20,5695100,21.98
2013-07-23,22.41,22.64,22.30,22.32,5392200,22.10
2013-07-22,22.55,22.57,22.21,22.40,9649500,22.17
2013-07-19,22.42,22.59,22.10,22.58,7703800,22.35
2013-07-18,21.86,22.48,21.86,22.33,8127700,22.11
2013-07-17,21.80,21.94,21.68,21.75,5470100,21.53
2013-07-16,21.57,21.91,21.57,21.75,6692700,21.53
2013-07-15,21.33,21.77,21.19,21.68,8808700,21.46
2013-07-12,21.30,21.49,21.11,21.24,4694900,21.03
2013-07-11,21.61,21.65,21.07,21.29,6912900,21.08
2013-07-10,21.15,21.70,21.15,21.40,8311300,21.10
2013-07-09,20.96,21.20,20.89,21.14,9081800,20.84
2013-07-08,21.16,21.24,20.90,20.93,6285700,20.63
2013-07-05,21.11,21.24,20.86,21.04,8187500,20.74
2013-07-03,20.91,21.17,20.84,21.01,7453900,20.71
2013-07-02,20.77,21.04,20.69,20.92,6544400,20.63
2013-07-01,20.46,20.85,20.30,20.77,7412700,20.48
2013-06-28,20.48,20.57,20.14,20.38,11869900,20.09
2013-06-27,20.46,20.90,20.46,20.58,15568600,20.29
2013-06-26,20.08,20.67,20.08,20.37,12956000,20.08
2013-06-25,19.81,19.92,19.61,19.79,7988100,19.51
2013-06-24,19.83,19.91,19.32,19.60,10367900,19.32
2013-06-21,20.23,20.32,19.80,20.22,10920000,19.93
2013-06-20,20.53,20.53,19.85,20.08,13308300,19.80
2013-06-19,21.24,21.44,20.79,20.80,8180600,20.51
2013-06-18,21.08,21.38,21.04,21.25,7216400,20.95
2013-06-17,20.89,21.18,20.89,21.04,10766700,20.74
2013-06-14,21.02,21.29,20.50,20.68,11105400,20.39
2013-06-13,21.01,21.12,20.81,21.00,18244900,20.70
2013-06-12,21.50,21.52,20.94,21.08,11888800,20.78
2013-06-11,21.64,21.64,21.29,21.30,13294700,21.00
2013-06-10,22.08,22.13,21.74,21.92,10177600,21.61
2013-06-07,21.78,22.14,21.55,22.00,7418700,21.69
2013-06-06,21.52,21.68,21.19,21.67,12217500,21.36
2013-06-05,21.65,21.72,21.37,21.52,12747000,21.22
2013-06-04,22.16,22.28,21.50,21.72,13157100,21.41
2013-06-03,21.98,22.20,21.60,22.18,12169300,21.87
2013-05-31,22.67,22.72,21.84,21.84,23246800,21.53
2013-05-30,22.57,22.72,22.33,22.53,15441000,22.21
2013-05-29,22.02,22.86,22.02,22.58,15576500,22.26
2013-05-28,21.90,22.30,21.83,22.16,15652900,21.85
2013-05-24,21.49,21.69,21.15,21.67,10706100,21.36
2013-05-23,20.85,21.78,20.56,21.66,21234500,21.35
2013-05-22,21.30,21.63,20.95,21.10,26216500,20.80
2013-05-21,20.97,21.20,20.82,20.85,12463400,20.56
2013-05-20,20.45,21.15,20.27,20.80,14887600,20.51
2013-05-17,20.01,20.42,19.90,20.27,9756400,19.98
2013-05-16,20.24,20.33,19.78,19.89,16391400,19.61
2013-05-15,20.68,20.76,20.47,20.66,7316500,20.37
2013-05-14,20.56,20.96,20.51,20.76,10011200,20.47
2013-05-13,20.15,20.62,20.06,20.56,19322500,20.27
2013-05-10,19.53,20.25,19.29,20.15,11376800,19.87
2013-05-09,19.18,19.76,19.15,19.58,10795300,19.30
2013-05-08,19.19,19.44,19.12,19.19,9971100,18.92
2013-05-07,19.45,19.55,18.92,19.13,9637100,18.86
2013-05-06,19.23,19.53,19.13,19.44,9623900,19.17
2013-05-03,19.22,19.50,19.03,19.25,11015600,18.98
2013-05-02,19.21,19.39,18.85,19.15,9082300,18.88
2013-05-01,19.90,19.98,18.86,19.19,16336100,18.92
2013-04-30,19.36,19.54,18.99,19.54,9472200,19.26
2013-04-29,19.27,19.56,19.04,19.33,6251900,19.06
2013-04-26,19.24,19.30,18.83,19.25,6427700,18.98
2013-04-25,19.43,19.64,19.20,19.28,7099500,19.01
2013-04-24,18.98,19.34,18.97,19.29,6278300,19.02
2013-04-23,18.66,18.96,18.52,18.94,7601300,18.67
2013-04-22,18.59,18.79,18.34,18.60,7262100,18.34
2013-04-19,18.96,18.99,18.39,18.59,10199300,18.33
2013-04-18,18.51,19.13,18.21,18.96,10324400,18.69
2013-04-17,18.81,18.90,18.41,18.47,13120800,18.21
2013-04-16,19.17,19.42,18.55,19.06,9935200,18.79
2013-04-15,19.40,19.41,18.93,18.93,10196700,18.66
2013-04-12,19.97,20.07,19.58,19.68,10125400,19.40
2013-04-11,20.36,20.36,19.96,20.14,6344100,19.86
2013-04-10,20.24,20.55,20.19,20.36,7916000,19.99
2013-04-09,19.77,20.29,19.56,20.14,9301600,19.77
2013-04-08,19.75,19.94,19.44,19.75,9363200,19.39
2013-04-05,19.12,19.88,19.03,19.75,11556200,19.39
2013-04-04,19.16,19.43,18.91,19.32,8600800,18.97
2013-04-03,19.90,19.94,19.11,19.18,12886500,18.83
2013-04-02,20.42,20.50,19.82,19.96,10484700,19.59
2013-04-01,20.40,20.64,20.26,20.35,10047300,19.98
2013-03-28,20.44,20.53,20.20,20.41,16504000,20.04
2013-03-27,20.62,20.67,20.38,20.53,7962700,20.15
2013-03-26,20.37,20.77,20.23,20.73,9289700,20.35
2013-03-25,20.54,20.80,20.24,20.35,8646500,19.98
2013-03-22,20.82,20.92,20.26,20.39,8946500,20.02
2013-03-21,20.79,21.15,20.65,20.66,11143600,20.28
2013-03-20,20.56,21.03,20.52,20.88,16529400,20.50
2013-03-19,21.79,21.95,20.79,21.04,20600400,20.65
2013-03-18,21.97,22.67,21.95,22.17,14283900,21.76
2013-03-15,22.47,22.97,22.16,22.46,19051600,22.05
2013-03-14,21.42,22.67,21.42,22.52,20106000,22.11
2013-03-13,21.43,21.69,21.29,21.40,7197800,21.01
2013-03-12,21.48,21.63,21.25,21.49,11529600,21.10
2013-03-11,21.20,21.69,21.01,21.46,11113100,21.07
2013-03-08,20.90,21.37,20.59,21.33,18667300,20.94
2013-03-07,19.81,20.86,19.55,20.85,18201200,20.47
2013-03-06,19.71,19.97,19.52,19.74,9201200,19.38
2013-03-05,19.61,19.72,19.41,19.50,8048500,19.14
2013-03-04,19.61,19.75,19.23,19.49,9423200,19.13
2013-03-01,19.95,19.96,19.42,19.67,13282300,19.31
2013-02-28,20.02,20.42,20.00,20.16,9692300,19.79
2013-02-27,19.63,20.26,19.59,20.14,13048700,19.77
2013-02-26,19.15,19.77,19.09,19.75,22473300,19.39
2013-02-25,20.18,20.24,19.09,19.11,29265900,18.76
2013-02-22,20.28,20.51,19.95,20.50,11692300,20.12
2013-02-21,20.79,20.88,20.00,20.19,20745900,19.82
2013-02-20,20.40,20.65,20.02,20.24,22444700,19.87
2013-02-19,20.01,20.48,20.00,20.36,10666300,19.99
2013-02-15,20.44,20.45,19.95,20.01,10545100,19.64
2013-02-14,20.48,20.51,20.29,20.40,11826100,20.03
2013-02-13,19.97,20.58,19.92,20.57,14626600,20.19
2013-02-12,20.07,20.20,19.83,20.01,13505200,19.64
2013-02-11,20.17,20.27,19.92,20.05,7734700,19.68
2013-02-08,20.16,20.42,20.10,20.23,11809100,19.86
2013-02-07,20.54,20.54,20.18,20.23,16210900,19.86
2013-02-06,20.41,20.54,20.27,20.51,9564800,20.13
2013-02-05,20.18,20.58,20.18,20.54,11557200,20.16
2013-02-04,20.23,20.48,20.04,20.11,12016100,19.74
2013-02-01,20.31,20.44,20.15,20.33,14007200,19.96
2013-01-31,20.12,20.31,19.80,20.18,18777900,19.81
2013-01-30,21.01,21.20,19.90,20.11,73610500,19.74
2013-01-29,18.99,19.10,18.81,18.97,11382600,18.62
2013-01-28,19.20,19.24,18.70,18.93,16814500,18.58
2013-01-25,18.87,19.44,18.80,19.36,18922100,19.01
2013-01-24,18.72,18.93,18.48,18.77,13591200,18.43
2013-01-23,18.67,18.74,18.40,18.50,12137500,18.16
2013-01-22,17.85,18.85,17.84,18.73,22481800,18.39
2013-01-18,17.51,17.82,17.50,17.82,12219100,17.49
2013-01-17,17.37,17.77,17.32,17.55,12022900,17.23
2013-01-16,17.33,17.50,17.10,17.31,9699600,16.99
2013-01-15,16.85,17.58,16.82,17.37,17409500,17.05
2013-01-14,16.83,17.07,16.80,16.94,9780200,16.63
2013-01-11,16.76,16.87,16.55,16.87,10812700,16.56
2013-01-10,17.10,17.13,16.37,16.73,34444300,16.34
2013-01-09,16.98,17.23,16.61,17.08,27511300,16.68
2013-01-08,17.50,17.55,16.85,16.88,15116300,16.48
2013-01-07,17.39,17.69,17.29,17.62,12864700,17.21
2013-01-04,16.87,17.46,16.80,17.45,12725000,17.04
2013-01-03,16.60,17.03,16.41,16.77,12929300,16.38
2013-01-02,16.94,17.02,16.32,16.60,15630700,16.21
2012-12-31,16.50,16.66,16.23,16.62,15290300,16.23
2012-12-28,16.73,16.82,16.54,16.56,9962000,16.17
2012-12-27,17.11,17.17,16.75,16.86,9881600,16.47
2012-12-26,17.09,17.32,17.01,17.15,7936800,16.75
2012-12-24,17.18,17.18,16.95,17.02,4774800,16.62
2012-12-21,17.36,17.36,17.11,17.32,9452300,16.91
2012-12-20,17.27,17.58,17.25,17.58,8777500,17.17
2012-12-19,17.25,17.43,17.05,17.20,8227000,16.80
2012-12-18,16.73,17.27,16.68,17.25,12444800,16.85
2012-12-17,16.59,16.81,16.59,16.74,11268500,16.35
2012-12-14,16.60,16.79,16.52,16.56,9446000,16.17
2012-12-13,16.94,16.97,16.62,16.68,12697100,16.29
2012-12-12,17.23,17.40,16.92,16.96,12586200,16.56
2012-12-11,17.06,17.13,16.98,17.09,8775300,16.69
2012-12-10,17.13,17.19,16.94,16.99,8979400,16.59
2012-12-07,17.08,17.29,17.08,17.25,9163500,16.85
2012-12-06,16.96,17.18,16.94,17.10,13894700,16.70
2012-12-05,16.95,17.23,16.92,16.97,15144500,16.57
2012-12-04,16.90,16.97,16.63,16.87,14413600,16.47
2012-12-03,17.22,17.23,16.87,16.90,13420700,16.50
2012-11-30,17.54,17.63,16.94,17.03,15983700,16.63
2012-11-29,17.62,17.77,17.40,17.53,12191200,17.12
2012-11-28,17.20,17.47,16.96,17.45,15421100,17.04
2012-11-27,17.26,17.48,17.12,17.41,10032300,17.00
2012-11-26,17.47,17.52,17.08,17.24,12689100,16.84
2012-11-23,17.71,17.83,17.51,17.83,3080300,17.41
2012-11-21,17.58,17.73,17.47,17.59,6084200,17.18
2012-11-20,17.81,17.83,17.41,17.60,13021800,17.19
2012-11-19,16.81,17.47,16.81,17.47,12989200,17.06
2012-11-16,16.44,16.77,16.30,16.62,12266800,16.23
2012-11-15,16.93,17.07,16.29,16.39,22170800,16.01
2012-11-14,17.43,17.49,16.84,16.85,14821400,16.46
2012-11-13,17.13,17.72,16.97,17.39,16207100,16.98
2012-11-12,17.16,17.28,16.71,17.23,15530800,16.83
2012-11-09,17.04,17.49,16.85,17.04,13956800,16.64
2012-11-08,17.74,17.85,17.20,17.20,12180800,16.80
2012-11-07,18.19,18.20,17.52,17.56,16760600,17.15
2012-11-06,18.38,18.56,18.25,18.54,12563700,18.11
2012-11-05,18.34,18.35,17.96,18.27,15297900,17.84
2012-11-02,19.77,19.94,18.32,18.49,30842500,18.06
2012-11-01,20.28,20.51,20.00,20.07,13003500,19.60
2012-10-31,20.31,20.63,20.20,20.26,10226200,19.79
2012-10-26,20.19,20.40,19.85,20.10,9242400,19.63
2012-10-25,20.32,20.40,19.99,20.22,6838500,19.75
2012-10-24,20.58,20.70,20.06,20.08,8446400,19.61
2012-10-23,20.44,20.57,20.16,20.42,9977300,19.94
2012-10-22,20.77,21.35,20.59,20.79,13618700,20.30
2012-10-19,21.56,21.66,20.81,20.81,16149900,20.32
2012-10-18,20.92,21.60,20.91,21.58,17802800,21.07
2012-10-17,20.40,21.09,20.40,21.09,13668600,20.60
2012-10-16,20.13,20.49,20.06,20.38,8763100,19.90
2012-10-15,20.06,20.26,19.84,20.03,8526300,19.56
2012-10-12,20.16,20.33,20.03,20.18,9418200,19.71
2012-10-11,19.59,20.27,19.49,20.14,16758300,19.67
2012-10-10,19.58,19.77,19.40,19.44,9430800,18.90
2012-10-09,19.44,19.79,19.40,19.59,8770300,19.05
2012-10-08,19.09,19.50,18.90,19.42,7168400,18.88
2012-10-05,19.56,19.70,19.11,19.23,7646100,18.70
2012-10-04,19.12,19.52,19.05,19.47,12623600,18.93
2012-10-03,19.48,19.48,18.88,19.00,11017000,18.47
2012-10-02,19.39,19.62,19.06,19.54,11997100,19.00
2012-10-01,19.08,19.66,19.01,19.29,11712800,18.75
2012-09-28,18.97,19.00,18.78,18.87,10632300,18.35
2012-09-27,18.97,19.18,18.85,19.10,8523300,18.57
2012-09-26,18.79,18.97,18.41,18.80,13162900,18.28
2012-09-25,19.49,19.54,19.06,19.09,10569600,18.56
2012-09-24,19.24,19.55,19.11,19.38,10768400,18.84
2012-09-21,19.61,19.76,19.26,19.36,27492800,18.82
2012-09-20,19.44,19.56,19.19,19.50,14219200,18.96
2012-09-19,20.09,20.20,19.67,19.68,12195100,19.13
2012-09-18,20.22,20.30,19.81,19.97,14491800,19.42
2012-09-17,20.48,20.64,20.05,20.17,11432000,19.61
2012-09-14,19.98,20.59,19.94,20.52,16943100,19.95
2012-09-13,19.77,20.07,19.38,19.90,17260800,19.35
2012-09-12,20.55,20.55,19.65,19.89,33249500,19.34
2012-09-11,19.81,20.13,19.62,20.10,13040900,19.54
2012-09-10,19.93,20.13,19.50,19.57,21564400,19.03
2012-09-07,19.70,20.41,19.67,20.34,17030800,19.77
2012-09-06,19.66,20.02,19.06,19.70,20456300,19.15
2012-09-05,19.32,19.70,19.12,19.54,13315800,19.00
2012-09-04,19.36,19.43,19.05,19.19,10198300,18.66
2012-08-31,19.16,19.60,19.13,19.35,10748300,18.81
2012-08-30,19.38,19.41,19.03,19.04,11305900,18.51
2012-08-29,19.33,19.76,19.25,19.52,9499200,18.98
2012-08-28,19.29,19.40,19.16,19.37,7666300,18.83
2012-08-27,19.35,19.49,19.06,19.30,8236900,18.76
2012-08-24,19.18,19.49,19.13,19.39,8683200,18.85
2012-08-23,19.87,19.91,19.25,19.30,10452800,18.76
2012-08-22,19.68,20.00,19.51,19.91,12915000,19.36
2012-08-21,19.52,20.19,19.46,19.73,15689100,19.18
2012-08-20,19.10,19.42,19.04,19.40,8853300,18.86
2012-08-17,19.09,19.20,18.99,19.14,9075000,18.61
2012-08-16,19.10,19.17,18.93,19.03,11450800,18.50
2012-08-15,19.14,19.17,18.74,19.01,12524200,18.48
2012-08-14,19.10,19.31,18.99,19.21,15933000,18.68
2012-08-13,19.34,19.59,19.03,19.06,14791900,18.53
2012-08-10,19.83,20.03,19.45,19.68,18085400,19.13
2012-08-09,19.84,20.44,19.68,20.31,20277300,19.75
2012-08-08,19.29,20.15,19.29,19.90,26852800,19.35
2012-08-07,18.82,19.72,18.72,19.37,41750000,18.83
2012-08-06,17.66,18.40,17.15,17.70,26136900,17.21
2012-08-03,18.75,18.85,17.82,17.89,17658100,17.39
2012-08-02,18.36,18.65,17.63,17.93,16127800,17.43
2012-08-01,18.84,18.84,18.26,18.67,13669300,18.15
2012-07-31,18.64,19.04,18.51,18.82,16018400,18.30
2012-07-30,18.44,18.79,18.33,18.70,11723300,18.18
2012-07-27,18.21,18.53,17.96,18.46,13505700,17.95
2012-07-26,17.50,18.27,17.36,18.15,24228300,17.65
2012-07-25,16.96,17.43,16.74,17.28,16384300,16.80
2012-07-24,17.46,17.66,16.62,16.82,21286400,16.35
2012-07-23,16.86,17.53,16.76,17.44,17149800,16.96
2012-07-20,18.18,18.19,16.86,17.20,52841300,16.72
2012-07-19,19.25,19.30,18.17,18.28,26353500,17.77
2012-07-18,19.10,19.39,19.02,19.20,13296300,18.67
2012-07-17,19.30,19.35,18.59,19.24,15264400,18.71
2012-07-16,19.09,19.32,18.84,19.18,12070000,18.65
2012-07-13,18.83,19.25,18.63,19.11,16186000,18.58
2012-07-12,18.84,18.90,18.30,18.66,19624300,18.14
2012-07-11,18.77,19.39,18.68,19.08,17994100,18.46
2012-07-10,20.10,20.16,18.45,18.69,28138300,18.09
2012-07-09,19.92,20.19,19.70,19.98,18319500,19.34
2012-07-06,19.34,20.11,19.22,20.04,23370000,19.39
2012-07-05,19.36,20.14,19.23,19.64,27559000,19.01
2012-07-03,18.83,19.42,18.70,19.36,13273400,18.74
2012-07-02,18.58,18.94,18.46,18.73,18926600,18.13
2012-06-29,18.28,18.65,18.07,18.60,26892800,18.00
2012-06-28,17.79,18.33,17.54,17.78,27943100,17.21
2012-06-27,17.14,18.18,17.14,17.93,22076300,17.35
2012-06-26,17.04,17.17,16.32,17.05,23720600,16.50
2012-06-25,17.59,17.88,16.86,17.03,29085000,16.48
2012-06-22,18.35,18.61,17.87,18.61,26140100,18.01
2012-06-21,19.10,19.10,18.08,18.12,26604000,17.54
2012-06-20,18.95,19.50,18.69,19.04,31891400,18.43
2012-06-19,17.77,18.85,17.75,18.71,25508400,18.11
2012-06-18,18.03,18.03,17.54,17.67,21583300,17.10
2012-06-15,17.45,18.11,17.25,18.10,23463100,17.52
2012-06-14,16.97,17.36,16.84,17.33,22839400,16.77
2012-06-13,17.11,17.32,16.69,16.93,33822300,16.38
2012-06-12,17.74,18.00,17.12,17.47,28083900,16.91
2012-06-11,18.56,18.75,17.59,17.61,20647200,17.04
2012-06-08,17.89,18.42,17.56,18.36,31019400,17.77
2012-06-07,18.28,18.53,17.71,17.85,26920000,17.27
2012-06-06,17.51,18.30,17.39,18.21,45710700,17.62
2012-06-05,16.78,17.34,16.63,17.00,39419300,16.45
2012-06-04,16.12,16.64,15.56,16.52,37905600,15.99
2012-06-01,16.52,16.57,15.48,15.58,39071900,15.08
2012-05-31,16.27,17.13,15.81,16.90,35171400,16.35
2012-05-30,16.22,16.58,15.77,16.44,26500800,15.91
2012-05-29,16.63,16.99,15.96,16.35,47275900,15.82
2012-05-25,15.89,16.24,15.71,15.81,40617200,15.30
2012-05-24,15.20,16.00,14.65,15.58,39435600,15.08
2012-05-23,14.68,15.20,14.25,15.09,35883000,14.60
2012-05-22,14.98,15.19,14.59,14.92,25279700,14.44
2012-05-21,14.33,15.23,14.23,14.91,28277200,14.43
2012-05-18,13.69,14.51,13.69,14.36,38602100,13.90
2012-05-17,13.95,14.02,13.32,13.55,48597200,13.11
2012-05-16,14.67,15.00,13.90,14.04,49528100,13.59
2012-05-15,15.17,15.41,14.31,14.65,65084700,14.18
2012-05-14,15.52,16.47,15.21,15.52,78597600,15.02
2012-05-11,16.82,17.05,14.49,14.81,86127400,14.33
2012-05-10,17.65,17.83,16.95,17.18,32736400,16.63
2012-05-09,16.71,17.60,16.35,17.48,32562200,16.92
2012-05-08,17.07,17.11,16.55,16.93,36814900,16.38
2012-05-07,17.44,17.55,16.73,17.13,31475300,16.58
2012-05-04,17.20,17.60,17.17,17.39,34383600,16.83
2012-05-03,17.24,17.48,16.70,17.19,49785900,16.64
2012-05-02,18.02,18.10,16.72,16.74,146643600,16.20
2012-05-01,20.23,20.63,19.47,19.60,77626500,18.97
2012-04-30,18.05,18.49,17.56,18.44,32478200,17.84
2012-04-27,17.48,17.76,16.78,17.72,55065400,17.15
2012-04-26,18.00,18.57,17.47,17.56,49699300,16.99
2012-04-25,17.95,18.21,17.51,18.13,23290400,17.54
2012-04-24,18.02,18.10,17.63,17.77,18736300,17.20
2012-04-23,17.05,18.25,17.03,18.00,31759200,17.42
2012-04-20,17.93,18.29,17.42,17.44,28243200,16.88
2012-04-19,17.96,18.32,17.81,18.00,27133600,17.42
2012-04-18,18.72,18.79,17.17,18.06,93542300,17.48
2012-04-17,19.38,19.62,19.00,19.12,18736900,18.50
2012-04-16,19.96,19.99,19.05,19.19,23330100,18.57
2012-04-13,20.55,20.59,19.75,19.95,23146400,19.31
2012-04-12,20.11,20.83,20.06,20.66,16203900,19.99
2012-04-11,20.82,20.96,20.03,20.08,23958000,19.35
2012-04-10,21.68,21.94,20.60,20.69,28226800,19.93
2012-04-09,21.83,21.88,21.32,21.47,12208300,20.69
2012-04-05,22.14,22.47,22.00,22.15,9900200,21.34
2012-04-04,22.40,22.57,22.08,22.23,10116500,21.42
2012-04-03,23.23,23.29,22.50,22.72,19369900,21.89
2012-04-02,23.08,23.69,22.97,23.31,12462400,22.46
2012-03-30,23.38,23.60,22.87,23.17,10826900,22.32
2012-03-29,23.06,23.27,22.52,23.21,14211500,22.36
2012-03-28,24.16,24.19,23.10,23.25,13519000,22.40
2012-03-27,24.28,24.49,24.14,24.24,10020000,23.35
2012-03-26,24.89,24.89,24.04,24.21,10473900,23.33
2012-03-23,24.51,24.77,24.19,24.66,10142100,23.76
2012-03-22,24.83,24.84,24.05,24.43,15714800,23.54
2012-03-21,25.58,25.62,24.83,25.19,11539600,24.27
2012-03-20,25.37,26.09,25.20,25.58,16787900,24.65
2012-03-19,25.03,25.67,25.02,25.46,11437000,24.53
2012-03-16,24.60,25.18,24.53,25.06,15318200,24.15
2012-03-15,24.36,24.67,24.07,24.44,8917500,23.55
2012-03-14,24.62,25.00,24.08,24.24,10585100,23.35
2012-03-13,24.29,24.71,23.72,24.70,10685200,23.80
2012-03-12,24.55,24.55,23.97,24.21,9484200,23.33
2012-03-09,24.70,24.97,24.46,24.55,8773600,23.65
2012-03-08,24.28,24.75,24.00,24.58,12026100,23.68
2012-03-07,23.81,24.24,23.35,24.08,11875700,23.20
2012-03-06,23.81,23.99,23.36,23.56,12065500,22.70
2012-03-05,24.19,24.32,23.84,24.23,10567200,23.35
2012-03-02,24.90,25.09,24.26,24.33,10327100,23.44
2012-03-01,24.89,25.15,24.76,24.93,16075800,24.02
2012-02-29,25.04,25.23,24.52,25.00,16120900,24.09
2012-02-28,25.19,25.27,24.83,25.05,13875800,24.14
2012-02-27,25.41,25.44,25.00,25.11,13689400,24.19
2012-02-24,24.83,25.86,24.76,25.45,21801200,24.52
2012-02-23,24.10,24.99,23.95,24.98,19553000,24.07
2012-02-22,24.29,24.35,23.64,24.03,25225800,23.15
2012-02-21,25.04,25.06,24.54,24.62,19894500,23.72
2012-02-17,24.10,24.99,24.06,24.71,27300800,23.81
2012-02-16,23.07,23.79,22.73,23.77,16643400,22.90
2012-02-15,22.75,23.27,22.52,23.02,20412200,22.18
2012-02-14,22.82,22.95,22.45,22.71,15383300,21.88
2012-02-13,22.70,23.32,22.25,22.66,29852900,21.83
2012-02-10,21.92,22.20,21.56,22.13,18654400,21.32
2012-02-09,22.30,22.64,22.03,22.34,18259900,21.52
2012-02-08,22.29,22.51,22.03,22.11,12532200,21.30
2012-02-07,22.65,22.68,22.02,22.18,15723200,21.37
2012-02-06,22.10,22.75,22.08,22.65,14908200,21.82
2012-02-03,22.27,22.36,21.80,22.31,16448200,21.50
2012-02-02,21.11,22.16,21.05,22.12,23802900,21.31
2012-02-01,21.25,21.35,20.63,20.97,23993500,20.20
2012-01-31,21.55,21.67,21.11,21.13,22505800,20.36
2012-01-30,21.85,21.90,21.43,21.69,12736600,20.90
2012-01-27,21.62,22.24,21.62,22.05,15227600,21.24
2012-01-26,23.03,23.21,21.75,21.90,29856000,21.10
2012-01-25,22.55,23.49,22.10,23.38,23778300,22.53
2012-01-24,22.07,22.54,21.73,22.49,20988400,21.67
2012-01-23,22.31,22.65,21.63,22.28,32006900,21.47
2012-01-20,20.65,20.97,20.41,20.96,20014300,20.19
2012-01-19,21.53,21.54,20.54,20.68,22455600,19.92
2012-01-18,20.79,21.68,20.61,21.45,20738600,20.67
2012-01-17,21.50,21.56,20.80,20.81,22057900,20.05
2012-01-13,22.01,22.03,21.35,21.41,15953700,20.63
2012-01-12,22.50,22.69,21.87,22.17,17724400,21.36
2012-01-11,23.00,23.00,22.30,22.58,21500200,21.67
2012-01-10,23.81,23.95,23.16,23.28,13215300,22.34
2012-01-09,23.61,23.81,23.08,23.56,18681600,22.61
2012-01-06,23.68,24.31,23.62,23.98,15000100,23.01
2012-01-05,23.90,24.12,23.48,23.62,16639200,22.67
2012-01-04,23.47,24.07,23.46,23.86,16642700,22.90
2012-01-03,23.20,23.68,22.47,23.60,19953200,22.65
2011-12-30,22.63,22.73,22.29,22.29,8737600,21.39
2011-12-29,22.66,22.96,22.51,22.73,9398200,21.81
2011-12-28,23.46,23.70,22.61,22.66,7543200,21.75
2011-12-27,23.59,23.84,23.45,23.52,4421500,22.57
2011-12-23,23.61,23.88,23.43,23.73,4871500,22.77
2011-12-22,23.06,23.60,22.95,23.52,9030000,22.57
2011-12-21,22.85,23.04,22.58,22.99,7725900,22.06
2011-12-20,22.44,23.03,22.44,22.82,9450800,21.90
2011-12-19,22.99,23.00,22.00,22.06,10609000,21.17
2011-12-16,22.99,23.15,22.69,22.98,8733500,22.05
2011-12-15,22.94,23.23,22.59,22.78,11493400,21.86
2011-12-14,23.21,23.21,22.50,22.57,11400900,21.66
2011-12-13,23.98,24.31,23.27,23.43,8268400,22.49
2011-12-12,24.31,24.31,23.46,23.72,9533600,22.76
2011-12-09,24.25,24.79,24.20,24.66,9298500,23.67
2011-12-08,25.31,25.45,24.15,24.23,12629600,23.25
2011-12-07,25.70,25.75,25.14,25.53,8975000,24.50
2011-12-06,25.02,25.86,25.02,25.68,11255700,24.65
2011-12-05,25.80,25.94,24.96,25.15,9411700,24.14
2011-12-02,25.62,26.16,25.35,25.44,14903700,24.42
2011-12-01,25.23,25.67,25.00,25.30,8684800,24.28
2011-11-30,24.76,25.40,24.57,25.34,20820100,24.32
2011-11-29,23.47,24.08,23.35,23.78,10233500,22.82
2011-11-28,23.39,23.55,23.08,23.36,10129100,22.42
2011-11-25,22.72,22.84,22.41,22.42,3856800,21.52
2011-11-23,23.32,23.49,22.71,22.71,9575300,21.80
2011-11-22,24.03,24.34,23.45,23.66,8245100,22.71
2011-11-21,23.89,24.26,23.37,24.07,12996100,23.10
2011-11-18,24.95,25.12,24.23,24.33,11985400,23.35
2011-11-17,25.43,25.63,24.51,24.72,17574000,23.72
2011-11-16,25.36,26.10,25.20,25.46,14286300,24.43
2011-11-15,25.45,25.67,25.00,25.47,11644100,24.44
2011-11-14,26.16,26.28,25.49,25.67,10890100,24.64
2011-11-11,25.83,26.85,25.32,26.45,19911900,25.38
2011-11-10,26.18,26.37,25.30,25.54,20807300,24.51
2011-11-09,26.27,26.57,25.50,25.57,16460200,24.54
2011-11-08,27.06,27.12,26.22,27.09,16547000,26.00
2011-11-07,27.38,27.49,26.31,26.84,18921900,25.76
2011-11-04,29.69,29.85,26.82,27.07,44939000,25.98
2011-11-03,28.62,29.23,27.78,29.03,13187400,27.86
2011-11-02,27.60,28.27,27.49,28.01,8596800,26.88
2011-11-01,26.97,27.50,26.50,27.00,12630700,25.91
2011-10-31,29.36,29.36,28.09,28.12,10268400,26.99
2011-10-28,28.76,29.84,28.75,29.74,9292500,28.54
2011-10-27,28.80,29.87,28.77,29.16,15288200,27.99
2011-10-26,28.00,28.31,27.16,28.15,10285800,27.02
2011-10-25,28.16,28.17,27.24,27.31,7817100,26.21
2011-10-24,28.21,28.42,27.96,28.32,6890800,27.18
2011-10-21,27.69,28.06,27.39,27.81,8977700,26.69
2011-10-20,27.61,27.65,26.62,27.30,10337200,26.20
2011-10-19,27.31,27.81,26.97,27.10,9768300,26.01
2011-10-18,26.96,27.50,25.94,27.36,17638500,26.26
2011-10-17,27.76,27.95,27.20,27.30,7281300,26.20
2011-10-14,27.42,27.75,27.10,27.75,8485100,26.63
2011-10-13,26.59,26.99,26.00,26.85,6759200,25.77
2011-10-12,26.91,27.34,26.67,26.75,8914100,25.67
2011-10-11,26.38,26.93,26.22,26.62,8381400,25.55
2011-10-10,26.06,26.75,26.00,26.75,8788700,25.67
2011-10-07,26.39,26.74,25.23,25.35,16222200,24.33
2011-10-06,25.22,26.35,25.01,25.91,12250500,24.87
2011-10-05,25.21,25.49,24.59,25.39,14699500,24.37
2011-10-04,23.40,25.15,22.52,25.12,22100000,24.11
2011-10-03,25.26,25.48,23.96,23.96,16672000,23.00
2011-09-30,26.52,26.52,25.54,25.55,14397000,24.52
2011-09-29,27.62,27.94,26.06,26.78,15287300,25.70
2011-09-28,29.25,29.60,27.22,27.27,19021600,26.09
2011-09-27,28.39,28.60,27.53,27.68,11693300,26.48
2011-09-26,26.27,27.57,25.63,27.53,13874500,26.34
2011-09-23,26.89,27.17,25.92,26.04,18433600,24.91
2011-09-22,28.45,28.45,26.67,27.08,18491700,25.91
2011-09-21,30.62,31.26,29.38,29.42,12607100,28.14
2011-09-20,31.22,31.66,30.33,30.41,9019900,29.09
2011-09-19,31.11,31.45,30.33,31.06,8561700,29.71
2011-09-16,31.94,32.00,31.27,31.82,9101600,30.44
2011-09-15,31.88,32.07,31.25,31.72,7461500,30.34
2011-09-14,31.53,31.96,30.85,31.52,9892300,30.15
2011-09-13,30.90,31.86,30.67,31.49,11653700,30.12
2011-09-12,29.65,30.77,29.52,30.76,10847200,29.43
2011-09-09,31.49,31.69,30.20,30.38,10711600,29.06
2011-09-08,31.67,32.51,31.46,31.96,15472700,30.57
2011-09-07,31.39,31.90,30.72,31.51,14020800,30.14
2011-09-06,30.68,31.36,30.13,30.92,15773900,29.58
2011-09-02,32.21,32.67,31.74,32.11,9988700,30.72
2011-09-01,32.69,33.87,32.62,33.11,16582300,31.67
2011-08-31,32.61,33.31,32.13,32.39,9223100,30.99
2011-08-30,31.41,32.70,31.22,32.43,11119000,31.02
2011-08-29,30.91,31.81,30.87,31.77,8357000,30.39
2011-08-26,29.06,30.52,28.64,30.52,9945500,29.20
2011-08-25,30.62,30.83,29.41,29.55,7971800,28.27
2011-08-24,29.64,30.18,29.25,30.18,8119700,28.87
2011-08-23,28.63,29.65,28.17,29.65,13123800,28.36
2011-08-22,29.79,30.00,28.25,28.42,11531200,27.19
2011-08-19,29.26,30.46,29.15,29.31,10974100,28.04
2011-08-18,30.64,30.67,29.52,29.82,15836900,28.53
2011-08-17,32.01,32.59,31.50,31.70,6828600,30.33
2011-08-16,31.76,32.13,31.17,31.66,10848300,30.29
2011-08-15,31.58,32.46,31.58,32.29,9897800,30.89
2011-08-12,31.51,32.03,31.10,31.30,14080500,29.94
2011-08-11,29.38,31.38,29.12,30.89,17373400,29.55
2011-08-10,28.48,30.25,28.27,28.78,21367200,27.53
2011-08-09,28.05,29.16,26.97,29.12,17506900,27.86
2011-08-08,28.71,29.65,27.00,27.20,25425400,26.02
2011-08-05,31.87,32.00,29.58,30.68,23497200,29.35
2011-08-04,33.85,33.86,31.26,31.35,23668200,29.99
2011-08-03,34.63,35.07,33.61,34.23,22582000,32.75
2011-08-02,35.24,35.75,34.15,34.15,30883300,32.67
2011-08-01,35.39,35.45,33.84,34.35,14268200,32.86
2011-07-29,34.43,35.07,34.00,34.35,20789000,32.86
2011-07-28,33.28,34.44,33.16,33.43,11405600,31.98
2011-07-27,33.97,34.09,33.17,33.40,9598600,31.95
2011-07-26,34.02,34.83,33.65,34.11,11827300,32.63
2011-07-25,33.81,34.39,33.66,33.87,7219700,32.40
2011-07-22,34.07,34.42,33.86,34.39,7686600,32.90
2011-07-21,33.80,34.29,33.78,33.98,11090600,32.51
2011-07-20,33.87,33.87,33.35,33.72,7948500,32.26
2011-07-19,33.20,33.72,33.20,33.66,8562900,32.20
2011-07-18,32.63,33.22,32.30,32.89,19413600,31.46
2011-07-15,31.78,32.96,31.59,32.96,33425000,31.53
2011-07-14,30.15,30.75,30.12,30.21,9882800,28.90
2011-07-13,29.97,30.35,29.86,29.94,6682100,28.64
2011-07-12,29.57,30.19,29.39,29.77,7140800,28.48
2011-07-11,30.14,30.21,29.55,29.75,9245100,28.46
2011-07-08,30.26,30.84,30.15,30.58,10118500,29.25
2011-07-07,30.64,30.86,30.33,30.51,9402100,29.19
2011-07-06,30.22,30.29,29.83,30.18,8256200,28.87
2011-07-05,29.93,30.64,29.91,30.29,6402800,28.98
2011-07-01,29.74,30.18,29.24,30.10,8275900,28.79
2011-06-30,29.18,30.27,29.11,29.69,12983200,28.40
2011-06-29,28.53,29.22,28.52,29.05,10460000,27.79
2011-06-28,28.22,28.53,28.12,28.51,7846200,27.19
2011-06-27,27.33,28.27,27.28,28.00,11291100,26.70
2011-06-24,28.98,29.00,27.99,28.01,10102400,26.71
2011-06-23,28.59,29.01,28.15,28.97,7937300,27.63
2011-06-22,28.63,29.44,28.61,28.99,7483000,27.65
2011-06-21,28.30,28.94,28.29,28.79,5534500,27.46
2011-06-20,27.65,28.20,27.50,28.10,6082800,26.80
2011-06-17,28.36,28.46,27.77,28.02,8725700,26.72
2011-06-16,28.72,29.08,27.93,28.17,9263400,26.87
2011-06-15,28.83,29.26,28.43,28.76,8082800,27.43
2011-06-14,28.71,29.13,28.66,28.98,7093400,27.64
2011-06-13,29.28,29.58,28.15,28.32,10814700,27.01
2011-06-10,29.63,29.93,29.10,29.24,8033200,27.89
2011-06-09,29.73,30.16,29.64,29.75,6832200,28.37
2011-06-08,29.72,30.18,29.37,29.59,7695100,28.22
2011-06-07,29.81,30.16,29.30,29.73,6265000,28.35
2011-06-06,30.53,30.85,29.64,29.68,8172500,28.31
2011-06-03,30.11,30.76,29.89,30.53,6043000,29.12
2011-06-02,30.43,30.89,30.09,30.55,6884000,29.14
2011-06-01,31.29,31.40,30.34,30.39,7887100,28.98
2011-05-31,31.61,31.70,30.96,31.34,6365700,29.89
2011-05-27,31.37,31.59,30.95,31.11,6758300,29.67
2011-05-26,30.94,31.17,30.57,31.08,8559700,29.64
2011-05-25,30.87,31.33,30.78,31.00,8125200,29.56
2011-05-24,30.38,31.64,30.38,30.92,11164800,29.49
2011-05-23,29.95,30.39,29.86,30.20,7203100,28.80
2011-05-20,29.98,31.05,29.58,30.62,13099600,29.20
2011-05-19,30.22,30.30,29.55,29.91,7341500,28.52
2011-05-18,29.12,30.09,29.09,29.95,9205800,28.56
2011-05-17,29.04,29.52,28.75,29.09,12776700,27.74
2011-05-16,29.82,30.37,29.31,29.62,7296300,28.25
2011-05-13,30.51,30.56,29.63,29.78,13316800,28.40
2011-05-12,30.59,30.92,29.89,30.48,10410200,29.07
2011-05-11,31.46,31.50,30.53,30.92,12333400,29.49
2011-05-10,31.37,31.82,31.00,31.62,9009200,30.16
2011-05-09,31.18,31.61,31.10,31.30,6940400,29.85
2011-05-06,31.45,31.90,30.67,30.95,10861300,29.52
2011-05-05,30.07,31.23,29.60,30.86,17803300,29.43
2011-05-04,31.28,31.31,30.11,30.73,13992400,29.31
2011-05-03,32.15,32.39,30.76,31.33,20644500,29.88
2011-05-02,33.89,33.90,33.08,33.23,9914900,31.69
2011-04-29,33.19,33.72,33.13,33.67,8500000,32.11
2011-04-28,32.94,33.33,32.42,33.22,6541700,31.68
2011-04-27,33.37,33.37,32.45,33.12,6844300,31.59
2011-04-26,32.51,33.24,32.50,33.09,7000000,31.56
2011-04-25,32.55,32.97,32.38,32.51,5631700,31.00
2011-04-21,32.35,32.78,31.72,32.69,11340400,31.18
2011-04-20,32.33,32.96,32.01,32.21,12743300,30.72
2011-04-19,32.01,32.11,31.61,31.98,8912900,30.50
2011-04-18,32.19,32.32,31.30,31.98,9556900,30.50
2011-04-15,32.64,32.80,32.16,32.73,7697300,31.21
2011-04-14,32.31,32.72,32.00,32.65,7899300,31.14
2011-04-13,32.23,32.89,32.16,32.40,8500100,30.90
2011-04-12,32.67,32.79,31.64,31.93,16483700,30.45
2011-04-11,34.41,34.44,33.20,33.34,10944000,31.80
2011-04-08,34.58,34.70,33.80,34.02,10326500,32.44
2011-04-07,33.65,34.50,33.55,34.49,13390900,32.89
2011-04-06,34.00,34.34,33.48,33.68,8304400,32.12
2011-04-05,33.64,34.12,33.60,33.81,13986100,32.24
2011-04-04,33.52,33.92,33.10,33.83,10386000,32.26
2011-04-01,33.92,34.04,33.38,33.50,7981100,31.95
2011-03-31,34.58,34.75,33.45,33.52,12604700,31.97
2011-03-30,34.08,34.46,33.83,34.33,16916600,32.74
2011-03-29,33.33,33.54,33.04,33.37,10611000,31.75
2011-03-28,34.38,34.39,33.04,33.06,12218400,31.46
2011-03-25,33.98,34.40,33.76,34.24,15879800,32.58
2011-03-24,33.85,33.98,33.52,33.88,10843000,32.24
2011-03-23,33.79,34.07,33.34,33.73,10779000,32.10
2011-03-22,33.89,34.00,33.55,33.70,10564600,32.07
2011-03-21,33.76,34.09,33.55,33.75,11624300,32.11
2011-03-18,34.32,34.38,33.23,33.37,17234600,31.75
2011-03-17,35.13,35.37,33.99,34.00,19248000,32.35
2011-03-16,34.27,35.31,33.93,34.65,24830100,32.97
2011-03-15,32.45,33.91,32.20,33.61,14439400,31.98
2011-03-14,33.55,34.18,33.33,33.56,14305300,31.93
2011-03-11,31.27,32.97,30.76,32.81,10646200,31.22
2011-03-10,32.84,32.84,31.65,32.10,17207000,30.54
2011-03-09,32.51,33.72,32.48,33.55,10925800,31.92
2011-03-08,33.50,33.50,32.46,32.60,9747200,31.02
2011-03-07,33.76,34.54,33.26,33.45,9562600,31.83
2011-03-04,33.85,33.85,33.12,33.57,7941700,31.94
2011-03-03,34.31,34.31,32.85,33.63,12654700,32.00
2011-03-02,33.49,33.95,32.95,33.89,12918800,32.25
2011-03-01,35.76,35.93,33.60,33.70,16928200,32.07
2011-02-28,35.72,35.95,35.10,35.61,15332400,33.88
2011-02-25,34.58,35.58,34.44,35.37,16437200,33.66
2011-02-24,35.50,35.80,33.83,34.35,31602200,32.69
2011-02-23,32.61,34.50,31.75,34.33,36312000,32.67
2011-02-22,31.92,33.00,31.54,32.01,32452500,30.46
2011-02-18,30.45,30.73,30.20,30.43,8252900,28.96
2011-02-17,30.63,30.85,30.16,30.49,8899800,29.01
2011-02-16,30.89,30.92,30.45,30.68,9567400,29.19
2011-02-15,31.34,31.41,30.48,30.72,9309700,29.23
2011-02-14,30.76,31.59,30.75,31.53,9014400,30.00
2011-02-11,30.87,30.97,30.46,30.84,8572400,29.35
2011-02-10,30.67,30.95,30.30,30.82,13510000,29.33
2011-02-09,31.29,31.50,30.64,30.87,10576700,29.37
2011-02-08,31.15,31.58,30.86,31.54,12986900,30.01
2011-02-07,31.07,32.17,30.97,31.27,30426700,29.75
2011-02-04,30.57,30.97,29.98,30.06,10439000,28.60
2011-02-03,30.56,30.66,29.79,30.47,11484600,28.99
2011-02-02,30.32,31.43,30.28,30.51,21130900,29.03
2011-02-01,29.47,30.63,29.18,30.23,23706100,28.77
2011-01-31,27.52,29.73,27.47,29.53,25363900,28.10
2011-01-28,27.59,27.87,27.25,27.33,9515700,26.01
2011-01-27,27.78,28.12,27.46,27.70,9039500,26.36
2011-01-26,27.62,28.19,27.50,28.05,9370300,26.69
2011-01-25,28.01,28.15,27.23,27.43,13452000,26.10
2011-01-24,27.58,28.19,27.58,28.15,7239800,26.79
2011-01-21,27.93,28.13,27.68,27.80,6700000,26.45
2011-01-20,27.56,27.99,27.25,27.81,12149000,26.46
2011-01-19,27.62,28.06,27.59,27.83,14488500,26.48
2011-01-18,27.71,27.84,27.46,27.67,8079800,26.33
2011-01-14,27.66,27.81,27.43,27.66,11312300,26.32
2011-01-13,27.93,28.00,27.63,27.70,12151700,26.36
2011-01-12,27.47,28.00,27.46,27.89,15188000,26.54
2011-01-11,27.03,27.39,26.80,27.34,9341500,26.02
2011-01-10,26.83,27.05,26.53,26.96,9026000,25.65
2011-01-07,26.71,27.02,26.63,26.95,9894000,25.64
2011-01-06,26.80,27.36,26.60,26.67,16462900,25.38
2011-01-05,26.14,26.59,26.03,26.50,8292000,25.22
2011-01-04,26.69,26.69,25.93,26.22,9749600,24.95
2011-01-03,26.39,26.65,26.21,26.51,11406300,25.23
2010-12-31,25.89,26.07,25.76,25.91,4592700,24.65
2010-12-30,26.07,26.43,25.93,25.97,9303800,24.71
2010-12-29,25.97,26.18,25.79,26.15,7234100,24.81
2010-12-28,25.70,25.98,25.63,25.85,7088200,24.53
2010-12-27,25.48,25.67,25.26,25.57,4904400,24.26
2010-12-23,25.12,25.79,25.08,25.61,9096500,24.30
2010-12-22,25.32,25.50,25.15,25.41,8878500,24.11
2010-12-21,25.15,25.45,24.83,25.38,14927800,24.08
2010-12-20,23.81,25.37,23.77,25.36,36184200,24.06
2010-12-17,23.49,23.52,23.23,23.30,11915000,22.11
2010-12-16,23.49,23.74,23.35,23.57,11042100,22.36
2010-12-15,22.91,23.61,22.91,23.51,19609200,22.31
2010-12-14,22.78,23.08,22.76,23.02,10598800,21.84
2010-12-13,23.06,23.16,22.85,22.91,9638800,21.74
2010-12-10,22.87,22.98,22.70,22.92,7453600,21.75
2010-12-09,22.94,23.04,22.72,22.83,7892800,21.66
2010-12-08,22.75,23.22,22.70,22.89,19848700,21.72
2010-12-07,22.77,22.89,22.38,22.74,15360400,21.58
2010-12-06,22.14,22.70,22.07,22.55,14114100,21.40
2010-12-03,21.59,22.23,21.57,22.16,14678400,21.03
2010-12-02,21.44,21.87,21.37,21.63,12514500,20.52
2010-12-01,21.36,21.46,21.11,21.41,14477300,20.31
2010-11-30,21.68,21.80,21.11,21.12,22658300,20.04
2010-11-29,21.95,22.10,21.69,22.05,6066000,20.92
2010-11-26,22.04,22.32,21.94,21.99,3817300,20.86
2010-11-24,22.00,22.34,21.87,22.18,6974100,21.04
2010-11-23,22.20,22.25,21.77,21.82,10292600,20.70
2010-11-22,22.60,22.60,22.05,22.54,7520100,21.39
2010-11-19,22.19,22.66,22.05,22.64,9846100,21.48
2010-11-18,22.11,22.50,22.10,22.25,11996200,21.11
2010-11-17,22.05,22.28,21.93,22.10,9222000,20.97
2010-11-16,22.17,22.24,21.77,21.96,13701000,20.84
2010-11-15,22.94,22.98,22.25,22.31,11077100,21.17
2010-11-12,22.98,22.98,22.40,22.72,14148800,21.56
2010-11-11,23.29,23.30,22.75,23.21,17563400,22.02
2010-11-10,23.25,23.55,22.90,23.41,14076100,22.21
2010-11-09,23.36,23.62,22.91,23.06,19269100,21.88
2010-11-08,22.26,22.78,22.22,22.70,10338000,21.54
2010-11-05,22.16,22.29,22.03,22.27,10392500,21.13
2010-11-04,22.00,22.34,21.75,22.29,27856400,21.15
2010-11-03,22.14,22.32,21.85,22.31,15141200,21.17
2010-11-02,22.07,22.18,21.85,22.05,7078900,20.92
2010-11-01,22.02,22.23,21.75,21.83,11785800,20.71
2010-10-29,21.27,21.78,21.20,21.68,11499400,20.57
2010-10-28,21.47,21.48,21.11,21.33,10787500,20.24
2010-10-27,21.11,21.45,21.00,21.37,15695600,20.28
2010-10-26,21.04,21.30,20.97,21.26,11619600,20.17
2010-10-25,21.41,21.48,21.00,21.16,15274300,20.08
2010-10-22,21.97,22.03,21.14,21.20,22033900,20.11
2010-10-21,22.26,22.28,21.67,21.95,14067300,20.83
2010-10-20,22.06,22.44,22.01,22.16,13774400,21.03
2010-10-19,22.47,22.59,21.75,21.96,21080100,20.84
2010-10-18,22.98,23.03,22.55,22.69,12834000,21.53
2010-10-15,23.08,23.17,22.68,22.99,13379800,21.81
2010-10-14,23.29,23.40,22.77,22.96,14041200,21.78
2010-10-13,23.89,23.95,22.96,23.24,29858400,22.05
2010-10-12,24.06,24.17,23.66,23.87,29441200,22.65
2010-10-11,24.25,24.32,23.23,23.30,16914600,22.11
2010-10-08,22.48,23.18,22.28,23.05,10733900,21.87
2010-10-07,22.75,22.75,22.25,22.48,7757800,21.33
2010-10-06,22.33,22.75,22.30,22.59,9882800,21.43
2010-10-05,22.56,22.79,22.18,22.32,21417200,21.18
2010-10-04,22.81,22.82,22.08,22.28,10967200,21.14
2010-10-01,22.92,23.10,22.65,22.80,13565800,21.63
2010-09-30,22.66,23.00,22.22,22.65,14424800,21.49
2010-09-29,21.55,22.65,21.52,22.56,17222000,21.41
2010-09-28,21.70,21.76,21.27,21.69,7375800,20.51
2010-09-27,21.51,21.78,21.45,21.66,7435400,20.48
2010-09-24,21.17,21.60,20.93,21.56,10831700,20.39
2010-09-23,20.79,21.20,20.74,20.89,10825500,19.75
2010-09-22,21.24,21.42,20.88,20.92,12193200,19.78
2010-09-21,21.63,21.80,21.12,21.18,17356200,20.03
2010-09-20,21.49,21.80,21.27,21.74,6243700,20.56
2010-09-17,21.78,21.79,21.36,21.46,9321300,20.29
2010-09-16,21.35,21.82,21.30,21.63,12705100,20.45
2010-09-15,21.33,21.47,21.13,21.43,6649600,20.26
2010-09-14,21.62,21.74,21.36,21.49,7447500,20.32
2010-09-13,21.40,21.66,21.14,21.66,11931900,20.48
2010-09-10,20.99,21.24,20.93,21.20,10015400,20.05
2010-09-09,21.42,21.43,20.84,20.91,8917800,19.77
2010-09-08,21.21,21.42,20.96,21.12,8752900,19.97
2010-09-07,21.56,21.58,21.16,21.27,7252700,20.11
2010-09-03,21.50,21.81,21.39,21.72,6826800,20.54
2010-09-02,21.27,21.38,20.83,21.38,7555400,20.22
2010-09-01,20.99,21.38,20.87,21.24,10527300,20.08
2010-08-31,20.62,21.07,20.55,20.68,7474600,19.55
2010-08-30,20.81,21.30,20.77,20.83,10004300,19.70
2010-08-27,20.25,20.85,19.99,20.81,10638600,19.68
2010-08-26,20.05,20.55,20.01,20.07,9092900,18.98
2010-08-25,20.02,20.15,19.68,20.04,9876900,18.95
2010-08-24,20.22,20.72,19.99,20.23,11949900,19.13
2010-08-23,20.37,20.78,20.33,20.58,9250900,19.46
2010-08-20,20.65,20.73,20.35,20.38,8887600,19.27
2010-08-19,20.83,20.94,20.65,20.81,9164100,19.68
2010-08-18,21.29,21.30,20.84,20.88,9186400,19.74
2010-08-17,21.02,21.41,20.95,21.32,8827800,20.16
2010-08-16,20.81,21.05,20.69,20.93,8704300,19.79
2010-08-13,20.99,21.36,20.78,20.78,7183200,19.65
2010-08-12,21.00,21.30,20.79,21.04,10454000,19.89
2010-08-11,21.93,21.95,21.30,21.41,9334400,20.24
2010-08-10,21.72,22.36,21.61,22.24,9630800,21.03
2010-08-09,22.40,22.50,21.89,22.01,7102200,20.81
2010-08-06,22.09,22.38,21.92,22.29,8913900,21.08
2010-08-05,22.30,22.60,22.07,22.37,7933200,21.15
2010-08-04,22.20,22.50,22.00,22.44,13671700,21.22
2010-08-03,21.65,22.10,21.50,21.83,14248300,20.64
2010-08-02,21.40,21.82,21.17,21.66,12340000,20.48
2010-07-30,20.85,21.16,20.75,21.03,8331100,19.88
2010-07-29,21.39,21.40,20.77,21.10,11498500,19.95
2010-07-28,21.36,21.44,20.93,21.12,8590100,19.97
2010-07-27,22.17,22.17,20.92,21.28,21499400,20.12
2010-07-26,21.93,22.04,21.67,21.98,7443500,20.78
2010-07-23,21.60,21.85,21.21,21.81,11107600,20.62
2010-07-22,21.52,21.87,21.40,21.70,9471000,20.52
2010-07-21,21.85,21.85,21.00,21.14,12402400,19.99
2010-07-20,20.64,21.66,20.63,21.51,10918800,20.34
2010-07-19,20.66,21.07,20.58,20.94,8616100,19.80
2010-07-16,21.31,21.31,20.72,20.87,11396600,19.73
2010-07-15,21.46,21.50,20.89,21.44,10739900,20.27
2010-07-14,21.31,21.64,21.10,21.41,7176000,20.24
2010-07-13,21.63,21.77,21.40,21.41,10659000,20.24
2010-07-12,21.48,21.52,20.93,21.26,8042000,20.10
2010-07-09,21.53,21.62,21.25,21.48,10543300,20.31
2010-07-08,21.66,21.72,21.05,21.44,12446000,20.27
2010-07-07,20.65,21.49,20.55,21.42,12290600,20.25
2010-07-06,21.00,21.21,20.34,20.54,12510800,19.42
2010-07-02,21.00,21.22,20.31,20.51,9220400,19.39
2010-07-01,20.90,21.18,20.38,20.82,15414200,19.69
2010-06-30,21.47,21.70,20.90,20.95,13805100,19.81
2010-06-29,21.95,22.02,21.07,21.27,17447200,20.11
2010-06-28,23.10,23.10,22.37,22.45,8724600,21.16
2010-06-25,22.95,23.29,22.58,22.98,12484200,21.66
2010-06-24,23.44,23.57,22.75,22.88,15664200,21.56
2010-06-23,23.68,23.75,23.18,23.49,12470000,22.14
2010-06-22,24.48,24.55,23.50,23.66,16137000,22.30
2010-06-21,25.08,25.46,24.28,24.49,16441000,23.08
2010-06-18,24.87,24.94,24.53,24.61,11057100,23.19
2010-06-17,25.32,25.32,24.56,24.88,10075300,23.45
2010-06-16,25.12,25.37,24.75,25.18,12300200,23.73
2010-06-15,25.10,25.43,24.89,25.36,12585300,23.90
2010-06-14,24.93,25.55,24.57,24.62,15991300,23.20
2010-06-11,24.20,24.70,24.13,24.64,11041300,23.22
2010-06-10,24.08,24.73,23.93,24.41,17407000,23.00
2010-06-09,24.33,24.80,23.26,23.44,22052700,22.09
2010-06-08,24.08,24.35,23.39,23.99,19578800,22.61
2010-06-07,24.41,24.98,23.85,23.95,17110800,22.57
2010-06-04,24.30,25.46,23.87,24.09,31022600,22.70
2010-06-03,23.36,24.99,22.94,24.86,39672400,23.43
2010-06-02,21.85,23.34,21.75,23.32,19518000,21.98
2010-06-01,22.02,22.55,21.57,21.62,15518800,20.37
2010-05-28,22.27,22.75,22.00,22.34,16143800,21.05
2010-05-27,21.60,22.25,21.55,22.22,14038400,20.94
2010-05-26,20.94,21.47,20.87,21.16,20942500,19.94
2010-05-25,20.12,20.84,19.62,20.79,17692900,19.59
2010-05-24,20.92,21.33,20.72,20.75,15212500,19.55
2010-05-21,20.46,21.23,20.10,21.01,24043100,19.80
2010-05-20,21.41,21.65,21.00,21.02,22563300,19.81
2010-05-19,22.04,22.45,21.54,22.10,16137200,20.83
2010-05-18,22.53,22.84,22.10,22.25,14623300,20.97
2010-05-17,22.63,22.84,21.71,22.29,17083600,21.01
2010-05-14,23.05,23.05,22.18,22.62,18637800,21.32
2010-05-13,23.47,23.94,23.17,23.29,15465000,21.95
2010-05-12,23.63,23.88,23.22,23.53,15798100,22.17
2010-05-11,23.02,23.96,22.95,23.28,20867800,21.94
2010-05-10,22.96,23.16,22.63,23.10,14607800,21.77
2010-05-07,22.29,22.76,21.33,21.91,21097400,20.65
2010-05-06,22.98,23.23,21.00,22.47,24091900,21.18
2010-05-05,23.38,23.80,22.75,23.17,23018900,21.83
2010-05-04,23.97,23.97,23.37,23.62,13207500,22.26
2010-05-03,23.99,24.30,23.66,24.08,9651400,22.69
2010-04-30,23.69,24.27,23.35,23.80,15196700,22.43
2010-04-29,23.89,24.10,23.11,23.61,17312400,22.25
2010-04-28,23.82,23.93,23.43,23.72,10939600,22.35
2010-04-27,24.27,24.42,23.56,23.65,15131800,22.29
2010-04-26,24.84,24.94,24.44,24.47,8911800,23.06
2010-04-23,23.87,24.91,23.50,24.89,17759800,23.46
2010-04-22,23.42,23.95,23.30,23.88,12029400,22.50
2010-04-21,23.91,23.95,23.56,23.68,9625200,22.32
2010-04-20,23.81,24.07,23.81,23.87,10950600,22.49
2010-04-19,23.63,23.84,23.43,23.75,11618600,22.38
2010-04-16,24.24,24.33,23.75,23.88,19025000,22.50
2010-04-15,24.55,24.64,24.31,24.37,12387600,22.97
2010-04-14,24.65,24.70,24.33,24.68,11781400,23.26
2010-04-13,24.43,24.70,23.91,24.57,15765700,23.15
2010-04-12,24.57,24.91,24.25,24.33,10486300,22.93
2010-04-09,24.54,24.63,24.23,24.56,15955200,23.14
2010-04-08,23.82,24.16,23.64,24.11,11992800,22.72
2010-04-07,24.41,24.50,23.92,24.09,13224800,22.70
2010-04-06,24.54,24.69,24.31,24.52,9576500,23.11
2010-04-05,24.44,24.70,24.17,24.58,10978200,23.16
2010-04-01,23.94,24.30,23.71,24.12,15732500,22.73
2010-03-31,23.52,24.06,23.44,23.64,20081700,22.28
2010-03-30,23.28,23.50,22.84,23.44,20168600,22.09
2010-03-29,22.70,23.35,22.57,23.28,19654300,21.87
2010-03-26,22.48,22.57,22.10,22.37,24888500,21.01
2010-03-25,23.35,23.40,22.38,22.43,28346300,21.07
2010-03-24,23.06,23.68,23.00,23.11,28214100,21.71
2010-03-23,23.34,23.47,22.96,23.27,33513500,21.86
2010-03-22,23.74,23.75,23.18,23.24,36719700,21.83
2010-03-19,24.21,24.43,23.40,24.21,26157800,22.74
2010-03-18,24.81,24.92,23.75,23.79,28921800,22.35
2010-03-17,25.46,25.55,24.96,25.05,16271200,23.53
2010-03-16,25.44,25.55,25.18,25.42,11283400,23.88
2010-03-15,25.39,25.53,24.93,25.42,14240900,23.88
2010-03-12,25.92,25.98,25.46,25.64,10950900,24.08
2010-03-11,25.61,25.86,25.44,25.79,9327700,24.23
2010-03-10,25.90,25.95,25.38,25.66,12489500,24.10
2010-03-09,25.45,26.24,25.32,25.70,32533100,24.14
2010-03-08,26.16,26.35,25.48,25.59,16184100,24.04
2010-03-05,26.38,26.50,26.17,26.31,8682100,24.71
2010-03-04,26.76,26.91,26.03,26.19,10991500,24.60
2010-03-03,26.87,27.01,26.67,26.80,7641100,25.17
2010-03-02,26.91,27.17,26.68,26.74,9415300,25.12
2010-03-01,26.73,26.84,26.47,26.68,9102100,25.06
2010-02-26,26.80,26.88,26.28,26.57,9714600,24.96
2010-02-25,26.14,26.75,25.84,26.73,13767200,25.11
2010-02-24,26.48,26.69,26.25,26.54,10592800,24.93
2010-02-23,26.91,26.91,26.26,26.30,14877700,24.70
2010-02-22,27.75,27.79,26.95,27.10,13778500,25.46
2010-02-19,27.32,27.81,27.27,27.59,13383700,25.92
2010-02-18,27.12,27.56,26.85,27.46,23204000,25.79
2010-02-17,26.21,26.44,25.68,26.36,14609300,24.76
2010-02-16,25.56,25.99,25.48,25.83,9090700,24.26
2010-02-12,24.64,25.16,24.31,24.96,10430600,23.45
2010-02-11,24.39,25.17,24.25,25.13,9545100,23.61
2010-02-10,24.36,24.67,23.85,24.40,7957100,22.92
2010-02-09,24.68,24.87,24.02,24.51,11595300,23.02
2010-02-08,24.71,24.97,24.15,24.24,9862700,22.77
2010-02-05,24.23,24.82,23.56,24.52,16824100,23.03
2010-02-04,25.29,25.34,24.13,24.18,14863000,22.71
2010-02-03,26.16,26.44,25.68,25.83,7046100,24.26
2010-02-02,26.02,26.33,25.59,26.25,7974000,24.66
2010-02-01,25.08,25.91,25.08,25.86,10624900,24.29
2010-01-29,25.70,26.07,24.64,24.78,15312600,23.28
2010-01-28,25.63,25.86,25.03,25.51,17949800,23.96
2010-01-27,26.48,26.54,25.26,25.93,17195500,24.36
2010-01-26,26.65,27.12,26.32,26.53,10096000,24.92
2010-01-25,26.88,27.36,26.72,26.96,9345600,25.32
2010-01-22,27.05,27.68,26.48,26.62,15991400,25.01
2010-01-21,27.91,28.25,27.17,27.18,16489400,25.53
2010-01-20,27.80,27.87,27.36,27.66,10037300,25.98
2010-01-19,27.67,28.26,27.50,28.21,10451200,26.50
2010-01-15,27.52,28.09,27.25,27.91,17245400,26.22
2010-01-14,28.02,28.38,27.52,27.67,15879600,25.99
2010-01-13,27.42,27.94,26.92,27.82,10504300,26.13
2010-01-12,27.51,27.70,27.17,27.58,12984300,25.91
2010-01-11,28.98,28.98,27.73,28.00,14230200,26.30
2010-01-08,28.39,28.92,28.05,28.91,11027800,27.16
2010-01-07,28.63,28.80,28.18,28.72,13156700,26.98
2010-01-06,29.21,29.22,28.53,28.65,15189200,26.91
2010-01-05,28.30,29.12,28.20,28.97,27145400,27.21
2010-01-04,27.43,28.11,26.92,28.09,29467200,26.39
2009-12-31,26.36,26.58,25.78,25.88,9759200,24.31
2009-12-30,26.40,26.74,26.27,26.36,8952500,24.76
2009-12-29,27.56,27.90,26.71,26.73,14631700,25.04
2009-12-28,28.16,28.23,27.22,27.59,14839700,25.84
2009-12-24,27.57,28.08,27.53,27.83,9063800,26.07
2009-12-23,27.02,27.49,26.84,27.32,9437600,25.59
2009-12-22,26.70,26.93,26.41,26.81,11829600,25.11
2009-12-21,26.69,26.75,26.36,26.38,13313200,24.71
2009-12-18,25.50,26.38,25.50,26.06,25694700,24.41
2009-12-17,24.78,25.27,24.42,25.00,17584300,23.42
2009-12-16,24.82,25.10,24.61,24.91,13996300,23.33
2009-12-15,24.48,24.80,24.33,24.54,15987700,22.99
2009-12-14,24.80,24.81,24.18,24.37,33227100,22.83
2009-12-11,23.28,23.46,22.90,23.03,12411100,21.57
2009-12-10,22.66,23.30,22.50,23.17,18334700,21.70
2009-12-09,22.82,22.86,22.06,22.44,13714100,21.02
2009-12-08,22.92,22.98,22.42,22.55,15434400,21.12
2009-12-07,22.75,23.37,22.65,22.80,16584200,21.36
2009-12-04,23.45,23.55,22.20,22.57,25771000,21.14
2009-12-03,23.55,23.55,22.96,23.03,13456400,21.57
2009-12-02,24.05,24.05,23.19,23.40,17689300,21.92
2009-12-01,24.29,24.58,24.00,24.10,12083100,22.57
2009-11-30,24.00,24.62,23.70,23.92,16719900,22.41
2009-11-27,23.82,24.49,23.50,24.17,10631100,22.64
2009-11-25,23.82,24.95,23.43,24.86,20557800,23.29
2009-11-24,23.19,23.69,22.78,23.65,14003600,22.15
2009-11-23,23.63,23.79,23.10,23.20,13409900,21.73
2009-11-20,23.20,23.37,22.77,23.03,13034700,21.57
2009-11-19,23.91,23.94,23.19,23.38,14189900,21.90
2009-11-18,24.60,24.67,23.80,24.08,18338800,22.56
2009-11-17,25.10,25.12,24.20,24.30,19868900,22.76
2009-11-16,25.27,25.61,24.96,25.14,15457300,23.55
2009-11-13,24.87,25.20,24.57,25.03,13284200,23.45
2009-11-12,25.17,25.69,24.60,24.71,16653000,23.15
2009-11-11,25.65,25.81,25.02,25.18,12821100,23.59
2009-11-10,25.15,25.42,24.81,25.34,9934300,23.74
2009-11-09,24.82,25.35,24.73,25.26,11457700,23.66
2009-11-06,24.42,24.95,24.04,24.22,12681100,22.69
2009-11-05,24.51,24.94,24.01,24.82,11233900,23.25
2009-11-04,24.99,25.20,24.23,24.35,13225900,22.81
2009-11-03,23.63,24.87,23.13,24.51,17929100,22.96
2009-11-02,24.77,25.15,23.80,24.14,21134600,22.61
2009-10-30,25.95,25.95,24.00,24.50,23243400,22.95
2009-10-29,25.15,26.05,24.87,26.04,13046900,24.39
2009-10-28,26.13,26.13,24.71,24.77,17068000,23.20
2009-10-27,25.87,26.86,25.70,26.34,23964600,24.67
2009-10-26,26.88,27.59,25.71,25.73,15040500,24.10
2009-10-23,28.22,28.33,26.55,26.73,13362000,25.04
2009-10-22,28.35,28.60,27.41,27.94,20257600,26.17
2009-10-21,28.50,29.68,28.40,28.83,14348100,27.01
2009-10-20,29.13,29.25,28.00,28.85,11425300,27.02
2009-10-19,28.88,29.05,28.62,28.97,8011800,27.14
2009-10-16,28.66,29.04,28.51,28.67,13861100,26.86
2009-10-15,28.44,29.19,28.32,28.93,15176900,27.10
2009-10-14,29.98,30.00,28.29,28.49,25938100,26.69
2009-10-13,29.25,29.75,28.59,29.46,16130600,27.60
2009-10-12,28.77,29.24,28.77,29.01,9606200,27.17
2009-10-09,28.18,28.80,28.04,28.66,9569300,26.85
2009-10-08,27.97,28.36,27.48,28.28,24531200,26.49
2009-10-07,27.65,28.05,27.08,27.59,11766100,25.84
2009-10-06,27.48,27.97,27.13,27.74,15088100,25.98
2009-10-05,26.94,27.63,26.81,27.50,11875500,25.76
2009-10-02,25.74,26.81,25.28,26.70,15249600,25.01
2009-10-01,28.31,28.40,26.43,26.50,16910100,24.82
2009-09-30,28.80,28.94,27.82,28.40,15158900,26.60
2009-09-29,27.92,28.84,27.76,28.59,12384200,26.78
2009-09-28,27.55,28.30,27.35,28.17,9451300,26.32
2009-09-25,27.61,28.12,27.30,27.53,11473900,25.72
2009-09-24,28.35,28.46,27.03,27.82,13488300,25.99
2009-09-23,29.16,29.28,28.22,28.30,15131900,26.44
2009-09-22,28.57,29.49,28.52,29.11,13842900,27.19
2009-09-21,27.34,28.19,26.57,28.11,14223900,26.26
2009-09-18,28.19,28.35,27.27,27.85,28337100,26.02
2009-09-17,28.69,29.20,27.52,27.97,21480400,26.13
2009-09-16,28.81,28.99,28.02,28.92,20668100,27.02
2009-09-15,27.75,28.50,27.62,28.31,24479100,26.45
2009-09-14,25.60,27.16,25.37,27.09,20282900,25.31
2009-09-11,25.87,27.10,25.57,26.12,36602300,24.40
2009-09-10,23.71,25.41,23.67,25.25,22131900,23.59
2009-09-09,23.35,24.15,23.10,23.65,14305800,22.09
2009-09-08,22.83,23.40,22.73,23.09,10586000,21.57
2009-09-04,21.62,22.27,21.60,22.20,9862600,20.74
2009-09-03,22.36,22.49,21.45,21.58,17883200,20.16
2009-09-02,22.38,22.70,22.13,22.13,11333900,20.67
2009-09-01,22.68,23.42,22.48,22.50,13904500,21.02
2009-08-31,23.18,23.25,22.67,22.84,12061500,21.34
2009-08-28,23.45,23.60,23.04,23.59,11856400,22.04
2009-08-27,23.17,23.22,22.50,23.20,10330900,21.67
2009-08-26,23.07,23.45,22.79,23.31,8229000,21.78
2009-08-25,24.09,24.23,23.31,23.35,9982900,21.81
2009-08-24,24.00,24.36,23.84,23.94,13835900,22.36
2009-08-21,23.40,23.94,23.29,23.79,10659100,22.22
2009-08-20,22.97,23.58,22.86,23.02,10370200,21.51
2009-08-19,22.17,23.24,21.98,22.97,11737300,21.46
2009-08-18,22.41,22.75,22.31,22.56,7740400,21.08
2009-08-17,22.77,22.97,22.10,22.25,14655300,20.79
2009-08-14,24.48,24.51,23.33,23.66,11365000,22.10
2009-08-13,24.02,24.73,23.52,24.40,16753200,22.79
2009-08-12,23.57,24.02,22.65,23.64,11837400,22.08
2009-08-11,24.39,24.46,23.48,23.78,12345800,22.22
2009-08-10,24.29,24.74,24.19,24.49,9347700,22.88
2009-08-07,24.93,24.98,24.34,24.44,14711600,22.83
2009-08-06,24.50,24.86,23.95,24.44,30578600,22.83
2009-08-05,23.49,23.98,23.05,23.31,18666500,21.78
2009-08-04,22.39,23.53,22.22,23.27,23450600,21.74
2009-08-03,22.04,22.53,21.87,22.36,16219900,20.89
2009-07-31,21.16,21.84,21.15,21.44,18624500,20.03
2009-07-30,21.10,21.54,20.89,21.33,12586000,19.93
2009-07-29,20.45,20.72,20.22,20.58,11436300,19.23
2009-07-28,21.25,21.29,20.42,20.99,13610500,19.61
2009-07-27,21.68,21.84,21.14,21.53,9959000,20.11
2009-07-24,21.00,21.31,20.84,21.29,9124200,19.89
2009-07-23,20.41,21.21,20.35,21.15,14623600,19.76
2009-07-22,20.14,20.69,20.00,20.38,13013000,19.04
2009-07-21,20.62,20.95,20.09,20.53,14477900,19.18
2009-07-20,20.47,20.70,20.07,20.37,13630400,19.03
2009-07-17,19.68,20.40,19.48,20.12,18403400,18.80
2009-07-16,18.96,19.98,18.87,19.82,16545400,18.52
2009-07-15,18.81,19.37,18.79,19.21,16033200,17.95
2009-07-14,18.45,18.62,18.17,18.45,12139200,17.24
2009-07-13,17.85,18.24,17.40,18.23,12475500,17.03
2009-07-10,17.55,17.93,17.27,17.85,10610800,16.68
2009-07-09,17.59,18.20,17.59,17.93,13170900,16.75
2009-07-08,17.57,18.00,16.92,17.39,17088500,16.25
2009-07-07,17.92,18.05,17.42,17.60,12388800,16.44
2009-07-06,18.12,18.12,17.10,17.93,17207900,16.75
2009-07-02,19.36,19.38,18.57,18.68,11941800,17.45
2009-07-01,20.33,20.47,19.64,19.67,10869900,18.38
2009-06-30,19.72,20.18,19.46,19.83,15582600,18.53
2009-06-29,19.90,19.90,19.41,19.46,9738900,18.18
2009-06-26,19.59,19.84,19.30,19.64,14382200,18.28
2009-06-25,19.60,19.66,19.08,19.61,17387800,18.25
2009-06-24,19.50,19.95,19.30,19.56,13401100,18.20
2009-06-23,19.54,19.61,18.78,19.27,15773600,17.93
2009-06-22,20.27,20.32,19.30,19.36,17958000,18.02
2009-06-19,22.04,22.15,20.86,20.95,23961500,19.50
2009-06-18,22.24,22.50,21.62,21.85,12246200,20.33
2009-06-17,22.32,22.50,21.32,22.14,19664200,20.60
2009-06-16,23.55,23.69,22.35,22.54,16121900,20.98
2009-06-15,23.54,23.80,22.70,22.98,15085200,21.39
2009-06-12,23.86,24.08,23.37,23.84,11447500,22.19
2009-06-11,24.05,24.66,23.79,24.31,15490900,22.62
2009-06-10,23.33,24.08,23.22,23.92,19478000,22.26
2009-06-09,23.22,23.35,22.39,22.88,12204100,21.29
2009-06-08,22.98,23.12,22.20,22.92,14009400,21.33
2009-06-05,24.04,24.10,23.00,23.28,12731400,21.67
2009-06-04,23.16,23.56,22.77,23.39,12879200,21.77
2009-06-03,23.53,23.62,22.40,22.69,17161100,21.12
2009-06-02,24.28,24.29,23.58,24.09,12879900,22.42
2009-06-01,23.30,24.63,23.24,24.52,22360800,22.82
2009-05-29,22.84,23.10,22.22,22.66,15632800,21.09
2009-05-28,21.19,22.44,20.78,22.28,19152000,20.73
2009-05-27,21.10,21.42,20.72,20.83,10444200,19.39
2009-05-26,20.09,20.98,19.60,20.93,13307800,19.48
2009-05-22,20.90,21.00,20.32,20.50,12987100,19.08
2009-05-21,21.51,21.64,20.44,20.87,14735000,19.42
2009-05-20,22.10,22.90,21.80,21.98,17609300,20.46
2009-05-19,21.08,22.25,21.08,21.65,17006900,20.15
2009-05-18,20.39,21.14,20.20,21.08,12490000,19.62
2009-05-15,20.59,20.85,19.69,19.95,16431200,18.57
2009-05-14,20.29,20.99,19.80,20.72,14886000,19.28
2009-05-13,21.70,21.78,20.29,20.45,20994200,19.03
2009-05-12,23.33,23.35,21.44,22.18,20661900,20.64
2009-05-11,23.24,23.36,22.20,22.39,17141400,20.84
2009-05-08,22.25,24.25,22.25,23.84,27701300,22.19
2009-05-07,22.27,23.01,21.32,21.92,24542800,20.40
2009-05-06,21.00,21.69,20.57,21.39,19948500,19.91
2009-05-05,21.22,22.09,20.03,20.40,28769700,18.99
2009-05-04,21.10,22.82,21.02,22.82,20551800,21.24
2009-05-01,19.71,21.00,19.66,20.89,15640600,19.44
2009-04-30,20.12,20.63,19.40,19.71,17491800,18.34
2009-04-29,20.16,20.37,19.70,19.95,17071000,18.57
2009-04-28,19.78,20.20,19.42,19.88,15624700,18.50
2009-04-27,20.15,20.39,19.71,20.29,13702500,18.88
2009-04-24,20.19,21.08,20.03,20.80,16474700,19.36
2009-04-23,19.61,20.14,19.53,19.93,14102100,18.55
2009-04-22,19.29,19.94,18.98,19.39,14157200,18.05
2009-04-21,19.04,20.05,18.70,19.67,16638400,18.31
2009-04-20,20.96,20.99,19.27,19.57,16297200,18.21
2009-04-17,20.64,21.80,20.64,21.63,15980000,20.13
2009-04-16,21.31,21.39,20.62,20.94,13662000,19.49
2009-04-15,20.78,21.36,20.71,20.93,13779400,19.48
2009-04-14,20.36,21.87,20.35,20.99,17902600,19.53
2009-04-13,20.12,20.91,19.52,20.74,13824000,19.30
2009-04-09,20.46,21.02,20.16,20.70,17317100,19.26
2009-04-08,18.90,20.21,18.59,19.49,17397800,18.14
2009-04-07,19.27,19.27,18.56,18.57,12348500,17.28
2009-04-06,19.33,19.86,19.23,19.81,11278000,18.44
2009-04-03,18.89,20.28,18.56,19.95,20503200,18.57
2009-04-02,18.22,19.32,18.17,18.85,17961300,17.54
2009-04-01,16.64,17.77,16.43,17.55,12962500,16.33
2009-03-31,17.65,17.83,16.94,17.06,15603000,15.88
2009-03-30,17.63,17.90,16.98,17.44,16100800,16.23
2009-03-27,18.53,18.79,18.19,18.34,16428700,17.00
2009-03-26,19.65,20.06,18.73,19.00,18718800,17.61
2009-03-25,19.67,20.13,18.53,19.30,17643400,17.89
2009-03-24,19.20,20.03,18.52,19.47,17594400,18.05
2009-03-23,18.25,19.56,18.10,19.50,19936400,18.07
2009-03-20,18.23,18.83,17.52,17.64,19228700,16.35
2009-03-19,18.14,18.88,17.76,17.97,21752500,16.66
2009-03-18,16.75,17.84,16.13,17.51,21500300,16.23
2009-03-17,16.09,17.02,15.80,16.96,15369400,15.72
2009-03-16,15.43,16.50,15.25,15.90,13702100,14.74
2009-03-13,16.07,16.16,15.29,15.46,11923400,14.33
2009-03-12,15.61,15.95,15.00,15.91,15612400,14.75
2009-03-11,14.95,15.85,14.90,15.61,17840500,14.47
2009-03-10,14.65,15.18,14.45,14.77,15431400,13.69
2009-03-09,13.92,14.85,13.70,14.06,12256200,13.03
2009-03-06,14.56,15.15,13.48,14.06,14872400,13.03
2009-03-05,14.31,15.32,14.11,14.46,17096600,13.40
2009-03-04,14.60,15.02,14.41,14.76,14276700,13.68
2009-03-03,13.81,14.51,13.27,13.98,17585200,12.96
2009-03-02,15.14,15.46,13.39,13.50,20245200,12.51
2009-02-27,15.16,16.10,14.81,15.64,19270000,14.50
2009-02-26,16.49,16.90,14.89,15.44,27643600,14.31
2009-02-25,15.71,16.50,15.00,16.04,16780900,14.87
2009-02-24,15.18,15.81,14.71,15.59,19968700,14.45
2009-02-23,16.31,16.34,14.77,14.84,17032400,13.75
2009-02-20,16.21,16.58,15.39,15.70,20367100,14.55
2009-02-19,16.95,17.18,16.25,16.72,16341800,15.50
2009-02-18,16.91,17.20,15.80,16.38,20593600,15.18
2009-02-17,17.73,17.85,16.97,17.12,15643600,15.87
2009-02-13,18.30,19.02,18.25,18.60,13792900,17.24
2009-02-12,17.63,18.52,17.34,18.43,15273300,17.08
2009-02-11,18.13,18.52,17.44,18.03,15630500,16.71
2009-02-10,18.89,19.50,17.75,17.99,20811900,16.67
2009-02-09,18.74,19.30,18.60,18.87,16113000,17.49
2009-02-06,17.65,18.36,17.46,18.11,15443600,16.78
2009-02-05,16.98,17.97,16.60,17.89,17313200,16.58
2009-02-04,16.74,17.34,16.55,17.09,16329400,15.84
2009-02-03,15.96,16.58,15.75,16.48,14461000,15.27
2009-02-02,15.50,15.99,15.07,15.76,12031600,14.61
2009-01-30,17.16,17.16,15.67,15.81,18321100,14.65
2009-01-29,16.18,17.17,16.05,16.70,17091100,15.48
2009-01-28,15.67,17.13,15.58,16.75,23480600,15.52
2009-01-27,15.84,16.14,15.17,15.64,15021500,14.50
2009-01-26,14.80,16.24,14.75,15.80,22385700,14.64
2009-01-23,13.69,14.98,13.50,14.90,17846800,13.81
2009-01-22,14.77,14.77,13.76,14.20,17500700,13.16
2009-01-21,14.28,15.21,13.82,15.13,18594400,14.02
2009-01-20,14.99,15.41,13.70,13.74,21607500,12.73
2009-01-16,15.91,16.08,14.90,15.26,14763400,14.14
2009-01-15,15.21,15.55,13.59,15.33,23420500,14.21
2009-01-14,15.87,15.96,15.13,15.41,17350600,14.28
2009-01-13,15.99,16.73,15.75,16.25,17363000,15.06
2009-01-12,16.28,16.44,15.82,16.05,13340800,14.88
2009-01-09,17.75,17.76,16.54,16.68,17798900,15.46
2009-01-08,17.81,18.25,17.43,17.61,20255600,16.32
2009-01-07,18.43,19.20,17.85,18.29,18734400,16.95
2009-01-06,19.05,19.78,18.75,19.09,24792700,17.69
2009-01-05,17.60,18.67,17.26,18.13,21044900,16.80
2009-01-02,16.24,17.36,16.09,17.27,14060500,16.01
2008-12-31,15.34,16.41,15.23,16.17,12988300,14.99
2008-12-30,15.35,15.68,15.05,15.65,9936600,14.50
2008-12-29,15.93,15.93,15.08,15.60,10343500,14.39
2008-12-26,15.13,15.67,14.96,15.40,6110300,14.20
2008-12-24,15.15,15.29,14.80,15.18,5595900,14.00
2008-12-23,15.65,15.90,15.00,15.24,16187100,14.06
2008-12-22,15.97,16.01,14.75,15.62,20588300,14.41
2008-12-19,15.86,16.46,15.70,15.97,18216700,14.73
2008-12-18,16.20,16.40,15.60,15.77,22793900,14.55
2008-12-17,16.22,16.97,16.06,16.09,21940900,14.84
2008-12-16,16.21,16.78,15.84,16.22,32927900,14.96
2008-12-15,17.34,17.81,15.32,15.65,22945700,14.44
2008-12-12,15.51,16.80,15.25,16.64,22861200,15.35
2008-12-11,18.18,18.83,16.03,16.57,43603000,15.28
2008-12-10,15.19,18.05,15.12,17.83,48009000,16.45
2008-12-09,13.90,15.87,13.75,14.47,34368900,13.35
2008-12-08,15.01,15.19,13.74,14.08,57553600,12.99
2008-12-05,11.51,11.62,9.84,11.32,67638700,10.44
2008-12-04,13.74,14.06,11.50,11.84,43048800,10.92
2008-12-03,13.43,14.39,13.43,14.10,22740200,13.01
2008-12-02,15.41,15.53,13.72,14.25,30281600,13.14
2008-12-01,16.41,16.41,15.00,15.00,23589000,13.84
2008-11-28,17.71,17.96,15.82,17.18,34533800,15.85
2008-11-26,18.22,20.27,18.13,20.24,17964000,18.67
2008-11-25,18.89,18.90,17.65,18.24,20404000,16.82
2008-11-24,18.07,18.93,17.03,18.26,24075300,16.84
2008-11-21,15.03,17.03,14.60,16.97,33274300,15.65
2008-11-20,18.93,18.97,13.84,13.98,38385700,12.89
2008-11-19,20.82,21.14,19.23,19.30,21175700,17.80
2008-11-18,21.30,21.49,19.90,21.11,19684200,19.47
2008-11-17,21.03,22.06,20.66,21.06,18833200,19.43
2008-11-14,21.16,22.40,20.55,21.23,19987800,19.58
2008-11-13,20.15,22.24,19.06,21.82,30364000,20.13
2008-11-12,21.85,22.28,20.02,20.13,19658100,18.57
2008-11-11,23.86,24.10,21.85,22.36,27185700,20.62
2008-11-10,24.68,24.74,22.92,23.67,18658500,21.83
2008-11-07,23.05,23.65,21.94,23.39,20765600,21.57
2008-11-06,24.67,25.49,22.01,22.53,37248900,20.78
2008-11-05,22.25,26.95,21.95,24.83,68831500,22.90
2008-11-04,21.53,22.99,21.46,22.95,33563900,21.17
2008-11-03,21.69,22.16,20.14,20.63,23200400,19.03
2008-10-31,22.26,22.62,20.65,21.97,35231900,20.26
2008-10-30,22.27,22.30,19.81,22.07,32843400,20.36
2008-10-29,20.12,21.98,19.64,20.65,31332100,19.05
2008-10-28,18.98,19.50,16.95,19.47,35301900,17.96
2008-10-27,19.95,20.23,17.64,17.65,34267000,16.28
2008-10-24,17.65,20.94,17.47,20.40,32230600,18.82
2008-10-23,21.21,22.08,19.52,21.45,41746900,19.78
2008-10-22,21.86,22.67,20.12,21.12,36371600,19.48
2008-10-21,22.76,24.61,22.38,23.32,38633900,21.51
2008-10-20,22.49,23.36,21.55,23.32,40932800,21.51
2008-10-17,18.08,22.52,16.80,20.47,66814500,18.88
2008-10-16,17.39,18.37,16.36,18.35,59739600,16.93
2008-10-15,20.58,20.58,15.90,16.34,70610900,15.07
2008-10-14,23.57,24.00,21.02,21.58,56747400,19.90
2008-10-13,19.10,21.10,18.26,20.20,63819900,18.63
2008-10-10,15.67,18.60,11.99,16.52,117752000,15.24
2008-10-09,23.57,24.08,17.09,17.71,70822000,16.34
2008-10-08,21.03,24.00,20.50,22.41,52405300,20.67
2008-10-07,27.68,27.97,22.20,22.40,36962000,20.66
2008-10-06,26.80,27.00,23.41,26.50,41050200,24.44
2008-10-03,30.55,31.89,28.76,28.92,24321700,26.68
2008-10-02,33.80,33.80,29.81,30.07,26746400,27.74
2008-10-01,35.07,35.46,32.93,34.30,17687100,31.64
2008-09-30,33.29,36.34,32.95,35.86,23274200,33.08
2008-09-29,36.63,36.70,31.15,32.60,29690000,30.07
2008-09-26,38.76,39.46,37.37,37.94,18383500,34.93
2008-09-25,39.29,41.11,38.94,40.43,14194600,37.22
2008-09-24,41.55,41.78,39.38,39.63,13425400,36.48
2008-09-23,41.50,42.67,39.71,40.94,22858300,37.69
2008-09-22,42.20,43.35,40.57,40.89,19511000,37.64
2008-09-19,41.00,42.27,39.56,41.73,21815600,38.41
2008-09-18,38.21,40.02,36.71,38.57,25421600,35.51
2008-09-17,38.81,39.95,36.61,37.16,25046600,34.21
2008-09-16,36.81,38.78,35.30,38.62,27671500,35.55
2008-09-15,39.70,40.65,37.94,38.37,20370700,35.32
2008-09-12,40.59,42.34,40.40,42.26,20271700,38.90
2008-09-11,39.82,40.55,38.26,40.16,21939900,36.97
2008-09-10,39.50,40.60,38.10,40.15,27617900,36.96
2008-09-09,41.73,42.04,38.88,38.89,27713500,35.80
2008-09-08,45.13,45.35,42.50,42.72,18480100,39.33
2008-09-05,44.87,45.22,43.05,44.34,18761300,40.82
2008-09-04,45.19,46.00,43.45,44.66,16872700,41.11
2008-09-03,44.98,46.09,43.92,45.16,24943400,41.57
2008-09-02,46.15,46.48,45.03,45.24,18727200,41.65
2008-08-29,49.87,49.87,48.32,48.40,9330400,44.55
2008-08-28,51.06,51.10,48.24,49.24,13977500,45.33
2008-08-27,50.83,50.89,49.78,50.60,13160900,46.58
2008-08-26,49.19,50.24,48.87,49.45,12740100,45.52
2008-08-25,47.48,48.87,47.11,48.00,9851700,44.19
2008-08-22,48.31,48.74,46.88,47.65,10264700,43.86
2008-08-21,49.58,50.13,48.57,49.39,16160300,45.47
2008-08-20,47.87,49.00,46.51,48.62,20235000,44.76
2008-08-19,45.23,47.29,45.00,46.92,14552300,43.19
2008-08-18,45.76,46.62,44.70,44.92,12782700,41.35
2008-08-15,45.68,46.30,44.80,45.53,12732600,41.91
2008-08-14,46.62,47.74,45.59,46.40,16370900,42.71
2008-08-13,45.03,47.60,44.76,47.11,21575000,43.37
2008-08-12,44.23,45.39,43.53,45.02,20349200,41.44
2008-08-11,43.65,44.78,42.20,43.53,21735300,40.07
2008-08-08,44.19,44.30,42.81,43.29,19900900,39.85
2008-08-07,47.18,47.50,45.00,45.11,19025900,41.53
2008-08-06,44.97,47.10,44.97,46.33,22562900,42.65
2008-08-05,45.00,46.14,43.79,44.92,27534100,41.35
2008-08-04,49.44,49.50,44.41,45.25,28557700,41.66
2008-08-01,49.50,51.71,48.51,49.22,22213700,45.31
2008-07-31,50.76,51.00,49.03,50.15,22991000,46.17
2008-07-30,46.75,51.17,46.75,50.95,27729500,46.90
2008-07-29,48.30,48.59,46.63,47.18,22322100,43.43
2008-07-28,48.96,50.58,48.48,48.93,19190400,45.04
2008-07-25,49.29,49.60,47.82,48.29,21904100,44.45
2008-07-24,47.75,49.65,45.00,49.06,53328900,45.16
2008-07-23,51.20,52.39,46.61,46.96,44722200,43.23
2008-07-22,54.64,54.85,50.71,51.10,28274500,47.04
2008-07-21,54.49,56.11,53.62,55.84,14396900,51.40
2008-07-18,55.00,56.52,53.20,54.33,20680200,50.01
2008-07-17,57.00,57.80,52.00,54.74,32792200,50.39
2008-07-16,58.99,59.05,55.11,56.67,19877500,52.17
2008-07-15,62.88,63.80,59.16,59.49,16540600,54.76
2008-07-14,64.46,64.92,62.37,63.00,12873200,57.99
2008-07-11,63.48,65.97,61.94,63.52,25543600,58.47
2008-07-10,58.09,61.74,57.73,61.58,30934800,56.69
2008-07-09,59.04,61.00,57.72,57.72,24190900,53.13
2008-07-08,63.28,63.28,59.40,61.55,25090600,56.66
2008-07-07,66.35,67.84,63.39,64.34,15854400,59.23
2008-07-03,67.72,68.74,63.62,66.78,16181700,61.47
2008-07-02,73.10,74.00,69.22,69.40,31462000,63.89
2008-07-01,66.25,67.53,65.50,67.36,14595000,62.01
2008-06-30,66.31,67.10,64.93,65.96,13996500,60.72
2008-06-27,63.21,64.83,62.89,64.09,16013700,59.00
2008-06-26,64.50,64.75,61.89,62.90,15806000,57.83
2008-06-25,65.75,65.75,61.65,63.77,19585400,58.63
2008-06-24,67.40,67.45,65.23,65.45,14730300,60.18
2008-06-23,64.91,67.94,64.50,67.79,14161500,62.33
2008-06-20,65.05,65.60,63.20,63.96,14020800,58.81
2008-06-19,67.64,68.10,62.78,63.39,19394600,58.28
2008-06-18,64.75,66.08,64.29,65.94,15047200,60.63
2008-06-17,61.27,64.04,61.17,64.00,13635400,58.85
2008-06-16,60.48,61.50,59.78,61.06,9642500,56.14
2008-06-13,58.20,59.72,57.52,59.26,7463400,54.49
2008-06-12,58.87,59.50,57.66,58.29,10980900,53.60
2008-06-11,59.83,60.25,58.67,59.67,10469600,54.86
2008-06-10,60.56,61.44,57.77,58.86,15476900,54.12
2008-06-09,59.15,60.83,59.00,60.08,12806000,55.24
2008-06-06,58.50,60.60,58.00,58.05,22707000,53.37
2008-06-05,54.57,56.09,54.23,56.08,9697600,51.56
2008-06-04,54.76,55.43,53.58,53.73,10190100,49.40
2008-06-03,55.80,56.77,54.90,55.30,8895700,50.85
2008-06-02,54.74,56.51,54.54,55.61,11619600,51.13
2008-05-30,53.19,55.24,53.16,54.77,18299900,50.36
2008-05-29,53.35,54.15,52.17,52.31,12409600,48.10
2008-05-28,52.96,54.00,51.50,53.88,15690900,49.54
2008-05-27,52.30,53.97,52.17,53.19,15630900,48.91
2008-05-23,54.70,54.92,52.36,52.55,14043100,48.32
2008-05-22,55.85,56.21,52.67,54.08,23545000,49.72
2008-05-21,57.05,57.38,55.41,55.71,33394100,51.22
2008-05-20,58.41,59.32,57.26,57.26,25275800,52.65
2008-05-19,59.12,59.82,58.45,58.94,8797500,54.19
2008-05-16,57.71,58.80,57.71,58.78,8722400,54.05
2008-05-15,57.74,58.63,55.80,57.10,13811500,52.50
2008-05-14,58.64,59.60,57.01,57.16,10081500,52.56
2008-05-13,55.96,58.68,55.54,58.26,13336500,53.57
2008-05-12,56.00,56.26,55.25,55.96,8321000,51.45
2008-05-09,57.00,57.25,55.65,56.67,7036100,52.11
2008-05-08,56.58,56.70,55.10,56.55,9985800,52.00
2008-05-07,57.84,57.87,55.96,56.12,12253800,51.60
2008-05-06,54.47,57.20,54.47,56.92,11809300,52.34
2008-05-05,53.18,54.97,53.10,54.74,12189200,50.33
2008-05-02,51.82,52.94,50.70,52.67,15758100,48.43
2008-05-01,51.51,52.25,48.90,50.93,14292700,46.83
2008-04-30,51.98,52.06,50.27,51.70,10441400,47.54
2008-04-29,52.99,53.50,51.11,51.35,13155500,47.21
2008-04-28,55.00,55.00,53.69,53.80,11934000,49.47
2008-04-25,52.45,54.68,52.20,54.68,12078300,50.28
2008-04-24,52.56,53.00,51.36,51.78,12767800,47.61
2008-04-23,53.67,53.67,52.20,53.12,11838500,48.84
2008-04-22,52.01,54.86,51.91,53.68,22717300,49.36
2008-04-21,50.86,51.84,50.36,51.68,9464900,47.52
2008-04-18,49.50,50.40,48.60,50.39,9618600,46.33
2008-04-17,50.90,51.20,49.25,49.48,9081400,45.49
2008-04-16,49.73,51.03,49.44,51.03,10816800,46.92
2008-04-15,49.14,49.38,48.45,49.32,6433100,45.35
2008-04-14,47.43,48.84,47.35,48.55,5347300,44.64
2008-04-11,48.30,48.68,47.48,47.60,7113000,43.77
2008-04-10,49.32,49.58,48.38,49.00,9499500,45.05
2008-04-09,48.29,49.53,48.23,48.99,10040200,45.04
2008-04-08,47.19,48.27,46.85,47.95,7652600,44.09
2008-04-07,47.29,48.09,46.74,47.03,10976800,43.24
2008-04-04,45.85,46.83,45.85,46.42,7723400,42.68
2008-04-03,45.66,46.50,45.30,45.80,12210200,42.11
2008-04-02,46.50,47.12,46.13,46.69,8836100,42.93
2008-04-01,46.16,46.85,45.25,46.66,10104200,42.90
2008-03-31,45.75,46.59,45.51,46.15,10302600,42.43
2008-03-28,45.89,46.50,45.43,45.50,19219700,41.84
2008-03-27,46.59,47.37,46.00,46.10,15799500,42.32
2008-03-26,46.69,47.71,46.60,47.36,13189900,43.48
2008-03-25,46.10,46.95,45.58,46.40,17712100,42.60
2008-03-24,44.30,45.56,44.25,45.01,7882000,41.32
2008-03-20,43.32,44.37,42.15,44.29,13813500,40.66
2008-03-19,47.43,47.69,44.19,44.21,11291500,40.59
2008-03-18,46.77,47.95,46.53,47.91,9630600,43.99
2008-03-17,46.88,47.20,45.19,45.90,10939700,42.14
2008-03-14,49.87,49.87,47.40,47.90,15804100,43.98
2008-03-13,46.22,49.33,46.14,49.00,15846900,44.99
2008-03-12,46.61,47.48,46.34,46.68,11238700,42.86
2008-03-11,45.36,46.03,44.32,45.98,11595500,42.21
2008-03-10,44.94,44.94,43.79,44.09,7234400,40.48
2008-03-07,44.74,45.59,43.92,44.74,10454800,41.08
2008-03-06,46.50,46.93,45.00,45.07,11207900,41.38
2008-03-05,46.43,46.71,45.50,46.50,14197700,42.69
2008-03-04,46.40,46.82,45.40,46.25,14824200,42.46
2008-03-03,45.41,46.31,45.30,46.08,8941400,42.31
2008-02-29,46.09,46.13,45.00,45.22,10617900,41.52
2008-02-28,45.76,46.65,45.67,46.25,19613000,42.46
2008-02-27,45.50,46.18,45.27,45.35,11494000,41.64
2008-02-26,46.10,46.70,45.49,46.26,17363500,42.47
2008-02-25,44.39,46.50,44.35,46.22,10863200,42.43
2008-02-22,43.99,44.59,43.50,44.45,10887400,40.81
2008-02-21,44.78,45.15,43.94,44.18,12149200,40.56
2008-02-20,43.37,45.01,43.33,44.84,8827600,41.17
2008-02-19,43.70,44.12,43.26,43.65,9259400,40.08
2008-02-15,43.09,43.50,42.53,43.05,13464200,39.52
2008-02-14,42.59,43.41,42.27,42.89,14839900,39.38
2008-02-13,41.25,42.43,41.25,42.24,10094300,38.78
2008-02-12,41.20,41.91,40.82,41.33,13367700,37.95
2008-02-11,39.00,41.22,38.71,41.15,20730000,37.78
2008-02-08,37.31,38.75,37.03,38.64,11093500,35.48
2008-02-07,36.51,37.52,36.51,37.43,6727500,34.36
2008-02-06,37.13,37.47,36.67,36.78,6552200,33.77
2008-02-05,37.43,37.66,36.95,36.95,7779800,33.92
2008-02-04,37.71,38.25,37.35,37.98,7036200,34.87
2008-02-01,37.14,37.92,37.07,37.71,7517400,34.62
2008-01-31,36.57,37.47,36.17,37.16,10269900,34.12
2008-01-30,36.79,37.74,36.65,36.87,8829400,33.85
2008-01-29,36.85,37.18,36.73,36.88,8537900,33.86
2008-01-28,36.08,36.79,35.96,36.55,8515900,33.56
2008-01-25,36.89,37.25,35.88,36.10,8281500,33.14
2008-01-24,36.01,36.77,35.97,36.55,7631800,33.56
2008-01-23,35.42,36.36,34.42,36.00,15104900,33.05
2008-01-22,35.32,36.77,35.23,36.49,9809200,33.50
2008-01-18,36.98,37.77,36.61,37.23,10831600,34.18
2008-01-17,38.54,39.07,36.67,36.80,11137200,33.79
2008-01-16,39.30,39.60,38.08,38.48,9491200,35.33
2008-01-15,40.06,40.29,39.32,39.54,7544100,36.30
2008-01-14,39.72,40.62,39.72,40.48,8551600,37.16
2008-01-11,39.01,39.75,38.72,39.52,6370400,36.28
2008-01-10,39.00,39.49,38.60,39.29,7668300,36.07
2008-01-09,38.55,39.30,38.47,39.14,6435800,35.93
2008-01-08,39.37,39.55,38.44,38.52,6115400,35.37
2008-01-07,39.48,39.56,38.52,39.10,7310900,35.90
2008-01-04,39.86,40.26,39.25,39.32,7466300,36.10
2008-01-03,40.23,40.84,40.02,40.50,7315300,37.18
2008-01-02,39.61,40.13,39.61,40.01,7324500,36.73
