Date,Open,High,Low,Close,Volume,Adj Close
2013-12-31,22.02,22.35,21.94,22.32,6111300,22.28
2013-12-30,21.67,22.00,21.36,21.93,5684000,21.89
2013-12-27,21.55,21.73,21.38,21.67,4570400,21.63
2013-12-26,21.33,21.73,21.32,21.37,5170100,21.33
2013-12-24,21.05,21.58,20.77,21.29,3768200,21.25
2013-12-23,20.73,21.30,20.73,21.13,8671300,21.10
2013-12-20,20.11,20.63,20.11,20.58,8179100,20.55
2013-12-19,19.93,20.25,19.93,20.16,7487800,20.13
2013-12-18,19.35,20.30,19.07,20.11,15790400,20.08
2013-12-17,18.96,19.11,18.68,18.91,6291600,18.88
2013-12-16,19.05,19.47,19.00,19.15,3902900,19.12
2013-12-13,19.06,19.20,18.89,18.96,3759900,18.93
2013-12-12,18.93,19.18,18.83,18.99,5193500,18.96
2013-12-11,19.49,19.51,18.90,19.01,7462000,18.98
2013-12-10,19.62,20.14,19.47,19.53,6771200,19.50
2013-12-09,19.10,19.85,19.09,19.45,7182900,19.42
2013-12-06,19.12,19.34,18.94,19.08,4490200,19.05
2013-12-05,18.94,19.10,18.72,18.79,6756800,18.76
2013-12-04,18.92,19.33,18.74,19.08,7900600,19.05
2013-12-03,19.24,19.53,19.01,19.13,5580700,19.10
2013-12-02,19.82,19.82,19.29,19.33,5209700,19.30
2013-11-29,20.05,20.10,19.63,19.88,3141900,19.85
2013-11-27,19.98,20.43,19.95,20.06,8665500,20.03
2013-11-26,19.15,19.95,19.14,19.93,10872000,19.90
2013-11-25,19.05,19.16,18.66,19.05,6835700,19.02
2013-11-22,19.48,19.68,18.95,19.05,8926900,19.02
2013-11-21,19.13,19.51,18.70,19.44,8783100,19.41
2013-11-20,19.65,19.72,18.97,19.06,8087000,19.03
2013-11-19,19.23,19.40,19.04,19.29,4737800,19.26
2013-11-18,19.60,19.77,19.16,19.30,7776300,19.27
2013-11-15,19.62,19.97,19.53,19.59,7204800,19.56
2013-11-14,19.08,19.90,18.91,19.59,10835900,19.56
2013-11-13,18.74,19.18,18.57,19.05,9686600,19.02
2013-11-12,18.42,19.27,18.12,18.91,19239200,18.88
2013-11-11,18.16,18.21,17.67,18.06,10780700,18.03
2013-11-08,18.33,18.35,17.86,18.14,20501200,18.11
2013-11-07,18.92,19.24,18.44,18.55,8049100,18.52
2013-11-06,18.46,18.77,18.26,18.73,10499500,18.70
2013-11-05,18.72,18.93,18.14,18.41,8004900,18.38
2013-11-04,18.63,19.28,18.59,18.82,6850300,18.79
2013-11-01,18.99,19.05,18.18,18.51,8982800,18.48
2013-10-31,19.53,19.53,18.94,18.95,6530100,18.92
2013-10-30,19.96,19.97,19.36,19.52,4760200,19.49
2013-10-29,19.73,19.99,19.51,19.97,4777500,19.94
2013-10-28,19.79,20.00,19.49,19.66,4904100,19.63
2013-10-25,19.93,19.98,19.60,19.77,5116000,19.74
2013-10-24,19.57,20.23,19.57,19.87,6940100,19.84
2013-10-23,19.17,19.97,19.14,19.47,7991400,19.44
2013-10-22,18.83,19.34,18.77,19.23,6641200,19.20
2013-10-21,19.16,19.25,18.31,18.67,5181900,18.64
2013-10-18,19.23,19.28,18.90,19.02,5978300,18.99
2013-10-17,17.99,19.25,17.97,19.14,12642700,19.11
2013-10-16,17.89,18.31,17.60,18.05,11696600,18.02
2013-10-15,18.21,18.24,17.65,17.69,10394300,17.66
2013-10-14,18.30,18.49,17.97,18.25,6561400,18.22
2013-10-11,18.30,18.81,18.29,18.65,4495700,18.62
2013-10-10,18.25,18.61,18.09,18.29,6603500,18.26
2013-10-09,18.03,18.25,17.66,17.93,10650100,17.90
2013-10-08,18.54,18.75,17.95,17.99,5988200,17.96
2013-10-07,18.26,18.84,18.25,18.50,6564000,18.47
2013-10-04,19.08,19.15,18.28,18.54,8108300,18.51
2013-10-03,19.49,19.69,18.98,19.07,8795300,19.04
2013-10-02,19.20,19.70,19.11,19.54,7228100,19.51
2013-10-01,19.47,19.56,19.21,19.38,7516700,19.35
2013-09-30,19.28,19.60,19.10,19.43,7702300,19.40
2013-09-27,19.82,20.02,19.57,19.63,4529600,19.60
2013-09-26,20.16,20.26,19.83,19.99,4249800,19.96
2013-09-25,20.11,20.53,19.81,20.16,4707800,20.13
2013-09-24,19.86,20.61,19.67,20.06,8563600,20.03
2013-09-23,20.18,20.28,19.59,19.81,7440200,19.78
2013-09-20,21.06,21.09,20.03,20.20,10105700,20.17
2013-09-19,21.45,21.60,20.79,21.01,8474700,20.98
2013-09-18,19.90,21.40,19.68,21.33,13832400,21.29
2013-09-17,19.77,20.19,19.75,19.95,5018700,19.92
2013-09-16,19.74,20.24,19.61,19.84,9905600,19.81
2013-09-13,19.31,19.43,18.88,19.14,5183800,19.11
2013-09-12,19.48,20.07,19.30,19.36,6758900,19.33
2013-09-11,18.89,19.70,18.88,19.50,7077500,19.47
2013-09-10,19.20,19.37,18.84,18.89,7595900,18.86
2013-09-09,18.19,19.34,18.19,19.28,10615600,19.25
2013-09-06,18.11,18.51,17.87,18.10,7702200,18.07
2013-09-05,17.82,17.86,17.52,17.77,5901300,17.74
2013-09-04,17.80,18.04,17.75,17.83,5929800,17.80
2013-09-03,17.91,18.12,17.73,17.80,6962500,17.77
2013-08-30,18.32,18.32,17.77,17.85,5478600,17.82
2013-08-29,17.81,18.53,17.73,18.40,8412900,18.37
2013-08-28,17.90,17.94,17.57,17.77,9461800,17.74
2013-08-27,18.29,18.42,17.89,17.99,11456900,17.96
2013-08-26,18.69,19.03,18.48,18.69,6831700,18.66
2013-08-23,19.39,19.39,18.47,18.73,7194900,18.70
2013-08-22,18.97,19.44,18.86,19.28,3760700,19.25
2013-08-21,18.88,19.21,18.73,18.85,7442400,18.82
2013-08-20,18.40,19.02,18.33,18.91,6073800,18.88
2013-08-19,18.97,19.29,18.21,18.30,8805200,18.27
2013-08-16,19.23,19.87,18.73,19.00,13307700,18.97
2013-08-15,17.82,19.36,17.59,19.12,16214700,19.09
2013-08-14,18.50,18.50,17.91,18.09,9419500,18.06
2013-08-13,18.85,18.91,18.19,18.54,7386900,18.51
2013-08-12,18.81,19.27,18.67,18.82,6200100,18.79
2013-08-09,18.89,19.06,18.58,18.89,5999600,18.86
2013-08-08,19.18,19.22,18.86,18.91,5454300,18.88
2013-08-07,19.50,19.54,18.82,18.98,7994500,18.95
2013-08-06,19.98,20.00,19.43,19.60,4369500,19.57
2013-08-05,20.30,20.33,19.74,19.97,5916100,19.94
2013-08-02,20.20,20.66,20.16,20.38,4600900,20.35
2013-08-01,20.36,20.76,19.93,20.11,7385900,20.08
2013-07-31,19.70,20.45,19.61,20.10,9662300,20.07
2013-07-30,19.52,19.84,19.48,19.75,7157200,19.72
2013-07-29,19.48,20.06,19.38,19.67,10822400,19.64
2013-07-26,19.40,19.90,19.21,19.33,10621400,19.30
2013-07-25,20.35,20.39,19.13,19.38,22962800,19.35
2013-07-24,22.14,22.24,21.08,21.20,7810600,21.17
2013-07-23,21.57,21.94,21.38,21.80,4671500,21.76
2013-07-22,22.27,22.34,21.49,21.58,4842400,21.54
2013-07-19,21.64,22.20,21.57,22.07,4929300,22.03
2013-07-18,22.28,22.38,21.66,21.67,4976500,21.63
2013-07-17,21.65,22.25,21.20,22.19,9131500,22.15
2013-07-16,21.77,22.28,21.25,21.70,7968200,21.66
2013-07-15,22.74,22.82,21.65,21.72,6815300,21.68
2013-07-12,22.96,23.20,22.61,22.76,4959000,22.72
2013-07-11,21.92,23.01,21.92,22.98,11785100,22.94
2013-07-10,21.25,21.35,20.84,21.05,5695500,21.02
2013-07-09,19.92,21.37,19.92,21.22,12644900,21.19
2013-07-08,20.36,20.48,19.69,19.73,7582000,19.70
2013-07-05,21.03,21.07,19.89,20.28,6154400,20.25
2013-07-03,20.77,21.12,20.72,20.96,2599900,20.93
2013-07-02,21.12,21.25,20.77,20.86,7161400,20.83
2013-07-01,21.38,21.71,20.98,21.05,6231100,21.02
2013-06-28,21.59,21.73,21.28,21.28,7291900,21.24
2013-06-27,21.08,21.77,20.83,21.71,9363200,21.67
2013-06-26,21.05,21.22,20.53,20.92,8803800,20.89
2013-06-25,21.71,21.75,20.87,20.91,10991000,20.88
2013-06-24,20.50,21.23,20.02,20.92,12263600,20.89
2013-06-21,21.52,21.65,19.94,21.10,16532300,21.07
2013-06-20,23.09,23.09,21.06,21.31,17923600,21.27
2013-06-19,24.44,24.44,23.39,23.44,5123100,23.40
2013-06-18,24.24,24.55,23.88,24.38,3677500,24.34
2013-06-17,24.10,24.65,23.98,24.26,6115700,24.22
2013-06-14,23.62,24.15,23.62,23.89,7673300,23.85
2013-06-13,22.45,23.73,22.45,23.66,7234000,23.62
2013-06-12,22.66,22.86,22.29,22.49,5985100,22.45
2013-06-11,22.69,23.02,22.17,22.32,6952500,22.28
2013-06-10,23.70,23.70,22.61,23.06,6016100,23.02
2013-06-07,23.54,24.20,23.14,23.56,8923900,23.52
2013-06-06,22.55,23.41,22.13,23.27,10558100,23.23
2013-06-05,22.75,22.97,22.09,22.65,10791900,22.61
2013-06-04,23.71,24.06,22.83,22.92,8000600,22.88
2013-06-03,24.40,24.53,23.14,23.78,7299100,23.74
2013-05-31,24.58,24.93,24.34,24.36,4208300,24.32
2013-05-30,24.63,25.05,24.32,24.74,5493200,24.70
2013-05-29,25.46,25.52,24.31,24.52,8307000,24.48
2013-05-28,26.13,26.53,25.48,25.69,5827800,25.65
2013-05-24,25.88,25.88,25.33,25.75,4469400,25.71
2013-05-23,25.70,26.43,25.46,26.01,8163800,25.97
2013-05-22,26.52,27.17,25.91,26.12,5875000,26.08
2013-05-21,26.82,26.99,25.91,26.31,5461100,26.27
2013-05-20,27.20,27.61,26.71,26.74,4060300,26.70
2013-05-17,26.95,27.35,26.88,27.23,8275000,27.19
2013-05-16,27.28,27.56,26.50,26.80,5260200,26.76
2013-05-15,27.49,27.75,27.20,27.43,5243300,27.38
2013-05-14,27.37,27.61,27.23,27.60,4003000,27.55
2013-05-13,27.07,27.39,26.97,27.35,3464700,27.30
2013-05-10,26.87,27.16,26.85,27.15,2982700,27.11
2013-05-09,26.86,27.31,26.78,26.82,5126200,26.78
2013-05-08,26.65,26.98,26.41,26.96,4428300,26.92
2013-05-07,26.68,26.84,26.41,26.75,4103800,26.71
2013-05-06,26.46,26.64,26.16,26.49,4318500,26.45
2013-05-03,26.78,27.02,26.24,26.45,4759300,26.41
2013-05-02,25.83,26.53,25.64,26.42,6285200,26.38
2013-05-01,25.97,26.04,25.39,25.58,5938500,25.54
2013-04-30,26.22,26.49,25.52,26.08,8695200,26.04
2013-04-29,26.61,27.32,26.47,26.52,9981100,26.48
2013-04-26,25.83,26.92,25.60,26.66,15525700,26.62
2013-04-25,24.21,24.79,24.01,24.53,7239300,24.49
2013-04-24,23.59,24.11,23.48,24.02,6468100,23.98
2013-04-23,22.84,23.97,22.84,23.55,7458900,23.51
2013-04-22,22.01,22.46,21.47,22.36,4021600,22.32
2013-04-19,21.58,22.21,21.54,21.98,5142000,21.94
2013-04-18,22.10,22.14,21.24,21.48,5308100,21.44
2013-04-17,22.20,22.23,21.64,22.14,5013900,22.10
2013-04-16,22.42,22.56,21.71,22.45,5696300,22.41
2013-04-15,23.21,23.22,21.85,21.90,6431500,21.86
2013-04-12,23.22,23.93,23.16,23.42,4622700,23.38
2013-04-11,23.03,23.59,23.03,23.33,3251300,23.29
2013-04-10,23.44,23.44,22.94,23.15,4528700,23.11
2013-04-09,23.51,23.63,23.15,23.27,4520500,23.23
2013-04-08,23.10,23.53,22.90,23.48,5831600,23.44
2013-04-05,22.43,23.12,22.16,23.08,6263300,23.04
2013-04-04,22.89,23.04,22.60,22.88,4508400,22.84
2013-04-03,23.45,23.57,22.10,22.84,8907400,22.80
2013-04-02,24.06,24.19,23.35,23.41,4529400,23.37
2013-04-01,24.32,24.41,23.74,23.85,3544200,23.81
2013-03-28,24.39,24.50,24.02,24.30,4061200,24.26
2013-03-27,24.09,24.42,23.90,24.39,3616900,24.35
2013-03-26,24.64,24.81,24.06,24.21,4405900,24.17
2013-03-25,24.79,25.22,24.33,24.48,4327100,24.44
2013-03-22,25.01,25.07,24.64,24.72,3711200,24.68
2013-03-21,25.34,25.34,24.45,24.88,9354900,24.84
2013-03-20,24.54,25.56,24.48,25.43,6456100,25.39
2013-03-19,24.48,24.72,24.13,24.31,4686800,24.27
2013-03-18,24.06,24.50,23.97,24.25,4693100,24.21
2013-03-15,24.42,24.76,24.30,24.34,6214500,24.30
2013-03-14,24.20,24.58,24.16,24.53,4225900,24.49
2013-03-13,23.61,24.19,23.42,24.02,5371100,23.98
2013-03-12,23.90,24.03,23.53,23.63,3851600,23.59
2013-03-11,24.07,24.24,23.87,23.96,4907100,23.92
2013-03-08,24.02,24.18,23.57,24.07,4097100,24.03
2013-03-07,23.70,23.87,23.36,23.82,5059200,23.78
2013-03-06,23.90,24.30,23.65,23.71,7251500,23.67
2013-03-05,23.31,23.99,23.29,23.80,6752500,23.76
2013-03-04,22.40,23.34,22.32,23.24,6478700,23.20
2013-03-01,22.14,22.70,21.75,22.51,6232100,22.47
2013-02-28,22.67,22.96,22.29,22.30,4501000,22.26
2013-02-27,22.25,22.77,22.11,22.65,4831300,22.61
2013-02-26,21.58,22.31,21.53,22.25,6184700,22.21
2013-02-25,22.44,22.58,21.35,21.37,6176900,21.33
2013-02-22,22.26,22.49,22.15,22.31,4018300,22.27
2013-02-21,22.00,22.42,21.53,22.17,8511600,22.13
2013-02-20,22.98,23.08,21.75,21.93,12674600,21.89
2013-02-19,23.76,24.10,22.95,23.29,6632600,23.25
2013-02-15,23.74,24.08,23.54,23.66,3932000,23.62
2013-02-14,23.78,23.98,23.72,23.78,3426200,23.74
2013-02-13,24.03,24.45,23.73,23.83,6267300,23.79
2013-02-12,23.05,24.66,23.04,24.05,10276200,24.01
2013-02-11,23.12,23.45,22.89,22.92,4342100,22.88
2013-02-08,23.21,23.35,22.88,23.08,2813600,23.04
2013-02-07,23.45,23.52,22.87,23.17,4585400,23.13
2013-02-06,23.56,23.94,23.38,23.44,4868400,23.40
2013-02-05,23.13,23.91,22.77,23.72,9453700,23.68
2013-02-04,23.15,23.39,22.81,22.86,4998500,22.82
2013-02-01,23.86,24.29,23.29,23.35,8195500,23.31
2013-01-31,23.03,23.67,22.86,23.66,9187600,23.62
2013-01-30,23.54,23.68,22.92,23.06,12700100,23.02
2013-01-29,22.24,24.03,22.16,23.82,22343400,23.78
2013-01-28,21.85,22.00,21.11,21.31,6578500,21.27
2013-01-25,21.78,21.83,21.57,21.76,5964100,21.72
2013-01-24,21.85,22.15,21.53,21.72,6764700,21.68
2013-01-23,21.68,21.85,21.43,21.82,4327100,21.78
2013-01-22,21.65,21.70,21.16,21.55,4947200,21.51
2013-01-18,21.59,21.67,21.38,21.52,3952100,21.48
2013-01-17,21.18,21.62,21.18,21.53,4409600,21.49
2013-01-16,20.96,21.25,20.85,21.00,2951400,20.97
2013-01-15,20.75,21.11,20.63,21.08,5247900,21.05
2013-01-14,21.00,21.30,20.79,20.89,2774400,20.86
2013-01-11,21.14,21.39,20.70,20.95,3624200,20.92
2013-01-10,21.25,21.25,20.70,20.86,3853000,20.83
2013-01-09,20.93,21.41,20.82,21.15,4765100,21.12
2013-01-08,20.80,20.88,20.56,20.73,2963900,20.70
2013-01-07,20.59,20.89,20.50,20.81,4118000,20.78
2013-01-04,20.38,20.74,20.25,20.72,4532000,20.69
2013-01-03,20.62,20.80,20.20,20.38,7427400,20.35
2013-01-02,20.34,20.48,20.02,20.39,7441200,20.36
2012-12-31,19.19,19.81,19.05,19.78,4245700,19.75
2012-12-28,19.34,19.46,19.08,19.24,3059200,19.21
2012-12-27,19.44,19.62,19.06,19.48,3852700,19.45
2012-12-26,19.65,19.86,19.40,19.44,2615100,19.41
2012-12-24,19.76,20.00,19.57,19.59,1728100,19.56
2012-12-21,19.86,19.86,19.28,19.75,7703700,19.72
2012-12-20,19.93,20.30,19.75,20.10,5962700,20.07
2012-12-19,20.15,20.26,19.65,19.95,6807600,19.92
2012-12-18,19.69,20.18,19.63,20.08,7320800,20.05
2012-12-17,18.83,19.73,18.80,19.69,5342000,19.66
2012-12-14,18.87,18.94,18.59,18.74,3249000,18.71
2012-12-13,19.11,19.38,18.80,18.88,4470800,18.85
2012-12-12,18.62,19.42,18.52,19.21,10127400,19.03
2012-12-11,18.54,18.74,18.36,18.56,5894600,18.38
2012-12-10,18.64,18.77,18.27,18.40,6260400,18.23
2012-12-07,18.83,19.12,18.52,18.85,3742200,18.67
2012-12-06,18.53,18.81,18.30,18.69,4364700,18.51
2012-12-05,18.99,19.05,18.36,18.59,8092200,18.41
2012-12-04,19.61,19.76,18.94,18.94,7301400,18.76
2012-12-03,19.56,19.61,19.31,19.37,2991100,19.19
2012-11-30,19.62,19.65,19.18,19.46,4916600,19.28
2012-11-29,19.69,20.00,19.39,19.61,4817600,19.42
2012-11-28,19.50,19.61,18.94,19.42,4814900,19.20
2012-11-27,19.50,19.99,19.41,19.58,6333400,19.36
2012-11-26,19.48,19.63,19.28,19.50,3319500,19.28
2012-11-23,19.55,19.75,19.22,19.53,1562500,19.31
2012-11-21,19.49,19.79,19.26,19.45,4363900,19.23
2012-11-20,19.35,19.66,19.16,19.44,7374200,19.22
2012-11-19,19.32,19.59,18.78,19.02,8630700,18.80
2012-11-16,18.37,19.18,18.30,18.90,8717400,18.69
2012-11-15,18.30,19.08,17.71,18.47,11098500,18.26
2012-11-14,19.41,19.42,18.29,18.39,11396800,18.18
2012-11-13,19.08,19.74,18.85,19.25,12792200,19.03
2012-11-12,21.25,21.36,19.37,19.40,14870100,19.18
2012-11-09,20.82,21.06,20.10,20.60,7480900,20.37
2012-11-08,21.38,21.47,20.72,20.97,4346400,20.73
2012-11-07,21.30,21.85,20.99,21.42,5138600,21.18
2012-11-06,21.82,22.07,21.39,21.43,4680400,21.19
2012-11-05,21.01,21.75,21.00,21.71,2546600,21.46
2012-11-02,21.93,22.30,21.04,21.04,4113000,20.80
2012-11-01,21.10,21.87,21.06,21.84,4707100,21.59
2012-10-31,20.90,21.39,20.62,20.96,3410200,20.72
2012-10-26,21.05,21.06,20.42,20.76,3608000,20.52
2012-10-25,21.85,21.86,20.70,21.11,5125700,20.87
2012-10-24,21.13,21.57,21.09,21.41,3213500,21.17
2012-10-23,21.10,21.27,20.85,21.09,3519900,20.85
2012-10-22,21.49,21.70,21.18,21.43,3018500,21.19
2012-10-19,21.53,21.86,21.30,21.48,4700600,21.24
2012-10-18,21.50,21.79,21.43,21.55,4743500,21.31
2012-10-17,21.26,22.03,21.04,21.54,7571900,21.30
2012-10-16,20.73,20.80,20.31,20.68,3629900,20.45
2012-10-15,19.99,20.71,19.77,20.66,5809400,20.43
2012-10-12,20.21,20.24,19.73,19.96,5957900,19.73
2012-10-11,20.83,20.84,20.10,20.24,4112300,20.01
2012-10-10,20.56,21.06,20.52,20.73,4593000,20.50
2012-10-09,21.09,21.14,20.38,20.61,9037000,20.38
2012-10-08,21.66,21.66,21.09,21.17,5284500,20.93
2012-10-05,22.25,22.32,21.57,21.65,9080500,21.40
2012-10-04,22.03,22.25,21.71,22.00,8007200,21.75
2012-10-03,20.82,22.03,20.80,21.99,11171700,21.74
2012-10-02,20.72,20.86,20.55,20.71,7150100,20.48
2012-10-01,20.80,20.98,20.50,20.70,7912500,20.47
2012-09-28,20.83,20.88,20.53,20.63,6137800,20.40
2012-09-27,20.77,21.23,20.65,20.94,7386300,20.70
2012-09-26,21.78,21.98,20.44,20.90,11926200,20.66
2012-09-25,21.86,22.37,21.70,21.74,8805000,21.49
2012-09-24,22.46,22.54,21.75,22.04,6640600,21.79
2012-09-21,22.45,22.79,22.25,22.37,7604000,22.12
2012-09-20,22.10,22.31,21.86,22.19,5894400,21.94
2012-09-19,21.37,22.36,21.31,22.22,8155600,21.97
2012-09-18,21.64,21.99,21.29,21.35,5234200,21.11
2012-09-17,21.99,21.99,21.54,21.58,6696600,21.34
2012-09-14,21.45,22.48,21.45,21.99,12813600,21.74
2012-09-13,20.61,21.32,20.19,21.29,10048000,21.05
2012-09-12,20.38,20.70,20.35,20.57,7672600,20.34
2012-09-11,19.76,20.32,19.76,20.31,7758000,20.08
2012-09-10,19.97,20.11,19.73,19.76,5139900,19.54
2012-09-07,20.05,20.14,19.61,20.03,7791600,19.80
2012-09-06,19.55,20.04,19.53,20.04,7700800,19.81
2012-09-05,19.40,19.59,19.18,19.44,6373200,19.22
2012-09-04,19.00,19.58,18.92,19.49,6813900,19.27
2012-08-31,18.85,19.20,18.61,18.99,4972600,18.77
2012-08-30,18.63,18.93,18.46,18.77,3067600,18.56
2012-08-29,18.67,18.85,18.57,18.75,2518000,18.54
2012-08-28,18.68,18.96,18.51,18.62,3266000,18.41
2012-08-27,19.04,19.08,18.64,18.74,3380200,18.53
2012-08-24,18.78,19.11,18.70,19.01,4213200,18.79
2012-08-23,18.95,19.17,18.76,18.78,7173000,18.57
2012-08-22,18.24,19.22,18.24,19.00,10229300,18.78
2012-08-21,18.46,18.73,18.14,18.25,4618100,18.04
2012-08-20,18.97,19.00,18.27,18.41,5377600,18.20
2012-08-17,18.86,19.06,18.79,18.98,5470900,18.76
2012-08-16,18.16,18.97,18.02,18.92,8153300,18.71
2012-08-15,18.38,18.45,17.90,18.11,5173700,17.90
2012-08-14,18.34,18.48,18.08,18.33,4311100,18.12
2012-08-13,18.03,18.30,17.90,18.24,5209600,18.03
2012-08-10,18.35,18.43,17.95,18.09,4372500,17.89
2012-08-09,18.02,18.63,18.01,18.49,6859900,18.28
2012-08-08,17.63,18.07,17.39,18.03,5788400,17.79
2012-08-07,17.59,17.77,17.17,17.71,6192000,17.47
2012-08-06,17.48,17.73,17.21,17.48,5246100,17.25
2012-08-03,17.85,17.98,17.24,17.35,7618300,17.12
2012-08-02,17.21,17.73,16.93,17.55,8414200,17.31
2012-08-01,17.79,17.95,17.19,17.27,6599300,17.04
2012-07-31,17.75,18.03,17.51,17.63,7195800,17.39
2012-07-30,18.65,18.89,17.74,17.90,7095500,17.66
2012-07-27,18.83,19.05,17.61,18.39,13151700,18.14
2012-07-26,18.40,18.97,18.34,18.80,8706500,18.55
2012-07-25,18.72,18.96,17.98,17.98,9149500,17.74
2012-07-24,19.09,19.35,18.48,18.67,5446900,18.42
2012-07-23,18.55,19.30,18.52,19.07,7639200,18.81
2012-07-20,18.31,19.17,18.31,18.88,10382800,18.63
2012-07-19,18.42,18.62,18.09,18.47,7326100,18.22
2012-07-18,18.47,18.96,18.27,18.44,6857800,18.19
2012-07-17,18.70,18.87,18.46,18.64,7317700,18.39
2012-07-16,18.71,18.98,18.43,18.90,7195000,18.65
2012-07-13,18.64,19.34,18.48,18.70,11954400,18.45
2012-07-12,17.73,18.54,17.57,18.37,11050400,18.12
2012-07-11,18.24,18.35,17.71,17.88,5530700,17.64
2012-07-10,18.81,18.98,18.03,18.24,7078800,18.00
2012-07-09,18.62,18.97,18.45,18.89,7180500,18.64
2012-07-06,18.41,18.81,18.19,18.76,4075800,18.51
2012-07-05,18.24,18.74,18.11,18.69,7706600,18.44
2012-07-03,18.50,18.51,18.25,18.28,3912000,18.03
2012-07-02,18.45,18.56,18.19,18.51,9842500,18.26
2012-06-29,17.77,18.45,17.71,18.38,13169000,18.13
2012-06-28,17.18,17.42,16.83,17.39,6598300,17.16
2012-06-27,17.21,17.66,17.03,17.26,9802700,17.03
2012-06-26,16.36,17.07,16.36,16.87,9115200,16.64
2012-06-25,16.11,16.48,15.93,16.29,4226700,16.07
2012-06-22,16.36,16.60,16.17,16.41,3610900,16.19
2012-06-21,16.80,16.88,16.25,16.29,5556100,16.07
2012-06-20,16.80,16.96,16.49,16.75,5811600,16.53
2012-06-19,16.56,16.95,16.56,16.72,6842300,16.50
2012-06-18,15.65,16.58,15.65,16.50,10520900,16.28
2012-06-15,15.83,15.94,15.46,15.88,5892500,15.67
2012-06-14,15.18,15.74,15.14,15.65,6479400,15.44
2012-06-13,15.33,15.52,14.98,15.07,6837900,14.87
2012-06-12,15.55,15.55,15.00,15.31,9757700,15.10
2012-06-11,16.15,16.19,15.33,15.34,5430100,15.13
2012-06-08,15.79,15.99,15.27,15.97,5265000,15.76
2012-06-07,15.54,15.77,15.21,15.53,6579200,15.32
2012-06-06,15.14,15.67,15.06,15.31,10170400,15.10
2012-06-05,14.37,15.17,14.37,14.86,12215900,14.66
2012-06-04,15.16,15.25,14.37,14.48,11503300,14.29
2012-06-01,16.21,16.22,14.90,15.21,13233500,15.01
2012-05-31,16.62,16.80,16.03,16.60,8606000,16.38
2012-05-30,17.21,17.21,16.22,16.62,8151500,16.40
2012-05-29,17.20,17.46,17.07,17.43,3782500,17.20
2012-05-25,17.19,17.24,16.91,17.01,4747300,16.78
2012-05-24,16.99,17.20,16.82,17.15,5817200,16.92
2012-05-23,16.59,16.97,16.23,16.87,8137300,16.64
2012-05-22,16.54,16.93,16.37,16.59,9641600,16.37
2012-05-21,16.02,16.50,15.63,16.46,5635100,16.24
2012-05-18,16.27,16.27,15.77,16.01,11313400,15.80
2012-05-17,17.07,17.20,16.11,16.15,12147400,15.93
2012-05-16,17.51,17.70,17.01,17.06,9635500,16.83
2012-05-15,16.90,17.75,16.70,17.33,11874800,17.10
2012-05-14,17.15,17.36,16.89,16.90,5723200,16.67
2012-05-11,16.75,17.36,16.64,17.13,6403500,16.90
2012-05-10,17.47,17.59,16.81,16.92,10746000,16.69
2012-05-09,16.32,17.41,16.23,17.23,10506000,17.00
2012-05-08,16.61,16.68,16.08,16.56,6043200,16.34
2012-05-07,16.56,16.87,16.56,16.76,5487900,16.54
2012-05-04,16.81,17.16,16.59,16.60,8245700,16.38
2012-05-03,17.17,17.33,16.84,16.88,6422600,16.62
2012-05-02,16.50,17.91,16.48,17.22,21878300,16.95
2012-05-01,16.30,16.78,16.20,16.65,5481100,16.39
2012-04-30,16.45,16.46,16.07,16.35,6806300,16.09
2012-04-27,16.23,16.69,16.09,16.51,8551400,16.25
2012-04-26,15.81,16.25,15.64,16.14,14103200,15.89
2012-04-25,15.74,15.88,15.61,15.71,7288900,15.46
2012-04-24,15.19,15.74,15.02,15.54,9957300,15.30
2012-04-23,15.59,15.96,14.83,15.06,19871800,14.82
2012-04-20,14.68,15.62,14.67,15.38,12404900,15.14
2012-04-19,14.86,15.06,14.48,14.62,8248600,14.39
2012-04-18,14.94,14.97,14.66,14.87,4841800,14.64
2012-04-17,14.89,15.14,14.84,15.02,3552200,14.79
2012-04-16,15.00,15.38,14.62,14.78,7015200,14.55
2012-04-13,15.10,15.18,14.68,14.82,6017100,14.59
2012-04-12,14.78,15.22,14.58,15.19,8444500,14.95
2012-04-11,14.23,14.90,14.23,14.73,9720700,14.50
2012-04-10,14.65,14.84,14.04,14.05,13269400,13.83
2012-04-09,13.81,14.76,13.80,14.70,12811600,14.47
2012-04-05,14.27,14.41,13.91,14.05,17734500,13.83
2012-04-04,14.61,14.73,14.28,14.31,16027300,14.09
2012-04-03,14.97,15.02,14.70,14.83,9613400,14.60
2012-04-02,15.10,15.23,14.82,15.02,6730000,14.79
2012-03-30,15.48,15.50,15.06,15.17,5677200,14.93
2012-03-29,15.69,15.75,15.06,15.39,10113000,15.15
2012-03-28,15.79,15.98,15.62,15.91,5864200,15.66
2012-03-27,15.55,16.32,15.55,15.77,13423600,15.52
2012-03-26,15.61,15.69,15.11,15.43,6115100,15.19
2012-03-23,14.92,15.53,14.64,15.43,12007200,15.19
2012-03-22,15.63,15.65,15.35,15.42,5068300,15.18
2012-03-21,15.81,16.05,15.62,15.74,3884200,15.49
2012-03-20,15.76,15.82,15.49,15.74,5950000,15.49
2012-03-19,16.02,16.25,15.67,15.93,6519400,15.68
2012-03-16,16.37,16.45,15.91,16.03,7986800,15.78
2012-03-15,15.80,16.38,15.69,16.32,7689600,16.06
2012-03-14,15.90,16.09,15.70,15.83,6415500,15.58
2012-03-13,15.77,16.05,15.72,15.94,9813100,15.69
2012-03-12,15.54,15.95,15.46,15.67,9697400,15.43
2012-03-09,14.95,15.69,14.83,15.47,20938900,15.23
2012-03-08,14.16,14.65,13.95,14.56,13905900,14.33
2012-03-07,13.52,14.09,13.52,13.99,10482000,13.77
2012-03-06,13.80,13.82,13.45,13.46,6894000,13.25
2012-03-05,13.90,14.13,13.77,13.96,3035500,13.74
2012-03-02,14.13,14.21,13.88,13.93,3352500,13.71
2012-03-01,14.44,14.58,14.07,14.17,4498300,13.95
2012-02-29,13.95,14.54,13.90,14.34,8186600,14.12
2012-02-28,14.15,14.22,13.83,13.89,7464000,13.67
2012-02-27,13.90,14.38,13.82,14.24,6210000,14.02
2012-02-24,14.17,14.34,13.87,13.98,3637000,13.76
2012-02-23,13.90,14.28,13.84,14.16,5933000,13.94
2012-02-22,13.93,14.15,13.77,13.93,9627500,13.71
2012-02-21,14.41,14.50,13.87,13.94,5826500,13.72
2012-02-17,14.49,14.62,14.24,14.33,4071500,14.11
2012-02-16,14.59,14.70,14.33,14.47,8522000,14.24
2012-02-15,14.64,14.77,14.42,14.53,12311300,14.30
2012-02-14,14.48,14.65,14.25,14.56,8501500,14.33
2012-02-13,14.49,14.74,14.38,14.73,6973700,14.50
2012-02-10,14.37,14.47,14.21,14.33,4698800,14.11
2012-02-09,14.54,14.72,14.32,14.51,7516200,14.28
2012-02-08,14.33,14.56,14.15,14.49,6695600,14.26
2012-02-07,14.36,14.53,14.23,14.36,3956500,14.10
2012-02-06,14.67,14.78,14.25,14.45,6713700,14.19
2012-02-03,14.34,14.79,14.34,14.66,11430100,14.39
2012-02-02,14.09,14.25,13.98,14.12,3954500,13.86
2012-02-01,13.99,14.27,13.86,14.09,5685000,13.83
2012-01-31,13.96,14.30,13.65,13.92,8230900,13.67
2012-01-30,14.23,14.23,13.87,14.08,7137100,13.82
2012-01-27,14.22,14.72,14.07,14.39,11223500,14.13
2012-01-26,14.54,14.70,14.04,14.12,9943400,13.86
2012-01-25,14.20,14.55,14.01,14.49,12408600,14.23
2012-01-24,13.76,14.27,13.68,14.25,9121500,13.99
2012-01-23,13.83,14.21,13.78,13.89,7515100,13.64
2012-01-20,14.05,14.10,13.66,13.82,5570900,13.57
2012-01-19,13.97,14.07,13.73,14.05,7850000,13.79
2012-01-18,13.77,14.28,13.66,14.12,12292600,13.86
2012-01-17,14.03,14.12,13.66,13.75,7900600,13.50
2012-01-13,14.06,14.06,13.59,13.91,6766800,13.66
2012-01-12,14.20,14.26,13.85,14.24,7700900,13.98
2012-01-11,13.51,14.16,13.45,14.13,13622100,13.87
2012-01-10,13.19,13.48,13.19,13.48,9011400,13.23
2012-01-09,13.08,13.18,12.85,12.96,6955400,12.72
2012-01-06,13.40,13.57,12.94,12.98,9366900,12.74
2012-01-05,13.01,13.38,12.92,13.36,9616500,13.12
2012-01-04,12.89,13.27,12.74,13.12,5990600,12.88
2012-01-03,12.89,13.27,12.81,12.98,6695300,12.74
2011-12-30,12.72,12.81,12.59,12.61,2535300,12.38
2011-12-29,12.37,12.79,12.28,12.74,6572700,12.51
2011-12-28,12.35,12.36,12.06,12.20,3021600,11.98
2011-12-27,12.43,12.51,12.33,12.35,2701100,12.12
2011-12-23,12.55,12.66,12.32,12.45,2942700,12.22
2011-12-22,12.78,12.85,12.50,12.52,4378300,12.29
2011-12-21,12.49,12.85,12.23,12.78,6363500,12.55
2011-12-20,12.02,12.52,12.02,12.43,10422800,12.20
2011-12-19,12.13,12.20,11.71,11.76,5058200,11.55
2011-12-16,12.07,12.23,11.97,12.00,6840100,11.78
2011-12-15,11.85,12.06,11.78,11.92,4815800,11.70
2011-12-14,11.75,11.91,11.65,11.69,9173700,11.48
2011-12-13,12.77,12.89,11.99,12.05,10506400,11.83
2011-12-12,12.43,12.75,12.33,12.66,7002700,12.43
2011-12-09,12.27,12.69,12.27,12.66,4863000,12.43
2011-12-08,12.56,12.61,12.19,12.23,5185500,12.01
2011-12-07,12.72,12.78,12.47,12.69,5648000,12.46
2011-12-06,12.61,12.80,12.44,12.68,10521700,12.45
2011-12-05,12.15,12.62,12.09,12.61,16614600,12.38
2011-12-02,12.10,12.13,11.86,11.89,6475900,11.67
2011-12-01,11.90,12.06,11.70,11.93,5825500,11.71
2011-11-30,11.66,12.00,11.60,11.91,8959800,11.69
2011-11-29,11.25,11.50,11.09,11.29,6363800,11.05
2011-11-28,11.24,11.47,11.10,11.26,4974800,11.02
2011-11-25,10.85,11.14,10.75,10.86,2105200,10.63
2011-11-23,11.16,11.16,10.76,10.83,5980400,10.60
2011-11-22,11.16,11.43,11.00,11.30,9007400,11.06
2011-11-21,11.07,11.24,10.92,11.16,6298600,10.92
2011-11-18,11.43,11.44,11.18,11.25,5005300,11.01
2011-11-17,11.55,11.78,11.25,11.33,8055200,11.09
2011-11-16,11.17,11.76,11.12,11.54,6887300,11.29
2011-11-15,11.20,11.43,11.13,11.32,5354300,11.08
2011-11-14,11.30,11.46,11.06,11.28,6489200,11.04
2011-11-11,11.26,11.56,11.11,11.46,12677100,11.21
2011-11-10,11.58,11.70,11.32,11.66,9696100,11.41
2011-11-09,11.73,11.82,11.31,11.37,7960500,11.13
2011-11-08,11.75,12.07,11.67,12.04,11047400,11.78
2011-11-07,11.20,11.73,11.04,11.68,5372200,11.43
2011-11-04,11.46,11.69,11.36,11.55,4005900,11.30
2011-11-03,11.42,11.62,11.01,11.57,6497400,11.32
2011-11-02,11.11,11.39,10.96,11.28,5456400,11.04
2011-11-01,10.81,11.24,10.74,10.90,9907300,10.67
2011-10-31,11.46,11.57,11.13,11.13,5858100,10.89
2011-10-28,11.70,11.76,11.41,11.61,7779400,11.36
2011-10-27,11.75,12.00,11.37,11.81,11455600,11.56
2011-10-26,11.29,11.44,10.91,11.32,8332700,11.08
2011-10-25,11.36,11.36,10.90,11.10,10123700,10.86
2011-10-24,10.92,11.50,10.85,11.42,12608600,11.17
2011-10-21,10.78,11.13,10.68,10.83,8327600,10.60
2011-10-20,10.46,10.68,10.11,10.62,7412100,10.39
2011-10-19,11.06,11.09,10.37,10.44,8207300,10.22
2011-10-18,9.56,10.81,9.40,10.59,15081400,10.36
2011-10-17,10.03,10.03,9.49,9.54,6648100,9.33
2011-10-14,10.00,10.13,9.73,9.96,3977400,9.75
2011-10-13,9.91,10.25,9.66,9.86,6206700,9.65
2011-10-12,9.86,10.31,9.79,10.04,5786100,9.82
2011-10-11,9.61,9.85,9.52,9.79,5303500,9.58
2011-10-10,9.40,9.65,9.34,9.64,4932100,9.43
2011-10-07,9.40,9.43,8.99,9.17,4933100,8.97
2011-10-06,9.09,9.40,9.00,9.32,5272100,9.12
2011-10-05,8.74,9.23,8.60,9.19,7406500,8.99
2011-10-04,8.31,8.71,8.03,8.71,9400000,8.52
2011-10-03,9.02,9.03,8.45,8.45,6916300,8.27
2011-09-30,9.30,9.30,9.02,9.04,6356900,8.85
2011-09-29,9.30,9.45,9.04,9.44,6959600,9.24
2011-09-28,9.41,9.47,9.06,9.10,4980800,8.90
2011-09-27,9.70,9.78,9.34,9.39,5535800,9.19
2011-09-26,9.27,9.46,9.01,9.45,6671500,9.25
2011-09-23,9.02,9.33,8.98,9.17,4419100,8.97
2011-09-22,9.24,9.44,8.97,9.12,8893700,8.92
2011-09-21,9.75,10.14,9.61,9.65,8529900,9.44
2011-09-20,9.66,9.96,9.64,9.78,6637200,9.57
2011-09-19,9.50,9.66,9.29,9.56,5974000,9.35
2011-09-16,9.64,9.79,9.59,9.65,5021800,9.44
2011-09-15,9.63,9.69,9.42,9.59,7614000,9.38
2011-09-14,9.48,9.69,9.30,9.57,7484300,9.36
2011-09-13,9.58,9.68,9.34,9.42,8662300,9.22
2011-09-12,9.14,9.58,9.14,9.56,6842300,9.35
2011-09-09,9.70,9.74,9.41,9.58,7052900,9.37
2011-09-08,10.12,10.15,9.73,9.80,5858200,9.59
2011-09-07,10.10,10.22,9.88,10.17,5729400,9.95
2011-09-06,9.57,9.87,9.44,9.73,7844500,9.52
2011-09-02,10.04,10.14,9.88,9.97,3948100,9.76
2011-09-01,10.55,10.62,10.19,10.20,6362900,9.98
2011-08-31,10.95,10.95,10.39,10.52,7679500,10.29
2011-08-30,10.28,10.71,10.20,10.60,11200300,10.37
2011-08-29,9.88,10.32,9.79,10.32,6411400,10.10
2011-08-26,9.49,9.85,9.25,9.68,9735900,9.47
2011-08-25,9.49,9.70,9.35,9.61,9923900,9.40
2011-08-24,8.94,9.47,8.91,9.45,9832400,9.25
2011-08-23,8.95,9.10,8.82,8.94,8832500,8.75
2011-08-22,9.14,9.19,8.84,8.95,8255400,8.76
2011-08-19,8.98,9.30,8.93,8.95,5717300,8.76
2011-08-18,9.46,9.52,9.03,9.13,7585200,8.93
2011-08-17,9.95,10.00,9.63,9.74,4774700,9.53
2011-08-16,9.81,10.08,9.74,9.88,4974600,9.67
2011-08-15,9.60,9.95,9.52,9.93,6496800,9.72
2011-08-12,9.57,9.65,9.33,9.52,6274600,9.31
2011-08-11,9.24,9.64,8.97,9.48,10235300,9.28
2011-08-10,9.33,9.43,9.14,9.18,12451500,8.98
2011-08-09,9.78,9.83,8.90,9.59,15937000,9.35
2011-08-08,10.04,10.27,9.24,9.56,10082900,9.32
2011-08-05,10.64,10.74,10.13,10.42,11528700,10.16
2011-08-04,11.09,11.13,10.46,10.48,9235400,10.21
2011-08-03,11.38,11.52,11.09,11.26,8317100,10.97
2011-08-02,11.59,11.83,11.38,11.39,6847400,11.10
2011-08-01,12.04,12.12,11.68,11.75,7161900,11.45
2011-07-29,11.75,12.28,11.70,11.88,7094100,11.58
2011-07-28,11.70,12.55,11.70,11.90,13017700,11.60
2011-07-27,11.80,11.84,11.54,11.60,6584800,11.31
2011-07-26,11.99,11.99,11.76,11.85,3007800,11.55
2011-07-25,11.95,12.11,11.89,11.97,4164300,11.67
2011-07-22,12.17,12.17,11.90,12.08,4241400,11.77
2011-07-21,11.92,12.19,11.89,12.13,4806500,11.82
2011-07-20,11.88,12.03,11.83,11.85,5339500,11.55
2011-07-19,11.48,11.98,11.46,11.93,7174300,11.63
2011-07-18,11.43,11.50,11.16,11.29,4859100,11.00
2011-07-15,11.51,11.52,11.31,11.48,4817000,11.19
2011-07-14,11.62,11.66,11.37,11.45,3777900,11.16
2011-07-13,11.66,11.78,11.53,11.58,5064600,11.29
2011-07-12,11.56,11.76,11.47,11.59,4152200,11.30
2011-07-11,11.77,11.85,11.55,11.64,4680200,11.34
2011-07-08,11.76,11.98,11.65,11.98,4662200,11.68
2011-07-07,11.79,12.06,11.75,11.93,3577200,11.63
2011-07-06,11.60,11.74,11.45,11.68,4429400,11.38
2011-07-05,11.81,11.85,11.54,11.63,4571100,11.33
2011-07-01,11.57,11.79,11.50,11.68,4261600,11.38
2011-06-30,11.48,11.56,11.35,11.52,7281900,11.23
2011-06-29,11.81,11.81,11.27,11.37,7620300,11.08
2011-06-28,11.71,11.83,11.53,11.75,5675900,11.45
2011-06-27,11.38,11.73,11.25,11.64,4554100,11.34
2011-06-24,11.64,11.79,11.35,11.42,3803100,11.13
2011-06-23,11.39,11.71,11.35,11.61,6777000,11.31
2011-06-22,11.36,11.80,11.27,11.54,7045800,11.25
2011-06-21,11.28,11.48,11.23,11.38,3535000,11.09
2011-06-20,11.04,11.26,10.95,11.23,3479900,10.94
2011-06-17,11.07,11.16,10.97,11.09,5141900,10.81
2011-06-16,10.84,11.20,10.83,10.96,5176400,10.68
2011-06-15,11.04,11.04,10.77,10.79,7604000,10.52
2011-06-14,11.01,11.25,11.01,11.13,3617700,10.85
2011-06-13,10.77,11.01,10.76,10.90,5223300,10.62
2011-06-10,10.81,10.91,10.62,10.76,5570100,10.49
2011-06-09,10.79,11.05,10.67,10.87,4957100,10.59
2011-06-08,11.05,11.08,10.73,10.76,9471700,10.49
2011-06-07,11.38,11.38,11.10,11.10,3897900,10.82
2011-06-06,11.57,11.59,11.28,11.32,3309600,11.03
2011-06-03,11.56,11.77,11.55,11.59,3184200,11.30
2011-06-02,11.97,12.15,11.68,11.71,5400000,11.41
2011-06-01,12.17,12.34,11.97,12.01,8945800,11.70
2011-05-31,12.09,12.18,11.80,12.18,5418100,11.87
2011-05-27,11.88,12.05,11.79,11.98,3344600,11.68
2011-05-26,11.49,11.87,11.46,11.81,3566200,11.51
2011-05-25,11.42,11.76,11.40,11.49,5389200,11.20
2011-05-24,11.68,11.75,11.46,11.47,4822100,11.18
2011-05-23,11.63,11.81,11.58,11.67,2984100,11.37
2011-05-20,11.75,12.00,11.63,11.80,5304100,11.50
2011-05-19,11.75,11.81,11.61,11.76,3750500,11.46
2011-05-18,11.51,11.68,11.49,11.65,4908500,11.35
2011-05-17,11.59,11.66,11.40,11.46,4175200,11.17
2011-05-16,11.41,11.73,11.38,11.67,4760000,11.37
2011-05-13,11.62,11.64,11.42,11.44,5202900,11.15
2011-05-12,11.68,11.74,11.50,11.59,3273600,11.30
2011-05-11,11.84,11.94,11.63,11.70,3660500,11.40
2011-05-10,11.73,11.96,11.71,11.87,3223100,11.57
2011-05-09,11.93,11.93,11.74,11.81,2556100,11.47
2011-05-06,12.24,12.29,11.89,11.93,4306900,11.59
2011-05-05,11.90,12.32,11.82,12.05,5876400,11.71
2011-05-04,11.92,12.03,11.78,11.99,4508100,11.65
2011-05-03,12.05,12.25,11.80,11.92,8594100,11.58
2011-05-02,12.55,12.56,12.06,12.09,5600200,11.74
2011-04-29,12.30,12.68,12.24,12.44,7631100,12.08
2011-04-28,12.03,12.27,12.00,12.10,9036700,11.75
2011-04-27,12.25,12.30,12.03,12.03,7666600,11.69
2011-04-26,12.14,12.29,12.12,12.22,4791000,11.87
2011-04-25,12.00,12.22,11.91,12.12,3271900,11.77
2011-04-21,12.22,12.23,11.88,11.99,3184000,11.65
2011-04-20,12.03,12.20,11.88,12.17,5176000,11.82
2011-04-19,11.69,11.89,11.69,11.81,3798300,11.47
2011-04-18,11.37,11.73,11.34,11.67,4104700,11.34
2011-04-15,11.48,11.55,11.38,11.53,3215900,11.20
2011-04-14,11.38,11.43,11.27,11.41,2703400,11.08
2011-04-13,11.70,11.75,11.41,11.48,3468000,11.15
2011-04-12,11.61,11.81,11.56,11.66,4063300,11.33
2011-04-11,11.61,11.73,11.52,11.71,2877400,11.38
2011-04-08,11.70,11.80,11.56,11.61,4957800,11.28
2011-04-07,11.49,11.69,11.48,11.62,4159000,11.29
2011-04-06,11.38,11.52,11.23,11.49,6119300,11.16
2011-04-05,11.27,11.49,11.09,11.26,8642400,10.94
2011-04-04,11.74,11.74,11.44,11.46,4993600,11.13
2011-04-01,11.75,11.83,11.67,11.74,6155600,11.40
2011-03-31,11.74,11.75,11.53,11.65,5597200,11.32
2011-03-30,12.06,12.06,11.71,11.73,4436300,11.40
2011-03-29,12.07,12.15,11.80,11.95,7085300,11.61
2011-03-28,12.09,12.30,11.99,12.15,4449900,11.80
2011-03-25,11.85,12.13,11.81,12.04,4239400,11.70
2011-03-24,11.85,11.87,11.58,11.79,3524400,11.45
2011-03-23,11.83,11.86,11.65,11.79,6230000,11.45
2011-03-22,12.12,12.12,11.84,11.85,3369100,11.51
2011-03-21,12.07,12.13,11.84,12.11,3643900,11.76
2011-03-18,12.05,12.07,11.78,11.90,4816600,11.56
2011-03-17,11.91,11.98,11.81,11.88,3915600,11.54
2011-03-16,11.74,12.00,11.57,11.70,8785900,11.37
2011-03-15,11.24,12.04,11.24,11.97,6578500,11.63
2011-03-14,11.72,11.84,11.51,11.65,2937800,11.32
2011-03-11,11.71,11.95,11.71,11.83,3341400,11.49
2011-03-10,11.93,12.01,11.73,11.87,5422600,11.53
2011-03-09,11.87,12.01,11.60,12.01,4753500,11.67
2011-03-08,11.38,11.97,11.37,11.89,5375100,11.55
2011-03-07,11.54,11.63,11.19,11.33,5984200,11.01
2011-03-04,11.65,11.72,11.37,11.46,4426100,11.13
2011-03-03,11.71,11.82,11.40,11.73,3825500,11.40
2011-03-02,11.43,11.68,11.42,11.55,4249400,11.22
2011-03-01,11.93,11.96,11.36,11.43,8557300,11.10
2011-02-28,11.96,12.06,11.64,11.84,5449700,11.50
2011-02-25,11.86,12.02,11.75,11.92,4143900,11.58
2011-02-24,11.81,12.02,11.56,11.77,6662300,11.43
2011-02-23,12.06,12.34,11.57,11.88,7091600,11.54
2011-02-22,12.60,12.62,11.96,12.07,5840600,11.73
2011-02-18,12.75,12.89,12.67,12.80,4958500,12.43
2011-02-17,12.42,12.84,12.38,12.69,5063600,12.33
2011-02-16,12.45,12.57,12.40,12.45,3258300,12.09
2011-02-15,12.37,12.51,12.28,12.32,2528100,11.97
2011-02-14,12.52,12.54,12.25,12.46,3537200,12.10
2011-02-11,12.27,12.52,12.08,12.51,4606400,12.15
2011-02-10,12.40,12.74,12.31,12.36,6137400,12.01
2011-02-09,12.37,12.55,12.30,12.46,3722900,12.10
2011-02-08,12.11,12.49,12.05,12.38,4615400,12.03
2011-02-07,11.79,12.22,11.78,12.12,5250200,11.74
2011-02-04,11.93,11.93,11.59,11.73,6729500,11.36
2011-02-03,11.97,12.08,11.75,11.90,7020800,11.52
2011-02-02,12.37,12.39,12.11,12.23,4875000,11.84
2011-02-01,12.48,12.66,12.34,12.40,6833100,12.01
2011-01-31,12.52,12.60,12.31,12.39,4971100,12.00
2011-01-28,12.80,12.85,12.29,12.50,8412200,12.10
2011-01-27,12.83,13.16,12.45,12.81,10316000,12.41
2011-01-26,13.07,13.38,12.94,13.24,8642000,12.82
2011-01-25,12.87,13.17,12.71,13.01,4308500,12.60
2011-01-24,12.71,13.00,12.70,12.94,4833600,12.53
2011-01-21,13.02,13.05,12.51,12.69,6018700,12.29
2011-01-20,12.83,13.06,12.76,12.91,9623400,12.50
2011-01-19,13.29,13.38,12.76,12.84,7551900,12.43
2011-01-18,13.45,13.49,13.20,13.33,3945600,12.91
2011-01-14,13.06,13.50,12.98,13.50,5246000,13.07
2011-01-13,13.08,13.11,12.90,13.08,5327700,12.67
2011-01-12,13.17,13.23,13.04,13.11,4583200,12.70
2011-01-11,12.96,13.25,12.89,13.10,8710700,12.69
2011-01-10,12.91,12.94,12.52,12.66,5597500,12.26
2011-01-07,13.05,13.25,12.61,13.02,9803700,12.61
2011-01-06,12.49,12.87,12.43,12.83,8194900,12.42
2011-01-05,11.95,12.42,11.93,12.40,4433000,12.01
2011-01-04,12.34,12.40,11.98,12.01,3832700,11.63
2011-01-03,12.06,12.41,12.02,12.34,4600200,11.95
2010-12-31,12.00,12.13,11.93,11.93,2415700,11.55
2010-12-30,11.92,12.09,11.83,12.01,2880700,11.63
2010-12-29,11.81,11.98,11.80,11.92,1883700,11.54
2010-12-28,12.16,12.16,11.75,11.80,3548200,11.43
2010-12-27,11.84,12.16,11.82,12.16,2527900,11.78
2010-12-23,12.23,12.28,11.84,11.91,5687700,11.53
2010-12-22,11.90,12.30,11.75,12.28,6525600,11.89
2010-12-21,11.84,11.97,11.70,11.91,4501600,11.53
2010-12-20,11.41,11.88,11.35,11.81,4898800,11.44
2010-12-17,11.23,11.41,11.10,11.39,4882600,11.03
2010-12-16,11.18,11.32,11.16,11.25,3536100,10.89
2010-12-15,11.20,11.36,11.04,11.07,7510300,10.72
2010-12-14,11.37,11.48,11.20,11.26,5716800,10.90
2010-12-13,11.24,11.46,11.18,11.36,5361400,11.00
2010-12-10,11.16,11.24,10.98,11.14,3333300,10.79
2010-12-09,11.28,11.33,11.02,11.10,7760000,10.75
2010-12-08,11.42,11.45,11.04,11.20,5468100,10.85
2010-12-07,11.42,11.62,11.38,11.44,9899800,11.08
2010-12-06,11.05,11.28,10.91,11.25,4782800,10.89
2010-12-03,10.79,11.13,10.68,11.11,8541200,10.76
2010-12-02,10.52,10.95,10.46,10.92,11915500,10.57
2010-12-01,10.18,10.67,10.07,10.53,15281500,10.20
2010-11-30,9.78,10.12,9.77,10.04,10180400,9.72
2010-11-29,9.91,9.96,9.78,9.87,5863700,9.56
2010-11-26,10.05,10.09,9.86,9.99,3290500,9.67
2010-11-24,10.19,10.38,10.01,10.05,9180400,9.73
2010-11-23,10.32,10.36,10.03,10.06,6682500,9.74
2010-11-22,10.36,10.55,10.30,10.41,5146900,10.08
2010-11-19,10.64,10.65,10.42,10.48,4805200,10.11
2010-11-18,10.82,11.04,10.62,10.65,6615800,10.28
2010-11-17,10.98,11.11,10.60,10.68,5780200,10.30
2010-11-16,10.92,11.20,10.81,11.02,9778500,10.63
2010-11-15,11.54,11.55,10.91,10.97,8693100,10.58
2010-11-12,11.97,12.26,11.36,11.51,10332600,11.11
2010-11-11,11.89,12.25,11.86,12.17,6126800,11.74
2010-11-10,11.72,12.07,11.65,12.05,5836600,11.63
2010-11-09,12.05,12.19,11.71,11.75,4264400,11.34
2010-11-08,11.86,12.07,11.77,12.02,3970800,11.60
2010-11-05,11.75,12.11,11.63,11.98,8303000,11.56
2010-11-04,11.04,11.78,11.00,11.77,9586600,11.36
2010-11-03,11.05,11.05,10.74,10.92,7306400,10.54
2010-11-02,10.62,11.07,10.51,11.06,8837500,10.67
2010-11-01,10.47,10.65,10.38,10.50,3625900,10.13
2010-10-29,10.39,10.52,10.38,10.43,3224100,10.06
2010-10-28,10.64,10.66,10.35,10.40,5148000,10.03
2010-10-27,10.46,10.59,10.41,10.58,3731300,10.21
2010-10-26,10.59,10.71,10.49,10.54,4749900,10.17
2010-10-25,10.77,11.04,10.67,10.68,4888400,10.30
2010-10-22,10.65,10.74,10.57,10.61,4620400,10.24
2010-10-21,10.42,10.82,10.39,10.63,6982500,10.26
2010-10-20,10.42,10.46,10.05,10.37,8341300,10.01
2010-10-19,10.37,10.75,10.33,10.38,6889800,10.02
2010-10-18,10.48,10.59,10.32,10.54,7332200,10.17
2010-10-15,10.76,10.82,10.44,10.49,7637700,10.12
2010-10-14,10.82,10.89,10.56,10.67,5859300,10.30
2010-10-13,10.78,10.90,10.62,10.78,6635900,10.40
2010-10-12,10.50,10.74,10.40,10.72,4763500,10.34
2010-10-11,10.71,10.76,10.52,10.54,2488600,10.17
2010-10-08,10.68,10.80,10.51,10.75,4407700,10.37
2010-10-07,10.80,10.85,10.50,10.64,4035300,10.27
2010-10-06,10.89,10.96,10.75,10.81,5666100,10.43
2010-10-05,11.08,11.08,10.83,10.84,7850100,10.46
2010-10-04,11.03,11.11,10.84,10.98,2648700,10.59
2010-10-01,11.27,11.34,11.04,11.08,3684200,10.69
2010-09-30,11.22,11.31,10.99,11.12,3451700,10.73
2010-09-29,11.22,11.25,11.03,11.14,3175200,10.75
2010-09-28,11.10,11.27,10.84,11.26,5208900,10.86
2010-09-27,10.91,11.10,10.74,11.04,3514200,10.65
2010-09-24,10.81,11.01,10.69,10.92,7591900,10.54
2010-09-23,10.80,10.90,10.59,10.62,3915400,10.25
2010-09-22,10.96,11.16,10.77,10.89,4307700,10.51
2010-09-21,11.27,11.34,10.95,10.98,5596800,10.59
2010-09-20,10.74,11.14,10.67,11.05,4664900,10.66
2010-09-17,10.67,10.71,10.51,10.61,5412600,10.24
2010-09-16,10.99,10.99,10.47,10.60,7376200,10.23
2010-09-15,10.99,11.11,10.91,10.98,5946500,10.59
2010-09-14,11.18,11.25,10.97,11.09,2905000,10.70
2010-09-13,11.20,11.23,10.93,11.22,3357000,10.83
2010-09-10,10.98,11.20,10.88,11.06,3550900,10.67
2010-09-09,11.07,11.23,10.85,10.98,2766800,10.59
2010-09-08,10.96,11.12,10.84,10.92,4812700,10.54
2010-09-07,11.24,11.24,10.93,10.95,3320000,10.57
2010-09-03,11.04,11.28,11.01,11.21,4250800,10.82
2010-09-02,10.71,11.08,10.60,10.98,6424300,10.59
2010-09-01,10.46,10.76,10.43,10.71,5429100,10.33
2010-08-31,10.20,10.60,10.16,10.26,7056200,9.90
2010-08-30,10.48,10.51,10.26,10.29,3604600,9.93
2010-08-27,10.26,10.48,10.05,10.47,4991800,10.10
2010-08-26,10.44,10.48,10.12,10.17,4528100,9.81
2010-08-25,10.13,10.51,9.98,10.43,7773100,10.06
2010-08-24,9.84,10.34,9.73,9.97,10176000,9.62
2010-08-23,10.31,10.37,9.98,9.98,5837600,9.63
2010-08-20,10.32,10.39,10.19,10.27,4586700,9.91
2010-08-19,10.56,10.58,10.34,10.43,4398100,10.06
2010-08-18,10.41,10.78,10.33,10.62,4656400,10.25
2010-08-17,10.31,10.58,10.19,10.47,4152400,10.10
2010-08-16,10.15,10.34,10.09,10.18,3162500,9.82
2010-08-13,10.18,10.38,10.13,10.24,4515800,9.88
2010-08-12,10.27,10.47,10.19,10.21,4497000,9.85
2010-08-11,10.58,10.67,10.46,10.54,5794100,10.13
2010-08-10,10.90,10.98,10.72,10.83,4807000,10.41
2010-08-09,10.90,11.14,10.76,11.06,6150600,10.63
2010-08-06,10.33,10.66,10.24,10.60,5546500,10.19
2010-08-05,10.31,10.53,10.28,10.42,4584900,10.02
2010-08-04,10.65,10.82,10.46,10.48,4642800,10.08
2010-08-03,11.09,11.30,10.48,10.60,12202500,10.19
2010-08-02,11.22,11.38,10.94,11.25,7044800,10.82
2010-07-30,10.74,11.09,10.61,11.02,7330600,10.59
2010-07-29,10.76,11.01,10.58,10.88,8351400,10.46
2010-07-28,11.07,11.14,10.55,10.64,5152100,10.23
2010-07-27,11.24,11.38,11.01,11.08,8449600,10.65
2010-07-26,10.82,11.27,10.76,11.17,7904600,10.74
2010-07-23,10.50,10.90,10.41,10.85,5499800,10.43
2010-07-22,10.33,10.74,10.31,10.55,5318300,10.14
2010-07-21,10.47,10.54,10.15,10.20,6096700,9.81
2010-07-20,9.80,10.48,9.72,10.39,6198200,9.99
2010-07-19,10.17,10.21,9.85,9.97,6519100,9.59
2010-07-16,10.55,10.57,10.03,10.10,7450900,9.71
2010-07-15,10.35,10.69,10.20,10.62,10338000,10.21
2010-07-14,10.33,10.36,10.06,10.34,6624000,9.94
2010-07-13,10.17,10.50,10.11,10.43,6554200,10.03
2010-07-12,10.23,10.27,9.98,10.10,3819500,9.71
2010-07-09,9.81,10.35,9.78,10.25,6134300,9.85
2010-07-08,10.29,10.42,9.74,9.80,16653100,9.42
2010-07-07,9.80,10.23,9.78,10.20,8368900,9.81
2010-07-06,9.85,10.05,9.70,9.79,11092900,9.41
2010-07-02,9.89,9.89,9.41,9.71,9516700,9.34
2010-07-01,9.78,10.00,9.58,9.85,11826400,9.47
2010-06-30,9.96,10.15,9.82,9.83,9259600,9.45
2010-06-29,10.18,10.39,9.85,9.96,9589900,9.58
2010-06-28,10.50,10.59,10.29,10.36,8655900,9.96
2010-06-25,10.57,10.57,10.26,10.47,7193200,10.07
2010-06-24,10.48,10.76,10.29,10.58,10102700,10.17
2010-06-23,10.22,10.60,10.03,10.47,8587400,10.07
2010-06-22,10.52,10.67,10.16,10.22,8165300,9.83
2010-06-21,10.90,10.99,10.48,10.54,7584400,10.13
2010-06-18,10.92,10.96,10.66,10.75,5938600,10.34
2010-06-17,11.19,11.22,10.63,10.94,8267000,10.52
2010-06-16,11.14,11.49,11.07,11.24,7764500,10.81
2010-06-15,11.16,11.39,11.07,11.39,7229100,10.95
2010-06-14,11.35,11.41,10.99,11.07,6726100,10.64
2010-06-11,11.15,11.28,10.97,11.26,6301500,10.83
2010-06-10,10.79,11.41,10.64,11.30,13852100,10.86
2010-06-09,11.08,11.10,10.46,10.54,11013600,10.13
2010-06-08,10.92,11.05,10.44,10.84,13188600,10.42
2010-06-07,11.39,11.46,10.82,10.89,6423700,10.47
2010-06-04,11.60,11.68,11.25,11.34,7260600,10.90
2010-06-03,12.13,12.21,11.69,11.78,7821100,11.33
2010-06-02,11.78,12.16,11.75,12.13,6453600,11.66
2010-06-01,12.10,12.29,11.76,11.77,7599600,11.32
2010-05-28,12.32,12.48,12.12,12.19,4896700,11.72
2010-05-27,12.25,12.35,11.92,12.34,5892300,11.86
2010-05-26,12.43,12.67,11.97,12.01,9505900,11.55
2010-05-25,11.67,12.14,11.57,12.10,10479800,11.63
2010-05-24,12.19,12.57,12.05,12.06,6416000,11.59
2010-05-21,12.02,12.47,11.86,12.26,10999400,11.79
2010-05-20,12.34,12.56,12.13,12.14,11059400,11.67
2010-05-19,12.81,13.30,12.38,12.67,14121900,12.18
2010-05-18,13.42,13.75,12.96,13.02,7664300,12.52
2010-05-17,13.08,13.32,12.62,13.30,7558100,12.79
2010-05-14,13.29,13.34,12.81,13.11,6926000,12.60
2010-05-13,14.02,14.02,13.33,13.46,7270500,12.94
2010-05-12,13.93,14.18,13.82,14.04,5053300,13.50
2010-05-11,13.68,14.38,13.54,13.84,8944800,13.27
2010-05-10,13.72,14.01,13.37,13.94,8117000,13.37
2010-05-07,13.62,13.87,12.92,13.06,9955000,12.52
2010-05-06,14.00,14.38,12.64,13.65,10858100,13.09
2010-05-05,14.40,14.62,14.03,14.14,7750900,13.56
2010-05-04,14.75,14.82,14.22,14.63,8692100,14.03
2010-05-03,14.71,15.20,14.64,14.97,7048800,14.35
2010-04-30,15.07,15.44,14.63,14.69,15428400,14.08
2010-04-29,13.75,14.42,13.63,14.24,11154800,13.65
2010-04-28,13.48,13.90,13.47,13.62,7441000,13.06
2010-04-27,13.75,14.03,13.37,13.41,9151300,12.86
2010-04-26,14.23,14.48,13.81,13.88,6399100,13.31
2010-04-23,13.79,14.54,13.72,14.17,12314800,13.59
2010-04-22,12.92,13.86,12.77,13.69,11225900,13.13
2010-04-21,12.77,13.10,12.65,12.98,6333300,12.44
2010-04-20,12.41,12.79,12.26,12.76,5922300,12.23
2010-04-19,12.32,12.40,12.04,12.34,4829000,11.83
2010-04-16,12.50,12.58,12.03,12.37,9348100,11.86
2010-04-15,12.63,12.74,12.51,12.60,5610700,12.08
2010-04-14,12.25,12.81,12.24,12.65,10183600,12.13
2010-04-13,12.04,12.27,12.01,12.18,6940000,11.68
2010-04-12,12.19,12.24,11.89,12.03,6747000,11.53
2010-04-09,12.04,12.19,11.98,12.14,3870200,11.64
2010-04-08,11.90,12.03,11.75,12.01,7914900,11.51
2010-04-07,12.54,12.55,11.86,11.93,11514500,11.44
2010-04-06,12.52,12.59,12.32,12.52,5590000,12.00
2010-04-05,12.62,12.79,12.46,12.59,4364500,12.07
2010-04-01,12.72,12.81,12.40,12.51,4037900,11.99
2010-03-31,12.73,12.87,12.53,12.60,5407900,12.08
2010-03-30,12.99,13.11,12.72,12.80,4075900,12.27
2010-03-29,13.21,13.23,12.74,13.03,5074200,12.49
2010-03-26,13.03,13.38,12.97,13.13,4400800,12.59
2010-03-25,12.91,13.40,12.91,12.97,6170100,12.44
2010-03-24,12.95,13.07,12.76,12.85,5272100,12.32
2010-03-23,12.83,12.88,12.65,12.76,5137400,12.23
2010-03-22,12.40,12.79,12.37,12.75,3372300,12.22
2010-03-19,12.51,12.93,12.50,12.51,5593200,11.99
2010-03-18,12.93,12.99,12.66,12.76,2937600,12.23
2010-03-17,13.05,13.17,12.79,12.89,4875300,12.36
2010-03-16,12.80,13.15,12.60,13.03,5042700,12.49
2010-03-15,12.98,13.03,12.64,12.84,3530400,12.31
2010-03-12,12.99,13.01,12.78,13.00,4572100,12.46
2010-03-11,12.95,12.98,12.73,12.96,4345000,12.43
2010-03-10,13.10,13.23,12.90,13.01,5013200,12.47
2010-03-09,12.91,13.17,12.83,13.09,5021400,12.55
2010-03-08,12.87,12.99,12.79,12.96,2870700,12.43
2010-03-05,12.58,12.95,12.55,12.87,6497000,12.34
2010-03-04,12.59,12.72,12.31,12.49,4405000,11.98
2010-03-03,12.59,12.80,12.47,12.57,5471700,12.05
2010-03-02,12.66,12.72,12.40,12.47,3805800,11.96
2010-03-01,12.37,12.59,12.37,12.56,3873800,12.04
2010-02-26,12.37,12.45,12.02,12.36,5250400,11.85
2010-02-25,12.08,12.35,11.96,12.35,6001800,11.84
2010-02-24,12.63,12.65,12.04,12.34,9437600,11.83
2010-02-23,12.88,12.98,12.43,12.57,9556500,12.05
2010-02-22,13.00,13.09,12.77,12.92,6202800,12.39
2010-02-19,12.74,13.00,12.74,12.95,7725200,12.42
2010-02-18,12.98,13.03,12.69,12.78,7208600,12.25
2010-02-17,13.43,13.53,12.94,13.12,6917100,12.58
2010-02-16,13.30,13.33,13.05,13.22,4582500,12.67
2010-02-12,13.25,13.42,12.96,13.07,8325600,12.53
2010-02-11,12.85,13.22,12.70,13.12,6525900,12.58
2010-02-10,12.97,13.07,12.59,12.85,7313100,12.28
2010-02-09,13.08,13.16,12.61,12.98,8493200,12.41
2010-02-08,12.72,13.26,12.47,12.92,8691600,12.35
2010-02-05,13.08,13.14,12.16,12.67,14373500,12.11
2010-02-04,13.03,13.34,12.94,13.21,13717800,12.63
2010-02-03,13.27,13.31,12.81,13.25,11711800,12.67
2010-02-02,12.79,13.36,12.23,13.21,28814200,12.63
2010-02-01,11.83,12.04,11.63,11.91,6815800,11.39
2010-01-29,11.96,12.12,11.77,11.79,6786700,11.27
2010-01-28,11.78,12.04,11.53,11.79,9429800,11.27
2010-01-27,11.21,11.72,11.17,11.67,9099400,11.16
2010-01-26,11.29,11.59,11.20,11.29,7266100,10.79
2010-01-25,11.30,11.58,11.17,11.37,6031100,10.87
2010-01-22,11.52,11.86,11.11,11.20,11747600,10.71
2010-01-21,12.11,12.17,11.52,11.55,7275700,11.04
2010-01-20,12.16,12.32,12.08,12.13,5194600,11.60
2010-01-19,12.10,12.50,12.09,12.33,4456200,11.79
2010-01-15,12.19,12.38,11.94,12.14,4686100,11.61
2010-01-14,12.33,12.56,12.23,12.25,4344800,11.71
2010-01-13,12.24,12.57,12.04,12.42,6278400,11.87
2010-01-12,12.09,12.23,11.85,12.21,5982000,11.67
2010-01-11,12.29,12.32,12.02,12.24,3746100,11.70
2010-01-08,12.12,12.31,12.04,12.17,5720700,11.63
2010-01-07,11.94,12.53,11.92,12.27,13808800,11.73
2010-01-06,11.45,11.76,11.39,11.66,8410300,11.15
2010-01-05,11.13,11.59,10.95,11.56,10254500,11.05
2010-01-04,10.96,11.18,10.87,11.16,5799100,10.67
2009-12-31,10.94,11.03,10.83,10.87,2986500,10.39
2009-12-30,10.79,11.10,10.76,10.99,4014000,10.51
2009-12-29,10.97,11.12,10.75,10.93,4906200,10.45
2009-12-28,11.14,11.25,10.84,10.96,5385900,10.48
2009-12-24,11.09,11.14,11.05,11.12,1589100,10.63
2009-12-23,11.28,11.33,10.99,11.12,7969300,10.63
2009-12-22,10.76,11.17,10.71,11.15,9360000,10.66
2009-12-21,10.79,10.80,10.50,10.74,6302400,10.27
2009-12-18,10.31,10.53,10.21,10.53,11447400,10.07
2009-12-17,10.17,10.34,10.08,10.25,6018300,9.80
2009-12-16,9.94,10.37,9.87,10.29,7441600,9.84
2009-12-15,10.07,10.17,9.78,9.81,5054800,9.38
2009-12-14,9.98,10.09,9.73,10.07,3831300,9.63
2009-12-11,9.92,9.98,9.71,9.86,4174700,9.43
2009-12-10,9.93,10.07,9.84,9.89,6065700,9.45
2009-12-09,9.97,9.97,9.69,9.84,4874700,9.41
2009-12-08,9.81,10.06,9.71,9.85,6246600,9.42
2009-12-07,9.99,10.20,9.87,9.90,9010100,9.46
2009-12-04,10.16,10.36,9.89,10.10,8746000,9.65
2009-12-03,10.14,10.16,9.93,10.00,8891700,9.56
2009-12-02,10.33,10.51,9.78,10.04,15559600,9.60
2009-12-01,10.40,10.53,10.22,10.42,6150900,9.92
2009-11-30,10.45,10.61,10.17,10.28,7601700,9.79
2009-11-27,10.26,10.62,10.05,10.54,3279400,10.04
2009-11-25,10.70,10.90,10.60,10.66,6042400,10.15
2009-11-24,10.79,10.85,10.39,10.58,8799400,10.08
2009-11-23,10.63,10.91,10.46,10.66,17117800,10.15
2009-11-20,11.47,11.63,10.24,10.37,35885100,9.88
2009-11-19,12.25,12.31,11.93,12.25,10271900,11.67
2009-11-18,11.94,12.49,11.94,12.37,6400600,11.78
2009-11-17,12.17,12.37,11.91,12.14,7348100,11.56
2009-11-16,11.98,12.54,11.98,12.31,7892700,11.72
2009-11-13,11.87,12.28,11.85,11.94,7805700,11.37
2009-11-12,12.33,12.33,11.80,11.86,7315100,11.30
2009-11-11,12.06,12.45,11.96,12.36,8195300,11.77
2009-11-10,12.09,12.25,11.53,11.69,7571600,11.13
2009-11-09,12.17,12.24,11.83,12.13,8396500,11.55
2009-11-06,11.79,12.12,11.63,12.03,6708700,11.46
2009-11-05,11.68,12.24,11.52,11.83,8784900,11.27
2009-11-04,11.30,11.89,11.25,11.57,10260100,11.02
2009-11-03,10.83,11.32,10.75,11.21,8196800,10.68
2009-11-02,11.11,11.23,10.50,10.92,8732600,10.40
2009-10-30,11.33,11.48,10.82,10.96,11477000,10.44
2009-10-29,11.38,11.74,11.34,11.38,10885000,10.84
2009-10-28,11.66,11.75,11.10,11.12,11332200,10.59
2009-10-27,12.02,12.19,11.67,11.81,7430400,11.25
2009-10-26,12.46,12.58,11.84,11.93,7081300,11.36
2009-10-23,12.84,12.99,12.11,12.42,11319500,11.83
2009-10-22,12.08,13.00,11.93,12.70,12758700,12.10
2009-10-21,12.15,12.61,12.12,12.17,8489400,11.59
2009-10-20,12.03,12.31,11.90,12.09,7076100,11.52
2009-10-19,12.21,12.42,12.06,12.25,8345400,11.67
2009-10-16,12.27,12.37,12.09,12.20,5870300,11.62
2009-10-15,12.18,12.52,12.06,12.43,6971700,11.84
2009-10-14,12.03,12.36,12.03,12.26,7107400,11.68
2009-10-13,11.56,12.12,11.47,11.79,7425200,11.23
2009-10-12,11.72,11.83,11.54,11.57,5216600,11.02
2009-10-09,11.50,12.09,11.34,11.70,8459900,11.14
2009-10-08,10.86,11.70,10.86,11.54,12192100,10.99
2009-10-07,10.97,11.08,10.50,10.69,8503900,10.18
2009-10-06,10.98,11.32,10.90,10.95,8508300,10.43
2009-10-05,10.67,10.86,10.56,10.79,6568700,10.28
2009-10-02,10.83,10.91,10.46,10.53,11278300,10.03
2009-10-01,11.25,11.30,10.95,11.01,10752100,10.49
2009-09-30,11.86,11.92,11.30,11.41,8678400,10.87
2009-09-29,11.99,12.13,11.78,11.87,4914500,11.31
2009-09-28,11.68,11.84,11.51,11.77,3233200,11.21
2009-09-25,11.86,12.03,11.49,11.57,7265800,11.02
2009-09-24,12.67,12.85,11.72,11.93,11006400,11.36
2009-09-23,12.91,12.91,12.43,12.45,6147700,11.86
2009-09-22,13.18,13.37,12.86,12.90,6456600,12.29
2009-09-21,13.13,13.29,12.75,13.04,4794200,12.42
2009-09-18,13.36,13.68,13.10,13.25,7725600,12.62
2009-09-17,13.77,13.79,13.01,13.19,6731300,12.56
2009-09-16,13.15,13.73,13.07,13.63,13000200,12.98
2009-09-15,12.57,13.05,12.49,12.97,6642000,12.35
2009-09-14,12.60,12.81,12.43,12.54,7138100,11.94
2009-09-11,13.14,13.31,12.51,12.69,6817300,12.09
2009-09-10,13.08,13.16,12.74,13.12,3259300,12.50
2009-09-09,12.96,13.10,12.66,12.98,6631600,12.36
2009-09-08,12.63,13.07,12.45,12.95,7606500,12.33
2009-09-04,12.25,12.54,12.06,12.45,3213800,11.86
2009-09-03,12.15,12.30,11.78,12.26,8442900,11.68
2009-09-02,12.60,12.74,12.08,12.13,10593800,11.55
2009-09-01,13.31,13.86,12.85,12.91,7201400,12.30
2009-08-31,13.51,13.57,13.22,13.41,4783800,12.77
2009-08-28,13.71,13.88,13.52,13.72,6190100,13.07
2009-08-27,13.63,13.71,12.91,13.53,9147400,12.89
2009-08-26,13.22,13.90,13.03,13.79,16648900,13.13
2009-08-25,12.81,13.35,12.81,13.05,6254800,12.43
2009-08-24,12.85,13.00,12.61,12.67,7116700,12.07
2009-08-21,12.42,12.89,12.39,12.66,7572600,12.06
2009-08-20,11.99,12.38,11.96,12.24,5345000,11.66
2009-08-19,11.69,12.10,11.50,11.94,8390500,11.37
2009-08-18,11.95,12.32,11.76,12.22,8455400,11.64
2009-08-17,12.19,12.19,11.78,11.89,12428500,11.32
2009-08-14,12.95,12.96,12.27,12.42,10157300,11.79
2009-08-13,13.25,13.25,12.61,12.95,12264800,12.30
2009-08-12,13.42,13.80,13.06,13.45,10866400,12.77
2009-08-11,12.83,13.25,12.50,13.11,8466400,12.45
2009-08-10,13.51,13.51,12.65,12.79,9345000,12.14
2009-08-07,13.22,13.80,12.95,13.52,13420200,12.84
2009-08-06,12.68,12.82,12.36,12.54,7680300,11.91
2009-08-05,12.37,12.79,11.99,12.60,10363200,11.96
2009-08-04,11.47,12.52,11.08,12.32,14016400,11.70
2009-08-03,11.75,11.88,11.43,11.75,7290100,11.16
2009-07-31,11.34,11.70,11.30,11.59,5094800,11.01
2009-07-30,11.34,11.59,10.97,11.39,7239800,10.82
2009-07-29,11.28,11.37,10.99,11.17,6117800,10.61
2009-07-28,11.21,11.55,11.11,11.40,6161800,10.82
2009-07-27,11.19,11.52,10.80,11.44,10640600,10.86
2009-07-24,11.01,11.23,10.76,11.13,6898100,10.57
2009-07-23,10.53,11.39,10.41,11.17,12395300,10.61
2009-07-22,9.76,10.46,9.72,10.38,7081800,9.86
2009-07-21,10.09,10.18,9.66,9.83,4596100,9.33
2009-07-20,9.97,10.23,9.83,10.04,9469800,9.53
2009-07-17,9.72,10.11,9.69,9.90,7562300,9.40
2009-07-16,9.35,9.70,9.23,9.64,7988400,9.15
2009-07-15,9.26,9.46,9.07,9.37,10480900,8.90
2009-07-14,8.53,8.91,8.40,8.88,7419000,8.43
2009-07-13,8.54,8.65,8.28,8.53,9233200,8.10
2009-07-10,8.63,8.67,8.27,8.50,5525700,8.07
2009-07-09,8.48,8.80,8.43,8.69,6559900,8.25
2009-07-08,8.53,8.56,8.26,8.40,12549300,7.98
2009-07-07,8.78,8.89,8.45,8.49,9397300,8.06
2009-07-06,9.01,9.18,8.66,8.77,9216700,8.33
2009-07-02,9.25,9.28,9.10,9.10,6840000,8.64
2009-07-01,9.32,9.53,9.28,9.34,7309500,8.87
2009-06-30,9.48,9.72,9.35,9.36,8826200,8.89
2009-06-29,9.81,9.84,9.41,9.54,7804900,9.06
2009-06-26,9.55,9.81,9.52,9.60,7713000,9.12
2009-06-25,9.18,9.60,9.13,9.57,8691600,9.09
2009-06-24,9.25,9.48,9.01,9.13,12440900,8.67
2009-06-23,9.31,9.45,9.07,9.15,8568600,8.69
2009-06-22,9.25,9.49,9.16,9.18,10278300,8.72
2009-06-19,9.46,9.52,9.29,9.39,9803400,8.92
2009-06-18,9.81,9.82,9.21,9.34,5592000,8.87
2009-06-17,9.63,9.87,9.16,9.68,9472900,9.19
2009-06-16,9.69,9.80,9.30,9.51,7173500,9.03
2009-06-15,9.35,9.56,9.27,9.39,9590900,8.92
2009-06-12,9.47,9.58,9.31,9.57,7986800,9.09
2009-06-11,9.62,9.66,9.42,9.59,8299400,9.11
2009-06-10,9.82,9.91,9.48,9.62,6753800,9.13
2009-06-09,9.72,9.90,9.58,9.69,6978600,9.20
2009-06-08,9.34,9.79,9.00,9.66,10755800,9.17
2009-06-05,9.68,9.68,9.15,9.21,9586000,8.75
2009-06-04,9.17,9.54,9.05,9.41,7339800,8.94
2009-06-03,9.54,9.60,9.01,9.16,8106700,8.70
2009-06-02,9.24,9.83,9.21,9.63,9982900,9.14
2009-06-01,9.31,9.58,9.09,9.25,10171100,8.78
2009-05-29,8.79,9.35,8.77,9.21,11249400,8.75
2009-05-28,9.39,9.51,8.53,8.69,16493900,8.25
2009-05-27,9.51,10.04,9.20,9.22,11473500,8.75
2009-05-26,8.88,9.60,8.88,9.47,8422500,8.99
2009-05-22,9.17,9.28,8.87,9.01,5692800,8.56
2009-05-21,9.46,9.56,8.96,9.15,8955600,8.69
2009-05-20,10.16,10.44,9.55,9.65,12134100,9.16
2009-05-19,9.49,10.20,9.49,9.96,15251900,9.46
2009-05-18,9.29,9.85,9.02,9.78,12623900,9.29
2009-05-15,9.14,9.53,8.91,8.99,9531700,8.54
2009-05-14,9.04,9.48,8.73,9.16,12217400,8.66
2009-05-13,9.30,9.35,8.96,9.02,12214300,8.53
2009-05-12,9.89,10.14,9.26,9.48,10853900,8.96
2009-05-11,9.83,10.21,9.56,9.83,10939800,9.30
2009-05-08,10.10,10.24,9.49,10.00,15349600,9.46
2009-05-07,10.67,10.75,9.41,9.79,26837500,9.26
2009-05-06,11.75,12.23,10.65,10.79,22679800,10.20
2009-05-05,12.76,13.29,11.81,12.35,15558000,11.68
2009-05-04,12.38,13.61,12.38,13.49,10675300,12.76
2009-05-01,12.99,13.24,12.17,12.36,8585700,11.69
2009-04-30,13.18,13.37,12.72,13.05,12468200,12.34
2009-04-29,13.01,13.41,12.65,12.98,8544400,12.27
2009-04-28,12.64,13.16,12.34,12.82,9192300,12.12
2009-04-27,12.69,13.74,12.48,12.85,13247900,12.15
2009-04-24,12.14,13.14,11.87,12.99,13024400,12.28
2009-04-23,12.05,12.44,11.26,12.01,8978800,11.36
2009-04-22,11.81,12.58,11.44,12.02,10351500,11.37
2009-04-21,11.03,11.91,10.76,11.88,9405600,11.23
2009-04-20,11.93,12.13,10.94,11.10,8024400,10.50
2009-04-17,11.62,12.61,11.61,12.34,10365300,11.67
2009-04-16,11.29,11.84,10.75,11.60,9762100,10.97
2009-04-15,10.20,11.51,10.20,11.16,12889500,10.55
2009-04-14,10.75,10.95,10.17,10.31,5971400,9.75
2009-04-13,10.50,10.84,10.17,10.72,5097400,10.14
2009-04-09,10.16,10.74,10.00,10.64,8381100,10.06
2009-04-08,10.97,10.97,9.32,9.79,16329900,9.26
2009-04-07,10.71,10.76,10.00,10.20,7642800,9.65
2009-04-06,11.30,11.56,10.64,11.01,13047500,10.41
2009-04-03,10.86,11.60,10.59,11.53,10122400,10.90
2009-04-02,10.49,11.15,10.49,10.99,12343400,10.39
2009-04-01,9.35,10.27,9.29,10.13,10708400,9.58
2009-03-31,10.34,10.34,9.48,9.70,11409100,9.17
2009-03-30,10.45,10.45,9.87,10.07,10218300,9.52
2009-03-27,10.89,11.35,10.60,10.81,9709600,10.22
2009-03-26,10.22,11.04,10.22,10.93,12363500,10.34
2009-03-25,9.70,10.87,9.48,10.06,18910500,9.51
2009-03-24,9.65,10.09,9.47,9.51,11919800,8.99
2009-03-23,8.94,9.91,8.64,9.89,11492300,9.35
2009-03-20,8.92,8.93,8.26,8.37,11756700,7.91
2009-03-19,9.25,9.70,8.81,8.87,13716600,8.39
2009-03-18,8.42,9.40,7.75,9.07,15471100,8.58
2009-03-17,8.30,8.47,7.60,8.42,12094800,7.96
2009-03-16,8.62,8.70,7.98,8.03,8646300,7.59
2009-03-13,8.66,8.67,7.95,8.49,6449800,8.03
2009-03-12,7.83,8.49,7.62,8.41,8676000,7.95
2009-03-11,8.01,8.24,7.79,8.01,6097500,7.57
2009-03-10,7.00,7.97,7.00,7.90,13320000,7.47
2009-03-09,6.67,7.45,6.62,6.89,8689600,6.52
2009-03-06,7.10,7.26,6.72,6.93,9181600,6.55
2009-03-05,7.40,7.48,6.92,7.01,12424600,6.63
2009-03-04,7.47,7.89,7.25,7.70,11996100,7.28
2009-03-03,7.79,8.32,7.21,7.32,14083100,6.92
2009-03-02,8.21,8.67,8.00,8.05,10411600,7.61
2009-02-27,8.37,8.98,8.25,8.45,11993100,7.99
2009-02-26,9.11,9.40,8.33,8.47,9900000,8.01
2009-02-25,8.70,9.24,8.31,8.91,14716000,8.43
2009-02-24,8.11,9.38,8.09,8.90,13345600,8.42
2009-02-23,7.83,8.39,7.76,8.01,11320800,7.57
2009-02-20,7.22,7.86,7.18,7.62,15121900,7.21
2009-02-19,8.77,8.77,7.49,7.54,15325300,7.13
2009-02-18,9.01,9.31,8.34,8.44,16625800,7.98
2009-02-17,8.43,9.15,8.31,8.92,15894500,8.43
2009-02-13,8.41,9.09,8.13,8.96,16118200,8.47
2009-02-12,8.10,8.56,7.76,8.47,13337100,8.01
2009-02-11,8.32,8.83,7.99,8.49,14944300,8.03
2009-02-10,8.85,9.40,8.02,8.17,15009700,7.69
2009-02-09,9.59,9.60,8.70,9.03,12353600,8.50
2009-02-06,8.09,9.81,8.06,9.14,24034900,8.60
2009-02-05,7.50,8.19,7.50,8.07,14639100,7.60
2009-02-04,7.32,7.97,7.30,7.52,14639300,7.08
2009-02-03,6.41,7.82,6.41,7.42,19399200,6.98
2009-02-02,5.90,6.35,5.73,6.11,8526800,5.75
2009-01-30,6.03,6.15,5.84,5.96,6848600,5.61
2009-01-29,6.83,7.01,6.02,6.16,9075800,5.80
2009-01-28,6.70,7.20,6.57,7.01,7786400,6.60
2009-01-27,6.51,6.67,6.25,6.40,5126100,6.02
2009-01-26,6.48,6.90,6.19,6.48,9366400,6.10
2009-01-23,5.98,6.70,5.82,6.38,7674400,6.00
2009-01-22,6.07,6.30,5.89,6.06,6015000,5.70
2009-01-21,6.20,6.35,5.72,6.32,8786400,5.95
2009-01-20,6.73,6.84,5.98,6.07,10323300,5.71
2009-01-16,6.71,6.98,6.28,6.78,7599700,6.38
2009-01-15,6.61,7.10,6.18,6.60,8834100,6.21
2009-01-14,7.16,7.16,6.50,6.57,6465400,6.18
2009-01-13,7.23,7.50,6.87,7.20,6860600,6.78
2009-01-12,8.05,8.05,7.16,7.23,7419900,6.80
2009-01-09,7.97,8.11,7.20,7.88,12101000,7.42
2009-01-08,7.28,8.20,7.28,8.15,6393900,7.67
2009-01-07,7.84,7.96,7.44,7.57,5802300,7.12
2009-01-06,8.28,8.39,7.86,8.00,8488700,7.53
2009-01-05,7.40,8.09,7.15,8.00,7633500,7.53
2009-01-02,7.10,7.44,6.85,7.34,4164400,6.91
2008-12-31,6.92,7.19,6.80,7.07,4392600,6.65
2008-12-30,6.62,7.03,6.30,6.99,4357600,6.58
2008-12-29,6.60,6.68,6.24,6.52,4173000,6.14
2008-12-26,6.69,6.98,6.53,6.58,2284800,6.19
2008-12-24,7.00,7.00,6.70,6.75,1208500,6.35
2008-12-23,7.10,7.26,6.79,6.84,4550600,6.44
2008-12-22,7.48,7.60,6.75,7.05,5090000,6.64
2008-12-19,7.87,8.00,7.29,7.44,12899300,7.00
2008-12-18,8.46,8.95,7.36,7.67,11302300,7.22
2008-12-17,7.60,8.90,7.55,8.40,9533000,7.91
2008-12-16,6.89,7.86,6.88,7.79,8221600,7.33
2008-12-15,7.50,7.60,6.85,7.02,6276000,6.61
2008-12-12,7.18,8.09,7.13,7.78,6318100,7.32
2008-12-11,8.21,8.35,7.41,7.54,7048600,7.10
2008-12-10,8.06,8.41,7.51,8.34,7991600,7.85
2008-12-09,8.36,8.74,7.62,7.77,7763200,7.31
2008-12-08,8.54,8.60,7.85,8.50,7583900,8.00
2008-12-05,7.63,8.22,7.10,8.17,8307800,7.69
2008-12-04,7.13,8.56,7.05,7.82,13167700,7.36
2008-12-03,6.38,7.66,6.35,7.28,11884100,6.82
2008-12-02,6.13,6.65,5.97,6.64,6721100,6.22
2008-12-01,6.65,6.84,5.91,6.02,7710900,5.64
2008-11-28,7.44,7.76,6.65,6.87,4849200,6.43
2008-11-26,6.68,8.10,6.41,7.52,15739800,7.04
2008-11-25,5.25,7.44,5.25,6.90,21477000,6.46
2008-11-24,4.40,5.32,4.25,5.00,9320700,4.68
2008-11-21,4.80,4.80,3.79,4.34,14005900,4.06
2008-11-20,4.75,5.25,4.45,4.52,7752200,4.23
2008-11-19,5.42,5.50,4.76,4.78,10118500,4.48
2008-11-18,5.74,5.94,5.27,5.56,7983300,5.21
2008-11-17,5.68,6.01,5.56,5.77,7686300,5.40
2008-11-14,5.81,6.57,5.55,5.79,8311900,5.42
2008-11-13,5.60,6.07,4.96,6.07,12357100,5.68
2008-11-12,6.15,6.15,5.50,5.58,8269300,5.22
2008-11-11,6.08,6.52,5.86,6.33,6948800,5.93
2008-11-10,7.10,7.14,6.14,6.24,7074100,5.84
2008-11-07,7.26,7.38,6.65,6.88,10467800,6.44
2008-11-06,6.88,7.36,6.58,7.32,15723400,6.85
2008-11-05,6.68,7.96,6.56,6.81,12253300,6.38
2008-11-04,7.01,7.22,6.67,6.87,8871300,6.43
2008-11-03,7.63,7.71,6.55,6.68,10182700,6.25
2008-10-31,6.37,7.38,6.22,7.38,13182700,6.91
2008-10-30,6.10,6.65,6.03,6.48,13210000,6.07
2008-10-29,5.13,6.33,5.00,5.96,16133800,5.58
2008-10-28,4.92,5.46,4.33,5.16,11079300,4.83
2008-10-27,4.86,5.29,4.67,4.70,10095000,4.40
2008-10-24,4.59,5.59,4.52,5.07,14608400,4.75
2008-10-23,6.54,6.66,4.59,5.13,24805100,4.80
2008-10-22,6.63,7.13,6.35,6.49,11212200,6.08
2008-10-21,6.96,7.34,6.77,6.78,8024700,6.35
2008-10-20,6.95,7.27,6.71,7.20,8288300,6.74
2008-10-17,6.82,7.10,6.62,6.77,20632400,6.34
2008-10-16,7.19,7.56,6.47,7.38,16524100,6.91
2008-10-15,7.88,8.06,7.05,7.32,12078400,6.85
2008-10-14,9.16,9.24,7.77,8.21,11949300,7.69
2008-10-13,9.26,9.39,8.21,8.59,11188900,8.04
2008-10-10,7.61,8.68,7.18,8.53,19173200,7.99
2008-10-09,10.16,10.16,7.93,8.13,15103400,7.61
2008-10-08,8.92,10.48,8.79,9.74,18392900,9.12
2008-10-07,10.52,10.72,9.60,9.79,12905100,9.17
2008-10-06,10.55,10.87,9.73,10.58,13892000,9.91
2008-10-03,12.40,12.63,10.93,11.07,12693100,10.36
2008-10-02,13.13,13.37,11.96,12.08,8898100,11.31
2008-10-01,12.54,13.40,12.39,13.28,8941400,12.43
2008-09-30,12.22,13.12,11.69,13.02,8542400,12.19
2008-09-29,13.60,13.67,11.71,12.10,15381500,11.33
2008-09-26,13.22,13.85,13.21,13.81,12451600,12.93
2008-09-25,13.38,14.00,13.05,13.92,11192300,13.03
2008-09-24,12.60,13.33,12.23,13.18,8431300,12.34
2008-09-23,12.59,13.17,12.14,12.42,10516000,11.63
2008-09-22,15.15,15.15,12.45,12.55,11569400,11.75
2008-09-19,14.63,15.46,14.03,15.04,19230800,14.08
2008-09-18,12.71,13.82,10.89,13.61,22166900,12.74
2008-09-17,12.52,12.98,11.90,12.19,12847100,11.41
2008-09-16,12.11,13.07,11.64,12.83,12653600,12.01
2008-09-15,13.01,13.68,12.47,12.55,11557100,11.75
2008-09-12,13.40,14.39,13.29,13.90,8967500,13.01
2008-09-11,12.84,13.75,12.61,13.68,10740200,12.81
2008-09-10,12.91,13.66,12.56,13.22,12882300,12.38
2008-09-09,13.53,13.98,12.45,12.83,15780000,12.01
2008-09-08,13.98,14.32,13.05,14.11,20335800,13.21
2008-09-05,11.97,12.66,11.48,12.58,7063400,11.78
2008-09-04,12.55,12.62,11.79,12.05,7649000,11.28
2008-09-03,12.78,13.00,12.39,12.90,5927400,12.08
2008-09-02,12.91,13.62,12.55,12.87,9991600,12.05
2008-08-29,12.23,12.73,12.05,12.46,5529100,11.67
2008-08-28,11.67,12.34,11.60,12.19,7882100,11.41
2008-08-27,11.11,11.69,11.02,11.66,6956100,10.92
2008-08-26,10.78,11.32,10.75,10.95,4928700,10.25
2008-08-25,11.11,11.42,10.91,10.99,4710100,10.29
2008-08-22,11.72,11.74,10.84,11.35,6127600,10.63
2008-08-21,10.48,11.47,10.41,11.40,7112200,10.67
2008-08-20,10.78,10.85,10.40,10.73,5272600,10.05
2008-08-19,10.78,10.98,10.42,10.70,6160900,10.02
2008-08-18,11.76,11.86,10.90,10.99,6447200,10.29
2008-08-15,11.68,12.44,11.68,11.73,6410900,10.98
2008-08-14,11.02,11.80,10.76,11.60,6362100,10.86
2008-08-13,11.40,11.61,10.70,11.05,8455500,10.28
2008-08-12,12.21,12.42,11.24,11.41,7591100,10.61
2008-08-11,12.01,13.02,11.91,12.21,8110800,11.35
2008-08-08,11.09,12.36,11.01,12.04,8898300,11.20
2008-08-07,11.10,11.60,10.85,11.17,11154500,10.39
2008-08-06,11.12,11.66,10.64,11.44,8441100,10.64
2008-08-05,11.18,11.55,10.68,11.19,9145400,10.41
2008-08-04,11.04,11.46,10.79,11.22,7609300,10.43
2008-08-01,11.10,11.45,10.59,11.23,5998500,10.44
2008-07-31,10.75,11.66,10.51,11.12,6084100,10.34
2008-07-30,11.39,11.74,10.52,10.94,6954000,10.17
2008-07-29,10.54,11.24,10.34,11.14,7944800,10.36
2008-07-28,10.97,11.17,10.26,10.48,7735700,9.75
2008-07-25,10.75,11.48,10.43,10.80,8327700,10.04
2008-07-24,12.46,12.54,10.67,10.80,9531500,10.04
2008-07-23,11.93,13.29,11.74,12.53,12575100,11.65
2008-07-22,11.07,12.01,10.60,11.89,5705900,11.06
2008-07-21,11.19,11.47,10.78,11.12,5962300,10.34
2008-07-18,11.60,11.60,10.78,11.13,6642100,10.35
2008-07-17,11.29,11.69,10.48,11.44,12132500,10.64
2008-07-16,9.55,11.31,9.45,11.07,10373300,10.29
2008-07-15,9.47,9.95,8.93,9.63,9485700,8.96
2008-07-14,10.11,10.11,9.48,9.57,6858400,8.90
2008-07-11,9.41,10.18,9.31,9.62,13923800,8.95
2008-07-10,10.10,10.43,9.74,9.92,9636700,9.22
2008-07-09,11.28,11.65,10.06,10.10,15122200,9.39
2008-07-08,10.02,11.02,9.65,11.00,13118800,10.23
2008-07-07,10.55,10.79,9.68,10.09,10562800,9.38
2008-07-03,10.70,10.74,10.28,10.55,5609900,9.81
2008-07-02,11.19,11.40,10.55,10.60,6675200,9.86
2008-07-01,10.74,11.23,10.39,11.16,9345300,10.38
2008-06-30,11.57,11.57,10.74,10.85,10299400,10.09
2008-06-27,11.79,12.06,11.34,11.58,8440200,10.77
2008-06-26,12.47,12.47,11.60,11.80,9498700,10.97
2008-06-25,12.83,13.36,12.39,12.51,7829900,11.63
2008-06-24,12.39,13.32,11.60,12.62,13585000,11.74
2008-06-23,12.32,12.35,11.70,11.76,6774000,10.94
2008-06-20,12.38,12.46,12.10,12.20,7834000,11.35
2008-06-19,12.17,12.64,11.95,12.56,8150300,11.68
2008-06-18,11.99,12.33,11.74,12.15,8583200,11.30
2008-06-17,12.23,12.35,11.61,12.01,5986000,11.17
2008-06-16,11.88,12.25,11.67,12.18,4958700,11.33
2008-06-13,11.48,11.93,11.39,11.90,3941100,11.07
2008-06-12,11.21,11.77,11.21,11.42,6038500,10.62
2008-06-11,12.21,12.24,11.18,11.19,7465200,10.41
2008-06-10,11.62,12.36,11.32,12.17,9926800,11.32
2008-06-09,11.62,12.10,11.23,11.73,10492000,10.91
2008-06-06,12.50,12.50,11.57,11.64,10399400,10.82
2008-06-05,12.68,12.95,12.22,12.63,12850100,11.74
2008-06-04,13.14,13.30,12.63,12.65,9726800,11.76
2008-06-03,12.62,13.26,12.62,13.17,8613800,12.25
2008-06-02,12.60,12.69,12.20,12.54,6233400,11.66
2008-05-30,12.74,12.96,12.60,12.71,5830400,11.82
2008-05-29,12.85,12.85,12.45,12.63,10673100,11.74
2008-05-28,13.13,13.37,12.59,12.92,10494200,12.01
2008-05-27,13.03,13.47,12.95,13.05,8319800,12.14
2008-05-23,13.40,13.40,12.62,13.04,9143800,12.13
2008-05-22,13.47,13.73,13.26,13.40,7720800,12.46
2008-05-21,14.32,14.32,13.10,13.43,11637700,12.49
2008-05-20,14.91,14.91,14.15,14.32,8971500,13.32
2008-05-19,15.46,15.50,14.89,15.01,7447600,13.96
2008-05-16,16.29,16.32,15.40,15.49,7812300,14.40
2008-05-15,15.31,15.89,15.19,15.79,8631900,14.68
2008-05-14,14.94,15.60,14.93,15.36,6713800,14.21
2008-05-13,15.15,15.22,14.56,14.93,5190400,13.82
2008-05-12,14.83,15.26,14.83,15.15,5701000,14.02
2008-05-09,15.18,15.46,14.55,14.83,6605600,13.72
2008-05-08,15.83,16.06,15.03,15.19,7080900,14.06
2008-05-07,16.72,16.77,15.50,15.74,8090500,14.57
2008-05-06,15.36,16.94,15.35,16.85,12232400,15.59
2008-05-05,15.74,16.22,15.54,15.97,5822100,14.78
2008-05-02,16.24,16.30,15.51,15.65,5868800,14.48
2008-05-01,15.45,16.11,15.31,15.85,8942900,14.67
2008-04-30,16.69,16.71,15.46,15.49,9160800,14.33
2008-04-29,17.05,17.05,16.26,16.69,6686000,15.44
2008-04-28,17.06,17.42,16.40,17.15,7779200,15.87
2008-04-25,16.79,17.21,16.37,17.03,5525000,15.76
2008-04-24,15.84,17.16,15.32,16.73,8220300,15.48
2008-04-23,16.28,16.41,15.53,15.89,9848700,14.70
2008-04-22,16.55,16.78,16.08,16.27,5301700,15.06
2008-04-21,16.59,16.74,16.24,16.64,4782900,15.40
2008-04-18,16.55,17.08,16.44,16.71,8072900,15.46
2008-04-17,16.10,16.36,15.65,16.24,8528700,15.03
2008-04-16,15.66,16.28,15.39,16.22,6867100,15.01
2008-04-15,15.21,15.59,14.90,15.49,5716200,14.33
2008-04-14,15.57,15.59,15.00,15.13,6567300,14.00
2008-04-11,15.87,16.33,15.62,15.72,4845900,14.55
2008-04-10,15.60,16.50,15.60,16.10,9303800,14.90
2008-04-09,16.26,16.42,15.65,15.71,8007900,14.54
2008-04-08,16.87,16.87,16.00,16.22,8936600,15.01
2008-04-07,17.10,17.79,16.91,16.96,7536700,15.69
2008-04-04,17.27,17.35,16.63,16.93,7410700,15.67
2008-04-03,16.99,17.46,16.43,17.23,8997300,15.94
2008-04-02,17.06,17.95,16.91,17.16,14308400,15.88
2008-04-01,15.95,17.17,15.95,17.07,11695300,15.80
2008-03-31,15.36,16.04,15.01,15.75,8522700,14.57
2008-03-28,15.49,15.73,15.16,15.36,5975400,14.21
2008-03-27,15.57,16.12,15.32,15.53,11753000,14.37
2008-03-26,16.08,16.33,15.11,15.20,15864400,14.07
2008-03-25,16.99,17.00,16.16,16.25,16509000,15.04
2008-03-24,15.85,17.49,15.80,16.70,15919400,15.45
2008-03-20,14.64,16.05,14.60,15.68,10787500,14.51
2008-03-19,14.98,15.68,14.54,14.63,8858200,13.54
2008-03-18,14.35,15.23,14.01,14.76,13073500,13.66
2008-03-17,13.00,14.08,12.91,13.72,10610700,12.70
2008-03-14,14.61,14.92,13.43,13.91,12299500,12.87
2008-03-13,13.13,14.78,12.81,14.49,14012700,13.41
2008-03-12,14.49,14.63,13.58,13.64,8173900,12.62
2008-03-11,13.45,14.33,13.20,14.33,12566000,13.26
2008-03-10,13.00,13.28,12.43,12.79,8857400,11.84
2008-03-07,12.76,13.33,12.55,12.96,8292100,11.99
2008-03-06,14.17,14.26,13.01,13.15,8343000,12.17
2008-03-05,13.99,14.69,13.55,14.26,12749000,13.20
2008-03-04,13.44,13.94,13.10,13.75,11116600,12.72
2008-03-03,13.86,13.95,13.31,13.59,11457100,12.58
2008-02-29,15.11,15.23,13.86,14.03,13941900,12.98
2008-02-28,16.76,16.93,15.32,15.52,12728900,14.36
2008-02-27,16.36,17.60,16.26,17.10,13483500,15.82
2008-02-26,15.40,16.72,15.25,16.43,11286600,15.20
2008-02-25,15.20,15.54,14.83,15.50,8006700,14.34
2008-02-22,15.16,15.32,14.50,15.22,8587500,14.08
2008-02-21,15.47,16.35,15.19,15.32,13709500,14.18
2008-02-20,14.14,15.49,14.01,15.45,11988100,14.30
2008-02-19,13.93,14.61,13.59,14.29,12011000,13.22
2008-02-15,14.04,14.14,13.40,13.82,6251700,12.79
2008-02-14,14.49,14.70,13.98,14.08,5445600,13.03
2008-02-13,14.32,14.52,13.92,14.46,7287000,13.38
2008-02-12,14.62,14.89,13.96,14.19,6559800,13.13
2008-02-11,14.19,14.74,13.75,14.50,7083100,13.42
2008-02-08,15.06,15.27,13.64,14.17,12175100,13.11
2008-02-07,14.51,16.61,14.49,15.04,16956300,13.78
2008-02-06,15.64,15.77,14.54,14.81,10853000,13.57
2008-02-05,16.29,16.94,15.35,15.45,14526700,14.15
2008-02-04,17.25,17.25,16.28,16.56,9525200,15.17
2008-02-01,17.29,17.78,16.52,17.31,15763400,15.86
2008-01-31,15.10,17.80,14.95,17.26,19952400,15.81
2008-01-30,16.65,16.65,15.53,15.62,14453200,14.31
2008-01-29,15.85,16.98,15.50,16.73,16434800,15.33
2008-01-28,15.20,15.99,14.65,15.90,14337100,14.57
2008-01-25,15.89,17.00,15.43,15.43,18354600,14.14
2008-01-24,14.50,15.58,14.21,15.48,16479200,14.18
2008-01-23,12.69,14.62,12.44,14.45,18143600,13.24
2008-01-22,11.50,13.18,11.50,12.90,10612100,11.82
2008-01-18,11.81,12.24,11.67,12.13,12328000,11.11
2008-01-17,11.69,12.00,11.44,11.71,13617100,10.73
2008-01-16,11.01,12.01,11.01,11.51,11934100,10.54
2008-01-15,11.37,11.59,11.15,11.30,9896500,10.35
2008-01-14,11.02,11.62,10.91,11.54,9351000,10.57
2008-01-11,11.15,11.46,10.76,11.05,11052900,10.12
2008-01-10,10.47,11.40,10.19,11.14,10340500,10.21
2008-01-09,10.25,10.53,9.78,10.53,9569700,9.65
2008-01-08,11.00,11.40,10.25,10.27,11053700,9.41
2008-01-07,11.00,11.24,10.37,10.96,11011100,10.04
2008-01-04,12.01,12.01,10.66,10.92,13329800,10.00
2008-01-03,12.91,13.06,11.98,12.15,6896300,11.13
2008-01-02,13.19,13.25,12.79,12.84,5731900,11.76
