Date,Open,High,Low,Close,Volume,Adj Close
2013-12-31,61.84,62.19,61.38,61.87,2336400,61.66
2013-12-30,61.75,62.40,61.56,61.80,2724100,61.59
2013-12-27,61.42,61.88,61.13,61.69,1472900,61.48
2013-12-26,61.16,61.46,60.60,61.12,2125300,60.91
2013-12-24,60.74,61.45,60.59,61.26,847800,61.05
2013-12-23,61.31,61.85,60.71,60.81,1940000,60.60
2013-12-20,60.94,61.11,60.13,60.94,3954400,60.73
2013-12-19,59.35,61.12,59.15,60.75,3620000,60.54
2013-12-18,59.70,59.88,58.03,59.34,4353500,59.13
2013-12-17,60.26,60.28,59.60,59.65,3026400,59.44
2013-12-16,59.62,60.56,59.54,60.40,2800500,60.19
2013-12-13,59.43,59.87,59.00,59.22,3039700,59.01
2013-12-12,59.80,60.30,59.39,59.42,2967000,59.21
2013-12-11,60.40,60.55,59.30,59.57,3354600,59.36
2013-12-10,60.48,61.51,60.45,60.82,3200800,60.39
2013-12-09,60.68,60.99,60.13,60.70,2434800,60.27
2013-12-06,61.84,61.90,60.18,60.48,3129000,60.05
2013-12-05,60.61,61.90,60.43,61.36,3845900,60.93
2013-12-04,61.26,61.80,60.77,60.81,3597300,60.38
2013-12-03,60.74,61.93,60.46,61.45,3588500,61.02
2013-12-02,60.89,60.91,60.30,60.54,3362700,60.11
2013-11-29,60.61,61.23,60.20,60.62,2250200,60.19
2013-11-27,61.27,61.51,60.44,60.57,2278600,60.14
2013-11-26,61.45,62.39,61.23,61.27,3299400,60.84
2013-11-25,62.36,62.50,60.79,61.60,3523600,61.16
2013-11-22,63.04,63.10,62.27,62.57,4494500,62.13
2013-11-21,63.22,63.52,62.47,62.60,5586800,62.16
2013-11-20,65.06,65.60,62.06,62.75,14575600,62.31
2013-11-19,59.78,63.20,59.42,62.77,11442600,62.33
2013-11-18,60.62,60.80,59.60,59.79,2724300,59.37
2013-11-15,60.93,61.11,60.23,60.48,2666600,60.05
2013-11-14,60.58,61.03,60.17,60.82,2350800,60.39
2013-11-13,59.72,60.60,59.50,60.60,2674800,60.17
2013-11-12,60.65,60.70,59.46,59.83,3234600,59.41
2013-11-11,61.51,61.51,60.44,60.71,4171600,60.28
2013-11-08,59.77,60.56,59.73,60.11,3538900,59.69
2013-11-07,61.32,61.49,59.53,59.76,6374000,59.34
2013-11-06,64.48,64.48,59.40,61.40,9580600,60.97
2013-11-05,64.27,64.44,63.45,63.79,2663200,63.34
2013-11-04,63.81,64.67,63.76,64.46,2408200,64.00
2013-11-01,63.19,63.95,62.71,63.66,2345900,63.21
2013-10-31,63.35,63.82,62.79,63.22,2407400,62.77
2013-10-30,64.63,64.98,62.85,63.41,2391000,62.96
2013-10-29,64.28,64.73,64.07,64.53,2278400,64.07
2013-10-28,64.74,64.78,63.77,64.03,2508300,63.58
2013-10-25,64.71,65.00,63.89,64.54,1924100,64.08
2013-10-24,64.13,64.80,63.97,64.50,2348900,64.04
2013-10-23,65.03,65.03,63.69,64.10,3223500,63.65
2013-10-22,66.07,66.92,65.21,65.52,5280900,65.06
2013-10-21,64.92,66.82,64.51,65.32,8475700,64.86
2013-10-18,63.44,63.58,62.58,63.21,3229200,62.76
2013-10-17,62.42,63.13,62.01,62.97,2647500,62.53
2013-10-16,61.48,63.09,61.31,62.49,4179700,62.05
2013-10-15,60.74,61.49,60.50,60.97,2868100,60.54
2013-10-14,60.30,61.20,60.14,60.94,2246700,60.51
2013-10-11,59.99,61.37,59.78,60.80,3305800,60.37
2013-10-10,58.80,60.41,58.79,60.28,4366200,59.85
2013-10-09,58.23,58.73,57.95,58.30,3133100,57.89
2013-10-08,58.61,58.99,58.14,58.20,2877200,57.79
2013-10-07,58.49,59.18,58.31,58.36,1732300,57.95
2013-10-04,58.10,59.14,57.99,58.92,2074800,58.50
2013-10-03,58.13,58.45,57.81,57.97,2166100,57.56
2013-10-02,58.40,58.66,57.58,58.29,1930300,57.88
2013-10-01,57.86,58.94,57.81,58.60,2260700,58.19
2013-09-30,57.97,57.98,57.20,57.76,3530700,57.35
2013-09-27,59.24,59.52,58.28,58.71,3262200,58.30
2013-09-26,59.53,59.74,59.05,59.47,2038900,59.05
2013-09-25,59.76,60.09,59.44,59.50,2289300,59.08
2013-09-24,59.55,60.09,59.25,59.73,2627700,59.31
2013-09-23,59.48,59.65,59.10,59.58,2918300,59.16
2013-09-20,59.72,60.24,59.38,59.54,3796500,59.12
2013-09-19,60.03,60.20,59.30,59.68,2458700,59.26
2013-09-18,58.69,60.38,58.65,59.82,4457800,59.40
2013-09-17,58.13,59.07,58.05,58.86,2027400,58.44
2013-09-16,58.95,59.00,58.00,58.11,2059700,57.70
2013-09-13,59.11,59.19,58.25,58.39,1780800,57.98
2013-09-12,59.16,59.67,58.72,58.90,1869400,58.48
2013-09-11,58.42,59.13,58.37,59.13,2996200,58.71
2013-09-10,59.18,59.18,58.36,58.70,2388300,58.07
2013-09-09,58.64,59.10,58.50,59.02,2112300,58.38
2013-09-06,58.82,59.23,58.33,58.38,2422200,57.75
2013-09-05,57.50,58.79,57.49,58.73,3291500,58.10
2013-09-04,57.20,57.85,57.16,57.50,2160600,56.88
2013-09-03,57.78,57.88,56.99,57.23,2229600,56.61
2013-08-30,56.88,57.53,56.85,57.09,2037600,56.47
2013-08-29,57.40,57.65,56.65,56.77,1937000,56.16
2013-08-28,57.02,58.38,56.98,57.50,2818000,56.88
2013-08-27,57.56,58.00,56.83,56.96,3145800,56.35
2013-08-26,58.18,58.58,58.03,58.07,2349800,57.44
2013-08-23,57.37,58.32,57.26,58.13,2219100,57.50
2013-08-22,56.24,57.71,56.15,57.33,1776000,56.71
2013-08-21,56.40,56.96,56.03,56.08,3354900,55.48
2013-08-20,56.95,57.59,56.52,56.53,2752000,55.92
2013-08-19,57.45,57.50,56.38,56.44,2860700,55.83
2013-08-16,57.81,57.89,56.88,57.38,2501500,56.76
2013-08-15,57.59,58.12,57.41,58.02,2038000,57.39
2013-08-14,57.68,58.44,57.58,57.95,3254100,57.32
2013-08-13,58.05,58.05,57.19,57.55,1881600,56.93
2013-08-12,58.28,58.65,57.86,57.89,2278500,57.27
2013-08-09,58.68,58.95,58.33,58.50,2604100,57.87
2013-08-08,56.70,59.40,56.70,58.67,5247500,58.04
2013-08-07,57.50,57.60,55.15,56.68,7142800,56.07
2013-08-06,55.97,56.04,55.43,55.80,2664800,55.20
2013-08-05,55.83,56.27,55.71,56.00,2787800,55.40
2013-08-02,56.16,56.20,55.64,55.96,2232500,55.36
2013-08-01,55.51,56.54,55.51,56.33,2344900,55.72
2013-07-31,55.15,55.43,54.90,55.01,3380000,54.42
2013-07-30,54.90,55.06,54.08,54.89,3562800,54.30
2013-07-29,55.38,55.79,54.49,54.74,3070700,54.15
2013-07-26,56.27,56.43,55.42,55.84,2728200,55.24
2013-07-25,56.28,56.80,56.07,56.50,2892800,55.89
2013-07-24,57.40,57.40,56.09,56.34,2856400,55.73
2013-07-23,57.51,57.84,57.04,57.40,2056100,56.78
2013-07-22,57.75,57.85,57.11,57.29,1843700,56.67
2013-07-19,56.82,57.99,56.75,57.89,3073600,57.27
2013-07-18,56.35,57.11,56.20,56.78,2257000,56.17
2013-07-17,56.24,56.66,56.04,56.17,1378600,55.56
2013-07-16,56.11,56.42,55.68,56.19,2035500,55.58
2013-07-15,55.59,56.36,55.37,56.10,2055500,55.49
2013-07-12,56.06,56.52,55.46,55.65,2371100,55.05
2013-07-11,55.80,56.90,55.52,55.97,3077100,55.37
2013-07-10,55.73,55.89,55.24,55.27,2696700,54.67
2013-07-09,55.04,55.71,54.90,55.61,2736600,55.01
2013-07-08,54.93,55.42,54.67,54.82,2888600,54.23
2013-07-05,53.73,54.66,53.46,54.56,2797800,53.97
2013-07-03,52.97,53.57,52.54,53.50,1802000,52.92
2013-07-02,52.33,53.10,52.29,53.05,3261400,52.48
2013-07-01,52.12,52.75,52.00,52.28,2865300,51.72
2013-06-28,52.32,52.45,51.67,51.88,3936700,51.32
2013-06-27,53.30,53.65,52.25,52.36,3876300,51.80
2013-06-26,53.49,53.50,52.60,52.99,2154100,52.42
2013-06-25,52.44,53.26,51.95,53.07,3499200,52.50
2013-06-24,52.83,52.85,51.66,52.03,4363100,51.47
2013-06-21,53.20,53.55,52.78,53.43,5514300,52.85
2013-06-20,53.71,53.79,52.53,52.71,4162300,52.14
2013-06-19,55.26,55.47,54.12,54.13,2951100,53.55
2013-06-18,54.94,55.58,54.87,55.30,2458600,54.70
2013-06-17,54.83,55.32,54.63,55.00,2571100,54.41
2013-06-14,55.01,55.23,54.17,54.32,2460600,53.73
2013-06-13,54.52,55.15,54.22,55.04,2298000,54.45
2013-06-12,55.75,55.75,54.35,54.54,2686900,53.95
2013-06-11,55.61,55.72,55.01,55.26,2663400,54.45
2013-06-10,56.79,56.85,55.89,56.22,1960300,55.39
2013-06-07,56.18,56.90,55.80,56.85,3352700,56.01
2013-06-06,57.94,58.00,54.83,55.83,7772100,55.01
2013-06-05,57.15,57.23,56.58,56.64,3001900,55.81
2013-06-04,57.40,57.73,56.91,57.25,1986400,56.41
2013-06-03,56.90,57.75,56.72,57.55,2464800,56.70
2013-05-31,58.16,58.17,56.83,56.85,3303200,56.01
2013-05-30,58.54,58.79,57.77,58.39,2155200,57.53
2013-05-29,58.02,58.85,57.81,58.66,2678800,57.80
2013-05-28,58.50,59.03,58.05,58.23,2538000,57.37
2013-05-24,57.66,58.01,57.26,57.84,2846800,56.99
2013-05-23,57.96,58.68,57.29,58.29,5021500,57.43
2013-05-22,60.36,61.10,58.76,59.15,3598800,58.28
2013-05-21,59.82,60.86,59.58,60.17,3482600,59.28
2013-05-20,58.82,59.95,58.77,59.86,2390300,58.98
2013-05-17,58.66,59.30,58.50,58.79,3107300,57.92
2013-05-16,58.65,58.87,57.91,58.23,2251100,57.37
2013-05-15,59.08,59.37,58.37,58.76,2476500,57.89
2013-05-14,59.17,59.73,59.08,59.45,1883200,58.57
2013-05-13,59.08,59.67,58.57,59.17,2579400,58.30
2013-05-10,58.05,59.21,57.91,59.18,3318800,58.31
2013-05-09,58.40,58.68,57.92,58.39,2288800,57.53
2013-05-08,58.14,58.91,58.03,58.43,2642900,57.57
2013-05-07,58.36,58.85,57.43,58.12,5309400,57.26
2013-05-06,58.15,59.49,57.99,58.40,3829600,57.54
2013-05-03,57.09,58.31,56.97,58.15,4007800,57.29
2013-05-02,55.74,56.88,55.02,56.64,4593400,55.81
2013-05-01,55.26,57.16,54.59,55.24,8214600,54.43
2013-04-30,54.75,55.15,54.46,55.06,3234900,54.25
2013-04-29,53.86,55.05,53.65,54.77,2963600,53.96
2013-04-26,53.60,53.75,52.75,53.61,2691600,52.82
2013-04-25,53.52,54.50,53.31,53.47,2708500,52.68
2013-04-24,53.14,53.72,52.97,53.43,2889900,52.64
2013-04-23,51.83,52.96,51.11,52.93,5267600,52.15
2013-04-22,51.50,51.85,50.81,51.70,4636500,50.94
2013-04-19,53.34,53.44,51.04,51.44,5515000,50.68
2013-04-18,52.92,53.50,52.09,53.10,3129400,52.32
2013-04-17,53.48,53.49,52.08,52.80,3520700,52.02
2013-04-16,53.68,54.16,53.28,54.03,3392500,53.23
2013-04-15,54.33,54.49,53.08,53.10,5542900,52.32
2013-04-12,56.25,56.51,54.92,55.05,5752900,54.24
2013-04-11,55.95,56.69,55.46,56.54,2921700,55.71
2013-04-10,55.52,56.08,55.16,55.80,2566600,54.98
2013-04-09,54.49,55.59,54.20,55.23,2264400,54.42
2013-04-08,54.06,54.72,53.79,54.44,2486400,53.64
2013-04-05,52.97,54.50,52.79,54.00,3446800,53.20
2013-04-04,53.81,54.16,53.11,53.39,3221400,52.60
2013-04-03,54.95,55.05,53.62,53.85,2912600,53.06
2013-04-02,55.69,55.70,54.70,54.95,3133700,54.14
2013-04-01,56.19,56.27,55.03,55.52,3464600,54.70
2013-03-28,57.14,57.30,56.34,56.42,3737300,55.59
2013-03-27,56.94,57.34,56.75,57.14,1787700,56.30
2013-03-26,57.23,57.45,56.81,57.21,2273600,56.37
2013-03-25,57.65,58.15,56.84,57.02,2427100,56.18
2013-03-22,57.21,57.60,56.95,57.31,2472900,56.47
2013-03-21,56.79,57.70,56.65,56.91,2928700,56.07
2013-03-20,57.70,58.00,56.70,57.11,2894200,56.27
2013-03-19,57.93,58.12,56.82,57.26,3818700,56.42
2013-03-18,57.62,58.48,57.35,57.97,3180000,57.12
2013-03-15,57.50,58.53,57.36,58.06,4884200,57.21
2013-03-14,55.76,57.79,55.70,57.68,4114900,56.83
2013-03-13,55.31,56.48,55.31,55.69,3625400,54.87
2013-03-12,56.08,56.50,55.68,55.86,3096900,54.84
2013-03-11,56.02,56.17,55.25,55.96,2598400,54.94
2013-03-08,56.00,56.31,55.78,56.24,2688600,55.21
2013-03-07,54.31,55.87,54.30,55.79,3987100,54.77
2013-03-06,54.25,54.67,53.86,54.32,2834400,53.33
2013-03-05,53.91,54.46,53.65,54.08,3159300,53.09
2013-03-04,53.69,53.79,53.18,53.53,3394500,52.55
2013-03-01,53.87,54.06,53.57,53.88,2720100,52.90
2013-02-28,54.09,54.56,53.86,54.26,4214600,53.27
2013-02-27,53.57,54.45,53.55,54.14,3139400,53.15
2013-02-26,54.34,54.42,52.69,53.73,5166500,52.75
2013-02-25,55.47,55.73,53.98,54.00,4826300,53.01
2013-02-22,55.30,55.49,54.35,54.98,4545400,53.98
2013-02-21,56.35,56.42,54.88,54.88,6534600,53.88
2013-02-20,60.62,60.62,55.76,56.57,9360300,55.54
2013-02-19,59.47,60.61,59.25,60.57,5945000,59.46
2013-02-15,60.90,60.90,58.73,59.25,5356300,58.17
2013-02-14,61.12,61.80,60.40,60.66,5414800,59.55
2013-02-13,60.33,61.75,60.25,61.48,8367000,60.36
2013-02-12,59.80,59.99,59.06,59.53,2573000,58.44
2013-02-11,60.27,60.42,59.31,59.70,2674800,58.61
2013-02-08,59.50,60.50,59.19,60.42,3504000,59.32
2013-02-07,58.30,60.38,58.23,59.50,6514300,58.41
2013-02-06,57.77,58.46,57.64,58.10,2823500,57.04
2013-02-05,57.50,58.36,57.44,58.09,2547300,57.03
2013-02-04,57.72,58.02,57.08,57.18,2501700,56.14
2013-02-01,58.22,58.22,57.15,58.02,3354100,56.96
2013-01-31,57.52,57.67,56.72,57.19,4223800,56.15
2013-01-30,56.97,58.40,56.96,57.75,7736900,56.70
2013-01-29,54.75,57.03,54.57,56.96,7194600,55.92
2013-01-28,54.94,55.07,54.06,54.56,2309900,53.56
2013-01-25,54.48,55.18,54.36,54.98,2526000,53.98
2013-01-24,54.36,54.71,54.06,54.29,2996300,53.30
2013-01-23,54.87,54.95,54.15,54.29,2138100,53.30
2013-01-22,54.22,54.99,53.81,54.99,2905900,53.99
2013-01-18,54.32,54.66,53.99,54.28,2828600,53.29
2013-01-17,54.16,54.45,54.00,54.14,2325700,53.15
2013-01-16,53.54,53.96,53.35,53.86,2176700,52.88
2013-01-15,53.38,53.80,53.18,53.67,2443300,52.69
2013-01-14,54.30,54.43,53.68,53.82,2173100,52.84
2013-01-11,53.91,54.27,53.45,54.26,2983400,53.27
2013-01-10,53.68,53.96,53.35,53.88,3681200,52.90
2013-01-09,54.25,54.82,53.15,53.35,3702300,52.38
2013-01-08,54.40,54.46,53.92,54.21,2410700,53.22
2013-01-07,54.97,55.02,54.47,54.60,3238700,53.60
2013-01-04,53.69,54.70,53.31,54.58,3349500,53.58
2013-01-03,52.34,53.68,52.06,53.39,3714900,52.42
2013-01-02,53.06,53.20,51.63,52.46,4541200,51.50
2012-12-31,50.93,52.11,50.89,52.04,3970100,51.09
2012-12-28,51.86,51.93,51.10,51.15,3184400,50.22
2012-12-27,52.32,52.41,51.55,52.26,2544700,51.31
2012-12-26,53.15,53.35,52.29,52.36,1902500,51.40
2012-12-24,53.31,53.44,52.61,52.87,965600,51.90
2012-12-21,53.21,53.74,53.00,53.46,4521000,52.48
2012-12-20,53.91,54.22,53.40,54.19,3569300,53.20
2012-12-19,53.98,54.13,53.12,53.77,3494200,52.79
2012-12-18,52.14,54.38,52.09,54.14,5161300,53.15
2012-12-17,52.00,52.52,51.81,52.13,3265500,51.18
2012-12-14,52.09,52.20,51.79,51.92,6201600,50.97
2012-12-13,52.88,52.88,52.22,52.33,4396200,51.37
2012-12-12,52.59,53.38,52.46,52.91,4226500,51.94
2012-12-11,52.44,52.74,52.09,52.46,3081100,51.31
2012-12-10,52.85,52.86,52.06,52.32,2576200,51.17
2012-12-07,53.16,53.25,52.41,52.92,2918900,51.76
2012-12-06,52.51,53.33,52.35,53.09,2871000,51.92
2012-12-05,52.02,53.24,51.93,52.62,3330000,51.46
2012-12-04,51.90,52.09,51.62,51.88,4011300,50.74
2012-12-03,52.00,52.38,51.70,51.90,3864300,50.76
2012-11-30,52.58,52.70,51.49,51.67,5763500,50.53
2012-11-29,53.10,53.53,52.52,52.60,3672100,51.44
2012-11-28,52.64,53.21,52.28,53.12,4484500,51.95
2012-11-27,52.90,53.29,52.64,53.12,3631300,51.95
2012-11-26,52.59,52.93,52.42,52.87,2793800,51.71
2012-11-23,53.00,53.24,52.51,53.23,1085600,52.06
2012-11-21,52.75,53.21,52.65,52.89,1788100,51.73
2012-11-20,53.29,53.55,52.48,52.74,3415200,51.58
2012-11-19,53.33,53.69,52.87,53.49,2863900,52.31
2012-11-16,52.62,52.86,51.82,52.40,4110000,51.25
2012-11-15,53.37,53.48,51.98,52.48,4037000,51.33
2012-11-14,53.79,54.00,52.93,53.06,4035100,51.89
2012-11-13,53.52,54.45,53.35,53.70,3578900,52.52
2012-11-12,53.94,54.17,53.78,53.94,2830300,52.75
2012-11-09,53.91,55.02,53.70,53.83,4523100,52.65
2012-11-08,55.04,55.31,53.84,54.02,6761600,52.83
2012-11-07,58.72,58.72,54.07,55.41,9785100,54.19
2012-11-06,58.24,59.71,58.17,59.62,4769100,58.31
2012-11-05,57.55,58.21,57.35,57.83,2414000,56.56
2012-11-02,59.01,59.01,57.47,57.80,2327700,56.53
2012-11-01,58.21,58.89,57.80,58.52,2951600,57.23
2012-10-31,58.75,59.39,58.10,58.21,2248300,56.93
2012-10-26,58.82,59.27,58.10,58.29,2206200,57.01
2012-10-25,59.29,59.53,57.92,58.88,2123100,57.58
2012-10-24,59.79,60.02,58.70,58.77,2523200,57.48
2012-10-23,60.35,60.59,59.47,59.59,2841900,58.28
2012-10-22,61.85,61.99,60.39,61.37,2551100,60.02
2012-10-19,62.58,63.00,61.79,62.00,2503800,60.64
2012-10-18,62.47,62.87,62.16,62.65,2519100,61.27
2012-10-17,61.29,62.95,61.29,62.81,2368400,61.43
2012-10-16,61.47,61.75,61.12,61.46,1969900,60.11
2012-10-15,61.16,61.58,60.49,60.96,2226100,59.62
2012-10-12,61.68,62.10,60.88,61.36,1715600,60.01
2012-10-11,61.05,62.14,60.72,61.61,2754800,60.25
2012-10-10,60.87,61.40,60.30,60.48,1435000,59.15
2012-10-09,60.01,61.26,60.01,61.07,2266600,59.73
2012-10-08,59.46,60.31,59.30,59.98,2130500,58.66
2012-10-05,61.00,61.03,59.69,60.02,2713500,58.70
2012-10-04,60.57,60.96,60.03,60.82,2064800,59.48
2012-10-03,61.30,61.43,59.88,60.13,2212500,58.81
2012-10-02,61.43,61.84,60.58,61.57,3089600,60.22
2012-10-01,61.16,61.72,60.58,60.78,2497200,59.44
2012-09-28,60.54,61.05,60.05,60.50,2822000,59.17
2012-09-27,59.40,60.83,59.32,60.63,3016200,59.30
2012-09-26,59.28,59.28,58.40,59.00,2591700,57.70
2012-09-25,60.67,60.98,59.43,59.48,2015500,58.17
2012-09-24,60.57,60.85,60.00,60.24,2471500,58.91
2012-09-21,61.28,61.49,60.74,61.13,5594800,59.79
2012-09-20,60.36,61.07,60.01,60.97,2539200,59.63
2012-09-19,62.13,62.29,60.70,60.96,2986400,59.62
2012-09-18,62.95,63.00,61.47,61.96,2667500,60.60
2012-09-17,63.27,63.72,62.67,63.14,2711200,61.75
2012-09-14,62.45,63.95,62.45,63.49,3354600,62.09
2012-09-13,61.65,62.74,60.71,62.19,3572000,60.82
2012-09-12,60.83,61.49,60.04,61.43,3995200,60.08
2012-09-11,59.60,60.72,59.46,60.62,3148300,59.09
2012-09-10,59.40,59.77,59.21,59.37,3110000,57.87
2012-09-07,58.64,59.47,58.56,59.34,2863700,57.84
2012-09-06,57.30,59.02,57.07,58.40,2970900,56.93
2012-09-05,57.79,57.79,56.82,57.01,3279800,55.57
2012-09-04,57.75,57.86,57.10,57.45,2085500,56.00
2012-08-31,58.06,58.49,57.63,57.83,2346000,56.37
2012-08-30,58.59,58.80,57.63,57.64,2641000,56.19
2012-08-29,60.19,60.37,58.57,58.73,4428500,57.25
2012-08-28,60.20,60.55,59.92,60.29,2646500,58.77
2012-08-27,61.09,61.25,60.04,60.20,2709300,58.68
2012-08-24,60.48,61.17,60.05,61.04,2505300,59.50
2012-08-23,61.08,61.71,60.46,60.52,3725100,58.99
2012-08-22,60.00,61.38,59.71,61.23,3801800,59.69
2012-08-21,59.60,60.35,59.34,60.16,3641800,58.64
2012-08-20,58.78,59.33,58.57,59.26,1867900,57.77
2012-08-17,58.72,59.03,58.57,58.97,2315100,57.48
2012-08-16,58.41,59.06,58.30,58.89,2965500,57.40
2012-08-15,58.54,58.71,58.03,58.40,2055400,56.93
2012-08-14,59.35,59.53,58.52,58.75,1691100,57.27
2012-08-13,59.51,59.89,58.87,59.01,1896800,57.52
2012-08-10,59.63,60.07,59.31,59.88,2610000,58.37
2012-08-09,59.37,61.21,59.20,60.42,3689500,58.90
2012-08-08,58.98,59.71,58.76,59.45,1958600,57.95
2012-08-07,57.64,59.29,57.64,59.07,3241100,57.58
2012-08-06,56.67,57.73,56.50,57.47,3398900,56.02
2012-08-03,56.64,57.12,56.11,56.32,3866600,54.90
2012-08-02,56.11,56.84,55.05,55.41,5010900,54.01
2012-08-01,58.17,58.95,55.98,57.06,8241000,55.62
2012-07-31,59.21,59.58,58.97,59.12,4154800,57.63
2012-07-30,59.01,59.62,58.83,59.21,3520500,57.72
2012-07-27,57.43,59.30,57.20,58.88,4255000,57.39
2012-07-26,57.45,58.19,57.18,57.95,3130000,56.49
2012-07-25,57.07,57.13,55.86,56.59,2860200,55.16
2012-07-24,58.19,58.44,56.36,56.88,2916100,55.45
2012-07-23,57.57,58.58,56.99,58.35,3065500,56.88
2012-07-20,58.58,59.06,58.15,58.99,2776700,57.50
2012-07-19,59.00,59.34,58.79,58.95,3740600,57.46
2012-07-18,57.90,59.13,57.76,58.73,3474200,57.25
2012-07-17,56.40,58.24,55.74,58.13,4077200,56.66
2012-07-16,55.29,56.60,54.75,56.26,3406600,54.84
2012-07-13,54.85,55.63,54.85,55.40,3354100,54.00
2012-07-12,55.21,55.41,54.56,54.65,3729500,53.27
2012-07-11,55.57,56.30,55.17,55.83,2882500,54.42
2012-07-10,56.98,57.07,55.06,55.37,2639000,53.97
2012-07-09,57.11,57.25,56.44,56.74,2324500,55.31
2012-07-06,57.15,57.60,56.66,57.25,2239800,55.81
2012-07-05,58.35,58.65,57.56,57.99,3019100,56.53
2012-07-03,57.65,58.69,57.45,58.48,3165400,57.00
2012-07-02,57.39,58.51,56.92,57.13,3429900,55.69
2012-06-29,58.16,58.23,57.23,57.99,4210500,56.53
2012-06-28,55.72,56.94,55.53,56.84,3361400,55.41
2012-06-27,55.10,56.36,55.10,56.20,4454700,54.78
2012-06-26,54.14,54.84,54.01,54.58,3483900,53.20
2012-06-25,54.80,55.12,54.18,54.32,4848000,52.95
2012-06-22,55.12,55.86,54.37,55.50,5547400,54.10
2012-06-21,56.85,56.95,54.83,54.89,6803400,53.51
2012-06-20,58.04,58.10,56.66,56.98,4380300,55.54
2012-06-19,57.18,57.96,56.74,57.82,4853300,56.36
2012-06-18,57.08,57.25,56.46,56.87,4430700,55.44
2012-06-15,56.85,57.42,56.17,57.35,5061500,55.90
2012-06-14,56.49,57.12,56.10,56.70,4238900,55.27
2012-06-13,57.17,57.43,56.04,56.34,5604600,54.92
2012-06-12,57.60,58.03,57.03,57.55,3981700,55.90
2012-06-11,59.38,59.66,57.19,57.26,3873200,55.62
2012-06-08,58.88,59.26,58.27,58.71,3346600,57.03
2012-06-07,60.89,61.42,59.18,59.30,3556700,57.60
2012-06-06,59.63,60.40,59.34,60.09,4570400,58.37
2012-06-05,58.14,59.27,57.93,59.07,2844200,57.38
2012-06-04,58.02,58.60,57.14,58.36,3661700,56.69
2012-06-01,58.44,58.62,57.55,57.99,4919300,56.33
2012-05-31,59.74,60.00,58.63,59.52,4693600,57.82
2012-05-30,60.35,60.40,59.38,59.75,3527400,58.04
2012-05-29,60.67,61.81,60.48,61.15,2894500,59.40
2012-05-25,60.22,60.81,59.82,60.02,4495600,58.30
2012-05-24,61.52,61.52,59.70,60.43,4891900,58.70
2012-05-23,60.75,61.31,59.71,61.16,6200000,59.41
2012-05-22,62.59,63.41,61.14,61.62,4874300,59.86
2012-05-21,61.59,62.93,61.33,62.89,2628500,61.09
2012-05-18,61.83,62.34,61.07,61.43,4285700,59.67
2012-05-17,61.67,62.41,61.17,61.38,3698800,59.62
2012-05-16,62.79,63.71,61.54,61.69,3230400,59.92
2012-05-15,63.75,64.18,62.08,62.35,3902100,60.57
2012-05-14,63.61,64.54,63.50,63.77,3787400,61.95
2012-05-11,63.99,65.05,63.75,64.48,3933900,62.64
2012-05-10,64.61,65.62,64.20,64.60,3581000,62.75
2012-05-09,63.58,64.59,62.52,64.03,4836100,62.20
2012-05-08,63.86,64.63,62.76,64.51,5097800,62.66
2012-05-07,64.66,64.81,63.30,64.35,3856400,62.51
2012-05-04,65.92,66.00,64.25,65.03,6094100,63.17
2012-05-03,68.10,68.40,66.15,66.47,4892200,64.57
2012-05-02,67.79,69.50,67.53,68.06,6310300,66.11
2012-05-01,70.08,71.08,69.40,70.65,4018100,68.63
2012-04-30,69.66,69.88,68.84,69.85,2908000,67.85
2012-04-27,68.91,69.78,68.74,69.66,3360500,67.67
2012-04-26,67.58,69.13,67.34,69.05,3648200,67.07
2012-04-25,67.35,67.82,66.50,67.70,4079000,65.76
2012-04-24,66.15,66.99,65.70,66.79,4237400,64.88
2012-04-23,64.99,66.50,63.97,65.95,4921100,64.06
2012-04-20,66.35,66.76,64.99,65.23,4299500,63.36
2012-04-19,66.61,67.30,65.52,65.91,3854200,64.02
2012-04-18,67.75,67.98,66.63,66.70,3086300,64.79
2012-04-17,67.88,68.73,67.42,68.19,3214000,66.24
2012-04-16,68.25,68.32,66.87,67.00,3038700,65.08
2012-04-13,69.20,69.22,67.78,67.84,2205600,65.90
2012-04-12,67.72,69.33,67.64,69.13,3546100,67.15
2012-04-11,69.57,69.70,67.59,67.72,3239500,65.78
2012-04-10,70.28,70.63,67.99,68.94,4836800,66.97
2012-04-09,70.41,71.07,69.80,70.29,3032500,68.28
2012-04-05,71.79,72.90,71.00,71.17,4104900,69.13
2012-04-04,70.29,72.28,70.05,71.28,6315000,69.24
2012-04-03,72.04,72.09,70.58,71.15,4092900,69.11
2012-04-02,70.94,73.14,70.66,72.33,4121200,70.26
2012-03-30,71.06,71.34,70.11,71.12,3278000,69.09
2012-03-29,70.65,70.94,69.35,70.61,3395500,68.59
2012-03-28,70.96,71.50,70.44,71.05,3563800,69.02
2012-03-27,72.52,72.60,71.13,71.16,2958100,69.12
2012-03-26,72.62,72.95,72.06,72.65,3075100,70.57
2012-03-23,71.32,72.65,70.88,72.04,2762500,69.98
2012-03-22,72.03,72.09,70.49,70.85,3501200,68.82
2012-03-21,74.22,74.34,72.52,72.80,3207400,70.72
2012-03-20,75.03,75.12,73.82,73.90,3729100,71.79
2012-03-19,74.60,76.34,74.00,75.81,5025800,73.64
2012-03-16,72.58,74.00,72.58,73.73,4589700,71.62
2012-03-15,71.32,73.33,71.13,72.54,5108000,70.46
2012-03-14,72.11,72.91,71.00,71.32,2972600,69.28
2012-03-13,71.27,72.14,70.30,72.10,3153200,70.04
2012-03-12,71.72,71.90,70.60,71.11,3039300,68.88
2012-03-09,72.10,72.46,71.63,71.81,3538200,69.56
2012-03-08,72.66,72.89,71.84,72.15,3017000,69.89
2012-03-07,71.88,72.63,71.26,72.18,2299400,69.92
2012-03-06,71.52,71.84,70.47,71.00,3337700,68.77
2012-03-05,72.67,72.85,71.96,72.68,2511200,70.40
2012-03-02,73.84,74.43,72.85,73.00,1830000,70.71
2012-03-01,73.35,74.38,73.21,74.13,2846500,71.81
2012-02-29,74.00,74.49,73.10,73.31,3849000,71.01
2012-02-28,75.41,75.63,73.66,73.98,3949700,71.66
2012-02-27,74.97,76.15,74.62,75.15,3255300,72.79
2012-02-24,75.16,75.85,74.50,75.19,2696900,72.83
2012-02-23,74.79,75.21,73.79,75.09,3670900,72.74
2012-02-22,74.92,75.58,74.35,74.76,2956400,72.42
2012-02-21,75.70,75.75,74.81,75.23,3431200,72.87
2012-02-17,76.15,76.26,74.36,74.95,5838900,72.60
2012-02-16,73.11,75.42,72.89,75.02,10173800,72.67
2012-02-15,68.18,72.21,67.61,71.70,12816700,69.45
2012-02-14,65.79,67.69,65.75,66.90,4516000,64.80
2012-02-13,65.98,66.28,64.77,65.64,3268200,63.58
2012-02-10,64.25,65.26,64.13,64.65,3577400,62.62
2012-02-09,66.30,66.85,65.21,66.23,3224200,64.15
2012-02-08,66.26,66.64,65.27,66.26,3107600,64.18
2012-02-07,64.21,66.26,63.64,66.02,3684500,63.95
2012-02-06,63.16,64.62,62.81,64.46,4679100,62.44
2012-02-03,64.80,64.84,63.35,63.46,4077400,61.47
2012-02-02,63.87,64.43,63.04,63.92,3837300,61.92
2012-02-01,64.44,64.60,63.51,63.75,3099600,61.75
2012-01-31,65.11,65.25,63.68,63.81,3279000,61.81
2012-01-30,64.32,64.89,63.51,64.61,1789500,62.58
2012-01-27,64.49,65.33,64.45,65.01,2092200,62.97
2012-01-26,66.54,66.61,64.54,64.82,3343800,62.79
2012-01-25,63.99,66.29,63.34,66.17,2642400,64.10
2012-01-24,64.73,64.80,64.05,64.17,1941400,62.16
2012-01-23,63.97,65.70,63.97,65.28,3288600,63.23
2012-01-20,64.00,64.14,62.76,63.29,2924900,61.31
2012-01-19,64.53,65.20,63.87,64.15,3350500,62.14
2012-01-18,63.35,64.42,63.04,64.40,3265100,62.38
2012-01-17,63.77,64.12,62.93,63.68,3367700,61.68
2012-01-13,62.97,63.22,62.13,63.10,3004500,61.12
2012-01-12,63.77,64.26,63.26,63.38,3187200,61.39
2012-01-11,65.27,65.40,63.35,63.68,4089500,61.68
2012-01-10,66.89,66.91,65.32,65.70,4046100,63.64
2012-01-09,65.00,65.98,64.89,65.84,3088100,63.78
2012-01-06,65.44,65.58,64.26,64.75,2869500,62.72
2012-01-05,65.48,65.49,63.82,65.37,3294900,63.32
2012-01-04,66.01,66.20,64.18,65.38,3266600,63.33
2012-01-03,64.86,66.60,64.32,66.11,5474700,64.04
2011-12-30,62.00,62.81,61.95,62.00,1522800,60.06
2011-12-29,61.37,62.42,61.32,62.29,2165200,60.34
2011-12-28,62.35,62.55,61.08,61.16,2199600,59.24
2011-12-27,62.58,63.24,62.26,62.36,1833100,60.41
2011-12-23,62.98,63.13,61.88,62.51,2024900,60.55
2011-12-22,62.69,63.42,62.46,62.87,3302600,60.90
2011-12-21,61.18,62.62,60.62,62.45,2900000,60.49
2011-12-20,60.30,61.64,60.30,61.21,2982900,59.29
2011-12-19,60.63,60.84,58.85,59.05,3583600,57.20
2011-12-16,61.04,61.46,59.98,60.45,4632400,58.56
2011-12-15,62.31,62.58,60.25,60.35,4243500,58.46
2011-12-14,62.43,62.69,60.57,61.07,3824800,59.16
2011-12-13,64.46,66.21,62.83,63.38,3292400,61.39
2011-12-12,65.36,65.50,63.36,64.23,2901700,62.05
2011-12-09,64.08,66.75,64.03,66.56,3982000,64.30
2011-12-08,65.77,66.34,63.50,63.73,3332900,61.57
2011-12-07,66.60,67.12,65.60,66.50,3417200,64.25
2011-12-06,66.42,67.50,65.91,67.02,3140000,64.75
2011-12-05,66.94,67.89,65.69,66.35,3604200,64.10
2011-12-02,65.91,66.54,65.23,65.39,3417700,63.17
2011-12-01,65.31,66.10,64.60,65.10,2258800,62.89
2011-11-30,64.45,66.24,64.22,65.46,4612200,63.24
2011-11-29,61.56,62.46,60.98,61.91,3448400,59.81
2011-11-28,60.81,61.75,60.25,60.84,2648400,58.78
2011-11-25,59.09,59.76,58.56,58.58,1412400,56.59
2011-11-23,61.00,61.00,59.51,59.52,3481400,57.50
2011-11-22,62.48,62.61,61.17,61.70,3274500,59.61
2011-11-21,62.67,63.09,61.50,62.71,2575700,60.58
2011-11-18,64.50,64.73,63.10,63.72,3101100,61.56
2011-11-17,65.67,66.00,63.31,63.94,3823200,61.77
2011-11-16,66.23,68.13,66.00,66.16,3027300,63.92
2011-11-15,66.58,67.44,65.68,66.97,3027500,64.70
2011-11-14,68.37,68.43,66.51,66.88,2512200,64.61
2011-11-11,68.14,69.00,68.14,68.47,2626300,66.15
2011-11-10,67.23,67.74,66.11,67.24,4022000,64.96
2011-11-09,66.98,67.62,65.54,65.66,5026400,63.43
2011-11-08,66.79,69.55,66.53,69.37,5588300,67.02
2011-11-07,64.98,66.29,64.50,65.88,2690500,63.65
2011-11-04,65.63,66.15,64.70,65.38,2933400,63.16
2011-11-03,66.22,67.00,64.78,66.06,3970800,63.82
2011-11-02,64.31,66.52,63.73,65.46,5244200,63.24
2011-11-01,62.04,63.39,61.16,62.41,4081000,60.29
2011-10-31,66.70,66.95,64.91,64.95,3504700,62.75
2011-10-28,66.47,68.25,65.80,68.15,3459700,65.84
2011-10-27,64.99,66.91,64.59,66.37,3838900,64.12
2011-10-26,62.58,63.04,60.92,62.71,3669300,60.58
2011-10-25,63.81,63.83,61.44,61.60,3642700,59.51
2011-10-24,64.30,64.88,63.39,63.74,3573600,61.58
2011-10-21,63.39,64.47,63.20,64.41,3237200,62.23
2011-10-20,62.05,63.05,61.25,62.79,2766100,60.66
2011-10-19,61.59,63.13,61.28,62.30,3689300,60.19
2011-10-18,59.53,61.87,58.58,61.53,3591100,59.44
2011-10-17,60.56,60.99,59.53,59.68,3713900,57.66
2011-10-14,59.84,60.74,59.34,60.71,4186800,58.65
2011-10-13,59.55,59.60,58.09,59.04,3376500,57.04
2011-10-12,59.41,60.98,59.16,60.22,5613700,58.18
2011-10-11,58.41,59.74,58.17,58.78,3822400,56.79
2011-10-10,57.52,58.77,57.52,58.76,2657300,56.77
2011-10-07,58.12,58.18,56.30,56.48,3718300,54.56
2011-10-06,56.32,57.90,55.78,57.76,5449400,55.80
2011-10-05,55.85,56.49,54.98,56.34,6402300,54.43
2011-10-04,52.24,55.72,50.74,55.55,6800000,53.67
2011-10-03,54.87,54.89,52.97,53.34,4810000,51.53
2011-09-30,56.36,57.05,55.20,55.44,4530600,53.56
2011-09-29,57.45,58.41,56.16,57.67,4818900,55.71
2011-09-28,58.87,59.22,56.37,56.42,4162600,54.51
2011-09-27,59.02,60.14,58.30,58.64,3360700,56.65
2011-09-26,55.77,57.57,55.47,57.43,5516700,55.48
2011-09-23,56.08,57.04,55.14,55.37,5038000,53.49
2011-09-22,59.39,59.58,55.60,56.91,7917500,54.98
2011-09-21,64.47,64.77,61.50,61.61,3481700,59.52
2011-09-20,64.95,66.20,64.43,64.87,4246700,62.67
2011-09-19,64.56,65.07,63.43,64.55,3806000,62.36
2011-09-16,66.25,66.38,64.62,66.11,4485900,63.87
2011-09-15,65.58,66.17,65.05,65.99,4049700,63.75
2011-09-14,64.34,65.50,63.53,64.74,5452000,62.54
2011-09-13,63.65,64.62,63.14,64.13,5269300,61.96
2011-09-12,62.43,63.85,62.04,63.78,4853100,61.45
2011-09-09,64.63,65.07,62.69,63.19,4006400,60.88
2011-09-08,66.49,67.92,65.06,65.62,3480300,63.23
2011-09-07,64.72,66.47,64.52,66.38,3542200,63.96
2011-09-06,62.55,63.95,62.15,63.84,2915500,61.51
2011-09-02,65.21,65.67,64.25,64.61,2491900,62.25
2011-09-01,68.39,68.51,66.50,66.58,2799500,64.15
2011-08-31,67.82,68.34,67.20,67.83,4124700,65.36
2011-08-30,65.53,67.62,65.43,67.17,4468100,64.72
2011-08-29,65.19,66.08,64.59,66.01,3223200,63.60
2011-08-26,63.13,64.50,61.18,64.38,2751000,62.03
2011-08-25,64.74,65.55,63.15,63.41,3111700,61.10
2011-08-24,63.98,64.88,63.76,64.86,3754300,62.49
2011-08-23,63.49,64.78,62.66,64.66,3795400,62.30
2011-08-22,64.92,65.19,62.37,62.97,4000700,60.67
2011-08-19,63.69,65.54,63.42,63.55,3729700,61.23
2011-08-18,66.79,66.88,63.84,64.57,4438100,62.21
2011-08-17,69.42,70.44,68.42,68.68,2791400,66.17
2011-08-16,68.66,69.97,68.10,68.94,4039200,66.42
2011-08-15,68.67,69.94,68.28,69.78,3249000,67.23
2011-08-12,69.09,69.41,67.53,68.00,3610700,65.52
2011-08-11,65.96,69.27,65.63,68.38,5980300,65.89
2011-08-10,67.00,68.88,66.03,66.28,5413300,63.86
2011-08-09,66.47,68.87,64.60,68.73,7200700,66.22
2011-08-08,67.53,68.38,64.71,65.35,8651000,62.97
2011-08-05,72.52,73.12,68.41,69.90,8730900,67.35
2011-08-04,74.89,74.89,71.57,71.65,5387900,69.04
2011-08-03,76.50,77.17,73.71,75.79,5736700,73.03
2011-08-02,77.64,78.67,75.07,75.35,4270800,72.60
2011-08-01,80.14,80.25,77.54,78.32,2905200,75.46
2011-07-29,79.10,79.48,78.24,78.70,4464700,75.83
2011-07-28,81.46,82.29,79.80,79.97,5124200,77.05
2011-07-27,82.21,82.70,81.37,81.61,1950600,78.63
2011-07-26,83.61,84.06,82.55,82.79,2643400,79.77
2011-07-25,83.28,84.40,83.02,83.76,1714600,80.70
2011-07-22,83.55,84.52,83.08,84.35,1978600,81.27
2011-07-21,82.85,84.41,82.75,83.69,2670200,80.64
2011-07-20,82.52,83.06,81.41,82.02,2668500,79.03
2011-07-19,80.56,82.50,80.51,82.32,2795100,79.32
2011-07-18,80.33,80.62,78.94,79.97,2686600,77.05
2011-07-15,78.99,80.60,78.66,80.46,4199500,77.52
2011-07-14,78.81,79.44,77.71,77.88,2469300,75.04
2011-07-13,78.19,79.40,78.13,78.30,1867100,75.44
2011-07-12,77.82,78.76,77.70,77.77,2317000,74.93
2011-07-11,79.22,79.72,77.94,78.26,2510700,75.40
2011-07-08,81.35,81.35,79.76,80.32,2961200,77.39
2011-07-07,80.91,81.91,80.65,81.55,3175600,78.57
2011-07-06,79.62,80.01,78.70,80.01,2925600,77.09
2011-07-05,78.54,80.43,78.49,79.80,2794600,76.89
2011-07-01,78.86,79.22,77.49,78.76,2929100,75.89
2011-06-30,78.20,79.28,78.11,78.81,2636700,75.93
2011-06-29,77.12,79.34,76.83,77.92,4894000,75.08
2011-06-28,76.70,78.05,76.56,77.98,2639300,75.14
2011-06-27,76.16,76.59,75.57,76.02,2975200,73.25
2011-06-24,77.42,78.02,76.58,76.61,3613700,73.82
2011-06-23,76.63,77.64,75.50,77.49,3681500,74.66
2011-06-22,77.71,79.17,77.64,78.09,1814500,75.24
2011-06-21,77.37,78.64,77.26,78.22,1804900,75.37
2011-06-20,76.34,76.96,75.90,76.73,1859200,73.93
2011-06-17,77.75,77.79,76.28,76.95,3565700,74.14
2011-06-16,77.31,78.04,76.58,77.12,2974500,74.31
2011-06-15,78.21,78.72,76.68,77.09,2867800,74.28
2011-06-14,78.20,79.49,78.13,79.15,2753500,76.26
2011-06-13,79.57,79.67,76.86,77.51,3586000,74.68
2011-06-10,80.84,81.05,79.27,79.53,2724300,76.46
2011-06-09,80.45,82.11,80.24,81.42,2813300,78.28
2011-06-08,80.77,81.83,79.82,79.99,3225000,76.91
2011-06-07,82.16,82.26,80.71,80.73,6294800,77.62
2011-06-06,81.97,82.80,81.36,81.52,2690200,78.38
2011-06-03,81.72,83.07,81.16,82.28,2202900,79.11
2011-06-02,83.00,83.72,82.31,82.75,2124000,79.56
2011-06-01,83.82,84.28,82.35,82.77,4241800,79.58
2011-05-31,84.11,84.83,82.81,84.07,3876100,80.83
2011-05-27,83.36,83.97,82.43,83.34,2082300,80.13
2011-05-26,82.72,83.48,81.58,82.74,2950500,79.55
2011-05-25,80.94,83.71,80.93,83.12,3299400,79.92
2011-05-24,81.16,82.65,81.13,81.54,2571100,78.40
2011-05-23,81.29,81.72,80.46,80.64,3782000,77.53
2011-05-20,82.57,83.45,81.29,82.85,3465200,79.66
2011-05-19,83.45,83.50,81.67,82.53,2082800,79.35
2011-05-18,82.02,83.82,81.67,83.01,2716000,79.81
2011-05-17,81.34,82.13,80.50,81.82,3053000,78.67
2011-05-16,81.79,83.56,81.18,81.78,2406000,78.63
2011-05-13,82.41,82.81,81.00,82.02,3145200,78.86
2011-05-12,82.82,82.93,81.13,82.15,5636100,78.98
2011-05-11,84.95,84.98,82.65,83.16,3937200,79.95
2011-05-10,85.24,85.70,84.32,85.48,2781300,82.19
2011-05-09,84.61,86.00,84.43,85.55,3350800,82.25
2011-05-06,84.03,86.25,82.59,83.62,3380400,80.40
2011-05-05,84.26,84.85,82.52,83.46,4084400,80.24
2011-05-04,85.95,86.38,84.01,84.96,4069100,81.69
2011-05-03,89.26,89.37,86.50,87.32,3345100,83.95
2011-05-02,91.39,91.61,88.65,89.37,2652100,85.93
2011-04-29,89.05,91.23,89.04,91.00,2981000,87.49
2011-04-28,88.22,89.18,87.49,88.81,1939000,85.39
2011-04-27,89.56,89.59,86.70,88.18,2409900,84.78
2011-04-26,88.62,89.36,88.25,89.24,1500000,85.80
2011-04-25,88.86,89.16,87.74,88.21,1596400,84.81
2011-04-21,89.19,89.69,88.15,89.11,1724700,85.68
2011-04-20,88.47,89.15,88.00,88.84,2038700,85.42
2011-04-19,86.15,87.27,85.84,86.97,2655000,83.62
2011-04-18,86.60,86.64,85.14,86.19,2487500,82.87
2011-04-15,88.15,89.18,87.08,87.82,3129200,84.44
2011-04-14,87.32,88.13,86.76,87.77,3093100,84.39
2011-04-13,87.35,88.20,86.87,87.72,3696300,84.34
2011-04-12,87.92,88.24,85.59,85.98,4435300,82.67
2011-04-11,91.28,91.49,88.90,89.24,2907500,85.80
2011-04-08,92.10,92.25,90.94,91.40,2130000,87.88
2011-04-07,91.09,91.50,90.12,91.31,2141300,87.79
2011-04-06,91.40,92.05,89.84,90.86,2852100,87.36
2011-04-05,91.95,91.96,90.83,91.02,2651700,87.51
2011-04-04,92.38,92.62,91.46,91.98,2439800,88.43
2011-04-01,92.29,92.69,91.41,92.00,2411600,88.45
2011-03-31,91.60,92.50,91.33,91.77,3102500,88.23
2011-03-30,92.44,92.64,91.00,91.59,3634900,88.06
2011-03-29,91.19,92.11,89.64,91.70,3147500,88.17
2011-03-28,93.02,93.25,91.44,91.50,2689700,87.97
2011-03-25,91.70,93.31,91.58,93.01,3150200,89.43
2011-03-24,93.37,93.56,91.82,92.76,2069400,89.18
2011-03-23,93.09,93.49,92.03,92.96,2314500,89.38
2011-03-22,92.69,93.31,92.25,93.10,3005500,89.51
2011-03-21,91.25,93.00,91.12,92.69,3317400,89.12
2011-03-18,90.38,91.78,89.94,90.14,6052100,86.67
2011-03-17,86.41,89.51,85.80,89.45,4395700,86.00
2011-03-16,87.20,88.49,84.80,85.65,4562200,82.35
2011-03-15,85.52,88.14,84.62,87.55,2918800,84.18
2011-03-14,87.63,88.87,87.32,88.57,2393700,85.16
2011-03-11,85.63,88.75,84.37,88.05,2373200,84.66
2011-03-10,88.65,88.65,85.67,86.08,3747100,82.61
2011-03-09,89.93,90.67,89.07,89.71,2253900,86.09
2011-03-08,90.69,90.99,88.53,89.96,2338600,86.33
2011-03-07,91.35,92.00,89.66,90.53,2850300,86.88
2011-03-04,90.39,91.14,89.74,91.12,3260200,87.45
2011-03-03,90.00,90.26,88.85,90.16,2062500,86.52
2011-03-02,88.63,89.79,87.53,89.39,3114000,85.79
2011-03-01,91.82,92.10,88.60,88.76,3900300,85.18
2011-02-28,90.51,91.50,90.04,91.44,2968900,87.75
2011-02-25,88.67,90.47,88.67,90.35,3408100,86.71
2011-02-24,89.32,89.71,87.97,88.35,4250200,84.79
2011-02-23,87.61,90.17,87.61,89.67,4991700,86.05
2011-02-22,88.51,89.70,86.87,87.46,3148600,83.93
2011-02-18,87.35,88.50,87.04,88.20,3145700,84.64
2011-02-17,86.10,87.57,86.10,87.12,2622600,83.61
2011-02-16,88.25,88.34,85.50,86.22,6743400,82.74
2011-02-15,88.12,88.31,87.01,88.10,3138100,84.55
2011-02-14,87.95,89.18,87.30,88.24,3148800,84.68
2011-02-11,86.72,86.96,85.97,86.44,2045300,82.95
2011-02-10,85.77,87.06,85.62,86.88,2271800,83.38
2011-02-09,86.55,86.89,85.30,85.87,2600700,82.41
2011-02-08,86.99,87.25,86.02,86.66,2881500,83.17
2011-02-07,87.51,88.35,86.59,86.98,3793500,83.47
2011-02-04,88.93,89.50,87.52,88.69,1992100,85.11
2011-02-03,89.41,89.73,87.75,88.99,2491200,85.40
2011-02-02,88.45,90.10,88.44,89.49,3394000,85.88
2011-02-01,88.59,89.99,87.82,89.45,4265000,85.84
2011-01-31,85.61,89.38,85.51,88.69,5399600,85.11
2011-01-28,84.02,85.15,83.77,85.13,3744400,81.70
2011-01-27,86.01,86.74,83.47,83.90,3672200,80.52
2011-01-26,84.70,86.37,84.69,85.76,3006300,82.30
2011-01-25,85.09,85.95,83.41,84.53,3857000,81.12
2011-01-24,83.54,85.73,83.08,85.70,4570600,82.24
2011-01-21,82.81,83.54,82.44,83.51,3021800,80.14
2011-01-20,81.36,82.60,80.30,82.33,3960200,79.01
2011-01-19,84.06,84.38,82.31,82.49,4431500,79.16
2011-01-18,82.25,84.11,82.07,84.02,3641900,80.63
2011-01-14,81.38,82.85,81.12,82.79,2344300,79.45
2011-01-13,81.78,82.18,80.85,81.94,3185300,78.64
2011-01-12,81.23,82.02,80.85,81.99,3336400,78.68
2011-01-11,78.50,80.91,78.50,80.86,3711400,77.60
2011-01-10,78.43,78.65,77.64,78.30,1901700,75.14
2011-01-07,78.49,78.86,77.90,78.46,1830900,75.30
2011-01-06,78.63,79.00,77.69,78.23,2462300,75.08
2011-01-05,77.74,78.77,76.96,78.70,2885000,75.53
2011-01-04,79.34,79.46,77.13,78.20,2875400,75.05
2011-01-03,79.13,79.34,78.57,78.68,2557400,75.51
2010-12-31,78.15,78.86,78.01,78.51,1692600,75.34
2010-12-30,78.00,78.79,77.90,78.20,2070500,75.05
2010-12-29,77.61,78.50,77.53,78.00,1969600,74.85
2010-12-28,77.24,77.84,77.24,77.56,1557700,74.43
2010-12-27,77.25,77.30,76.55,77.14,1834200,74.03
2010-12-23,76.02,77.73,76.00,77.38,3113400,74.26
2010-12-22,74.84,76.60,74.79,76.02,3160700,72.95
2010-12-21,74.14,74.87,74.04,74.40,2152900,71.40
2010-12-20,73.21,74.08,72.85,73.98,1926500,71.00
2010-12-17,73.08,73.43,72.80,73.09,3347500,70.14
2010-12-16,73.42,73.42,72.68,73.35,2349200,70.39
2010-12-15,73.29,73.96,72.81,73.17,3209700,70.22
2010-12-14,73.61,74.30,73.22,73.61,2682600,70.64
2010-12-13,73.22,74.57,73.22,73.88,2708400,70.90
2010-12-10,72.90,73.74,72.56,73.29,2966100,70.18
2010-12-09,73.24,73.51,71.62,72.77,3843600,69.68
2010-12-08,73.60,74.04,72.50,73.18,2463900,70.08
2010-12-07,74.61,74.90,73.67,73.68,2565800,70.55
2010-12-06,73.96,74.90,73.60,73.93,2359100,70.79
2010-12-03,72.93,73.99,72.89,73.91,1873200,70.77
2010-12-02,72.01,73.53,72.01,73.43,4269500,70.31
2010-12-01,71.68,72.37,71.24,72.01,2783100,68.96
2010-11-30,69.78,71.25,69.66,70.57,4973800,67.58
2010-11-29,70.37,70.90,70.10,70.46,3388100,67.47
2010-11-26,71.04,71.53,70.81,70.94,1039100,67.93
2010-11-24,71.06,71.96,70.40,71.72,3164900,68.68
2010-11-23,71.50,71.53,70.67,70.87,2526700,67.86
2010-11-22,72.83,72.96,71.09,72.41,3352000,69.34
2010-11-19,72.38,73.25,71.44,73.20,5635400,70.09
2010-11-18,71.03,72.14,70.85,71.93,3206100,68.88
2010-11-17,70.33,70.85,69.95,70.35,2425300,67.37
2010-11-16,70.74,70.93,69.43,70.44,4014000,67.45
2010-11-15,72.99,73.20,71.43,71.43,5498100,68.40
2010-11-12,72.06,73.00,71.72,72.48,4112500,69.41
2010-11-11,71.31,72.84,71.31,72.76,4350400,69.67
2010-11-10,70.66,71.96,70.27,71.90,4733400,68.85
2010-11-09,72.08,72.26,70.56,70.83,5376200,67.83
2010-11-08,70.24,72.35,70.24,71.56,4533500,68.52
2010-11-05,69.68,70.81,69.43,70.78,3740000,67.78
2010-11-04,69.13,69.99,69.10,69.60,8515100,66.65
2010-11-03,66.67,69.00,65.37,68.22,11007600,65.33
2010-11-02,65.86,66.10,65.51,65.93,2196600,63.13
2010-11-01,65.70,66.04,65.03,65.34,2802000,62.57
2010-10-29,64.52,65.27,64.37,65.02,2336700,62.26
2010-10-28,65.11,65.18,64.23,64.73,2035900,61.98
2010-10-27,64.05,64.78,63.76,64.69,2809000,61.95
2010-10-26,64.65,65.07,64.30,64.59,3022200,61.85
2010-10-25,65.61,65.90,64.73,65.02,3195500,62.26
2010-10-22,66.61,66.61,64.71,65.23,3601900,62.46
2010-10-21,67.68,67.77,65.57,66.37,4360400,63.55
2010-10-20,66.98,67.85,66.92,67.46,3289200,64.60
2010-10-19,67.79,68.08,66.44,66.88,3145000,64.04
2010-10-18,67.55,69.11,67.39,68.86,3318000,65.94
2010-10-15,67.86,68.00,66.99,67.66,2716400,64.79
2010-10-14,67.68,68.08,67.16,67.52,2291700,64.66
2010-10-13,67.29,68.05,66.91,67.60,2741800,64.73
2010-10-12,66.62,67.08,65.94,66.84,2141600,64.00
2010-10-11,66.72,67.55,66.62,67.14,2053600,64.29
2010-10-08,65.84,66.98,65.74,66.77,2427700,63.94
2010-10-07,66.67,66.94,65.22,65.83,2218100,63.04
2010-10-06,65.37,66.50,64.99,66.30,3274000,63.49
2010-10-05,65.14,65.55,64.68,65.38,2504200,62.61
2010-10-04,65.00,65.52,63.85,64.35,2568900,61.62
2010-10-01,65.32,65.68,64.82,65.25,2405600,62.48
2010-09-30,65.47,65.50,63.87,64.74,3798000,61.99
2010-09-29,63.99,65.25,63.99,64.83,3097100,62.08
2010-09-28,63.86,64.55,63.15,64.35,2793900,61.62
2010-09-27,64.05,64.40,63.81,63.99,2487800,61.28
2010-09-24,63.03,64.36,62.75,64.06,3239900,61.34
2010-09-23,61.78,62.91,61.78,62.24,2033000,59.60
2010-09-22,62.78,63.78,62.36,62.56,2499400,59.91
2010-09-21,62.79,63.23,62.16,62.68,3687200,60.02
2010-09-20,62.27,63.14,61.53,62.93,2606600,60.26
2010-09-17,62.29,62.47,61.40,61.97,5351200,59.34
2010-09-16,61.96,62.49,61.76,62.11,2838200,59.48
2010-09-15,61.63,62.17,61.41,62.12,2847800,59.48
2010-09-14,61.76,62.52,61.42,61.98,3436100,59.35
2010-09-13,63.00,63.08,61.47,61.73,5942900,59.11
2010-09-10,63.24,63.24,62.34,62.53,4173200,59.72
2010-09-09,63.74,63.91,62.57,62.86,2286400,60.04
2010-09-08,63.00,63.64,62.86,63.07,2183900,60.24
2010-09-07,62.75,63.23,62.41,62.80,2381100,59.98
2010-09-03,63.23,63.95,63.06,63.52,1954700,60.67
2010-09-02,62.60,62.99,61.90,62.94,2405700,60.12
2010-09-01,61.02,62.38,60.83,62.30,3160000,59.50
2010-08-31,60.17,61.37,60.00,60.28,2820300,57.58
2010-08-30,60.83,61.56,60.46,60.47,2293600,57.76
2010-08-27,60.06,61.25,59.07,61.18,3312400,58.43
2010-08-26,60.68,60.98,59.59,59.79,2600900,57.11
2010-08-25,60.51,60.61,59.18,60.44,5804600,57.73
2010-08-24,61.16,61.67,60.84,60.96,4966000,58.22
2010-08-23,62.39,62.76,62.25,62.27,2585500,59.48
2010-08-20,62.50,62.77,61.90,62.14,5085300,59.35
2010-08-19,63.12,63.50,62.77,63.00,5619700,60.17
2010-08-18,63.74,63.83,62.69,62.92,4216500,60.10
2010-08-17,64.05,64.26,63.23,63.80,3999600,60.94
2010-08-16,63.63,64.17,63.20,63.48,3551000,60.63
2010-08-13,63.29,64.00,62.90,63.70,4034800,60.84
2010-08-12,62.79,64.05,62.79,63.52,3682900,60.67
2010-08-11,64.39,64.73,63.88,63.98,4067200,61.11
2010-08-10,64.48,65.78,64.34,65.57,4025900,62.63
2010-08-09,65.20,65.43,64.41,65.23,2506500,62.30
2010-08-06,65.14,65.28,63.73,64.75,3676800,61.84
2010-08-05,65.26,65.85,65.00,65.68,2926200,62.73
2010-08-04,65.07,66.21,64.59,65.68,5603600,62.73
2010-08-03,64.27,64.91,63.67,64.34,3423200,61.45
2010-08-02,63.79,64.60,63.69,64.40,3038500,61.51
2010-07-30,61.71,62.77,61.39,62.49,2921400,59.69
2010-07-29,63.13,63.60,62.23,62.50,3469600,59.70
2010-07-28,63.44,63.90,62.55,62.65,2720800,59.84
2010-07-27,64.78,64.98,62.90,63.44,3272600,60.59
2010-07-26,63.93,64.90,63.81,64.33,3534300,61.44
2010-07-23,63.75,64.11,62.93,63.94,2426900,61.07
2010-07-22,63.36,64.17,62.97,63.78,3195700,60.92
2010-07-21,63.73,63.94,62.16,62.67,3733000,59.86
2010-07-20,60.00,63.07,60.00,62.87,3206300,60.05
2010-07-19,61.60,61.62,60.66,61.11,3575800,58.37
2010-07-16,62.91,62.91,60.88,61.16,4293400,58.42
2010-07-15,63.63,63.63,62.26,63.35,4121700,60.51
2010-07-14,63.06,64.00,63.00,63.68,3836500,60.82
2010-07-13,64.03,64.13,63.00,63.49,4229800,60.64
2010-07-12,62.77,63.93,62.77,63.50,2972700,60.65
2010-07-09,63.29,63.44,62.49,63.35,3030000,60.51
2010-07-08,63.69,63.79,62.06,63.25,3768400,60.41
2010-07-07,61.23,62.49,60.90,62.45,6090500,59.65
2010-07-06,62.21,62.63,60.52,61.13,3839300,58.39
2010-07-02,61.05,61.57,60.28,60.71,4904600,57.99
2010-07-01,60.92,61.36,59.50,60.68,4957200,57.96
2010-06-30,61.11,62.30,60.73,60.92,4178000,58.19
2010-06-29,61.39,61.87,60.55,61.03,5394300,58.29
2010-06-28,63.83,64.19,62.72,62.91,2992800,60.09
2010-06-25,64.04,64.47,62.83,63.65,7065200,60.79
2010-06-24,65.47,66.27,63.68,63.96,6052200,61.09
2010-06-23,66.73,66.73,65.61,65.96,4930700,63.00
2010-06-22,68.79,69.27,67.00,67.17,4085200,64.16
2010-06-21,70.76,70.80,68.42,69.01,4086900,65.91
2010-06-18,69.46,70.00,68.92,69.92,3791600,66.78
2010-06-17,69.31,69.85,68.66,69.49,3705700,66.37
2010-06-16,68.73,69.79,68.00,69.31,5474800,66.20
2010-06-15,68.37,70.19,68.16,70.13,4617600,66.98
2010-06-14,68.98,69.85,67.58,67.71,5172000,64.67
2010-06-11,67.00,68.26,66.46,68.16,4285700,65.10
2010-06-10,66.22,67.85,65.80,67.83,5908200,64.63
2010-06-09,65.45,66.75,64.27,64.55,5679200,61.51
2010-06-08,63.09,65.12,62.65,64.94,6203500,61.88
2010-06-07,65.17,65.72,62.80,63.01,7898500,60.04
2010-06-04,64.83,68.29,64.70,65.11,7659200,62.04
2010-06-03,65.34,66.54,63.85,66.39,7429800,63.26
2010-06-02,62.27,65.06,61.08,65.05,8051500,61.98
2010-06-01,63.25,64.41,61.56,61.63,5862300,58.73
2010-05-28,63.10,64.56,62.78,63.85,5530500,60.84
2010-05-27,61.80,63.39,61.21,63.38,6184300,60.39
2010-05-26,61.87,61.87,60.02,60.29,6174700,57.45
2010-05-25,59.49,60.95,58.58,60.87,6506700,58.00
2010-05-24,63.02,63.05,60.94,60.99,3946900,58.12
2010-05-21,60.92,63.50,60.05,63.07,6277300,60.10
2010-05-20,62.90,63.26,61.50,61.50,6245500,58.60
2010-05-19,65.15,65.33,62.95,64.58,5362200,61.54
2010-05-18,66.20,66.87,64.43,64.75,4039000,61.70
2010-05-17,66.29,66.58,64.01,65.37,4144400,62.29
2010-05-14,66.91,67.36,64.98,66.06,5396700,62.95
2010-05-13,68.43,69.30,67.39,67.62,6407700,64.43
2010-05-12,68.00,70.66,68.00,69.57,5341600,66.29
2010-05-11,66.87,68.54,66.87,67.87,4601100,64.67
2010-05-10,67.10,68.09,66.60,67.82,5173200,64.62
2010-05-07,65.81,67.19,63.89,64.58,6653600,61.54
2010-05-06,67.14,68.43,61.95,66.10,7835200,62.98
2010-05-05,67.21,68.64,65.56,67.51,8592400,64.33
2010-05-04,67.20,67.23,65.57,66.35,4106600,63.22
2010-05-03,67.95,68.78,67.00,68.13,3938000,64.92
2010-04-30,67.59,68.94,67.26,67.33,5005700,64.16
2010-04-29,67.92,69.00,66.97,67.35,4013900,64.18
2010-04-28,67.27,68.00,66.61,67.45,4150100,64.27
2010-04-27,68.01,69.03,66.50,66.58,4532700,63.44
2010-04-26,69.72,69.82,68.39,68.54,4375200,65.31
2010-04-23,67.81,70.13,67.41,70.04,5448100,66.74
2010-04-22,66.54,68.14,66.30,67.72,5216400,64.53
2010-04-21,67.28,68.22,66.87,67.59,3844400,64.40
2010-04-20,65.69,67.65,65.67,67.40,4130600,64.22
2010-04-19,64.51,65.34,64.07,65.19,2974900,62.12
2010-04-16,66.03,66.48,64.75,65.19,4102500,62.12
2010-04-15,66.71,67.50,66.53,66.59,3002000,63.45
2010-04-14,66.89,67.20,65.85,67.13,3634300,63.97
2010-04-13,66.98,66.99,65.79,66.45,3400900,63.32
2010-04-12,67.39,67.99,66.90,67.32,3081200,64.15
2010-04-09,66.13,67.34,65.93,67.26,4518100,64.09
2010-04-08,65.25,66.13,64.40,65.92,4037900,62.81
2010-04-07,66.23,66.95,65.46,65.83,4545800,62.73
2010-04-06,67.15,67.19,66.28,66.49,3018600,63.36
2010-04-05,66.11,67.27,65.58,67.21,4088200,64.04
2010-04-01,65.10,66.12,65.10,65.83,5385400,62.73
2010-03-31,64.59,65.16,64.30,64.43,4494400,61.39
2010-03-30,64.67,65.00,63.84,64.41,3194800,61.37
2010-03-29,63.63,64.99,63.51,64.57,5643900,61.53
2010-03-26,63.35,63.43,62.38,63.20,4784300,60.22
2010-03-25,65.67,65.68,62.79,62.93,6915500,59.96
2010-03-24,64.59,66.22,64.20,65.12,11050000,62.05
2010-03-23,64.22,65.33,63.78,64.98,6147700,61.92
2010-03-22,63.72,64.16,62.86,64.00,7814600,60.98
2010-03-19,64.31,65.49,63.95,64.31,8940900,61.28
2010-03-18,67.06,67.44,65.01,65.39,8371300,62.31
2010-03-17,68.15,68.64,67.02,67.17,8180400,64.00
2010-03-16,69.38,69.38,67.30,67.79,8492000,64.60
2010-03-15,70.04,70.11,67.95,68.73,5537400,65.49
2010-03-12,72.59,72.60,70.14,70.53,6106000,67.21
2010-03-11,73.60,73.61,71.75,72.04,9963500,68.64
2010-03-10,70.98,72.39,70.65,71.85,6096000,68.31
2010-03-09,69.28,71.16,69.11,70.85,5451800,67.36
2010-03-08,70.02,70.02,68.85,69.69,4064300,66.26
2010-03-05,70.19,70.24,68.43,69.95,3879500,66.51
2010-03-04,70.64,70.86,68.90,69.55,3651700,66.12
2010-03-03,70.26,71.07,70.12,70.44,3195500,66.97
2010-03-02,69.61,70.50,69.59,70.16,3125700,66.70
2010-03-01,69.36,69.81,68.85,69.38,3319000,65.96
2010-02-26,69.10,69.18,68.36,68.86,3728900,65.47
2010-02-25,66.95,68.89,66.70,68.81,3628500,65.42
2010-02-24,68.05,68.83,67.65,68.39,2497500,65.02
2010-02-23,69.57,69.68,67.76,68.04,4506900,64.69
2010-02-22,71.98,71.98,69.88,70.02,3048400,66.57
2010-02-19,70.13,71.81,70.00,71.42,3733000,67.90
2010-02-18,69.62,70.56,69.60,70.21,3399100,66.75
2010-02-17,70.51,70.90,69.24,69.79,4839000,66.35
2010-02-16,68.68,69.22,68.24,69.10,3011200,65.70
2010-02-12,65.97,67.30,65.76,67.08,3367700,63.78
2010-02-11,66.00,67.74,65.91,67.11,3357100,63.80
2010-02-10,67.09,67.30,65.07,66.41,3950400,63.14
2010-02-09,67.11,68.46,66.50,67.30,3853300,63.99
2010-02-08,66.63,67.61,65.81,66.14,3113000,62.88
2010-02-05,66.73,67.20,64.66,66.73,4666200,63.44
2010-02-04,69.68,69.89,66.72,66.86,4551200,63.57
2010-02-03,71.12,71.48,70.06,70.49,3298300,67.02
2010-02-02,69.79,71.48,69.35,71.32,3556800,67.81
2010-02-01,67.70,69.90,67.57,69.76,3073400,66.32
2010-01-29,69.21,70.14,66.46,66.91,4751100,63.61
2010-01-28,69.75,70.69,67.75,68.52,3760800,65.15
2010-01-27,69.76,70.34,68.08,69.35,3633100,65.93
2010-01-26,70.01,71.28,69.03,69.76,3628800,66.32
2010-01-25,69.91,71.50,69.69,70.97,2756500,67.47
2010-01-22,71.50,71.72,69.10,69.30,3269500,65.89
2010-01-21,72.18,72.86,71.32,71.43,2963800,67.91
2010-01-20,72.35,72.35,70.78,72.04,2905400,68.49
2010-01-19,72.62,73.63,72.30,73.57,2198900,69.95
2010-01-15,73.51,74.04,72.20,73.03,3400400,69.43
2010-01-14,75.13,75.29,73.53,73.97,2867600,70.33
2010-01-13,74.28,75.35,73.35,75.07,2131300,71.37
2010-01-12,74.06,74.48,73.44,74.19,2567500,70.54
2010-01-11,75.70,76.00,74.36,75.08,2811600,71.38
2010-01-08,75.41,76.24,74.74,76.12,2496200,72.37
2010-01-07,75.91,76.11,75.06,75.97,2836400,72.23
2010-01-06,76.58,76.70,75.50,76.42,3225500,72.66
2010-01-05,76.72,76.74,75.88,76.65,3711400,72.88
2010-01-04,75.31,76.79,74.85,76.57,4225500,72.80
2009-12-31,74.29,74.50,73.50,73.50,1784200,69.88
2009-12-30,73.60,74.50,73.54,74.08,2254000,70.43
2009-12-29,74.12,75.05,73.82,74.20,3363900,70.55
2009-12-28,73.59,74.29,73.34,74.06,2704500,70.41
2009-12-24,72.44,73.47,72.11,73.02,1162800,69.42
2009-12-23,71.28,72.39,70.59,72.15,2877400,68.60
2009-12-22,70.66,71.34,70.50,71.09,2717200,67.59
2009-12-21,70.62,71.23,70.50,70.65,3044900,67.17
2009-12-18,69.51,70.34,69.26,69.56,6356600,66.13
2009-12-17,67.91,69.44,66.97,68.70,5663200,65.32
2009-12-16,66.95,68.30,66.51,67.87,4275200,64.53
2009-12-15,67.20,67.20,66.05,66.37,5334100,63.10
2009-12-14,66.80,68.34,66.50,66.80,9141400,63.51
2009-12-11,63.97,64.25,63.41,63.89,3580600,60.74
2009-12-10,64.11,64.66,63.17,64.04,4261500,60.73
2009-12-09,64.01,64.43,62.66,63.46,4284000,60.18
2009-12-08,65.45,65.45,63.66,63.80,3810100,60.51
2009-12-07,66.23,67.05,65.46,65.79,3389000,62.39
2009-12-04,67.01,68.30,65.14,66.16,4587700,62.74
2009-12-03,67.42,68.07,65.89,66.26,5279600,62.84
2009-12-02,68.26,68.81,67.10,67.58,2723000,64.09
2009-12-01,68.10,69.14,68.10,68.59,3148000,65.05
2009-11-30,66.97,67.80,66.50,67.35,4333500,63.87
2009-11-27,66.54,67.94,66.02,67.48,2787700,64.00
2009-11-25,67.60,68.89,67.07,68.80,4187100,65.25
2009-11-24,68.11,68.24,66.73,67.65,4167400,64.16
2009-11-23,68.94,69.30,67.59,67.93,4120900,64.42
2009-11-20,68.51,68.78,67.06,67.50,4742300,64.02
2009-11-19,70.88,71.20,68.86,69.17,5451100,65.60
2009-11-18,70.78,71.72,70.26,71.66,4779100,67.96
2009-11-17,71.58,72.14,70.34,70.62,5711800,66.97
2009-11-16,70.01,72.24,69.90,70.99,6860900,67.33
2009-11-13,67.21,68.00,66.67,67.79,4300200,64.29
2009-11-12,68.40,69.14,66.62,67.30,3615500,63.83
2009-11-11,70.24,70.39,68.23,68.90,3105000,65.34
2009-11-10,68.89,69.93,68.75,69.78,2771900,66.18
2009-11-09,68.72,69.38,68.39,69.10,4076700,65.53
2009-11-06,67.88,69.04,67.64,68.04,4223700,64.53
2009-11-05,67.61,69.03,66.91,68.93,3807100,65.37
2009-11-04,67.51,68.79,65.69,67.07,6929500,63.61
2009-11-03,64.17,66.78,63.58,66.45,4378600,63.02
2009-11-02,65.53,66.36,63.95,64.98,3753800,61.63
2009-10-30,67.59,67.59,63.87,64.71,6120200,61.37
2009-10-29,66.20,67.98,65.72,67.89,3637500,64.39
2009-10-28,67.30,67.30,65.35,65.50,3859000,62.12
2009-10-27,66.96,68.66,66.47,67.74,3980200,64.24
2009-10-26,68.01,69.35,66.29,66.84,3876400,63.39
2009-10-23,70.57,70.70,67.76,68.22,3333600,64.70
2009-10-22,70.36,70.53,68.73,70.36,4317100,66.73
2009-10-21,70.21,72.67,69.95,70.87,5118500,67.21
2009-10-20,72.10,73.12,71.08,71.99,3340000,68.27
2009-10-19,71.40,72.32,70.80,71.91,3622000,68.20
2009-10-16,71.02,71.67,70.54,71.28,3786300,67.60
2009-10-15,70.13,71.73,70.06,71.67,4553100,67.97
2009-10-14,70.54,71.05,69.53,70.34,3790800,66.71
2009-10-13,69.24,70.45,68.29,69.99,4423700,66.38
2009-10-12,69.00,69.99,68.86,69.16,3329400,65.59
2009-10-09,68.35,69.19,67.60,68.40,3915600,64.87
2009-10-08,66.73,69.36,66.73,69.02,4484800,65.46
2009-10-07,66.44,66.93,65.48,66.50,3085800,63.07
2009-10-06,65.86,66.88,65.34,66.44,4801800,63.01
2009-10-05,64.62,66.63,64.12,66.34,3549500,62.92
2009-10-02,63.57,64.76,62.60,64.50,5083900,61.17
2009-10-01,67.12,67.20,64.15,64.32,4639600,61.00
2009-09-30,68.24,68.39,66.09,67.33,4990100,63.85
2009-09-29,67.95,68.16,67.08,67.67,4447300,64.18
2009-09-28,67.27,68.21,66.85,68.02,3940800,64.51
2009-09-25,67.69,68.45,66.74,67.17,3535600,63.70
2009-09-24,69.73,69.89,67.06,67.87,4915900,64.37
2009-09-23,71.47,71.75,69.85,69.87,3472300,66.26
2009-09-22,70.83,71.71,70.31,71.24,3154000,67.56
2009-09-21,69.23,70.07,68.64,69.87,3024100,66.26
2009-09-18,71.56,72.05,70.14,70.76,4195900,67.11
2009-09-17,71.79,72.91,70.98,71.15,6712500,67.48
2009-09-16,69.09,72.39,68.43,72.21,8419000,68.48
2009-09-15,66.85,68.93,66.55,68.49,5825600,64.95
2009-09-14,64.78,66.25,64.57,66.18,2953700,62.76
2009-09-11,65.73,66.64,64.67,65.65,4558300,62.26
2009-09-10,64.05,65.50,63.51,65.43,4303800,61.90
2009-09-09,63.90,64.88,63.36,63.73,3380600,60.29
2009-09-08,62.85,63.93,62.55,63.67,3693800,60.24
2009-09-04,60.84,61.88,60.56,61.78,2730900,58.45
2009-09-03,61.59,61.74,60.30,60.89,3836500,57.61
2009-09-02,60.38,62.06,60.20,61.22,6550000,57.92
2009-09-01,61.27,61.88,59.60,59.82,5014600,56.59
2009-08-31,61.77,61.86,60.50,61.38,3352100,58.07
2009-08-28,63.08,63.35,62.11,62.57,3698900,59.19
2009-08-27,62.10,62.30,60.83,62.13,3374400,58.78
2009-08-26,62.32,62.75,61.97,62.53,3427000,59.16
2009-08-25,64.67,65.00,62.66,62.88,3720000,59.49
2009-08-24,64.95,65.24,63.90,64.39,2880600,60.92
2009-08-21,63.59,64.93,63.13,64.33,6685900,60.86
2009-08-20,62.73,63.50,61.25,63.50,5819900,60.07
2009-08-19,61.20,63.43,60.79,62.74,4194300,59.36
2009-08-18,61.56,62.08,60.83,61.97,2685800,58.63
2009-08-17,61.46,61.55,60.45,61.45,3788300,58.14
2009-08-14,64.63,64.81,62.20,62.73,3641400,59.35
2009-08-13,64.47,65.44,63.81,64.72,4076500,61.23
2009-08-12,64.23,65.15,63.75,63.98,3798200,60.53
2009-08-11,64.29,64.53,64.17,64.25,5522500,60.78
2009-08-10,63.35,64.77,63.18,64.46,2918800,60.98
2009-08-07,64.01,64.65,63.52,63.81,5430900,60.37
2009-08-06,63.10,63.48,62.23,63.37,5161000,59.95
2009-08-05,63.00,64.40,62.56,63.26,8994200,59.85
2009-08-04,59.97,62.00,59.81,61.23,4532700,57.93
2009-08-03,59.35,61.00,59.11,60.43,6207400,57.17
2009-07-31,56.75,58.78,56.67,58.09,3635200,54.96
2009-07-30,57.49,57.78,56.70,57.27,3606200,54.18
2009-07-29,55.84,56.39,55.01,56.23,4501700,53.20
2009-07-28,57.82,58.46,55.92,56.86,4166900,53.79
2009-07-27,58.71,58.83,57.77,58.69,2250900,55.52
2009-07-24,57.66,58.54,57.53,58.46,2507800,55.31
2009-07-23,56.43,58.25,56.43,58.10,4253100,54.97
2009-07-22,56.19,57.21,55.48,56.57,3732800,53.52
2009-07-21,56.45,57.20,55.65,56.84,3699500,53.77
2009-07-20,56.26,57.02,55.16,56.25,3379000,53.22
2009-07-17,55.30,56.00,54.54,55.68,4508200,52.68
2009-07-16,53.91,55.60,53.75,55.29,4748900,52.31
2009-07-15,54.00,54.70,53.75,54.36,6085100,51.43
2009-07-14,52.29,52.80,51.34,52.79,4671900,49.94
2009-07-13,50.65,51.99,49.50,51.85,4472600,49.05
2009-07-10,50.00,50.82,49.33,50.55,3931800,47.82
2009-07-09,50.47,51.56,50.30,50.85,5015600,48.11
2009-07-08,49.76,50.86,48.74,49.86,5394000,47.17
2009-07-07,51.28,51.40,49.65,49.91,7833400,47.22
2009-07-06,50.84,51.39,49.76,51.29,7596600,48.52
2009-07-02,53.90,54.08,51.84,52.22,6035700,49.40
2009-07-01,55.31,56.64,54.96,55.08,5549600,52.11
2009-06-30,55.49,56.34,53.52,54.50,7471500,51.56
2009-06-29,56.10,56.52,55.28,55.49,4914700,52.50
2009-06-26,56.52,56.53,55.08,55.41,5769100,52.42
2009-06-25,55.44,57.45,55.26,56.82,6014300,53.75
2009-06-24,56.55,57.36,55.50,55.81,4200400,52.80
2009-06-23,56.78,57.08,55.72,56.36,4539200,53.32
2009-06-22,58.60,58.62,56.00,56.31,5344000,53.27
2009-06-19,62.24,62.24,59.00,59.64,7899000,56.42
2009-06-18,61.97,62.05,60.78,61.42,3987300,58.11
2009-06-17,62.34,62.62,60.52,61.59,4972000,58.27
2009-06-16,64.63,64.86,62.22,62.62,4151000,59.24
2009-06-15,64.67,64.95,62.86,63.69,3348900,60.25
2009-06-12,65.59,65.99,64.64,65.53,2715200,62.00
2009-06-11,63.65,67.40,63.64,66.19,5874800,62.62
2009-06-10,65.11,65.29,62.64,63.75,5484700,60.16
2009-06-09,64.66,64.92,63.43,64.15,5374400,60.54
2009-06-08,63.84,64.59,63.12,63.90,9351800,60.30
2009-06-05,66.19,66.79,64.11,64.72,5856400,61.08
2009-06-04,64.26,65.94,63.32,65.45,4661100,61.76
2009-06-03,65.12,65.13,62.21,63.42,7356400,59.85
2009-06-02,66.15,67.13,65.25,66.13,5200500,62.41
2009-06-01,64.56,66.93,64.37,66.45,6688300,62.71
2009-05-29,63.32,63.80,62.18,63.24,5596900,59.68
2009-05-28,59.86,63.00,59.39,62.31,6465100,58.80
2009-05-27,62.25,62.91,60.12,60.29,4786000,56.89
2009-05-26,58.86,61.49,58.06,61.42,5032700,57.96
2009-05-22,60.20,61.18,59.42,59.75,3044700,56.39
2009-05-21,60.84,61.12,58.72,59.90,4869700,56.53
2009-05-20,63.24,65.01,61.59,61.81,6346700,58.33
2009-05-19,61.59,63.44,61.21,62.15,4900900,58.65
2009-05-18,59.52,61.88,59.12,61.52,4463900,58.06
2009-05-15,61.58,61.91,58.05,58.50,6561300,55.21
2009-05-14,61.54,62.49,60.17,62.01,5648400,58.52
2009-05-13,63.90,64.25,61.37,62.23,6774800,58.73
2009-05-12,64.10,65.09,62.07,64.86,9609800,61.21
2009-05-11,62.77,63.80,61.75,63.35,6121600,59.78
2009-05-08,61.18,64.98,61.09,63.82,7963700,60.23
2009-05-07,62.45,63.86,59.33,60.34,7545100,56.94
2009-05-06,58.36,61.53,57.07,61.01,11657800,57.57
2009-05-05,56.55,56.91,53.38,54.48,6250700,51.41
2009-05-04,54.35,57.26,54.28,57.18,6335500,53.96
2009-05-01,52.08,54.45,51.75,54.14,5174600,51.09
2009-04-30,53.04,53.48,50.59,51.85,5562700,48.93
2009-04-29,51.50,53.63,51.01,52.55,4504100,49.59
2009-04-28,49.99,51.60,49.62,51.00,3243400,48.13
2009-04-27,51.11,51.86,50.43,50.92,3894900,48.05
2009-04-24,51.74,52.99,51.44,52.36,5135900,49.41
2009-04-23,50.47,51.08,49.60,51.02,4574500,48.15
2009-04-22,49.60,51.00,48.71,49.78,4651300,46.98
2009-04-21,47.71,50.34,47.08,49.98,5259600,47.17
2009-04-20,50.96,51.18,48.11,48.30,4944400,45.58
2009-04-17,49.92,52.50,49.38,52.15,7580000,49.21
2009-04-16,50.42,50.42,48.75,49.91,4399600,47.10
2009-04-15,49.32,50.46,48.77,49.91,4747200,47.10
2009-04-14,48.22,51.18,48.17,49.74,8310400,46.94
2009-04-13,47.96,49.22,46.96,48.81,4859400,46.06
2009-04-09,48.58,49.50,47.64,48.91,4911800,46.16
2009-04-08,46.29,47.74,45.20,46.96,4768700,44.32
2009-04-07,47.22,47.49,45.86,46.32,5271300,43.71
2009-04-06,49.35,49.77,47.40,48.39,5621200,45.66
2009-04-03,48.49,50.47,48.30,49.95,6087300,47.14
2009-04-02,47.62,49.30,47.62,48.40,6610200,45.67
2009-04-01,43.83,46.73,43.35,46.48,6073800,43.86
2009-03-31,45.17,45.97,44.48,44.69,6129500,42.17
2009-03-30,44.60,45.13,43.76,44.62,5884900,42.11
2009-03-27,47.58,47.64,45.07,45.89,7451100,43.31
2009-03-26,50.44,51.30,47.54,48.42,8716500,45.69
2009-03-25,49.77,50.49,47.90,49.45,5571200,46.67
2009-03-24,51.24,51.49,49.21,49.59,6416600,46.80
2009-03-23,48.95,52.07,48.82,52.04,7472700,49.11
2009-03-20,49.60,49.91,47.03,47.60,7368100,44.92
2009-03-19,48.36,50.18,48.34,48.92,8681000,46.16
2009-03-18,46.96,47.95,44.55,47.44,7348900,44.77
2009-03-17,46.36,47.45,45.18,47.45,6376600,44.78
2009-03-16,45.02,47.88,44.66,46.35,7098500,43.74
2009-03-13,44.87,46.57,44.51,45.17,8353800,42.63
2009-03-12,42.11,44.29,41.71,44.11,6589200,41.63
2009-03-11,40.26,43.14,40.17,42.30,9439200,39.77
2009-03-10,40.02,41.00,39.04,40.39,8917100,37.97
2009-03-09,39.43,41.23,38.55,38.84,6737200,36.51
2009-03-06,42.03,42.81,38.62,39.92,9521200,37.53
2009-03-05,41.59,43.27,40.52,41.22,8311200,38.75
2009-03-04,42.29,44.26,42.00,42.74,10185300,40.18
2009-03-03,39.97,42.06,39.53,40.88,12048800,38.43
2009-03-02,42.56,42.72,39.22,39.34,10359300,36.98
2009-02-27,44.73,45.41,43.30,43.67,8878700,41.05
2009-02-26,46.02,47.80,45.48,45.48,6564800,42.76
2009-02-25,47.12,47.12,44.01,45.29,9458600,42.58
2009-02-24,46.02,47.10,45.20,46.71,9458500,43.91
2009-02-23,49.03,49.13,45.43,45.50,5616300,42.78
2009-02-20,48.29,49.46,46.80,47.89,5896900,45.02
2009-02-19,49.97,50.95,48.58,49.45,7034900,46.49
2009-02-18,48.84,49.35,47.55,48.99,6821400,46.06
2009-02-17,50.68,51.00,48.40,48.47,8070400,45.57
2009-02-13,51.64,53.21,51.23,52.64,5850900,49.49
2009-02-12,51.53,52.08,50.15,51.77,8149600,48.67
2009-02-11,56.62,56.81,51.53,52.63,12999600,49.48
2009-02-10,60.10,60.10,55.65,56.20,5942000,52.83
2009-02-09,58.33,60.12,58.30,59.35,6402900,55.80
2009-02-06,58.67,59.34,56.95,58.20,6558000,54.71
2009-02-05,57.74,60.00,57.30,59.48,8131900,55.92
2009-02-04,59.79,61.36,57.67,58.09,11221700,54.61
2009-02-03,61.09,62.22,60.33,61.91,6503000,58.20
2009-02-02,60.90,60.90,59.19,60.07,6868900,56.47
2009-01-30,63.95,64.41,61.15,61.60,6362800,57.91
2009-01-29,62.39,64.77,62.00,62.84,5230600,59.08
2009-01-28,63.05,64.95,61.82,64.53,5866500,60.67
2009-01-27,62.56,62.84,60.70,61.81,5629300,58.11
2009-01-26,62.47,64.50,61.35,62.58,5536900,58.83
2009-01-23,56.02,62.37,55.35,61.84,9528200,58.14
2009-01-22,57.77,59.23,56.27,57.41,7350900,53.97
2009-01-21,55.75,59.66,55.64,59.44,6617100,55.88
2009-01-20,57.67,58.77,54.52,54.80,7878600,51.52
2009-01-16,61.19,61.84,57.46,58.68,7302500,55.17
2009-01-15,60.79,61.20,57.00,59.93,7970700,56.34
2009-01-14,62.85,63.30,60.50,61.10,5130500,57.44
2009-01-13,62.93,65.00,62.66,64.33,4909900,60.48
2009-01-12,64.47,64.79,62.41,63.15,4789800,59.37
2009-01-09,67.01,67.49,64.68,65.56,4299100,61.63
2009-01-08,67.10,67.87,65.43,66.61,5923100,62.62
2009-01-07,69.42,69.42,65.57,67.44,4875700,63.40
2009-01-06,72.45,73.11,70.14,70.37,6554900,66.16
2009-01-05,68.30,73.01,67.50,70.98,6885700,66.73
2009-01-02,65.94,69.04,65.30,68.49,4886200,64.39
2008-12-31,65.14,67.12,64.76,65.71,3772600,61.77
2008-12-30,65.28,65.81,63.70,65.49,4073000,61.57
2008-12-29,65.50,66.14,64.26,65.55,3218600,61.62
2008-12-26,63.17,64.18,62.37,64.01,1851900,60.18
2008-12-24,62.63,63.39,61.60,62.99,1659000,59.22
2008-12-23,63.06,65.00,62.10,63.02,4178500,59.25
2008-12-22,66.94,67.01,62.14,63.08,4661900,59.30
2008-12-19,64.95,68.07,64.68,66.79,7530600,62.79
2008-12-18,68.50,68.72,63.93,64.59,6611500,60.72
2008-12-17,69.48,71.19,68.45,68.66,5976700,64.55
2008-12-16,68.10,71.39,68.10,70.37,6369000,66.16
2008-12-15,69.59,70.16,65.60,67.30,6732700,63.27
2008-12-12,68.42,69.00,65.78,68.05,6762500,63.97
2008-12-11,73.67,75.30,69.51,70.97,6301900,66.72
2008-12-10,67.64,73.11,67.27,72.56,8112800,68.06
2008-12-09,64.32,68.04,62.38,66.24,5025300,62.14
2008-12-08,64.07,66.79,63.67,65.32,6869800,61.27
2008-12-05,60.76,62.28,57.07,61.26,8368400,57.46
2008-12-04,65.65,66.75,60.47,62.15,7287400,58.30
2008-12-03,65.50,67.69,64.50,67.42,6278200,63.24
2008-12-02,67.96,69.20,64.46,67.08,5545500,62.92
2008-12-01,70.09,70.09,65.45,65.69,6335300,61.62
2008-11-28,74.00,74.00,70.00,72.34,2652700,67.86
2008-11-26,72.16,75.00,68.84,74.89,9329000,70.25
2008-11-25,73.70,74.27,70.76,73.07,5400200,68.54
2008-11-24,71.73,74.94,69.38,72.78,8968100,68.27
2008-11-21,61.14,69.31,60.58,68.96,9167400,64.69
2008-11-20,65.67,66.72,58.95,59.50,10420500,55.81
2008-11-19,71.05,73.44,67.92,68.57,7467600,64.32
2008-11-18,70.30,72.16,67.25,70.95,6262000,66.55
2008-11-17,69.08,72.62,68.62,69.67,4326400,65.35
2008-11-14,72.08,74.40,69.31,70.14,6061100,65.79
2008-11-13,68.16,74.30,65.77,73.98,9270400,69.40
2008-11-12,72.00,72.98,66.76,67.93,5835100,63.72
2008-11-11,75.76,76.50,72.64,74.00,5336800,69.41
2008-11-10,78.93,80.21,75.85,77.80,3698800,72.98
2008-11-07,74.41,76.75,73.15,76.11,4129600,71.39
2008-11-06,78.34,78.49,72.04,74.00,7546600,69.41
2008-11-05,81.00,83.77,77.84,79.76,6203000,74.82
2008-11-04,79.99,83.49,79.99,83.00,5859000,77.86
2008-11-03,79.80,81.00,75.61,77.89,5281800,73.06
2008-10-31,75.07,83.49,74.20,80.86,6743200,75.85
2008-10-30,74.57,77.67,71.31,76.81,5446700,72.05
2008-10-29,71.59,76.38,71.10,71.78,7996700,67.33
2008-10-28,67.25,70.50,61.98,70.23,7072800,65.88
2008-10-27,68.43,71.23,63.75,64.47,5503700,60.48
2008-10-24,64.63,71.50,62.04,69.83,5542800,65.50
2008-10-23,69.89,73.29,65.25,72.62,8019100,68.12
2008-10-22,73.58,73.58,66.36,69.34,7256800,65.04
2008-10-21,77.25,79.17,74.22,77.21,6110200,72.43
2008-10-20,74.59,79.77,73.51,79.70,9238200,74.76
2008-10-17,68.38,77.44,66.49,70.80,7491500,66.41
2008-10-16,63.41,70.81,60.76,69.91,12990000,65.58
2008-10-15,72.75,73.68,62.10,62.65,8728400,58.77
2008-10-14,76.86,80.48,73.26,75.20,11025400,70.54
2008-10-13,62.99,74.46,62.88,72.88,9529900,68.36
2008-10-10,58.17,63.68,54.40,60.00,15382700,56.28
2008-10-09,72.56,75.24,62.80,62.80,8540500,58.91
2008-10-08,69.38,76.56,67.05,72.45,10470500,67.96
2008-10-07,79.17,81.39,71.53,72.54,7847800,68.05
2008-10-06,77.17,78.82,69.23,77.40,10170500,72.60
2008-10-03,83.39,88.91,82.07,82.51,5566900,77.40
2008-10-02,88.38,88.38,82.52,83.10,7535400,77.95
2008-10-01,91.55,91.69,86.93,89.54,6180000,83.99
2008-09-30,89.00,92.70,89.00,91.20,5872900,85.55
2008-09-29,95.02,95.49,83.97,88.12,9343000,82.66
2008-09-26,98.01,100.69,94.52,98.76,5477500,92.64
2008-09-25,102.09,103.45,101.00,102.64,5813100,96.28
2008-09-24,102.23,104.31,100.80,101.59,4535300,95.30
2008-09-23,102.43,105.30,100.60,101.36,6813500,95.08
2008-09-22,105.63,106.98,101.60,102.25,6892700,95.91
2008-09-19,101.50,110.81,99.82,105.50,9235700,98.96
2008-09-18,96.49,100.53,94.19,97.98,10778800,91.91
2008-09-17,94.24,98.64,90.77,93.85,10375200,88.04
2008-09-16,85.78,94.79,82.10,94.34,10819000,88.49
2008-09-15,91.01,92.62,89.11,89.54,7443600,83.99
2008-09-12,93.01,96.64,93.00,95.87,6049300,89.93
2008-09-11,90.16,93.35,87.77,92.44,6965400,86.56
2008-09-10,87.77,92.88,87.77,91.67,7499900,85.84
2008-09-09,93.73,93.90,87.21,87.33,8513100,81.78
2008-09-08,97.69,98.00,93.60,95.04,6906500,89.00
2008-09-05,94.30,96.39,91.40,95.69,6984000,89.61
2008-09-04,95.39,96.59,90.69,93.70,9073100,87.74
2008-09-03,95.56,97.99,93.39,95.42,6848300,89.35
2008-09-02,98.88,98.88,95.02,96.01,7875300,89.91
2008-08-29,104.41,104.90,101.68,102.05,4576800,95.56
2008-08-28,107.85,108.15,101.39,103.16,7112500,96.60
2008-08-27,108.33,109.60,105.89,106.78,6668800,99.99
2008-08-26,103.53,106.74,103.27,105.25,4771800,98.56
2008-08-25,102.10,103.66,100.39,101.81,4024100,95.34
2008-08-22,103.59,104.74,101.03,102.28,4303100,95.78
2008-08-21,105.74,106.75,103.62,105.20,7402500,98.51
2008-08-20,98.96,104.15,98.74,103.80,9207000,97.20
2008-08-19,93.07,97.61,93.01,97.49,5386000,91.29
2008-08-18,93.98,96.83,92.87,93.22,4908100,87.29
2008-08-15,96.34,96.34,92.70,93.95,5965600,87.98
2008-08-14,97.78,99.04,95.00,96.65,6663600,90.50
2008-08-13,92.84,98.57,92.12,98.12,8340500,91.88
2008-08-12,91.67,93.98,91.27,92.88,6333800,86.97
2008-08-11,90.74,92.04,88.01,90.80,10015200,85.03
2008-08-08,92.25,92.40,89.09,89.60,7934500,83.90
2008-08-07,93.99,96.24,92.76,93.53,8723500,87.58
2008-08-06,89.18,93.38,89.00,92.50,8137900,86.62
2008-08-05,88.02,89.13,85.87,88.90,10710800,83.25
2008-08-04,94.51,94.65,87.36,88.04,8277300,82.44
2008-08-01,94.35,97.46,94.22,95.11,5269900,89.06
2008-07-31,96.70,97.34,94.25,94.89,6473100,88.86
2008-07-30,92.36,97.50,91.42,97.00,9503400,90.83
2008-07-29,94.92,95.41,90.39,92.57,6882700,86.68
2008-07-28,95.57,97.15,93.78,94.44,4816500,88.44
2008-07-25,93.10,96.69,92.23,94.39,5845600,88.39
2008-07-24,94.29,96.21,90.28,93.18,9972100,87.26
2008-07-23,98.53,99.16,92.81,93.31,9509000,87.38
2008-07-22,102.32,102.40,96.81,98.60,8207100,92.33
2008-07-21,100.30,103.34,98.53,103.06,5721700,96.51
2008-07-18,96.76,101.82,96.06,98.57,7902900,92.30
2008-07-17,102.00,102.83,94.91,97.51,9386500,91.31
2008-07-16,106.55,106.94,99.96,101.38,9474300,94.93
2008-07-15,111.82,113.11,106.00,106.19,6919700,99.44
2008-07-14,111.74,112.28,108.41,111.11,4024000,104.05
2008-07-11,111.10,113.18,108.43,110.34,6074500,103.32
2008-07-10,104.59,109.85,104.59,109.51,7443400,102.55
2008-07-09,108.85,110.52,104.40,104.59,6477600,97.94
2008-07-08,109.70,109.70,103.94,108.25,10512700,101.37
2008-07-07,117.33,117.33,109.22,111.00,8483300,103.94
2008-07-03,119.01,121.33,115.50,117.85,3525900,110.36
2008-07-02,124.84,127.43,118.20,118.89,7334000,111.33
2008-07-01,120.96,123.22,119.26,123.00,6189000,115.18
2008-06-30,117.79,120.37,117.41,120.16,6780600,112.52
2008-06-27,115.00,115.93,113.83,114.88,5432500,107.58
2008-06-26,115.20,116.71,112.84,114.65,5589100,107.36
2008-06-25,118.10,118.10,112.34,115.10,5816900,107.78
2008-06-24,121.82,121.82,117.27,117.43,4132600,109.96
2008-06-23,117.77,122.82,117.77,122.51,4549100,114.72
2008-06-20,120.56,121.98,117.95,118.77,4439100,111.22
2008-06-19,123.25,124.84,118.69,118.89,5976100,111.33
2008-06-18,120.93,123.16,118.40,122.32,5734700,114.54
2008-06-17,116.31,120.85,116.20,120.77,4400200,113.09
2008-06-16,117.70,118.55,115.85,116.46,3870600,109.06
2008-06-13,115.34,116.57,114.84,116.23,3787100,108.84
2008-06-12,115.00,117.02,114.00,115.96,4472800,108.59
2008-06-11,117.24,118.08,114.92,116.61,4169600,109.05
2008-06-10,118.01,119.07,114.21,115.90,5289300,108.38
2008-06-09,117.17,120.38,116.24,119.25,3807800,111.51
2008-06-06,119.04,120.00,115.96,115.97,6047600,108.45
2008-06-05,113.05,117.23,112.00,117.23,4755300,109.63
2008-06-04,116.52,116.85,112.45,112.59,5124900,105.29
2008-06-03,118.53,120.38,116.73,117.09,3739600,109.49
2008-06-02,115.26,119.89,115.24,118.35,3475600,110.67
2008-05-30,117.25,117.84,115.32,115.94,4044400,108.42
2008-05-29,117.72,118.51,115.35,115.61,3895700,108.11
2008-05-28,117.01,120.16,115.16,119.21,4065700,111.48
2008-05-27,118.72,119.54,116.92,118.08,3854200,110.42
2008-05-23,124.07,124.07,117.30,118.65,4758300,110.95
2008-05-22,122.98,125.33,121.48,123.06,4515100,115.08
2008-05-21,124.77,127.16,122.72,123.05,5510200,115.07
2008-05-20,123.36,125.41,121.89,124.36,4229700,116.29
2008-05-19,122.33,124.48,121.06,122.23,4700200,114.30
2008-05-16,119.27,121.83,119.27,121.38,4605300,113.51
2008-05-15,116.90,119.15,115.52,118.34,4455900,110.66
2008-05-14,118.71,118.93,115.79,116.01,3626900,108.48
2008-05-13,116.80,118.83,115.45,117.95,3360800,110.30
2008-05-12,114.60,116.56,113.81,116.28,3298100,108.74
2008-05-09,118.30,118.30,113.93,115.72,4121200,108.21
2008-05-08,117.01,117.60,114.43,117.33,4668900,109.72
2008-05-07,123.00,123.00,116.25,116.50,6609900,108.94
2008-05-06,116.64,120.74,114.99,120.33,4778800,112.52
2008-05-05,113.03,115.44,112.72,114.52,2802400,107.09
2008-05-02,110.17,113.91,110.17,112.09,4026300,104.82
2008-05-01,111.85,112.59,106.45,109.96,5038600,102.83
2008-04-30,113.52,114.94,111.00,113.40,4267100,106.04
2008-04-29,116.84,117.00,112.75,113.06,3049600,105.73
2008-04-28,119.21,119.90,117.39,118.02,2901400,110.36
2008-04-25,117.89,118.67,115.21,118.60,3702200,110.91
2008-04-24,119.20,119.20,114.83,115.21,3678400,107.74
2008-04-23,121.01,121.01,118.01,119.55,3543400,111.79
2008-04-22,119.15,122.66,118.93,120.87,5015400,113.03
2008-04-21,118.76,119.75,117.01,118.90,2701300,111.19
2008-04-18,115.01,118.55,115.01,118.40,3456500,110.72
2008-04-17,116.06,117.80,115.05,116.14,3759300,108.61
2008-04-16,114.66,116.81,113.28,116.63,3490300,109.06
2008-04-15,113.01,115.49,111.88,113.47,3041900,106.11
2008-04-14,110.64,112.95,110.01,112.06,2782700,104.79
2008-04-11,110.85,112.09,108.92,109.26,2588200,102.17
2008-04-10,111.32,112.93,110.30,111.69,3183900,104.44
2008-04-09,111.60,114.00,111.60,112.05,4238600,104.78
2008-04-08,107.89,111.44,107.44,110.84,4011900,103.65
2008-04-07,108.34,110.37,107.65,108.44,3782600,101.41
2008-04-04,105.85,109.80,105.85,107.34,4356500,100.38
2008-04-03,106.73,107.45,104.31,105.56,4204400,98.71
2008-04-02,103.99,106.41,101.57,104.65,4449700,97.86
2008-04-01,104.17,104.48,101.31,104.01,3818600,97.26
2008-03-31,104.32,105.62,102.82,104.33,4823000,97.56
2008-03-28,105.94,107.33,103.74,104.32,5489800,97.55
2008-03-27,107.39,108.10,105.10,105.23,4610600,98.40
2008-03-26,103.10,108.13,103.10,107.59,6003900,100.61
2008-03-25,99.26,103.31,99.25,102.93,4941500,96.25
2008-03-24,95.57,100.26,95.57,99.16,3868700,92.73
2008-03-20,95.00,96.75,91.93,96.29,6520400,90.04
2008-03-19,102.95,103.45,96.43,96.75,5417900,90.47
2008-03-18,101.34,103.72,100.71,103.47,3880800,96.76
2008-03-17,100.84,101.86,96.91,99.31,5572500,92.87
2008-03-14,104.48,105.00,101.03,103.01,5314000,96.33
2008-03-13,100.85,105.97,100.25,104.47,6126000,97.69
2008-03-12,103.02,104.75,101.25,102.10,4057400,95.33
2008-03-11,102.12,103.92,100.77,103.86,4189700,96.82
2008-03-10,100.19,101.62,98.41,100.07,4739800,93.29
2008-03-07,100.82,101.69,98.40,100.56,5181300,93.74
2008-03-06,103.41,104.45,101.06,101.83,5197500,94.93
2008-03-05,102.21,103.84,101.75,103.70,4427100,96.67
2008-03-04,103.21,104.90,99.43,102.03,5951100,95.12
2008-03-03,102.80,105.07,102.11,103.97,3814300,96.92
2008-02-29,104.46,105.57,101.64,102.72,4537000,95.76
2008-02-28,100.80,107.15,100.80,106.04,7529300,98.85
2008-02-27,101.97,103.50,100.32,100.66,5258900,93.84
2008-02-26,100.40,102.83,99.86,102.66,5425000,95.70
2008-02-25,97.87,101.28,97.65,101.08,7033800,94.23
2008-02-22,96.47,97.78,94.56,97.61,4242800,90.99
2008-02-21,99.07,99.41,95.60,95.89,5988000,89.39
2008-02-20,96.00,99.87,95.24,99.58,5856100,92.83
2008-02-19,95.00,97.10,94.14,96.20,5473300,89.68
2008-02-15,94.07,94.07,92.12,93.20,3977500,86.88
2008-02-14,93.31,95.00,93.31,93.67,4197100,87.32
2008-02-13,91.79,93.50,91.79,93.10,3564800,86.79
2008-02-12,93.56,94.71,90.96,91.99,4618600,85.76
2008-02-11,89.71,93.89,89.56,93.69,5988100,87.34
2008-02-08,87.63,90.00,87.63,89.56,4418500,83.49
2008-02-07,85.57,88.57,85.01,87.91,3975400,81.95
2008-02-06,86.96,88.34,84.27,86.21,5464100,80.37
2008-02-05,85.01,87.00,84.57,84.57,3396700,78.84
2008-02-04,86.77,88.15,86.00,87.32,2037800,81.40
2008-02-01,85.05,87.10,84.77,86.77,3842400,80.89
2008-01-31,83.04,85.72,81.65,85.05,3357600,79.29
2008-01-30,82.92,86.34,82.92,84.20,3779400,78.49
2008-01-29,83.84,84.34,82.80,83.11,2890500,77.48
2008-01-28,80.66,83.70,80.41,83.45,3548700,77.79
2008-01-25,82.25,83.97,80.38,81.07,4280700,75.58
2008-01-24,80.00,81.73,79.05,81.31,5162900,75.80
2008-01-23,77.99,79.84,74.56,79.75,6516500,74.35
2008-01-22,76.89,80.57,76.18,79.29,5088900,73.92
2008-01-18,81.10,82.78,80.26,81.84,5203400,76.29
2008-01-17,84.39,85.86,80.37,80.70,4806200,75.23
2008-01-16,86.73,87.19,82.75,84.08,4823400,78.38
2008-01-15,88.52,89.24,86.93,87.30,3490400,81.38
2008-01-14,87.70,90.76,87.70,90.20,3286900,84.09
2008-01-11,88.21,88.72,86.72,87.17,2853100,81.26
2008-01-10,88.45,89.13,87.14,88.65,3232200,82.64
2008-01-09,87.22,89.48,87.22,89.29,3460000,83.24
2008-01-08,90.85,91.19,87.00,87.25,4146200,81.34
2008-01-07,90.98,91.12,88.72,89.80,3399700,83.71
2008-01-04,91.97,92.94,90.05,90.30,3063000,84.18
2008-01-03,91.25,94.00,91.25,92.94,3339200,86.64
2008-01-02,89.99,92.13,89.46,91.68,4014400,85.47
