Date,Open,High,Low,Close,Volume,Adj Close
2013-12-31,32.81,33.02,32.80,32.98,3355100,32.60
2013-12-30,32.70,32.98,32.63,32.77,3159600,32.39
2013-12-27,32.50,32.99,32.31,32.79,4879400,32.41
2013-12-26,32.25,32.45,32.01,32.07,2252500,31.70
2013-12-24,32.21,32.42,32.09,32.22,1426300,31.85
2013-12-23,32.65,32.71,32.28,32.31,4852700,31.93
2013-12-20,31.76,32.69,31.71,32.61,14000800,32.23
2013-12-19,31.78,31.97,31.29,31.60,6867800,31.23
2013-12-18,31.93,32.15,31.52,31.98,4774000,31.61
2013-12-17,31.83,32.02,31.75,31.94,3604200,31.57
2013-12-16,31.84,32.04,31.60,31.82,3797600,31.45
2013-12-13,32.06,32.06,31.59,31.71,3097500,31.34
2013-12-12,32.15,32.46,32.11,32.19,4192300,31.82
2013-12-11,32.30,32.60,32.03,32.13,3800400,31.76
2013-12-10,32.41,32.43,32.11,32.19,3267100,31.82
2013-12-09,32.39,32.65,32.32,32.48,3633500,32.10
2013-12-06,32.24,32.45,32.01,32.44,4838100,32.06
2013-12-05,32.47,32.50,32.07,32.08,4006300,31.71
2013-12-04,32.42,32.53,32.12,32.52,3900400,32.14
2013-12-03,32.51,32.70,32.44,32.53,4882700,32.15
2013-12-02,32.91,32.94,32.54,32.58,6882200,32.20
2013-11-29,32.50,32.76,32.42,32.63,2698300,32.25
2013-11-27,32.90,32.98,32.39,32.50,4640900,32.12
2013-11-26,33.29,33.29,32.76,32.95,4774700,32.57
2013-11-25,33.45,33.64,33.29,33.29,6476800,32.90
2013-11-22,33.56,33.56,33.22,33.35,6774100,32.96
2013-11-21,34.30,34.30,33.53,33.57,7641200,33.18
2013-11-20,35.08,35.08,33.95,33.96,8101200,33.56
2013-11-19,35.41,35.49,34.83,34.97,5451900,34.56
2013-11-18,35.50,35.61,35.40,35.41,6152200,35.00
2013-11-15,35.87,35.97,35.29,35.47,8859200,35.06
2013-11-14,35.96,36.53,35.89,35.89,5656300,35.47
2013-11-13,36.49,36.52,35.81,36.07,5122600,35.65
2013-11-12,36.65,36.96,36.46,36.69,4635500,36.26
2013-11-11,38.01,38.01,36.53,36.62,9135600,36.19
2013-11-08,38.12,38.92,37.66,38.84,8637200,38.39
2013-11-07,38.12,38.65,38.12,38.32,4908000,37.87
2013-11-06,37.44,38.13,37.44,38.11,7360300,37.67
2013-11-05,37.31,37.52,36.81,37.14,5302400,36.71
2013-11-04,38.20,38.30,37.80,38.12,4152000,37.13
2013-11-01,37.93,38.23,37.71,38.12,3231700,37.13
2013-10-31,38.00,38.09,37.38,37.87,2829800,36.89
2013-10-30,38.14,38.35,37.85,37.97,2806100,36.99
2013-10-29,37.94,38.32,37.60,38.00,4138500,37.02
2013-10-28,37.80,38.10,37.68,37.82,10800900,36.84
2013-10-25,37.38,37.95,37.20,37.88,8245000,36.90
2013-10-24,38.02,38.02,37.30,37.43,9489400,36.46
2013-10-23,38.34,38.90,37.93,38.01,5432200,37.03
2013-10-22,37.98,38.61,37.96,38.40,3211800,37.41
2013-10-21,37.94,38.06,37.70,38.00,3158000,37.02
2013-10-18,37.57,38.03,37.51,37.94,3314300,36.96
2013-10-17,36.90,37.64,36.47,37.57,3596300,36.60
2013-10-16,37.31,37.60,36.64,37.04,4315600,36.08
2013-10-15,37.74,37.83,37.20,37.27,2434900,36.30
2013-10-14,37.81,37.99,37.33,37.93,2789700,36.95
2013-10-11,37.90,38.11,37.78,37.91,5369800,36.93
2013-10-10,37.85,37.97,37.28,37.96,2819300,36.98
2013-10-09,37.56,38.26,37.50,37.68,2981200,36.70
2013-10-08,37.11,37.83,37.01,37.45,3171500,36.48
2013-10-07,36.82,37.55,36.82,37.19,2576600,36.23
2013-10-04,36.72,37.06,36.67,36.97,2104900,36.01
2013-10-03,36.91,36.95,36.52,36.72,2474100,35.77
2013-10-02,36.76,37.32,36.72,37.07,2331400,36.11
2013-10-01,36.75,37.18,36.62,36.93,3228400,35.97
2013-09-30,36.52,36.89,36.30,36.45,2433800,35.51
2013-09-27,36.84,37.21,36.51,36.59,1960700,35.64
2013-09-26,37.12,37.33,36.86,36.94,1489300,35.98
2013-09-25,37.40,37.54,37.09,37.09,1671200,36.13
2013-09-24,37.51,37.75,37.07,37.41,2334900,36.44
2013-09-23,36.53,37.70,36.43,37.64,3837800,36.67
2013-09-20,37.93,37.96,36.62,36.66,4929500,35.71
2013-09-19,38.40,38.53,37.70,37.91,3147500,36.93
2013-09-18,37.74,38.59,37.47,38.38,3910300,37.39
2013-09-17,37.29,37.75,37.25,37.74,1513200,36.76
2013-09-16,37.46,37.86,37.17,37.29,2262100,36.32
2013-09-13,36.90,37.21,36.84,37.11,1338600,36.15
2013-09-12,37.54,37.83,36.83,36.90,2119900,35.94
2013-09-11,37.89,37.90,37.21,37.49,3199000,36.52
2013-09-10,37.40,37.87,37.27,37.87,2776700,36.89
2013-09-09,37.01,37.23,36.76,37.17,1942300,36.21
2013-09-06,36.73,37.46,36.70,36.99,3708200,36.03
2013-09-05,36.73,36.86,36.30,36.56,2495600,35.61
2013-09-04,36.84,37.04,36.53,36.78,3405200,35.83
2013-09-03,37.69,38.00,36.87,36.94,1851400,35.98
2013-08-30,37.35,37.67,37.30,37.47,1490900,36.50
2013-08-29,37.51,37.61,37.20,37.36,1375300,36.39
2013-08-28,37.59,37.82,37.30,37.65,1364700,36.68
2013-08-27,37.53,37.88,37.36,37.57,2106300,36.60
2013-08-26,38.11,38.29,37.81,37.83,1204600,36.85
2013-08-23,38.17,38.34,37.98,38.13,2835900,37.14
2013-08-22,37.68,38.27,37.48,38.18,3096500,37.19
2013-08-21,37.63,38.21,37.20,37.56,4852800,36.59
2013-08-20,36.40,37.38,36.38,37.23,3253100,36.27
2013-08-19,36.76,37.07,36.30,36.39,1865300,35.45
2013-08-16,37.04,37.10,36.46,36.81,4749800,35.86
2013-08-15,37.05,37.20,36.85,37.12,2881400,36.16
2013-08-14,36.94,37.27,36.78,37.18,2315000,36.22
2013-08-13,37.30,37.39,36.95,36.97,2872800,36.01
2013-08-12,37.75,37.80,36.98,37.34,3083000,36.37
2013-08-09,38.32,38.55,37.86,37.90,3145100,36.92
2013-08-08,38.26,38.47,37.98,38.41,3094200,37.42
2013-08-07,37.58,38.27,37.35,38.21,5149600,37.22
2013-08-06,37.49,39.01,36.41,38.01,8865400,37.03
2013-08-05,37.51,37.62,37.02,37.04,4160500,36.08
2013-08-02,38.36,38.44,37.80,38.13,2676600,36.61
2013-08-01,38.18,38.42,37.85,38.25,2879500,36.72
2013-07-31,39.19,39.23,38.02,38.07,5425500,36.55
2013-07-30,39.29,39.88,39.21,39.30,2836300,37.73
2013-07-29,38.77,39.60,38.72,39.18,8579700,37.61
2013-07-26,38.06,38.94,37.97,38.91,9422200,37.36
2013-07-25,38.18,38.65,37.99,38.26,8920700,36.73
2013-07-24,39.06,39.13,38.00,38.24,1959700,36.71
2013-07-23,39.12,39.34,38.89,39.17,1472200,37.61
2013-07-22,38.92,39.40,38.81,39.18,2261200,37.61
2013-07-19,39.07,39.15,38.59,38.92,1779300,37.37
2013-07-18,38.42,39.18,38.40,39.09,2275300,37.53
2013-07-17,38.44,38.55,38.17,38.43,1720900,36.89
2013-07-16,38.44,38.53,37.97,38.33,4259900,36.80
2013-07-15,37.36,38.50,37.32,38.45,2204600,36.91
2013-07-12,37.30,37.47,36.99,37.45,1828200,35.95
2013-07-11,37.19,37.48,37.10,37.34,2406800,35.85
2013-07-10,36.73,37.08,36.52,36.81,1829300,35.34
2013-07-09,36.65,37.06,36.65,36.81,2453000,35.34
2013-07-08,36.00,36.62,35.91,36.51,2269800,35.05
2013-07-05,36.16,36.16,35.46,35.85,1517400,34.42
2013-07-03,36.05,36.22,35.87,36.16,1061200,34.72
2013-07-02,36.25,36.55,36.02,36.16,2503800,34.72
2013-07-01,37.52,37.57,36.18,36.31,4125400,34.86
2013-06-28,37.11,37.68,36.98,37.34,7370100,35.85
2013-06-27,37.23,37.67,36.93,37.10,2599600,35.62
2013-06-26,37.13,37.29,36.88,37.06,2146300,35.58
2013-06-25,36.56,37.16,36.42,36.93,2629300,35.45
2013-06-24,36.26,36.69,35.72,36.41,3509200,34.96
2013-06-21,36.56,36.93,36.09,36.51,5335200,35.05
2013-06-20,36.99,37.21,36.27,36.32,4089700,34.87
2013-06-19,38.25,38.40,37.22,37.22,2861600,35.73
2013-06-18,38.15,38.46,38.05,38.25,2808900,36.72
2013-06-17,38.41,38.57,37.98,38.15,3234900,36.63
2013-06-14,38.52,38.79,38.26,38.33,1465000,36.80
2013-06-13,37.92,38.60,37.84,38.58,2112700,37.04
2013-06-12,38.76,38.82,37.82,37.87,2049300,36.36
2013-06-11,38.65,39.00,38.52,38.57,1997900,37.03
2013-06-10,39.00,39.09,38.66,38.92,2503500,37.37
2013-06-07,39.00,39.21,38.59,38.94,1750500,37.38
2013-06-06,38.78,38.90,38.31,38.90,2505300,37.35
2013-06-05,38.95,39.00,38.57,38.68,2107600,37.13
2013-06-04,39.16,39.28,38.83,39.07,2495100,37.51
2013-06-03,39.29,39.72,38.85,39.16,6413100,37.60
2013-05-31,39.00,39.55,38.95,39.01,4018300,37.45
2013-05-30,39.61,40.22,39.08,39.09,4229200,37.53
2013-05-29,39.49,39.63,38.83,39.22,5682400,37.65
2013-05-28,40.89,40.89,39.32,39.86,12520800,38.27
2013-05-24,42.77,42.95,42.44,42.62,3105400,40.92
2013-05-23,43.08,43.21,42.25,42.99,3938800,41.27
2013-05-22,43.82,44.61,43.28,43.50,3609100,41.76
2013-05-21,43.28,43.90,43.05,43.87,3029000,42.12
2013-05-20,43.77,43.88,43.22,43.30,1794900,41.57
2013-05-17,43.20,43.83,43.19,43.78,2623800,42.03
2013-05-16,43.07,43.39,42.87,43.10,2317000,41.38
2013-05-15,42.73,43.40,42.52,43.20,2920600,41.47
2013-05-14,42.65,43.29,42.61,42.75,2352100,41.04
2013-05-13,42.78,42.90,42.33,42.66,1810500,40.96
2013-05-10,42.75,42.99,42.56,42.91,2444900,41.20
2013-05-09,43.55,43.68,42.63,42.78,5963100,41.07
2013-05-08,43.99,44.13,43.38,43.64,2275400,41.90
2013-05-07,44.36,44.65,43.85,44.10,2552800,42.34
2013-05-06,44.88,45.10,43.37,44.18,2537300,42.42
2013-05-03,45.70,45.70,44.95,44.99,3146600,43.19
2013-05-02,46.40,46.68,45.84,46.06,2340800,43.69
2013-05-01,46.53,46.70,46.18,46.28,1471700,43.90
2013-04-30,46.29,46.77,46.22,46.60,2094100,44.20
2013-04-29,46.63,46.69,45.57,46.32,8557800,43.94
2013-04-26,46.26,46.60,46.15,46.48,7550700,44.09
2013-04-25,46.19,46.33,45.62,46.30,7810300,43.92
2013-04-24,45.91,46.33,45.70,46.17,1951800,43.80
2013-04-23,46.00,46.00,45.59,45.91,1636900,43.55
2013-04-22,45.62,46.09,45.47,45.86,1878900,43.50
2013-04-19,45.74,45.92,45.02,45.65,3336200,43.30
2013-04-18,45.40,45.72,45.28,45.61,2300800,43.27
2013-04-17,45.61,45.61,45.09,45.28,2760700,42.95
2013-04-16,45.34,45.84,44.93,45.80,2000300,43.45
2013-04-15,45.56,45.83,45.05,45.05,1896200,42.73
2013-04-12,45.31,45.74,45.13,45.72,2159100,43.37
2013-04-11,45.25,45.81,45.18,45.47,2450300,43.13
2013-04-10,44.84,45.39,44.77,45.18,2680600,42.86
2013-04-09,44.39,44.96,44.17,44.71,5059800,42.41
2013-04-08,44.25,44.41,43.79,44.40,2651300,42.12
2013-04-05,42.65,44.13,42.57,44.09,4861300,41.82
2013-04-04,42.04,43.05,42.03,43.03,2908800,40.82
2013-04-03,42.07,42.15,41.76,42.01,1801500,39.85
2013-04-02,42.07,42.26,41.90,42.05,1812400,39.89
2013-04-01,42.20,42.20,41.91,42.04,1316900,39.88
2013-03-28,41.63,42.21,41.56,42.20,2533000,40.03
2013-03-27,41.06,41.70,41.00,41.65,2130200,39.51
2013-03-26,40.92,41.26,40.89,41.25,2095600,39.13
2013-03-25,40.87,41.21,40.54,40.76,2456000,38.66
2013-03-22,41.46,41.49,40.73,40.85,3187700,38.75
2013-03-21,41.84,41.94,41.48,41.48,2597300,39.35
2013-03-20,41.69,42.09,41.69,41.95,5069000,39.79
2013-03-19,41.86,42.01,41.38,41.60,2911300,39.46
2013-03-18,41.79,42.05,41.68,41.75,2160400,39.60
2013-03-15,41.33,42.12,41.31,42.10,4426000,39.94
2013-03-14,41.40,41.68,41.18,41.68,3148500,39.54
2013-03-13,41.17,41.32,40.88,41.31,2488400,39.19
2013-03-12,41.22,41.32,40.99,41.17,2131300,39.05
2013-03-11,40.81,41.17,40.78,41.17,1902500,39.05
2013-03-08,40.80,41.00,40.64,40.90,2169000,38.80
2013-03-07,40.53,40.76,40.50,40.76,3045000,38.66
2013-03-06,40.15,40.50,39.98,40.50,2312200,38.42
2013-03-05,39.91,40.15,39.84,40.06,2069700,38.00
2013-03-04,39.51,39.96,39.40,39.86,1891000,37.81
2013-03-01,39.55,39.62,39.31,39.50,2955300,37.47
2013-02-28,39.51,39.75,39.15,39.48,3360600,37.45
2013-02-27,38.98,39.51,38.98,39.45,2565900,37.42
2013-02-26,39.55,39.63,38.26,38.90,6490600,36.90
2013-02-25,40.60,40.97,39.53,39.56,5605200,37.53
2013-02-22,40.08,40.54,40.01,40.54,3855700,38.46
2013-02-21,40.55,40.62,39.88,39.90,4271200,37.85
2013-02-20,40.96,41.30,40.49,40.56,6617500,38.47
2013-02-19,40.66,41.22,40.65,41.08,4146300,38.97
2013-02-15,40.55,40.63,40.34,40.57,1900100,38.48
2013-02-14,40.58,40.86,40.34,40.49,3441400,38.41
2013-02-13,40.58,40.86,40.57,40.68,3353400,38.59
2013-02-12,40.33,40.61,40.25,40.50,3786900,38.42
2013-02-11,40.18,40.28,39.86,40.25,5045900,38.18
2013-02-08,40.13,40.22,39.82,40.22,2337700,38.15
2013-02-07,39.92,40.40,39.87,40.15,4322900,38.09
2013-02-06,39.57,40.01,39.40,39.94,4166900,37.89
2013-02-05,39.56,39.85,39.47,39.57,3322200,37.54
2013-02-04,40.35,40.35,39.75,39.97,4008300,37.39
2013-02-01,40.63,40.77,40.31,40.49,3428000,37.88
2013-01-31,40.10,40.53,40.09,40.49,2679900,37.88
2013-01-30,40.48,40.64,40.02,40.22,4022800,37.63
2013-01-29,40.10,40.63,40.09,40.60,9126900,37.98
2013-01-28,40.43,40.43,39.95,40.09,8437600,37.51
2013-01-25,39.97,40.39,39.75,40.27,9158800,37.67
2013-01-24,39.37,39.99,39.37,39.92,3550300,37.35
2013-01-23,39.76,39.76,39.18,39.30,3657600,36.77
2013-01-22,39.57,39.98,39.41,39.90,3529200,37.33
2013-01-18,39.52,39.89,39.51,39.89,2485000,37.32
2013-01-17,39.49,39.68,39.20,39.41,2006500,36.87
2013-01-16,39.75,39.85,39.33,39.37,2820600,36.83
2013-01-15,39.49,39.92,39.37,39.87,3253800,37.30
2013-01-14,39.91,39.95,39.39,39.49,3108600,36.94
2013-01-11,39.74,40.03,39.50,39.89,4951900,37.32
2013-01-10,40.27,40.45,40.00,40.12,3606400,37.53
2013-01-09,41.33,41.36,40.01,40.22,5618700,37.63
2013-01-08,41.37,41.47,41.12,41.31,2204300,38.65
2013-01-07,41.93,41.93,41.44,41.49,1886000,38.82
2013-01-04,42.12,42.15,41.82,42.01,2636000,39.30
2013-01-03,41.97,42.29,41.87,42.04,2182600,39.33
2013-01-02,42.22,42.50,41.59,41.98,3738600,39.27
2012-12-31,41.19,41.82,40.85,41.76,2115200,39.07
2012-12-28,41.44,41.70,41.17,41.18,1509300,38.53
2012-12-27,41.60,41.75,40.97,41.65,2462600,38.97
2012-12-26,41.75,41.89,41.51,41.67,2058600,38.98
2012-12-24,41.63,41.81,41.41,41.75,1348900,39.06
2012-12-21,41.43,41.88,41.40,41.61,5178000,38.93
2012-12-20,41.58,41.76,41.27,41.54,2906800,38.86
2012-12-19,41.58,41.64,41.30,41.50,3631200,38.82
2012-12-18,40.96,41.57,40.80,41.51,2619800,38.83
2012-12-17,40.78,41.24,40.78,41.23,2003200,38.57
2012-12-14,40.67,40.78,40.47,40.76,2227400,38.13
2012-12-13,41.17,41.21,40.50,40.72,2293600,38.10
2012-12-12,41.52,41.81,41.19,41.20,2728400,38.54
2012-12-11,41.58,41.87,41.27,41.50,3037100,38.82
2012-12-10,41.37,41.55,41.12,41.55,2047500,38.87
2012-12-07,41.61,41.76,41.35,41.45,2772700,38.78
2012-12-06,42.05,42.16,41.52,41.56,3247000,38.88
2012-12-05,41.82,42.40,41.52,42.02,3541100,39.31
2012-12-04,42.30,42.43,41.67,41.71,2132000,39.02
2012-12-03,42.55,42.60,41.77,42.28,2628300,39.55
2012-11-30,42.52,42.87,42.33,42.46,3018800,39.72
2012-11-29,42.61,42.75,42.40,42.48,1651200,39.74
2012-11-28,41.99,42.51,41.70,42.50,1974600,39.76
2012-11-27,41.84,42.16,41.74,41.97,1871500,39.26
2012-11-26,41.00,42.04,41.00,41.77,2208900,39.08
2012-11-23,41.30,41.36,40.84,41.07,1099700,38.42
2012-11-21,41.49,41.63,40.71,41.20,2214600,38.54
2012-11-20,41.60,41.62,41.09,41.44,1806300,38.77
2012-11-19,41.67,41.71,41.17,41.56,2232200,38.88
2012-11-16,41.21,41.57,40.90,41.37,2810100,38.70
2012-11-15,41.31,41.62,40.76,41.16,3161300,38.51
2012-11-14,42.12,42.23,41.24,41.31,2160200,38.65
2012-11-13,41.69,42.40,41.58,42.10,1610900,39.39
2012-11-12,42.43,42.47,41.74,41.88,1317000,39.18
2012-11-09,42.73,43.04,42.40,42.48,1920400,39.74
2012-11-08,42.40,43.42,42.40,42.91,3080800,40.14
2012-11-07,42.94,42.94,42.11,42.30,2492800,39.57
2012-11-06,42.60,43.31,42.55,43.20,2804800,40.42
2012-11-05,43.73,43.75,42.46,42.55,3349800,39.81
2012-11-02,45.19,45.24,44.41,44.46,2420700,41.08
2012-11-01,45.64,45.76,44.87,44.91,2638500,41.50
2012-10-31,45.73,46.37,45.62,45.72,2764200,42.24
2012-10-26,45.95,46.04,45.59,45.63,6228500,42.16
2012-10-25,45.70,45.89,45.52,45.89,6088900,42.40
2012-10-24,45.53,45.70,45.36,45.42,1671300,41.97
2012-10-23,45.53,45.72,45.40,45.53,1442900,42.07
2012-10-22,45.86,46.06,45.51,45.84,2297200,42.35
2012-10-19,46.39,46.55,45.79,45.98,2318300,42.48
2012-10-18,45.78,46.28,45.64,46.28,1366000,42.76
2012-10-17,45.50,45.93,45.29,45.78,1503100,42.30
2012-10-16,44.71,45.46,44.71,45.46,1767100,42.00
2012-10-15,44.88,45.11,44.43,45.11,1473100,41.68
2012-10-12,45.31,45.43,44.72,44.91,1114900,41.50
2012-10-11,44.83,45.56,44.48,45.20,2097800,41.76
2012-10-10,44.96,45.00,44.57,44.63,1734600,41.24
2012-10-09,44.71,45.01,44.51,44.94,1494700,41.52
2012-10-08,44.73,44.96,44.51,44.72,1548800,41.32
2012-10-05,44.96,45.00,44.73,44.82,1955800,41.41
2012-10-04,44.79,45.06,44.72,44.87,1931000,41.46
2012-10-03,44.30,44.72,44.25,44.71,1583300,41.31
2012-10-02,44.29,44.35,43.99,44.30,1446400,40.93
2012-10-01,44.27,44.41,43.96,44.06,2191400,40.71
2012-09-28,44.06,44.23,43.80,44.10,1648100,40.75
2012-09-27,44.44,44.48,44.06,44.06,1739700,40.71
2012-09-26,44.36,44.74,44.32,44.42,1419000,41.04
2012-09-25,44.50,44.76,44.30,44.30,1844100,40.93
2012-09-24,44.18,44.55,44.00,44.40,2092200,41.02
2012-09-21,44.25,44.25,43.63,44.19,3501100,40.83
2012-09-20,43.33,44.30,43.33,44.19,2831600,40.83
2012-09-19,43.58,43.65,43.17,43.54,2125000,40.23
2012-09-18,43.28,43.42,43.02,43.30,1780100,40.01
2012-09-17,43.29,43.61,43.16,43.28,2139300,39.99
2012-09-14,43.72,43.79,42.97,43.28,5165400,39.99
2012-09-13,42.55,43.74,42.51,43.73,3634000,40.40
2012-09-12,42.66,42.69,42.05,42.62,2456700,39.38
2012-09-11,42.86,42.86,42.59,42.69,1837500,39.44
2012-09-10,43.24,43.24,42.79,42.84,1785100,39.58
2012-09-07,43.36,43.46,42.97,43.12,2045500,39.84
2012-09-06,43.00,43.42,42.96,43.35,2565500,40.05
2012-09-05,43.49,43.61,42.63,42.78,3771600,39.53
2012-09-04,43.74,43.89,43.49,43.49,2323700,40.18
2012-08-31,43.82,43.93,43.66,43.70,2164800,40.38
2012-08-30,43.97,44.00,43.74,43.74,2572300,40.41
2012-08-29,44.43,44.58,43.87,43.99,2775100,40.65
2012-08-28,44.56,44.68,44.21,44.36,2000900,40.99
2012-08-27,44.75,44.92,44.54,44.66,2215100,41.26
2012-08-24,44.83,45.10,44.65,44.74,3299000,41.34
2012-08-23,45.67,45.67,44.82,44.87,2420200,41.46
2012-08-22,45.74,45.90,45.48,45.66,1319900,42.19
2012-08-21,45.85,46.10,45.53,45.75,1708800,42.27
2012-08-20,45.71,46.06,45.71,45.99,1432300,42.49
2012-08-17,45.97,46.02,45.64,45.87,2026200,42.38
2012-08-16,46.19,46.27,45.93,45.98,1831300,42.48
2012-08-15,46.12,46.28,45.85,46.10,2047100,42.59
2012-08-14,45.71,46.28,45.64,46.12,3350900,42.61
2012-08-13,45.75,46.00,45.58,45.85,2081100,42.36
2012-08-10,45.75,45.88,45.50,45.85,3101200,42.36
2012-08-09,45.61,46.05,45.37,45.80,3143800,42.32
2012-08-08,45.87,46.68,45.56,45.89,6836800,42.40
2012-08-07,49.86,50.26,46.08,46.14,7975400,42.63
2012-08-06,49.68,50.11,49.27,49.32,1524000,45.57
2012-08-03,49.20,49.63,49.01,49.51,1588200,45.75
2012-08-02,49.91,49.95,49.01,49.45,2747700,45.18
2012-08-01,50.44,51.14,50.10,50.14,1739800,45.81
2012-07-31,50.86,50.95,50.20,50.22,1923100,45.89
2012-07-30,50.45,50.92,50.14,50.87,1721700,46.48
2012-07-27,50.00,50.50,49.83,50.45,1671500,46.10
2012-07-26,49.34,49.73,49.13,49.70,1406400,45.41
2012-07-25,49.41,49.56,48.79,48.84,1940400,44.62
2012-07-24,49.66,49.83,49.18,49.40,2479700,45.14
2012-07-23,50.12,50.32,49.73,49.90,5339400,45.59
2012-07-20,50.15,50.65,50.02,50.37,6116300,46.02
2012-07-19,49.84,50.33,49.70,50.26,2349600,45.92
2012-07-18,49.37,49.80,49.06,49.75,2485300,45.46
2012-07-17,49.69,49.76,49.14,49.49,1462300,45.22
2012-07-16,49.26,49.70,49.11,49.63,1595800,45.35
2012-07-13,49.09,49.49,49.01,49.34,1682100,45.08
2012-07-12,48.86,49.28,48.78,49.08,1420000,44.84
2012-07-11,48.51,49.20,48.51,48.97,2060700,44.74
2012-07-10,49.09,49.28,48.81,48.89,1755800,44.67
2012-07-09,49.17,49.42,48.69,48.95,1431200,44.72
2012-07-06,49.11,49.33,48.89,49.18,1696100,44.94
2012-07-05,49.57,49.80,49.20,49.42,1705200,45.15
2012-07-03,49.90,49.90,49.54,49.84,1049100,45.54
2012-07-02,49.42,49.93,49.26,49.90,2242700,45.59
2012-06-29,48.97,49.28,48.87,49.19,1901600,44.94
2012-06-28,48.23,48.54,48.00,48.48,1751000,44.30
2012-06-27,47.92,48.56,47.92,48.42,1278100,44.24
2012-06-26,47.96,48.01,47.57,47.77,1656500,43.65
2012-06-25,47.90,47.98,47.56,47.86,1873100,43.73
2012-06-22,48.39,48.41,48.10,48.12,2395200,43.97
2012-06-21,48.76,48.89,48.12,48.14,3196900,43.98
2012-06-20,49.12,49.24,48.45,48.52,2880600,44.33
2012-06-19,48.87,49.46,48.85,49.20,2662400,44.95
2012-06-18,48.44,48.95,48.40,48.81,2059800,44.60
2012-06-15,48.15,48.49,48.03,48.49,2931800,44.30
2012-06-14,47.50,48.12,47.35,48.04,1785000,43.89
2012-06-13,47.67,47.74,47.28,47.46,1656200,43.36
2012-06-12,47.76,47.92,47.29,47.69,1217300,43.57
2012-06-11,48.01,48.30,47.75,47.78,1480500,43.66
2012-06-08,47.51,47.87,47.32,47.86,1873300,43.73
2012-06-07,48.05,48.07,47.16,47.63,6429700,43.52
2012-06-06,47.16,47.78,46.93,47.78,5200000,43.66
2012-06-05,46.70,47.31,46.59,47.08,2049400,43.02
2012-06-04,46.65,46.88,46.42,46.80,1787600,42.76
2012-06-01,46.52,46.83,46.43,46.51,2250000,42.50
2012-05-31,46.45,47.01,46.35,46.79,2504500,42.75
2012-05-30,46.53,46.83,46.32,46.35,2832000,42.35
2012-05-29,46.99,47.04,46.64,46.81,2991900,42.77
2012-05-25,47.03,47.37,46.77,46.85,3770000,42.81
2012-05-24,46.81,47.40,46.72,47.17,4094400,43.10
2012-05-23,46.67,47.26,46.50,46.76,4000000,42.72
2012-05-22,47.75,48.17,47.64,47.70,3673900,43.58
2012-05-21,48.00,48.00,47.56,47.69,3099800,43.57
2012-05-18,47.77,47.93,47.64,47.80,4275900,43.67
2012-05-17,47.86,47.91,47.58,47.71,2571100,43.59
2012-05-16,47.90,47.95,47.63,47.81,3715500,43.68
2012-05-15,47.86,47.97,47.68,47.87,2832700,43.74
2012-05-14,47.60,47.98,47.57,47.91,2880900,43.77
2012-05-11,47.56,47.99,47.48,47.81,2435300,43.68
2012-05-10,47.33,47.74,47.20,47.60,3730800,43.49
2012-05-09,46.85,47.37,46.68,47.11,2922500,43.04
2012-05-08,46.79,47.11,46.61,47.04,2960100,42.98
2012-05-07,46.84,47.17,46.75,46.98,2815700,42.93
2012-05-04,46.80,47.15,46.65,46.97,3073500,42.92
2012-05-03,46.49,46.83,46.29,46.80,3514800,42.76
2012-05-02,47.36,47.52,47.05,47.16,2607600,42.59
2012-05-01,46.75,47.52,46.62,47.39,2851800,42.79
2012-04-30,46.86,47.01,46.72,46.82,7866100,42.28
2012-04-27,46.90,47.12,46.67,47.01,9012300,42.45
2012-04-26,46.32,46.88,46.25,46.75,9360900,42.22
2012-04-25,46.10,46.46,45.84,46.46,2972400,41.95
2012-04-24,45.58,46.03,45.58,45.93,2490200,41.48
2012-04-23,45.82,45.99,45.40,45.60,2601400,41.18
2012-04-20,45.41,46.00,45.38,45.75,2468100,41.31
2012-04-19,45.73,45.73,45.20,45.42,2474400,41.02
2012-04-18,45.62,45.99,45.44,45.76,1799200,41.32
2012-04-17,45.65,45.82,45.11,45.80,2086700,41.36
2012-04-16,45.32,45.68,44.92,45.42,5386500,41.02
2012-04-13,45.19,45.50,44.90,44.94,1949500,40.58
2012-04-12,45.01,45.21,44.69,45.20,2243900,40.82
2012-04-11,45.25,45.28,44.90,45.02,3112900,40.65
2012-04-10,45.55,45.55,44.64,44.92,3182800,40.56
2012-04-09,45.56,45.80,45.45,45.60,2933700,41.18
2012-04-05,45.88,46.04,45.69,45.96,3366800,41.50
2012-04-04,45.73,46.43,45.67,46.06,3245900,41.59
2012-04-03,45.87,45.95,45.45,45.79,2034500,41.35
2012-04-02,45.28,45.90,45.26,45.80,2396500,41.36
2012-03-30,45.60,45.80,45.41,45.59,2643100,41.17
2012-03-29,44.90,46.59,44.39,45.48,3733300,41.07
2012-03-28,45.36,45.56,44.85,45.12,3035400,40.74
2012-03-27,45.10,45.45,44.90,45.30,3156400,40.91
2012-03-26,44.91,45.19,44.69,45.06,2485100,40.69
2012-03-23,44.69,44.95,44.64,44.72,3695500,40.38
2012-03-22,44.01,44.69,44.01,44.62,2772400,40.29
2012-03-21,44.35,44.35,44.04,44.13,1321800,39.85
2012-03-20,43.95,44.33,43.79,44.20,1512800,39.91
2012-03-19,44.43,44.64,44.08,44.09,1978100,39.81
2012-03-16,44.40,44.64,44.21,44.50,2456700,40.18
2012-03-15,44.42,44.53,44.11,44.42,1530100,40.11
2012-03-14,45.06,45.09,44.34,44.49,2069600,40.18
2012-03-13,45.09,45.17,44.57,44.98,1921500,40.62
2012-03-12,44.60,45.15,44.52,45.12,1999200,40.74
2012-03-09,44.48,44.76,44.27,44.71,1598400,40.37
2012-03-08,44.77,44.78,44.33,44.46,2197600,40.15
2012-03-07,44.62,44.79,44.17,44.65,2815700,40.32
2012-03-06,44.38,44.75,44.07,44.71,2486800,40.37
2012-03-05,44.67,44.80,44.36,44.71,1872900,40.37
2012-03-02,44.40,44.65,44.15,44.48,1733200,40.17
2012-03-01,44.40,44.51,43.98,44.34,2991500,40.04
2012-02-29,43.61,44.57,43.61,44.29,4208900,40.00
2012-02-28,43.80,43.97,43.15,43.81,2722500,39.56
2012-02-27,44.00,44.16,43.73,43.83,2304000,39.58
2012-02-24,44.10,44.34,43.99,44.07,4741400,39.80
2012-02-23,43.81,44.28,43.71,44.00,2962600,39.73
2012-02-22,43.46,44.01,43.38,43.75,2098600,39.51
2012-02-21,43.40,43.69,43.26,43.40,2049300,39.19
2012-02-17,43.85,43.85,43.22,43.38,1929400,39.17
2012-02-16,42.88,43.78,42.88,43.53,2290000,39.31
2012-02-15,43.14,43.23,42.62,42.76,1614900,38.61
2012-02-14,42.89,43.17,42.75,43.16,1731600,38.97
2012-02-13,42.86,43.26,42.82,43.03,2204200,38.86
2012-02-10,42.55,42.72,42.20,42.65,2334000,38.51
2012-02-09,43.00,43.00,42.40,42.67,1872100,38.53
2012-02-08,43.25,43.41,42.50,42.94,2793500,38.78
2012-02-07,43.14,43.34,42.87,43.24,2313500,39.05
2012-02-06,43.40,43.48,43.06,43.25,2421500,39.06
2012-02-03,43.85,43.85,42.97,43.53,3838400,39.31
2012-02-02,43.75,45.13,43.52,43.95,9397600,39.19
2012-02-01,42.21,42.70,42.13,42.55,3943700,37.94
2012-01-31,42.39,42.39,41.75,42.22,3583600,37.65
2012-01-30,42.16,42.36,41.84,42.15,11144200,37.59
2012-01-27,42.72,42.74,41.80,42.26,10993100,37.68
2012-01-26,42.19,42.99,42.07,42.72,12737000,38.09
2012-01-25,41.04,42.15,40.37,42.13,5385800,37.57
2012-01-24,41.89,41.89,41.20,41.27,2932400,36.80
2012-01-23,41.62,42.27,41.58,42.01,4056100,37.46
2012-01-20,41.22,41.53,41.05,41.53,2494200,37.03
2012-01-19,42.00,42.05,41.08,41.14,3743100,36.69
2012-01-18,42.02,42.12,41.70,41.97,3108700,37.43
2012-01-17,42.49,42.66,41.91,41.99,3281900,37.44
2012-01-13,42.04,42.18,41.81,42.17,3131300,37.60
2012-01-12,42.16,42.29,41.92,42.20,2506200,37.63
2012-01-11,42.18,42.30,42.00,42.00,2572900,37.45
2012-01-10,42.48,42.67,42.25,42.38,2895500,37.79
2012-01-09,42.32,42.51,42.05,42.40,5642400,37.81
2012-01-06,42.17,42.29,41.99,42.21,2628600,37.64
2012-01-05,42.15,42.26,41.91,42.06,3784800,37.51
2012-01-04,42.77,42.77,41.96,42.19,4496500,37.62
2012-01-03,44.67,44.74,42.52,42.81,5298900,38.17
2011-12-30,45.00,45.09,44.27,44.30,1676700,39.50
2011-12-29,44.83,45.16,44.79,45.13,1387800,40.24
2011-12-28,44.87,45.00,44.70,44.76,1639100,39.91
2011-12-27,44.41,44.95,44.38,44.83,1269300,39.98
2011-12-23,44.51,44.78,44.34,44.38,1794600,39.57
2011-12-22,44.50,44.50,44.12,44.29,1585200,39.49
2011-12-21,43.51,44.43,43.46,44.31,2812000,39.51
2011-12-20,42.98,43.45,42.84,43.37,2861600,38.67
2011-12-19,43.67,43.87,42.34,42.48,3526900,37.88
2011-12-16,44.40,44.49,43.31,43.43,6010500,38.73
2011-12-15,44.20,44.51,43.98,44.31,1990100,39.51
2011-12-14,44.47,44.56,43.85,43.92,2418400,39.16
2011-12-13,44.35,44.81,44.15,44.49,2442600,39.67
2011-12-12,44.60,44.71,43.76,44.16,2058500,39.38
2011-12-09,44.55,44.84,44.17,44.77,1854500,39.92
2011-12-08,45.14,45.25,44.32,44.41,2196700,39.60
2011-12-07,45.00,45.37,44.78,45.21,2093900,40.32
2011-12-06,44.83,45.24,44.74,45.04,1653400,40.16
2011-12-05,44.76,45.24,44.34,44.63,1854200,39.80
2011-12-02,45.00,45.04,44.25,44.29,2783900,39.49
2011-12-01,44.50,44.88,44.17,44.69,2046200,39.85
2011-11-30,44.51,44.80,44.00,44.47,3581300,39.66
2011-11-29,42.83,43.31,42.82,43.24,2247600,38.56
2011-11-28,42.83,43.14,42.51,42.75,2717600,38.12
2011-11-25,41.84,42.20,41.80,41.94,897100,37.40
2011-11-23,42.45,42.45,41.55,41.86,2612500,37.33
2011-11-22,43.51,43.56,42.66,42.69,2623900,38.07
2011-11-21,43.93,43.93,43.37,43.54,2448500,38.83
2011-11-18,44.20,44.57,44.06,44.28,2162600,39.49
2011-11-17,44.76,44.81,43.68,43.87,3583200,39.12
2011-11-16,44.94,45.30,44.71,44.76,2563800,39.91
2011-11-15,44.72,45.63,44.71,45.51,2193200,40.58
2011-11-14,45.23,45.27,44.68,44.72,4722100,39.88
2011-11-11,45.01,45.52,45.01,45.45,1684100,40.53
2011-11-10,45.42,45.42,44.63,44.75,2472100,39.90
2011-11-09,45.44,45.46,44.62,44.74,2242400,39.90
2011-11-08,45.63,46.00,45.17,46.00,2032900,41.02
2011-11-07,45.54,45.70,45.08,45.67,1404700,40.73
2011-11-04,45.58,45.72,44.71,45.51,2314500,40.58
2011-11-03,45.07,45.94,44.95,45.76,2984000,40.81
2011-11-02,45.54,46.10,45.42,45.77,3891600,40.32
2011-11-01,44.40,45.40,44.00,44.97,3663900,39.62
2011-10-31,44.91,45.73,44.87,44.96,2976400,39.61
2011-10-28,45.54,45.54,44.72,45.41,3273700,40.01
2011-10-27,45.57,45.96,45.35,45.62,3153900,40.19
2011-10-26,45.41,45.57,44.55,44.65,3203900,39.34
2011-10-25,45.37,45.55,44.88,44.92,2240900,39.58
2011-10-24,45.76,45.96,45.40,45.58,9958400,40.16
2011-10-21,45.30,45.90,45.26,45.86,10210500,40.40
2011-10-20,45.13,45.41,44.74,45.06,9336700,39.70
2011-10-19,44.28,45.31,44.27,45.06,3480900,39.70
2011-10-18,44.15,44.50,43.64,44.31,2079400,39.04
2011-10-17,44.28,44.57,43.96,44.08,1907500,38.84
2011-10-14,44.07,44.49,43.83,44.30,2316800,39.03
2011-10-13,44.71,44.72,42.77,43.76,6971000,38.55
2011-10-12,44.99,45.43,44.66,45.04,1632100,39.68
2011-10-11,45.22,45.24,44.61,44.89,2153400,39.55
2011-10-10,44.89,45.35,44.73,45.33,1578500,39.94
2011-10-07,43.91,44.69,43.81,44.29,2666600,39.02
2011-10-06,43.29,43.71,42.92,43.69,3252400,38.49
2011-10-05,43.87,44.01,42.80,43.40,3242800,38.24
2011-10-04,43.30,43.69,42.25,43.62,3303900,38.43
2011-10-03,44.57,45.31,43.44,43.61,3039500,38.42
2011-09-30,45.17,45.56,44.90,44.91,2783200,39.57
2011-09-29,45.54,45.55,44.86,45.41,5052800,40.01
2011-09-28,45.17,45.56,44.65,44.80,2447000,39.47
2011-09-27,45.74,45.95,44.89,45.10,2857400,39.73
2011-09-26,45.42,45.50,44.80,45.34,2223000,39.95
2011-09-23,43.92,45.39,43.92,45.12,2840200,39.75
2011-09-22,44.33,44.65,43.86,44.48,3570700,39.19
2011-09-21,45.90,46.33,45.30,45.32,2504900,39.93
2011-09-20,45.09,46.51,44.89,46.02,2731200,40.54
2011-09-19,44.78,45.07,44.46,44.93,1814700,39.58
2011-09-16,45.06,45.48,44.75,45.43,2887700,40.02
2011-09-15,44.42,44.95,44.22,44.80,1518000,39.47
2011-09-14,43.58,44.48,43.24,44.11,2067100,38.86
2011-09-13,43.32,43.62,42.80,43.54,1835000,38.36
2011-09-12,42.24,43.22,42.23,43.22,2366900,38.08
2011-09-09,43.54,43.54,42.49,42.71,2996300,37.63
2011-09-08,43.28,44.30,43.26,43.97,2297400,38.74
2011-09-07,43.41,43.76,43.12,43.50,3473400,38.32
2011-09-06,42.12,42.94,41.72,42.91,2452300,37.80
2011-09-02,43.38,43.57,42.98,43.02,1846600,37.90
2011-09-01,44.27,44.46,43.88,43.93,2738700,38.70
2011-08-31,44.01,44.31,43.97,44.25,4045700,38.98
2011-08-30,43.31,44.05,43.31,43.85,2990700,38.63
2011-08-29,43.03,43.65,42.94,43.58,2700400,38.39
2011-08-26,42.44,42.80,41.47,42.53,2133200,37.47
2011-08-25,43.73,43.73,42.51,42.73,2566800,37.65
2011-08-24,43.01,43.75,42.61,43.53,3508600,38.35
2011-08-23,41.54,42.54,41.14,42.53,3497700,37.47
2011-08-22,42.32,42.47,41.19,41.35,3018200,36.43
2011-08-19,41.79,42.20,41.41,41.75,3249300,36.78
2011-08-18,42.16,42.46,41.66,42.14,3370500,37.13
2011-08-17,42.68,43.45,42.66,43.06,2146700,37.94
2011-08-16,42.28,42.76,42.17,42.56,2479900,37.50
2011-08-15,41.57,42.80,41.45,42.77,3515500,37.68
2011-08-12,41.88,42.33,41.05,41.31,3092700,36.39
2011-08-11,39.99,42.30,39.91,41.81,3880100,36.84
2011-08-10,40.24,40.95,39.57,39.69,5418100,34.97
2011-08-09,39.61,40.89,38.77,40.83,6319100,35.97
2011-08-08,40.54,40.91,38.98,39.19,8862400,34.53
2011-08-05,41.53,41.59,40.21,41.36,5748200,36.44
2011-08-04,42.99,43.32,41.24,41.30,4536400,36.39
2011-08-03,43.41,43.61,42.83,43.47,3173400,38.30
2011-08-02,44.75,44.94,44.12,44.12,5802700,38.39
2011-08-01,44.85,45.02,44.59,44.83,6562000,39.00
2011-07-29,44.62,45.17,44.36,44.65,8518400,38.85
2011-07-28,45.15,45.21,44.76,44.90,8322200,39.06
2011-07-27,45.13,45.46,44.98,45.13,2332100,39.26
2011-07-26,45.37,45.50,45.04,45.35,2053400,39.46
2011-07-25,44.53,45.49,44.41,45.34,3856100,39.45
2011-07-22,44.46,44.48,44.13,44.36,1710700,38.59
2011-07-21,44.19,44.68,44.01,44.53,2466600,38.74
2011-07-20,43.25,43.71,43.03,43.43,1398000,37.79
2011-07-19,42.92,43.18,42.56,43.09,1753500,37.49
2011-07-18,43.10,43.25,42.78,42.88,1667200,37.31
2011-07-15,43.49,43.57,43.02,43.28,2690200,37.65
2011-07-14,43.73,43.91,43.32,43.38,2147300,37.74
2011-07-13,44.11,44.25,43.65,43.73,1945700,38.05
2011-07-12,43.91,44.35,43.82,43.90,2817600,38.19
2011-07-11,44.20,44.27,43.84,44.08,1763400,38.35
2011-07-08,44.39,44.67,44.19,44.64,1757400,38.84
2011-07-07,44.44,44.79,44.27,44.66,1916900,38.86
2011-07-06,44.06,44.37,43.89,44.18,1371000,38.44
2011-07-05,44.42,44.42,43.88,44.09,1974800,38.36
2011-07-01,44.01,44.69,43.86,44.63,1893700,38.83
2011-06-30,43.98,44.25,43.66,44.15,1709800,38.41
2011-06-29,43.56,44.08,43.40,43.95,2134700,38.24
2011-06-28,43.33,43.54,43.13,43.48,1835200,37.83
2011-06-27,43.11,43.56,43.08,43.25,1709400,37.63
2011-06-24,43.31,43.60,42.85,43.05,5956900,37.45
2011-06-23,43.53,43.62,42.82,43.30,2474100,37.67
2011-06-22,44.08,44.35,43.74,43.90,1961800,38.19
2011-06-21,44.27,44.74,43.97,44.21,6006600,38.46
2011-06-20,43.71,44.17,43.45,44.16,2006700,38.42
2011-06-17,43.70,44.14,43.54,43.74,3104300,38.06
2011-06-16,43.02,43.77,43.02,43.41,2532000,37.77
2011-06-15,43.50,43.81,42.73,43.02,2894400,37.43
2011-06-14,44.19,44.19,43.59,43.80,3189900,38.11
2011-06-13,43.36,43.38,42.90,42.95,2700800,37.37
2011-06-10,43.51,43.54,43.09,43.21,2262600,37.59
2011-06-09,43.44,43.94,43.14,43.75,2330600,38.06
2011-06-08,43.44,43.61,43.03,43.35,3054600,37.72
2011-06-07,43.48,43.90,43.35,43.36,1986900,37.72
2011-06-06,43.54,43.63,43.12,43.33,1864000,37.70
2011-06-03,43.45,43.76,42.93,43.67,5242800,37.99
2011-06-02,44.11,44.12,43.53,43.73,3100400,38.05
2011-06-01,44.54,44.56,44.00,44.00,2890500,38.28
2011-05-31,44.57,44.75,44.30,44.62,2429200,38.82
2011-05-27,44.46,44.89,44.23,44.35,1654600,38.59
2011-05-26,44.40,44.41,43.78,44.29,2479000,38.53
2011-05-25,44.04,44.90,43.89,44.57,3156100,38.78
2011-05-24,44.19,44.83,43.99,44.44,2276000,38.66
2011-05-23,44.36,44.74,43.86,43.98,3444500,38.26
2011-05-20,44.75,44.93,44.48,44.76,3501000,38.94
2011-05-19,44.86,45.00,44.63,44.80,3419500,38.98
2011-05-18,45.42,45.48,44.44,44.87,4703200,39.04
2011-05-17,44.26,45.63,44.23,45.54,6432900,39.62
2011-05-16,44.70,45.80,44.35,44.48,9940000,38.70
2011-05-13,43.44,43.55,42.45,42.53,6163600,37.00
2011-05-12,42.50,43.61,42.50,43.56,4687900,37.90
2011-05-11,42.78,42.80,42.29,42.61,3377100,37.07
2011-05-10,42.02,43.36,42.02,42.82,8564400,37.25
2011-05-09,41.62,41.75,41.20,41.58,2537600,36.18
2011-05-06,41.52,41.95,41.41,41.58,3174300,36.18
2011-05-05,41.59,41.70,41.10,41.24,3981400,35.88
2011-05-04,41.61,42.13,41.36,41.85,5178400,36.41
2011-05-03,41.50,42.10,40.80,42.02,8954200,36.08
2011-05-02,40.10,40.15,39.54,39.62,4504200,34.02
2011-04-29,39.81,40.04,39.52,39.96,3062500,34.31
2011-04-28,39.61,39.89,39.38,39.81,1885700,34.18
2011-04-27,39.40,39.73,39.20,39.61,2150200,34.01
2011-04-26,38.99,39.50,38.92,39.38,2900000,33.81
2011-04-25,38.82,39.05,38.71,38.71,2543500,33.24
2011-04-21,39.00,39.19,38.80,38.88,1361600,33.38
2011-04-20,38.70,39.08,38.58,38.89,2384400,33.39
2011-04-19,38.15,38.75,38.10,38.52,3012400,33.07
2011-04-18,38.00,38.50,37.90,38.12,2084000,32.73
2011-04-15,38.37,38.78,38.34,38.40,3296500,32.97
2011-04-14,37.68,38.20,37.57,38.11,3858100,32.72
2011-04-13,37.19,37.75,37.05,37.72,4420500,32.39
2011-04-12,36.58,37.05,36.50,37.00,3890200,31.77
2011-04-11,37.13,37.18,36.57,36.76,4522600,31.56
2011-04-08,37.13,37.24,36.89,37.13,2042000,31.88
2011-04-07,37.18,37.18,36.85,37.16,2032100,31.91
2011-04-06,36.82,37.33,36.72,37.28,2363800,32.01
2011-04-05,37.02,37.12,36.74,36.77,1898200,31.57
2011-04-04,37.26,37.36,36.88,37.11,1952000,31.86
2011-04-01,37.19,37.44,37.08,37.25,1951900,31.98
2011-03-31,37.12,37.21,36.75,37.09,2503100,31.85
2011-03-30,36.63,37.39,36.60,37.12,3396700,31.87
2011-03-29,36.30,36.57,36.17,36.45,3659800,31.30
2011-03-28,36.66,36.70,36.25,36.25,3564500,31.13
2011-03-25,36.67,36.70,36.47,36.54,3109000,31.37
2011-03-24,36.83,36.95,36.51,36.58,2785600,31.41
2011-03-23,36.74,36.86,36.56,36.71,2248500,31.52
2011-03-22,36.82,37.05,36.52,36.81,4174200,31.61
2011-03-21,36.89,37.06,36.58,36.79,3499300,31.59
2011-03-18,36.86,37.02,36.41,36.52,4065400,31.36
2011-03-17,37.01,37.02,36.11,36.56,4387400,31.39
2011-03-16,37.23,37.37,36.33,36.59,5191900,31.42
2011-03-15,37.64,37.91,37.22,37.23,4395200,31.97
2011-03-14,38.16,38.54,37.79,38.32,3357200,32.90
2011-03-11,38.12,38.68,38.12,38.45,3317800,33.01
2011-03-10,38.37,39.10,38.27,38.32,3786400,32.90
2011-03-09,37.56,38.79,37.52,38.67,5882200,33.20
2011-03-08,37.33,37.71,37.27,37.49,2654700,32.19
2011-03-07,37.03,37.57,37.03,37.27,3072500,32.00
2011-03-04,37.11,37.12,36.47,37.01,5844000,31.78
2011-03-03,37.62,37.74,36.74,37.11,7635800,31.86
2011-03-02,37.47,37.53,37.03,37.32,4038300,32.04
2011-03-01,38.37,38.39,37.56,37.57,4104800,32.26
2011-02-28,37.75,38.63,37.45,38.30,4062900,32.86
2011-02-25,38.35,38.43,37.75,37.75,6562600,31.94
2011-02-24,38.16,38.54,37.75,38.16,4568200,32.29
2011-02-23,38.23,38.51,38.00,38.07,3157600,32.21
2011-02-22,37.59,38.63,37.59,38.21,4166700,32.33
2011-02-18,38.26,38.31,37.78,37.90,3591800,32.07
2011-02-17,38.39,38.48,38.05,38.27,3709800,32.38
2011-02-16,38.75,39.20,38.05,38.42,5245600,32.51
2011-02-15,39.02,39.47,38.78,39.20,2327400,33.17
2011-02-14,39.81,39.88,38.85,38.99,3401000,32.99
2011-02-11,40.18,40.26,39.57,39.74,3847400,33.63
2011-02-10,39.79,40.32,39.67,40.30,3231600,34.10
2011-02-09,39.77,39.95,39.64,39.93,2817700,33.79
2011-02-08,39.95,39.98,39.72,39.93,1354500,33.79
2011-02-07,39.71,40.00,39.60,39.92,1921000,33.78
2011-02-04,40.20,40.20,39.45,39.63,4147800,33.53
2011-02-03,40.23,40.45,39.53,40.10,10156500,33.93
2011-02-02,39.57,40.80,39.57,40.62,5828000,33.91
2011-02-01,39.31,39.83,39.17,39.74,9415500,33.17
2011-01-31,38.87,39.25,38.83,39.12,3309700,32.65
2011-01-28,39.52,39.93,38.77,38.77,2836700,32.36
2011-01-27,38.99,39.60,38.85,39.49,3143800,32.96
2011-01-26,39.10,39.28,38.63,38.93,4629700,32.49
2011-01-25,39.42,39.44,38.72,38.98,3628400,32.54
2011-01-24,39.50,39.81,39.39,39.43,2566800,32.91
2011-01-21,39.46,39.64,39.30,39.57,2848900,33.03
2011-01-20,38.83,39.45,38.83,39.40,4235500,32.89
2011-01-19,38.69,38.90,38.67,38.82,2420800,32.40
2011-01-18,38.47,38.89,38.35,38.76,2519600,32.35
2011-01-14,38.26,38.62,38.17,38.60,1917000,32.22
2011-01-13,38.28,38.47,38.16,38.36,4186500,32.02
2011-01-12,38.25,38.52,38.18,38.28,2764800,31.95
2011-01-11,38.34,38.34,37.92,38.07,3661600,31.78
2011-01-10,38.10,38.26,37.85,38.25,8646300,31.93
2011-01-07,38.18,38.44,37.95,38.25,6933800,31.93
2011-01-06,37.94,38.16,37.66,38.16,6964600,31.85
2011-01-05,37.77,38.12,37.66,38.02,2783800,31.74
2011-01-04,37.67,37.98,37.21,37.89,2582900,31.63
2011-01-03,37.26,37.82,37.14,37.66,2439200,31.43
2010-12-31,37.20,37.28,37.00,37.02,2019700,30.90
2010-12-30,37.27,37.35,37.06,37.25,1508200,31.09
2010-12-29,37.48,37.49,37.28,37.30,1468500,31.13
2010-12-28,37.27,37.48,37.12,37.37,1804700,31.19
2010-12-27,36.97,37.32,36.80,37.25,1611600,31.09
2010-12-23,36.87,37.19,36.76,37.04,1854200,30.92
2010-12-22,36.67,36.91,36.54,36.86,2258100,30.77
2010-12-21,36.60,36.78,36.48,36.63,2734200,30.57
2010-12-20,36.42,36.70,36.30,36.50,2707000,30.47
2010-12-17,35.98,36.31,35.86,36.28,4119700,30.28
2010-12-16,35.83,36.02,35.63,36.02,4607400,30.07
2010-12-15,36.00,36.10,35.62,35.84,3701800,29.92
2010-12-14,35.88,36.18,35.76,36.01,4330300,30.06
2010-12-13,35.80,35.88,35.66,35.73,3881000,29.82
2010-12-10,35.70,35.77,35.55,35.65,2371000,29.76
2010-12-09,35.71,35.82,35.55,35.60,2519800,29.72
2010-12-08,35.66,35.81,35.56,35.65,3172200,29.76
2010-12-07,35.60,36.16,35.54,35.56,3659200,29.68
2010-12-06,35.65,35.72,35.45,35.45,2304300,29.59
2010-12-03,35.54,35.84,35.37,35.63,6350400,29.74
2010-12-02,35.30,35.71,35.11,35.66,3497900,29.77
2010-12-01,35.56,35.63,35.15,35.20,3319000,29.38
2010-11-30,35.23,35.53,35.09,35.11,3678000,29.31
2010-11-29,35.18,35.44,35.02,35.36,2158600,29.51
2010-11-26,35.24,35.61,35.12,35.23,1241300,29.41
2010-11-24,35.60,35.74,35.15,35.35,3457300,29.51
2010-11-23,35.82,35.82,35.29,35.40,3134300,29.55
2010-11-22,36.01,36.07,35.53,35.95,2870900,30.01
2010-11-19,35.94,36.25,35.58,36.25,3270700,30.26
2010-11-18,36.11,36.12,35.75,36.03,2846200,30.07
2010-11-17,35.30,35.77,35.28,35.70,3006100,29.80
2010-11-16,35.44,35.46,35.00,35.17,3619900,29.36
2010-11-15,35.62,35.82,35.49,35.49,2393100,29.62
2010-11-12,35.63,35.66,35.18,35.37,2521000,29.52
2010-11-11,35.48,35.82,35.48,35.70,3163300,29.80
2010-11-10,36.27,36.27,35.50,35.66,3356800,29.77
2010-11-09,36.16,36.68,35.99,36.13,3178000,30.16
2010-11-08,35.72,36.09,35.72,36.05,2944500,30.09
2010-11-05,36.08,36.10,35.86,35.89,3460700,29.96
2010-11-04,36.23,36.25,35.78,35.95,5226700,30.01
2010-11-03,36.44,36.45,35.59,35.87,4532100,29.94
2010-11-02,36.27,36.93,36.22,36.85,4289400,30.30
2010-11-01,36.51,36.59,35.89,36.07,2783400,29.66
2010-10-29,36.18,36.39,35.99,36.32,2523200,29.86
2010-10-28,36.45,36.58,35.88,36.17,4393300,29.74
2010-10-27,36.29,36.33,36.02,36.26,4311400,29.81
2010-10-26,36.99,37.10,35.88,36.45,13955600,29.97
2010-10-25,37.63,37.91,37.07,37.13,8220200,30.53
2010-10-22,39.55,39.55,37.30,37.52,16287800,30.85
2010-10-21,39.79,40.01,39.18,39.33,4882700,32.34
2010-10-20,39.61,40.12,39.41,39.67,3391200,32.62
2010-10-19,39.14,39.75,39.12,39.43,2929700,32.42
2010-10-18,38.91,39.48,38.90,39.43,5936300,32.42
2010-10-15,38.95,39.00,38.51,38.93,2802100,32.01
2010-10-14,38.89,38.99,38.39,38.65,2483500,31.78
2010-10-13,38.64,38.92,38.34,38.89,3419200,31.98
2010-10-12,38.45,38.84,38.20,38.35,5724300,31.53
2010-10-11,38.45,38.59,38.33,38.44,1734800,31.61
2010-10-08,38.44,38.58,38.21,38.47,3294000,31.63
2010-10-07,38.70,38.78,38.25,38.46,2453200,31.62
2010-10-06,38.91,38.97,38.27,38.62,3375200,31.75
2010-10-05,38.94,39.12,38.80,38.82,4639000,31.92
2010-10-04,38.77,39.02,38.35,38.57,2235700,31.71
2010-10-01,38.86,38.97,38.46,38.89,3183300,31.98
2010-09-30,38.73,38.89,38.35,38.54,2672300,31.69
2010-09-29,38.32,38.64,38.01,38.54,2476300,31.69
2010-09-28,38.51,38.57,38.01,38.34,3045100,31.52
2010-09-27,38.19,38.75,38.07,38.40,3698600,31.57
2010-09-24,37.76,38.19,37.62,38.10,3268900,31.33
2010-09-23,37.00,37.85,36.95,37.39,4674600,30.74
2010-09-22,36.53,37.28,36.51,37.07,3445800,30.48
2010-09-21,36.66,36.78,36.36,36.42,2779000,29.95
2010-09-20,36.41,36.85,36.25,36.72,2439400,30.19
2010-09-17,36.55,36.61,36.13,36.31,3650900,29.86
2010-09-16,36.40,36.51,36.08,36.24,2165400,29.80
2010-09-15,36.69,36.76,36.26,36.53,4468400,30.04
2010-09-14,37.04,37.11,36.66,36.71,4150900,30.18
2010-09-13,37.61,37.71,37.32,37.34,1671800,30.70
2010-09-10,37.50,37.66,37.23,37.40,2126500,30.75
2010-09-09,37.69,37.84,37.48,37.60,2102900,30.92
2010-09-08,37.50,37.71,37.30,37.37,1911500,30.73
2010-09-07,37.68,38.12,37.40,37.43,2433200,30.78
2010-09-03,37.62,37.80,37.24,37.78,2134500,31.06
2010-09-02,37.63,37.63,37.06,37.46,2268700,30.80
2010-09-01,36.96,37.51,36.73,37.45,2988400,30.79
2010-08-31,36.41,36.70,35.96,36.53,2759600,30.04
2010-08-30,36.62,36.92,36.30,36.33,1760700,29.87
2010-08-27,35.97,36.74,35.72,36.66,2970600,30.14
2010-08-26,36.06,36.34,35.74,35.82,2958900,29.45
2010-08-25,35.86,36.01,35.38,35.89,4109300,29.51
2010-08-24,35.88,36.19,35.36,35.95,6087000,29.56
2010-08-23,36.03,36.37,35.71,36.08,7382600,29.67
2010-08-20,35.99,36.08,35.75,35.84,3193000,29.47
2010-08-19,36.68,36.72,36.09,36.17,4330500,29.74
2010-08-18,37.05,37.13,36.71,36.87,3773300,30.32
2010-08-17,36.68,37.33,36.52,37.06,3148000,30.47
2010-08-16,36.16,36.51,35.90,36.49,2856800,30.00
2010-08-13,35.72,36.57,35.68,36.24,3213000,29.80
2010-08-12,36.07,36.13,35.71,35.77,3002200,29.41
2010-08-11,36.93,36.97,36.16,36.30,3808000,29.85
2010-08-10,37.29,37.62,36.90,37.33,3220000,30.69
2010-08-09,37.66,37.73,37.25,37.47,2499700,30.81
2010-08-06,37.40,37.64,37.00,37.52,3179700,30.85
2010-08-05,37.62,37.83,37.41,37.71,2138800,31.01
2010-08-04,37.88,38.04,37.36,37.85,3648000,31.12
2010-08-03,38.12,39.06,38.12,38.60,3832900,31.29
2010-08-02,38.11,38.55,37.99,38.44,4072000,31.16
2010-07-30,37.95,37.96,37.48,37.70,3829200,30.56
2010-07-29,38.84,38.96,37.93,38.08,3920500,30.86
2010-07-28,38.64,39.00,38.53,38.73,3209100,31.39
2010-07-27,38.14,38.84,37.96,38.81,4136300,31.46
2010-07-26,38.14,38.14,37.67,37.87,2905900,30.69
2010-07-23,38.41,38.41,37.53,37.84,4655400,30.67
2010-07-22,38.19,38.75,38.10,38.43,3810900,31.15
2010-07-21,38.04,38.38,37.70,37.85,4579700,30.68
2010-07-20,37.23,38.00,37.18,37.94,3036300,30.75
2010-07-19,37.31,37.82,37.00,37.65,2272400,30.52
2010-07-16,37.40,37.55,37.01,37.11,3080000,30.08
2010-07-15,37.43,37.70,37.08,37.57,2073200,30.45
2010-07-14,37.39,37.66,37.08,37.52,1946900,30.41
2010-07-13,37.46,37.77,37.14,37.47,3287700,30.37
2010-07-12,36.99,37.27,36.73,37.26,2833900,30.20
2010-07-09,36.43,37.09,36.33,37.01,2773200,30.00
2010-07-08,36.12,36.52,36.03,36.41,2172700,29.51
2010-07-07,35.00,36.11,34.81,36.03,3731000,29.20
2010-07-06,35.14,35.38,34.61,34.98,6519000,28.35
2010-07-02,35.10,35.10,34.51,34.60,1891200,28.04
2010-07-01,35.09,35.28,34.66,34.96,2568200,28.34
2010-06-30,35.40,35.88,35.06,35.23,2770200,28.55
2010-06-29,36.00,36.00,35.28,35.47,2337500,28.75
2010-06-28,36.19,36.45,35.79,36.27,2304800,29.40
2010-06-25,36.06,36.14,35.56,36.01,4957600,29.19
2010-06-24,35.92,36.79,35.92,36.07,2480300,29.24
2010-06-23,36.51,36.73,35.98,36.10,2297700,29.26
2010-06-22,37.85,37.88,36.35,36.41,4540100,29.51
2010-06-21,38.32,38.68,37.55,37.75,3876500,30.60
2010-06-18,38.38,38.56,38.27,38.47,2078200,31.18
2010-06-17,38.07,38.59,37.79,38.54,3606500,31.24
2010-06-16,37.63,38.14,37.47,37.93,2139000,30.74
2010-06-15,37.42,37.88,37.34,37.87,2209300,30.69
2010-06-14,37.27,37.42,36.85,37.18,2433800,30.14
2010-06-11,36.69,36.97,36.51,36.88,1495900,29.89
2010-06-10,36.45,37.07,36.45,37.00,2403900,29.99
2010-06-09,36.54,36.62,35.98,36.12,3522200,29.28
2010-06-08,36.27,36.59,35.87,36.47,4719000,29.56
2010-06-07,35.34,36.53,35.24,36.16,6229100,29.31
2010-06-04,35.49,35.89,35.07,35.22,4785900,28.55
2010-06-03,34.99,35.65,34.82,35.57,3429700,28.83
2010-06-02,34.23,34.82,34.05,34.82,2789300,28.22
2010-06-01,34.99,35.01,34.03,34.03,3324600,27.58
2010-05-28,35.33,35.62,35.14,35.21,3421300,28.54
2010-05-27,34.91,35.24,34.58,35.24,2628800,28.56
2010-05-26,34.64,34.87,34.20,34.43,3307700,27.91
2010-05-25,34.09,34.42,33.60,34.38,4158900,27.87
2010-05-24,34.81,35.29,34.61,34.65,3907700,28.08
2010-05-21,34.11,34.88,34.07,34.88,4244500,28.27
2010-05-20,35.48,35.48,34.69,34.71,4303600,28.13
2010-05-19,35.76,36.10,35.50,35.73,4215900,28.96
2010-05-18,36.64,36.69,35.86,35.92,4563000,29.11
2010-05-17,36.79,36.79,35.97,36.55,4108700,29.62
2010-05-14,37.13,37.19,36.49,36.74,4137100,29.78
2010-05-13,36.50,37.46,36.35,36.76,4182300,29.79
2010-05-12,35.87,36.57,35.80,36.44,3512500,29.54
2010-05-11,35.75,36.30,35.51,35.87,3250100,29.07
2010-05-10,36.10,36.37,35.56,35.93,4226300,29.12
2010-05-07,34.87,35.41,34.45,35.06,6748900,28.42
2010-05-06,35.72,35.86,33.57,34.87,7925500,28.26
2010-05-05,36.73,36.73,35.65,35.72,5010400,28.95
2010-05-04,38.17,38.20,36.97,37.07,4781900,29.60
2010-05-03,38.00,38.06,37.51,37.85,3853500,30.22
2010-04-30,37.47,37.93,37.40,37.87,5280400,30.24
2010-04-29,37.70,38.16,37.26,37.40,4102400,29.86
2010-04-28,37.03,37.75,36.93,37.46,4643100,29.91
2010-04-27,37.27,37.80,36.90,36.90,3824300,29.46
2010-04-26,37.49,37.65,36.90,37.32,5614800,29.80
2010-04-23,37.40,37.53,37.09,37.51,3571400,29.95
2010-04-22,37.48,37.50,36.86,37.34,5327800,29.82
2010-04-21,37.99,38.02,37.63,37.68,4193500,30.09
2010-04-20,37.73,37.87,37.50,37.80,5259100,30.18
2010-04-19,37.92,37.92,37.50,37.54,5234700,29.98
2010-04-16,38.51,38.61,37.69,37.85,7734500,30.22
2010-04-15,38.78,38.85,38.54,38.59,5007200,30.81
2010-04-14,39.25,39.38,38.75,38.85,4691300,31.02
2010-04-13,39.61,39.72,39.23,39.25,5550300,31.34
2010-04-12,39.61,39.96,39.55,39.64,2118400,31.65
2010-04-09,39.54,39.58,39.21,39.57,2349300,31.60
2010-04-08,39.47,39.50,39.30,39.45,1991200,31.50
2010-04-07,39.89,39.90,39.43,39.52,3198700,31.56
2010-04-06,39.63,39.91,39.45,39.87,2777500,31.84
2010-04-05,39.51,39.61,39.28,39.52,2320200,31.56
2010-04-01,39.19,39.57,39.14,39.46,2678800,31.51
2010-03-31,38.81,39.26,38.50,39.09,3586200,31.21
2010-03-30,38.94,39.08,38.77,38.88,3373300,31.05
2010-03-29,38.89,39.05,38.31,38.99,3167900,31.13
2010-03-26,39.11,39.11,38.63,38.79,2513100,30.97
2010-03-25,40.00,40.31,38.96,39.01,4345800,31.15
2010-03-24,40.32,40.41,40.10,40.27,3697300,32.16
2010-03-23,39.91,40.59,39.83,40.44,3878100,32.29
2010-03-22,39.84,40.09,39.53,39.88,4265300,31.84
2010-03-19,39.78,39.98,39.40,39.78,4164300,31.76
2010-03-18,40.12,40.17,39.45,39.59,2950300,31.61
2010-03-17,39.95,40.12,39.77,39.99,2534400,31.93
2010-03-16,39.85,39.93,39.51,39.85,2441100,31.82
2010-03-15,39.47,39.80,39.31,39.69,3107400,31.69
2010-03-12,39.83,39.95,39.40,39.45,2499300,31.50
2010-03-11,39.76,39.85,39.59,39.73,2896800,31.72
2010-03-10,39.46,39.86,39.35,39.76,2954000,31.75
2010-03-09,39.55,39.55,39.17,39.46,2698200,31.51
2010-03-08,39.69,39.69,39.35,39.51,2363500,31.55
2010-03-05,39.17,39.61,38.87,39.61,2636600,31.63
2010-03-04,38.92,39.05,38.55,38.92,2272900,31.08
2010-03-03,39.45,39.45,38.75,38.92,3349800,31.08
2010-03-02,39.29,39.38,39.07,39.32,3457600,31.40
2010-03-01,38.79,39.26,38.75,39.07,2871700,31.20
2010-02-26,39.08,39.18,38.59,38.65,2972600,30.86
2010-02-25,38.77,39.16,38.40,39.07,3306300,31.20
2010-02-24,39.23,39.41,38.77,39.12,2784700,31.24
2010-02-23,39.71,39.71,39.08,39.21,2895300,31.31
2010-02-22,39.94,40.00,39.61,39.74,3966600,31.73
2010-02-19,38.65,39.87,38.60,39.70,3364800,31.70
2010-02-18,38.62,38.88,38.41,38.80,4062600,30.98
2010-02-17,39.50,39.50,38.47,38.57,4534900,30.80
2010-02-16,39.40,39.89,38.91,39.21,5027600,31.31
2010-02-12,39.65,39.72,38.67,39.19,9142500,31.29
2010-02-11,39.35,39.86,38.71,39.59,15876900,31.61
2010-02-10,41.70,41.72,41.14,41.46,1713700,33.11
2010-02-09,41.29,42.30,41.28,41.74,2909500,33.33
2010-02-08,41.80,41.80,40.99,40.99,1343500,32.73
2010-02-05,41.83,42.13,40.99,41.55,2330600,33.18
2010-02-04,42.71,42.99,41.86,41.92,2546000,33.47
2010-02-03,43.57,43.57,42.76,42.86,1537900,34.22
2010-02-02,43.70,44.14,43.15,44.10,2309300,34.77
2010-02-01,43.09,43.94,42.89,43.75,1837100,34.50
2010-01-29,43.79,44.16,43.54,43.62,1906900,34.40
2010-01-28,44.28,44.46,43.54,43.66,1445600,34.43
2010-01-27,44.44,44.44,43.54,44.22,2259900,34.87
2010-01-26,44.34,44.87,44.11,44.61,2277800,35.18
2010-01-25,44.69,44.78,44.10,44.39,1892700,35.00
2010-01-22,45.13,45.13,44.11,44.13,2450700,34.80
2010-01-21,46.20,46.51,45.02,45.14,2436000,35.59
2010-01-20,46.88,46.88,45.90,46.37,2068500,36.56
2010-01-19,46.58,47.06,46.38,47.03,1640700,37.08
2010-01-15,46.84,46.84,45.90,46.69,2244200,36.82
2010-01-14,46.84,46.95,46.55,46.87,2144200,36.96
2010-01-13,46.67,47.09,46.39,46.95,1556000,37.02
2010-01-12,46.96,46.96,46.37,46.68,2687400,36.81
2010-01-11,46.08,46.80,45.97,46.61,2026900,36.75
2010-01-08,45.95,46.09,45.53,45.81,2286900,36.12
2010-01-07,46.57,46.74,45.98,46.05,2327700,36.31
2010-01-06,46.30,46.85,46.02,46.75,3426300,36.86
2010-01-05,46.65,46.84,45.67,46.25,2922100,36.47
2010-01-04,46.62,46.92,46.41,46.77,1840900,36.88
2009-12-31,47.43,47.77,46.41,46.45,929800,36.63
2009-12-30,47.18,47.63,47.14,47.49,1410800,37.45
2009-12-29,47.27,47.54,47.17,47.30,1116100,37.30
2009-12-28,47.63,47.63,47.13,47.31,876400,37.31
2009-12-24,47.34,47.54,47.30,47.46,329400,37.42
2009-12-23,46.96,47.40,46.66,47.33,1479600,37.32
2009-12-22,47.35,47.61,46.79,46.88,1531700,36.97
2009-12-21,47.14,47.68,46.91,47.18,1488600,37.20
2009-12-18,46.77,47.47,46.57,46.87,3258400,36.96
2009-12-17,46.30,46.87,46.02,46.77,2472800,36.88
2009-12-16,46.75,46.90,46.34,46.40,3147500,36.59
2009-12-15,47.02,47.34,46.82,47.24,1946800,37.25
2009-12-14,47.11,47.34,46.77,47.28,2157800,37.28
2009-12-11,46.15,46.84,46.00,46.69,2355600,36.82
2009-12-10,44.99,45.87,44.99,45.82,2267500,36.13
2009-12-09,44.52,44.85,44.37,44.81,1995200,35.33
2009-12-08,44.68,44.85,44.26,44.40,1798000,35.01
2009-12-07,44.66,45.15,44.36,44.90,2587400,35.41
2009-12-04,44.71,45.44,43.91,44.60,4268700,35.17
2009-12-03,44.46,45.32,44.04,44.92,3094600,35.42
2009-12-02,43.57,44.03,43.33,43.90,2515900,34.62
2009-12-01,43.33,43.56,43.23,43.45,2384100,34.26
2009-11-30,42.60,43.16,42.40,43.08,2469400,33.97
2009-11-27,42.70,43.06,42.10,42.61,779900,33.60
2009-11-25,42.52,43.25,42.15,43.16,2026400,34.03
2009-11-24,42.12,42.41,41.93,42.40,2349800,33.43
2009-11-23,42.11,42.64,41.95,42.11,2836200,33.21
2009-11-20,42.16,42.31,41.91,41.95,2281900,33.08
2009-11-19,42.52,42.71,41.82,42.05,1626400,33.16
2009-11-18,42.56,42.86,42.50,42.68,1567100,33.65
2009-11-17,42.57,42.73,42.26,42.65,1681100,33.63
2009-11-16,42.36,42.73,42.20,42.57,2276000,33.57
2009-11-13,41.70,42.41,41.65,42.07,2433700,33.17
2009-11-12,42.72,42.85,41.57,41.64,3732700,32.83
2009-11-11,43.43,43.45,42.73,42.81,1697500,33.76
2009-11-10,43.09,43.39,43.01,43.23,1936400,34.09
2009-11-09,42.56,43.24,42.46,43.22,2000000,34.08
2009-11-06,42.37,42.83,42.17,42.39,1676600,33.43
2009-11-05,42.15,42.73,42.11,42.61,1518300,33.60
2009-11-04,41.69,42.67,41.65,42.00,2536700,33.12
2009-11-03,42.31,42.65,41.94,42.04,2423800,32.72
2009-11-02,43.40,43.40,42.25,42.45,3037500,33.04
2009-10-30,44.28,44.36,42.91,43.28,3144000,33.68
2009-10-29,43.75,44.42,43.20,44.36,2646400,34.52
2009-10-28,43.73,44.02,43.01,43.67,3874300,33.98
2009-10-27,43.60,45.11,43.60,43.99,4365500,34.23
2009-10-26,46.05,46.63,44.92,44.99,2838500,35.01
2009-10-23,46.76,46.91,45.53,45.93,1979100,35.74
2009-10-22,46.56,46.63,45.75,46.55,2258900,36.23
2009-10-21,46.52,47.17,46.36,46.46,3583200,36.16
2009-10-20,47.47,47.69,46.14,46.48,2636100,36.17
2009-10-19,47.29,47.62,46.72,47.34,2917200,36.84
2009-10-16,46.91,47.49,46.80,47.13,2215300,36.68
2009-10-15,46.45,47.16,46.40,47.16,1577000,36.70
2009-10-14,46.65,46.80,46.28,46.50,1533900,36.19
2009-10-13,46.02,46.41,45.66,46.38,2084600,36.09
2009-10-12,45.82,46.17,45.65,46.05,989200,35.84
2009-10-09,45.40,45.91,45.13,45.81,1677600,35.65
2009-10-08,45.51,45.61,45.10,45.39,1482700,35.32
2009-10-07,45.89,45.89,45.07,45.25,2321100,35.21
2009-10-06,46.83,46.83,45.04,46.04,2153200,35.83
2009-10-05,44.96,45.43,44.37,45.33,1386200,35.28
2009-10-02,44.49,44.96,43.86,44.79,2161700,34.86
2009-10-01,45.69,45.81,44.72,44.72,1495800,34.80
2009-09-30,46.12,46.20,44.96,45.72,2906300,35.58
2009-09-29,46.39,46.39,45.98,46.15,1309500,35.91
2009-09-28,45.74,46.55,45.70,46.21,1215800,35.96
2009-09-25,46.27,46.38,45.64,45.67,2386100,35.54
2009-09-24,46.87,47.18,46.19,46.37,2221700,36.09
2009-09-23,47.03,47.58,46.81,46.86,1860800,36.47
2009-09-22,47.18,47.40,46.78,47.13,1914400,36.68
2009-09-21,46.76,47.44,46.58,47.05,3025700,36.62
2009-09-18,47.33,47.40,46.87,46.98,3355300,36.56
2009-09-17,47.59,47.77,46.69,46.80,2929800,36.42
2009-09-16,46.83,47.82,46.53,47.76,1707700,37.17
2009-09-15,46.53,46.93,46.01,46.83,1748900,36.44
2009-09-14,45.81,46.63,45.73,46.59,1834000,36.26
2009-09-11,46.62,46.77,45.74,45.91,2454200,35.73
2009-09-10,46.43,46.73,46.26,46.60,2071800,36.27
2009-09-09,45.97,46.34,45.86,46.33,2395600,36.05
2009-09-08,46.33,46.33,45.63,46.02,1793800,35.81
2009-09-04,45.32,45.97,45.32,45.87,1579300,35.70
2009-09-03,44.97,45.57,44.68,45.46,2931700,35.38
2009-09-02,44.89,45.20,44.46,44.71,2304000,34.79
2009-09-01,45.08,45.72,44.86,45.01,2492300,35.03
2009-08-31,45.64,45.86,45.00,45.13,1776800,35.12
2009-08-28,45.79,45.80,45.21,45.73,2249200,35.59
2009-08-27,45.47,45.72,45.09,45.61,2143300,35.49
2009-08-26,45.30,45.54,44.89,45.41,1554200,35.34
2009-08-25,45.71,45.88,45.26,45.29,1631000,35.25
2009-08-24,45.34,45.87,45.25,45.65,1278200,35.53
2009-08-21,44.58,45.44,44.50,45.38,1701500,35.32
2009-08-20,44.08,44.31,43.70,44.27,1660100,34.45
2009-08-19,43.38,44.07,43.25,43.98,2115600,34.23
2009-08-18,43.51,43.74,43.15,43.69,1941400,34.00
2009-08-17,43.84,44.00,43.20,43.53,2007100,33.88
2009-08-14,43.59,44.18,43.48,44.18,2391900,34.38
2009-08-13,43.65,43.68,42.79,43.60,1593900,33.93
2009-08-12,42.75,43.61,42.57,43.39,2341900,33.77
2009-08-11,42.97,43.07,42.36,42.98,2628000,33.45
2009-08-10,42.79,43.09,42.10,43.04,1256700,33.49
2009-08-07,42.10,43.01,42.03,42.87,2651400,33.36
2009-08-06,41.47,42.03,41.39,41.96,2114800,32.65
2009-08-05,41.42,41.68,40.70,41.37,3004300,32.19
2009-08-04,41.93,41.93,41.19,41.49,2179800,31.86
2009-08-03,42.61,42.61,41.33,41.90,2720100,32.18
2009-07-31,41.46,41.80,41.08,41.20,3519500,31.64
2009-07-30,41.35,42.04,41.28,41.60,2304200,31.94
2009-07-29,41.90,41.95,41.21,41.34,2072200,31.75
2009-07-28,42.31,42.64,41.19,41.66,2945500,31.99
2009-07-27,42.81,42.99,42.37,42.76,1147200,32.84
2009-07-24,41.96,42.86,41.83,42.82,1462100,32.88
2009-07-23,40.75,42.28,40.70,42.09,1968700,32.32
2009-07-22,41.25,41.29,40.57,40.73,1357400,31.28
2009-07-21,41.38,41.39,40.79,41.16,2020600,31.61
2009-07-20,40.76,41.00,40.38,40.92,1414000,31.42
2009-07-17,40.70,40.81,40.17,40.65,1586800,31.22
2009-07-16,40.84,41.07,40.16,40.80,2425400,31.33
2009-07-15,40.65,41.03,40.49,40.95,2100900,31.45
2009-07-14,39.75,40.26,39.60,40.26,2538900,30.92
2009-07-13,38.85,39.81,38.85,39.78,3177600,30.55
2009-07-10,38.66,39.24,38.25,39.02,2508200,29.96
2009-07-09,37.20,39.21,36.73,38.97,6832300,29.93
2009-07-08,37.73,38.09,36.86,37.19,2761600,28.56
2009-07-07,37.95,38.36,37.46,37.66,2205700,28.92
2009-07-06,37.62,38.19,37.18,38.08,1983900,29.24
2009-07-02,39.00,39.00,37.69,37.69,1922000,28.94
2009-07-01,38.86,39.58,38.86,39.33,1445800,30.20
2009-06-30,39.45,39.56,38.35,38.75,2876900,29.76
2009-06-29,38.73,39.67,38.60,39.52,2040700,30.35
2009-06-26,39.46,39.53,39.07,39.39,2318600,30.25
2009-06-25,38.42,39.67,38.23,39.49,3104700,30.32
2009-06-24,38.17,38.61,38.00,38.37,2462600,29.46
2009-06-23,38.49,38.65,37.70,38.03,2075800,29.20
2009-06-22,38.21,39.24,38.21,38.54,2545000,29.59
2009-06-19,39.45,39.49,38.34,38.58,3260300,29.63
2009-06-18,38.81,39.46,38.64,39.21,2825700,30.11
2009-06-17,39.14,39.58,38.51,38.67,2843100,29.69
2009-06-16,39.55,39.96,38.95,39.22,2433100,30.12
2009-06-15,40.32,41.00,39.27,39.41,3381700,30.26
2009-06-12,39.01,40.60,38.56,40.48,4120800,31.08
2009-06-11,38.16,39.71,38.16,39.09,3887000,30.02
2009-06-10,38.04,38.44,37.60,38.18,2840000,29.32
2009-06-09,38.44,38.53,37.67,37.77,2626000,29.00
2009-06-08,39.00,39.19,37.83,38.33,2849400,29.43
2009-06-05,39.80,40.04,38.86,39.13,2952200,30.05
2009-06-04,39.50,39.74,38.91,39.42,3552800,30.27
2009-06-03,41.00,41.07,38.52,39.37,6292600,30.23
2009-06-02,38.62,39.21,38.25,38.58,5116500,29.63
2009-06-01,38.14,39.39,37.96,39.32,3124300,30.19
2009-05-29,37.89,38.15,37.18,37.79,3258900,29.02
2009-05-28,37.63,38.12,37.08,37.77,2008800,29.00
2009-05-27,37.99,38.05,37.12,37.25,3071200,28.60
2009-05-26,37.04,38.18,36.69,37.90,3992500,29.10
2009-05-22,37.20,37.57,36.96,37.00,2847000,28.41
2009-05-21,36.99,37.59,36.90,37.19,4974000,28.56
2009-05-20,37.83,37.83,37.15,37.36,4395500,28.69
2009-05-19,36.45,37.58,36.45,37.32,4590700,28.66
2009-05-18,36.81,36.81,36.24,36.51,5511300,28.04
2009-05-15,35.56,36.74,35.26,36.47,12300100,28.01
2009-05-14,41.26,41.41,40.12,40.34,3282900,30.98
2009-05-13,41.73,42.43,41.07,41.11,2007400,31.57
2009-05-12,41.95,42.29,41.40,42.18,1622200,32.39
2009-05-11,42.08,42.28,41.32,41.67,2222800,32.00
2009-05-08,42.33,43.29,41.23,42.48,2572100,32.62
2009-05-07,41.47,42.34,41.13,41.84,3695600,32.13
2009-05-06,42.13,42.39,40.72,41.47,4485200,31.84
2009-05-05,42.61,42.67,41.64,42.01,2552500,32.26
2009-05-04,42.99,43.07,41.81,42.95,2094500,32.56
2009-05-01,41.00,42.39,40.88,42.38,2407000,32.13
2009-04-30,40.88,41.33,40.20,40.90,3828500,31.01
2009-04-29,40.28,40.50,39.97,40.49,1505100,30.69
2009-04-28,40.23,40.48,39.76,40.10,1339800,30.40
2009-04-27,39.85,40.66,39.61,40.51,2244700,30.71
2009-04-24,40.38,40.38,39.67,40.04,1965400,30.35
2009-04-23,39.26,40.09,39.10,39.98,1867400,30.31
2009-04-22,38.92,40.09,38.50,39.38,2460300,29.85
2009-04-21,38.91,39.84,38.91,39.41,1757500,29.88
2009-04-20,39.86,39.86,38.92,39.00,1555500,29.56
2009-04-17,40.43,40.67,39.94,40.16,2024900,30.44
2009-04-16,39.86,40.52,39.09,40.42,2495200,30.64
2009-04-15,38.72,39.65,38.58,39.58,1960500,30.00
2009-04-14,39.30,39.53,38.52,38.58,1698800,29.25
2009-04-13,39.99,39.99,39.34,39.57,965300,30.00
2009-04-09,40.66,41.02,39.69,40.21,2632300,30.48
2009-04-08,38.55,39.98,38.31,39.91,2594000,30.25
2009-04-07,38.21,38.92,37.71,38.48,2387900,29.17
2009-04-06,39.03,39.57,38.41,38.63,2007700,29.28
2009-04-03,39.58,39.95,39.05,39.44,1631700,29.90
2009-04-02,39.47,40.08,38.82,39.47,3456900,29.92
2009-04-01,38.06,38.98,38.06,38.76,2458600,29.38
2009-03-31,38.99,39.35,38.08,38.60,3290900,29.26
2009-03-30,39.53,39.80,38.19,38.77,2151800,29.39
2009-03-27,40.41,40.85,40.08,40.30,1667900,30.55
2009-03-26,40.19,40.95,39.56,40.86,2412500,30.97
2009-03-25,39.49,40.56,39.21,39.79,2337700,30.16
2009-03-24,40.12,40.27,39.32,39.36,2733400,29.84
2009-03-23,39.98,40.43,38.98,40.19,3446500,30.47
2009-03-20,38.69,40.30,38.69,39.65,4358300,30.06
2009-03-19,38.68,38.78,37.57,38.64,2474200,29.29
2009-03-18,37.28,38.84,36.24,38.36,2262400,29.08
2009-03-17,37.01,37.60,36.60,37.60,2277800,28.50
2009-03-16,36.12,38.10,35.92,37.21,2245700,28.21
2009-03-13,37.15,37.34,35.63,35.79,5117400,27.13
2009-03-12,37.06,37.10,36.05,36.92,2064000,27.99
2009-03-11,38.09,38.30,36.99,37.19,1929000,28.19
2009-03-10,37.73,38.93,37.39,37.88,2337300,28.72
2009-03-09,37.27,37.46,36.34,37.05,3398900,28.09
2009-03-06,37.89,38.93,36.55,37.54,2137500,28.46
2009-03-05,39.13,39.13,37.25,37.61,2358700,28.51
2009-03-04,40.20,40.51,39.54,39.86,2642600,30.22
2009-03-03,40.97,41.31,39.56,39.57,2865600,30.00
2009-03-02,41.93,42.36,40.45,40.52,2598700,30.72
2009-02-27,42.80,43.31,41.75,42.56,2377200,32.26
2009-02-26,45.99,46.00,43.41,43.50,2643000,32.98
2009-02-25,47.88,47.88,44.72,45.78,4156000,34.70
2009-02-24,46.38,48.30,45.95,48.02,3430100,36.40
2009-02-23,47.65,48.07,45.28,45.43,3852500,34.44
2009-02-20,48.43,48.43,46.80,47.39,2795200,35.92
2009-02-19,47.48,48.93,47.48,48.22,2817700,36.55
2009-02-18,48.14,48.32,46.91,47.23,2702200,35.80
2009-02-17,50.72,50.72,47.86,48.00,3094600,36.39
2009-02-13,51.65,52.32,51.25,51.36,1580700,38.93
2009-02-12,50.54,51.75,49.99,51.75,3281800,39.23
2009-02-11,51.91,51.92,50.92,51.56,2342700,39.09
2009-02-10,52.33,52.81,51.18,51.74,3341000,39.22
2009-02-09,52.68,53.38,51.92,52.81,2363800,40.03
2009-02-06,52.31,53.63,51.08,52.96,2796000,40.15
2009-02-05,50.99,52.51,50.60,51.95,2943000,39.38
2009-02-04,51.62,52.00,50.45,50.97,2249100,38.64
2009-02-03,51.00,51.81,50.33,51.58,2027400,38.68
2009-02-02,49.60,51.19,49.12,50.81,2567000,38.11
2009-01-30,52.62,52.75,49.66,49.99,2839300,37.49
2009-01-29,52.09,52.85,51.57,52.57,2825000,39.43
2009-01-28,51.92,52.52,51.54,52.11,2189000,39.08
2009-01-27,51.81,52.26,51.39,51.59,2437000,38.69
2009-01-26,49.57,52.00,49.28,51.64,2680800,38.73
2009-01-23,49.64,50.00,48.67,49.57,2468300,37.18
2009-01-22,49.54,51.17,49.01,50.50,3466000,37.87
2009-01-21,49.71,50.30,48.48,49.95,3509300,37.46
2009-01-20,49.88,50.63,49.04,49.09,2141000,36.82
2009-01-16,49.62,50.36,49.17,50.03,2528500,37.52
2009-01-15,47.96,49.09,47.49,49.00,2895600,36.75
2009-01-14,47.16,48.45,45.81,48.08,3547200,36.06
2009-01-13,48.59,48.59,47.12,47.85,2224600,35.89
2009-01-12,48.93,49.88,48.26,48.68,1931700,36.51
2009-01-09,47.68,49.44,47.39,48.90,2316900,36.67
2009-01-08,48.19,48.47,47.02,47.76,3116000,35.82
2009-01-07,50.60,51.10,48.39,48.51,3066200,36.38
2009-01-06,50.51,52.07,50.50,51.25,3425000,38.44
2009-01-05,49.54,52.00,49.43,51.78,3376700,38.83
2009-01-02,48.52,49.99,48.11,49.66,1890600,37.24
2008-12-31,47.77,48.85,47.37,48.58,1637200,36.43
2008-12-30,47.00,47.84,46.78,47.51,1560100,35.63
2008-12-29,46.27,46.75,45.94,46.63,1581100,34.97
2008-12-26,46.21,46.52,45.62,45.93,731200,34.45
2008-12-24,46.19,46.22,44.81,45.92,655000,34.44
2008-12-23,48.02,48.61,45.82,45.98,2502500,34.48
2008-12-22,49.99,50.16,48.21,49.09,2621200,36.82
2008-12-19,52.48,52.72,49.77,49.98,4804600,37.48
2008-12-18,52.84,54.21,51.84,52.42,3000800,39.31
2008-12-17,53.59,53.60,51.57,52.49,2531300,39.37
2008-12-16,53.47,54.51,52.65,54.11,3698900,40.58
2008-12-15,53.99,54.72,52.43,53.09,2089800,39.82
2008-12-12,53.31,54.13,52.66,54.13,2152700,40.60
2008-12-11,54.61,56.43,54.29,54.67,1397200,41.00
2008-12-10,54.65,56.10,54.21,54.85,1632500,41.14
2008-12-09,55.45,56.18,53.99,54.27,1392000,40.70
2008-12-08,55.89,56.82,54.88,55.84,1604400,41.88
2008-12-05,53.06,54.92,51.21,54.59,2483300,40.94
2008-12-04,56.40,57.32,53.00,53.85,2036900,40.39
2008-12-03,54.80,57.18,54.77,56.96,2245500,42.72
2008-12-02,55.81,56.29,54.27,56.00,2442400,42.00
2008-12-01,56.98,58.31,54.88,54.88,2413400,41.16
2008-11-28,57.65,59.00,57.27,58.58,818700,43.93
2008-11-26,56.71,57.87,55.74,57.49,1936400,43.12
2008-11-25,57.46,59.00,55.88,57.48,3608100,43.11
2008-11-24,57.78,58.02,55.41,56.27,3138500,42.20
2008-11-21,52.44,56.88,50.70,56.82,5130800,42.61
2008-11-20,52.61,55.74,50.41,51.31,3037000,38.48
2008-11-19,53.72,56.40,53.04,53.12,2438000,39.84
2008-11-18,53.20,55.11,52.18,54.00,2719700,40.50
2008-11-17,52.09,55.65,51.81,53.58,2246500,40.18
2008-11-14,54.09,55.52,51.96,52.75,2538900,39.56
2008-11-13,52.55,55.67,51.55,55.67,4538100,41.75
2008-11-12,52.95,53.39,51.62,52.14,2219200,39.10
2008-11-11,52.01,54.36,51.05,53.05,1451500,39.79
2008-11-10,55.71,56.25,52.05,52.98,1490600,39.73
2008-11-07,53.71,54.92,52.74,54.74,2514000,41.05
2008-11-06,53.34,54.26,51.70,53.43,2867300,40.07
2008-11-05,56.37,57.50,52.46,53.34,2987500,40.00
2008-11-04,54.61,58.15,54.50,57.16,3024800,42.46
2008-11-03,52.35,54.23,51.94,53.21,2174100,39.52
2008-10-31,54.42,54.93,51.39,52.16,3166100,38.74
2008-10-30,53.11,55.48,53.11,54.81,2453100,40.71
2008-10-29,52.60,54.36,51.38,51.67,2245300,38.38
2008-10-28,47.43,52.59,46.56,52.51,2162900,39.00
2008-10-27,48.71,48.74,46.21,46.28,3747700,34.38
2008-10-24,48.28,51.00,45.79,49.18,2636800,36.53
2008-10-23,50.10,53.87,47.75,51.55,2632600,38.29
2008-10-22,52.06,52.29,47.46,49.33,2164700,36.64
2008-10-21,54.21,54.85,52.35,53.30,2204600,39.59
2008-10-20,50.50,54.92,49.02,54.77,2343600,40.68
2008-10-17,48.31,53.22,46.93,49.99,2544400,37.13
2008-10-16,48.11,49.40,46.15,49.21,3465200,36.55
2008-10-15,52.45,52.45,48.04,48.17,2872000,35.78
2008-10-14,55.31,58.73,51.71,53.63,4147700,39.83
2008-10-13,46.98,53.62,45.01,53.49,3209000,39.73
2008-10-10,48.96,49.32,41.20,45.45,4889500,33.76
2008-10-09,52.84,54.38,50.21,50.62,2571200,37.60
2008-10-08,53.64,55.36,52.36,53.00,3827200,39.37
2008-10-07,57.13,58.85,54.28,54.50,3057900,40.48
2008-10-06,59.97,61.01,56.04,56.66,3024800,42.09
2008-10-03,62.49,64.00,60.47,61.01,2137400,45.32
2008-10-02,64.54,64.74,60.78,61.71,4226300,45.84
2008-10-01,66.68,66.69,64.77,64.99,2257200,48.27
2008-09-30,68.07,68.07,65.73,66.99,2755500,49.76
2008-09-29,67.89,68.50,65.58,66.79,2463600,49.61
2008-09-26,68.24,68.98,67.54,68.64,1057600,50.98
2008-09-25,66.80,69.20,66.80,68.98,1633000,51.24
2008-09-24,66.20,66.71,64.96,66.52,1348100,49.41
2008-09-23,65.89,67.54,65.57,66.18,1357800,49.16
2008-09-22,69.17,69.17,65.68,65.87,1820100,48.93
2008-09-19,68.18,72.10,66.96,68.93,2666200,51.20
2008-09-18,63.71,68.28,63.03,66.58,3611500,49.45
2008-09-17,66.46,67.01,63.08,63.08,3549100,46.85
2008-09-16,67.03,68.50,64.31,67.52,3088600,50.15
2008-09-15,68.02,69.01,66.91,67.03,1903300,49.79
2008-09-12,67.83,69.70,67.35,69.42,2000300,51.56
2008-09-11,66.38,68.43,65.39,68.30,1792600,50.73
2008-09-10,67.52,67.97,66.12,66.62,1972300,49.48
2008-09-09,70.34,70.65,66.96,67.16,4457000,49.88
2008-09-08,69.51,72.64,69.51,70.51,2605800,52.37
2008-09-05,68.56,68.83,67.30,68.70,2132800,51.03
2008-09-04,68.73,69.51,68.29,68.72,2074600,51.04
2008-09-03,71.27,71.53,68.91,69.08,1849200,51.31
2008-09-02,73.05,73.55,71.18,71.27,1836200,52.94
2008-08-29,73.96,74.14,72.39,72.64,1199300,53.95
2008-08-28,73.94,74.30,73.34,74.17,923500,55.09
2008-08-27,73.58,73.95,73.18,73.65,1145300,54.70
2008-08-26,72.81,73.89,72.81,73.40,1639100,54.52
2008-08-25,74.00,74.15,72.95,73.39,1131600,54.51
2008-08-22,73.81,73.99,72.94,73.63,1182800,54.69
2008-08-21,71.75,73.70,71.75,73.39,1084800,54.51
2008-08-20,72.16,72.64,71.60,72.58,1947100,53.91
2008-08-19,71.03,72.26,71.03,72.00,1485700,53.48
2008-08-18,71.73,72.02,70.95,71.59,1447400,53.17
2008-08-15,70.60,71.71,70.31,71.51,1805900,53.12
2008-08-14,69.58,70.54,69.03,70.34,2225200,52.25
2008-08-13,68.16,70.18,68.09,70.06,1532900,52.04
2008-08-12,70.74,70.74,68.00,68.27,1873500,50.71
2008-08-11,69.76,70.73,69.29,70.37,1526000,52.27
2008-08-08,69.22,71.20,68.65,69.76,1391900,51.82
2008-08-07,68.51,70.55,67.57,68.86,2281200,51.15
2008-08-06,68.10,69.91,68.07,68.94,2226800,51.21
2008-08-05,68.99,69.24,67.18,68.43,3011200,50.83
2008-08-04,71.53,72.18,68.77,68.95,2778300,50.81
2008-08-01,73.90,74.90,71.28,71.49,3209900,52.68
2008-07-31,74.09,74.52,73.38,73.55,1595900,54.19
2008-07-30,73.05,74.67,72.49,73.99,1952700,54.52
2008-07-29,72.71,73.15,71.97,72.88,1605200,53.70
2008-07-28,72.18,72.95,70.10,72.35,3180000,53.31
2008-07-25,73.66,74.07,72.12,72.22,2009300,53.21
2008-07-24,73.65,74.80,72.72,73.53,2476200,54.18
2008-07-23,77.72,77.97,73.46,73.91,3576000,54.46
2008-07-22,77.09,79.00,77.09,77.38,2053900,57.02
2008-07-21,77.06,77.98,75.93,77.73,1230300,57.27
2008-07-18,76.63,79.05,75.43,76.69,3021300,56.51
2008-07-17,78.98,78.98,76.22,76.99,2642800,56.73
2008-07-16,81.64,82.42,78.86,79.00,2700800,58.21
2008-07-15,81.94,83.08,81.24,81.96,1887000,60.39
2008-07-14,83.35,83.94,82.11,82.41,1673500,60.72
2008-07-11,82.10,84.00,81.76,83.21,2653000,61.31
2008-07-10,82.45,82.91,81.77,82.88,1563800,61.07
2008-07-09,81.32,83.09,80.65,82.70,2111900,60.94
2008-07-08,81.20,82.50,80.01,81.05,2973600,59.72
2008-07-07,81.88,82.68,79.82,81.00,1946300,59.68
2008-07-03,82.08,83.12,81.49,81.79,966800,60.27
2008-07-02,82.60,83.05,81.54,81.57,1904200,60.10
2008-07-01,81.79,83.18,81.02,82.63,1951000,60.89
2008-06-30,79.97,82.93,79.50,82.33,2336400,60.66
2008-06-27,80.42,81.02,79.84,80.01,1904000,58.95
2008-06-26,81.77,82.48,80.08,80.10,1752900,59.02
2008-06-25,82.70,83.49,81.87,82.52,1743100,60.80
2008-06-24,81.66,83.00,81.55,82.30,1974700,60.64
2008-06-23,81.12,82.64,81.12,81.80,2014200,60.27
2008-06-20,81.02,82.25,80.94,80.94,2759600,59.64
2008-06-19,79.78,81.64,79.63,81.58,2614300,60.11
2008-06-18,79.45,79.99,79.02,79.54,1574700,58.61
2008-06-17,79.80,80.00,79.37,79.61,908000,58.66
2008-06-16,78.99,79.97,77.60,79.76,1242400,58.77
2008-06-13,78.84,80.00,78.45,79.79,1977100,58.79
2008-06-12,78.05,78.62,77.68,78.23,1636100,57.64
2008-06-11,78.27,78.93,77.48,77.52,1619700,57.12
2008-06-10,77.49,78.68,76.97,78.57,1270400,57.89
2008-06-09,77.37,78.13,76.88,77.90,945600,57.40
2008-06-06,78.58,79.10,76.58,76.83,1856600,56.61
2008-06-05,78.38,79.25,77.60,78.95,1503300,58.17
2008-06-04,77.79,78.87,77.44,78.54,1010600,57.87
2008-06-03,78.18,78.89,77.38,77.76,1109400,57.30
2008-06-02,78.42,78.42,77.28,78.06,1083900,57.52
2008-05-30,79.39,80.06,78.38,78.71,1225800,58.00
2008-05-29,78.86,79.98,78.55,79.70,1288600,58.73
2008-05-28,78.18,79.09,78.05,78.85,1125900,58.10
2008-05-27,77.86,78.58,77.54,78.05,1458500,57.51
2008-05-23,78.66,79.16,77.70,77.76,1080800,57.30
2008-05-22,78.55,79.26,78.14,78.88,910300,58.12
2008-05-21,79.14,80.39,78.43,78.72,1757500,58.00
2008-05-20,78.90,79.44,78.11,78.84,1504000,58.09
2008-05-19,76.78,78.50,76.61,78.03,1631400,57.50
2008-05-16,76.52,76.94,75.88,76.82,1008500,56.60
2008-05-15,76.74,76.96,75.75,76.33,1295000,56.24
2008-05-14,76.14,77.15,75.67,77.01,1751900,56.74
2008-05-13,76.87,76.97,75.45,75.95,1425600,55.96
2008-05-12,76.39,76.47,75.64,76.47,769800,56.35
2008-05-09,75.63,76.34,74.69,75.99,1263400,55.99
2008-05-08,76.04,76.43,75.03,75.91,1432300,55.93
2008-05-07,76.57,76.79,75.40,75.61,1394000,55.71
2008-05-06,76.51,77.21,75.98,76.79,1249000,56.58
2008-05-05,78.45,78.45,76.80,77.19,1614900,56.88
2008-05-02,76.86,79.02,76.86,79.02,2770500,57.82
2008-05-01,77.30,77.30,75.70,76.71,1793000,56.13
2008-04-30,75.79,77.14,75.59,75.64,1696400,55.35
2008-04-29,76.23,76.67,75.73,75.87,1201100,55.52
2008-04-28,76.88,77.37,76.10,76.26,1304300,55.80
2008-04-25,76.61,77.75,76.61,76.90,1480000,56.27
2008-04-24,78.00,78.35,76.64,76.73,1223100,56.14
2008-04-23,76.35,77.65,76.35,77.51,2070400,56.72
2008-04-22,75.98,77.22,75.51,76.68,2157800,56.11
2008-04-21,75.21,76.47,75.21,76.16,1440800,55.73
2008-04-18,76.17,76.75,75.13,75.77,1417700,55.44
2008-04-17,75.03,76.05,75.03,75.42,1213100,55.19
2008-04-16,74.91,75.65,73.54,75.40,1844400,55.17
2008-04-15,74.92,74.92,73.77,74.20,1569800,54.29
2008-04-14,74.92,74.96,73.93,74.50,1597400,54.51
2008-04-11,73.26,75.39,73.25,74.96,2512400,54.85
2008-04-10,72.98,74.11,72.39,73.65,3344800,53.89
2008-04-09,72.90,73.60,72.48,72.84,1443200,53.30
2008-04-08,71.79,73.10,71.72,72.91,1533100,53.35
2008-04-07,72.32,72.72,71.73,72.28,777400,52.89
2008-04-04,71.87,73.00,71.69,72.21,1666800,52.84
2008-04-03,72.01,72.40,71.47,71.82,2176800,52.55
2008-04-02,71.49,72.53,71.00,71.94,2224000,52.64
2008-04-01,69.96,71.72,69.20,71.22,2969000,52.11
2008-03-31,68.11,68.94,67.50,68.62,1815300,50.21
2008-03-28,68.55,69.28,67.74,67.88,1330500,49.67
2008-03-27,68.54,69.03,68.31,68.35,1486000,50.01
2008-03-26,68.08,68.69,67.88,68.12,1993500,49.84
2008-03-25,68.80,69.52,68.31,68.60,1634700,50.20
2008-03-24,69.67,70.13,68.34,68.91,1612400,50.42
2008-03-20,69.15,69.82,67.66,69.52,1719600,50.87
2008-03-19,70.82,71.31,68.68,68.68,1709700,50.25
2008-03-18,69.35,70.08,68.27,70.07,2667100,51.27
2008-03-17,67.08,68.73,66.92,68.19,2518700,49.90
2008-03-14,68.46,68.95,66.78,67.73,3198000,49.56
2008-03-13,68.49,68.84,67.84,68.24,3014400,49.93
2008-03-12,70.40,71.08,69.27,69.31,1503300,50.72
2008-03-11,68.76,70.08,68.48,69.97,2012900,51.20
2008-03-10,68.62,68.62,66.50,67.75,2953600,49.57
2008-03-07,68.48,68.94,67.63,68.42,1964800,50.06
2008-03-06,70.44,70.51,68.72,68.89,1886500,50.41
2008-03-05,69.44,70.53,68.89,70.44,2304800,51.54
2008-03-04,67.09,71.06,67.00,69.44,4665200,50.81
2008-03-03,67.15,67.45,66.16,67.37,2523800,49.30
2008-02-29,69.40,69.73,67.30,67.59,2683900,49.46
2008-02-28,69.84,70.00,68.80,69.94,1545100,51.18
2008-02-27,71.26,71.36,69.53,69.70,1585700,51.00
2008-02-26,71.00,71.31,70.05,71.22,1907700,52.11
2008-02-25,70.60,71.32,69.86,71.23,1825200,52.12
2008-02-22,69.98,70.51,69.15,70.40,1346500,51.51
2008-02-21,71.16,71.17,69.51,69.66,1096600,50.97
2008-02-20,70.40,71.08,70.09,71.00,1204600,51.95
2008-02-19,72.06,72.15,70.93,71.34,1191600,52.20
2008-02-15,70.76,71.39,70.20,71.38,1009500,52.23
2008-02-14,71.55,72.33,70.64,70.91,1244800,51.89
2008-02-13,71.49,72.20,70.78,71.31,1680400,52.18
2008-02-12,70.25,71.48,70.12,71.16,1988100,52.07
2008-02-11,69.81,70.55,69.50,70.25,1278600,51.40
2008-02-08,69.88,70.72,69.59,69.97,1310900,51.20
2008-02-07,69.82,70.72,69.11,70.47,2265800,51.56
2008-02-06,70.37,71.32,69.82,70.13,1675900,51.32
2008-02-05,71.68,72.36,69.97,69.97,2198600,51.20
2008-02-04,72.18,74.15,72.18,73.49,2271000,53.37
2008-02-01,71.90,72.39,70.84,72.39,2584000,52.57
2008-01-31,69.00,71.67,66.88,71.22,2074400,51.72
2008-01-30,71.21,71.21,69.15,69.33,2160500,50.35
2008-01-29,69.79,71.68,69.64,70.36,2688300,51.10
2008-01-28,68.77,69.98,68.54,69.69,2191800,50.61
2008-01-25,70.25,70.40,68.30,68.55,2602200,49.78
2008-01-24,72.21,72.39,69.43,69.72,2049800,50.63
2008-01-23,66.69,71.71,64.44,71.59,3991500,51.99
2008-01-22,70.14,70.46,67.60,68.57,4139200,49.80
2008-01-18,73.03,73.90,70.80,71.73,4350900,52.09
2008-01-17,75.88,75.97,72.36,72.46,2952100,52.62
2008-01-16,77.04,78.04,75.64,75.81,2905700,55.06
2008-01-15,76.14,78.25,76.00,76.82,2674300,55.79
2008-01-14,77.33,78.47,76.65,76.93,1573200,55.87
2008-01-11,77.28,77.93,76.80,76.87,2650500,55.83
2008-01-10,75.86,78.44,75.70,77.84,2910900,56.53
2008-01-09,74.96,76.42,74.28,76.09,2258000,55.26
2008-01-08,77.81,78.51,75.23,75.37,4528500,54.74
2008-01-07,74.50,77.80,74.49,77.58,3936400,56.34
2008-01-04,72.42,75.05,72.33,74.32,3262000,53.97
2008-01-03,72.01,73.62,71.96,72.68,1237300,52.78
2008-01-02,72.12,73.29,71.56,71.89,1625600,52.21
