Date,Open,High,Low,Close,Volume,Adj Close
2013-12-31,53.36,53.73,53.36,53.68,713300,53.44
2013-12-30,52.87,53.38,52.85,53.29,795800,53.06
2013-12-27,52.89,53.07,52.65,52.75,518400,52.52
2013-12-26,52.77,52.77,52.37,52.66,1146200,52.43
2013-12-24,52.43,52.59,52.32,52.47,766400,52.24
2013-12-23,52.80,52.87,52.37,52.49,903600,52.26
2013-12-20,52.48,52.67,52.07,52.66,1555100,52.43
2013-12-19,52.31,52.48,52.03,52.19,869400,51.96
2013-12-18,51.28,52.33,50.76,52.30,993800,52.07
2013-12-17,51.37,51.37,50.80,51.05,922600,50.83
2013-12-16,50.99,51.36,50.96,51.27,632700,51.05
2013-12-13,50.64,51.02,50.55,50.78,834000,50.56
2013-12-12,50.23,50.66,50.10,50.50,878800,50.28
2013-12-11,51.25,51.33,50.37,50.50,1267100,50.06
2013-12-10,50.70,51.27,50.61,51.24,1616000,50.79
2013-12-09,51.01,51.35,50.68,50.86,1021000,50.42
2013-12-06,50.23,51.05,50.19,50.88,832900,50.44
2013-12-05,50.34,50.49,49.74,49.80,1097200,49.37
2013-12-04,50.39,50.76,50.01,50.45,1146500,50.01
2013-12-03,50.49,51.14,50.36,50.68,1967400,50.24
2013-12-02,50.80,50.90,50.54,50.60,1469200,50.16
2013-11-29,50.81,50.97,50.61,50.68,657300,50.24
2013-11-27,50.92,51.00,50.57,50.84,787900,50.40
2013-11-26,50.89,51.01,50.24,50.83,2198200,50.39
2013-11-25,51.18,51.31,50.53,50.80,839400,50.36
2013-11-22,50.91,51.01,50.57,50.98,1464700,50.54
2013-11-21,50.77,51.01,50.58,50.98,1174500,50.54
2013-11-20,51.05,51.06,50.55,50.67,1004500,50.23
2013-11-19,50.60,51.49,50.44,50.63,1220100,50.19
2013-11-18,51.04,51.11,50.49,50.59,996700,50.15
2013-11-15,50.16,50.97,50.05,50.94,1759100,50.50
2013-11-14,49.37,50.49,49.26,50.36,1537600,49.92
2013-11-13,48.37,49.46,48.34,49.45,913700,49.02
2013-11-12,48.04,48.84,47.92,48.71,957500,48.29
2013-11-11,48.15,48.49,48.05,48.19,1062800,47.77
2013-11-08,47.50,48.50,47.40,48.32,1740200,47.90
2013-11-07,48.67,48.74,47.59,47.65,798000,47.23
2013-11-06,48.50,48.64,48.19,48.50,963300,48.08
2013-11-05,48.48,48.61,48.22,48.48,825000,48.06
2013-11-04,48.62,48.72,48.35,48.54,828200,48.12
2013-11-01,48.95,49.02,48.51,48.55,1019200,48.13
2013-10-31,48.71,49.21,48.46,48.75,1170800,48.32
2013-10-30,49.28,49.50,48.73,48.79,1754000,48.36
2013-10-29,47.30,49.63,46.99,49.27,2137000,48.84
2013-10-28,47.44,47.50,46.93,46.94,1764400,46.53
2013-10-25,47.52,47.63,47.31,47.44,915200,47.03
2013-10-24,47.62,47.81,47.40,47.48,817300,47.07
2013-10-23,47.72,47.88,47.39,47.60,964500,47.18
2013-10-22,47.62,48.09,47.60,47.94,791800,47.52
2013-10-21,47.40,47.65,47.23,47.57,646800,47.16
2013-10-18,46.86,47.63,46.60,47.36,1330300,46.95
2013-10-17,46.45,46.66,46.27,46.66,1211500,46.25
2013-10-16,46.01,46.67,45.91,46.61,1017300,46.20
2013-10-15,46.09,46.20,45.62,45.63,926400,45.23
2013-10-14,46.02,46.39,45.92,46.28,669900,45.88
2013-10-11,45.71,46.23,45.70,46.17,647700,45.77
2013-10-10,45.22,45.93,45.22,45.93,1111300,45.53
2013-10-09,45.29,45.31,44.46,44.90,1699400,44.51
2013-10-08,45.87,45.99,45.23,45.24,1510900,44.85
2013-10-07,46.17,46.21,45.90,45.90,837600,45.50
2013-10-04,46.09,46.57,46.02,46.55,1469400,46.14
2013-10-03,46.89,46.92,45.98,46.07,1789200,45.67
2013-10-02,46.68,47.07,46.55,47.05,1198700,46.64
2013-10-01,46.47,47.00,46.39,46.88,1212700,46.47
2013-09-30,46.26,46.48,46.00,46.44,1070100,46.04
2013-09-27,46.36,46.63,46.31,46.54,802600,46.13
2013-09-26,46.71,47.00,46.44,46.63,1447900,46.22
2013-09-25,46.82,47.10,46.41,46.70,944500,46.29
2013-09-24,46.55,47.13,46.47,46.83,914000,46.42
2013-09-23,46.65,46.91,46.35,46.50,528200,46.09
2013-09-20,47.16,47.33,46.81,46.85,1323100,46.44
2013-09-19,46.92,47.30,46.84,47.13,756800,46.72
2013-09-18,46.99,47.15,46.52,46.91,948600,46.50
2013-09-17,46.69,46.95,46.61,46.85,750900,46.44
2013-09-16,46.41,46.75,46.33,46.59,714200,46.18
2013-09-13,45.86,46.04,45.67,45.96,972600,45.56
2013-09-12,45.68,45.88,45.36,45.72,990300,45.32
2013-09-11,45.87,46.09,45.77,45.84,929900,45.22
2013-09-10,45.13,45.92,45.07,45.91,1003000,45.29
2013-09-09,45.41,45.68,44.72,44.94,1606100,44.33
2013-09-06,44.63,45.36,44.18,45.11,1035800,44.50
2013-09-05,44.53,44.78,44.41,44.61,1117100,44.01
2013-09-04,44.49,44.73,44.31,44.52,1195800,43.92
2013-09-03,44.91,45.18,44.30,44.51,1235500,43.91
2013-08-30,44.62,44.83,44.32,44.46,1320900,43.86
2013-08-29,44.20,44.77,44.06,44.64,694200,44.04
2013-08-28,44.55,44.68,44.31,44.31,1085500,43.71
2013-08-27,45.03,45.16,44.50,44.52,1008500,43.92
2013-08-26,45.67,45.87,45.38,45.42,1338500,44.81
2013-08-23,45.94,46.16,45.60,45.71,1224900,45.09
2013-08-22,45.70,45.90,45.56,45.80,649600,45.18
2013-08-21,45.69,45.95,45.30,45.57,1002100,44.96
2013-08-20,45.81,46.05,45.74,45.82,1005600,45.20
2013-08-19,46.00,46.30,45.79,45.83,840700,45.21
2013-08-16,46.00,46.20,45.91,46.11,1612900,45.49
2013-08-15,46.56,46.60,45.93,46.02,1565400,45.40
2013-08-14,46.87,47.20,46.85,46.96,988000,46.33
2013-08-13,47.26,47.36,46.50,46.98,2824800,46.35
2013-08-12,46.77,47.73,46.68,47.41,2137200,46.77
2013-08-09,46.46,47.17,46.46,46.95,1129800,46.32
2013-08-08,46.69,46.98,46.37,46.53,1796200,45.90
2013-08-07,45.84,46.56,45.66,46.42,1789400,45.79
2013-08-06,45.42,46.26,45.37,45.94,1829100,45.32
2013-08-05,45.21,45.63,45.11,45.52,1929200,44.91
2013-08-02,44.77,45.42,44.49,45.33,1782500,44.72
2013-08-01,43.35,44.90,43.26,44.85,2093100,44.25
2013-07-31,42.95,43.35,42.78,43.16,2495200,42.58
2013-07-30,44.50,44.55,42.82,43.06,2601200,42.48
2013-07-29,44.20,44.41,44.13,44.28,909800,43.68
2013-07-26,44.19,44.35,43.86,44.35,800000,43.75
2013-07-25,44.35,44.64,44.10,44.55,910700,43.95
2013-07-24,44.75,44.83,44.25,44.32,873500,43.72
2013-07-23,44.73,44.76,44.30,44.54,1359500,43.94
2013-07-22,44.35,44.48,44.23,44.29,1227100,43.69
2013-07-19,44.87,44.87,44.32,44.37,943200,43.77
2013-07-18,44.76,45.07,44.62,44.71,626000,44.11
2013-07-17,44.79,44.94,44.53,44.73,552300,44.13
2013-07-16,45.01,45.19,44.58,44.70,754600,44.10
2013-07-15,44.99,45.28,44.79,45.05,591500,44.44
2013-07-12,45.33,45.43,44.78,45.06,943500,44.45
2013-07-11,45.32,45.43,45.01,45.35,1097900,44.74
2013-07-10,44.37,44.92,44.37,44.86,1220300,44.26
2013-07-09,44.81,44.93,44.28,44.43,998800,43.83
2013-07-08,44.00,44.71,43.95,44.63,1547000,44.03
2013-07-05,43.42,43.65,43.13,43.63,1156500,43.04
2013-07-03,42.72,43.31,42.61,43.05,1421000,42.47
2013-07-02,43.45,43.55,42.73,42.80,1873400,42.22
2013-07-01,43.14,43.65,43.08,43.41,1378600,42.82
2013-06-28,42.68,43.27,42.68,42.84,4006700,42.26
2013-06-27,43.11,43.15,42.89,43.01,2139400,42.43
2013-06-26,43.41,43.41,42.77,42.95,2113300,42.37
2013-06-25,42.91,43.07,42.43,43.01,1538400,42.43
2013-06-24,42.37,42.87,42.09,42.53,1949400,41.96
2013-06-21,42.87,42.90,42.16,42.64,1900500,42.07
2013-06-20,43.43,43.66,42.55,42.62,1497600,42.05
2013-06-19,44.38,44.52,43.76,43.77,919900,43.18
2013-06-18,44.11,44.33,43.95,44.33,1198700,43.73
2013-06-17,43.98,44.47,43.69,44.02,1731900,43.43
2013-06-14,44.29,44.47,43.46,43.64,1586700,43.05
2013-06-13,43.85,44.77,43.60,44.71,961400,44.11
2013-06-12,44.57,44.66,43.81,43.85,1449000,43.26
2013-06-11,44.26,44.95,44.07,44.58,1604300,43.76
2013-06-10,44.58,44.77,44.33,44.71,1323900,43.89
2013-06-07,44.36,44.71,44.24,44.53,1431900,43.71
2013-06-06,43.31,44.14,43.03,44.13,1638600,43.32
2013-06-05,44.23,44.45,43.34,43.37,1791300,42.57
2013-06-04,44.90,44.98,44.00,44.32,2073000,43.51
2013-06-03,44.89,45.23,44.41,44.91,1775900,44.09
2013-05-31,45.58,45.67,44.88,44.90,3218500,44.08
2013-05-30,45.13,45.87,45.09,45.78,1109700,44.94
2013-05-29,45.46,45.53,44.94,45.07,1565100,44.24
2013-05-28,45.45,45.95,45.37,45.80,1532800,44.96
2013-05-24,44.99,45.25,44.56,45.16,1090700,44.33
2013-05-23,44.91,45.36,44.85,45.24,1642300,44.41
2013-05-22,45.34,45.75,44.98,45.18,2104600,44.35
2013-05-21,45.29,45.82,45.20,45.29,1347000,44.46
2013-05-20,45.05,45.30,44.92,45.26,1790400,44.43
2013-05-17,44.54,45.11,44.51,45.08,1475900,44.25
2013-05-16,44.30,44.77,44.29,44.51,1586300,43.69
2013-05-15,43.91,44.36,43.90,44.32,1485000,43.51
2013-05-14,43.74,44.02,43.65,43.97,2316300,43.16
2013-05-13,43.65,43.79,43.57,43.72,1522500,42.92
2013-05-10,43.81,44.00,43.59,43.79,1146800,42.99
2013-05-09,43.43,44.00,43.37,43.79,1903800,42.99
2013-05-08,42.63,43.69,42.52,43.57,2633100,42.77
2013-05-07,42.55,42.72,42.33,42.63,1149200,41.85
2013-05-06,42.81,42.81,42.42,42.54,1011000,41.76
2013-05-03,42.50,42.95,42.43,42.72,1546500,41.94
2013-05-02,42.09,42.45,42.07,42.33,1842000,41.55
2013-05-01,41.93,42.44,41.84,42.10,2415100,41.33
2013-04-30,42.00,42.30,40.56,42.05,3956500,41.28
2013-04-29,40.84,40.89,40.47,40.67,3682700,39.92
2013-04-26,40.99,41.06,40.72,40.79,2152500,40.04
2013-04-25,41.08,41.25,40.96,41.06,1232300,40.31
2013-04-24,41.00,41.14,40.78,40.93,1398100,40.18
2013-04-23,40.78,41.07,40.55,40.96,1467600,40.21
2013-04-22,40.86,41.06,40.32,40.60,1283000,39.86
2013-04-19,40.48,40.94,40.27,40.81,1953700,40.06
2013-04-18,40.16,40.28,39.71,40.25,1558800,39.51
2013-04-17,40.43,40.43,39.67,40.11,1465200,39.37
2013-04-16,40.35,40.69,39.96,40.65,1801200,39.90
2013-04-15,40.58,40.59,40.11,40.12,2922900,39.38
2013-04-12,40.44,40.77,40.26,40.75,1944500,40.00
2013-04-11,40.12,41.02,39.94,41.00,3823600,40.25
2013-04-10,39.25,40.05,39.15,40.04,2642600,39.31
2013-04-09,39.27,39.27,38.91,39.09,1520500,38.37
2013-04-08,38.99,39.16,38.88,39.16,1155400,38.44
2013-04-05,39.34,39.43,38.85,39.05,2039800,38.33
2013-04-04,39.89,40.00,39.58,39.73,1895000,39.00
2013-04-03,40.05,40.29,39.69,39.90,4949100,39.17
2013-04-02,39.76,39.99,39.70,39.98,3014700,39.25
2013-04-01,39.71,39.88,39.49,39.70,4006800,38.97
2013-03-28,39.09,39.66,38.97,39.62,1972200,38.89
2013-03-27,38.70,39.16,38.70,39.02,1148500,38.30
2013-03-26,38.66,39.03,38.58,39.02,1882800,38.30
2013-03-25,38.75,39.14,38.38,38.49,1119800,37.78
2013-03-22,38.50,38.63,38.20,38.57,1016100,37.86
2013-03-21,38.17,38.52,38.17,38.43,1930700,37.72
2013-03-20,38.31,38.51,38.10,38.44,1556100,37.73
2013-03-19,37.85,38.10,37.61,38.00,2090000,37.30
2013-03-18,37.94,38.26,37.61,37.70,2464100,37.01
2013-03-15,38.49,38.84,38.14,38.30,10380900,37.60
2013-03-14,38.57,38.67,38.43,38.57,1724500,37.86
2013-03-13,38.35,38.58,38.16,38.51,1459400,37.80
2013-03-12,38.29,38.64,38.14,38.48,2050500,37.56
2013-03-11,37.91,38.47,37.69,38.45,3797500,37.53
2013-03-08,37.72,38.16,37.52,37.91,4262900,37.00
2013-03-07,37.50,37.93,37.05,37.53,6178400,36.63
2013-03-06,38.39,38.44,38.14,38.41,1231200,37.49
2013-03-05,37.89,38.28,37.82,38.28,2044200,37.36
2013-03-04,37.55,37.77,37.34,37.77,1044200,36.87
2013-03-01,37.46,37.73,36.87,37.66,1426400,36.76
2013-02-28,37.70,37.86,37.46,37.65,1848100,36.75
2013-02-27,37.10,37.87,36.99,37.70,2099300,36.80
2013-02-26,36.83,37.15,36.59,37.04,1937300,36.15
2013-02-25,37.07,37.35,36.72,36.72,2393800,35.84
2013-02-22,36.56,37.02,36.01,37.00,2180700,36.11
2013-02-21,37.13,37.24,36.31,36.55,2740900,35.67
2013-02-20,36.97,37.49,36.92,37.26,2389600,36.37
2013-02-19,36.50,36.99,36.36,36.99,2953600,36.10
2013-02-15,36.90,36.94,36.40,36.49,2522400,35.62
2013-02-14,37.06,37.07,36.56,36.98,2472000,36.09
2013-02-13,36.63,37.49,36.60,37.20,2232600,36.31
2013-02-12,36.04,37.10,35.21,36.50,3131100,35.63
2013-02-11,37.53,37.72,37.34,37.56,1134700,36.66
2013-02-08,37.21,37.62,37.15,37.62,1285800,36.72
2013-02-07,37.31,37.40,36.96,37.08,1560600,36.19
2013-02-06,37.16,37.51,36.97,37.40,1650800,36.50
2013-02-05,37.18,37.49,37.09,37.28,1199000,36.39
2013-02-04,37.42,37.66,36.94,36.96,1547400,36.07
2013-02-01,37.31,37.75,37.27,37.66,1512300,36.76
2013-01-31,37.22,37.35,36.79,37.11,1250600,36.22
2013-01-30,36.90,37.22,36.79,37.17,1730800,36.28
2013-01-29,36.80,36.96,36.47,36.90,1267700,36.02
2013-01-28,37.19,37.31,36.77,36.84,1368900,35.96
2013-01-25,37.28,37.39,37.09,37.20,1239300,36.31
2013-01-24,37.72,37.82,37.19,37.23,1352500,36.34
2013-01-23,37.78,37.93,37.54,37.71,3572300,36.81
2013-01-22,37.00,37.77,36.94,37.68,2578900,36.78
2013-01-18,37.18,37.24,36.82,37.06,1935800,36.17
2013-01-17,37.09,37.25,36.95,37.05,2086500,36.16
2013-01-16,36.63,37.03,36.54,37.00,2182100,36.11
2013-01-15,36.88,36.91,36.18,36.76,2906600,35.88
2013-01-14,36.88,37.29,36.78,37.19,1832100,36.30
2013-01-11,36.63,37.36,36.56,37.00,2055400,36.11
2013-01-10,36.11,36.54,35.84,36.54,2171800,35.66
2013-01-09,35.82,36.05,35.67,36.02,1275400,35.16
2013-01-08,35.68,35.77,35.51,35.68,1156100,34.83
2013-01-07,35.75,35.95,35.48,35.80,1510200,34.94
2013-01-04,35.67,36.02,35.51,35.98,1519700,35.12
2013-01-03,35.86,35.92,35.52,35.57,1634300,34.72
2013-01-02,35.17,35.84,35.13,35.82,2879900,34.96
2012-12-31,34.20,34.83,33.99,34.81,2132800,33.98
2012-12-28,34.32,34.69,34.26,34.26,1250500,33.44
2012-12-27,34.27,34.69,34.02,34.58,2009700,33.75
2012-12-26,34.93,34.98,34.31,34.35,1158600,33.53
2012-12-24,34.94,35.11,34.71,34.95,627800,34.11
2012-12-21,35.38,35.75,34.74,34.89,3078800,34.05
2012-12-20,35.00,35.71,34.74,35.46,5024400,34.61
2012-12-19,35.14,35.17,34.69,35.07,5290100,34.23
2012-12-18,34.95,35.26,34.91,35.17,6847600,34.33
2012-12-17,35.69,35.77,34.92,35.00,6765600,34.16
2012-12-14,35.60,35.70,35.40,35.48,3195900,34.63
2012-12-13,35.99,36.10,35.20,35.54,4108800,34.69
2012-12-12,36.32,36.61,36.05,36.11,3152600,35.24
2012-12-11,36.47,36.73,36.18,36.36,3098400,35.29
2012-12-10,36.16,36.65,36.06,36.44,3234700,35.37
2012-12-07,36.93,37.14,35.92,36.16,3589300,35.10
2012-12-06,36.73,37.01,36.46,36.97,3427000,35.89
2012-12-05,36.36,36.91,35.95,36.70,3505700,35.62
2012-12-04,35.88,36.35,35.88,36.22,2420500,35.16
2012-12-03,36.14,36.44,35.76,35.81,2893900,34.76
2012-11-30,36.12,36.39,36.10,36.10,2186400,35.04
2012-11-29,36.11,36.43,36.00,36.12,1612700,35.06
2012-11-28,35.46,36.13,35.45,36.10,2161900,35.04
2012-11-27,35.76,35.90,35.51,35.69,1687800,34.64
2012-11-26,35.68,35.90,35.48,35.82,1290900,34.77
2012-11-23,35.64,35.84,35.54,35.78,385200,34.73
2012-11-21,35.53,35.72,35.42,35.59,616800,34.55
2012-11-20,35.18,35.74,35.07,35.52,2365500,34.48
2012-11-19,35.24,35.27,34.92,35.16,1628900,34.13
2012-11-16,34.37,35.20,34.37,35.00,2499400,33.97
2012-11-15,34.46,34.74,34.07,34.33,1388400,33.32
2012-11-14,34.08,35.22,33.62,34.38,1265700,33.37
2012-11-13,34.68,35.08,34.43,34.94,1462500,33.92
2012-11-12,34.54,35.06,34.37,34.89,1780000,33.87
2012-11-09,34.22,34.71,34.11,34.52,1370200,33.51
2012-11-08,34.50,34.56,34.12,34.33,2293400,33.32
2012-11-07,34.34,34.91,34.25,34.55,2399700,33.54
2012-11-06,34.19,35.44,34.02,34.73,4462900,33.71
2012-11-05,33.44,33.52,32.80,33.28,1748400,32.30
2012-11-02,33.30,33.73,33.15,33.52,1886300,32.54
2012-11-01,32.86,33.30,32.68,33.14,2057100,32.17
2012-10-31,32.64,33.07,32.63,32.87,2114500,31.91
2012-10-26,32.56,32.77,32.36,32.62,1012800,31.66
2012-10-25,32.93,33.00,32.45,32.54,2759500,31.59
2012-10-24,32.63,32.73,32.30,32.73,1841900,31.77
2012-10-23,32.38,32.65,32.08,32.58,1242000,31.62
2012-10-22,32.24,32.67,32.24,32.62,1359500,31.66
2012-10-19,32.58,32.58,32.24,32.41,1460400,31.46
2012-10-18,32.54,32.70,32.42,32.50,778800,31.55
2012-10-17,32.53,32.66,32.48,32.62,541600,31.66
2012-10-16,32.41,32.59,32.37,32.53,808600,31.58
2012-10-15,31.95,32.43,31.75,32.35,1511100,31.40
2012-10-12,31.50,32.02,31.48,31.88,1634500,30.95
2012-10-11,31.38,31.63,31.26,31.47,1426500,30.55
2012-10-10,30.90,31.22,30.90,31.14,2296800,30.23
2012-10-09,31.25,31.33,30.99,30.99,1339100,30.08
2012-10-08,31.39,31.47,31.19,31.35,1087900,30.43
2012-10-05,32.22,32.39,31.49,31.50,2937200,30.58
2012-10-04,31.08,31.33,30.96,31.14,2176100,30.23
2012-10-03,30.98,31.14,30.82,31.00,1798500,30.09
2012-10-02,30.78,31.13,30.76,30.98,2061800,30.07
2012-10-01,31.33,31.41,30.89,30.89,1900000,29.98
2012-09-28,31.61,31.71,31.20,31.22,2303900,30.30
2012-09-27,31.90,31.97,31.66,31.68,1584200,30.75
2012-09-26,32.28,32.37,31.74,31.81,1878300,30.88
2012-09-25,32.60,32.83,32.26,32.26,1653400,31.31
2012-09-24,32.27,32.69,32.18,32.46,2025500,31.51
2012-09-21,32.66,32.80,32.47,32.64,3841600,31.68
2012-09-20,32.29,32.65,32.14,32.56,1570300,31.61
2012-09-19,32.44,32.58,32.33,32.34,1923700,31.39
2012-09-18,32.24,32.45,32.08,32.44,1157900,31.49
2012-09-17,31.71,32.29,31.55,32.22,4669100,31.28
2012-09-14,31.94,31.99,31.65,31.70,2430800,30.77
2012-09-13,31.52,32.04,31.45,31.92,1979300,30.98
2012-09-12,31.89,31.89,31.47,31.51,1334600,30.59
2012-09-11,32.49,32.49,31.95,31.96,1405100,30.83
2012-09-10,32.45,32.69,32.43,32.46,1046600,31.31
2012-09-07,32.62,32.82,32.58,32.68,1178700,31.52
2012-09-06,32.08,32.66,32.06,32.64,1424800,31.48
2012-09-05,31.66,32.15,31.61,31.89,1857500,30.76
2012-09-04,31.52,31.71,31.30,31.58,1162100,30.46
2012-08-31,31.66,31.70,31.31,31.50,1333700,30.38
2012-08-30,31.58,31.66,31.45,31.48,1151800,30.37
2012-08-29,31.72,31.80,31.50,31.72,784600,30.60
2012-08-28,31.83,31.91,31.62,31.67,773200,30.55
2012-08-27,32.10,32.10,31.82,31.92,614600,30.79
2012-08-24,31.58,32.03,31.48,31.96,1016200,30.83
2012-08-23,31.62,31.80,31.44,31.72,1024600,30.60
2012-08-22,31.70,31.89,31.50,31.68,1131900,30.56
2012-08-21,31.97,32.19,31.83,31.98,2622100,30.85
2012-08-20,31.18,32.11,31.18,32.00,2587400,30.87
2012-08-17,31.04,31.20,30.99,31.17,5803500,30.07
2012-08-16,30.95,31.17,30.71,30.90,1480100,29.81
2012-08-15,31.05,31.13,30.86,30.88,1217900,29.79
2012-08-14,31.07,31.25,31.00,31.13,1625500,30.03
2012-08-13,30.95,31.02,30.79,30.99,1621300,29.89
2012-08-10,30.91,31.09,30.91,31.06,928400,29.96
2012-08-09,31.00,31.13,30.93,31.04,806700,29.94
2012-08-08,30.95,31.14,30.84,31.00,2352500,29.90
2012-08-07,31.26,31.33,31.04,31.04,2095100,29.94
2012-08-06,31.50,31.63,31.08,31.13,1105700,30.03
2012-08-03,31.22,31.56,31.05,31.47,3021200,30.36
2012-08-02,30.55,30.94,30.46,30.86,2400000,29.77
2012-08-01,31.52,31.62,30.58,30.71,2228700,29.62
2012-07-31,31.68,31.68,31.39,31.44,2211300,30.33
2012-07-30,32.01,32.21,31.65,31.65,2777300,30.53
2012-07-27,31.89,32.42,31.72,32.32,2750500,31.18
2012-07-26,32.14,32.33,31.69,31.70,2094600,30.58
2012-07-25,32.01,32.03,31.63,31.67,1236100,30.55
2012-07-24,32.08,32.25,31.84,32.01,1481700,30.88
2012-07-23,31.90,32.21,31.61,32.00,1612100,30.87
2012-07-20,32.50,32.54,32.10,32.13,1509000,30.99
2012-07-19,33.32,33.32,32.53,32.60,2378100,31.45
2012-07-18,33.79,33.97,32.26,33.13,4599600,31.96
2012-07-17,34.32,34.52,34.13,34.23,1177000,33.02
2012-07-16,34.12,34.45,34.00,34.30,1234200,33.09
2012-07-13,33.37,34.34,33.33,34.32,2182500,33.10
2012-07-12,33.86,34.04,33.79,33.93,1274200,32.73
2012-07-11,33.96,34.21,33.82,34.12,1235700,32.91
2012-07-10,34.51,34.84,33.82,33.89,1235400,32.69
2012-07-09,34.22,34.39,33.93,34.37,801400,33.15
2012-07-06,34.18,34.39,34.01,34.29,1189700,33.08
2012-07-05,34.60,34.85,34.47,34.47,1188000,33.25
2012-07-03,34.43,34.81,34.37,34.80,802200,33.57
2012-07-02,34.11,34.48,33.87,34.46,2146700,33.24
2012-06-29,33.97,34.08,33.80,34.08,2662800,32.87
2012-06-28,33.57,33.68,33.20,33.46,1947100,32.28
2012-06-27,32.74,33.82,32.74,33.71,2611800,32.52
2012-06-26,32.49,32.83,32.42,32.74,1341900,31.58
2012-06-25,32.95,32.97,32.48,32.49,1082200,31.34
2012-06-22,33.17,33.43,33.02,33.28,1052200,32.10
2012-06-21,33.88,33.91,32.99,32.99,1078600,31.82
2012-06-20,33.38,33.93,33.38,33.87,1789300,32.67
2012-06-19,33.30,33.70,33.29,33.42,999700,32.24
2012-06-18,32.94,33.30,32.79,33.24,949600,32.06
2012-06-15,32.61,33.09,32.53,33.02,3097900,31.85
2012-06-14,32.39,32.71,32.36,32.59,1314900,31.44
2012-06-13,31.92,32.55,31.62,32.39,1937200,31.24
2012-06-12,32.02,32.25,31.82,32.10,1229900,30.77
2012-06-11,32.63,32.73,31.94,31.95,1186900,30.63
2012-06-08,31.98,32.39,31.91,32.39,750000,31.05
2012-06-07,32.52,32.54,32.06,32.11,1066500,30.78
2012-06-06,31.97,32.15,31.79,32.14,1497400,30.81
2012-06-05,31.18,31.75,31.07,31.70,1280800,30.39
2012-06-04,31.37,31.58,30.96,31.24,1823200,29.95
2012-06-01,32.33,32.39,31.35,31.37,2145100,30.07
2012-05-31,32.92,33.05,32.54,32.78,5747800,31.42
2012-05-30,33.12,33.18,32.88,32.95,2185500,31.59
2012-05-29,33.13,33.39,32.79,33.34,1676300,31.96
2012-05-25,33.00,33.06,32.67,32.82,992600,31.46
2012-05-24,32.96,33.09,32.64,32.96,1707200,31.60
2012-05-23,32.41,32.88,32.29,32.84,2049500,31.48
2012-05-22,32.03,32.61,31.84,32.61,1790900,31.26
2012-05-21,31.38,31.97,31.37,31.92,1447600,30.60
2012-05-18,32.09,32.18,31.30,31.37,1639600,30.07
2012-05-17,32.49,32.54,32.03,32.03,1529900,30.70
2012-05-16,32.56,32.84,32.43,32.52,1448300,31.17
2012-05-15,32.46,32.69,32.23,32.45,1159000,31.11
2012-05-14,32.51,32.64,32.23,32.49,998600,31.14
2012-05-11,32.43,32.91,32.34,32.74,1335100,31.38
2012-05-10,32.45,32.64,32.37,32.56,1450100,31.21
2012-05-09,31.86,32.49,31.84,32.24,1470100,30.90
2012-05-08,32.41,32.51,31.94,32.24,1522100,30.90
2012-05-07,32.83,32.98,32.60,32.65,979000,31.30
2012-05-04,33.19,33.34,32.87,32.93,1205400,31.57
2012-05-03,33.81,33.81,33.31,33.33,768100,31.95
2012-05-02,33.90,34.00,33.68,33.86,1895700,32.46
2012-05-01,33.69,34.15,33.67,34.03,1744200,32.62
2012-04-30,33.75,33.83,33.42,33.67,1152200,32.28
2012-04-27,33.84,34.00,33.65,33.89,2202000,32.49
2012-04-26,32.97,34.00,32.92,33.63,2431300,32.24
2012-04-25,32.90,33.22,32.59,33.07,1719800,31.70
2012-04-24,32.82,32.89,32.53,32.63,1347800,31.28
2012-04-23,32.76,32.91,32.48,32.87,1442000,31.51
2012-04-20,33.19,33.32,33.07,33.07,1855900,31.70
2012-04-19,33.31,33.72,32.92,33.10,1628000,31.73
2012-04-18,33.12,33.52,33.01,33.41,1756500,32.03
2012-04-17,32.60,33.45,32.35,33.30,2269300,31.92
2012-04-16,32.45,33.02,32.44,32.85,1156100,31.49
2012-04-13,32.78,32.92,32.48,32.48,1197000,31.13
2012-04-12,32.80,33.08,32.78,32.89,1641800,31.53
2012-04-11,32.46,32.86,32.37,32.78,2128100,31.42
2012-04-10,32.20,32.54,32.13,32.22,3033800,30.89
2012-04-09,32.18,32.36,32.04,32.21,1504600,30.88
2012-04-05,32.43,32.67,32.42,32.58,1924900,31.23
2012-04-04,33.03,33.07,32.52,32.54,1693000,31.19
2012-04-03,33.57,33.67,33.01,33.23,1369300,31.85
2012-04-02,32.98,33.92,32.85,33.57,2570000,32.18
2012-03-30,33.40,33.44,32.93,33.12,1987800,31.75
2012-03-29,32.78,33.24,32.78,33.05,1617700,31.68
2012-03-28,33.15,33.19,32.76,33.05,1433700,31.68
2012-03-27,33.43,33.43,33.08,33.15,1018200,31.78
2012-03-26,33.17,33.36,33.04,33.35,1623100,31.97
2012-03-23,32.91,33.04,32.65,32.96,1093200,31.60
2012-03-22,32.63,33.04,32.54,32.94,1226800,31.58
2012-03-21,32.75,33.03,32.67,32.88,1488000,31.52
2012-03-20,32.64,32.97,32.45,32.88,1789700,31.52
2012-03-19,32.88,32.97,32.75,32.88,1343300,31.52
2012-03-16,32.94,33.06,32.73,33.00,3807400,31.63
2012-03-15,32.22,33.00,32.14,32.83,2401200,31.47
2012-03-14,31.98,32.29,31.84,32.22,1249800,30.89
2012-03-13,31.97,32.07,31.77,32.07,2062000,30.55
2012-03-12,31.68,31.93,31.55,31.78,1183800,30.27
2012-03-09,31.83,31.90,31.59,31.68,1038700,30.18
2012-03-08,31.72,31.81,31.48,31.70,1211500,30.20
2012-03-07,31.19,31.52,31.06,31.42,1323500,29.93
2012-03-06,31.20,31.46,30.97,31.08,1218400,29.61
2012-03-05,31.25,31.50,31.20,31.44,1382100,29.95
2012-03-02,31.87,31.87,31.17,31.19,1180000,29.71
2012-03-01,31.80,31.98,31.73,31.93,2382000,30.42
2012-02-29,31.47,31.79,31.30,31.73,2407000,30.23
2012-02-28,31.26,31.63,31.05,31.48,2001500,29.99
2012-02-27,30.87,31.41,30.70,31.22,1552200,29.74
2012-02-24,31.08,31.22,30.98,31.07,1531300,29.60
2012-02-23,30.72,31.18,30.65,31.11,3070000,29.64
2012-02-22,30.59,30.96,30.59,30.73,2328700,29.27
2012-02-21,30.80,30.89,30.57,30.77,2023000,29.31
2012-02-17,31.29,31.30,30.50,30.70,3428100,29.25
2012-02-16,31.44,31.51,31.15,31.16,1777200,29.68
2012-02-15,31.42,31.97,31.29,31.44,3122800,29.95
2012-02-14,29.66,31.30,29.66,31.04,4460500,29.57
2012-02-13,28.82,29.08,28.64,29.00,2430300,27.63
2012-02-10,28.60,28.68,28.52,28.65,1593100,27.29
2012-02-09,28.95,28.97,28.66,28.77,1996200,27.41
2012-02-08,28.94,29.02,28.69,28.82,2356300,27.45
2012-02-07,29.06,29.06,28.86,28.90,1679100,27.53
2012-02-06,29.15,29.32,29.06,29.26,1169500,27.87
2012-02-03,29.00,29.40,28.96,29.40,2422500,28.01
2012-02-02,28.82,28.83,28.66,28.75,1842900,27.39
2012-02-01,28.53,28.78,28.47,28.70,2081600,27.34
2012-01-31,28.56,28.67,28.38,28.56,1972000,27.21
2012-01-30,28.22,28.58,28.08,28.56,980700,27.21
2012-01-27,28.27,28.62,28.23,28.55,1271500,27.20
2012-01-26,28.41,28.49,28.20,28.41,959900,27.06
2012-01-25,27.98,28.40,27.81,28.33,1022600,26.99
2012-01-24,27.65,28.12,27.60,28.05,947900,26.72
2012-01-23,27.80,28.00,27.67,27.96,1066100,26.63
2012-01-20,27.60,27.88,27.49,27.84,1399200,26.52
2012-01-19,27.50,27.77,27.47,27.60,1312800,26.29
2012-01-18,27.03,27.44,26.86,27.39,877700,26.09
2012-01-17,27.10,27.29,26.98,27.03,1362800,25.75
2012-01-13,26.94,27.03,26.71,26.94,1434300,25.66
2012-01-12,27.40,27.44,26.98,27.10,2034600,25.82
2012-01-11,27.08,27.33,27.04,27.23,1061900,25.94
2012-01-10,27.32,27.55,26.78,27.17,1622000,25.88
2012-01-09,26.50,27.06,26.47,26.99,1464700,25.71
2012-01-06,26.83,26.98,26.40,26.43,1823700,25.18
2012-01-05,26.56,27.20,26.56,26.90,1876000,25.63
2012-01-04,26.62,26.78,26.31,26.70,1707000,25.43
2012-01-03,27.06,27.11,26.66,26.69,1721700,25.43
2011-12-30,26.48,26.71,26.45,26.59,956200,25.33
2011-12-29,26.45,26.58,26.36,26.53,1305800,25.27
2011-12-28,26.68,26.75,26.26,26.34,1544000,25.09
2011-12-27,26.49,26.84,26.48,26.66,1050600,25.40
2011-12-23,26.50,26.75,26.48,26.60,1057400,25.34
2011-12-22,26.12,26.55,26.02,26.44,1665900,25.19
2011-12-21,25.73,26.08,25.65,26.06,1592500,24.83
2011-12-20,25.52,26.04,25.52,25.87,2807300,24.64
2011-12-19,25.54,25.59,24.98,25.02,1606300,23.83
2011-12-16,25.43,25.74,25.26,25.42,2504100,24.22
2011-12-15,25.61,25.79,25.18,25.23,1870200,24.03
2011-12-14,25.18,25.65,25.12,25.39,2523800,24.19
2011-12-13,25.58,25.78,25.08,25.23,1777800,23.99
2011-12-12,25.54,25.66,25.35,25.41,1803700,24.16
2011-12-09,25.28,25.89,25.23,25.72,2434700,24.45
2011-12-08,25.82,25.93,25.14,25.19,2908100,23.95
2011-12-07,25.16,25.99,24.94,25.96,2555700,24.68
2011-12-06,25.59,25.59,25.25,25.25,2093100,24.01
2011-12-05,25.30,25.76,25.20,25.59,2285200,24.33
2011-12-02,24.89,24.97,24.76,24.91,2441300,23.68
2011-12-01,23.99,24.81,23.93,24.61,2590900,23.40
2011-11-30,23.58,24.10,23.40,24.09,3655600,22.90
2011-11-29,23.13,23.17,22.76,22.79,2055300,21.67
2011-11-28,23.16,23.27,23.02,23.22,1113400,22.08
2011-11-25,22.69,22.89,22.53,22.58,876400,21.47
2011-11-23,22.62,23.01,22.54,22.78,2400300,21.66
2011-11-22,23.33,23.42,22.76,22.83,2134400,21.70
2011-11-21,23.30,23.51,23.11,23.37,1970800,22.22
2011-11-18,23.64,23.80,23.43,23.68,3220200,22.51
2011-11-17,24.39,24.50,23.58,23.63,2607800,22.47
2011-11-16,24.70,25.09,24.44,24.47,1833600,23.26
2011-11-15,24.97,25.16,24.74,24.89,3826700,23.66
2011-11-14,25.60,25.62,24.90,25.00,1806600,23.77
2011-11-11,25.51,25.83,25.47,25.78,947800,24.51
2011-11-10,25.18,25.28,24.78,25.09,1571700,23.85
2011-11-09,25.28,25.45,24.85,24.87,2021000,23.64
2011-11-08,25.76,26.00,25.46,25.99,1120600,24.71
2011-11-07,25.22,25.67,25.09,25.66,1529600,24.40
2011-11-04,25.28,25.40,24.92,25.23,1724500,23.99
2011-11-03,24.81,25.54,24.51,25.51,1998200,24.25
2011-11-02,25.13,25.30,24.45,24.59,3240200,23.38
2011-11-01,24.39,25.52,24.06,24.80,5622200,23.58
2011-10-31,26.69,27.01,26.15,26.18,3499600,24.89
2011-10-28,27.02,27.17,26.85,27.08,1767800,25.75
2011-10-27,27.14,27.47,26.86,27.31,2633200,25.96
2011-10-26,26.26,26.39,25.51,26.31,1862100,25.01
2011-10-25,26.25,26.45,25.84,25.91,1498400,24.63
2011-10-24,25.85,26.50,25.76,26.43,884100,25.13
2011-10-21,25.73,25.91,25.51,25.78,1513200,24.51
2011-10-20,25.61,25.86,25.11,25.45,1796900,24.20
2011-10-19,26.32,26.32,25.50,25.57,1363700,24.31
2011-10-18,25.55,26.42,25.28,26.32,2039900,25.02
2011-10-17,25.94,26.01,25.55,25.61,1644400,24.35
2011-10-14,26.05,26.20,25.89,26.10,1112400,24.81
2011-10-13,25.70,25.84,25.34,25.74,998200,24.47
2011-10-12,25.76,25.99,25.50,25.84,1552900,24.57
2011-10-11,25.21,25.77,25.15,25.54,895000,24.28
2011-10-10,25.25,25.48,25.14,25.48,1084600,24.22
2011-10-07,25.19,25.27,24.75,24.79,1793300,23.57
2011-10-06,24.34,25.20,24.22,25.19,1913200,23.95
2011-10-05,24.52,24.66,23.99,24.33,2711400,23.13
2011-10-04,23.09,24.53,23.06,24.47,2600000,23.26
2011-10-03,24.16,24.57,23.43,23.45,1919500,22.29
2011-09-30,24.42,24.71,24.32,24.32,1620300,23.12
2011-09-29,25.12,25.26,24.26,24.79,1443800,23.57
2011-09-28,25.05,25.23,24.62,24.67,1784700,23.45
2011-09-27,25.02,25.52,24.87,25.05,1515800,23.82
2011-09-26,24.25,24.57,23.86,24.55,1592300,23.34
2011-09-23,24.08,24.30,23.92,24.10,1662700,22.91
2011-09-22,24.40,24.40,23.67,24.16,3387000,22.97
2011-09-21,26.02,26.12,24.87,24.88,2130800,23.65
2011-09-20,26.09,26.50,25.98,26.02,1316100,24.74
2011-09-19,26.00,26.15,25.77,26.02,1173300,24.74
2011-09-16,26.24,26.60,26.09,26.51,4729800,25.20
2011-09-15,26.11,26.18,25.69,26.18,1647100,24.89
2011-09-14,25.64,26.07,25.15,25.75,1860700,24.48
2011-09-13,25.52,25.72,25.28,25.55,1353800,24.24
2011-09-12,25.13,25.54,24.92,25.51,1420200,24.21
2011-09-09,26.13,26.24,25.32,25.37,1521100,24.07
2011-09-08,26.68,26.85,26.41,26.47,1376200,25.12
2011-09-07,26.09,26.83,25.90,26.82,2108300,25.45
2011-09-06,25.93,26.09,25.58,25.74,3534000,24.42
2011-09-02,27.34,27.49,26.82,26.82,1481900,25.45
2011-09-01,28.21,28.39,27.78,27.85,1134200,26.43
2011-08-31,28.29,28.32,27.85,28.18,1529400,26.74
2011-08-30,27.86,28.32,27.75,28.10,1405200,26.66
2011-08-29,27.75,28.06,27.59,28.06,1474800,26.63
2011-08-26,26.81,27.46,26.40,27.37,1656600,25.97
2011-08-25,27.71,27.94,26.90,26.97,2560100,25.59
2011-08-24,27.39,27.81,27.24,27.57,2042800,26.16
2011-08-23,27.12,28.00,27.00,28.00,1656200,26.57
2011-08-22,27.21,27.28,26.87,27.00,1253300,25.62
2011-08-19,26.74,27.65,26.64,26.66,3086300,25.30
2011-08-18,27.09,27.31,26.68,26.92,2585100,25.54
2011-08-17,28.20,28.31,27.67,27.87,1353300,26.44
2011-08-16,27.91,28.28,27.69,28.07,1753300,26.63
2011-08-15,27.92,28.27,27.63,28.25,2087700,26.81
2011-08-12,28.05,28.21,27.74,28.08,1965500,26.64
2011-08-11,26.93,28.12,26.84,27.86,3514700,26.44
2011-08-10,27.38,27.77,26.65,26.73,4227700,25.36
2011-08-09,27.19,27.98,26.15,27.93,5152500,26.50
2011-08-08,28.20,28.72,26.70,26.70,5245200,25.33
2011-08-05,28.48,29.37,28.32,28.94,4792300,27.46
2011-08-04,28.67,29.09,28.16,28.17,3725500,26.73
2011-08-03,28.23,29.03,28.07,28.99,1800000,27.51
2011-08-02,29.07,29.30,28.24,28.25,1189300,26.81
2011-08-01,30.27,30.45,29.15,29.35,1479600,27.85
2011-07-29,30.42,30.63,29.99,30.02,1504900,28.48
2011-07-28,29.90,30.68,29.86,30.65,2055700,29.08
2011-07-27,30.16,30.22,29.98,29.99,1484800,28.46
2011-07-26,30.26,30.51,30.12,30.34,1270900,28.79
2011-07-25,30.14,30.54,30.11,30.31,788100,28.76
2011-07-22,30.70,30.72,30.36,30.48,829100,28.92
2011-07-21,30.56,30.87,30.48,30.72,1688600,29.15
2011-07-20,30.24,30.60,29.75,30.47,2365400,28.91
2011-07-19,29.10,29.95,29.10,29.78,1978300,28.26
2011-07-18,29.44,29.56,28.95,29.01,1423200,27.53
2011-07-15,29.68,29.70,29.30,29.63,1110100,28.11
2011-07-14,29.94,30.10,29.54,29.60,938000,28.09
2011-07-13,30.14,30.28,29.90,29.99,699300,28.46
2011-07-12,30.15,30.30,30.02,30.03,1134700,28.49
2011-07-11,30.65,30.73,30.21,30.24,986700,28.69
2011-07-08,31.07,31.15,30.87,30.96,812800,29.38
2011-07-07,31.23,31.37,31.16,31.32,1114100,29.72
2011-07-06,30.79,31.07,30.67,30.94,1540000,29.36
2011-07-05,31.02,31.02,30.58,30.77,1131500,29.20
2011-07-01,30.88,31.13,30.73,31.02,1450100,29.43
2011-06-30,30.67,30.91,30.58,30.79,1046900,29.22
2011-06-29,30.34,30.69,30.34,30.60,1419700,29.04
2011-06-28,30.25,30.34,30.18,30.26,1423600,28.71
2011-06-27,30.21,30.32,29.91,30.21,869400,28.67
2011-06-24,30.32,30.48,30.02,30.07,1601800,28.53
2011-06-23,30.76,30.79,30.22,30.34,2225600,28.79
2011-06-22,31.25,31.40,31.08,31.10,809800,29.51
2011-06-21,31.43,31.45,31.16,31.28,1227900,29.68
2011-06-20,30.96,31.38,30.87,31.22,651100,29.62
2011-06-17,31.09,31.36,30.96,30.99,2304200,29.41
2011-06-16,30.83,30.91,30.62,30.84,1375100,29.26
2011-06-15,31.39,31.44,30.58,30.80,1706800,29.22
2011-06-14,31.59,31.69,31.43,31.57,1132100,29.96
2011-06-13,31.60,31.60,31.25,31.39,1077600,29.74
2011-06-10,31.62,31.86,31.43,31.57,2102300,29.91
2011-06-09,31.21,31.81,31.10,31.80,1385400,30.13
2011-06-08,31.49,31.49,31.08,31.17,1362300,29.53
2011-06-07,31.23,31.75,31.11,31.59,2298500,29.93
2011-06-06,31.11,31.50,31.09,31.13,1216900,29.49
2011-06-03,31.21,31.54,31.14,31.21,1031700,29.57
2011-06-02,31.68,31.87,31.52,31.61,887300,29.95
2011-06-01,32.13,32.26,31.61,31.61,2148800,29.95
2011-05-31,32.03,32.32,31.98,32.18,2941400,30.49
2011-05-27,31.46,31.88,31.43,31.86,1125400,30.18
2011-05-26,31.28,31.50,31.10,31.43,1018800,29.78
2011-05-25,31.08,31.48,31.03,31.40,755500,29.75
2011-05-24,31.51,31.60,31.16,31.16,1078300,29.52
2011-05-23,31.62,31.68,31.46,31.49,653300,29.83
2011-05-20,32.21,32.33,31.92,31.96,1211600,30.28
2011-05-19,32.32,32.40,32.05,32.24,794500,30.54
2011-05-18,31.84,32.16,31.75,32.07,901700,30.38
2011-05-17,31.86,32.04,31.68,31.82,1505600,30.14
2011-05-16,32.05,32.22,31.88,31.93,1214800,30.25
2011-05-13,32.50,32.58,32.17,32.23,839300,30.53
2011-05-12,32.27,32.53,32.02,32.50,1273900,30.79
2011-05-11,32.50,32.75,32.04,32.34,1249500,30.64
2011-05-10,32.54,32.77,32.40,32.55,1201100,30.84
2011-05-09,32.43,32.63,32.30,32.47,645900,30.76
2011-05-06,33.07,33.23,32.39,32.49,966600,30.78
2011-05-05,32.93,33.04,32.67,32.79,1683000,31.06
2011-05-04,33.50,33.52,32.66,33.04,1947800,31.30
2011-05-03,32.75,33.76,32.59,33.54,2781300,31.77
2011-05-02,33.20,33.40,32.94,32.94,1198100,31.21
2011-04-29,32.75,33.13,32.60,33.11,1100000,31.37
2011-04-28,33.29,33.36,32.66,32.69,1385100,30.97
2011-04-27,33.19,33.40,33.05,33.36,606300,31.60
2011-04-26,33.42,33.42,33.16,33.20,1000000,31.45
2011-04-25,33.15,33.31,33.12,33.23,628900,31.48
2011-04-21,33.31,33.47,33.12,33.16,911700,31.41
2011-04-20,33.17,33.72,33.17,33.42,946800,31.66
2011-04-19,32.78,32.87,32.58,32.85,1146800,31.12
2011-04-18,32.92,32.95,32.57,32.77,1157000,31.04
2011-04-15,33.27,33.32,32.92,33.26,859300,31.51
2011-04-14,33.03,33.20,32.82,33.14,707000,31.40
2011-04-13,33.08,33.27,33.00,33.21,782400,31.46
2011-04-12,32.86,33.22,32.67,33.00,1741100,31.26
2011-04-11,32.84,33.46,32.84,33.03,1342400,31.29
2011-04-08,33.38,33.40,32.65,32.82,1531300,31.09
2011-04-07,33.11,33.48,33.02,33.19,1531800,31.44
2011-04-06,33.06,33.25,32.87,33.20,835400,31.45
2011-04-05,33.03,33.18,32.80,32.98,924900,31.24
2011-04-04,33.17,33.24,32.87,33.11,1197600,31.37
2011-04-01,32.78,33.38,32.76,33.23,1783300,31.48
2011-03-31,32.73,32.99,32.46,32.69,1474300,30.97
2011-03-30,32.40,32.80,32.38,32.79,983900,31.06
2011-03-29,31.76,32.45,31.71,32.36,899600,30.66
2011-03-28,32.06,32.10,31.79,31.82,990500,30.14
2011-03-25,32.20,32.43,31.99,32.04,847500,30.35
2011-03-24,31.65,32.15,31.57,32.10,1305100,30.41
2011-03-23,31.57,31.64,31.38,31.49,1082000,29.83
2011-03-22,31.45,31.72,31.41,31.66,1271000,29.99
2011-03-21,31.19,31.50,31.17,31.37,778200,29.72
2011-03-18,30.83,31.15,30.77,30.90,1631000,29.27
2011-03-17,30.62,30.80,30.29,30.41,1444600,28.81
2011-03-16,30.39,30.73,30.19,30.23,2201800,28.64
2011-03-15,30.29,30.67,30.08,30.49,1596900,28.88
2011-03-14,31.08,31.24,30.74,30.99,713300,29.31
2011-03-11,30.89,31.28,30.86,31.23,623500,29.54
2011-03-10,31.33,31.33,30.82,30.99,1980200,29.31
2011-03-09,31.57,31.70,31.20,31.60,943700,29.89
2011-03-08,30.78,31.67,30.78,31.64,1391900,29.93
2011-03-07,31.65,31.76,30.45,30.86,1658300,29.19
2011-03-04,31.76,31.79,31.32,31.53,1029000,29.82
2011-03-03,31.89,31.99,31.67,31.78,1673700,30.06
2011-03-02,32.28,32.34,31.54,31.71,1694700,29.99
2011-03-01,32.39,32.53,32.15,32.39,2872100,30.64
2011-02-28,32.03,32.40,31.82,32.39,1818800,30.64
2011-02-25,31.25,32.04,31.25,32.03,1083400,30.29
2011-02-24,30.89,31.37,30.55,31.22,1421500,29.53
2011-02-23,31.51,31.51,30.74,30.91,991100,29.24
2011-02-22,31.76,31.97,31.39,31.46,1153100,29.76
2011-02-18,31.75,32.23,31.68,32.14,1536600,30.40
2011-02-17,31.40,31.77,31.22,31.77,1157500,30.05
2011-02-16,31.81,31.97,31.42,31.51,1568600,29.80
2011-02-15,31.70,31.90,31.53,31.75,762800,30.03
2011-02-14,31.86,31.88,31.55,31.74,695100,30.02
2011-02-11,31.75,32.00,31.60,31.89,1042000,30.16
2011-02-10,31.55,31.88,31.35,31.80,1136800,30.08
2011-02-09,31.75,31.95,31.40,31.68,1623800,29.96
2011-02-08,31.10,32.05,30.94,31.87,2171600,30.14
2011-02-07,30.95,31.17,30.85,30.96,1576700,29.28
2011-02-04,30.83,31.11,30.68,30.96,954800,29.28
2011-02-03,30.94,30.98,30.70,30.87,943900,29.20
2011-02-02,31.04,31.29,30.94,31.03,1423700,29.35
2011-02-01,30.58,31.08,30.57,31.07,1391500,29.39
2011-01-31,30.30,30.58,30.20,30.43,1019600,28.78
2011-01-28,30.87,30.93,30.27,30.28,986200,28.64
2011-01-27,30.81,30.92,30.65,30.81,905500,29.14
2011-01-26,30.67,30.96,30.58,30.79,1034400,29.12
2011-01-25,30.54,30.69,30.20,30.68,1166700,29.02
2011-01-24,30.06,30.61,30.00,30.61,1160100,28.95
2011-01-21,30.03,30.20,29.89,30.01,992300,28.38
2011-01-20,29.74,30.04,29.60,29.92,1464000,28.30
2011-01-19,30.22,30.27,29.75,29.83,1161600,28.21
2011-01-18,30.14,30.31,29.38,30.20,1873200,28.56
2011-01-14,29.67,30.14,29.56,30.12,1670500,28.49
2011-01-13,29.94,30.00,29.56,29.64,2323900,28.03
2011-01-12,28.70,29.55,28.66,29.53,2224100,27.93
2011-01-11,28.60,28.72,28.38,28.68,896000,27.13
2011-01-10,28.33,28.56,28.22,28.53,1201400,26.98
2011-01-07,28.40,28.50,28.29,28.49,1271200,26.95
2011-01-06,28.35,28.50,28.23,28.38,1125200,26.84
2011-01-05,27.91,28.44,27.86,28.44,1391000,26.90
2011-01-04,28.12,28.20,27.84,27.95,1756500,26.44
2011-01-03,27.55,28.13,27.49,28.13,2414500,26.61
2010-12-31,27.60,27.71,27.19,27.39,1641500,25.91
2010-12-30,27.70,27.75,27.54,27.67,565700,26.17
2010-12-29,27.58,27.85,27.52,27.76,1155400,26.26
2010-12-28,27.43,27.57,27.36,27.52,722800,26.03
2010-12-27,27.23,27.45,27.11,27.42,812500,25.93
2010-12-23,27.16,27.38,27.16,27.32,1084400,25.84
2010-12-22,27.20,27.33,27.14,27.22,1415000,25.75
2010-12-21,27.19,27.35,26.91,27.13,2612900,25.66
2010-12-20,27.38,27.48,27.14,27.19,1837100,25.72
2010-12-17,27.77,27.81,27.44,27.44,2399500,25.95
2010-12-16,27.56,27.94,27.52,27.84,1207000,26.33
2010-12-15,27.63,27.90,27.48,27.52,933500,26.03
2010-12-14,27.93,28.05,27.69,27.80,1910500,26.25
2010-12-13,28.29,28.36,27.90,27.91,7034700,26.35
2010-12-10,28.16,28.27,28.10,28.25,816000,26.67
2010-12-09,28.43,28.45,27.92,28.15,1929000,26.58
2010-12-08,28.28,28.42,28.00,28.39,1821200,26.80
2010-12-07,28.12,28.38,28.06,28.21,1741500,26.63
2010-12-06,27.90,28.20,27.78,28.02,2234400,26.45
2010-12-03,28.02,28.48,27.94,28.48,1437000,26.89
2010-12-02,27.73,28.15,27.67,28.15,1108800,26.58
2010-12-01,27.17,27.76,27.17,27.76,1147200,26.21
2010-11-30,26.89,27.06,26.71,26.90,1362200,25.40
2010-11-29,27.11,27.20,26.73,27.13,1010700,25.61
2010-11-26,27.19,27.35,27.12,27.29,245900,25.77
2010-11-24,27.25,27.48,27.20,27.46,701400,25.93
2010-11-23,27.29,27.31,26.98,27.04,930100,25.53
2010-11-22,27.37,27.60,27.26,27.55,1178200,26.01
2010-11-19,27.15,27.54,27.08,27.38,1544000,25.85
2010-11-18,26.87,27.30,26.86,27.12,1348700,25.60
2010-11-17,27.03,27.13,26.67,26.75,1227200,25.26
2010-11-16,27.14,27.16,26.64,27.06,1941400,25.55
2010-11-15,27.23,27.44,27.21,27.32,1284000,25.79
2010-11-12,27.43,27.53,27.07,27.20,766900,25.68
2010-11-11,27.67,27.75,27.37,27.59,760700,26.05
2010-11-10,27.56,27.89,27.46,27.86,1234900,26.30
2010-11-09,27.75,27.90,27.59,27.65,947200,26.10
2010-11-08,27.82,27.91,27.57,27.76,708300,26.21
2010-11-05,27.86,28.10,27.68,27.95,1628200,26.39
2010-11-04,27.81,27.91,27.63,27.81,1402000,26.26
2010-11-03,27.51,27.71,27.48,27.59,1587600,26.05
2010-11-02,27.58,27.70,27.22,27.46,1466200,25.93
2010-11-01,27.18,27.65,27.18,27.43,2217000,25.90
2010-10-29,26.99,27.24,26.88,27.10,2264300,25.59
2010-10-28,27.47,27.61,26.70,27.01,2854500,25.50
2010-10-27,27.99,28.01,27.08,27.41,3976600,25.88
2010-10-26,28.68,28.80,27.93,28.22,3356400,26.64
2010-10-25,28.74,28.99,28.62,28.82,2047000,27.21
2010-10-22,28.52,28.75,28.45,28.60,923400,27.00
2010-10-21,28.57,28.90,28.25,28.47,2715600,26.88
2010-10-20,28.32,28.76,28.26,28.72,1435300,27.12
2010-10-19,28.18,28.47,28.06,28.22,1889300,26.64
2010-10-18,28.07,28.44,28.04,28.44,1788700,26.85
2010-10-15,28.00,28.14,27.86,28.07,2393200,26.50
2010-10-14,27.90,28.00,27.77,27.88,1491200,26.32
2010-10-13,27.65,28.00,27.61,27.89,2188000,26.33
2010-10-12,27.09,27.62,27.01,27.56,3067100,26.02
2010-10-11,26.77,27.12,26.64,27.08,2715500,25.57
2010-10-08,26.71,26.85,26.53,26.80,2353300,25.30
2010-10-07,26.82,26.90,26.45,26.68,1633200,25.19
2010-10-06,26.82,26.90,26.59,26.81,1976800,25.31
2010-10-05,26.75,26.96,26.65,26.85,3377800,25.35
2010-10-04,26.73,27.02,26.49,26.57,2624200,25.09
2010-10-01,27.20,27.38,26.92,26.99,1732700,25.48
2010-09-30,27.42,27.70,27.10,27.13,2158100,25.61
2010-09-29,27.41,27.53,27.28,27.37,1352700,25.84
2010-09-28,27.41,27.56,27.09,27.52,1366000,25.98
2010-09-27,27.59,27.60,27.37,27.40,1211800,25.87
2010-09-24,27.24,27.54,27.17,27.54,2038600,26.00
2010-09-23,27.17,27.47,27.06,27.08,1419000,25.57
2010-09-22,27.45,27.53,27.24,27.32,1786300,25.79
2010-09-21,27.65,27.71,27.26,27.39,2175400,25.86
2010-09-20,27.42,27.71,27.40,27.64,2442800,26.10
2010-09-17,27.62,27.63,27.40,27.40,2669700,25.87
2010-09-16,27.48,27.68,27.27,27.49,1460100,25.95
2010-09-15,27.40,27.68,27.40,27.49,2071400,25.95
2010-09-14,27.61,27.79,27.48,27.50,1837400,25.96
2010-09-13,27.57,27.81,27.47,27.67,3150400,26.08
2010-09-10,27.45,27.50,27.31,27.37,2059200,25.79
2010-09-09,27.51,27.62,27.26,27.41,2515800,25.83
2010-09-08,27.12,27.55,27.11,27.36,2155400,25.78
2010-09-07,27.59,27.63,27.23,27.23,1533600,25.66
2010-09-03,27.35,27.59,27.28,27.50,2089200,25.92
2010-09-02,26.39,27.26,26.37,27.25,3014300,25.68
2010-09-01,26.83,26.83,26.29,26.44,2913400,24.92
2010-08-31,26.01,26.39,25.57,25.85,6488300,24.36
2010-08-30,26.47,26.49,26.06,26.13,4060600,24.63
2010-08-27,25.72,26.62,25.66,26.59,4314300,25.06
2010-08-26,25.83,25.92,25.53,25.66,3005200,24.18
2010-08-25,25.68,25.79,25.55,25.66,5897100,24.18
2010-08-24,26.05,26.06,25.67,25.83,6451300,24.34
2010-08-23,26.50,26.68,26.11,26.25,2311800,24.74
2010-08-20,26.36,26.56,26.28,26.49,2157100,24.96
2010-08-19,26.81,26.81,26.25,26.43,3051600,24.91
2010-08-18,26.78,26.92,26.61,26.82,3905600,25.28
2010-08-17,26.51,26.96,26.44,26.84,4876700,25.29
2010-08-16,26.39,26.64,26.25,26.34,11175500,24.82
2010-08-13,26.35,26.60,26.23,26.50,11572700,24.97
2010-08-12,26.18,26.54,25.81,26.37,9038300,24.85
2010-08-11,26.75,26.81,26.36,26.36,6843600,24.84
2010-08-10,27.69,27.84,27.10,27.10,9113800,25.54
2010-08-09,27.81,28.01,27.57,27.88,4921200,26.27
2010-08-06,27.61,27.74,27.47,27.70,6251300,26.10
2010-08-05,27.46,27.82,27.27,27.66,7640400,26.07
2010-08-04,28.00,28.00,27.26,27.50,30390600,25.92
2010-08-03,28.75,29.00,28.70,28.79,22080400,27.13
2010-08-02,28.85,28.91,28.71,28.72,18693900,27.07
2010-07-30,28.44,28.73,28.44,28.67,8863600,27.02
2010-07-29,28.54,28.78,28.48,28.65,9766100,27.00
2010-07-28,28.34,28.62,28.32,28.50,9829900,26.86
2010-07-27,28.24,28.51,28.16,28.36,7627100,26.73
2010-07-26,28.12,28.27,27.87,28.20,5137400,26.58
2010-07-23,28.05,28.24,27.79,28.10,4555000,26.48
2010-07-22,27.84,28.15,27.80,28.03,6985900,26.42
2010-07-21,28.00,28.00,27.64,27.71,5427100,26.11
2010-07-20,27.56,27.97,27.44,27.90,7445100,26.29
2010-07-19,27.62,27.73,27.45,27.63,3213300,26.04
2010-07-16,27.81,27.88,27.50,27.52,6031500,25.94
2010-07-15,27.83,28.06,27.72,27.97,3805700,26.36
2010-07-14,27.74,28.15,27.70,27.93,7228200,26.32
2010-07-13,27.87,27.94,27.66,27.77,7704300,26.17
2010-07-12,27.70,27.87,27.54,27.75,6664700,26.15
2010-07-09,27.71,27.76,27.59,27.70,3755800,26.10
2010-07-08,27.67,27.77,27.49,27.65,4372300,26.06
2010-07-07,27.07,27.60,27.07,27.55,5806000,25.96
2010-07-06,27.49,27.49,26.62,27.17,7014900,25.61
2010-07-02,26.51,26.77,26.35,26.41,2530400,24.89
2010-07-01,27.01,27.05,26.45,26.53,5968000,25.00
2010-06-30,27.01,27.35,26.78,26.82,3476100,25.28
2010-06-29,27.18,27.29,26.91,27.05,4523200,25.49
2010-06-28,27.51,27.75,27.26,27.40,1808100,25.82
2010-06-25,27.70,27.80,27.31,27.54,5756200,25.95
2010-06-24,27.17,27.43,26.98,27.14,2359900,25.58
2010-06-23,27.27,27.48,27.10,27.26,3039400,25.69
2010-06-22,27.83,28.04,27.25,27.27,3186700,25.70
2010-06-21,27.70,27.93,27.52,27.64,4412000,26.05
2010-06-18,27.84,27.85,27.47,27.48,3945200,25.90
2010-06-17,27.73,27.80,27.54,27.79,3234000,26.19
2010-06-16,27.15,27.84,27.12,27.64,6031500,26.05
2010-06-15,27.17,27.39,27.03,27.27,4174200,25.70
2010-06-14,27.41,27.46,26.97,27.04,3128900,25.48
2010-06-11,27.17,27.26,26.99,27.21,2631100,25.60
2010-06-10,26.96,27.40,26.96,27.30,3311600,25.68
2010-06-09,27.03,27.28,26.63,26.74,5521800,25.15
2010-06-08,26.74,26.98,26.48,26.88,4382300,25.29
2010-06-07,27.15,27.28,26.71,26.75,5049600,25.16
2010-06-04,27.56,27.56,27.05,27.14,6175500,25.53
2010-06-03,27.47,27.74,27.42,27.48,2994200,25.85
2010-06-02,27.42,27.58,27.16,27.56,3816600,25.93
2010-06-01,27.40,27.60,27.26,27.30,4681200,25.68
2010-05-28,27.90,27.92,27.50,27.52,3748100,25.89
2010-05-27,27.87,27.98,27.67,27.95,6276100,26.29
2010-05-26,28.14,28.23,27.36,27.47,15375000,25.84
2010-05-25,25.77,26.56,25.28,26.56,9783900,24.98
2010-05-24,26.11,26.36,25.62,26.12,5337400,24.57
2010-05-21,25.51,26.27,25.44,26.17,8552900,24.62
2010-05-20,26.75,26.80,25.50,25.81,12483700,24.28
2010-05-19,27.06,27.56,26.94,27.01,7998800,25.41
2010-05-18,27.11,27.78,26.80,27.15,17960300,25.54
2010-05-17,29.73,29.80,28.70,28.88,6607500,27.17
2010-05-14,29.83,29.99,28.35,29.69,8065900,27.93
2010-05-13,29.87,30.27,29.76,29.90,8656900,28.13
2010-05-12,30.13,30.33,29.63,29.70,14793700,27.94
2010-05-11,29.01,29.52,28.83,28.86,5544200,27.15
2010-05-10,29.51,29.79,29.20,29.63,8916100,27.87
2010-05-07,28.53,29.22,28.28,28.76,15614900,27.05
2010-05-06,25.90,30.78,25.75,28.68,35975000,26.98
2010-05-05,25.86,26.11,25.84,26.00,2837500,24.46
2010-05-04,26.04,26.19,25.80,25.96,4422600,24.42
2010-05-03,26.35,26.52,26.19,26.30,2852800,24.74
2010-04-30,26.70,26.75,26.18,26.29,3573100,24.73
2010-04-29,26.47,26.74,26.26,26.73,3812400,25.14
2010-04-28,25.34,26.60,25.24,26.34,5852300,24.78
2010-04-27,25.54,25.78,25.03,25.04,2763200,23.55
2010-04-26,25.71,25.90,25.62,25.65,2339300,24.13
2010-04-23,25.79,25.88,25.26,25.76,2972600,24.23
2010-04-22,25.34,25.80,25.21,25.75,1721100,24.22
2010-04-21,25.52,25.82,25.40,25.57,2001200,24.05
2010-04-20,25.36,25.72,25.22,25.63,2686100,24.11
2010-04-19,25.10,25.19,24.90,25.16,1886800,23.67
2010-04-16,25.24,25.55,25.13,25.19,3126700,23.70
2010-04-15,24.77,25.38,24.70,25.35,2334800,23.85
2010-04-14,24.59,24.94,24.59,24.86,3064000,23.39
2010-04-13,24.79,24.92,24.53,24.67,1913500,23.21
2010-04-12,24.65,24.91,24.65,24.79,1711600,23.32
2010-04-09,24.30,24.55,24.22,24.52,1685800,23.07
2010-04-08,24.11,24.40,23.94,24.32,3238500,22.88
2010-04-07,23.82,24.27,23.75,24.21,4675800,22.77
2010-04-06,23.73,23.98,23.66,23.90,1786000,22.48
2010-04-05,23.72,23.86,23.66,23.82,1165500,22.41
2010-04-01,23.50,23.78,23.48,23.69,2220100,22.28
2010-03-31,23.33,23.47,23.25,23.44,1941300,22.05
2010-03-30,23.58,23.63,23.31,23.43,1812500,22.04
2010-03-29,23.79,23.82,23.46,23.57,2057200,22.17
2010-03-26,23.38,23.76,23.31,23.66,2087200,22.26
2010-03-25,23.67,23.78,23.38,23.39,1805200,22.00
2010-03-24,23.75,23.75,23.56,23.59,1219900,22.19
2010-03-23,23.78,23.83,23.59,23.77,1074500,22.36
2010-03-22,23.57,23.85,23.49,23.71,1487700,22.30
2010-03-19,23.63,23.75,23.48,23.63,3431900,22.23
2010-03-18,23.74,23.83,23.50,23.57,2086300,22.17
2010-03-17,23.51,23.99,23.48,23.83,2908400,22.42
2010-03-16,23.33,23.53,23.28,23.52,1851600,22.12
2010-03-15,23.15,23.39,23.04,23.35,1727700,21.96
2010-03-12,23.16,23.20,23.02,23.19,1558200,21.81
2010-03-11,23.21,23.30,23.09,23.20,2348800,21.78
2010-03-10,23.10,23.18,22.95,23.18,2785700,21.76
2010-03-09,23.25,23.34,23.08,23.14,4013400,21.72
2010-03-08,23.45,23.51,23.32,23.40,1490700,21.96
2010-03-05,23.11,23.50,22.98,23.48,1796200,22.04
2010-03-04,22.99,23.05,22.84,23.03,1463600,21.62
2010-03-03,22.98,23.18,22.86,22.93,1811300,21.52
2010-03-02,23.00,23.20,22.93,22.98,1784200,21.57
2010-03-01,22.56,23.07,22.54,23.07,1969800,21.65
2010-02-26,22.78,22.78,22.50,22.54,4975700,21.16
2010-02-25,22.61,22.83,22.52,22.80,4253500,21.40
2010-02-24,22.68,22.92,22.45,22.88,3328300,21.48
2010-02-23,22.65,22.81,22.45,22.60,2652000,21.21
2010-02-22,22.71,22.84,22.60,22.65,1834700,21.26
2010-02-19,22.48,22.79,22.42,22.68,2890100,21.29
2010-02-18,22.56,22.78,22.41,22.61,3703000,21.22
2010-02-17,22.61,22.61,22.32,22.61,2880100,21.22
2010-02-16,22.48,22.64,22.36,22.52,1954000,21.14
2010-02-12,22.30,22.50,22.13,22.36,4152000,20.99
2010-02-11,22.28,22.52,22.25,22.47,3877500,21.09
2010-02-10,22.73,22.78,22.27,22.28,5301300,20.91
2010-02-09,23.17,23.44,22.74,22.78,4555400,21.38
2010-02-08,23.00,23.12,22.80,22.92,2876500,21.51
2010-02-05,23.62,23.62,22.74,23.04,4777000,21.63
2010-02-04,24.01,24.15,23.52,23.54,4253000,22.10
2010-02-03,23.83,24.01,23.62,23.99,2518200,22.52
2010-02-02,23.79,23.95,23.56,23.95,2325200,22.48
2010-02-01,23.85,23.85,23.48,23.76,2323400,22.30
2010-01-29,23.83,23.96,23.52,23.56,2714000,22.11
2010-01-28,24.21,24.22,23.63,23.75,3817900,22.29
2010-01-27,24.01,24.23,23.87,24.22,2454900,22.73
2010-01-26,24.02,24.24,23.95,24.01,2174000,22.54
2010-01-25,24.15,24.39,23.95,24.07,3397900,22.59
2010-01-22,24.23,24.48,23.95,23.96,3800400,22.49
2010-01-21,24.25,24.94,24.10,24.34,4964700,22.85
2010-01-20,24.21,24.45,23.92,24.25,2168400,22.76
2010-01-19,23.88,24.43,23.86,24.41,1818400,22.91
2010-01-15,24.34,24.40,23.90,23.99,2062000,22.52
2010-01-14,24.24,24.40,24.09,24.35,1171000,22.86
2010-01-13,23.53,24.35,23.53,24.25,3467000,22.76
2010-01-12,23.80,23.87,23.65,23.85,2038700,22.39
2010-01-11,24.20,24.25,23.74,23.93,3010100,22.46
2010-01-08,24.00,24.30,23.86,24.05,2460000,22.57
2010-01-07,24.69,24.69,24.41,24.56,3384900,23.05
2010-01-06,24.93,24.93,24.54,24.70,2481200,23.18
2010-01-05,23.99,24.88,23.93,24.84,4868800,23.32
2010-01-04,23.63,23.96,23.44,23.82,4623700,22.36
2009-12-31,23.67,23.70,23.44,23.44,963500,22.00
2009-12-30,23.62,23.76,23.49,23.61,1819200,22.16
2009-12-29,23.75,23.94,23.63,23.63,803900,22.18
2009-12-28,23.93,23.96,23.69,23.72,1566800,22.26
2009-12-24,23.79,24.00,23.75,23.98,471500,22.51
2009-12-23,23.55,23.79,23.52,23.75,1160800,22.29
2009-12-22,23.35,23.65,23.32,23.59,1401500,22.14
2009-12-21,23.49,23.70,23.25,23.30,2301300,21.87
2009-12-18,23.47,24.05,23.31,23.53,2789600,22.09
2009-12-17,23.42,23.48,23.16,23.17,1801000,21.75
2009-12-16,23.83,23.90,23.38,23.52,2944300,22.08
2009-12-15,23.76,23.88,23.66,23.76,3198700,22.30
2009-12-14,23.77,23.96,23.70,23.96,2296500,22.49
2009-12-11,23.72,23.77,23.57,23.73,2098800,22.23
2009-12-10,23.45,23.74,23.37,23.67,2548900,22.17
2009-12-09,23.03,23.40,22.87,23.32,3069000,21.84
2009-12-08,23.37,23.42,23.05,23.17,3486600,21.70
2009-12-07,23.31,23.73,23.11,23.48,4679000,21.99
2009-12-04,23.38,23.60,23.03,23.46,2504200,21.97
2009-12-03,23.34,23.50,23.01,23.17,2216800,21.70
2009-12-02,23.23,23.59,23.20,23.32,2256400,21.84
2009-12-01,22.73,23.48,22.69,23.42,3221400,21.94
2009-11-30,22.46,22.65,22.34,22.60,2539100,21.17
2009-11-27,22.53,22.71,22.40,22.53,1483400,21.10
2009-11-25,23.00,23.20,22.90,22.98,4612100,21.52
2009-11-24,23.04,23.04,22.69,22.77,2131700,21.33
2009-11-23,23.06,23.07,22.74,22.97,2740800,21.52
2009-11-20,22.89,23.00,22.64,22.73,2917900,21.29
2009-11-19,23.27,23.50,22.91,23.11,3582700,21.65
2009-11-18,23.39,23.90,22.99,23.47,4619300,21.98
2009-11-17,22.65,22.81,22.35,22.58,2846700,21.15
2009-11-16,22.58,22.77,22.51,22.63,3818000,21.20
2009-11-13,22.59,22.80,22.38,22.59,2026200,21.16
2009-11-12,22.90,23.00,22.61,22.66,2338900,21.23
2009-11-11,23.03,23.07,22.70,22.94,2114200,21.49
2009-11-10,22.82,22.94,22.65,22.90,2548400,21.45
2009-11-09,22.50,22.95,22.39,22.94,2649100,21.49
2009-11-06,22.53,22.66,22.14,22.46,2978200,21.04
2009-11-05,22.12,22.55,21.95,22.55,2778800,21.12
2009-11-04,22.12,22.26,21.85,21.90,2776600,20.51
2009-11-03,22.00,22.09,21.73,22.02,3087200,20.63
2009-11-02,21.77,22.10,21.62,22.02,3356200,20.63
2009-10-30,22.12,22.30,21.76,21.76,3974400,20.38
2009-10-29,21.99,22.40,21.73,22.28,3536100,20.87
2009-10-28,22.46,22.46,21.75,21.78,4364400,20.40
2009-10-27,22.63,22.76,22.47,22.58,3356100,21.15
2009-10-26,22.80,22.94,22.44,22.61,3603600,21.18
2009-10-23,23.79,23.79,22.69,22.82,3542500,21.37
2009-10-22,22.92,23.95,22.38,23.64,11662500,22.14
2009-10-21,24.38,25.12,24.33,24.83,5085100,23.26
2009-10-20,24.55,24.55,24.27,24.51,2068600,22.96
2009-10-19,24.46,24.82,24.44,24.60,2475300,23.04
2009-10-16,24.38,24.98,24.14,24.43,3108800,22.88
2009-10-15,24.28,24.56,24.22,24.53,2097200,22.98
2009-10-14,24.24,24.46,24.22,24.44,2144900,22.89
2009-10-13,24.21,24.37,23.99,24.14,2635300,22.61
2009-10-12,24.19,24.47,24.13,24.30,2001300,22.76
2009-10-09,24.21,24.41,24.06,24.35,2351300,22.81
2009-10-08,24.36,24.48,24.12,24.30,2816700,22.76
2009-10-07,24.23,24.48,23.93,24.13,3788200,22.60
2009-10-06,24.01,24.49,23.93,24.28,4529000,22.74
2009-10-05,24.07,24.37,23.89,23.91,5585400,22.40
2009-10-02,24.55,24.74,23.96,23.99,5707300,22.47
2009-10-01,25.40,25.66,24.85,24.85,29103100,23.28
2009-09-30,25.17,25.56,24.94,25.51,3607800,23.89
2009-09-29,25.64,25.73,25.36,25.40,2336200,23.79
2009-09-28,25.50,25.89,25.44,25.70,1955900,24.07
2009-09-25,25.30,26.00,25.22,25.40,4631800,23.79
2009-09-24,25.23,25.31,24.99,25.30,2401700,23.70
2009-09-23,24.71,25.37,24.63,25.16,4817800,23.57
2009-09-22,24.97,24.99,24.68,24.73,1548500,23.16
2009-09-21,24.82,25.05,24.59,24.93,1880600,23.35
2009-09-18,25.12,25.22,24.73,24.93,2084700,23.35
2009-09-17,25.07,25.23,24.99,25.05,1610700,23.46
2009-09-16,24.83,25.12,24.67,25.12,1700700,23.53
2009-09-15,24.89,24.92,24.64,24.84,1809400,23.27
2009-09-14,24.71,24.97,24.47,24.85,2068800,23.28
2009-09-11,24.34,25.01,24.28,24.82,3423400,23.20
2009-09-10,24.48,24.55,24.28,24.35,2614400,22.76
2009-09-09,24.00,24.52,23.94,24.48,2439200,22.88
2009-09-08,24.26,24.26,23.80,23.98,1779000,22.42
2009-09-04,24.20,24.40,23.77,24.18,4012700,22.60
2009-09-03,23.98,24.35,23.62,24.33,6339400,22.74
2009-09-02,23.97,24.10,23.82,23.92,1748100,22.36
2009-09-01,24.42,24.84,24.04,24.06,1600400,22.49
2009-08-31,24.52,24.75,24.36,24.56,1374800,22.96
2009-08-28,25.05,25.05,24.63,24.72,1382100,23.11
2009-08-27,25.00,25.05,24.47,24.83,2169100,23.21
2009-08-26,24.96,25.09,24.88,25.06,2274500,23.43
2009-08-25,25.08,25.32,24.90,24.98,2419100,23.35
2009-08-24,24.94,25.17,24.85,25.01,2546300,23.38
2009-08-21,24.67,24.87,24.42,24.85,2848200,23.23
2009-08-20,24.80,24.88,24.26,24.43,3024600,22.84
2009-08-19,24.11,25.02,24.11,24.77,4194200,23.15
2009-08-18,24.36,24.46,24.13,24.39,2281500,22.80
2009-08-17,24.07,24.46,23.86,24.28,3901300,22.70
2009-08-14,24.47,24.52,24.05,24.24,2879700,22.66
2009-08-13,24.47,24.65,23.86,24.38,6688500,22.79
2009-08-12,23.99,24.68,23.90,24.45,2156400,22.86
2009-08-11,24.09,24.29,23.92,24.05,1760400,22.48
2009-08-10,24.31,24.43,24.08,24.18,1598900,22.60
2009-08-07,24.61,24.63,24.22,24.45,1757400,22.86
2009-08-06,24.44,24.63,24.21,24.31,2715100,22.72
2009-08-05,24.36,24.51,24.13,24.40,2891700,22.81
2009-08-04,23.15,24.35,23.15,24.35,3736400,22.76
2009-08-03,23.60,23.60,23.36,23.57,4501000,22.03
2009-07-31,23.47,23.69,23.29,23.42,1875900,21.89
2009-07-30,23.49,23.75,23.28,23.52,2738000,21.99
2009-07-29,22.48,23.72,21.91,23.32,7676200,21.80
2009-07-28,21.44,21.63,21.34,21.40,2005100,20.00
2009-07-27,21.41,21.55,21.20,21.55,1844800,20.14
2009-07-24,20.97,21.42,20.97,21.41,1706200,20.01
2009-07-23,20.43,21.31,20.33,21.20,5106700,19.82
2009-07-22,20.65,20.73,20.36,20.39,1957400,19.06
2009-07-21,21.06,21.06,20.64,20.69,2517900,19.34
2009-07-20,20.71,21.08,20.68,21.00,3033700,19.63
2009-07-17,20.54,20.72,20.43,20.62,2016500,19.28
2009-07-16,19.97,20.62,19.89,20.56,2172300,19.22
2009-07-15,19.96,20.16,19.68,20.05,3434700,18.74
2009-07-14,19.97,19.97,19.71,19.84,1832900,18.55
2009-07-13,19.50,19.90,19.17,19.90,2229700,18.60
2009-07-10,19.51,21.00,19.37,19.48,2088500,18.21
2009-07-09,19.56,19.57,19.32,19.44,1499500,18.17
2009-07-08,19.58,19.59,19.35,19.43,3390800,18.16
2009-07-07,20.21,20.21,19.53,19.54,1953400,18.27
2009-07-06,19.94,20.18,19.87,20.15,2853700,18.84
2009-07-02,20.16,20.22,19.98,20.01,2058800,18.71
2009-07-01,20.06,20.52,19.88,20.35,2965300,19.02
2009-06-30,20.04,20.29,19.92,19.96,2576200,18.66
2009-06-29,19.99,20.09,19.77,20.02,1575900,18.71
2009-06-26,19.97,20.06,19.87,19.96,1966400,18.66
2009-06-25,19.61,20.03,19.55,20.03,2455000,18.72
2009-06-24,19.55,19.73,19.40,19.65,2371600,18.37
2009-06-23,19.51,19.74,19.16,19.41,3112600,18.14
2009-06-22,19.75,19.80,19.37,19.57,3838700,18.29
2009-06-19,20.12,20.15,19.74,19.76,2785000,18.47
2009-06-18,19.97,19.97,19.64,19.89,1795800,18.59
2009-06-17,19.83,20.05,19.78,19.88,1490700,18.58
2009-06-16,20.17,20.25,19.78,19.79,1521800,18.50
2009-06-15,19.90,20.22,19.90,20.03,2208400,18.72
2009-06-12,20.13,20.14,19.81,20.10,1136600,18.79
2009-06-11,20.46,20.69,20.25,20.30,2185300,18.93
2009-06-10,20.38,20.51,20.22,20.49,2771000,19.11
2009-06-09,20.33,20.35,20.13,20.26,1920300,18.89
2009-06-08,19.98,20.26,19.86,20.14,2249200,18.78
2009-06-05,20.26,20.42,20.15,20.20,2224600,18.84
2009-06-04,20.19,20.42,19.88,20.25,2244400,18.88
2009-06-03,20.04,20.32,19.97,20.22,2544500,18.85
2009-06-02,19.94,20.26,19.91,20.09,1986600,18.73
2009-06-01,19.53,20.07,19.43,20.01,3403100,18.66
2009-05-29,19.09,19.28,18.82,19.26,2722100,17.96
2009-05-28,19.25,19.39,18.79,19.13,2845300,17.84
2009-05-27,19.25,19.60,19.09,19.09,2235700,17.80
2009-05-26,18.49,19.34,18.48,19.30,2564800,18.00
2009-05-22,18.68,18.84,18.55,18.61,1360000,17.35
2009-05-21,18.48,18.68,18.36,18.55,2648500,17.30
2009-05-20,18.93,19.11,18.71,18.73,1789800,17.47
2009-05-19,18.73,18.98,18.57,18.81,2185600,17.54
2009-05-18,18.47,18.80,18.25,18.76,2966500,17.49
2009-05-15,18.22,18.48,18.06,18.33,2105700,17.09
2009-05-14,18.07,18.30,17.95,18.24,2295400,17.01
2009-05-13,18.12,18.35,17.95,18.02,2210700,16.80
2009-05-12,18.83,18.83,17.94,18.40,4309700,17.16
2009-05-11,18.50,18.80,18.40,18.68,2989700,17.42
2009-05-08,18.82,19.31,18.56,18.86,5104500,17.59
2009-05-07,18.69,18.74,18.40,18.57,4403800,17.32
2009-05-06,18.62,18.69,18.23,18.40,5006500,17.16
2009-05-05,18.07,18.49,17.83,18.45,7195700,17.20
2009-05-04,17.99,18.03,17.52,17.95,4430000,16.74
2009-05-01,17.84,17.84,17.58,17.76,3961200,16.56
2009-04-30,18.42,18.57,17.84,17.85,3857400,16.64
2009-04-29,18.80,18.90,18.10,18.35,5690300,17.11
2009-04-28,18.49,19.02,18.35,18.72,3219500,17.46
2009-04-27,18.79,19.35,18.46,18.85,4163100,17.58
2009-04-24,19.43,19.43,18.89,19.05,3858500,17.76
2009-04-23,19.09,19.38,18.86,19.21,3663600,17.91
2009-04-22,18.95,19.65,18.90,19.09,5089600,17.80
2009-04-21,18.84,19.28,18.75,19.17,3740000,17.88
2009-04-20,19.39,19.47,18.96,18.98,3817600,17.70
2009-04-17,20.04,20.10,17.37,19.72,16569400,18.39
2009-04-16,19.57,20.00,19.39,19.92,3897200,18.58
2009-04-15,19.53,19.56,19.22,19.46,4753400,18.15
2009-04-14,19.38,20.00,19.37,19.80,3973400,18.46
2009-04-13,19.22,19.61,19.22,19.50,5846600,18.18
2009-04-09,19.30,19.60,19.13,19.56,7270500,18.24
2009-04-08,19.18,19.28,18.91,19.06,6880100,17.77
2009-04-07,18.09,19.26,18.09,19.05,8039600,17.76
2009-04-06,17.62,18.65,17.62,18.58,8056900,17.33
2009-04-03,17.64,17.86,17.40,17.84,6856800,16.64
2009-04-02,17.29,17.79,16.99,17.70,9758100,16.51
2009-04-01,16.95,17.74,16.60,16.88,22641300,15.74
2009-03-31,18.00,18.46,17.84,18.20,2617700,16.97
2009-03-30,17.52,17.88,17.34,17.82,2223800,16.62
2009-03-27,18.18,18.37,17.72,17.80,1832200,16.60
2009-03-26,18.11,18.58,18.07,18.42,2019400,17.18
2009-03-25,18.07,18.32,17.58,18.03,2365100,16.81
2009-03-24,18.28,18.43,17.77,17.77,2175200,16.57
2009-03-23,17.94,18.56,17.91,18.55,2733400,17.30
2009-03-20,17.65,18.08,17.47,17.55,2482400,16.37
2009-03-19,17.96,17.96,17.61,17.63,1789700,16.44
2009-03-18,17.55,17.99,17.16,17.88,2211900,16.67
2009-03-17,17.10,17.49,16.94,17.48,1994500,16.30
2009-03-16,17.12,17.39,16.97,17.03,2456200,15.88
2009-03-13,16.83,17.48,16.83,17.11,2548300,15.95
2009-03-12,16.29,17.02,16.04,16.98,2295700,15.83
2009-03-11,16.51,16.71,16.31,16.53,1709200,15.37
2009-03-10,15.88,16.46,15.55,16.42,2638200,15.27
2009-03-09,16.39,16.43,15.42,15.52,2834800,14.43
2009-03-06,16.54,16.55,15.85,16.39,2762900,15.24
2009-03-05,16.42,16.97,16.27,16.42,2755400,15.27
2009-03-04,16.92,17.33,16.75,16.98,3813800,15.79
2009-03-03,17.10,17.10,16.45,16.69,2424100,15.52
2009-03-02,17.27,17.63,16.85,16.88,3719200,15.69
2009-02-27,17.12,17.62,17.12,17.50,3428400,16.27
2009-02-26,17.77,17.89,17.32,17.47,2189900,16.24
2009-02-25,17.69,17.84,17.19,17.52,3568000,16.29
2009-02-24,17.36,17.68,17.10,17.60,2733100,16.36
2009-02-23,17.80,17.91,17.17,17.22,2039000,16.01
2009-02-20,17.24,17.80,15.86,17.63,2761000,16.39
2009-02-19,17.68,18.09,17.48,17.56,1969300,16.32
2009-02-18,17.86,17.86,17.38,17.58,1463400,16.34
2009-02-17,17.56,18.03,17.00,17.70,2425600,16.46
2009-02-13,18.33,18.86,18.24,18.29,2079800,17.00
2009-02-12,16.83,18.49,16.83,18.43,2412800,17.13
2009-02-11,17.71,18.87,17.25,18.26,4392300,16.98
2009-02-10,17.54,17.76,16.43,16.54,2713600,15.38
2009-02-09,17.55,17.76,17.29,17.66,1314400,16.42
2009-02-06,17.00,17.65,17.00,17.55,2244000,16.32
2009-02-05,16.47,17.23,16.47,17.06,2117000,15.86
2009-02-04,16.44,16.92,16.40,16.68,2239400,15.51
2009-02-03,16.16,16.50,15.95,16.41,1500800,15.26
2009-02-02,15.82,16.21,15.66,16.15,1822100,15.01
2009-01-30,16.33,16.38,15.80,15.91,2078800,14.79
2009-01-29,16.68,16.69,16.17,16.22,1229600,15.08
2009-01-28,16.49,16.82,16.24,16.74,1523700,15.56
2009-01-27,16.03,16.16,15.89,16.10,1804200,14.97
2009-01-26,15.85,16.29,15.72,16.03,1778800,14.90
2009-01-23,15.54,15.93,15.20,15.79,1918800,14.68
2009-01-22,15.62,16.02,15.62,15.86,2293000,14.74
2009-01-21,16.10,16.22,15.69,16.18,2024200,15.04
2009-01-20,16.26,16.57,15.89,15.91,2314400,14.79
2009-01-16,16.80,16.91,16.22,16.44,2918700,15.28
2009-01-15,16.04,16.72,15.95,16.44,2590000,15.28
2009-01-14,16.58,16.86,16.05,16.30,2073600,15.15
2009-01-13,16.23,17.02,16.19,16.85,2048200,15.66
2009-01-12,16.73,16.88,16.14,16.27,1032200,15.13
2009-01-09,17.06,17.12,16.71,16.82,1436400,15.64
2009-01-08,16.65,17.25,16.65,17.16,1579700,15.95
2009-01-07,16.87,17.30,16.32,17.01,2757200,15.81
2009-01-06,17.37,17.55,17.14,17.42,2500300,16.19
2009-01-05,16.92,17.20,16.69,17.15,1564900,15.94
2009-01-02,16.36,17.12,16.22,17.05,1374700,15.85
2008-12-31,15.93,16.36,15.68,16.27,1531400,15.13
2008-12-30,15.79,15.97,15.59,15.86,1087000,14.74
2008-12-29,16.05,16.12,15.49,15.72,945500,14.61
2008-12-26,16.08,16.24,15.88,16.09,365900,14.96
2008-12-24,16.06,16.12,15.76,16.05,281500,14.92
2008-12-23,16.75,16.75,15.87,16.06,906000,14.93
2008-12-22,17.00,17.00,15.98,16.33,1811100,15.18
2008-12-19,16.69,17.24,16.61,16.95,2110100,15.76
2008-12-18,16.74,16.94,16.36,16.56,1779100,15.40
2008-12-17,15.79,16.91,15.77,16.72,2726200,15.54
2008-12-16,15.89,16.20,15.75,16.11,2915500,14.98
2008-12-15,16.37,16.58,15.23,15.50,1804000,14.41
2008-12-12,15.49,16.48,15.49,16.48,1104800,15.32
2008-12-11,16.25,16.73,15.89,15.98,1205200,14.86
2008-12-10,16.79,16.84,16.28,16.58,2340300,15.37
2008-12-09,17.15,17.15,16.39,16.63,1708000,15.41
2008-12-08,17.14,17.20,16.74,17.00,2088800,15.76
2008-12-05,16.03,17.12,15.54,17.05,2318100,15.80
2008-12-04,16.68,16.93,15.82,16.12,2792500,14.94
2008-12-03,16.20,17.10,16.11,16.95,1681200,15.71
2008-12-02,16.30,17.20,15.97,16.58,2760700,15.37
2008-12-01,16.63,16.65,15.96,15.96,1778700,14.79
2008-11-28,16.78,17.24,16.78,17.18,828900,15.92
2008-11-26,15.49,16.91,15.25,16.87,1315400,15.64
2008-11-25,15.73,15.77,15.16,15.69,2247200,14.54
2008-11-24,14.08,15.66,13.82,15.35,2818200,14.23
2008-11-21,13.53,13.94,11.15,13.80,7934600,12.79
2008-11-20,14.21,14.80,13.27,13.40,2404600,12.42
2008-11-19,15.42,15.90,14.40,14.44,1593800,13.38
2008-11-18,15.29,15.72,14.69,15.36,2046900,14.24
2008-11-17,15.63,16.00,15.36,15.46,1396700,14.33
2008-11-14,16.45,16.80,15.80,15.85,1482200,14.69
2008-11-13,15.36,16.82,14.75,16.82,2199500,15.59
2008-11-12,14.93,15.18,14.74,15.10,1784000,14.00
2008-11-11,15.91,16.02,15.07,15.25,937500,14.13
2008-11-10,16.50,16.69,15.84,16.07,1122500,14.89
2008-11-07,15.75,16.55,15.71,16.16,1139400,14.98
2008-11-06,16.00,16.25,15.38,15.56,1987100,14.42
2008-11-05,16.50,17.22,16.11,16.18,1590900,15.00
2008-11-04,15.90,16.83,15.90,16.76,1712300,15.53
2008-11-03,15.14,15.60,14.77,15.46,1372900,14.33
2008-10-31,14.68,15.27,14.46,15.09,1992700,13.99
2008-10-30,14.86,15.44,14.28,14.82,2674900,13.74
2008-10-29,15.81,15.92,14.25,14.35,3677600,13.30
2008-10-28,13.63,15.90,13.25,15.87,4479100,14.71
2008-10-27,13.06,13.17,12.35,12.47,1659000,11.56
2008-10-24,12.85,13.61,12.56,13.37,1705200,12.39
2008-10-23,14.07,14.09,12.95,13.68,2238000,12.68
2008-10-22,14.61,15.22,13.86,13.99,1928600,12.97
2008-10-21,15.99,16.08,15.16,15.21,1108300,14.10
2008-10-20,15.73,16.24,15.41,16.19,1697500,15.01
2008-10-17,14.79,16.02,14.72,15.56,1956700,14.42
2008-10-16,15.15,15.49,14.00,15.22,2856700,14.11
2008-10-15,16.74,16.95,15.18,15.20,2198700,14.09
2008-10-14,17.70,17.70,16.54,16.99,2118600,15.75
2008-10-13,15.30,17.43,15.24,16.74,2773500,15.52
2008-10-10,14.10,15.99,13.51,15.14,4395000,14.03
2008-10-09,15.70,15.93,14.68,14.68,2397700,13.61
2008-10-08,15.03,16.06,14.86,15.30,3235300,14.18
2008-10-07,16.40,16.58,15.27,15.27,2825100,14.15
2008-10-06,16.67,16.79,15.34,16.15,3970600,14.97
2008-10-03,17.78,18.04,17.00,17.04,2953000,15.79
2008-10-02,18.11,18.21,17.45,17.50,1975600,16.22
2008-10-01,18.30,18.45,18.03,18.18,1982900,16.85
2008-09-30,18.62,18.62,17.94,18.46,2066800,17.11
2008-09-29,19.44,19.70,17.21,18.09,2580900,16.77
2008-09-26,19.53,19.91,19.26,19.74,1787600,18.30
2008-09-25,19.81,20.03,19.57,19.91,1312700,18.45
2008-09-24,19.40,19.59,19.15,19.48,1392500,18.06
2008-09-23,19.17,19.72,18.97,19.40,1680800,17.98
2008-09-22,20.15,20.20,18.96,19.04,1862200,17.65
2008-09-19,19.23,23.41,19.23,20.36,6132300,18.87
2008-09-18,20.05,20.20,19.00,20.20,2712400,18.72
2008-09-17,20.84,21.03,19.75,19.76,2460400,18.31
2008-09-16,20.53,21.18,20.18,21.12,2037400,19.58
2008-09-15,21.17,21.48,20.69,20.88,1418200,19.35
2008-09-12,21.25,21.86,21.25,21.83,1742000,20.23
2008-09-11,21.22,21.65,21.15,21.59,1633200,20.01
2008-09-10,21.25,21.83,21.08,21.58,2372200,19.96
2008-09-09,21.40,21.63,21.13,21.14,1914100,19.55
2008-09-08,21.14,22.33,21.09,21.42,2740200,19.81
2008-09-05,21.03,21.34,20.40,20.86,1968700,19.29
2008-09-04,21.74,21.75,21.06,21.08,1438200,19.49
2008-09-03,22.06,22.19,21.63,21.70,1298600,20.07
2008-09-02,22.12,22.62,21.95,22.06,900000,20.40
2008-08-29,22.30,22.30,21.72,21.85,1316500,20.21
2008-08-28,22.09,22.65,21.87,22.47,1393000,20.78
2008-08-27,21.77,22.04,21.61,21.98,591900,20.33
2008-08-26,21.93,21.93,21.47,21.79,994600,20.15
2008-08-25,22.16,22.33,21.84,21.97,920600,20.32
2008-08-22,22.44,22.65,22.01,22.33,1062100,20.65
2008-08-21,21.92,22.26,21.65,22.16,939100,20.49
2008-08-20,22.50,22.51,22.03,22.23,1075000,20.56
2008-08-19,22.49,22.65,22.17,22.41,1115200,20.72
2008-08-18,23.06,23.09,22.59,22.71,959500,21.00
2008-08-15,23.00,23.40,22.93,23.09,1080300,21.35
2008-08-14,22.69,23.06,22.23,22.94,1214000,21.21
2008-08-13,22.89,23.01,22.33,22.79,1479700,21.07
2008-08-12,23.13,23.51,22.76,22.94,2827100,21.21
2008-08-11,23.12,23.65,22.80,23.31,2041500,21.56
2008-08-08,22.25,23.47,22.25,23.21,2836400,21.46
2008-08-07,21.71,23.11,21.60,22.40,4135000,20.71
2008-08-06,20.71,22.75,19.97,22.50,7141400,20.81
2008-08-05,18.91,19.14,18.64,18.97,3211300,17.54
2008-08-04,18.95,19.17,18.79,18.97,2108800,17.54
2008-08-01,18.89,19.25,18.71,19.13,1894300,17.69
2008-07-31,19.52,19.70,18.81,18.95,3341500,17.52
2008-07-30,20.12,20.25,19.37,19.70,2091300,18.22
2008-07-29,19.36,20.11,19.36,20.11,2091600,18.60
2008-07-28,19.55,19.76,19.38,19.43,1408300,17.97
2008-07-25,20.26,20.27,19.41,19.56,2006800,18.09
2008-07-24,20.67,20.67,20.05,20.12,1196900,18.61
2008-07-23,20.92,21.20,20.31,20.51,1732200,18.97
2008-07-22,20.49,20.49,19.64,20.40,2034900,18.86
2008-07-21,20.32,20.53,18.43,19.84,3293800,18.35
2008-07-18,20.58,20.84,19.70,20.84,2062400,19.27
2008-07-17,19.90,20.93,19.86,20.56,2959400,19.01
2008-07-16,19.76,20.06,19.22,20.00,3500800,18.49
2008-07-15,20.17,20.69,18.80,19.77,3756000,18.28
2008-07-14,21.01,21.02,20.30,20.37,2741900,18.84
2008-07-11,20.90,21.16,20.54,20.80,1906500,19.23
2008-07-10,21.80,21.85,20.69,21.00,3222200,19.42
2008-07-09,21.07,22.14,21.07,21.76,4075900,20.12
2008-07-08,19.78,21.12,19.73,21.05,3718000,19.47
2008-07-07,20.24,20.54,19.64,19.74,3991400,18.25
2008-07-03,20.36,20.84,19.96,20.14,2640800,18.62
2008-07-02,37.00,37.50,36.95,37.25,2317800,19.19
2008-07-01,36.51,37.14,36.39,37.11,1510100,19.12
2008-06-30,37.16,37.60,36.52,36.91,1344900,19.01
2008-06-27,37.31,37.52,36.63,36.97,1812700,19.04
2008-06-26,37.77,37.95,36.97,37.14,1030100,19.13
2008-06-25,37.68,38.67,37.68,38.28,1454200,19.72
2008-06-24,37.62,38.05,37.39,37.65,951400,19.39
2008-06-23,38.55,38.62,37.82,37.93,840100,19.54
2008-06-20,40.20,40.20,38.36,38.50,1425600,19.83
2008-06-19,38.82,39.42,38.63,39.35,1139100,20.27
2008-06-18,39.39,39.44,38.65,38.80,762400,19.99
2008-06-17,40.07,40.07,39.31,39.36,781200,20.27
2008-06-16,39.65,40.03,39.34,39.81,686900,20.51
2008-06-13,39.36,40.05,39.34,39.99,1316400,20.60
2008-06-12,38.54,39.50,38.54,39.13,1537700,20.16
2008-06-11,38.82,39.57,38.40,38.40,2207500,19.78
2008-06-10,38.30,39.71,38.13,39.07,1915100,20.10
2008-06-09,39.58,40.00,38.28,38.64,3148900,19.88
2008-06-06,41.53,41.87,39.91,40.11,3245000,20.63
2008-06-05,41.36,42.16,41.08,42.16,2100800,21.69
2008-06-04,40.25,41.26,40.17,41.15,2854900,21.17
2008-06-03,40.32,40.55,39.97,40.25,1577500,20.71
2008-06-02,40.40,40.70,40.11,40.34,2234700,20.75
2008-05-30,40.78,41.01,40.23,40.28,3151000,20.72
2008-05-29,40.30,41.95,40.30,40.50,4951700,20.84
2008-05-28,39.35,40.53,39.21,40.18,2724200,20.67
2008-05-27,38.28,39.02,38.28,38.95,757600,20.04
2008-05-23,38.67,38.96,38.04,38.12,851700,19.61
2008-05-22,38.88,39.15,38.61,38.88,1077300,20.00
2008-05-21,38.90,39.29,38.76,38.87,1508000,20.00
2008-05-20,39.27,39.27,38.54,38.80,888800,19.96
2008-05-19,39.32,40.00,39.10,39.38,993900,20.26
2008-05-16,39.63,39.80,38.70,39.22,1519400,20.18
2008-05-15,39.10,39.80,38.80,39.71,1344200,20.43
2008-05-14,38.46,39.41,38.17,39.11,2539000,20.12
2008-05-13,37.25,38.27,37.25,38.17,1964400,19.64
2008-05-12,36.98,37.64,36.98,37.53,985200,19.31
2008-05-09,36.80,37.28,36.75,37.00,892800,19.03
2008-05-08,37.28,37.61,37.17,37.34,1073400,19.21
2008-05-07,38.02,38.26,37.19,37.30,1158300,19.19
2008-05-06,36.93,38.10,36.89,37.96,1884600,19.53
2008-05-05,37.09,37.67,37.03,37.22,1042100,19.15
2008-05-02,37.52,37.74,37.24,37.49,1250200,19.29
2008-05-01,36.10,37.13,36.01,37.04,3656200,19.06
2008-04-30,36.24,36.44,35.79,36.06,2862400,18.55
2008-04-29,37.04,37.04,36.02,36.33,3063900,18.69
2008-04-28,36.58,37.48,36.33,37.01,2778000,19.04
2008-04-25,36.93,37.31,35.60,36.38,6759100,18.72
2008-04-24,38.10,38.51,37.84,38.43,1783600,19.77
2008-04-23,37.67,38.07,37.32,37.98,1679500,19.54
2008-04-22,37.75,38.04,36.96,37.27,1114200,19.17
2008-04-21,38.07,38.07,37.51,37.98,1473400,19.54
2008-04-18,36.33,38.40,36.31,38.07,2800800,19.59
2008-04-17,35.89,36.22,35.80,35.92,1301100,18.48
2008-04-16,35.12,36.29,34.90,35.93,1701200,18.48
2008-04-15,35.06,35.31,34.48,34.90,2109300,17.95
2008-04-14,35.15,35.15,34.11,34.91,2994400,17.96
2008-04-11,35.74,35.97,35.22,35.23,1391400,18.12
2008-04-10,36.46,36.65,35.84,36.12,1727800,18.58
2008-04-09,37.09,37.40,36.32,36.53,1383000,18.79
2008-04-08,37.81,37.87,37.07,37.13,1928800,19.10
2008-04-07,38.28,38.28,37.64,37.70,1021600,19.39
2008-04-04,37.91,38.27,37.68,38.15,1535500,19.63
2008-04-03,37.78,38.17,37.44,37.73,1540200,19.41
2008-04-02,38.14,38.85,37.71,37.84,2141200,19.47
2008-04-01,38.45,38.45,37.55,38.00,2469400,19.55
2008-03-31,37.47,38.17,37.47,38.14,1959200,19.62
2008-03-28,38.69,38.69,37.73,37.85,800500,19.47
2008-03-27,39.24,39.46,38.21,38.44,2110400,19.78
2008-03-26,39.83,39.83,38.74,39.00,1926200,20.06
2008-03-25,40.41,40.73,39.99,40.14,6168400,20.65
2008-03-24,38.99,40.37,38.85,40.20,1548900,20.68
2008-03-20,37.99,38.75,37.63,38.75,1887700,19.93
2008-03-19,37.25,38.84,36.47,37.95,4001300,19.52
2008-03-18,36.97,37.27,36.48,37.25,2746200,19.16
2008-03-17,37.01,37.42,35.73,36.31,2401600,18.68
2008-03-14,38.96,39.00,37.29,37.67,1967900,19.38
2008-03-13,38.56,39.14,38.03,38.89,1746700,20.01
2008-03-12,39.55,39.73,38.97,39.08,1029000,20.10
2008-03-11,39.18,39.41,38.55,39.41,1530000,20.27
2008-03-10,39.03,39.33,38.15,38.29,1424700,19.67
2008-03-07,39.85,39.90,38.57,39.00,1851700,20.04
2008-03-06,41.11,41.16,40.07,40.09,1151300,20.60
2008-03-05,40.97,41.83,40.90,41.11,1596500,21.12
2008-03-04,40.61,41.00,40.31,40.80,859600,20.96
2008-03-03,41.36,41.50,40.63,41.01,927700,21.07
2008-02-29,41.99,42.19,41.28,41.49,1373700,21.32
2008-02-28,42.00,42.33,41.62,42.25,1127100,21.71
2008-02-27,42.08,42.86,42.08,42.60,979500,21.89
2008-02-26,42.21,42.87,41.78,42.45,1051600,21.81
2008-02-25,41.69,42.36,41.33,42.30,815000,21.73
2008-02-22,41.80,41.80,40.76,41.52,837600,21.33
2008-02-21,41.74,42.07,41.31,41.56,986100,21.35
2008-02-20,40.45,41.51,40.09,41.41,1248600,21.28
2008-02-19,41.85,42.12,40.45,40.65,1883700,20.89
2008-02-15,40.52,42.05,40.35,42.04,1540500,21.60
2008-02-14,40.64,41.06,39.75,40.60,4963600,20.86
2008-02-13,43.01,43.12,42.46,42.70,1600100,21.94
2008-02-12,42.09,42.82,41.81,42.58,1257400,21.88
2008-02-11,41.56,42.41,41.48,42.11,1120100,21.64
2008-02-08,41.87,42.34,41.31,41.59,1522600,21.37
2008-02-07,41.94,42.19,41.40,41.95,1519000,21.55
2008-02-06,42.54,43.56,41.96,41.99,1856200,21.57
2008-02-05,42.82,43.11,41.81,42.33,1324600,21.75
2008-02-04,43.53,43.55,42.98,43.50,1905400,22.35
2008-02-01,42.33,43.83,42.08,43.48,2316700,22.34
2008-01-31,40.86,42.71,40.86,42.42,1705100,21.79
2008-01-30,42.18,42.25,41.43,41.60,2138100,21.37
2008-01-29,41.48,42.63,41.27,42.15,2410400,21.66
2008-01-28,39.66,41.43,39.66,41.36,2036800,21.25
2008-01-25,40.40,41.16,39.80,40.17,2169800,20.64
2008-01-24,39.36,40.40,38.91,40.31,2248400,20.71
2008-01-23,37.34,39.07,36.39,39.01,4196100,20.04
2008-01-22,37.04,38.61,37.04,38.12,1498000,19.59
2008-01-18,38.14,38.98,37.76,38.45,2852800,19.75
2008-01-17,37.50,38.08,37.42,37.93,3140800,19.49
2008-01-16,37.09,37.98,36.82,37.45,2544100,19.24
2008-01-15,37.89,38.06,36.93,36.99,2296000,19.00
2008-01-14,37.53,38.66,36.62,38.49,3199500,19.78
2008-01-11,37.38,37.98,36.92,37.21,2281800,19.12
2008-01-10,38.26,38.84,37.59,37.76,1990400,19.40
2008-01-09,37.85,38.55,37.71,38.40,1430500,19.73
2008-01-08,38.72,39.37,37.97,38.06,2333300,19.55
2008-01-07,40.05,40.12,38.41,38.61,3180200,19.84
2008-01-04,40.39,40.68,39.64,39.87,2180000,20.48
2008-01-03,40.37,40.71,40.16,40.54,1290100,20.83
2008-01-02,41.41,42.04,40.27,40.32,1966400,20.72
