Date,Open,High,Low,Close,Volume,Adj Close
2013-12-31,94.74,95.76,94.36,95.55,1078900,94.44
2013-12-30,94.97,95.10,94.66,95.10,1015100,93.99
2013-12-27,94.49,95.04,94.45,95.00,944600,93.90
2013-12-26,93.95,94.94,93.95,94.84,786800,93.74
2013-12-24,93.32,93.77,93.14,93.77,358400,92.68
2013-12-23,93.85,93.91,93.01,93.18,1019500,92.10
2013-12-20,92.64,93.91,92.64,93.37,1832100,92.28
2013-12-19,92.95,93.13,92.05,92.66,1365600,91.58
2013-12-18,91.40,93.61,91.01,93.55,1926800,92.46
2013-12-17,91.27,91.50,91.01,91.44,1124200,90.38
2013-12-16,90.48,91.34,90.29,90.92,1200800,89.86
2013-12-13,89.89,90.62,89.38,90.26,1178100,89.21
2013-12-12,89.47,90.10,89.41,89.89,1141100,88.84
2013-12-11,90.74,90.90,89.18,89.70,1924600,88.66
2013-12-10,90.23,90.96,89.99,90.55,893000,89.50
2013-12-09,90.89,90.98,90.41,90.53,690200,89.48
2013-12-06,90.06,90.79,89.78,90.79,1042700,89.73
2013-12-05,89.28,90.26,89.10,89.23,882000,88.19
2013-12-04,90.00,90.77,88.85,89.48,1597700,88.44
2013-12-03,91.09,91.36,90.02,90.34,1198600,89.29
2013-12-02,91.40,92.08,91.02,91.22,1136900,90.16
2013-11-29,92.33,92.50,91.57,91.66,776200,90.59
2013-11-27,91.99,92.75,91.92,92.27,886300,91.20
2013-11-26,91.72,92.29,91.69,91.92,1004700,90.85
2013-11-25,92.31,92.49,91.30,91.68,1122900,90.61
2013-11-22,90.94,92.22,90.72,92.15,1538400,91.08
2013-11-21,90.00,91.16,89.83,91.10,1796900,90.04
2013-11-20,89.90,90.42,89.30,89.62,1688900,88.58
2013-11-19,89.17,89.93,89.05,89.81,1796600,88.77
2013-11-18,89.00,89.93,88.91,89.30,1407500,88.26
2013-11-15,87.82,88.78,87.29,88.71,1588600,87.68
2013-11-14,87.50,87.94,87.21,87.94,2238800,86.92
2013-11-13,86.51,87.15,86.36,87.08,1846200,86.07
2013-11-12,86.76,87.25,86.64,86.73,1014000,85.72
2013-11-11,87.22,87.31,87.04,87.17,989400,86.16
2013-11-08,86.76,87.46,86.59,87.20,1427900,86.19
2013-11-07,87.71,87.99,86.74,86.80,1349900,85.79
2013-11-06,87.59,87.85,87.20,87.67,1192200,86.65
2013-11-05,87.05,87.54,86.76,87.10,1081500,86.09
2013-11-04,87.46,87.57,86.96,87.08,800900,86.07
2013-11-01,86.85,87.73,86.66,87.15,877700,86.14
2013-10-31,86.62,86.93,86.13,86.63,1446800,85.62
2013-10-30,88.09,88.45,86.35,86.49,2055100,85.48
2013-10-29,87.82,87.92,87.10,87.88,1762700,86.86
2013-10-28,88.11,88.16,87.34,87.65,1750100,86.63
2013-10-25,86.92,88.30,86.55,88.26,1907600,87.23
2013-10-24,86.20,87.15,85.79,87.12,2036300,86.11
2013-10-23,88.89,88.98,85.83,86.23,2410100,85.23
2013-10-22,88.45,88.69,87.99,88.16,2098200,87.13
2013-10-21,88.60,88.74,87.93,88.00,1980300,86.98
2013-10-18,88.47,88.55,87.92,88.40,1360300,87.37
2013-10-17,87.47,88.50,87.18,88.38,801400,87.35
2013-10-16,87.16,87.63,86.94,87.55,1025000,86.53
2013-10-15,87.89,88.00,86.51,86.85,787900,85.84
2013-10-14,87.13,87.94,86.79,87.81,709500,86.79
2013-10-11,87.41,87.77,87.14,87.76,963500,86.74
2013-10-10,85.03,87.41,84.95,87.41,1765800,86.39
2013-10-09,84.52,84.90,83.61,84.28,1513200,83.30
2013-10-08,86.31,86.49,84.92,84.97,1491300,83.43
2013-10-07,85.36,86.81,85.25,86.17,1232400,84.61
2013-10-04,85.87,86.28,85.41,85.91,911400,84.35
2013-10-03,87.46,87.46,85.19,85.98,1472700,84.42
2013-10-02,88.04,88.04,86.67,87.51,1303300,85.92
2013-10-01,87.45,88.49,87.44,88.48,1127400,86.87
2013-09-30,86.25,87.91,86.17,87.52,1695600,85.93
2013-09-27,87.90,88.38,87.73,88.29,1126100,86.69
2013-09-26,87.68,88.46,87.57,88.25,823300,86.65
2013-09-25,88.04,88.16,87.58,87.74,1288100,86.15
2013-09-24,87.85,88.33,87.77,87.93,1536000,86.33
2013-09-23,88.06,88.61,87.61,87.91,1293700,86.31
2013-09-20,89.62,89.71,88.10,88.15,1688900,86.55
2013-09-19,89.38,89.94,88.90,89.65,1279800,88.02
2013-09-18,89.00,89.78,88.09,89.39,1319800,87.77
2013-09-17,86.65,89.20,86.65,89.14,1315800,87.52
2013-09-16,87.57,88.33,87.43,88.07,1209000,86.47
2013-09-13,86.86,87.28,86.31,87.13,922300,85.55
2013-09-12,87.02,87.13,86.39,86.63,931400,85.06
2013-09-11,86.30,86.99,86.11,86.90,1072900,85.32
2013-09-10,85.60,86.76,85.52,86.74,1348700,85.17
2013-09-09,84.76,85.49,84.76,85.28,1101100,83.73
2013-09-06,85.11,85.17,83.76,84.57,973800,83.04
2013-09-05,84.84,85.05,84.33,84.99,838500,83.45
2013-09-04,84.13,85.09,84.02,84.99,2013800,83.45
2013-09-03,84.32,84.74,83.97,84.35,1239500,82.82
2013-08-30,83.64,83.71,83.01,83.25,1178700,81.74
2013-08-29,82.69,83.77,82.46,83.58,1011300,82.06
2013-08-28,82.87,83.36,82.23,82.85,1265600,81.35
2013-08-27,83.74,84.35,82.73,82.91,1275400,81.41
2013-08-26,84.67,85.20,84.24,84.24,1534100,82.71
2013-08-23,84.47,84.71,84.19,84.61,954500,83.07
2013-08-22,84.00,84.69,83.87,84.50,1022200,82.97
2013-08-21,84.00,84.27,83.54,83.71,1084600,82.19
2013-08-20,84.14,84.78,84.06,84.11,882900,82.58
2013-08-19,83.43,84.55,83.41,84.15,1299800,82.62
2013-08-16,83.48,84.30,83.41,83.75,1466300,82.23
2013-08-15,84.44,84.78,83.72,83.81,1171700,82.29
2013-08-14,86.03,86.04,85.16,85.29,1384400,83.74
2013-08-13,85.81,86.19,85.28,86.00,1266100,84.44
2013-08-12,86.63,86.71,85.74,85.77,1265400,84.21
2013-08-09,87.03,87.28,86.46,86.92,1337700,85.34
2013-08-08,87.38,87.80,86.86,87.02,998500,85.44
2013-08-07,87.30,87.54,86.79,87.02,2125300,85.44
2013-08-06,87.28,87.85,87.23,87.34,1658600,85.76
2013-08-05,87.04,87.82,86.55,87.69,1547900,86.10
2013-08-02,86.68,87.54,86.44,87.49,1761700,85.90
2013-08-01,85.80,86.97,85.76,86.81,1524400,85.23
2013-07-31,85.50,86.17,85.07,85.34,2853400,83.79
2013-07-30,85.17,86.01,85.00,85.65,1496400,84.10
2013-07-29,84.80,85.33,83.99,85.02,2024900,83.48
2013-07-26,85.32,85.86,85.05,85.86,1142900,84.30
2013-07-25,85.40,85.92,84.63,85.80,1605500,84.24
2013-07-24,85.02,86.60,84.94,85.31,2996300,83.76
2013-07-23,84.45,84.56,83.78,84.03,1469800,82.51
2013-07-22,84.16,84.81,83.93,84.23,1897500,82.70
2013-07-19,83.81,84.67,83.54,84.40,2955200,82.87
2013-07-18,83.25,84.15,83.09,83.72,1553400,82.20
2013-07-17,83.03,83.44,82.62,82.93,1020700,81.43
2013-07-16,83.63,83.88,82.95,83.01,3147300,81.50
2013-07-15,82.65,83.58,82.55,83.56,1563800,82.04
2013-07-12,82.28,83.06,82.23,82.60,2296900,81.10
2013-07-11,81.33,82.72,81.22,82.45,2794200,80.95
2013-07-10,79.99,80.96,79.92,80.60,2234500,79.14
2013-07-09,80.21,80.54,79.72,79.86,1942800,78.41
2013-07-08,79.91,80.15,79.38,79.72,2848800,78.27
2013-07-05,79.04,79.57,78.62,79.42,1172000,77.98
2013-07-03,77.91,78.59,77.40,78.34,885800,76.92
2013-07-02,78.21,78.73,77.60,78.07,2863900,76.65
2013-07-01,78.06,79.37,77.96,79.01,2260700,77.03
2013-06-28,78.44,78.93,78.27,78.33,2382600,76.36
2013-06-27,78.34,79.01,78.03,78.67,1848700,76.70
2013-06-26,77.20,77.97,76.69,77.89,2217400,75.93
2013-06-25,76.97,77.12,76.10,76.42,2067900,74.50
2013-06-24,76.04,77.10,75.63,76.48,2283500,74.56
2013-06-21,76.81,77.21,76.20,76.20,3264400,74.29
2013-06-20,76.98,77.63,76.13,76.23,2246400,74.32
2013-06-19,78.94,78.96,77.48,77.50,1735200,75.55
2013-06-18,78.58,79.48,78.53,78.85,1890300,76.87
2013-06-17,78.63,79.13,77.96,78.38,1322200,76.41
2013-06-14,78.11,79.00,77.90,78.00,1570000,76.04
2013-06-13,78.15,78.59,77.69,78.07,2498400,76.11
2013-06-12,78.66,79.00,77.91,78.30,1258500,76.33
2013-06-11,77.95,79.11,77.80,78.17,1448800,76.21
2013-06-10,79.02,79.25,78.36,78.58,1672300,76.61
2013-06-07,78.30,79.46,78.08,79.12,1914000,77.13
2013-06-06,76.69,77.88,76.38,77.85,1844100,75.90
2013-06-05,76.87,77.16,76.46,76.68,1310000,74.76
2013-06-04,77.41,77.81,76.35,77.21,1661400,75.27
2013-06-03,77.23,77.92,76.81,77.57,1612700,75.62
2013-05-31,78.00,78.38,77.10,77.10,1715800,75.16
2013-05-30,77.79,78.76,77.77,78.35,1167600,76.38
2013-05-29,77.46,78.09,77.09,77.53,1151000,75.58
2013-05-28,78.12,78.52,77.49,77.87,1068300,75.92
2013-05-24,76.65,77.70,76.37,77.34,1278600,75.40
2013-05-23,76.44,77.27,76.16,76.94,1368300,75.01
2013-05-22,78.12,78.60,77.14,77.42,1742100,75.48
2013-05-21,78.47,78.69,77.82,77.98,1875000,76.02
2013-05-20,78.15,78.67,77.89,78.60,2315700,76.63
2013-05-17,76.39,78.29,76.38,78.29,2720900,76.32
2013-05-16,76.55,77.05,76.04,76.14,2057100,74.23
2013-05-15,76.33,76.72,75.71,76.61,2191700,74.69
2013-05-14,75.32,77.00,75.32,76.64,2664000,74.72
2013-05-13,75.42,75.70,74.76,75.20,1733300,73.31
2013-05-10,75.25,75.77,75.15,75.70,1876600,73.80
2013-05-09,75.44,75.87,75.02,75.25,1202100,73.36
2013-05-08,75.10,75.63,74.74,75.42,1584400,73.53
2013-05-07,75.29,75.60,74.89,75.20,1595700,73.31
2013-05-06,75.07,75.50,74.90,75.25,1480900,73.36
2013-05-03,74.50,75.38,74.48,75.24,1803100,73.35
2013-05-02,73.84,74.47,73.69,74.46,1293300,72.59
2013-05-01,73.68,74.54,73.67,73.78,2345900,71.93
2013-04-30,73.30,74.09,72.68,73.96,2080300,72.10
2013-04-29,73.48,73.48,72.97,73.28,1994400,71.44
2013-04-26,73.36,73.90,73.01,73.30,2026300,71.46
2013-04-25,71.56,73.96,71.12,73.53,4411900,71.68
2013-04-24,68.52,72.18,68.50,71.73,5152800,69.93
2013-04-23,66.94,67.18,66.23,67.10,1719000,65.42
2013-04-22,67.16,67.16,66.05,66.37,1760900,64.70
2013-04-19,66.35,67.13,66.27,67.00,2861600,65.32
2013-04-18,66.50,66.66,65.37,65.99,3396300,64.33
2013-04-17,67.74,67.97,65.77,66.43,3789700,64.76
2013-04-16,68.55,68.84,67.97,68.39,1810300,66.67
2013-04-15,69.67,70.00,68.10,68.19,2224500,66.48
2013-04-12,70.78,70.91,69.99,70.60,3324400,68.83
2013-04-11,69.70,71.38,69.60,71.33,2784600,69.54
2013-04-10,68.85,69.71,68.74,69.46,1748100,67.72
2013-04-09,69.37,69.68,68.79,69.33,1502700,67.04
2013-04-08,69.55,69.56,68.63,69.08,1861500,66.80
2013-04-05,67.37,69.64,67.17,69.56,3411400,67.27
2013-04-04,68.49,68.72,67.19,67.69,2333600,65.46
2013-04-03,67.16,68.63,66.87,68.39,3044400,66.13
2013-04-02,68.54,68.66,66.65,67.00,3552900,64.79
2013-04-01,70.14,70.24,68.12,68.16,2788800,65.91
2013-03-28,70.29,70.80,70.18,70.51,2504300,68.18
2013-03-27,69.81,70.61,69.68,70.26,2560600,67.94
2013-03-26,69.78,70.36,69.73,70.30,2362200,67.98
2013-03-25,69.53,69.92,69.16,69.53,1949200,67.24
2013-03-22,69.14,69.44,69.00,69.29,1138700,67.00
2013-03-21,69.37,69.69,68.86,68.89,1544300,66.62
2013-03-20,70.21,70.48,69.68,69.74,1572300,67.44
2013-03-19,70.00,70.49,69.68,69.92,1847600,67.61
2013-03-18,69.20,70.10,69.13,69.69,1314400,67.39
2013-03-15,69.32,69.91,69.12,69.91,3352500,67.60
2013-03-14,70.13,70.38,69.60,69.65,1580800,67.35
2013-03-13,68.90,70.18,68.88,70.11,2444300,67.80
2013-03-12,69.11,69.34,68.38,68.77,1341700,66.50
2013-03-11,68.85,69.30,68.58,69.16,1492800,66.88
2013-03-08,68.05,68.96,68.05,68.89,2456600,66.62
2013-03-07,67.90,68.32,67.57,67.74,1930400,65.51
2013-03-06,67.88,68.00,67.40,67.68,1945400,65.45
2013-03-05,67.30,67.87,67.28,67.67,1432300,65.44
2013-03-04,67.42,67.64,66.47,67.04,1598000,64.83
2013-03-01,67.54,68.14,66.91,67.73,1726500,65.50
2013-02-28,68.45,69.04,67.96,67.97,2338200,65.73
2013-02-27,66.75,68.74,66.60,68.55,3236400,66.29
2013-02-26,67.01,67.19,66.50,66.91,2701900,64.70
2013-02-25,67.71,67.89,66.67,66.69,3383200,64.49
2013-02-22,66.71,67.77,66.71,67.32,2115100,65.10
2013-02-21,66.60,66.75,66.04,66.49,1910300,64.30
2013-02-20,67.04,67.11,66.58,66.61,2304000,64.41
2013-02-19,66.52,67.03,66.21,67.03,2391600,64.82
2013-02-15,66.18,66.49,65.90,66.40,2015400,64.21
2013-02-14,65.81,66.75,65.63,66.22,2642200,64.04
2013-02-13,66.71,66.90,65.72,66.11,2673800,63.93
2013-02-12,66.93,66.99,66.50,66.68,1950800,64.48
2013-02-11,66.82,67.09,66.30,66.66,1650700,64.46
2013-02-08,66.74,66.88,66.47,66.82,2099200,64.62
2013-02-07,66.29,67.12,65.98,66.77,3747200,64.57
2013-02-06,65.00,66.32,65.00,66.27,4061800,64.08
2013-02-05,65.02,66.02,64.90,65.14,4732800,62.99
2013-02-04,65.16,65.64,64.47,64.57,4565300,62.44
2013-02-01,66.46,66.84,64.95,65.88,7156000,63.71
2013-01-31,68.22,68.37,66.13,66.30,5447300,64.11
2013-01-30,69.33,69.35,68.24,68.43,3040900,66.17
2013-01-29,69.85,69.91,69.03,69.25,2953600,66.97
2013-01-28,70.67,70.85,69.93,70.01,2846100,67.70
2013-01-25,70.75,71.09,70.20,70.96,2513400,68.62
2013-01-24,71.36,71.45,70.03,70.64,4237700,68.31
2013-01-23,68.37,71.69,67.20,71.45,8097300,69.09
2013-01-22,70.47,70.77,70.41,70.71,1853400,68.38
2013-01-18,70.89,71.15,70.41,70.66,2283400,68.33
2013-01-17,70.09,71.20,69.61,71.02,2186800,68.68
2013-01-16,70.61,70.79,69.51,69.80,1966900,67.50
2013-01-15,70.18,70.76,69.91,70.58,1488000,68.25
2013-01-14,70.60,70.82,70.14,70.35,2036300,68.03
2013-01-11,71.93,71.93,70.74,70.74,1588100,68.41
2013-01-10,71.03,71.65,70.92,71.65,1176700,69.29
2013-01-09,70.53,70.96,70.21,70.68,1404400,68.35
2013-01-08,71.50,71.68,70.28,70.41,1734900,68.09
2013-01-07,70.78,72.01,70.76,71.86,1941700,69.49
2013-01-04,71.65,71.66,71.00,71.07,2406300,68.73
2013-01-03,71.12,71.75,70.59,71.49,1740800,69.13
2013-01-02,70.67,71.21,70.24,71.21,2021500,68.86
2012-12-31,67.54,69.31,67.14,69.27,1581900,66.99
2012-12-28,68.42,68.79,67.84,67.88,1010100,65.64
2012-12-27,69.14,69.47,68.21,69.02,1057300,66.74
2012-12-26,69.61,70.18,69.00,69.04,1129900,66.76
2012-12-24,70.59,70.59,68.94,69.47,1096900,67.18
2012-12-21,69.34,70.43,69.31,70.40,3458400,68.08
2012-12-20,69.61,70.28,69.17,70.28,1811000,67.96
2012-12-19,68.94,69.77,68.77,69.52,1713400,67.23
2012-12-18,68.08,69.05,67.82,69.01,1714500,66.73
2012-12-17,67.63,68.38,67.50,68.00,1626800,65.76
2012-12-14,67.66,67.97,67.36,67.49,1445200,65.26
2012-12-13,68.90,68.99,67.90,68.00,1861400,65.26
2012-12-12,69.13,69.57,68.79,68.90,1646700,66.13
2012-12-11,68.50,69.20,68.30,68.97,1864600,66.20
2012-12-10,67.19,68.30,66.91,68.25,1713700,65.50
2012-12-07,67.08,67.22,66.40,67.19,1174400,64.49
2012-12-06,66.80,66.85,65.87,66.70,1530600,64.02
2012-12-05,66.45,67.15,65.74,66.88,1760400,64.19
2012-12-04,65.68,66.52,65.58,66.44,1535900,63.77
2012-12-03,66.78,66.98,65.29,65.69,1151700,63.05
2012-11-30,66.50,66.61,66.10,66.50,1935000,63.82
2012-11-29,66.00,66.61,65.50,66.53,1946900,63.85
2012-11-28,64.48,65.72,64.41,65.71,1435200,63.07
2012-11-27,64.97,65.50,64.73,64.96,1668800,62.35
2012-11-26,65.00,65.19,64.64,65.06,1392600,62.44
2012-11-23,64.59,65.41,64.34,65.41,553500,62.78
2012-11-21,63.80,64.57,63.59,64.36,1005500,61.77
2012-11-20,63.83,63.85,63.12,63.75,1833100,61.19
2012-11-19,62.81,63.91,62.64,63.91,2273800,61.34
2012-11-16,62.18,62.59,61.70,62.13,2340400,59.63
2012-11-15,62.10,62.55,61.84,62.14,1705500,59.64
2012-11-14,63.92,63.94,62.02,62.20,1964600,59.70
2012-11-13,63.65,64.64,63.60,63.75,1376100,61.19
2012-11-12,64.48,64.56,63.87,64.18,1416800,61.60
2012-11-09,64.31,65.16,64.14,64.45,2200900,61.86
2012-11-08,66.45,66.58,64.14,64.33,3382900,61.74
2012-11-07,68.07,68.10,65.77,66.59,3075200,63.91
2012-11-06,68.60,69.95,68.30,69.26,1635500,66.47
2012-11-05,68.81,68.81,67.97,68.37,1679900,65.62
2012-11-02,69.74,69.88,68.65,68.81,1866900,66.04
2012-11-01,68.29,69.74,68.02,69.42,2200600,66.63
2012-10-31,67.79,68.50,67.52,68.08,1631000,65.34
2012-10-26,67.56,67.68,66.75,67.32,1599900,64.61
2012-10-25,68.23,68.56,66.96,67.61,1544500,64.89
2012-10-24,65.58,68.75,65.48,67.79,2983600,65.06
2012-10-23,66.39,66.48,65.03,66.21,2029800,63.55
2012-10-22,67.10,67.68,66.54,67.15,1062600,64.45
2012-10-19,68.26,68.35,67.06,67.17,1747400,64.47
2012-10-18,67.51,68.73,67.27,68.58,1486800,65.82
2012-10-17,67.41,67.91,66.91,67.66,1023000,64.94
2012-10-16,66.54,67.38,66.34,67.22,1010700,64.52
2012-10-15,66.25,66.36,65.90,66.16,966800,63.50
2012-10-12,65.83,66.64,65.78,66.10,920800,63.44
2012-10-11,65.57,66.04,65.53,65.59,902000,62.95
2012-10-10,65.92,66.06,65.06,65.16,1331600,62.54
2012-10-09,66.52,66.89,65.94,65.94,978600,63.29
2012-10-08,67.00,67.06,66.41,66.45,1037000,63.78
2012-10-05,67.18,67.88,67.11,67.29,1145100,64.58
2012-10-04,66.74,67.27,66.65,66.82,940800,64.13
2012-10-03,67.17,67.17,66.31,66.46,910600,63.79
2012-10-02,67.45,67.74,66.93,67.30,1405400,64.10
2012-10-01,66.03,67.70,66.00,67.42,2114300,64.22
2012-09-28,66.11,66.47,65.67,66.12,1719800,62.98
2012-09-27,66.77,66.89,66.11,66.46,1234100,63.30
2012-09-26,66.59,67.19,66.53,66.61,1671100,63.45
2012-09-25,66.50,66.93,66.17,66.47,2257700,63.31
2012-09-24,65.72,66.46,65.24,66.37,1105300,63.22
2012-09-21,66.48,66.83,66.05,66.15,4062100,63.01
2012-09-20,66.14,66.38,65.85,66.28,1182100,63.13
2012-09-19,66.55,66.75,66.00,66.51,1019200,63.35
2012-09-18,66.58,66.85,66.41,66.65,997200,63.48
2012-09-17,66.57,67.10,66.42,66.62,1087300,63.46
2012-09-14,66.24,67.20,66.20,66.78,1870900,63.61
2012-09-13,65.68,66.31,65.02,66.12,2509400,62.98
2012-09-12,66.21,66.28,65.60,65.87,1845400,62.74
2012-09-11,66.30,66.35,65.90,65.98,2204300,62.85
2012-09-10,66.95,67.08,66.30,66.32,2214000,63.17
2012-09-07,66.89,67.29,66.75,67.20,1163600,64.01
2012-09-06,65.30,66.73,65.10,66.72,1593900,63.55
2012-09-05,64.87,65.15,64.29,64.78,1483400,61.70
2012-09-04,65.55,65.86,64.47,64.65,1511600,61.58
2012-08-31,65.84,66.12,65.35,65.51,1397000,62.40
2012-08-30,65.45,65.69,64.78,65.32,1165300,62.22
2012-08-29,65.87,66.19,65.34,65.85,1292200,62.72
2012-08-28,65.35,65.94,65.25,65.76,1730400,62.64
2012-08-27,66.25,66.39,65.59,65.62,1146300,62.50
2012-08-24,65.43,66.16,65.12,66.09,1433700,62.95
2012-08-23,66.01,66.24,65.41,65.61,1569100,62.49
2012-08-22,66.25,66.48,65.85,66.30,1767900,63.15
2012-08-21,66.15,66.58,65.72,66.53,1975000,63.37
2012-08-20,65.45,66.26,65.22,66.13,1353800,62.99
2012-08-17,64.80,65.77,64.75,65.70,1768400,62.58
2012-08-16,64.19,65.71,64.19,65.36,1713300,62.26
2012-08-15,63.68,64.45,63.54,64.20,1559400,61.15
2012-08-14,63.63,63.98,63.28,63.79,1149700,60.76
2012-08-13,63.45,63.77,62.88,63.34,919900,60.33
2012-08-10,63.38,63.68,63.13,63.58,1110200,60.56
2012-08-09,63.67,63.82,62.98,63.43,1599400,60.42
2012-08-08,63.73,64.08,63.23,63.93,1397600,60.89
2012-08-07,63.07,64.24,63.00,63.90,1405600,60.86
2012-08-06,63.43,63.71,62.77,62.98,1211900,59.99
2012-08-03,62.78,63.47,62.78,63.10,1490000,60.10
2012-08-02,62.89,62.94,61.09,61.99,2104400,59.05
2012-08-01,63.70,63.95,62.95,63.05,1636400,60.05
2012-07-31,63.29,63.95,63.09,63.44,1923200,60.43
2012-07-30,63.67,64.14,63.25,63.47,1450600,60.45
2012-07-27,63.05,64.21,62.74,63.83,1690400,60.80
2012-07-26,62.85,63.72,62.44,62.90,2331700,59.91
2012-07-25,63.75,63.99,61.30,62.00,4042900,59.05
2012-07-24,63.85,64.13,62.90,63.40,1785800,60.39
2012-07-23,64.10,64.24,63.37,63.92,1799800,60.88
2012-07-20,65.27,65.38,64.65,64.97,4674600,61.88
2012-07-19,65.92,66.34,65.55,65.99,1577800,62.86
2012-07-18,64.19,65.94,64.14,65.80,1424000,62.67
2012-07-17,64.13,64.71,63.57,64.69,1484300,61.62
2012-07-16,64.55,64.91,63.53,64.04,1952000,61.00
2012-07-13,63.75,65.04,63.60,64.86,1305300,61.78
2012-07-12,63.50,63.95,62.99,63.52,973300,60.50
2012-07-11,64.55,64.81,63.61,63.91,1159000,60.87
2012-07-10,63.89,65.69,63.89,64.43,1277300,61.37
2012-07-09,65.26,65.53,64.67,65.05,1273000,61.96
2012-07-06,65.79,65.80,64.89,65.24,976300,62.14
2012-07-05,66.22,66.59,65.90,66.24,1046500,63.09
2012-07-03,65.54,66.34,65.54,66.17,791200,63.03
2012-07-02,66.09,66.54,65.49,66.06,2000700,62.44
2012-06-29,64.65,65.96,64.41,65.96,1770000,62.34
2012-06-28,62.84,63.25,62.22,63.16,1060000,59.70
2012-06-27,62.13,63.34,62.08,63.22,1056500,59.75
2012-06-26,62.32,62.58,61.78,61.97,1214000,58.57
2012-06-25,62.77,62.77,62.10,62.22,1044700,58.81
2012-06-22,63.54,63.57,62.62,63.26,2167900,59.79
2012-06-21,65.03,65.11,63.20,63.25,1799800,59.78
2012-06-20,65.10,65.16,64.06,64.65,1706400,61.10
2012-06-19,65.00,65.51,64.94,65.19,1341900,61.61
2012-06-18,64.48,65.22,64.14,64.76,1324700,61.21
2012-06-15,64.37,65.11,64.37,64.86,2417900,61.30
2012-06-14,63.55,64.28,63.37,64.01,1333300,60.50
2012-06-13,63.99,64.11,63.23,63.49,1051200,60.01
2012-06-12,63.84,64.15,63.24,64.13,1645800,60.61
2012-06-11,64.38,64.66,63.66,63.74,1832500,60.24
2012-06-08,63.61,64.07,63.60,64.06,1753600,60.55
2012-06-07,64.12,64.85,63.54,63.69,2732200,60.20
2012-06-06,62.03,63.63,62.03,63.62,1306200,60.13
2012-06-05,61.76,62.18,61.55,61.98,1895600,58.58
2012-06-04,62.88,63.01,61.54,61.96,2155000,58.56
2012-06-01,63.14,63.33,62.68,62.72,1755800,59.28
2012-05-31,63.82,64.54,63.28,64.01,1695600,60.50
2012-05-30,63.92,64.14,63.50,63.83,1312100,60.33
2012-05-29,64.06,64.40,63.72,64.35,1389000,60.82
2012-05-25,62.88,64.13,62.88,63.58,1694300,60.09
2012-05-24,64.12,64.62,62.77,63.34,2051000,59.87
2012-05-23,64.15,64.74,63.29,64.61,1856600,61.07
2012-05-22,64.63,64.98,64.14,64.47,1199800,60.93
2012-05-21,63.62,64.65,63.44,64.55,1547500,61.01
2012-05-18,64.17,64.42,63.17,63.34,2154400,59.87
2012-05-17,65.26,65.41,63.70,63.72,1621500,60.22
2012-05-16,65.94,66.34,65.18,65.20,1334600,61.62
2012-05-15,66.28,66.69,65.64,65.73,1815800,62.12
2012-05-14,66.09,66.82,65.80,66.30,1281800,62.66
2012-05-11,66.33,67.43,66.16,66.53,2060900,62.88
2012-05-10,66.75,67.06,66.39,66.54,1326300,62.89
2012-05-09,66.90,67.00,66.34,66.40,1541300,62.76
2012-05-08,67.20,67.57,66.70,67.53,1949600,63.83
2012-05-07,66.96,67.89,66.96,67.42,2306000,63.72
2012-05-04,67.84,68.01,66.81,67.05,2206700,63.37
2012-05-03,68.50,68.59,67.98,68.15,2649800,64.41
2012-05-02,67.75,68.24,67.55,68.24,2035900,64.50
2012-05-01,67.57,68.68,67.34,67.98,2327600,64.25
2012-04-30,67.53,67.74,67.01,67.50,2200600,63.80
2012-04-27,67.38,67.86,67.07,67.58,2254400,63.87
2012-04-26,66.79,67.51,66.44,67.05,2672000,63.37
2012-04-25,69.88,70.47,67.21,67.56,3670700,63.85
2012-04-24,69.46,70.20,69.34,70.06,1380700,66.22
2012-04-23,68.96,69.44,68.55,69.27,1260100,65.47
2012-04-20,69.27,69.91,68.97,69.76,1821300,65.93
2012-04-19,69.83,69.86,68.73,68.93,1397100,65.15
2012-04-18,69.68,69.89,69.48,69.55,1269400,65.73
2012-04-17,69.58,70.19,69.08,69.88,1602300,66.05
2012-04-16,69.24,69.74,68.95,69.20,1622300,65.40
2012-04-13,69.22,69.50,68.86,68.88,1541800,65.10
2012-04-12,69.57,70.03,69.18,69.66,1759800,65.84
2012-04-11,68.32,69.88,68.07,69.35,1775000,65.55
2012-04-10,70.60,70.67,69.26,69.48,1567400,65.19
2012-04-09,70.78,71.10,70.44,70.82,1365500,66.44
2012-04-05,72.32,72.47,71.75,71.80,1586800,67.36
2012-04-04,72.56,72.71,71.82,72.63,1528900,68.14
2012-04-03,74.00,74.05,72.65,73.10,1188800,68.58
2012-04-02,73.39,74.54,73.11,74.09,1222300,69.51
2012-03-30,73.07,73.58,72.76,73.38,1259400,68.85
2012-03-29,73.00,73.00,71.88,72.65,1430700,68.16
2012-03-28,73.55,73.55,72.62,73.12,1351100,68.60
2012-03-27,73.98,74.05,73.43,73.55,1135400,69.01
2012-03-26,73.09,74.15,72.97,73.91,1867300,69.34
2012-03-23,72.44,72.89,72.33,72.78,1238200,68.28
2012-03-22,71.80,72.36,71.71,72.25,969300,67.79
2012-03-21,72.38,72.57,72.08,72.28,910800,67.81
2012-03-20,72.61,72.68,72.00,72.34,853300,67.87
2012-03-19,72.72,73.23,72.50,72.98,906400,68.47
2012-03-16,73.24,73.63,72.80,72.90,1762500,68.40
2012-03-15,73.09,73.62,73.00,73.34,1515000,68.81
2012-03-14,73.08,73.29,72.77,73.10,1113500,68.58
2012-03-13,72.21,73.12,71.75,73.08,1532000,68.56
2012-03-12,71.92,71.92,71.29,71.74,1181700,67.31
2012-03-09,72.07,72.29,71.54,71.78,1129900,67.34
2012-03-08,71.86,72.29,71.48,72.01,1197900,67.56
2012-03-07,70.95,71.32,70.70,71.25,1085400,66.85
2012-03-06,71.64,71.97,70.69,70.85,2307300,66.47
2012-03-05,72.41,72.61,71.80,72.50,1887800,68.02
2012-03-02,72.82,73.00,72.43,72.65,1057800,68.16
2012-03-01,72.76,73.36,72.58,72.93,1606000,68.42
2012-02-29,73.00,73.67,72.74,73.23,1841000,68.70
2012-02-28,72.58,73.15,72.41,72.74,1286100,68.25
2012-02-27,72.26,73.01,71.74,72.49,1357400,68.01
2012-02-24,70.80,73.05,70.80,72.40,1816100,67.93
2012-02-23,70.53,70.78,70.09,70.60,1052600,66.24
2012-02-22,70.96,71.18,70.24,70.40,1423200,66.05
2012-02-21,71.22,71.81,70.90,71.13,1327300,66.73
2012-02-17,70.80,71.04,70.38,70.88,1115900,66.50
2012-02-16,70.16,70.42,69.75,70.42,1253900,66.07
2012-02-15,70.22,70.30,69.56,70.05,1941600,65.72
2012-02-14,70.00,70.23,69.10,70.16,1978600,65.82
2012-02-13,70.69,70.77,70.07,70.12,1802900,65.79
2012-02-10,70.36,70.57,70.16,70.30,1427800,65.96
2012-02-09,71.77,71.82,70.75,70.85,1561700,66.47
2012-02-08,71.39,71.73,71.02,71.59,1660500,67.17
2012-02-07,70.82,71.46,70.67,71.30,1283000,66.89
2012-02-06,70.12,71.20,70.03,71.15,1456700,66.75
2012-02-03,70.16,70.93,69.97,70.51,1730800,66.15
2012-02-02,69.91,70.00,69.25,69.74,1374700,65.43
2012-02-01,69.82,69.91,69.39,69.71,2805700,65.40
2012-01-31,69.63,69.84,68.87,69.16,1844900,64.89
2012-01-30,69.62,69.82,69.03,69.17,2328000,64.90
2012-01-27,71.26,71.26,70.25,70.35,1413300,66.00
2012-01-26,70.58,71.87,70.39,71.51,1764100,67.09
2012-01-25,70.49,71.76,69.47,71.57,3543700,67.15
2012-01-24,71.34,71.84,70.94,71.34,1899200,66.93
2012-01-23,72.35,72.89,71.67,71.74,1744800,67.31
2012-01-20,72.33,72.66,71.77,72.47,1984600,67.99
2012-01-19,71.84,72.44,71.55,72.21,1267700,67.75
2012-01-18,70.98,71.69,70.79,71.62,1779600,67.19
2012-01-17,71.30,71.83,71.30,71.45,2438400,66.59
2012-01-13,70.24,70.97,70.01,70.60,3780300,65.80
2012-01-12,70.27,71.09,70.05,70.94,4528500,66.12
2012-01-11,69.54,70.19,69.45,70.09,1282700,65.33
2012-01-10,69.70,70.44,68.99,69.93,2779500,65.18
2012-01-09,67.83,68.48,67.29,68.37,2064900,63.72
2012-01-06,67.60,67.76,67.18,67.62,1788100,63.02
2012-01-05,67.75,67.81,66.76,67.40,1677800,62.82
2012-01-04,68.57,68.99,67.89,68.12,1880800,63.49
2012-01-03,67.97,68.57,67.84,68.00,1683500,63.38
2011-12-30,67.01,67.29,66.40,66.41,1008300,61.90
2011-12-29,66.22,67.02,66.01,66.92,1091300,62.37
2011-12-28,66.58,66.88,65.70,65.95,1137100,61.47
2011-12-27,66.39,66.79,66.00,66.56,651500,62.04
2011-12-23,66.22,66.57,65.57,66.36,883000,61.85
2011-12-22,64.98,66.36,64.71,66.14,1186500,61.64
2011-12-21,64.80,64.98,64.06,64.78,1509100,60.38
2011-12-20,63.43,65.13,63.42,64.84,1481700,60.43
2011-12-19,63.05,63.89,62.31,62.46,1140700,58.21
2011-12-16,63.38,64.39,62.60,63.20,2748400,58.90
2011-12-15,63.92,64.11,63.15,63.30,1576200,59.00
2011-12-14,63.39,63.76,63.11,63.21,1197400,58.91
2011-12-13,64.51,64.95,63.19,63.50,1404400,59.18
2011-12-12,64.59,64.97,63.55,64.01,1154800,59.66
2011-12-09,64.63,65.28,64.52,65.07,1775400,60.65
2011-12-08,65.41,65.77,63.98,64.15,1694400,59.79
2011-12-07,65.20,66.04,64.70,65.66,1344600,61.20
2011-12-06,65.71,66.34,65.53,65.86,1403500,61.38
2011-12-05,66.83,66.88,65.33,65.65,2105500,61.19
2011-12-02,66.87,67.36,65.63,65.72,2176900,61.25
2011-12-01,66.07,66.95,65.98,66.50,1428200,61.98
2011-11-30,65.85,66.38,65.52,66.06,3294800,61.57
2011-11-29,64.35,64.55,63.75,63.89,1935700,59.55
2011-11-28,63.90,64.35,63.24,64.06,2506900,59.71
2011-11-25,60.77,62.15,60.75,61.13,913100,56.98
2011-11-23,62.72,62.75,60.60,60.64,2923200,56.52
2011-11-22,63.13,63.82,62.15,63.62,3633300,59.30
2011-11-21,62.84,63.31,61.28,63.07,2679200,58.78
2011-11-18,64.13,64.13,63.01,63.84,2046600,59.50
2011-11-17,64.83,64.83,62.89,63.42,1714700,59.11
2011-11-16,65.36,65.59,64.76,65.02,2504000,60.60
2011-11-15,65.30,66.35,64.84,65.99,1408500,61.50
2011-11-14,65.50,66.38,65.12,65.31,1676700,60.87
2011-11-11,64.30,65.88,64.30,65.72,1874700,61.25
2011-11-10,63.90,63.97,62.94,63.38,1822500,59.07
2011-11-09,63.65,63.89,62.72,62.96,1932300,58.68
2011-11-08,64.69,65.17,63.84,65.13,1712500,60.70
2011-11-07,63.25,64.28,62.85,64.20,1341600,59.84
2011-11-04,63.15,63.53,62.47,63.45,1291900,59.14
2011-11-03,62.47,63.97,62.47,63.63,2589200,59.31
2011-11-02,62.44,62.62,61.77,61.95,2760300,57.74
2011-11-01,62.79,63.20,60.79,61.43,2959900,57.25
2011-10-31,64.97,65.53,64.19,64.19,2022500,59.83
2011-10-28,65.53,66.25,65.03,65.47,2010100,61.02
2011-10-27,65.56,66.17,64.32,65.61,2695100,61.15
2011-10-26,66.42,66.42,63.56,63.89,4161900,59.55
2011-10-25,65.24,66.08,64.60,65.26,2382600,60.82
2011-10-24,65.28,65.91,64.95,65.63,1865700,61.17
2011-10-21,63.60,65.33,63.58,65.32,3229700,60.88
2011-10-20,62.63,63.46,61.81,63.15,1996900,58.86
2011-10-19,62.70,63.25,62.35,62.47,1809300,58.22
2011-10-18,61.02,63.28,60.35,62.64,1969300,58.38
2011-10-17,61.86,62.31,60.79,60.93,1736000,56.79
2011-10-14,62.58,62.74,61.59,62.04,1630900,57.82
2011-10-13,61.90,62.05,60.91,61.81,1325500,57.61
2011-10-12,62.04,63.22,61.74,62.52,1771900,58.27
2011-10-11,61.19,61.79,61.14,61.48,1769800,57.30
2011-10-10,60.56,61.68,60.56,61.68,1585400,57.49
2011-10-07,59.44,60.29,58.96,59.55,2423800,55.50
2011-10-06,57.85,58.97,57.57,58.95,1507100,54.94
2011-10-05,56.78,57.84,56.40,57.71,2513500,53.79
2011-10-04,55.02,57.20,54.72,57.11,3300000,52.79
2011-10-03,56.85,57.72,55.60,55.67,2220900,51.46
2011-09-30,57.45,58.36,56.88,56.89,2432100,52.59
2011-09-29,58.38,59.24,57.09,58.18,1766700,53.78
2011-09-28,58.37,58.95,57.35,57.44,2081200,53.10
2011-09-27,57.59,59.16,57.59,58.29,2511700,53.88
2011-09-26,56.49,57.45,56.05,56.85,2866500,52.55
2011-09-23,53.97,56.69,53.95,55.92,2845400,51.69
2011-09-22,56.08,56.20,55.27,55.87,3434000,51.64
2011-09-21,59.80,59.92,57.22,57.27,2595100,52.94
2011-09-20,60.43,60.65,59.50,59.55,2007000,55.05
2011-09-19,59.67,60.40,59.30,60.17,2474900,55.62
2011-09-16,61.75,61.75,60.20,60.60,4340900,56.02
2011-09-15,60.23,61.44,60.21,61.22,2426700,56.59
2011-09-14,59.33,60.66,57.94,59.86,3188500,55.33
2011-09-13,58.97,60.01,58.45,58.99,2523000,54.53
2011-09-12,58.59,58.95,57.77,58.90,2698400,54.45
2011-09-09,59.56,59.79,58.40,59.00,2599200,54.54
2011-09-08,60.65,61.63,60.30,60.40,2276900,55.83
2011-09-07,61.12,61.85,60.61,61.35,2647500,56.71
2011-09-06,59.27,60.41,58.72,60.30,2616800,55.74
2011-09-02,62.06,62.06,60.74,60.94,2223500,56.33
2011-09-01,64.08,64.66,62.92,63.10,1657300,58.33
2011-08-31,64.43,64.89,63.46,64.08,1744900,59.23
2011-08-30,62.96,64.29,62.30,63.95,2115900,59.11
2011-08-29,61.95,63.05,61.88,63.01,1382600,58.24
2011-08-26,59.62,61.49,58.71,61.28,1987300,56.65
2011-08-25,61.32,61.69,59.79,60.00,1826700,55.46
2011-08-24,59.48,61.12,59.34,61.00,1758400,56.39
2011-08-23,58.39,59.51,58.00,59.51,2238700,55.01
2011-08-22,58.57,58.90,57.90,58.20,2636800,53.80
2011-08-19,57.46,58.86,57.39,57.47,3800900,53.12
2011-08-18,59.89,60.09,57.75,58.23,3686300,53.83
2011-08-17,62.30,62.58,61.04,61.88,2461500,57.20
2011-08-16,61.47,62.50,61.23,62.04,1756000,57.35
2011-08-15,61.84,62.83,61.63,62.77,2338200,58.02
2011-08-12,62.12,62.24,60.82,61.18,3947800,56.55
2011-08-11,58.65,62.34,58.58,61.51,3805200,56.86
2011-08-10,61.17,61.17,58.21,58.38,4580800,53.96
2011-08-09,60.78,62.56,58.12,62.42,7067800,57.70
2011-08-08,62.88,63.72,60.78,60.80,5830400,56.20
2011-08-05,64.06,64.88,62.66,64.44,4895200,59.57
2011-08-04,64.62,65.13,63.17,63.22,3974000,58.44
2011-08-03,66.09,66.50,64.73,65.90,2686000,60.92
2011-08-02,67.14,68.05,66.16,66.16,3024900,61.16
2011-08-01,68.45,68.45,66.34,67.51,4057800,62.40
2011-07-29,67.37,68.63,66.56,68.14,2525200,62.99
2011-07-28,68.54,69.67,67.66,67.75,2606400,62.63
2011-07-27,71.02,71.04,68.16,68.63,3072500,63.44
2011-07-26,70.92,71.09,70.27,70.32,1672200,65.00
2011-07-25,70.48,71.50,70.08,71.15,2185100,65.77
2011-07-22,71.61,71.61,70.72,70.80,1550800,65.44
2011-07-21,70.26,71.92,70.07,71.57,1822300,66.16
2011-07-20,70.62,70.85,69.66,69.94,2723000,64.65
2011-07-19,69.85,70.03,69.39,69.93,2070600,64.64
2011-07-18,69.95,70.13,69.03,69.46,1773300,64.21
2011-07-15,71.48,71.48,69.70,70.36,2593400,65.04
2011-07-14,72.73,72.74,71.20,71.37,2359900,65.97
2011-07-13,73.40,73.68,72.41,72.65,1321200,67.16
2011-07-12,73.52,73.88,72.90,72.98,1505200,67.46
2011-07-11,73.90,74.38,73.58,73.74,1612200,68.16
2011-07-08,75.05,75.05,74.30,74.66,1978400,69.01
2011-07-07,75.43,75.64,74.50,75.60,2238000,69.88
2011-07-06,75.03,75.33,74.49,74.63,1593100,68.99
2011-07-05,75.54,75.81,74.42,74.90,1883200,69.23
2011-07-01,74.44,75.93,74.34,75.81,1454400,70.08
2011-06-30,74.09,74.98,73.83,74.52,1481300,68.88
2011-06-29,73.82,73.99,73.46,73.90,1527800,68.31
2011-06-28,73.46,74.04,73.30,73.74,1487500,67.73
2011-06-27,72.47,73.48,72.20,73.26,1644600,67.29
2011-06-24,72.88,73.20,72.06,72.29,2355400,66.40
2011-06-23,72.46,73.00,72.00,72.90,2211500,66.96
2011-06-22,73.08,74.05,73.01,73.36,1842600,67.38
2011-06-21,73.02,73.74,73.02,73.40,1627800,67.42
2011-06-20,71.27,72.88,71.22,72.77,1744000,66.84
2011-06-17,71.88,72.55,71.48,71.67,1672700,65.83
2011-06-16,71.08,72.05,70.85,71.28,1771800,65.47
2011-06-15,69.98,71.07,69.95,70.85,3247600,65.07
2011-06-14,70.33,70.82,70.30,70.44,1634300,64.70
2011-06-13,69.69,69.88,69.23,69.64,1929700,63.96
2011-06-10,70.17,70.64,69.20,69.37,2812100,63.71
2011-06-09,70.68,70.94,70.06,70.49,1547100,64.74
2011-06-08,70.63,70.85,70.04,70.40,2010400,64.66
2011-06-07,71.05,71.15,70.59,70.66,2269800,64.90
2011-06-06,70.41,71.11,70.32,70.70,2139900,64.94
2011-06-03,70.53,70.86,70.04,70.60,2751300,64.84
2011-06-02,71.97,72.50,71.35,71.42,2423400,65.60
2011-06-01,73.83,74.14,71.79,71.80,2946500,65.95
2011-05-31,73.19,74.68,72.77,74.22,5001600,68.17
2011-05-27,70.53,71.54,70.46,71.26,2903000,65.45
2011-05-26,70.29,70.61,69.83,70.20,2005500,64.48
2011-05-25,70.80,70.80,70.17,70.53,2721300,64.78
2011-05-24,71.54,71.96,70.80,70.95,2774700,65.17
2011-05-23,72.22,72.77,71.38,71.39,2498000,65.57
2011-05-20,73.80,73.89,72.86,73.03,1833400,67.08
2011-05-19,74.53,74.98,73.76,73.88,2009300,67.86
2011-05-18,73.74,74.30,73.27,74.00,1403900,67.97
2011-05-17,73.98,74.34,72.86,73.50,1586500,67.51
2011-05-16,74.22,74.63,73.66,74.24,1388300,68.19
2011-05-13,74.74,74.99,73.73,74.37,1879600,68.31
2011-05-12,74.61,75.29,74.33,74.81,1155200,68.71
2011-05-11,74.32,74.97,74.16,74.74,1579000,68.65
2011-05-10,74.17,74.80,73.78,74.49,1966500,68.42
2011-05-09,74.33,75.07,74.06,74.57,1381300,68.49
2011-05-06,74.51,74.80,73.93,74.44,2408900,68.37
2011-05-05,73.36,74.59,73.04,73.69,2601600,67.68
2011-05-04,74.40,74.86,73.64,73.71,2645600,67.70
2011-05-03,73.42,74.45,73.17,74.31,1884600,68.25
2011-05-02,73.15,74.25,73.06,73.59,2571000,67.59
2011-04-29,71.76,72.95,71.73,72.82,2066900,66.88
2011-04-28,72.42,72.55,70.54,71.55,3576700,65.72
2011-04-27,72.92,73.64,72.26,72.72,1669200,66.79
2011-04-26,72.56,73.15,72.25,72.64,1800000,66.72
2011-04-25,72.35,72.51,71.95,72.14,944700,66.26
2011-04-21,72.86,72.86,72.15,72.25,1058800,66.36
2011-04-20,71.83,72.73,71.28,72.37,1424000,66.47
2011-04-19,71.00,71.43,70.85,71.06,1443000,65.27
2011-04-18,71.01,71.19,70.47,70.79,2118100,65.02
2011-04-15,71.81,72.38,71.14,71.88,1994400,66.02
2011-04-14,71.44,71.80,70.93,71.46,2316100,65.63
2011-04-13,73.32,73.44,70.98,71.81,2997300,65.96
2011-04-12,73.47,73.59,72.63,72.92,1756400,66.97
2011-04-11,74.44,74.76,73.56,73.75,2040800,67.74
2011-04-08,75.24,75.37,74.27,74.51,1660000,68.44
2011-04-07,74.66,75.20,74.27,74.95,1703500,68.84
2011-04-06,74.68,74.88,74.10,74.74,2022400,68.65
2011-04-05,73.25,74.89,73.02,74.60,3090000,68.09
2011-04-04,74.70,74.70,72.12,73.37,11382300,66.96
2011-04-01,76.83,78.00,76.73,77.42,1700300,70.66
2011-03-31,75.83,76.99,75.70,76.56,1646100,69.88
2011-03-30,76.71,76.71,75.52,76.00,1876700,69.36
2011-03-29,75.91,76.50,75.56,76.27,1270900,69.61
2011-03-28,76.59,76.74,75.72,75.93,1570100,69.30
2011-03-25,76.93,77.14,76.34,76.51,1166500,69.83
2011-03-24,76.56,76.98,76.01,76.85,1006600,70.14
2011-03-23,76.03,76.62,75.64,76.23,1185900,69.57
2011-03-22,75.83,76.28,75.67,76.04,1375100,69.40
2011-03-21,75.03,76.44,74.96,75.71,1397800,69.10
2011-03-18,75.15,75.28,73.74,74.38,4492100,67.89
2011-03-17,75.00,75.39,73.57,73.96,2936100,67.50
2011-03-16,74.77,74.83,73.22,73.75,3142400,67.31
2011-03-15,73.51,75.28,73.31,74.83,2311400,68.30
2011-03-14,75.43,75.93,74.65,75.48,1372500,68.89
2011-03-11,75.55,76.66,74.37,76.13,1899900,69.48
2011-03-10,76.16,76.29,75.16,75.35,1478000,68.77
2011-03-09,76.32,77.01,75.81,76.98,1529800,70.26
2011-03-08,75.54,76.88,75.48,76.56,1479600,69.88
2011-03-07,76.42,77.00,75.07,75.45,1941300,68.86
2011-03-04,76.13,76.60,74.88,76.32,3654400,69.66
2011-03-03,75.86,78.12,75.86,77.66,2069300,70.88
2011-03-02,74.74,75.44,74.18,75.11,1825200,68.55
2011-03-01,76.35,76.87,74.90,75.07,1779500,68.52
2011-02-28,76.27,76.79,75.93,76.12,2031200,69.47
2011-02-25,76.29,76.80,75.56,75.94,1320000,69.31
2011-02-24,75.54,76.45,75.13,76.11,1606600,69.46
2011-02-23,76.04,76.73,74.89,75.45,1683900,68.86
2011-02-22,77.30,77.34,75.95,76.22,1371300,69.56
2011-02-18,77.85,78.27,77.69,78.11,1971300,71.29
2011-02-17,76.77,77.51,76.57,77.30,962300,70.55
2011-02-16,77.70,77.80,76.22,77.05,1458400,70.32
2011-02-15,76.41,77.72,76.08,77.62,1864500,70.84
2011-02-14,77.59,77.65,76.50,76.87,1329800,70.16
2011-02-11,77.08,77.72,76.59,77.45,1332100,70.69
2011-02-10,77.89,77.90,77.05,77.26,2082900,70.51
2011-02-09,77.58,78.21,77.18,77.90,1711600,71.10
2011-02-08,77.04,77.96,76.64,77.85,1981000,71.05
2011-02-07,75.93,76.49,75.72,76.44,1409500,69.77
2011-02-04,75.86,75.98,75.29,75.62,1319900,69.02
2011-02-03,76.44,76.44,75.32,75.66,1438500,69.05
2011-02-02,75.83,76.75,75.77,76.08,1664900,69.44
2011-02-01,75.49,76.13,75.06,76.03,1233900,69.39
2011-01-31,74.25,75.41,74.16,75.40,2152400,68.82
2011-01-28,76.05,76.20,73.85,74.13,2331000,67.66
2011-01-27,74.60,76.50,74.60,76.20,3116400,69.55
2011-01-26,74.20,75.19,72.92,74.64,3572900,68.12
2011-01-25,72.68,74.28,72.58,74.17,2882000,67.69
2011-01-24,72.46,73.09,72.27,72.74,1570400,66.39
2011-01-21,73.70,73.86,72.88,72.97,1884600,66.60
2011-01-20,72.49,73.47,72.47,73.45,2407700,67.04
2011-01-19,72.16,72.67,71.86,72.67,2221100,66.32
2011-01-18,72.38,73.04,71.61,72.73,3287800,66.38
2011-01-14,71.67,72.28,71.22,72.18,1529000,65.88
2011-01-13,71.85,72.15,71.44,71.78,2041300,65.51
2011-01-12,71.52,71.90,71.06,71.16,1187700,64.95
2011-01-11,71.45,71.78,71.02,71.25,1902600,64.65
2011-01-10,71.75,71.75,70.86,71.18,1910000,64.58
2011-01-07,71.74,72.30,71.40,72.01,3318200,65.34
2011-01-06,70.44,71.99,70.20,71.39,2030800,64.77
2011-01-05,69.96,70.82,69.84,70.61,2379900,64.06
2011-01-04,70.23,70.42,69.45,70.29,2362800,63.77
2011-01-03,70.26,70.57,69.87,69.97,2769300,63.48
2010-12-31,70.60,71.33,70.24,70.96,1454900,64.38
2010-12-30,70.54,71.11,70.32,70.77,1385400,64.21
2010-12-29,71.11,71.44,70.77,70.83,1397600,64.26
2010-12-28,71.11,71.24,70.44,71.02,1305800,64.44
2010-12-27,70.83,71.33,70.52,71.10,1074900,64.51
2010-12-23,70.37,71.34,70.31,71.02,1226000,64.44
2010-12-22,70.51,70.53,70.10,70.53,915700,63.99
2010-12-21,70.18,70.72,70.01,70.19,1255900,63.68
2010-12-20,70.39,70.47,69.63,70.01,1714700,63.52
2010-12-17,70.32,70.50,69.73,70.28,2935600,63.77
2010-12-16,69.76,70.49,69.31,70.42,1685600,63.89
2010-12-15,69.70,69.98,69.26,69.35,1685800,62.92
2010-12-14,69.18,70.39,69.18,69.98,2731000,63.49
2010-12-13,69.71,69.84,68.53,69.40,2564000,62.97
2010-12-10,68.91,69.73,68.78,69.56,1982900,63.11
2010-12-09,68.91,69.18,67.96,68.89,2334000,62.50
2010-12-08,68.72,68.77,67.92,68.47,1532700,62.12
2010-12-07,68.33,69.13,68.13,68.73,2380900,62.36
2010-12-06,67.59,67.80,66.96,67.63,1998400,61.36
2010-12-03,67.56,67.87,67.28,67.58,1844400,61.32
2010-12-02,67.85,68.40,67.38,67.80,2093800,61.52
2010-12-01,67.03,67.81,67.03,67.62,1712900,61.35
2010-11-30,65.82,66.59,65.44,66.09,2141900,59.96
2010-11-29,66.51,66.52,65.05,66.31,2452500,60.16
2010-11-26,67.40,67.70,66.84,67.12,555800,60.90
2010-11-24,66.78,68.47,66.78,68.02,1924100,61.71
2010-11-23,65.63,66.62,65.48,66.48,1896600,60.32
2010-11-22,66.30,66.60,65.57,66.26,1482000,60.12
2010-11-19,67.09,67.22,66.24,66.60,1654900,60.43
2010-11-18,65.92,67.06,65.44,67.05,2321900,60.83
2010-11-17,65.59,65.73,64.83,65.39,1722100,59.33
2010-11-16,66.04,66.38,65.08,65.54,2031300,59.46
2010-11-15,66.59,67.19,66.22,66.55,1278200,60.38
2010-11-12,67.06,67.18,66.25,66.50,1752400,60.34
2010-11-11,67.72,68.00,67.08,67.42,1976300,61.17
2010-11-10,69.06,69.10,67.98,68.21,1632100,61.89
2010-11-09,69.53,69.61,68.90,69.20,1714000,62.79
2010-11-08,69.14,69.80,68.96,69.40,1342900,62.97
2010-11-05,69.10,69.97,68.90,69.66,1778300,63.20
2010-11-04,68.81,69.30,68.25,69.17,2283900,62.76
2010-11-03,68.21,68.77,67.27,67.95,2405600,61.65
2010-11-02,68.54,69.10,67.98,67.99,2069700,61.69
2010-11-01,68.33,68.85,67.31,67.86,1852400,61.57
2010-10-29,67.39,68.13,67.29,68.12,3459400,61.81
2010-10-28,66.32,67.88,66.02,67.78,5072000,61.50
2010-10-27,64.24,65.53,63.48,65.42,3872300,59.36
2010-10-26,63.83,64.43,63.43,64.09,2025500,58.15
2010-10-25,65.11,65.13,63.99,64.06,1762900,58.12
2010-10-22,64.54,64.73,64.04,64.50,1218900,58.52
2010-10-21,64.17,65.16,64.17,64.55,1741500,58.57
2010-10-20,63.26,64.35,63.23,63.83,1795000,57.91
2010-10-19,63.45,63.67,62.17,62.96,2166700,57.12
2010-10-18,63.94,64.48,63.55,64.37,1271700,58.40
2010-10-15,63.50,64.05,62.90,63.93,2961800,58.00
2010-10-14,64.12,64.20,62.92,63.17,1760200,57.31
2010-10-13,63.58,64.52,63.58,64.06,1554200,58.12
2010-10-12,62.97,63.57,62.13,63.37,1415800,57.50
2010-10-11,63.48,63.53,62.99,63.13,790100,57.28
2010-10-08,63.14,63.65,62.69,63.37,1454000,57.50
2010-10-07,63.81,64.03,62.80,63.13,1519500,57.28
2010-10-06,63.14,63.77,63.02,63.64,2134800,57.74
2010-10-05,62.39,63.48,61.89,63.41,2735600,57.15
2010-10-04,62.42,62.73,61.51,61.75,1935500,55.66
2010-10-01,63.33,63.43,62.38,62.46,1756900,56.29
2010-09-30,63.49,64.60,62.62,62.81,2454000,56.61
2010-09-29,62.97,63.19,62.35,63.06,2165700,56.84
2010-09-28,63.25,63.35,62.23,63.27,2395700,57.02
2010-09-27,63.83,63.96,63.02,63.13,1288500,56.90
2010-09-24,62.55,63.75,62.55,63.68,1270400,57.39
2010-09-23,62.34,62.85,61.86,61.98,1484800,55.86
2010-09-22,63.63,63.92,62.58,62.87,1642900,56.66
2010-09-21,63.61,64.21,63.25,63.61,1347600,57.33
2010-09-20,63.11,63.73,62.35,63.63,1824500,57.35
2010-09-17,61.52,62.81,61.44,62.69,3122300,56.50
2010-09-16,61.17,61.37,60.87,61.31,1887000,55.26
2010-09-15,61.02,61.30,60.53,61.27,2314000,55.22
2010-09-14,61.94,62.07,61.15,61.46,2156100,55.39
2010-09-13,61.76,62.88,61.76,62.18,2813200,56.04
2010-09-10,60.11,61.25,59.85,61.13,2462300,55.10
2010-09-09,60.00,60.42,59.26,59.82,1839700,53.92
2010-09-08,58.80,59.85,58.59,59.49,2807400,53.62
2010-09-07,59.24,59.30,57.72,58.49,2226000,52.72
2010-09-03,59.54,59.99,59.25,59.72,1639300,53.83
2010-09-02,58.14,58.96,57.81,58.95,2034900,53.13
2010-09-01,56.70,58.00,56.23,57.78,1940100,52.08
2010-08-31,56.26,56.43,55.68,55.87,2418800,50.36
2010-08-30,57.13,57.53,56.52,56.57,2045800,50.99
2010-08-27,56.59,57.41,55.46,57.37,2812500,51.71
2010-08-26,57.15,57.72,56.65,56.83,2066100,51.22
2010-08-25,57.51,57.71,56.27,56.99,4329000,51.36
2010-08-24,58.45,58.79,57.62,57.87,2138400,52.16
2010-08-23,60.14,60.36,59.24,59.33,1987600,53.47
2010-08-20,60.17,60.51,59.71,60.23,2368000,54.29
2010-08-19,62.31,62.35,60.39,60.62,2418900,54.64
2010-08-18,62.55,62.67,62.00,62.49,1825200,56.32
2010-08-17,61.10,62.79,61.03,62.34,2721300,56.19
2010-08-16,60.27,60.70,59.75,60.42,1551100,54.46
2010-08-13,60.52,61.16,60.40,60.67,1895100,54.68
2010-08-12,60.28,61.02,60.21,60.72,2083400,54.73
2010-08-11,63.17,63.18,61.02,61.32,2317600,55.27
2010-08-10,63.63,64.44,63.09,64.09,2083600,57.76
2010-08-09,64.05,64.40,63.87,64.32,1192700,57.97
2010-08-06,63.28,64.02,62.97,63.78,2403300,57.48
2010-08-05,63.07,63.79,62.89,63.77,1617000,57.48
2010-08-04,62.93,63.46,62.72,63.34,1584500,57.09
2010-08-03,62.61,63.20,62.44,62.67,1561400,56.48
2010-08-02,62.06,63.15,61.74,62.91,2149800,56.70
2010-07-30,60.99,61.52,60.58,61.25,2805900,55.20
2010-07-29,62.30,62.69,61.03,61.73,1852100,55.64
2010-07-28,61.52,62.57,61.22,61.80,2405600,55.70
2010-07-27,62.57,62.74,61.70,61.77,1821900,55.67
2010-07-26,61.31,63.08,61.29,62.49,1486700,56.32
2010-07-23,60.98,61.87,60.48,61.29,2056600,55.24
2010-07-22,59.90,61.40,59.90,61.03,1922800,55.01
2010-07-21,59.53,60.44,59.00,59.28,2485900,53.43
2010-07-20,57.91,59.22,56.93,59.21,3230100,53.37
2010-07-19,58.84,59.04,58.20,58.60,2013400,52.82
2010-07-16,60.97,61.29,58.75,58.90,2316800,53.09
2010-07-15,61.60,61.83,60.45,61.47,2131100,55.40
2010-07-14,60.26,61.61,60.16,61.61,2813900,55.53
2010-07-13,60.42,60.83,60.07,60.56,1946100,54.58
2010-07-12,60.34,60.43,59.52,59.87,1869200,53.96
2010-07-09,60.78,60.86,60.00,60.84,1299300,54.83
2010-07-08,60.58,61.08,60.31,60.97,1790500,54.95
2010-07-07,58.87,60.27,58.58,60.22,3237600,54.28
2010-07-06,59.08,59.71,58.12,58.64,2539700,52.85
2010-07-02,58.79,59.25,58.30,58.70,2281100,52.91
2010-07-01,58.61,58.84,57.68,58.50,2983600,52.73
2010-06-30,58.92,59.69,58.47,58.56,3261300,52.78
2010-06-29,61.33,61.57,59.20,59.43,4487800,53.19
2010-06-28,63.42,63.42,62.16,62.26,2861600,55.72
2010-06-25,63.35,63.68,62.31,63.22,3015700,56.58
2010-06-24,64.67,65.10,63.14,63.25,2864700,56.60
2010-06-23,65.55,65.63,64.01,64.89,2771700,58.07
2010-06-22,67.11,67.35,65.31,65.45,1825900,58.57
2010-06-21,67.98,68.08,66.45,66.78,2187700,59.76
2010-06-18,66.42,67.09,66.42,66.90,3334200,59.87
2010-06-17,66.22,66.55,65.44,66.31,1770700,59.34
2010-06-16,66.10,66.61,65.87,66.29,1551800,59.32
2010-06-15,64.89,66.67,64.65,66.62,1950900,59.62
2010-06-14,65.13,65.41,64.15,64.31,1728900,57.55
2010-06-11,63.41,64.70,62.95,64.58,1782400,57.79
2010-06-10,63.30,64.24,63.24,64.07,2472800,57.34
2010-06-09,62.79,63.84,62.33,62.55,1994100,55.98
2010-06-08,62.10,62.93,61.79,62.65,4364500,56.07
2010-06-07,65.32,65.32,61.97,62.08,5017400,55.56
2010-06-04,67.06,67.06,64.95,65.18,2969000,58.33
2010-06-03,68.20,69.10,67.65,68.07,2219600,60.92
2010-06-02,67.17,67.99,65.95,67.92,2028700,60.78
2010-06-01,67.00,68.42,66.73,66.74,1745100,59.73
2010-05-28,68.49,68.69,67.52,67.90,1991500,60.77
2010-05-27,67.20,68.48,67.17,68.48,1560900,61.28
2010-05-26,66.52,67.45,66.18,66.38,2165000,59.41
2010-05-25,64.06,66.16,64.00,66.04,2136200,59.10
2010-05-24,67.28,67.28,65.88,65.96,2056800,59.03
2010-05-21,65.39,67.68,64.90,67.45,2487200,60.36
2010-05-20,68.22,68.26,66.30,66.30,2909700,59.33
2010-05-19,70.14,70.35,68.55,69.68,1979100,62.36
2010-05-18,71.81,72.34,70.44,70.55,1556400,63.14
2010-05-17,72.04,72.32,70.34,71.77,1646100,64.23
2010-05-14,72.30,72.67,70.90,71.71,1824000,64.18
2010-05-13,74.03,74.39,72.88,72.96,1319900,65.29
2010-05-12,72.97,74.47,72.78,74.09,1418700,66.31
2010-05-11,72.68,73.54,72.13,72.65,2276600,65.02
2010-05-10,73.00,74.25,71.43,73.11,3488500,65.43
2010-05-07,72.10,72.10,69.46,70.50,4081500,63.09
2010-05-06,74.52,75.23,64.58,72.06,3256400,64.49
2010-05-05,74.65,75.61,74.32,74.96,1602700,67.08
2010-05-04,76.81,76.81,74.72,75.28,1830300,67.37
2010-05-03,76.83,77.58,76.36,77.55,1365300,69.40
2010-04-30,78.12,78.33,76.33,76.36,1563400,68.34
2010-04-29,77.55,78.10,76.58,77.96,1523000,69.77
2010-04-28,76.72,77.35,75.95,76.98,2124400,68.89
2010-04-27,78.50,78.70,76.52,76.56,2750300,68.52
2010-04-26,78.38,79.00,78.26,78.67,1629600,70.40
2010-04-23,78.28,78.64,77.57,78.60,1803500,70.34
2010-04-22,77.56,78.30,76.60,78.21,2048200,69.99
2010-04-21,77.02,78.24,76.75,78.05,2041300,69.85
2010-04-20,76.34,77.06,76.19,76.94,1704700,68.86
2010-04-19,75.94,76.32,75.61,76.14,1927400,68.14
2010-04-16,76.22,76.95,75.53,76.04,2426200,68.05
2010-04-15,76.43,77.06,76.19,76.46,2439500,68.43
2010-04-14,76.87,76.97,76.30,76.71,2395100,68.65
2010-04-13,77.35,77.35,76.07,76.85,1858000,68.78
2010-04-12,77.54,78.18,77.14,77.30,1061600,69.18
2010-04-09,77.08,77.58,76.68,77.54,1094000,69.39
2010-04-08,76.20,77.13,75.94,76.81,1221600,68.74
2010-04-07,76.97,77.19,76.32,76.47,1958100,68.44
2010-04-06,77.70,77.97,76.74,77.41,3102500,68.90
2010-04-05,78.47,78.96,77.74,78.23,1299200,69.63
2010-04-01,77.53,78.33,77.37,77.91,1285500,69.35
2010-03-31,77.34,77.79,76.98,77.20,2131100,68.71
2010-03-30,78.48,78.48,77.07,77.49,2199000,68.97
2010-03-29,77.35,78.62,77.17,78.48,3168600,69.85
2010-03-26,76.50,77.05,76.15,76.92,1644700,68.46
2010-03-25,76.34,76.96,75.73,76.22,2168100,67.84
2010-03-24,76.74,76.76,75.60,75.74,1476100,67.41
2010-03-23,75.88,76.96,75.79,76.94,1818800,68.48
2010-03-22,75.23,75.82,74.59,75.66,1340200,67.34
2010-03-19,75.49,76.24,75.24,75.49,2438000,67.19
2010-03-18,74.86,75.50,74.79,75.24,2430200,66.97
2010-03-17,73.91,75.00,73.59,74.98,2250100,66.74
2010-03-16,73.67,73.98,73.26,73.71,1380500,65.61
2010-03-15,73.72,73.74,72.96,73.66,1620400,65.56
2010-03-12,74.15,74.15,73.01,73.76,1587400,65.65
2010-03-11,73.50,74.22,72.75,74.15,2017000,66.00
2010-03-10,73.47,74.31,73.38,73.94,1903600,65.81
2010-03-09,73.38,74.09,72.65,73.68,1363000,65.58
2010-03-08,73.40,73.92,73.10,73.65,1766500,65.55
2010-03-05,72.88,73.78,72.53,73.73,2350000,65.62
2010-03-04,71.95,73.04,71.09,72.94,3061300,64.92
2010-03-03,74.25,74.33,72.65,72.83,3344600,64.82
2010-03-02,74.65,74.65,73.41,73.98,2203000,65.85
2010-03-01,72.54,74.13,72.54,73.91,2384900,65.79
2010-02-26,72.39,72.74,71.59,72.55,1504200,64.57
2010-02-25,72.10,72.24,70.81,72.20,1651400,64.26
2010-02-24,71.83,72.74,71.71,72.60,1220500,64.62
2010-02-23,72.28,72.88,71.53,71.81,1747700,63.92
2010-02-22,72.62,72.97,71.74,72.57,1753900,64.59
2010-02-19,71.64,73.10,71.43,72.61,2474900,64.63
2010-02-18,69.86,71.99,69.59,71.78,2692800,63.89
2010-02-17,69.76,70.10,69.10,70.10,2284400,62.39
2010-02-16,68.37,69.85,68.13,69.85,2745100,62.17
2010-02-12,67.33,68.28,66.38,67.95,2433400,60.48
2010-02-11,67.46,67.85,66.55,67.80,2978000,60.35
2010-02-10,68.05,68.34,67.42,67.64,2704100,60.20
2010-02-09,66.95,68.56,66.55,68.04,2008500,60.56
2010-02-08,66.72,67.53,65.91,66.35,2017100,59.06
2010-02-05,68.07,68.38,65.30,66.66,4387600,59.33
2010-02-04,69.64,69.98,68.06,68.16,2995400,60.67
2010-02-03,69.82,70.39,69.51,70.12,1902400,62.41
2010-02-02,69.43,70.21,68.66,70.03,3599700,62.33
2010-02-01,67.22,69.58,66.79,69.43,3613300,61.80
2010-01-29,67.41,67.73,66.72,66.85,2268400,59.50
2010-01-28,67.61,68.25,67.04,67.60,1839000,60.17
2010-01-27,68.75,68.75,65.92,67.23,3839500,59.84
2010-01-26,67.57,69.40,67.43,68.72,2618400,61.17
2010-01-25,68.68,69.04,67.85,67.86,1781100,60.40
2010-01-22,68.10,68.77,66.94,67.02,1868300,59.65
2010-01-21,69.27,69.72,67.73,68.14,1984500,60.65
2010-01-20,70.12,70.29,68.35,69.36,2193500,61.74
2010-01-19,70.49,70.83,70.02,70.69,1498700,62.92
2010-01-15,71.08,71.08,69.85,70.61,1829400,62.85
2010-01-14,70.87,71.24,70.31,71.10,2332600,63.28
2010-01-13,70.17,71.49,69.96,71.07,1797800,63.26
2010-01-12,70.27,70.65,69.85,70.30,1677200,62.23
2010-01-11,69.83,70.75,69.66,70.73,1508400,62.61
2010-01-08,69.43,69.70,68.91,69.44,1582000,61.47
2010-01-07,69.09,69.50,68.73,69.44,1262300,61.47
2010-01-06,69.03,69.36,68.75,69.24,1149700,61.30
2010-01-05,69.29,69.78,68.81,69.30,1535400,61.35
2010-01-04,68.51,69.19,68.17,69.19,1198500,61.25
2009-12-31,68.89,68.97,68.10,68.17,1215100,60.35
2009-12-30,68.53,68.93,68.31,68.70,827100,60.82
2009-12-29,68.88,69.11,68.52,68.55,919200,60.68
2009-12-28,68.51,68.94,68.27,68.57,715700,60.70
2009-12-24,68.15,68.47,68.03,68.34,446900,60.50
2009-12-23,68.40,68.65,67.76,68.20,1143500,60.37
2009-12-22,68.59,68.95,68.03,68.20,1328800,60.37
2009-12-21,68.51,69.07,68.39,68.59,1106800,60.72
2009-12-18,68.78,68.93,67.75,68.24,2328100,60.41
2009-12-17,69.05,69.32,68.40,68.51,1242100,60.65
2009-12-16,69.82,70.04,68.85,69.45,2095100,61.48
2009-12-15,70.40,70.58,69.48,69.67,2158600,61.68
2009-12-14,69.32,70.84,69.21,70.66,2569600,62.55
2009-12-11,68.05,69.17,68.01,69.01,1508400,61.09
2009-12-10,68.02,68.68,67.86,68.01,1070500,60.21
2009-12-09,67.96,67.96,66.94,67.90,1860300,60.11
2009-12-08,67.61,68.15,66.83,67.82,1959400,60.04
2009-12-07,67.55,68.21,67.49,67.88,1107600,60.09
2009-12-04,67.16,68.43,66.76,67.54,1717500,59.79
2009-12-03,67.36,67.73,66.68,66.78,1399700,59.12
2009-12-02,67.29,67.73,66.84,67.09,1893200,59.39
2009-12-01,66.49,67.46,66.23,67.14,1850300,59.44
2009-11-30,67.25,67.25,65.46,65.90,2847000,58.34
2009-11-27,66.95,67.54,66.19,67.08,1064700,59.38
2009-11-25,67.45,68.30,66.88,68.13,1584600,60.31
2009-11-24,67.42,67.52,66.75,67.32,1314700,59.60
2009-11-23,66.87,67.70,66.77,67.52,1171300,59.77
2009-11-20,66.23,66.70,65.96,66.47,1860200,58.84
2009-11-19,67.15,67.15,65.84,66.38,1667700,58.76
2009-11-18,67.92,68.06,67.10,67.34,1481300,59.61
2009-11-17,68.26,68.26,67.59,67.94,1040200,60.14
2009-11-16,67.86,68.74,67.64,68.21,2088200,60.38
2009-11-13,66.77,68.00,66.58,67.68,1257200,59.91
2009-11-12,66.83,67.72,66.54,66.72,1202500,59.06
2009-11-11,66.90,67.52,66.80,66.97,1637300,59.29
2009-11-10,67.04,67.59,66.38,66.56,1868700,58.92
2009-11-09,65.90,67.41,65.82,67.31,1702300,59.59
2009-11-06,65.25,65.82,64.77,65.58,1677800,58.06
2009-11-05,64.06,65.92,64.06,65.39,2114000,57.89
2009-11-04,64.13,65.15,63.36,63.85,3386000,56.52
2009-11-03,62.98,63.17,62.19,62.55,2254000,55.37
2009-11-02,62.71,63.75,62.52,63.02,1870400,55.79
2009-10-30,63.43,64.17,62.60,62.70,3082200,55.51
2009-10-29,64.56,64.86,62.78,63.65,3213500,56.35
2009-10-28,64.98,65.93,64.22,64.30,3720600,56.92
2009-10-27,66.05,67.08,65.69,65.78,2714000,58.23
2009-10-26,66.66,67.72,65.82,65.96,2450600,58.39
2009-10-23,67.99,67.99,66.21,66.60,1698600,58.96
2009-10-22,66.75,67.82,66.65,67.75,1852900,59.98
2009-10-21,67.68,68.40,66.62,66.70,1712700,59.05
2009-10-20,68.32,68.37,67.04,67.63,2589200,59.87
2009-10-19,67.90,68.84,67.67,68.70,2084000,60.82
2009-10-16,67.02,67.90,66.53,67.75,2483800,59.98
2009-10-15,66.76,67.44,66.54,67.32,1876600,59.60
2009-10-14,66.29,67.04,65.67,66.85,1711600,59.18
2009-10-13,65.37,65.90,65.11,65.59,1487900,58.06
2009-10-12,66.27,66.47,65.26,65.61,1077700,58.08
2009-10-09,65.25,66.16,65.01,66.16,1397900,58.57
2009-10-08,65.98,66.08,65.00,65.28,2545700,57.79
2009-10-07,65.63,65.86,64.85,65.51,2513400,57.99
2009-10-06,65.12,66.05,65.00,65.92,2658700,58.02
2009-10-05,64.62,65.00,63.76,64.77,3003200,57.01
2009-10-02,62.78,63.30,62.63,63.08,2935400,55.52
2009-10-01,64.40,64.74,63.10,63.15,4136900,55.58
2009-09-30,65.32,65.32,63.46,64.60,3301400,56.86
2009-09-29,64.57,65.16,64.16,64.47,2097000,56.74
2009-09-28,64.11,64.83,63.64,64.54,2310100,56.81
2009-09-25,62.04,63.11,61.81,62.99,3269800,55.44
2009-09-24,63.41,63.41,61.93,62.28,2045200,54.82
2009-09-23,64.10,64.11,63.10,63.23,1951000,55.65
2009-09-22,63.87,64.24,63.49,63.86,2462100,56.21
2009-09-21,64.11,64.53,63.46,63.64,1936600,56.01
2009-09-18,64.58,64.85,63.88,64.61,2145200,56.87
2009-09-17,63.03,64.86,62.84,64.43,3226900,56.71
2009-09-16,63.25,63.31,62.19,63.29,2109200,55.71
2009-09-15,63.20,63.26,62.75,63.13,1536500,55.56
2009-09-14,63.20,63.20,62.43,63.10,2028200,55.54
2009-09-11,62.79,63.43,62.40,63.34,2066100,55.75
2009-09-10,62.30,62.73,61.42,62.53,2223700,55.04
2009-09-09,63.07,63.52,61.68,62.19,3066200,54.74
2009-09-08,61.02,63.22,60.85,62.91,5484500,55.37
2009-09-04,58.83,60.71,58.83,60.48,2680500,53.23
2009-09-03,58.40,58.83,57.36,58.80,2027600,51.75
2009-09-02,58.48,58.81,57.71,58.13,1838900,51.16
2009-09-01,59.15,59.73,58.11,58.60,1918700,51.58
2009-08-31,59.52,59.56,58.68,59.19,2078000,52.10
2009-08-28,60.17,60.17,59.34,59.77,2294100,52.61
2009-08-27,59.07,60.00,58.76,59.95,2480900,52.77
2009-08-26,58.74,58.86,57.87,58.73,2235400,51.69
2009-08-25,59.01,59.72,58.63,58.71,1903900,51.67
2009-08-24,58.78,58.98,58.33,58.74,1781400,51.70
2009-08-21,56.13,58.68,56.10,58.49,4204100,51.48
2009-08-20,55.68,56.05,55.39,55.81,2220100,49.12
2009-08-19,55.13,55.85,55.03,55.59,2130600,48.93
2009-08-18,55.09,55.75,54.87,55.38,1843900,48.74
2009-08-17,55.56,55.92,54.74,55.03,1709300,48.43
2009-08-14,56.98,57.22,55.83,56.24,1452200,49.50
2009-08-13,57.36,57.36,56.42,57.08,1879500,50.24
2009-08-12,56.05,57.69,55.84,57.13,2114700,50.28
2009-08-11,56.73,56.82,55.72,56.21,1350600,49.47
2009-08-10,57.22,57.49,56.45,56.81,1119700,50.00
2009-08-07,56.73,57.85,56.30,57.54,1811500,50.64
2009-08-06,56.33,56.67,55.67,56.44,1894000,49.68
2009-08-05,56.74,56.92,55.47,56.26,1924100,49.52
2009-08-04,55.92,56.61,55.63,56.50,1782400,49.73
2009-08-03,55.80,56.19,54.74,56.00,2207200,49.29
2009-07-31,55.21,55.94,54.77,55.39,2523700,48.75
2009-07-30,55.18,55.86,54.70,55.13,3081900,48.52
2009-07-29,53.54,54.90,53.00,54.55,3762300,48.01
2009-07-28,51.64,53.85,51.64,53.74,4056200,47.30
2009-07-27,51.90,52.49,49.85,51.89,7045600,45.67
2009-07-24,53.56,53.66,52.28,52.49,2811000,46.20
2009-07-23,54.17,54.32,53.06,53.71,3188200,47.27
2009-07-22,54.40,54.60,53.78,54.00,2220600,47.53
2009-07-21,54.88,54.88,53.78,54.55,2301200,48.01
2009-07-20,53.89,54.51,53.23,54.47,1516300,47.94
2009-07-17,54.57,54.88,53.31,53.56,2331000,47.14
2009-07-16,54.10,55.00,54.02,54.76,2227800,48.20
2009-07-15,53.53,54.18,53.32,54.14,1647800,47.65
2009-07-14,52.46,53.29,51.99,53.10,2188500,46.74
2009-07-13,51.61,52.34,50.83,52.29,2474800,46.02
2009-07-10,51.39,52.06,51.21,51.59,1928900,45.41
2009-07-09,51.97,52.21,51.32,51.54,1995500,45.36
2009-07-08,52.14,52.68,51.49,51.91,2331400,45.69
2009-07-07,53.72,53.94,51.96,52.06,2489200,45.82
2009-07-06,53.50,53.98,53.18,53.93,1866200,47.47
2009-07-02,55.40,55.43,53.62,53.62,2066800,47.19
2009-07-01,55.63,56.23,55.36,55.68,1995000,49.01
2009-06-30,56.75,56.85,55.15,55.39,2412100,48.75
2009-06-29,55.51,57.24,55.27,57.00,2972200,49.83
2009-06-26,55.76,55.97,55.10,55.46,4419500,48.49
2009-06-25,54.78,56.17,54.61,55.82,2511100,48.80
2009-06-24,56.17,56.45,54.32,54.54,2653500,47.68
2009-06-23,57.07,57.28,55.77,55.99,2377300,48.95
2009-06-22,58.42,58.42,57.25,57.45,2689900,50.23
2009-06-19,58.53,59.36,58.20,58.74,3212500,51.36
2009-06-18,57.73,58.54,57.43,58.21,1646700,50.89
2009-06-17,57.31,58.04,56.97,57.62,1456300,50.38
2009-06-16,58.26,58.47,57.40,57.46,1850600,50.24
2009-06-15,59.05,59.12,57.58,58.08,1912300,50.78
2009-06-12,59.17,60.03,58.63,59.76,1535800,52.25
2009-06-11,58.98,60.24,58.98,59.29,2023300,51.84
2009-06-10,59.80,60.04,57.82,59.04,2035400,51.62
2009-06-09,60.40,60.66,58.99,59.25,2818000,51.80
2009-06-08,60.03,61.06,59.42,60.46,2286100,52.86
2009-06-05,59.39,61.12,59.39,60.45,2769000,52.85
2009-06-04,58.39,59.24,57.98,59.10,2028200,51.67
2009-06-03,59.80,59.97,58.00,58.59,2301000,51.22
2009-06-02,59.28,60.30,59.17,59.98,2116600,52.44
2009-06-01,57.28,59.45,57.27,59.31,2066200,51.85
2009-05-29,57.01,57.44,55.91,56.90,2361900,49.75
2009-05-28,56.22,57.33,55.22,57.04,2343400,49.87
2009-05-27,56.37,56.94,55.69,55.72,2241900,48.72
2009-05-26,55.47,56.85,55.25,56.27,4603800,49.20
2009-05-22,55.79,56.40,55.15,55.70,1830100,48.70
2009-05-21,56.69,56.69,54.92,55.70,2200100,48.70
2009-05-20,57.16,57.96,56.91,57.17,2543300,49.98
2009-05-19,55.60,57.32,55.55,56.87,2932700,49.72
2009-05-18,54.95,55.51,54.18,55.46,3297300,48.49
2009-05-15,55.84,56.25,54.73,55.01,3488900,48.09
2009-05-14,55.31,56.07,55.01,55.84,3105100,48.82
2009-05-13,55.06,55.37,53.51,55.30,3482200,48.35
2009-05-12,54.43,55.54,53.67,55.30,2463500,48.35
2009-05-11,55.12,55.79,54.06,54.13,2537300,47.33
2009-05-08,54.27,55.94,53.87,55.88,3274600,48.86
2009-05-07,54.53,54.84,53.19,53.66,3312400,46.91
2009-05-06,53.78,54.32,53.23,54.24,2152000,47.42
2009-05-05,53.97,54.15,53.05,53.62,2152600,46.88
2009-05-04,52.31,54.09,52.31,54.00,2900100,47.21
2009-05-01,52.02,52.78,51.26,52.38,3303600,45.80
2009-04-30,53.51,53.80,51.48,51.67,4642200,45.17
2009-04-29,52.79,54.34,52.01,53.34,4211400,46.63
2009-04-28,50.69,51.12,50.00,50.61,2500300,44.25
2009-04-27,49.82,52.62,49.42,51.28,4047700,44.83
2009-04-24,49.81,49.81,48.50,49.18,3371800,43.00
2009-04-23,48.50,49.50,47.61,49.50,4639700,43.28
2009-04-22,46.88,49.25,46.88,48.23,4100900,42.17
2009-04-21,45.26,46.59,45.06,46.47,4226800,40.63
2009-04-20,46.00,46.00,44.83,45.37,3543700,39.67
2009-04-17,45.75,46.80,45.32,46.55,4076800,40.70
2009-04-16,44.63,45.79,44.04,45.54,3139900,39.82
2009-04-15,43.82,44.39,43.37,44.30,2300400,38.73
2009-04-14,43.71,44.16,43.11,43.93,2654100,38.41
2009-04-13,44.52,44.68,43.62,44.01,2898800,38.48
2009-04-09,44.84,45.10,44.36,44.94,3582700,39.29
2009-04-08,43.61,44.15,43.29,44.00,2675400,38.47
2009-04-07,44.97,45.78,43.19,43.55,4316100,38.08
2009-04-06,42.71,45.91,42.30,45.56,5881100,39.50
2009-04-03,42.96,43.31,41.86,42.66,3408000,36.99
2009-04-02,42.89,44.15,42.62,43.12,4052900,37.38
2009-04-01,41.20,42.33,40.78,42.19,3398600,36.58
2009-03-31,42.68,42.72,41.51,41.59,4799700,36.06
2009-03-30,42.23,42.56,41.24,42.34,5585200,36.71
2009-03-27,42.63,43.45,42.22,43.12,4652500,37.38
2009-03-26,40.72,43.13,40.40,43.07,4874100,37.34
2009-03-25,40.10,41.17,39.42,40.31,3685700,34.95
2009-03-24,39.29,40.17,39.18,39.50,4206500,34.25
2009-03-23,38.05,39.67,38.05,39.64,4359900,34.37
2009-03-20,37.89,38.42,37.31,37.65,4414000,32.64
2009-03-19,39.37,39.73,37.28,37.86,5653100,32.82
2009-03-18,39.40,40.09,37.96,39.22,4463000,34.00
2009-03-17,39.21,39.57,38.26,39.55,3406500,34.29
2009-03-16,37.95,40.26,37.66,39.05,4302700,33.86
2009-03-13,37.81,38.17,37.28,37.60,3967800,32.60
2009-03-12,36.51,37.81,35.91,37.57,4211400,32.57
2009-03-11,37.77,38.07,35.85,36.41,4446000,31.57
2009-03-10,36.85,37.73,36.13,37.60,4291700,32.60
2009-03-09,36.06,36.65,35.81,36.31,5291800,31.48
2009-03-06,36.99,38.00,35.28,36.49,7498500,31.64
2009-03-05,37.50,39.41,36.98,37.38,10657700,32.41
2009-03-04,40.31,40.61,39.56,40.22,7107100,34.87
2009-03-03,41.47,41.78,39.76,39.83,4875200,34.53
2009-03-02,42.94,42.94,40.94,41.05,5063400,35.59
2009-02-27,44.96,45.13,43.76,43.82,3566000,37.99
2009-02-26,47.09,47.20,45.39,45.68,2867600,39.60
2009-02-25,48.87,48.87,46.31,46.54,5078500,40.35
2009-02-24,49.24,49.47,47.85,49.02,3933900,42.50
2009-02-23,51.21,51.21,48.81,48.94,2218900,42.43
2009-02-20,51.22,51.64,49.92,50.82,4080700,44.06
2009-02-19,52.29,52.93,51.73,51.87,3040100,44.97
2009-02-18,53.11,53.11,51.90,51.96,2690900,45.05
2009-02-17,53.66,53.66,51.86,52.88,3103700,45.85
2009-02-13,53.80,55.37,53.64,54.49,2037100,47.24
2009-02-12,53.05,53.90,52.01,53.83,3510000,46.67
2009-02-11,54.83,55.10,53.36,53.89,2834900,46.72
2009-02-10,56.11,56.75,54.08,54.44,2631700,47.20
2009-02-09,56.96,57.54,56.35,56.75,2447200,49.20
2009-02-06,56.01,57.44,55.96,57.21,3254000,49.60
2009-02-05,54.56,56.82,54.56,56.23,2357900,48.75
2009-02-04,55.35,56.39,54.80,55.05,2466600,47.73
2009-02-03,55.79,55.97,54.13,55.30,3514100,47.94
2009-02-02,55.99,56.00,54.53,55.29,2578100,47.94
2009-01-30,58.50,58.88,56.18,56.73,2683800,49.18
2009-01-29,58.84,59.14,57.11,58.24,5189100,50.49
2009-01-28,59.32,61.38,58.56,60.01,5319200,52.03
2009-01-27,54.99,56.53,54.80,55.72,2636400,48.31
2009-01-26,52.97,54.84,52.79,54.60,3338600,47.34
2009-01-23,52.93,53.99,51.95,53.32,2162700,46.23
2009-01-22,53.55,54.37,52.68,53.88,2827300,46.71
2009-01-21,52.64,54.21,51.92,54.01,2481900,46.83
2009-01-20,54.25,54.73,52.06,52.20,4021700,45.26
2009-01-16,53.65,54.99,53.21,54.59,2954400,47.33
2009-01-15,54.61,55.18,51.49,53.06,3953200,46.00
2009-01-14,54.48,55.31,53.89,54.47,4076200,47.23
2009-01-13,57.61,57.61,54.75,55.10,4161200,47.47
2009-01-12,57.92,58.41,57.28,57.68,1806900,49.69
2009-01-09,57.72,58.95,57.33,57.92,1761400,49.90
2009-01-08,58.47,59.27,57.65,59.21,1929400,51.01
2009-01-07,60.67,60.67,58.36,58.83,1751200,50.68
2009-01-06,61.46,61.46,59.74,61.23,2256400,52.75
2009-01-05,59.38,60.18,58.89,59.74,1467200,51.47
2009-01-02,57.76,59.87,57.19,59.76,1649100,51.48
2008-12-31,56.63,58.21,56.41,57.59,1626700,49.61
2008-12-30,54.91,56.52,54.80,56.41,1364300,48.60
2008-12-29,55.94,56.07,53.96,54.53,1830200,46.98
2008-12-26,55.51,56.03,55.28,55.91,707100,48.17
2008-12-24,54.69,55.47,54.69,55.26,512000,47.61
2008-12-23,55.29,56.69,54.53,54.73,1761900,47.15
2008-12-22,56.00,56.31,54.26,55.48,2353200,47.80
2008-12-19,56.41,57.88,55.47,55.86,3693400,48.12
2008-12-18,56.42,57.69,55.54,55.87,3111300,48.13
2008-12-17,56.68,56.68,54.65,55.49,1991900,47.80
2008-12-16,53.39,56.40,53.06,56.34,2450700,48.54
2008-12-15,53.78,53.78,52.34,53.11,2718000,45.75
2008-12-12,53.07,53.58,52.19,53.28,2875600,45.90
2008-12-11,53.89,55.05,53.22,53.81,2478400,46.36
2008-12-10,55.15,55.52,53.73,54.29,2772800,46.77
2008-12-09,54.47,55.11,53.20,54.25,2707800,46.74
2008-12-08,51.71,54.99,51.71,54.23,3716200,46.72
2008-12-05,49.16,51.65,48.16,51.50,3008400,44.37
2008-12-04,51.22,52.74,49.23,49.95,3253600,43.03
2008-12-03,49.35,51.79,49.04,51.65,3466700,44.50
2008-12-02,48.92,50.89,48.52,50.11,3036200,43.17
2008-12-01,50.52,50.74,48.43,48.54,3237900,41.82
2008-11-28,49.62,51.67,49.59,51.67,1057300,44.51
2008-11-26,49.03,50.30,47.81,50.18,3338000,43.23
2008-11-25,50.94,52.14,48.60,49.61,4567500,42.74
2008-11-24,52.70,52.99,50.00,50.21,4720200,43.26
2008-11-21,49.86,52.29,48.36,51.95,4750100,44.75
2008-11-20,48.67,51.90,48.04,48.80,5713900,42.04
2008-11-19,53.24,54.61,49.13,49.25,4604800,42.43
2008-11-18,53.67,54.00,51.54,53.24,4443000,45.87
2008-11-17,55.54,55.80,53.04,53.51,3583700,46.10
2008-11-14,55.30,58.75,55.05,55.51,3496800,47.82
2008-11-13,57.77,59.21,52.33,56.20,7874400,48.42
2008-11-12,58.33,58.85,57.02,57.55,4072300,49.58
2008-11-11,60.23,60.67,58.36,59.29,2500200,51.08
2008-11-10,62.42,63.41,60.20,60.93,2092300,52.49
2008-11-07,60.73,62.29,60.14,61.43,3006800,52.92
2008-11-06,62.35,62.61,60.01,60.43,4969600,52.06
2008-11-05,62.79,63.67,61.74,62.11,3462700,53.51
2008-11-04,62.42,63.86,61.83,63.77,2575300,54.94
2008-11-03,60.08,61.27,59.44,61.02,2367800,52.57
2008-10-31,60.71,61.62,59.37,60.32,2807300,51.97
2008-10-30,59.95,61.31,58.34,60.71,2901000,52.30
2008-10-29,58.25,60.78,57.42,58.24,3859200,50.17
2008-10-28,53.27,58.51,52.11,58.40,2799200,50.31
2008-10-27,53.88,55.30,52.15,52.27,3443400,45.03
2008-10-24,53.41,56.52,51.90,54.70,3344800,47.12
2008-10-23,56.38,58.33,53.32,56.96,3508000,49.07
2008-10-22,56.21,57.86,54.45,56.49,5401600,48.67
2008-10-21,59.74,60.11,55.12,55.48,4293400,47.80
2008-10-20,57.73,60.30,57.13,60.30,2434900,51.95
2008-10-17,58.60,61.20,55.53,57.12,4081700,49.21
2008-10-16,56.36,60.23,54.40,59.84,4299000,51.55
2008-10-15,61.16,61.38,56.00,56.36,3178700,48.55
2008-10-14,63.42,64.77,60.46,61.49,4358100,52.97
2008-10-13,59.23,61.41,57.10,61.10,3560300,52.64
2008-10-10,58.44,60.55,55.14,57.39,7376900,49.44
2008-10-09,66.03,66.39,60.92,60.92,4136700,52.48
2008-10-08,63.74,67.71,63.65,65.56,5485700,56.48
2008-10-07,66.97,67.94,65.05,65.05,4342000,55.74
2008-10-06,66.97,67.38,63.89,65.92,4804500,56.48
2008-10-03,70.94,71.77,67.90,68.20,4832100,58.44
2008-10-02,71.64,72.37,69.59,70.26,5522600,60.20
2008-10-01,73.07,73.62,71.66,72.00,4427300,61.69
2008-09-30,72.01,73.87,71.24,73.62,3799700,63.08
2008-09-29,74.00,74.85,70.00,71.40,5568500,61.18
2008-09-26,74.92,75.75,73.12,74.92,6140000,64.20
2008-09-25,78.00,79.32,76.57,76.74,4666100,65.75
2008-09-24,79.28,79.80,76.75,77.73,4669000,66.60
2008-09-23,81.34,81.63,79.66,79.91,1969500,68.47
2008-09-22,82.87,82.87,80.72,81.26,2560900,69.63
2008-09-19,84.13,86.38,81.39,82.39,4054500,70.60
2008-09-18,82.95,84.45,79.35,83.84,4890400,71.84
2008-09-17,84.50,84.55,82.00,82.28,3333200,70.50
2008-09-16,82.69,85.69,82.48,85.09,3858000,72.91
2008-09-15,83.27,85.01,83.01,83.91,3728000,71.90
2008-09-12,84.00,85.55,83.56,84.93,2286000,72.77
2008-09-11,82.70,84.84,82.58,84.77,4227800,72.64
2008-09-10,85.00,85.56,82.84,83.02,4442500,71.14
2008-09-09,86.20,86.99,84.51,84.55,3643100,72.45
2008-09-08,87.48,88.06,85.27,86.21,3860000,73.87
2008-09-05,85.70,86.54,84.87,85.64,2891000,73.38
2008-09-04,90.28,90.55,83.98,85.29,7363700,73.08
2008-09-03,92.26,93.06,90.44,91.17,2441700,78.12
2008-09-02,93.03,93.95,92.30,92.56,2072500,79.31
2008-08-29,93.86,94.06,92.24,92.30,1696600,79.09
2008-08-28,92.55,94.41,92.26,94.01,2107300,80.55
2008-08-27,92.19,92.74,90.82,92.31,1383500,79.10
2008-08-26,90.92,92.32,90.19,92.21,1572600,79.01
2008-08-25,91.69,92.29,90.34,91.12,2241600,78.08
2008-08-22,92.08,92.20,90.71,92.00,2157900,78.83
2008-08-21,90.62,91.95,90.09,91.77,2642000,78.63
2008-08-20,92.36,92.69,90.47,91.26,2244000,78.20
2008-08-19,91.76,93.20,90.97,91.99,2958700,78.82
2008-08-18,93.82,93.82,91.63,92.24,1852400,79.04
2008-08-15,91.01,94.19,91.01,93.41,2659200,80.04
2008-08-14,91.19,93.23,89.61,92.46,3920700,79.22
2008-08-13,93.19,94.04,91.88,93.46,2641600,80.08
2008-08-12,94.08,94.40,93.16,94.25,2665800,80.76
2008-08-11,92.46,94.31,92.15,93.92,2239300,80.48
2008-08-08,90.00,93.23,89.97,92.81,2489400,79.52
2008-08-07,90.50,90.85,89.68,90.27,1712100,77.35
2008-08-06,90.64,91.35,90.00,90.98,1562700,77.96
2008-08-05,89.94,90.83,89.05,90.79,1965200,77.79
2008-08-04,89.31,90.06,88.52,89.07,1339800,76.32
2008-08-01,89.00,90.09,87.97,89.58,2103800,76.76
2008-07-31,89.49,91.73,88.92,89.14,2445000,76.38
2008-07-30,90.22,90.30,88.71,90.00,2459400,77.12
2008-07-29,87.90,90.51,87.60,89.94,2617700,77.07
2008-07-28,88.57,89.69,87.81,87.91,2277500,75.33
2008-07-25,87.86,89.35,87.41,89.19,2151400,76.42
2008-07-24,88.90,90.16,86.40,87.06,3441000,74.60
2008-07-23,85.07,89.41,83.68,89.27,5949600,76.49
2008-07-22,81.99,83.61,81.71,83.45,1995200,71.50
2008-07-21,82.24,82.24,80.58,82.02,1530500,70.28
2008-07-18,81.28,82.24,81.00,82.07,1994100,70.32
2008-07-17,82.44,82.44,80.44,81.21,2833200,69.59
2008-07-16,81.29,82.51,80.25,82.17,1648800,70.41
2008-07-15,81.44,81.94,80.49,81.54,2788800,69.87
2008-07-14,81.50,82.41,81.00,81.69,1806200,70.00
2008-07-11,80.86,81.86,80.40,81.05,1988400,69.45
2008-07-10,81.63,82.88,80.53,81.69,3265700,70.00
2008-07-09,83.67,84.14,81.86,81.87,2318600,70.15
2008-07-08,81.32,83.64,81.13,83.64,2559100,71.67
2008-07-07,83.41,83.94,81.52,81.79,2758200,70.08
2008-07-03,82.97,83.71,82.10,83.22,1248100,71.31
2008-07-02,84.07,84.40,81.82,81.86,1575500,70.14
2008-07-01,83.08,84.07,82.51,83.61,2323100,71.64
2008-06-30,83.29,85.04,82.61,84.20,3045800,71.85
2008-06-27,83.07,83.77,82.50,83.28,2827000,71.06
2008-06-26,85.68,86.00,82.92,82.94,3306700,70.77
2008-06-25,87.37,88.19,85.83,86.05,2465800,73.43
2008-06-24,87.35,87.75,86.04,86.81,1738500,74.07
2008-06-23,86.02,87.57,85.70,87.25,1953500,74.45
2008-06-20,87.45,87.58,84.95,85.50,2804200,72.96
2008-06-19,85.38,87.60,85.05,87.59,1965600,74.74
2008-06-18,85.55,87.25,84.72,85.48,1662900,72.94
2008-06-17,86.37,86.37,85.28,85.35,1570400,72.83
2008-06-16,86.00,86.89,85.71,86.10,1795100,73.47
2008-06-13,86.10,87.37,85.88,86.45,1324900,73.77
2008-06-12,85.97,86.86,85.43,85.71,1817500,73.14
2008-06-11,85.50,86.31,84.90,85.33,2201300,72.81
2008-06-10,85.40,86.64,85.40,85.99,2120100,73.37
2008-06-09,86.65,86.98,85.25,86.13,2939400,73.49
2008-06-06,89.07,89.33,86.51,86.65,2326600,73.94
2008-06-05,88.71,89.72,88.03,89.64,2238600,76.49
2008-06-04,89.75,90.10,88.32,88.71,1801300,75.70
2008-06-03,91.47,92.06,89.21,89.83,1937200,76.65
2008-06-02,91.75,92.46,90.74,91.33,1774600,77.93
2008-05-30,92.00,92.89,91.36,92.15,1683100,78.63
2008-05-29,91.76,92.56,90.63,91.85,1888600,78.37
2008-05-28,90.60,92.19,90.60,92.10,1480400,78.59
2008-05-27,90.58,90.90,89.85,90.55,1074500,77.27
2008-05-23,91.00,91.31,90.25,90.37,1119800,77.11
2008-05-22,92.00,92.21,91.11,91.49,1140400,78.07
2008-05-21,93.74,94.39,91.38,91.64,1866800,78.20
2008-05-20,93.90,94.60,93.35,93.72,1538300,79.97
2008-05-19,92.78,95.13,92.75,94.60,2074600,80.72
2008-05-16,93.23,93.32,91.34,92.93,2270300,79.30
2008-05-15,93.01,93.78,92.31,93.23,1680200,79.55
2008-05-14,93.25,94.26,92.91,93.24,2248200,79.56
2008-05-13,92.65,93.25,92.20,92.91,1890700,79.28
2008-05-12,91.22,92.71,90.74,92.60,2404400,79.01
2008-05-09,89.70,91.33,89.70,90.92,2143300,77.58
2008-05-08,89.84,91.69,89.80,91.46,1846400,78.04
2008-05-07,90.03,90.65,89.68,89.68,2097000,76.52
2008-05-06,89.77,90.41,89.55,90.16,2164000,76.93
2008-05-05,90.50,90.99,89.82,90.31,1284100,77.06
2008-05-02,91.15,91.32,90.23,90.69,1520000,77.39
2008-05-01,90.47,90.89,89.92,90.51,1873400,77.23
2008-04-30,90.35,91.75,89.86,90.42,1458800,77.15
2008-04-29,90.00,90.82,89.50,90.35,1200900,77.09
2008-04-28,90.45,91.40,90.09,90.23,1329800,76.99
2008-04-25,89.30,91.18,88.48,90.92,1735000,77.58
2008-04-24,88.10,89.02,87.24,88.70,2173700,75.69
2008-04-23,90.78,90.78,86.15,87.69,3192800,74.83
2008-04-22,87.98,88.29,87.36,88.01,1773800,75.10
2008-04-21,88.91,89.07,87.49,88.01,2002900,75.10
2008-04-18,87.18,89.68,87.17,88.98,2415200,75.93
2008-04-17,85.74,86.51,85.44,86.21,1922500,73.56
2008-04-16,83.75,86.08,83.37,86.03,2433900,73.41
2008-04-15,84.27,84.41,82.47,82.90,2068600,70.74
2008-04-14,83.94,84.34,83.61,83.90,1316900,71.59
2008-04-11,83.92,84.59,83.55,83.65,1162700,71.38
2008-04-10,84.81,85.29,84.33,84.76,1415400,72.33
2008-04-09,85.01,85.45,84.35,84.97,1853900,72.50
2008-04-08,84.96,85.17,84.22,84.80,1442600,72.06
2008-04-07,85.87,86.39,85.19,85.51,1513700,72.66
2008-04-04,85.00,86.00,84.24,85.42,1374000,72.59
2008-04-03,85.00,85.59,84.46,84.65,2120200,71.93
2008-04-02,86.15,86.50,84.53,85.44,2036700,72.60
2008-04-01,83.86,86.39,83.83,85.90,1910800,73.00
2008-03-31,83.36,83.78,82.67,83.37,2109500,70.85
2008-03-28,83.55,84.42,83.17,83.36,1321300,70.84
2008-03-27,84.06,84.08,83.11,83.12,1367600,70.63
2008-03-26,84.71,85.00,83.83,84.04,1594200,71.41
2008-03-25,85.30,86.00,84.67,85.01,1959400,72.24
2008-03-24,86.39,86.49,84.68,85.36,1704500,72.54
2008-03-20,85.71,85.90,84.59,85.66,1895600,72.79
2008-03-19,86.32,87.50,85.04,85.04,2106600,72.26
2008-03-18,85.94,85.99,84.23,85.35,2567600,72.53
2008-03-17,82.92,85.01,82.92,84.28,2191900,71.62
2008-03-14,86.56,86.90,83.48,84.39,2440500,71.71
2008-03-13,83.86,86.17,83.32,86.10,3220800,73.17
2008-03-12,83.68,85.00,83.64,84.62,1885200,71.91
2008-03-11,83.46,83.82,82.00,83.33,1945000,70.81
2008-03-10,83.05,83.15,81.76,81.78,1910200,69.49
2008-03-07,82.75,84.21,82.53,82.81,2121100,70.37
2008-03-06,83.28,84.28,82.71,83.22,2314500,70.72
2008-03-05,82.86,83.62,81.94,83.52,2382800,70.97
2008-03-04,81.16,83.00,81.05,82.61,2589300,70.20
2008-03-03,81.26,82.48,81.05,81.75,2492300,69.47
2008-02-29,82.25,82.72,81.65,81.85,1908400,69.55
2008-02-28,82.94,83.45,82.69,83.00,1186800,70.53
2008-02-27,82.80,84.75,82.80,83.37,1628500,70.85
2008-02-26,83.42,83.79,82.91,83.46,1962400,70.92
2008-02-25,83.82,84.50,82.91,83.93,2565700,71.32
2008-02-22,82.98,83.76,82.59,83.65,1888100,71.08
2008-02-21,83.75,84.46,82.65,82.80,1919600,70.36
2008-02-20,83.37,84.44,82.70,84.16,1490700,71.52
2008-02-19,84.22,84.64,83.46,83.93,1420800,71.32
2008-02-15,83.28,83.81,82.42,83.43,1753500,70.90
2008-02-14,84.00,84.72,82.89,83.33,1957700,70.81
2008-02-13,84.71,84.71,83.13,84.15,2316400,71.51
2008-02-12,83.65,84.66,82.93,84.04,2813700,71.41
2008-02-11,83.51,83.79,82.74,83.30,1593000,70.79
2008-02-08,82.88,83.87,82.23,83.37,1562800,70.85
2008-02-07,82.37,83.50,82.16,83.45,2260300,70.91
2008-02-06,83.34,84.00,82.84,82.99,1840300,70.52
2008-02-05,83.57,83.99,82.77,82.93,1950600,70.47
2008-02-04,85.36,85.36,84.46,84.88,1156900,72.13
2008-02-01,84.90,85.60,84.09,85.34,1510600,72.52
2008-01-31,83.31,85.08,82.49,84.53,2351700,71.83
2008-01-30,82.93,85.52,82.93,83.71,1594400,71.13
2008-01-29,83.15,83.80,82.84,83.32,1659100,70.80
2008-01-28,81.08,82.98,81.08,82.80,2374400,70.36
2008-01-25,84.03,84.03,80.88,81.13,3197700,68.94
2008-01-24,80.32,83.86,79.81,83.07,3768800,70.59
2008-01-23,75.00,79.05,75.00,79.05,3354800,67.17
2008-01-22,78.73,80.17,74.01,78.85,3367300,67.00
2008-01-18,81.50,83.92,80.36,80.80,2635900,68.66
2008-01-17,84.17,85.60,80.39,80.79,3062100,68.65
2008-01-16,84.76,85.46,83.62,83.97,2270800,71.36
2008-01-15,85.50,87.18,84.90,85.32,2071600,72.26
2008-01-14,87.61,87.69,86.15,86.40,2289100,73.17
2008-01-11,88.19,88.21,86.06,86.56,1933100,73.31
2008-01-10,88.49,89.88,88.25,88.83,2214600,75.23
2008-01-09,85.31,89.04,84.85,88.93,2667100,75.31
2008-01-08,86.16,87.25,85.22,85.63,2507100,72.52
2008-01-07,86.68,86.70,85.06,85.91,2181800,72.76
2008-01-04,88.10,88.24,85.86,86.00,1730700,72.83
2008-01-03,87.89,89.05,87.63,88.50,1363300,74.95
2008-01-02,88.75,89.43,86.92,87.44,1031000,74.05
