Date,Open,High,Low,Close,Volume,Adj Close
2013-12-31,20.04,20.39,20.01,20.07,7078400,20.07
2013-12-30,20.16,20.23,20.07,20.20,4301100,20.20
2013-12-27,20.29,20.29,20.04,20.16,3918100,20.16
2013-12-26,20.71,20.71,20.20,20.24,3448700,20.24
2013-12-24,20.38,20.46,20.19,20.34,1849000,20.34
2013-12-23,20.52,20.56,20.34,20.39,3979900,20.39
2013-12-20,20.10,20.40,20.06,20.40,9440600,20.40
2013-12-19,20.32,20.40,19.99,20.17,5633000,20.17
2013-12-18,20.20,20.50,19.77,20.45,6306600,20.45
2013-12-17,20.17,20.30,20.06,20.25,6139400,20.25
2013-12-16,20.37,20.43,20.07,20.21,6718800,20.21
2013-12-13,20.60,20.78,20.32,20.40,7434800,20.40
2013-12-12,20.63,20.71,20.40,20.49,7570400,20.49
2013-12-11,21.00,21.05,20.56,20.61,9787600,20.61
2013-12-10,21.23,21.32,20.94,21.15,11947000,21.01
2013-12-09,21.23,21.52,21.04,21.17,116835700,21.03
2013-12-06,20.95,21.20,20.95,21.14,14394100,21.00
2013-12-05,21.22,21.27,20.69,20.82,20769200,20.68
2013-12-04,20.11,20.40,20.00,20.28,6070300,20.15
2013-12-03,20.36,20.44,20.15,20.26,2967400,20.13
2013-12-02,20.61,20.66,20.34,20.50,3586200,20.36
2013-11-29,21.09,21.18,20.66,20.75,1618500,20.61
2013-11-27,20.94,21.07,20.89,20.97,3283600,20.83
2013-11-26,20.70,21.00,20.57,20.89,4817200,20.75
2013-11-25,20.67,20.84,20.65,20.74,2387800,20.60
2013-11-22,20.87,20.90,20.58,20.67,2305100,20.53
2013-11-21,20.64,20.94,20.57,20.87,2680900,20.73
2013-11-20,20.63,20.94,20.52,20.57,2931100,20.43
2013-11-19,20.73,20.78,20.42,20.56,2239400,20.42
2013-11-18,20.81,21.06,20.72,20.79,3238700,20.65
2013-11-15,20.77,20.88,20.66,20.79,3059000,20.65
2013-11-14,20.67,20.95,20.57,20.80,2361200,20.66
2013-11-13,20.51,20.69,20.41,20.65,2590800,20.51
2013-11-12,20.63,20.70,20.43,20.61,5192200,20.47
2013-11-11,20.37,20.75,20.19,20.62,2789500,20.48
2013-11-08,20.24,20.49,19.91,20.47,5347700,20.33
2013-11-07,20.78,20.88,20.35,20.36,6807000,20.23
2013-11-06,21.12,21.18,20.77,20.79,5743100,20.65
2013-11-05,21.37,21.39,20.84,20.87,6678200,20.73
2013-11-04,21.60,21.76,21.31,21.41,4222300,21.27
2013-11-01,21.85,21.85,21.35,21.56,4138400,21.42
2013-10-31,21.61,21.66,21.11,21.23,5313800,21.09
2013-10-30,21.26,21.62,21.19,21.61,4500400,21.47
2013-10-29,21.78,22.25,21.03,21.28,5715800,21.14
2013-10-28,21.35,21.39,21.06,21.33,3002800,21.19
2013-10-25,21.46,21.62,21.21,21.34,2972000,21.20
2013-10-24,21.31,21.41,21.22,21.33,3182800,21.19
2013-10-23,21.03,21.33,20.95,21.19,2824700,21.05
2013-10-22,20.86,21.22,20.74,21.11,2838700,20.97
2013-10-21,21.05,21.10,20.67,20.81,3229800,20.67
2013-10-18,21.16,21.16,20.87,21.04,2088700,20.90
2013-10-17,20.65,21.08,20.62,21.05,2828200,20.91
2013-10-16,20.25,20.73,20.19,20.67,3400200,20.53
2013-10-15,20.05,20.27,19.96,20.14,2405700,20.01
2013-10-14,19.91,20.11,19.83,20.08,1950700,19.95
2013-10-11,19.93,20.07,19.73,20.07,2648100,19.94
2013-10-10,19.53,19.99,19.50,19.93,3482700,19.80
2013-10-09,19.74,20.04,19.49,19.52,3710500,19.26
2013-10-08,19.91,20.05,19.67,19.68,2884700,19.42
2013-10-07,19.62,19.94,19.62,19.92,2356900,19.66
2013-10-04,19.86,20.07,19.67,19.85,3496600,19.59
2013-10-03,19.93,19.99,19.57,19.79,3650100,19.53
2013-10-02,19.51,19.97,19.50,19.91,3624900,19.65
2013-10-01,19.27,19.76,19.26,19.56,7342600,19.30
2013-09-30,19.51,19.60,19.17,19.29,5788700,19.03
2013-09-27,19.41,19.49,19.31,19.38,3080600,19.12
2013-09-26,19.40,19.48,19.34,19.46,3148000,19.20
2013-09-25,19.42,19.59,19.28,19.37,2890700,19.11
2013-09-24,19.73,19.75,19.41,19.44,4245000,19.18
2013-09-23,19.88,19.94,19.73,19.77,3030500,19.51
2013-09-20,20.11,20.13,19.77,20.01,11325500,19.75
2013-09-19,20.11,20.38,20.09,20.14,4249000,19.87
2013-09-18,19.71,20.09,19.37,20.06,6133900,19.79
2013-09-17,19.70,19.83,19.60,19.61,3386100,19.35
2013-09-16,19.88,20.05,19.64,19.71,2694000,19.45
2013-09-13,19.49,19.86,19.33,19.49,3765800,19.23
2013-09-12,19.54,19.72,19.36,19.36,3132600,19.10
2013-09-11,19.36,19.59,19.19,19.58,3787200,19.32
2013-09-10,19.67,19.78,19.41,19.48,4511500,19.22
2013-09-09,19.20,19.71,19.19,19.71,3669900,19.45
2013-09-06,18.81,19.38,18.81,19.12,2571800,18.87
2013-09-05,19.04,19.07,18.67,18.69,3076100,18.44
2013-09-04,18.99,19.22,18.91,18.97,3522500,18.72
2013-09-03,19.40,19.48,18.85,19.03,3560400,18.78
2013-08-30,19.26,19.35,19.06,19.18,6315500,18.93
2013-08-29,19.06,19.29,19.06,19.17,3148800,18.92
2013-08-28,19.18,19.30,19.06,19.14,2578200,18.89
2013-08-27,19.09,19.32,18.96,19.22,3109900,18.97
2013-08-26,19.42,19.50,19.20,19.33,1843000,19.07
2013-08-23,18.99,19.46,18.95,19.41,2728400,19.15
2013-08-22,19.35,19.40,19.10,19.26,3024000,19.01
2013-08-21,19.31,19.67,19.11,19.32,2413100,19.06
2013-08-20,19.09,19.60,19.08,19.42,2953800,19.16
2013-08-19,19.60,19.61,19.03,19.06,3380600,18.81
2013-08-16,20.17,20.18,19.54,19.57,4629500,19.31
2013-08-15,20.25,20.37,19.91,20.21,3379600,19.94
2013-08-14,20.57,20.66,20.48,20.56,2800700,20.29
2013-08-13,20.80,20.82,20.41,20.57,4150000,20.30
2013-08-12,20.75,20.93,20.66,20.83,3901600,20.55
2013-08-09,20.50,20.87,20.49,20.82,1860800,20.54
2013-08-08,20.51,20.61,20.38,20.55,2376000,20.28
2013-08-07,20.46,20.48,20.26,20.48,1209200,20.21
2013-08-06,20.65,20.79,20.45,20.50,1783600,20.23
2013-08-05,20.61,20.71,20.52,20.68,1654400,20.41
2013-08-02,20.53,20.95,20.51,20.69,2388700,20.42
2013-08-01,20.82,20.93,20.50,20.63,3589200,20.36
2013-07-31,21.66,21.66,20.53,20.74,5361800,20.47
2013-07-30,21.41,21.94,21.32,21.44,3429600,21.16
2013-07-29,21.57,21.66,21.21,21.21,2755500,20.93
2013-07-26,21.40,21.64,21.39,21.63,5517500,21.34
2013-07-25,21.36,21.53,21.34,21.45,4517000,21.17
2013-07-24,21.72,21.73,21.30,21.39,5845600,21.11
2013-07-23,21.51,21.68,21.40,21.64,1970700,21.35
2013-07-22,21.37,21.54,21.20,21.44,2563700,21.16
2013-07-19,21.33,21.48,21.28,21.40,1326400,21.12
2013-07-18,21.25,21.53,21.17,21.41,2501900,21.13
2013-07-17,21.42,21.49,21.16,21.25,2150500,20.97
2013-07-16,21.31,21.35,21.15,21.32,1782500,21.04
2013-07-15,21.03,21.41,20.87,21.28,2409100,21.00
2013-07-12,21.12,21.15,20.74,21.03,2391000,20.75
2013-07-11,20.78,21.04,20.75,21.00,2022600,20.60
2013-07-10,20.38,20.57,20.25,20.49,2632100,20.10
2013-07-09,20.25,20.56,20.10,20.39,2569100,20.01
2013-07-08,20.06,20.32,20.00,20.11,3083700,19.73
2013-07-05,19.99,20.08,19.66,20.04,2617500,19.66
2013-07-03,19.98,20.06,19.84,19.94,2640500,19.56
2013-07-02,19.92,20.05,19.78,20.02,3295700,19.64
2013-07-01,19.99,20.18,19.76,19.84,2488700,19.47
2013-06-28,20.04,20.09,19.76,19.87,5045200,19.49
2013-06-27,19.86,20.12,19.82,20.04,1833600,19.66
2013-06-26,19.56,19.83,19.56,19.71,2984400,19.34
2013-06-25,19.45,19.57,19.31,19.42,2907900,19.05
2013-06-24,19.26,19.66,18.84,19.32,3934300,18.96
2013-06-21,19.67,19.90,19.32,19.50,5203900,19.13
2013-06-20,20.35,20.40,19.42,19.59,3670100,19.22
2013-06-19,21.08,21.16,20.42,20.56,4377000,20.17
2013-06-18,20.87,21.22,20.79,21.07,2083800,20.67
2013-06-17,20.94,21.05,20.62,20.91,2148100,20.52
2013-06-14,20.78,20.96,20.64,20.88,2335000,20.49
2013-06-13,20.30,20.85,20.20,20.76,2760800,20.37
2013-06-12,20.54,20.57,20.04,20.15,2373500,19.77
2013-06-11,20.60,20.71,20.35,20.44,4251200,20.05
2013-06-10,20.78,20.83,20.50,20.69,3894600,20.30
2013-06-07,20.76,20.93,20.44,20.78,3749800,20.39
2013-06-06,19.87,20.66,19.86,20.64,4288500,20.25
2013-06-05,20.04,20.25,19.79,19.97,2740900,19.59
2013-06-04,20.47,20.54,20.06,20.07,4286500,19.69
2013-06-03,20.54,20.78,20.28,20.42,4456200,20.03
2013-05-31,20.83,20.91,20.47,20.53,8475700,20.14
2013-05-30,21.05,21.35,20.74,20.83,5776000,20.44
2013-05-29,20.91,21.12,20.33,21.10,6367900,20.70
2013-05-28,21.61,21.75,20.91,21.10,4903400,20.70
2013-05-24,21.39,21.54,21.18,21.54,3116500,21.13
2013-05-23,21.78,21.79,18.63,21.54,4067200,21.13
2013-05-22,22.86,22.90,21.95,22.07,7899300,21.65
2013-05-21,23.01,23.13,22.85,22.86,6134600,22.43
2013-05-20,22.98,23.15,22.88,23.01,5363200,22.58
2013-05-17,22.96,23.06,22.77,22.97,2226700,22.54
2013-05-16,22.88,23.08,22.80,22.89,4412700,22.46
2013-05-15,22.77,22.86,22.67,22.86,2581400,22.43
2013-05-14,22.91,23.00,22.73,22.81,2123100,22.38
2013-05-13,22.75,22.91,22.71,22.86,2437400,22.43
2013-05-10,22.69,22.81,22.57,22.71,1452800,22.28
2013-05-09,22.89,23.00,22.59,22.63,3661600,22.20
2013-05-08,22.82,22.99,22.67,22.83,5013500,22.40
2013-05-07,22.82,22.90,22.70,22.82,7624400,22.39
2013-05-06,22.96,23.33,22.96,23.33,2053400,22.89
2013-05-03,23.05,23.21,22.80,22.96,2628300,22.53
2013-05-02,22.68,23.00,22.53,22.97,2440700,22.54
2013-05-01,22.70,23.07,22.50,22.59,2849200,22.16
2013-04-30,22.13,22.80,22.10,22.72,5513600,22.29
2013-04-29,21.93,22.03,21.82,22.03,2311600,21.61
2013-04-26,21.83,22.00,21.76,21.77,2487000,21.36
2013-04-25,21.78,21.99,21.52,21.87,3064400,21.46
2013-04-24,21.68,21.99,21.55,21.92,3424200,21.51
2013-04-23,21.60,21.87,21.59,21.67,5193900,21.26
2013-04-22,21.53,21.57,21.26,21.52,2912000,21.11
2013-04-19,21.04,21.53,21.01,21.53,2660300,21.12
2013-04-18,20.99,21.12,20.90,21.09,2911900,20.69
2013-04-17,21.03,21.14,20.83,21.05,3192700,20.65
2013-04-16,20.98,21.29,20.94,21.26,4624400,20.86
2013-04-15,21.10,21.20,20.86,20.93,3770100,20.53
2013-04-12,20.93,21.31,20.74,21.20,3479200,20.80
2013-04-11,20.91,21.32,20.82,21.13,6791000,20.61
2013-04-10,20.70,20.91,20.68,20.85,6509800,20.34
2013-04-09,20.69,20.79,20.49,20.68,4423000,20.17
2013-04-08,20.45,20.72,20.37,20.68,3708400,20.17
2013-04-05,20.18,20.57,20.16,20.48,3567300,19.98
2013-04-04,20.24,20.46,20.20,20.41,3623100,19.91
2013-04-03,20.26,20.50,20.03,20.22,3675900,19.73
2013-04-02,20.00,20.35,20.00,20.16,3881500,19.67
2013-04-01,19.89,19.99,19.79,19.97,4186900,19.48
2013-03-28,20.00,20.05,19.87,19.88,6686800,19.39
2013-03-27,19.99,20.03,19.90,19.94,3969000,19.45
2013-03-26,20.01,20.08,19.93,19.99,3797000,19.50
2013-03-25,20.00,20.05,19.89,19.96,5604700,19.47
2013-03-22,19.89,20.04,19.82,19.95,2969400,19.46
2013-03-21,19.89,20.04,19.88,19.89,5734000,19.40
2013-03-20,19.86,20.00,19.80,19.99,2201000,19.50
2013-03-19,19.88,19.96,19.76,19.86,3238100,19.37
2013-03-18,19.76,19.90,19.70,19.90,4669900,19.41
2013-03-15,19.89,19.98,19.82,19.88,6835000,19.39
2013-03-14,19.78,19.97,19.77,19.86,7223000,19.37
2013-03-13,19.93,20.06,19.77,19.81,5899300,19.33
2013-03-12,19.91,20.09,19.91,19.97,4250200,19.48
2013-03-11,19.74,19.95,19.69,19.93,3697100,19.44
2013-03-08,19.90,19.90,19.65,19.75,4041200,19.27
2013-03-07,19.91,20.10,19.79,19.83,5897000,19.35
2013-03-06,20.05,20.23,19.79,20.14,5435800,19.65
2013-03-05,20.00,20.08,19.92,20.00,4328900,19.51
2013-03-04,19.70,19.91,19.65,19.91,3748700,19.42
2013-03-01,19.14,19.71,19.08,19.70,5449700,19.22
2013-02-28,19.33,19.33,19.12,19.14,6278000,18.67
2013-02-27,19.19,19.39,19.16,19.32,3147300,18.85
2013-02-26,19.21,19.38,19.07,19.17,3025800,18.70
2013-02-25,19.75,19.77,19.19,19.19,3252200,18.72
2013-02-22,19.55,19.73,19.46,19.66,2228000,19.18
2013-02-21,19.85,19.90,19.43,19.45,3935700,18.97
2013-02-20,20.07,20.26,19.88,19.90,4882600,19.41
2013-02-19,19.96,20.10,19.83,20.08,3604600,19.59
2013-02-15,19.82,20.04,19.79,19.96,3442600,19.47
2013-02-14,19.93,19.98,19.71,19.80,2843200,19.32
2013-02-13,20.13,20.27,19.83,19.91,5177200,19.42
2013-02-12,19.96,20.25,19.92,20.15,4993700,19.66
2013-02-11,20.15,20.25,20.12,20.18,1954800,19.69
2013-02-08,20.04,20.15,19.94,20.14,2675400,19.65
2013-02-07,20.21,20.21,19.96,20.01,2901400,19.52
2013-02-06,19.85,20.27,19.81,20.26,3798300,19.76
2013-02-05,20.67,20.97,20.13,20.21,6504600,19.72
2013-02-04,19.83,20.05,19.79,19.98,3685400,19.49
2013-02-01,19.54,20.01,19.47,19.98,4401300,19.49
2013-01-31,19.71,19.79,19.50,19.52,6602000,19.04
2013-01-30,19.66,19.84,19.64,19.80,4293100,19.32
2013-01-29,19.50,19.79,19.50,19.72,4256800,19.24
2013-01-28,19.76,19.79,19.45,19.53,2823400,19.05
2013-01-25,19.37,19.74,19.37,19.68,3842500,19.20
2013-01-24,19.48,19.55,19.23,19.36,2987900,18.89
2013-01-23,19.40,19.61,19.40,19.50,2598300,19.02
2013-01-22,19.36,19.50,19.35,19.48,3411700,19.00
2013-01-18,19.42,19.45,19.34,19.39,3736400,18.92
2013-01-17,19.39,19.62,19.34,19.43,4985600,18.96
2013-01-16,19.25,19.51,19.20,19.43,3233500,18.96
2013-01-15,19.05,19.38,18.99,19.31,3428300,18.84
2013-01-14,19.10,19.16,18.96,19.12,4103700,18.65
2013-01-11,19.11,19.13,18.96,19.13,4821900,18.66
2013-01-10,19.27,19.32,18.99,19.12,4802600,18.65
2013-01-09,19.36,19.43,19.18,19.22,3340100,18.75
2013-01-08,19.24,19.32,19.00,19.29,10151700,18.82
2013-01-07,19.25,19.29,19.15,19.24,12503800,18.77
2013-01-04,19.53,19.55,19.24,19.27,9062900,18.80
2013-01-03,19.35,19.56,19.18,19.46,2195600,18.98
2013-01-02,20.08,20.13,19.95,20.05,4869500,19.56
2012-12-31,19.59,19.87,19.59,19.85,3460800,19.36
2012-12-28,19.60,19.77,19.56,19.68,2253600,19.20
2012-12-27,19.44,19.76,19.43,19.70,2536100,19.22
2012-12-26,19.65,19.73,19.44,19.50,2650600,19.02
2012-12-24,19.60,19.74,19.57,19.65,1228200,19.17
2012-12-21,19.73,19.83,19.59,19.65,3557700,19.17
2012-12-20,19.71,19.93,19.67,19.86,2582800,19.37
2012-12-19,19.90,20.01,19.70,19.70,4327900,19.22
2012-12-18,19.93,19.95,19.78,19.90,4317700,19.41
2012-12-17,19.97,20.06,19.74,19.86,4418300,19.37
2012-12-14,19.96,20.07,19.86,19.95,9260500,19.46
2012-12-13,20.09,20.13,19.77,19.99,11347100,19.50
2012-12-12,20.05,20.26,19.81,20.19,6229500,19.70
2012-12-11,20.43,20.43,20.02,20.10,6011700,19.50
2012-12-10,20.19,20.49,20.15,20.27,5732600,19.67
2012-12-07,20.04,20.55,20.04,20.20,6518700,19.60
2012-12-06,19.75,20.14,19.69,20.02,6810100,19.42
2012-12-05,19.47,19.57,19.37,19.56,5809600,18.98
2012-12-04,19.45,19.60,19.33,19.42,2077300,18.84
2012-12-03,19.45,19.70,19.42,19.51,1882800,18.93
2012-11-30,19.08,19.63,19.08,19.37,5643000,18.79
2012-11-29,18.86,19.13,18.79,19.11,2662000,18.54
2012-11-28,18.78,18.78,18.55,18.78,2660300,18.22
2012-11-27,19.10,19.15,18.72,18.80,3148600,18.24
2012-11-26,18.90,19.18,18.90,19.16,2527200,18.59
2012-11-23,18.93,19.04,18.82,19.02,468500,18.45
2012-11-21,18.74,18.90,18.67,18.84,2188800,18.28
2012-11-20,18.97,19.04,18.70,18.74,3934900,18.18
2012-11-19,18.83,19.08,18.79,18.95,2690900,18.39
2012-11-16,18.54,18.76,18.41,18.67,2618600,18.11
2012-11-15,18.47,18.70,18.24,18.53,3534600,17.98
2012-11-14,18.99,18.99,18.39,18.47,3488700,17.92
2012-11-13,18.65,18.93,18.65,18.75,1782100,18.19
2012-11-12,18.86,19.02,18.73,18.82,1962600,18.26
2012-11-09,18.83,19.00,18.72,18.88,1985700,18.32
2012-11-08,18.88,19.15,18.84,18.93,3261000,18.37
2012-11-07,18.90,19.07,18.80,18.89,4298200,18.33
2012-11-06,19.03,19.13,18.77,18.97,2758200,18.40
2012-11-05,19.34,19.34,19.00,19.00,1819900,18.43
2012-11-02,19.37,19.50,19.22,19.34,2696400,18.76
2012-11-01,19.07,19.30,18.82,19.22,6047900,18.65
2012-10-31,19.26,19.66,18.94,19.66,4152800,19.07
2012-10-26,19.14,19.26,18.92,19.14,2413000,18.57
2012-10-25,19.41,19.41,18.96,19.16,2533700,18.59
2012-10-24,19.10,19.31,19.09,19.14,2288800,18.57
2012-10-23,19.21,19.21,18.89,19.01,2771400,18.44
2012-10-22,19.44,19.45,19.16,19.34,3218600,18.76
2012-10-19,19.74,19.90,19.43,19.47,2619600,18.89
2012-10-18,19.68,19.79,19.57,19.74,2332800,19.15
2012-10-17,19.67,19.83,19.49,19.74,3271900,19.15
2012-10-16,19.63,19.80,19.62,19.73,2088500,19.14
2012-10-15,19.34,19.59,19.19,19.59,2415800,19.01
2012-10-12,19.35,19.41,19.26,19.32,2317900,18.74
2012-10-11,19.47,19.48,19.33,19.36,3977400,18.78
2012-10-10,19.30,19.49,19.27,19.41,2514900,18.73
2012-10-09,19.32,19.59,19.29,19.29,3732000,18.61
2012-10-08,19.26,19.38,19.20,19.29,3641500,18.61
2012-10-05,19.31,19.46,19.24,19.35,3457800,18.67
2012-10-04,19.25,19.33,18.90,19.24,4416200,18.56
2012-10-03,19.10,19.53,19.08,19.19,4133300,18.51
2012-10-02,19.27,19.28,18.75,19.09,7302900,18.42
2012-10-01,19.53,19.58,18.94,19.17,5368100,18.49
2012-09-28,19.34,19.57,19.23,19.48,5428200,18.79
2012-09-27,19.23,19.71,19.18,19.47,4137600,18.78
2012-09-26,19.18,19.34,19.12,19.26,5317000,18.58
2012-09-25,19.41,19.59,19.14,19.19,5191600,18.51
2012-09-24,19.42,19.59,19.32,19.32,3706000,18.64
2012-09-21,19.75,19.81,19.45,19.45,9822100,18.76
2012-09-20,19.86,19.86,19.54,19.68,5848200,18.99
2012-09-19,19.76,19.95,19.75,19.87,3031300,19.17
2012-09-18,19.99,20.08,19.76,19.90,3357300,19.20
2012-09-17,19.93,20.17,19.87,20.00,2775800,19.29
2012-09-14,19.99,20.23,19.98,20.07,4911800,19.36
2012-09-13,20.00,20.12,19.87,20.00,4710800,19.29
2012-09-12,19.78,20.00,19.50,19.91,8703200,19.21
2012-09-11,19.83,20.16,19.55,20.09,12362400,19.38
2012-09-10,20.92,20.96,20.60,20.60,3417700,19.87
2012-09-07,21.02,21.25,20.88,20.99,4710400,20.25
2012-09-06,21.00,21.23,20.76,20.86,6924600,20.12
2012-09-05,20.75,21.25,20.45,20.98,11227900,20.24
2012-09-04,20.65,20.77,20.54,20.76,7005000,20.03
2012-08-31,20.55,20.81,20.43,20.58,4828500,19.85
2012-08-30,20.32,20.54,20.28,20.54,4254500,19.82
2012-08-29,20.49,20.52,20.22,20.40,5485100,19.68
2012-08-28,20.08,20.47,20.05,20.35,8657700,19.63
2012-08-27,19.75,20.38,19.57,20.02,12256600,19.31
2012-08-24,19.42,19.79,19.32,19.76,20441400,19.06
2012-08-23,18.48,21.12,18.35,20.32,43753400,19.60
2012-08-22,18.46,18.55,18.34,18.52,2025800,17.87
2012-08-21,18.45,18.56,18.39,18.56,2956200,17.91
2012-08-20,18.58,18.58,18.40,18.49,2787300,17.84
2012-08-17,18.50,18.56,18.48,18.55,9092100,17.90
2012-08-16,18.71,18.73,18.49,18.73,3322600,18.07
2012-08-15,18.67,18.74,18.50,18.65,3345300,17.99
2012-08-14,18.70,18.71,18.41,18.53,4166300,17.88
2012-08-13,18.62,18.75,18.50,18.63,2999100,17.97
2012-08-10,18.52,18.75,18.50,18.70,1924000,18.04
2012-08-09,18.59,18.85,18.51,18.58,2769600,17.92
2012-08-08,18.67,18.74,18.53,18.69,3456200,18.03
2012-08-07,18.81,18.84,18.56,18.61,4337500,17.95
2012-08-06,18.82,18.97,18.70,18.71,2517500,18.05
2012-08-03,18.72,18.85,18.42,18.79,7809500,18.13
2012-08-02,18.27,18.72,18.27,18.52,3850900,17.87
2012-08-01,18.29,18.42,18.10,18.21,3433100,17.57
2012-07-31,18.15,18.21,17.97,18.12,3957300,17.48
2012-07-30,18.00,18.23,17.97,18.23,2433600,17.59
2012-07-27,17.96,18.24,17.91,18.10,3129600,17.46
2012-07-26,17.64,17.88,17.61,17.87,3257800,17.24
2012-07-25,17.32,17.54,17.19,17.44,3442100,16.82
2012-07-24,17.26,17.41,16.99,17.22,4036500,16.61
2012-07-23,17.05,17.25,16.95,17.20,4176100,16.59
2012-07-20,17.31,17.45,17.19,17.23,3832800,16.62
2012-07-19,17.96,17.97,17.43,17.51,3873200,16.89
2012-07-18,17.97,18.21,17.81,17.85,2847300,17.22
2012-07-17,18.16,18.23,17.92,18.07,3030600,17.43
2012-07-16,17.78,18.12,17.68,18.07,2442500,17.43
2012-07-13,18.00,18.18,17.95,18.07,2069800,17.43
2012-07-12,17.90,18.10,17.79,17.96,6092200,17.33
2012-07-11,18.28,18.40,18.06,18.18,2471700,17.44
2012-07-10,18.65,18.66,18.18,18.29,2723400,17.55
2012-07-09,18.39,18.53,18.39,18.50,2458400,17.75
2012-07-06,18.09,18.49,18.07,18.49,2401800,17.74
2012-07-05,18.32,18.43,18.19,18.30,1990500,17.56
2012-07-03,18.35,18.42,18.22,18.30,2301300,17.56
2012-07-02,18.15,18.41,18.07,18.36,7079200,17.61
2012-06-29,18.27,18.43,17.87,18.09,7737800,17.36
2012-06-28,17.50,17.63,17.31,17.58,5799900,16.87
2012-06-27,17.29,17.54,17.24,17.50,2567300,16.79
2012-06-26,17.19,17.45,17.18,17.30,5606500,16.60
2012-06-25,17.10,17.33,17.01,17.18,2849400,16.48
2012-06-22,17.36,17.48,17.08,17.30,5769600,16.60
2012-06-21,17.50,17.52,17.14,17.23,4003300,16.53
2012-06-20,17.35,17.50,17.12,17.50,4204900,16.79
2012-06-19,17.28,17.53,17.18,17.30,3162300,16.60
2012-06-18,17.03,17.41,16.97,17.18,3294500,16.48
2012-06-15,17.15,17.20,16.97,17.10,5498000,16.41
2012-06-14,16.94,17.22,16.89,17.22,4565900,16.52
2012-06-13,16.87,17.09,16.74,16.91,4500900,16.22
2012-06-12,16.74,17.01,16.65,16.99,3746200,16.30
2012-06-11,17.26,17.29,16.71,16.71,6038500,16.03
2012-06-08,16.73,17.13,16.64,17.13,2026900,16.43
2012-06-07,17.27,17.39,16.75,16.75,3851400,16.07
2012-06-06,16.71,17.08,16.54,17.06,4231100,16.37
2012-06-05,15.94,16.59,15.89,16.51,2837800,15.84
2012-06-04,16.26,16.28,15.85,15.96,3322100,15.31
2012-06-01,16.45,16.51,16.08,16.15,3465700,15.49
2012-05-31,16.77,16.91,16.52,16.75,3654400,16.07
2012-05-30,17.10,17.11,16.81,16.81,2868700,16.13
2012-05-29,16.89,17.33,16.86,17.32,2114800,16.62
2012-05-25,16.98,17.03,16.67,16.81,1529700,16.13
2012-05-24,16.94,17.10,16.67,16.98,2382600,16.29
2012-05-23,16.70,16.94,16.44,16.94,2600000,16.25
2012-05-22,16.81,17.03,16.74,16.88,4530700,16.19
2012-05-21,16.37,16.80,16.28,16.75,4655100,16.07
2012-05-18,16.55,16.68,16.18,16.29,3040400,15.63
2012-05-17,17.26,17.29,16.58,16.61,3551400,15.94
2012-05-16,17.64,17.69,17.19,17.25,3314100,16.55
2012-05-15,17.72,17.77,17.53,17.64,3257700,16.92
2012-05-14,17.89,18.07,17.67,17.69,3783900,16.97
2012-05-11,18.06,18.24,17.92,18.00,4003300,17.27
2012-05-10,18.06,18.27,17.95,18.11,4935700,17.37
2012-05-09,17.64,18.02,17.59,17.93,3538600,17.20
2012-05-08,17.87,17.95,17.59,17.80,6829100,17.08
2012-05-07,17.76,18.04,17.71,18.04,4164000,17.31
2012-05-04,18.22,18.22,17.77,17.90,4050700,17.17
2012-05-03,18.29,18.44,18.23,18.32,3061200,17.58
2012-05-02,17.60,18.43,17.57,18.34,6692300,17.60
2012-05-01,17.90,18.15,17.84,17.92,4036300,17.19
2012-04-30,18.01,18.05,17.64,17.80,3603700,17.08
2012-04-27,17.87,18.07,17.80,18.05,4524600,17.32
2012-04-26,17.50,17.76,17.34,17.68,3570200,16.96
2012-04-25,17.39,17.64,17.36,17.57,2917000,16.86
2012-04-24,17.19,17.32,17.13,17.22,3286200,16.52
2012-04-23,17.14,17.19,17.05,17.13,3780300,16.43
2012-04-20,17.09,17.31,17.06,17.31,1832200,16.61
2012-04-19,17.02,17.13,16.89,16.98,1747400,16.29
2012-04-18,17.04,17.14,16.91,17.08,2279100,16.39
2012-04-17,17.14,17.20,16.96,17.10,2556400,16.41
2012-04-16,16.84,17.00,16.71,17.00,1761200,16.31
2012-04-13,16.76,16.81,16.62,16.70,1633000,16.02
2012-04-12,16.39,16.78,16.33,16.78,2044300,16.10
2012-04-11,16.40,16.53,16.28,16.51,2426100,15.74
2012-04-10,16.66,16.71,16.00,16.24,4107700,15.49
2012-04-09,16.44,16.67,16.36,16.64,1891300,15.87
2012-04-05,16.64,16.81,16.56,16.73,2292500,15.95
2012-04-04,16.63,16.75,16.51,16.65,2025100,15.88
2012-04-03,16.90,16.98,16.72,16.74,3032700,15.96
2012-04-02,16.91,17.05,16.89,16.98,3219500,16.19
2012-03-30,16.88,16.99,16.73,16.99,6512400,16.20
2012-03-29,16.57,16.81,16.36,16.79,3158800,16.01
2012-03-28,16.74,16.82,16.44,16.70,3520100,15.93
2012-03-27,16.75,16.95,16.74,16.81,2832900,16.03
2012-03-26,16.85,16.85,16.69,16.80,2449500,16.02
2012-03-23,16.41,16.68,16.27,16.63,2122800,15.86
2012-03-22,16.72,16.72,16.25,16.38,7975700,15.62
2012-03-21,17.01,17.07,16.82,16.82,2463300,16.04
2012-03-20,16.87,17.04,16.77,17.04,3161000,16.25
2012-03-19,16.98,17.01,16.83,16.95,4775100,16.16
2012-03-16,16.67,16.97,16.62,16.91,3479600,16.13
2012-03-15,16.82,16.90,16.55,16.60,4682000,15.83
2012-03-14,16.91,16.99,16.72,16.78,2445100,16.00
2012-03-13,16.43,16.93,16.41,16.87,3648200,16.09
2012-03-12,16.31,16.41,16.23,16.29,2430400,15.53
2012-03-09,16.50,16.50,16.32,16.36,4664300,15.60
2012-03-08,16.93,16.93,16.38,16.52,3749400,15.75
2012-03-07,16.43,16.81,16.24,16.81,4019200,16.03
2012-03-06,16.53,16.65,16.42,16.48,4295800,15.72
2012-03-05,16.49,16.70,16.35,16.69,2233900,15.92
2012-03-02,16.49,16.62,16.42,16.50,2650800,15.73
2012-03-01,16.27,16.46,16.26,16.44,3313400,15.68
2012-02-29,16.59,16.68,16.24,16.27,6413900,15.52
2012-02-28,16.92,16.92,16.50,16.52,3714900,15.75
2012-02-27,16.59,16.86,16.45,16.75,2951500,15.97
2012-02-24,16.72,16.81,16.55,16.73,2707800,15.95
2012-02-23,16.15,16.68,16.15,16.64,3732700,15.87
2012-02-22,16.42,16.60,16.16,16.19,3202500,15.44
2012-02-21,16.77,16.83,16.37,16.50,2701800,15.73
2012-02-17,17.05,17.07,16.72,16.79,3485000,16.01
2012-02-16,16.85,17.07,16.82,17.02,4457500,16.23
2012-02-15,16.56,17.07,16.50,16.85,5923700,16.07
2012-02-14,16.58,16.63,16.34,16.52,2965000,15.75
2012-02-13,16.15,16.78,16.12,16.71,2759900,15.93
2012-02-10,16.38,16.63,16.36,16.40,4145800,15.64
2012-02-09,16.70,16.80,16.19,16.57,4602800,15.80
2012-02-08,16.55,16.79,16.50,16.67,4437200,15.90
2012-02-07,16.49,16.61,16.45,16.58,3287900,15.81
2012-02-06,16.49,16.60,16.35,16.57,2590700,15.80
2012-02-03,16.24,16.58,16.18,16.55,6169500,15.78
2012-02-02,15.87,16.10,15.78,16.05,5029700,15.31
2012-02-01,15.86,15.91,15.75,15.82,5881800,15.09
2012-01-31,15.82,15.90,15.68,15.78,4721400,15.05
2012-01-30,15.80,15.84,15.68,15.77,4008900,15.04
2012-01-27,15.90,16.02,15.76,15.96,2250000,15.22
2012-01-26,15.95,16.00,15.71,15.93,2977000,15.19
2012-01-25,15.59,15.97,15.50,15.81,2996200,15.08
2012-01-24,15.32,15.63,15.23,15.63,2113900,14.90
2012-01-23,15.50,15.56,15.25,15.37,3704300,14.66
2012-01-20,15.05,15.62,15.00,15.61,4647100,14.89
2012-01-19,15.25,15.37,15.06,15.09,4325100,14.39
2012-01-18,15.12,15.34,15.05,15.25,3729500,14.54
2012-01-17,14.82,15.11,14.82,15.06,4615800,14.36
2012-01-13,14.64,14.77,14.49,14.75,685600,14.07
2012-01-12,15.07,15.07,14.78,14.84,2994300,13.75
2012-01-11,14.83,15.07,14.79,14.97,1901300,13.87
2012-01-10,14.90,15.08,14.86,14.90,2067900,13.81
2012-01-09,14.87,14.94,14.67,14.77,1313000,13.69
2012-01-06,15.00,15.01,14.71,14.81,3679100,13.72
2012-01-05,14.78,15.04,14.66,15.00,3284000,13.90
2012-01-04,14.99,15.09,14.80,14.88,3435500,13.79
2012-01-03,15.25,15.39,15.08,15.24,4455200,14.12
2011-12-30,14.88,15.19,14.85,15.02,4272000,13.92
2011-12-29,14.79,14.96,14.68,14.95,2651000,13.85
2011-12-28,14.94,14.98,14.66,14.72,3080800,13.64
2011-12-27,15.00,15.12,14.87,14.97,1492100,13.78
2011-12-23,15.11,15.11,14.77,15.00,1531400,13.81
2011-12-22,14.95,15.14,14.90,14.96,4483600,13.77
2011-12-21,14.89,14.93,14.73,14.85,4433600,13.67
2011-12-20,14.61,15.03,14.47,14.89,7374300,13.71
2011-12-19,14.11,14.56,14.03,14.35,4726900,13.21
2011-12-16,14.45,14.68,14.33,14.52,11275300,13.37
2011-12-15,14.19,14.38,14.03,14.37,5862400,13.23
2011-12-14,13.91,14.21,13.79,14.05,4526300,12.93
2011-12-13,14.03,14.29,13.86,14.04,4831800,12.92
2011-12-12,13.94,14.03,13.66,14.00,5239700,12.89
2011-12-09,13.93,14.17,13.81,14.12,5014000,13.00
2011-12-08,14.21,14.21,13.73,13.87,4937300,12.77
2011-12-07,14.10,14.35,13.93,14.29,3261300,13.15
2011-12-06,14.19,14.36,14.05,14.20,4434800,13.07
2011-12-05,14.13,14.55,13.92,14.25,5825500,13.12
2011-12-02,14.01,14.25,13.82,13.92,4233100,12.81
2011-12-01,13.97,14.06,13.69,13.95,4692500,12.84
2011-11-30,14.01,14.27,13.84,14.08,7669600,12.96
2011-11-29,13.53,13.67,13.44,13.54,5216900,12.46
2011-11-28,13.43,13.53,13.29,13.50,6476200,12.43
2011-11-25,12.85,13.28,12.82,12.99,973200,11.96
2011-11-23,13.25,13.33,12.82,12.82,2888400,11.80
2011-11-22,13.35,13.53,13.25,13.38,3540700,12.32
2011-11-21,13.23,13.45,13.18,13.29,4132000,12.23
2011-11-18,13.85,13.85,13.52,13.70,3464600,12.61
2011-11-17,14.10,14.20,13.53,13.68,4996700,12.59
2011-11-16,14.26,14.50,14.13,14.13,2677900,13.01
2011-11-15,14.21,14.50,14.10,14.39,2381900,13.25
2011-11-14,14.38,14.49,14.15,14.25,2777500,13.12
2011-11-11,14.40,14.59,14.20,14.46,3112800,13.31
2011-11-10,14.38,14.59,14.06,14.14,4334100,13.02
2011-11-09,14.25,14.80,14.16,14.25,5998600,13.12
2011-11-08,14.55,14.88,14.11,14.83,4407600,13.65
2011-11-07,14.46,14.86,14.24,14.51,1870800,13.36
2011-11-04,14.52,14.59,14.25,14.55,2092800,13.39
2011-11-03,14.63,14.72,14.12,14.71,3661100,13.54
2011-11-02,14.19,14.51,14.01,14.48,4557900,13.33
2011-11-01,14.08,14.37,13.92,13.94,6134800,12.83
2011-10-31,14.50,14.84,14.30,14.70,4345900,13.53
2011-10-28,14.51,14.80,14.34,14.76,4047500,13.59
2011-10-27,14.47,14.65,14.12,14.52,6672000,13.37
2011-10-26,14.03,14.18,13.72,13.90,4522200,12.80
2011-10-25,14.02,14.08,13.71,13.93,7364400,12.82
2011-10-24,13.55,14.21,13.49,14.08,6335900,12.96
2011-10-21,13.24,13.62,13.24,13.48,4146000,12.41
2011-10-20,12.87,13.10,12.66,13.09,2510900,12.05
2011-10-19,13.14,13.18,12.79,12.95,4287400,11.92
2011-10-18,12.40,13.19,12.28,13.09,6494100,12.05
2011-10-17,12.66,12.69,12.32,12.39,3079400,11.41
2011-10-14,12.83,12.96,12.60,12.78,3322400,11.76
2011-10-13,12.62,12.84,12.37,12.70,4978000,11.69
2011-10-12,12.30,12.91,12.25,12.70,5404100,11.69
2011-10-11,12.27,12.40,12.12,12.26,4590200,11.19
2011-10-10,12.07,12.36,12.01,12.35,5172800,11.28
2011-10-07,12.20,12.38,11.85,11.85,5505800,10.82
2011-10-06,11.40,12.21,11.34,12.19,6901800,11.13
2011-10-05,11.48,11.55,10.98,11.44,4200000,10.45
2011-10-04,11.15,11.54,10.68,11.47,10289900,10.47
2011-10-03,11.93,12.21,11.31,11.33,6615700,10.34
2011-09-30,12.56,12.77,12.08,12.10,6157200,11.05
2011-09-29,12.70,12.74,12.44,12.71,5341700,11.60
2011-09-28,12.89,12.92,12.41,12.41,5575900,11.33
2011-09-27,12.74,12.97,12.62,12.81,5017100,11.70
2011-09-26,12.42,12.53,12.14,12.49,4554900,11.40
2011-09-23,11.87,12.34,11.72,12.33,4452000,11.26
2011-09-22,11.92,12.24,11.64,11.90,5473000,10.87
2011-09-21,13.01,13.03,12.22,12.24,5291600,11.18
2011-09-20,12.69,13.10,12.61,13.04,5423500,11.91
2011-09-19,12.45,12.85,12.38,12.65,5534700,11.55
2011-09-16,13.07,13.12,12.63,12.71,9487300,11.60
2011-09-15,12.95,13.14,12.78,13.12,5516500,11.98
2011-09-14,12.70,12.89,12.41,12.81,5964400,11.70
2011-09-13,12.33,12.54,12.07,12.48,6578000,11.39
2011-09-12,12.02,12.31,11.85,12.28,4105800,11.21
2011-09-09,12.53,12.57,12.01,12.06,5352100,11.01
2011-09-08,12.92,12.96,12.61,12.61,3419300,11.51
2011-09-07,12.66,12.95,12.51,12.85,7862400,11.73
2011-09-06,12.29,12.62,12.03,12.48,3785300,11.39
2011-09-02,13.04,13.16,12.60,12.71,4776400,11.60
2011-09-01,13.70,13.73,13.27,13.32,4268200,12.16
2011-08-31,13.70,13.91,13.55,13.64,4649800,12.45
2011-08-30,13.73,13.77,13.36,13.60,2838500,12.42
2011-08-29,13.24,13.84,13.12,13.82,3709900,12.62
2011-08-26,12.74,13.35,12.50,13.04,5260600,11.91
2011-08-25,13.42,13.55,12.64,12.80,4141800,11.69
2011-08-24,13.34,13.60,12.96,13.28,3638800,12.12
2011-08-23,13.31,13.56,13.07,13.38,4681600,12.22
2011-08-22,13.53,13.60,13.00,13.21,4251700,12.06
2011-08-19,13.00,13.38,12.72,13.13,5820900,11.99
2011-08-18,13.72,13.80,12.98,13.19,6290600,12.04
2011-08-17,14.40,14.55,14.02,14.20,3062000,12.96
2011-08-16,14.25,14.36,14.05,14.28,3798400,13.04
2011-08-15,14.03,14.45,14.00,14.44,3316900,13.18
2011-08-12,14.41,14.53,13.75,13.86,5887700,12.65
2011-08-11,13.58,14.60,13.44,14.32,6368700,13.07
2011-08-10,13.34,14.54,13.28,13.48,13934600,12.31
2011-08-09,12.16,13.75,12.09,13.59,13438000,12.41
2011-08-08,13.31,13.35,11.74,11.75,10190100,10.73
2011-08-05,14.31,14.43,13.57,13.80,9840200,12.60
2011-08-04,14.86,15.24,14.05,14.09,10068800,12.86
2011-08-03,15.50,15.61,14.95,15.49,7613800,14.14
2011-08-02,15.96,16.53,15.25,15.32,13864600,13.99
2011-08-01,16.96,17.13,16.54,16.77,3866100,15.31
2011-07-29,16.67,16.87,16.40,16.81,2134800,15.35
2011-07-28,16.69,17.15,16.67,16.84,3923400,15.38
2011-07-27,17.06,17.08,16.66,16.66,3801600,15.21
2011-07-26,17.15,17.29,17.04,17.12,2044700,15.63
2011-07-25,17.15,17.31,17.03,17.19,2137300,15.69
2011-07-22,17.33,17.41,17.14,17.38,1803200,15.87
2011-07-21,17.13,17.43,17.09,17.30,2910100,15.80
2011-07-20,16.83,17.12,16.71,17.07,2164900,15.59
2011-07-19,16.44,16.81,16.42,16.80,3547900,15.34
2011-07-18,16.37,16.45,16.11,16.39,2231700,14.96
2011-07-15,16.21,16.48,16.21,16.44,1923400,15.01
2011-07-14,16.50,16.59,16.18,16.20,2727300,14.79
2011-07-13,16.74,16.74,16.40,16.48,4435200,15.05
2011-07-12,16.79,16.95,16.68,16.71,4112600,15.17
2011-07-11,17.01,17.18,16.76,16.79,2795100,15.24
2011-07-08,17.20,17.32,17.15,17.27,2937400,15.67
2011-07-07,17.00,17.41,16.95,17.36,4674400,15.76
2011-07-06,16.87,16.98,16.70,16.95,3146900,15.38
2011-07-05,16.77,16.99,16.66,16.95,3318400,15.38
2011-07-01,16.74,16.89,16.64,16.72,4200000,15.17
2011-06-30,16.66,16.80,16.51,16.69,3938400,15.15
2011-06-29,16.48,16.65,16.32,16.62,2697300,15.08
2011-06-28,16.29,16.67,16.29,16.49,3573200,14.97
2011-06-27,16.11,16.27,15.99,16.26,2457300,14.76
2011-06-24,16.22,16.44,15.94,16.11,13657500,14.62
2011-06-23,16.14,16.28,15.89,16.21,4020400,14.71
2011-06-22,16.43,16.64,16.37,16.37,3848200,14.86
2011-06-21,16.45,16.56,16.25,16.46,4167500,14.94
2011-06-20,16.34,16.50,16.14,16.46,3801900,14.94
2011-06-17,16.00,16.41,15.94,16.36,11776500,14.85
2011-06-16,15.67,15.98,15.67,15.94,4465000,14.47
2011-06-15,15.80,15.99,15.54,15.69,4296100,14.24
2011-06-14,16.00,16.00,15.83,15.95,5057900,14.48
2011-06-13,15.51,15.93,15.51,15.83,5317300,14.37
2011-06-10,15.91,15.91,15.52,15.54,5334800,14.10
2011-06-09,16.20,16.20,15.89,15.97,3965300,14.49
2011-06-08,16.10,16.25,16.00,16.18,4658500,14.68
2011-06-07,16.07,16.37,16.06,16.15,3951300,14.66
2011-06-06,16.23,16.40,15.93,16.04,6552800,14.56
2011-06-03,16.28,16.71,16.12,16.23,8726700,14.73
2011-06-02,16.08,16.50,16.04,16.50,13809200,14.97
2011-06-01,16.37,16.42,16.07,16.09,6158200,14.60
2011-05-31,16.40,16.49,16.26,16.48,6370300,14.96
2011-05-27,16.33,16.37,16.16,16.30,3393700,14.79
2011-05-26,16.15,16.35,15.99,16.23,3455500,14.73
2011-05-25,15.84,16.35,15.68,16.15,7697100,14.66
2011-05-24,15.92,16.06,15.79,15.88,6474500,14.41
2011-05-23,15.77,16.10,15.73,15.91,6094600,14.44
2011-05-20,16.23,16.33,15.99,16.04,5979100,14.56
2011-05-19,16.15,16.37,16.08,16.34,7866000,14.83
2011-05-18,16.03,16.20,15.94,16.14,3725000,14.65
2011-05-17,16.14,16.15,15.93,16.05,4974200,14.57
2011-05-16,16.02,16.35,16.02,16.15,2165800,14.66
2011-05-13,16.49,16.49,16.00,16.12,3313600,14.63
2011-05-12,16.10,16.51,16.01,16.42,3954800,14.90
2011-05-11,16.30,16.47,16.15,16.24,4400400,14.74
2011-05-10,16.08,16.52,15.99,16.35,7817400,14.84
2011-05-09,15.92,16.08,15.77,16.03,3410500,14.55
2011-05-06,16.14,16.20,15.82,15.92,5448800,14.45
2011-05-05,16.06,16.13,15.81,16.07,3952500,14.58
2011-05-04,16.30,16.43,15.97,16.11,20252900,14.62
2011-05-03,16.55,16.73,16.21,16.35,3115500,14.84
2011-05-02,16.83,16.85,16.56,16.68,3683200,15.14
2011-04-29,16.78,16.78,16.55,16.70,3775400,15.16
2011-04-28,16.45,16.80,16.37,16.70,6768400,15.16
2011-04-27,15.93,16.41,15.80,16.35,5243900,14.84
2011-04-26,16.01,16.23,15.89,15.99,6482600,14.51
2011-04-25,15.95,16.10,15.80,15.94,4218800,14.47
2011-04-21,15.64,15.97,15.42,15.93,4015600,14.46
2011-04-20,15.46,15.64,15.37,15.63,3759000,14.19
2011-04-19,15.26,15.57,15.21,15.38,1971900,13.96
2011-04-18,15.23,15.35,15.04,15.29,3768900,13.88
2011-04-15,15.41,15.55,15.37,15.44,5807600,14.01
2011-04-14,14.97,15.47,14.93,15.45,7894200,14.02
2011-04-13,14.94,15.06,14.85,15.00,3629600,13.61
2011-04-12,14.88,15.00,14.81,14.92,1615500,13.45
2011-04-11,14.99,15.17,14.88,14.94,1853100,13.47
2011-04-08,15.11,15.13,14.94,15.01,2846900,13.53
2011-04-07,15.22,15.30,15.06,15.07,3429300,13.59
2011-04-06,15.37,15.37,15.24,15.31,1916500,13.80
2011-04-05,15.35,15.44,15.22,15.26,3071300,13.76
2011-04-04,15.56,15.57,15.36,15.42,2401300,13.90
2011-04-01,15.52,15.66,15.42,15.47,3220700,13.95
2011-03-31,15.16,15.58,15.06,15.48,6307700,13.95
2011-03-30,15.08,15.27,14.97,15.25,2398800,13.75
2011-03-29,15.20,15.25,14.97,15.00,2165300,13.52
2011-03-28,15.14,15.25,15.12,15.18,1248000,13.68
2011-03-25,15.23,15.31,15.13,15.14,1852300,13.65
2011-03-24,15.18,15.35,15.03,15.16,4075200,13.67
2011-03-23,15.38,15.45,15.14,15.15,5348300,13.66
2011-03-22,15.52,15.52,15.34,15.48,3969600,13.95
2011-03-21,15.35,15.50,15.14,15.48,4991100,13.95
2011-03-18,14.92,15.25,14.78,15.20,22672200,13.70
2011-03-17,14.74,14.80,14.57,14.80,3103100,13.34
2011-03-16,14.72,14.87,14.42,14.58,4238300,13.14
2011-03-15,14.18,14.90,14.13,14.80,3783800,13.34
2011-03-14,14.71,14.83,14.24,14.57,3948100,13.13
2011-03-11,14.68,14.94,14.50,14.88,3124200,13.41
2011-03-10,14.87,15.03,14.54,14.68,5956700,13.23
2011-03-09,15.24,15.26,14.88,14.92,4575100,13.45
2011-03-08,14.99,15.37,14.91,15.23,4923300,13.73
2011-03-07,15.19,15.40,14.94,14.98,4578900,13.50
2011-03-04,15.49,15.49,15.09,15.13,3897100,13.64
2011-03-03,15.28,15.45,15.18,15.28,7221900,13.77
2011-03-02,15.45,15.57,15.03,15.08,4648400,13.59
2011-03-01,16.13,16.24,15.43,15.53,6352700,14.00
2011-02-28,15.53,15.93,15.49,15.92,5138300,14.35
2011-02-25,15.35,15.58,15.22,15.58,5322300,14.05
2011-02-24,15.30,15.41,15.03,15.21,4530700,13.71
2011-02-23,15.49,15.55,15.26,15.38,5381500,13.86
2011-02-22,15.65,15.72,15.37,15.52,3259200,13.99
2011-02-18,15.74,15.82,15.58,15.76,3558300,14.21
2011-02-17,15.70,15.82,15.61,15.81,3002500,14.25
2011-02-16,15.50,15.83,15.38,15.76,5065900,14.21
2011-02-15,15.47,15.50,15.27,15.38,3578300,13.86
2011-02-14,15.47,15.50,15.29,15.45,2531000,13.93
2011-02-11,15.35,15.46,15.20,15.45,3129300,13.93
2011-02-10,15.20,15.39,15.16,15.37,2447200,13.86
2011-02-09,15.21,15.33,15.11,15.30,3188000,13.79
2011-02-08,15.20,15.33,15.01,15.28,4781600,13.77
2011-02-07,14.99,15.24,14.95,15.20,5616000,13.70
2011-02-04,14.95,15.09,14.81,14.96,4689400,13.49
2011-02-03,14.77,14.98,14.65,14.93,3728900,13.46
2011-02-02,14.86,14.99,14.76,14.84,4270400,13.38
2011-02-01,14.91,14.99,14.55,14.93,22681500,13.46
2011-01-31,14.59,14.87,14.59,14.81,5328500,13.35
2011-01-28,15.07,15.07,14.41,14.57,5072100,13.13
2011-01-27,14.83,15.25,14.75,15.00,5617600,13.52
2011-01-26,14.86,14.90,14.66,14.88,4927800,13.41
2011-01-25,14.60,14.85,14.54,14.85,6479900,13.39
2011-01-24,14.45,14.67,14.40,14.67,5985200,13.22
2011-01-21,14.45,14.50,14.26,14.35,4347700,12.94
2011-01-20,14.43,14.70,14.30,14.43,5673300,13.01
2011-01-19,14.80,14.82,14.42,14.50,4782100,13.07
2011-01-18,15.10,15.12,14.72,14.84,6092800,13.38
2011-01-14,14.74,15.14,14.66,15.10,4839900,13.61
2011-01-13,14.76,14.94,14.60,14.81,4122400,13.35
2011-01-12,14.88,15.01,14.69,14.80,5261300,13.34
2011-01-11,15.06,15.06,14.54,14.74,7546700,13.29
2011-01-10,14.65,15.01,14.63,14.99,6787600,13.51
2011-01-07,14.92,15.05,14.64,15.02,5335400,13.54
2011-01-06,15.34,15.36,14.88,14.93,7885500,13.46
2011-01-05,15.21,15.44,15.04,15.41,5129800,13.89
2011-01-04,15.66,15.75,15.29,15.33,5513500,13.82
2011-01-03,15.60,15.83,15.47,15.73,4348200,14.18
2010-12-31,15.61,15.75,15.39,15.48,3208700,13.95
2010-12-30,15.49,15.74,15.49,15.70,2100400,14.15
2010-12-29,15.29,15.55,15.27,15.49,2696900,13.96
2010-12-28,15.10,15.40,15.00,15.25,2629000,13.75
2010-12-27,15.46,15.54,15.26,15.48,2103400,13.92
2010-12-23,15.81,15.95,15.37,15.49,2169300,13.93
2010-12-22,15.98,16.09,15.55,15.78,4657300,14.19
2010-12-21,15.85,15.97,15.71,15.96,5236500,14.35
2010-12-20,15.60,15.80,15.32,15.70,6457200,14.12
2010-12-17,15.23,15.87,15.15,15.60,41792300,14.03
2010-12-16,14.98,15.34,14.68,15.12,7473300,13.60
2010-12-15,15.01,15.47,14.95,15.01,6420400,13.50
2010-12-14,15.20,15.64,14.96,15.03,8256300,13.52
2010-12-13,15.22,15.44,15.10,15.27,5292400,13.73
2010-12-10,14.96,15.31,14.87,15.14,5336800,13.61
2010-12-09,15.51,15.53,14.81,14.91,5483300,13.41
2010-12-08,15.85,15.93,15.11,15.26,4805300,13.72
2010-12-07,16.18,16.30,15.72,15.79,4479300,14.20
2010-12-06,15.91,16.15,15.85,16.07,4931800,14.45
2010-12-03,15.85,16.09,15.72,15.94,3997100,14.33
2010-12-02,15.96,16.00,15.62,15.80,6710900,14.21
2010-12-01,16.06,16.18,15.73,15.95,10637800,14.34
2010-11-30,16.00,16.24,15.77,16.19,62808700,14.56
2010-11-29,16.44,16.50,15.49,16.10,13453200,14.48
2010-11-26,16.04,16.40,15.66,16.28,7790000,14.64
2010-11-24,15.68,15.84,15.35,15.80,6134000,14.21
2010-11-23,15.24,15.56,15.12,15.45,8659900,13.89
2010-11-22,15.05,15.59,15.02,15.50,6420700,13.94
2010-11-19,14.72,15.23,14.47,15.10,26824100,13.58
2010-11-18,14.83,14.85,14.54,14.68,11977400,13.20
2010-11-17,14.41,14.84,14.39,14.64,16540200,13.17
2010-11-16,15.20,15.30,14.15,14.31,61063000,12.87
2010-11-15,15.28,15.73,15.00,15.40,6167800,13.85
2010-11-12,15.65,16.08,15.39,15.40,6638500,13.85
2010-11-11,14.60,16.05,14.53,15.44,10239400,13.88
2010-11-10,14.46,14.85,14.30,14.73,7999900,13.25
2010-11-09,17.80,17.99,16.95,17.39,4474600,12.41
2010-11-08,17.75,18.27,17.67,17.80,3668000,12.70
2010-11-05,17.49,17.77,17.20,17.75,3861300,12.67
2010-11-04,17.43,17.52,17.29,17.48,3637400,12.48
2010-11-03,17.06,17.27,16.92,17.19,2581100,12.27
2010-11-02,17.10,17.15,16.90,17.08,2059000,12.19
2010-11-01,16.75,17.10,16.74,16.97,2323600,12.11
2010-10-29,16.40,16.99,16.25,16.80,18544500,11.99
2010-10-28,16.70,16.77,16.39,16.49,1478700,11.77
2010-10-27,16.81,16.93,16.42,16.57,20286000,11.83
2010-10-26,16.96,17.04,16.83,16.94,1427700,12.09
2010-10-25,17.17,17.25,16.92,17.06,2388900,12.18
2010-10-22,16.88,17.10,16.52,16.99,4771300,12.13
2010-10-21,17.58,17.70,16.84,16.93,4281100,12.08
2010-10-20,16.44,17.41,16.44,17.36,4270700,12.39
2010-10-19,16.30,16.48,16.24,16.42,2113900,11.72
2010-10-18,16.24,16.55,16.15,16.48,1769700,11.76
2010-10-15,16.07,16.62,16.03,16.12,2592200,11.50
2010-10-14,15.93,16.25,15.80,16.13,1784500,11.51
2010-10-13,15.96,16.08,15.76,15.90,2024600,11.35
2010-10-12,15.73,15.91,15.71,15.80,1784300,11.28
2010-10-11,15.86,15.86,15.68,15.72,920500,11.22
2010-10-08,15.67,16.29,15.62,15.80,2083000,11.28
2010-10-07,16.06,16.12,15.68,15.78,1200600,11.26
2010-10-06,16.04,16.12,15.94,16.05,1407300,11.45
2010-10-05,16.04,16.41,15.86,16.04,2567800,11.45
2010-10-04,15.54,15.99,15.52,15.94,1626400,11.38
2010-10-01,15.69,15.73,15.26,15.58,1933400,11.12
2010-09-30,15.75,15.79,15.59,15.60,1343600,11.13
2010-09-29,15.47,15.75,15.47,15.67,1219500,11.18
2010-09-28,15.49,15.62,15.30,15.56,1370700,11.11
2010-09-27,15.58,15.60,15.38,15.51,921500,11.07
2010-09-24,15.31,15.60,15.25,15.54,1064100,11.09
2010-09-23,15.21,15.41,15.05,15.09,1554000,10.77
2010-09-22,15.24,15.59,15.24,15.30,1119200,10.92
2010-09-21,15.60,15.75,15.31,15.31,1198000,10.93
2010-09-20,15.35,15.69,15.19,15.62,5257900,11.15
2010-09-17,15.17,15.32,15.03,15.08,5699600,10.76
2010-09-16,15.40,15.44,15.10,15.11,1086600,10.78
2010-09-15,15.25,15.52,15.09,15.40,2513500,10.99
2010-09-14,15.30,15.46,14.92,15.35,2281100,10.96
2010-09-13,14.81,15.60,14.68,15.39,3226700,10.98
2010-09-10,14.71,14.83,14.54,14.66,805000,10.46
2010-09-09,14.95,14.95,14.50,14.58,892800,10.41
2010-09-08,14.74,14.94,14.57,14.76,1558700,10.53
2010-09-07,14.60,14.94,14.56,14.72,2894900,10.51
2010-09-03,14.85,14.98,14.48,14.74,2273500,10.52
2010-09-02,14.46,14.82,14.40,14.80,2196400,10.56
2010-09-01,14.25,14.50,14.21,14.44,2313300,10.31
2010-08-31,13.72,14.16,13.72,14.07,2942800,10.04
2010-08-30,13.80,14.02,13.61,13.64,1940300,9.73
2010-08-27,13.80,13.95,13.60,13.93,2302400,9.94
2010-08-26,13.99,14.05,13.73,13.74,2030100,9.81
2010-08-25,13.61,14.01,13.54,13.87,2734500,9.90
2010-08-24,13.63,13.89,13.59,13.79,1436300,9.84
2010-08-23,13.98,14.17,13.88,13.90,1611000,9.92
2010-08-20,14.15,14.18,13.84,13.96,1279600,9.96
2010-08-19,14.20,14.35,14.02,14.13,2443200,10.08
2010-08-18,14.11,14.33,14.00,14.32,1824400,10.22
2010-08-17,13.75,14.14,13.68,14.07,2780200,10.04
2010-08-16,13.42,13.75,13.42,13.56,990400,9.68
2010-08-13,13.45,13.69,13.45,13.50,1274800,9.63
2010-08-12,13.54,13.72,13.46,13.47,1712900,9.61
2010-08-11,13.93,14.02,13.72,13.74,2163300,9.81
2010-08-10,14.17,14.36,13.80,14.22,1734600,10.15
2010-08-09,14.25,14.40,14.25,14.40,1132600,10.28
2010-08-06,14.12,14.27,13.99,14.23,1179600,10.16
2010-08-05,14.14,14.35,14.06,14.29,1481100,10.20
2010-08-04,14.00,14.28,13.99,14.27,1845000,10.18
2010-08-03,14.12,14.20,13.93,14.02,1439100,10.01
2010-08-02,13.97,14.24,13.89,14.21,2623500,10.14
2010-07-30,13.75,13.96,13.75,13.92,1681100,9.93
2010-07-29,13.99,13.99,13.81,13.88,1261600,9.91
2010-07-28,13.77,13.96,13.67,13.86,2104700,9.89
2010-07-27,13.94,14.01,13.75,13.83,2243500,9.87
2010-07-26,13.76,13.93,13.66,13.91,2169500,9.93
2010-07-23,13.70,13.78,13.42,13.76,1575600,9.82
2010-07-22,13.62,13.90,13.54,13.70,2055000,9.78
2010-07-21,13.69,13.72,13.21,13.39,1580500,9.56
2010-07-20,13.22,13.65,13.07,13.57,1526000,9.68
2010-07-19,13.22,13.48,12.98,13.42,1298200,9.58
2010-07-16,13.61,13.72,13.16,13.23,2071000,9.44
2010-07-15,14.16,14.16,13.52,13.77,2921800,9.83
2010-07-14,13.91,14.15,13.75,14.09,2407200,10.06
2010-07-13,13.89,14.25,13.85,13.95,2008200,9.96
2010-07-12,13.74,13.84,13.57,13.71,1142800,9.78
2010-07-09,13.38,13.89,13.27,13.75,1410000,9.81
2010-07-08,13.27,13.50,12.93,13.42,2245300,9.58
2010-07-07,12.33,13.22,12.33,13.22,2645900,9.44
2010-07-06,12.84,13.05,12.23,12.36,3543000,8.82
2010-07-02,12.97,13.05,12.71,12.75,1986000,9.10
2010-07-01,13.23,13.26,12.53,12.93,4727200,9.23
2010-06-30,13.32,13.62,13.16,13.26,3570000,9.46
2010-06-29,13.81,13.83,13.30,13.48,3440600,9.62
2010-06-28,14.21,14.28,13.99,14.03,1631700,10.01
2010-06-25,14.12,14.45,13.89,14.24,20641100,10.16
2010-06-24,14.38,14.40,14.06,14.11,2909600,10.07
2010-06-23,14.27,14.43,14.01,14.38,1446300,10.26
2010-06-22,14.50,14.66,14.16,14.24,2465500,10.16
2010-06-21,14.74,14.85,14.47,14.57,1740500,10.40
2010-06-18,14.63,14.70,14.37,14.63,2680800,10.44
2010-06-17,14.45,14.61,14.07,14.61,3185000,10.43
2010-06-16,14.20,14.35,14.12,14.32,1964700,10.22
2010-06-15,14.05,14.30,13.92,14.24,1724100,10.16
2010-06-14,13.71,14.27,13.65,13.97,2784600,9.97
2010-06-11,13.19,13.73,13.18,13.65,1837400,9.74
2010-06-10,13.30,13.50,13.07,13.50,1791700,9.63
2010-06-09,13.21,13.75,13.03,13.17,1720500,9.40
2010-06-08,13.24,13.57,12.72,13.23,3664700,9.44
2010-06-07,13.70,13.88,13.16,13.25,1780300,9.46
2010-06-04,13.84,14.08,13.53,13.68,2989100,9.76
2010-06-03,14.05,14.34,13.93,14.16,1475200,10.11
2010-06-02,14.02,14.28,13.72,14.10,1086400,10.06
2010-06-01,13.75,14.38,13.69,13.98,1422500,9.98
2010-05-28,14.10,14.45,13.92,14.02,1675400,10.01
2010-05-27,13.74,14.10,13.64,14.10,2971100,10.06
2010-05-26,13.12,13.65,13.09,13.19,2463500,9.41
2010-05-25,12.55,13.12,12.55,13.04,3175300,9.31
2010-05-24,13.50,13.50,12.95,13.18,2656900,9.41
2010-05-21,12.49,13.40,12.31,13.12,5384400,9.36
2010-05-20,12.80,13.20,12.42,12.75,6871000,9.10
2010-05-19,13.87,13.88,12.80,13.42,5850000,9.58
2010-05-18,14.58,14.58,13.81,13.88,2767100,9.91
2010-05-17,14.43,14.80,14.24,14.25,3033200,10.17
2010-05-14,14.99,15.00,14.34,14.50,3240400,10.35
2010-05-13,14.84,15.22,14.70,15.00,2057600,10.71
2010-05-12,14.78,15.01,14.66,14.96,2609800,10.68
2010-05-11,14.60,14.97,14.37,14.93,2575200,10.66
2010-05-10,14.82,15.13,14.54,14.77,5335000,10.54
2010-05-07,16.41,16.41,13.86,14.07,21243300,10.04
2010-05-06,16.51,16.60,15.30,15.84,3973600,11.31
2010-05-05,16.30,16.74,16.06,16.57,2548300,11.83
2010-05-04,16.82,16.84,16.26,16.50,3079700,11.78
2010-05-03,15.80,18.15,15.51,16.78,8351800,11.98
2010-04-30,15.89,16.11,15.55,15.70,1213800,11.21
2010-04-29,15.61,15.97,15.56,15.94,1741600,11.38
2010-04-28,15.74,15.84,15.51,15.72,1485100,11.22
2010-04-27,15.80,15.95,15.41,15.68,2006700,11.19
2010-04-26,15.43,15.80,15.30,15.71,1930100,11.21
2010-04-23,15.40,15.55,15.22,15.50,1755800,11.06
2010-04-22,15.72,15.84,15.29,15.39,1604400,10.98
2010-04-21,15.07,15.74,15.00,15.42,1918500,11.01
2010-04-20,15.24,15.42,14.65,15.18,2761800,10.83
2010-04-19,15.04,15.47,14.99,15.10,3778600,10.78
2010-04-16,15.90,16.01,14.40,15.38,5681400,10.98
2010-04-15,16.32,16.32,15.91,16.01,3501800,11.43
2010-04-14,16.09,16.38,15.95,16.38,4780800,11.69
2010-04-13,16.14,16.20,15.83,16.15,2979100,11.53
2010-04-12,16.24,16.42,15.61,16.13,7406400,11.51
2010-04-09,16.36,16.75,16.35,16.73,1977700,11.94
2010-04-08,16.13,16.47,16.10,16.40,842000,11.70
2010-04-07,16.27,16.36,15.99,16.16,1267800,11.53
2010-04-06,16.01,16.38,15.97,16.27,1094900,11.61
2010-04-05,15.68,16.36,15.68,16.21,1923600,11.57
2010-04-01,16.01,16.20,14.00,15.95,2671400,11.38
2010-03-31,16.18,16.42,16.01,16.09,1478300,11.48
2010-03-30,16.52,16.70,16.17,16.22,1472100,11.58
2010-03-29,16.50,16.73,16.46,16.73,1405900,11.94
2010-03-26,16.23,16.50,16.07,16.49,2155100,11.77
2010-03-25,16.14,16.26,16.00,16.18,2882600,11.55
2010-03-24,16.08,16.45,15.75,15.88,3021100,11.33
2010-03-23,17.28,17.28,15.75,16.15,8782200,11.53
2010-03-22,16.52,16.95,16.50,16.80,2669500,11.99
2010-03-19,16.59,16.78,16.19,16.75,4138800,11.95
2010-03-18,16.14,16.64,15.85,16.44,8499000,11.73
2010-03-17,15.48,16.20,15.19,15.84,14283900,11.31
2010-03-16,14.61,15.55,14.56,15.10,5479100,10.78
2010-03-15,14.75,14.80,14.40,14.75,3111400,10.53
2010-03-12,14.61,14.75,14.52,14.75,1668800,10.53
2010-03-11,14.74,14.74,14.37,14.63,2768300,10.44
2010-03-10,14.84,15.00,14.34,14.40,8528900,10.28
2010-03-09,14.64,15.00,14.35,14.55,13291700,10.38
2010-03-08,14.18,14.36,13.91,14.08,1932000,10.05
2010-03-05,13.70,14.40,13.50,14.01,4676500,10.00
2010-03-04,13.61,13.72,13.26,13.69,3524600,9.77
2010-03-03,13.22,13.68,13.16,13.49,3235900,9.63
2010-03-02,13.14,13.25,12.95,13.21,2894100,9.43
2010-03-01,13.06,13.33,12.94,13.05,3026700,9.31
2010-02-26,13.12,13.25,12.96,13.11,3851400,9.36
2010-02-25,13.00,13.25,12.77,13.04,5676300,9.31
2010-02-24,12.92,13.86,12.80,12.89,36216400,9.20
2010-02-23,13.15,13.60,12.89,12.97,13723600,9.26
2010-02-22,12.66,12.88,12.63,12.76,5127100,9.11
2010-02-19,12.90,12.92,12.55,12.74,4391600,9.09
2010-02-18,12.74,12.90,12.24,12.69,9900400,9.06
2010-02-17,12.03,13.24,12.00,12.92,15304700,9.22
2010-02-16,10.83,12.03,10.80,12.02,20818700,8.58
2010-02-12,9.05,9.47,9.05,9.40,1363400,6.71
2010-02-11,9.02,9.22,8.96,9.07,822000,6.47
2010-02-10,9.24,9.25,8.95,9.14,688800,6.52
2010-02-09,9.05,9.20,8.83,9.16,796900,6.54
2010-02-08,8.95,9.09,8.82,8.94,584000,6.38
2010-02-05,9.08,9.30,8.81,9.00,3234400,6.42
2010-02-04,9.97,9.97,9.00,9.08,2919200,6.48
2010-02-03,9.52,9.98,9.50,9.96,1015100,7.11
2010-02-02,9.05,9.56,9.00,9.50,1812900,6.78
2010-02-01,9.24,9.24,8.58,8.94,4935900,6.38
2010-01-29,9.64,9.75,9.26,9.30,2271600,6.64
2010-01-28,9.91,9.95,9.58,9.65,1945600,6.89
2010-01-27,9.85,10.04,9.65,9.82,1205300,7.01
2010-01-26,10.33,10.68,9.76,9.90,1951300,7.07
2010-01-25,10.27,10.60,9.80,10.24,2718300,7.31
2010-01-22,10.81,11.07,10.18,10.30,4851200,7.35
2010-01-21,11.07,11.78,10.80,10.90,4143100,7.78
2010-01-20,11.00,11.45,10.90,11.00,1570400,7.85
2010-01-19,10.99,11.50,10.95,10.95,1493900,7.82
2010-01-15,10.90,11.10,10.60,10.98,1566800,7.84
2010-01-14,10.97,11.75,10.60,10.80,2885100,7.71
2010-01-13,11.20,11.20,10.50,10.96,4088100,7.82
2010-01-12,12.02,12.10,11.15,11.21,3865300,8.00
2010-01-11,12.35,12.35,11.62,12.08,2168300,8.62
2010-01-08,12.17,12.95,11.87,12.35,2199300,8.81
2010-01-07,12.02,13.00,11.80,12.19,5030100,8.70
2010-01-06,11.98,12.10,11.79,12.04,4165100,8.59
2010-01-05,11.56,12.20,11.56,12.15,2315000,8.67
2010-01-04,11.72,11.94,11.21,11.50,2997000,8.21
2009-12-31,11.63,12.10,11.55,11.56,2138500,8.25
2009-12-30,12.00,12.05,11.15,11.55,13183600,8.24
2009-12-29,13.09,13.15,10.95,12.41,4839900,8.86
2009-12-28,12.48,13.24,12.45,13.00,4181400,9.28
2009-12-24,11.96,12.75,11.96,12.45,2542000,8.89
2009-12-23,11.05,12.24,11.05,11.93,6117300,8.51
2009-12-22,8.86,11.14,8.83,10.95,17502300,7.68
2009-12-21,9.25,9.67,8.88,9.15,2078700,6.42
2009-12-18,9.76,9.98,8.80,9.40,2862000,6.59
2009-12-17,8.64,10.01,8.30,9.58,4209800,6.72
2009-12-16,9.40,9.41,7.00,8.81,17476900,6.18
2009-12-15,10.61,10.61,9.70,9.83,4836700,6.89
2009-12-14,10.65,10.89,10.00,10.80,2219300,7.57
2009-12-11,11.66,12.03,9.99,10.67,7856200,7.48
2009-12-10,11.00,11.62,10.85,11.58,7606400,8.12
2009-12-09,9.85,11.03,9.85,10.69,8270500,7.50
2009-12-08,9.25,10.30,9.11,9.80,3815900,6.87
2009-12-07,9.75,9.80,9.25,9.44,3320800,6.62
2009-12-04,9.54,10.02,8.99,9.80,12082400,6.87
2009-12-03,7.03,8.06,7.01,7.98,6796400,5.60
2009-12-02,6.94,6.99,6.74,6.95,1835700,4.87
2009-12-01,6.72,7.00,6.60,6.90,2082000,4.84
2009-11-30,6.32,6.52,6.32,6.52,1689100,4.57
2009-11-27,6.14,6.35,5.92,6.27,1275900,4.40
2009-11-25,6.83,6.84,6.34,6.43,2810600,4.51
2009-11-24,6.85,7.01,6.75,6.81,4029000,4.78
2009-11-23,6.51,7.00,6.49,6.85,3150600,4.80
2009-11-20,6.79,7.10,6.45,6.58,6174600,4.61
2009-11-19,5.78,6.94,5.30,6.79,16299100,4.76
2009-11-18,4.97,6.19,4.90,5.82,24650300,4.08
2009-11-17,4.49,4.50,4.27,4.27,1203400,2.99
2009-11-16,4.14,4.55,4.12,4.53,2322900,3.18
2009-11-13,3.98,4.18,3.94,4.13,1074100,2.90
2009-11-12,4.05,4.08,3.93,4.00,932200,2.81
2009-11-11,4.10,4.11,4.04,4.09,811300,2.87
2009-11-10,4.17,4.20,4.00,4.06,1489700,2.85
2009-11-09,4.02,4.20,3.99,4.17,2349500,2.92
2009-11-06,4.03,4.12,3.86,3.99,2337900,2.80
2009-11-05,4.20,4.30,4.10,4.15,1118700,2.91
2009-11-04,3.90,4.33,3.85,4.10,1889300,2.88
2009-11-03,3.82,4.30,3.57,3.80,4239000,2.67
2009-11-02,4.10,4.16,3.75,3.85,2947300,2.70
2009-10-30,4.40,4.42,4.03,4.08,2403100,2.86
2009-10-29,4.24,4.45,4.22,4.38,2322100,3.07
2009-10-28,4.90,4.95,3.95,4.23,9264600,2.97
2009-10-27,5.10,5.15,4.77,4.92,2280100,3.45
2009-10-26,5.18,5.48,5.05,5.07,2082500,3.56
2009-10-23,5.25,5.26,5.19,5.19,2099200,3.64
2009-10-22,5.28,5.30,5.16,5.24,2149700,3.67
2009-10-21,5.22,5.40,5.22,5.25,1618300,3.68
2009-10-20,5.15,5.33,5.05,5.24,2204100,3.67
2009-10-19,5.05,5.17,4.92,5.15,1266300,3.61
2009-10-16,4.95,5.07,4.83,5.06,1409300,3.55
2009-10-15,4.74,4.97,4.70,4.96,848300,3.48
2009-10-14,4.88,5.10,4.71,4.73,2911800,3.32
2009-10-13,5.07,5.10,4.84,4.86,1519200,3.41
2009-10-12,5.15,5.18,4.92,5.08,1274400,3.56
2009-10-09,5.03,5.28,5.03,5.15,1775500,3.61
2009-10-08,4.93,5.13,4.87,5.09,3224100,3.57
2009-10-07,4.77,5.04,4.69,4.84,3699400,3.39
2009-10-06,4.77,4.80,4.67,4.76,1798200,3.34
2009-10-05,4.38,4.80,4.38,4.69,3757200,3.29
2009-10-02,4.65,4.65,4.30,4.38,2947400,3.07
2009-10-01,4.75,4.85,4.55,4.65,3366100,3.26
2009-09-30,4.46,4.93,4.30,4.85,4241800,3.40
2009-09-29,4.24,4.58,4.20,4.46,2714600,3.13
2009-09-28,3.77,4.25,3.77,4.25,2549700,2.98
2009-09-25,3.87,3.98,3.74,3.77,2656700,2.64
2009-09-24,4.10,4.12,3.75,3.86,5781700,2.71
2009-09-23,4.31,4.37,4.05,4.06,3205200,2.85
2009-09-22,4.37,4.49,4.21,4.31,2527400,3.02
2009-09-21,4.20,4.55,3.99,4.37,2525000,3.06
2009-09-18,4.23,4.45,3.80,4.20,4054500,2.95
2009-09-17,4.59,4.95,4.20,4.22,9058400,2.96
2009-09-16,3.69,4.70,3.69,4.59,10871100,3.22
2009-09-15,3.50,3.99,3.49,3.69,8469400,2.59
2009-09-14,3.48,3.60,3.42,3.50,4492800,2.45
2009-09-11,2.97,3.49,2.97,3.48,6442400,2.44
2009-09-10,2.82,3.04,2.82,2.97,7532400,2.08
2009-09-09,2.69,3.00,2.69,2.82,5756600,1.98
2009-09-08,2.60,2.70,2.54,2.70,1328200,1.89
2009-09-04,2.59,2.64,2.55,2.60,1269800,1.82
2009-09-03,2.40,2.64,2.40,2.59,1173400,1.82
2009-09-02,2.45,2.48,2.40,2.40,1815300,1.68
2009-09-01,2.61,2.62,2.45,2.47,3969400,1.73
2009-08-31,2.69,2.80,2.60,2.61,1760400,1.83
2009-08-28,2.75,2.79,2.67,2.69,2020900,1.89
2009-08-27,2.68,2.82,2.66,2.75,1204400,1.93
2009-08-26,2.74,2.74,2.62,2.66,1463300,1.87
2009-08-25,2.81,2.88,2.70,2.74,1804200,1.92
2009-08-24,2.95,3.00,2.81,2.82,3639900,1.98
2009-08-21,2.66,3.08,2.63,2.95,6818400,2.07
2009-08-20,2.63,2.73,2.55,2.61,1304000,1.83
2009-08-19,2.70,2.74,2.52,2.62,2165800,1.84
2009-08-18,2.77,2.85,2.70,2.70,1173600,1.89
2009-08-17,2.82,2.83,2.62,2.80,2811000,1.96
2009-08-14,2.99,2.99,2.85,2.92,1455000,2.05
2009-08-13,3.16,3.19,2.84,2.99,4894600,2.10
2009-08-12,2.80,3.35,2.80,3.12,13486100,2.19
2009-08-11,2.70,2.80,2.60,2.80,3425600,1.96
2009-08-10,2.47,2.76,2.47,2.64,4493500,1.85
2009-08-07,2.22,2.51,2.20,2.45,7724100,1.72
2009-08-06,2.47,2.75,2.12,2.14,8990000,1.50
2009-08-05,2.02,2.60,2.02,2.47,8867400,1.73
2009-08-04,1.95,2.02,1.86,2.02,2552000,1.42
2009-08-03,2.02,2.05,1.95,1.95,2583600,1.37
2009-07-31,2.07,2.10,2.00,2.02,1862600,1.42
2009-07-30,2.02,2.19,2.00,2.07,3154200,1.45
2009-07-29,1.79,2.05,1.77,2.02,7591000,1.42
2009-07-28,1.75,1.82,1.73,1.78,709100,1.25
2009-07-27,1.88,1.88,1.76,1.78,2064700,1.25
2009-07-24,1.80,1.89,1.76,1.86,2187800,1.30
2009-07-23,1.67,1.83,1.58,1.77,2127600,1.24
2009-07-22,1.70,1.70,1.52,1.67,3206200,1.17
2009-07-21,1.70,1.73,1.62,1.70,1548000,1.19
2009-07-20,1.72,1.80,1.71,1.73,2977300,1.21
2009-07-17,1.69,1.83,1.62,1.72,4479100,1.21
2009-07-16,1.63,1.73,1.60,1.69,1791500,1.19
2009-07-15,1.65,1.76,1.57,1.67,3165600,1.17
2009-07-14,1.57,1.67,1.55,1.64,3469800,1.15
2009-07-13,1.38,1.68,1.38,1.60,1940800,1.12
2009-07-10,1.40,1.49,1.33,1.40,2136400,0.98
2009-07-09,1.59,1.59,1.33,1.39,5941200,0.97
2009-07-08,1.77,1.81,1.52,1.59,5195000,1.12
2009-07-07,1.85,1.92,1.77,1.80,1570400,1.26
2009-07-06,1.91,2.03,1.84,1.85,2932000,1.30
2009-07-02,1.82,1.96,1.76,1.95,1445800,1.37
2009-07-01,1.83,2.04,1.78,1.82,2432100,1.28
2009-06-30,1.90,1.92,1.78,1.83,1297700,1.28
2009-06-29,2.03,2.05,1.83,1.84,2523000,1.29
2009-06-26,1.88,2.05,1.86,2.04,1003800,1.43
2009-06-25,1.82,1.94,1.75,1.88,679300,1.32
2009-06-24,1.70,1.90,1.69,1.82,3283300,1.28
2009-06-23,1.86,1.96,1.64,1.70,3852900,1.19
2009-06-22,2.08,2.10,1.77,1.85,4904600,1.30
2009-06-19,2.03,2.19,2.03,2.07,1605700,1.45
2009-06-18,2.17,2.17,2.00,2.04,4221700,1.43
2009-06-17,2.36,2.36,2.11,2.17,3690700,1.52
2009-06-16,2.31,2.46,2.24,2.36,2756300,1.66
2009-06-15,2.07,2.40,1.89,2.31,3193000,1.62
2009-06-12,2.18,2.25,1.90,2.07,8045000,1.45
2009-06-11,2.46,2.50,2.22,2.32,3593400,1.63
2009-06-10,2.70,2.75,2.35,2.46,7066400,1.73
2009-06-09,2.85,2.86,2.65,2.70,3602600,1.89
2009-06-08,2.90,2.99,2.62,2.83,5957600,1.98
2009-06-05,2.73,3.05,2.73,2.90,11835100,2.03
2009-06-04,2.36,2.89,2.30,2.73,11436800,1.91
2009-06-03,2.42,2.42,2.12,2.37,9935300,1.66
2009-06-02,2.43,2.50,2.29,2.42,9180600,1.70
2009-06-01,2.02,2.56,2.02,2.43,15578200,1.70
2009-05-29,1.80,2.42,1.80,2.02,18779700,1.42
2009-05-28,1.31,1.96,1.00,1.80,25452600,1.26
2009-05-27,1.20,1.32,1.13,1.31,4867000,0.92
2009-05-26,1.17,1.22,1.13,1.19,3448400,0.83
2009-05-22,1.16,1.19,1.15,1.17,1589200,0.82
2009-05-21,1.15,1.20,1.10,1.17,2257300,0.82
2009-05-20,1.02,1.16,1.02,1.16,4001500,0.81
2009-05-19,1.01,1.05,0.97,1.02,1530700,0.72
2009-05-18,1.04,1.07,0.98,1.02,1901600,0.72
2009-05-15,1.04,1.16,1.01,1.04,4766800,0.73
2009-05-14,1.12,1.20,1.03,1.05,4587500,0.74
2009-05-13,1.22,1.25,1.02,1.10,3816600,0.77
2009-05-12,1.22,1.48,1.11,1.22,12155700,0.86
2009-05-11,0.94,1.20,0.94,1.20,9889200,0.84
2009-05-08,0.94,0.95,0.87,0.94,5085600,0.66
2009-05-07,0.91,0.98,0.83,0.94,10328700,0.66
2009-05-06,0.98,1.09,0.88,0.91,8552400,0.64
2009-05-05,0.82,1.05,0.82,0.98,12351900,0.69
2009-05-04,0.62,0.91,0.61,0.82,13009000,0.58
2009-05-01,0.62,0.63,0.56,0.62,2684500,0.43
2009-04-30,0.65,0.67,0.59,0.63,3598200,0.44
2009-04-29,0.64,0.69,0.62,0.65,2780300,0.46
2009-04-28,0.64,0.65,0.60,0.64,2453200,0.45
2009-04-27,0.62,0.72,0.59,0.63,5939300,0.44
2009-04-24,0.55,0.63,0.53,0.62,6044600,0.43
2009-04-23,0.59,0.59,0.54,0.54,5729500,0.38
2009-04-22,0.55,0.62,0.52,0.58,6951500,0.41
2009-04-21,0.54,0.58,0.48,0.55,18229900,0.39
2009-04-20,0.62,0.71,0.53,0.54,24417000,0.38
2009-04-17,0.60,0.86,0.50,0.62,103482100,0.43
2009-04-16,1.05,1.05,1.05,1.05,000,0.74
2009-04-15,1.04,1.08,0.96,1.05,10454900,0.74
2009-04-14,1.05,1.13,0.96,1.04,10417300,0.73
2009-04-13,0.94,1.18,0.94,1.05,20988600,0.74
2009-04-09,0.95,0.98,0.88,0.95,14398100,0.67
2009-04-08,1.12,1.15,0.82,0.85,20956800,0.60
2009-04-07,1.04,1.25,0.97,1.05,33157000,0.74
2009-04-06,0.72,1.36,0.67,0.97,60583600,0.68
2009-04-03,0.61,0.72,0.61,0.72,11217600,0.50
2009-04-02,0.70,0.70,0.63,0.68,11104800,0.48
2009-04-01,0.65,0.69,0.62,0.65,5568000,0.46
2009-03-31,0.59,0.71,0.59,0.71,7425500,0.50
2009-03-30,0.63,0.63,0.55,0.55,8122900,0.39
2009-03-27,0.71,0.71,0.62,0.66,4993900,0.46
2009-03-26,0.70,0.73,0.61,0.69,11704900,0.48
2009-03-25,0.70,0.72,0.60,0.70,7970800,0.49
2009-03-24,0.61,0.72,0.58,0.64,10568900,0.45
2009-03-23,0.54,0.66,0.50,0.66,12098000,0.46
2009-03-20,0.55,0.57,0.40,0.44,10312200,0.31
2009-03-19,0.60,0.60,0.50,0.50,8513600,0.35
2009-03-18,0.58,0.65,0.52,0.62,7921000,0.43
2009-03-17,0.63,0.63,0.51,0.61,8238500,0.43
2009-03-16,0.69,0.71,0.39,0.61,16340200,0.43
2009-03-13,0.46,0.64,0.44,0.64,9923100,0.45
2009-03-12,0.40,0.44,0.38,0.44,6270600,0.31
2009-03-11,0.41,0.42,0.36,0.40,8217600,0.28
2009-03-10,0.42,0.43,0.38,0.43,6752200,0.30
2009-03-09,0.35,0.42,0.35,0.38,5997700,0.27
2009-03-06,0.37,0.38,0.32,0.33,5361200,0.23
2009-03-05,0.40,0.41,0.33,0.33,9750400,0.23
2009-03-04,0.44,0.46,0.38,0.41,6011700,0.29
2009-03-03,0.50,0.60,0.37,0.38,13937300,0.27
2009-03-02,0.54,0.59,0.45,0.46,5099700,0.32
2009-02-27,0.59,0.62,0.49,0.59,8866900,0.41
2009-02-26,0.65,0.73,0.56,0.68,14772600,0.48
2009-02-25,0.52,0.65,0.48,0.62,13583000,0.43
2009-02-24,0.42,0.52,0.38,0.49,11353700,0.34
2009-02-23,0.48,0.50,0.36,0.36,10087600,0.25
2009-02-20,0.46,0.49,0.41,0.46,5926900,0.32
2009-02-19,0.56,0.57,0.46,0.46,7300000,0.32
2009-02-18,0.53,0.59,0.50,0.52,6583100,0.36
2009-02-17,0.57,0.60,0.49,0.51,4519600,0.36
2009-02-13,0.60,0.63,0.50,0.55,9658900,0.39
2009-02-12,0.73,0.73,0.58,0.62,6712200,0.43
2009-02-11,0.75,0.78,0.60,0.68,7338100,0.48
2009-02-10,0.85,0.85,0.72,0.73,5237300,0.51
2009-02-09,0.76,0.85,0.71,0.85,6439800,0.60
2009-02-06,0.74,0.81,0.72,0.81,4735400,0.57
2009-02-05,0.75,0.75,0.68,0.75,5254600,0.53
2009-02-04,0.75,0.79,0.68,0.77,6359800,0.54
2009-02-03,0.80,0.81,0.70,0.75,7788600,0.53
2009-02-02,0.85,0.92,0.73,0.85,15945400,0.60
2009-01-30,0.78,0.78,0.56,0.65,15052600,0.46
2009-01-29,0.89,0.89,0.69,0.71,12891100,0.50
2009-01-28,0.95,0.96,0.85,0.88,8537300,0.62
2009-01-27,1.07,1.07,0.78,0.85,17129100,0.60
2009-01-26,1.16,1.16,1.01,1.03,5238000,0.72
2009-01-23,1.03,1.07,1.00,1.07,7634800,0.75
2009-01-22,1.20,1.20,1.02,1.03,6868800,0.72
2009-01-21,1.17,1.22,1.08,1.22,5871300,0.86
2009-01-20,1.19,1.24,1.11,1.11,6036700,0.78
2009-01-16,1.34,1.43,1.11,1.16,13249100,0.81
2009-01-15,1.34,1.38,1.11,1.18,9636100,0.83
2009-01-14,1.27,1.43,1.25,1.31,10530500,0.92
2009-01-13,1.38,1.67,1.35,1.46,11471900,1.02
2009-01-12,1.86,1.89,1.41,1.48,15486500,1.04
2009-01-09,2.07,2.09,1.78,1.83,10489000,1.28
2009-01-08,1.93,2.26,1.82,2.09,30078200,1.47
2009-01-07,1.59,2.00,1.50,1.98,23740100,1.39
2009-01-06,1.52,1.60,1.45,1.60,18437000,1.12
2009-01-05,1.34,1.51,1.26,1.35,13139500,0.95
2009-01-02,1.31,1.50,1.26,1.42,8508400,1.00
2008-12-31,1.17,1.29,1.12,1.29,8431200,0.90
2008-12-30,1.22,1.27,1.13,1.20,4197500,0.84
2008-12-29,1.24,1.33,1.12,1.21,6924600,0.85
2008-12-26,1.03,1.33,0.85,1.29,8144800,0.90
2008-12-24,1.07,1.22,1.07,1.10,4301200,0.77
2008-12-23,1.40,1.40,1.09,1.23,9842200,0.86
2008-12-22,1.56,1.61,1.30,1.35,8051700,0.95
2008-12-19,1.52,1.75,1.41,1.75,9649100,1.23
2008-12-18,1.94,2.00,1.41,1.61,27006500,1.13
2008-12-17,1.70,1.80,1.58,1.58,6853300,1.11
2008-12-16,1.75,1.85,1.63,1.66,10279700,1.16
2008-12-15,1.71,1.85,1.50,1.85,13385300,1.30
2008-12-12,2.32,2.49,1.67,1.80,29531300,1.26
2008-12-11,1.62,1.70,1.30,1.44,16350700,1.01
2008-12-10,1.66,1.80,1.59,1.62,9103900,1.14
2008-12-09,1.57,1.86,1.45,1.58,20566700,1.11
2008-12-08,1.80,1.84,1.15,1.55,14631500,1.09
2008-12-05,1.54,1.75,1.45,1.65,13593900,1.16
2008-12-04,1.24,1.82,1.20,1.60,22476100,1.12
2008-12-03,1.12,1.41,1.03,1.35,26255500,0.95
2008-12-02,1.16,1.34,0.83,0.94,13104400,0.66
2008-12-01,1.55,1.55,1.05,1.14,10508700,0.80
2008-11-28,1.15,1.70,1.03,1.38,8019400,0.97
2008-11-26,1.38,1.48,1.05,1.16,15721200,0.81
2008-11-25,1.51,2.00,1.32,1.36,50365300,0.95
2008-11-24,0.53,1.00,0.49,1.00,35536000,0.70
2008-11-21,0.48,0.59,0.41,0.41,18987900,0.29
2008-11-20,0.34,0.51,0.31,0.40,28552000,0.28
2008-11-19,0.50,0.53,0.39,0.40,20581800,0.28
2008-11-18,0.58,0.58,0.42,0.47,25075900,0.33
2008-11-17,0.41,0.69,0.41,0.69,21741000,0.48
2008-11-14,0.39,0.63,0.38,0.44,48977500,0.31
2008-11-13,0.35,0.43,0.29,0.35,44012600,0.25
2008-11-12,0.43,0.43,0.24,0.35,96674500,0.25
2008-11-11,0.87,0.87,0.33,0.49,69740600,0.34
2008-11-10,2.18,2.18,1.30,1.37,22054800,0.96
2008-11-07,2.48,2.48,1.91,2.07,20214200,1.45
2008-11-06,2.21,2.48,2.05,2.36,19661600,1.66
2008-11-05,4.05,4.05,2.09,2.25,39650700,1.58
2008-11-04,3.89,4.51,3.89,4.49,12588500,3.15
2008-11-03,4.08,4.50,3.65,3.73,9295700,2.62
2008-10-31,3.64,4.44,3.37,4.14,15460800,2.90
2008-10-30,3.32,3.90,3.02,3.59,13351400,2.52
2008-10-29,3.37,3.40,2.84,2.99,15277300,2.10
2008-10-28,2.38,4.16,2.10,3.39,32819100,2.38
2008-10-27,2.03,2.50,1.97,1.97,15357700,1.38
2008-10-24,2.44,2.75,2.05,2.17,12100300,1.52
2008-10-23,3.20,3.48,2.33,2.80,17435600,1.96
2008-10-22,4.77,4.80,2.98,3.05,20237500,2.14
2008-10-21,5.46,5.78,4.82,4.84,11438900,3.39
2008-10-20,6.47,6.47,5.25,5.59,7625500,3.92
2008-10-17,5.26,6.63,5.11,6.12,13995800,4.29
2008-10-16,5.77,5.97,4.94,5.39,12173700,3.78
2008-10-15,4.97,6.16,4.67,5.63,15809100,3.95
2008-10-14,5.88,6.25,5.17,5.45,13723600,3.82
2008-10-13,6.29,6.33,4.80,5.65,16150400,3.96
2008-10-10,3.52,5.40,3.11,4.82,26044000,3.38
2008-10-09,5.69,5.69,3.84,3.90,21773700,2.74
2008-10-08,4.95,5.99,4.00,5.40,23017700,3.79
2008-10-07,7.87,9.10,3.51,4.50,39436000,3.16
2008-10-06,9.50,10.00,7.24,7.75,9817000,5.44
2008-10-03,10.87,12.48,8.98,9.67,22036300,6.78
2008-10-02,14.62,14.62,7.08,7.59,18942200,5.32
2008-10-01,14.86,15.00,14.20,14.62,4991700,10.25
2008-09-30,15.02,17.50,14.00,15.10,7090800,10.59
2008-09-29,16.46,16.92,13.87,14.21,6882600,9.97
2008-09-26,15.47,17.53,15.14,17.05,6701400,11.96
2008-09-25,16.08,16.50,15.40,16.00,7358900,11.22
2008-09-24,16.96,16.96,15.09,15.84,5833000,11.11
2008-09-23,17.70,19.01,16.55,17.00,10158900,11.92
2008-09-22,20.60,21.29,15.75,16.08,16015700,11.28
2008-09-19,21.42,21.42,19.41,21.42,234700,15.02
2008-09-18,20.93,21.47,13.37,19.92,35501000,13.97
2008-09-17,22.85,23.05,19.84,20.37,16444600,14.29
2008-09-16,23.53,23.75,20.75,23.66,14079400,16.59
2008-09-15,26.44,26.76,23.75,23.75,12868700,16.66
2008-09-12,25.79,27.58,25.42,27.55,6510100,19.32
2008-09-11,25.35,26.41,25.02,26.33,5732300,18.47
2008-09-10,25.82,26.44,25.02,25.98,5666300,18.22
2008-09-09,27.71,27.97,25.72,25.93,7745100,18.19
2008-09-08,28.74,29.85,26.48,27.73,11597800,19.45
2008-09-05,25.14,25.87,24.77,25.82,4181100,18.11
2008-09-04,26.26,26.72,25.37,25.48,5114200,17.87
2008-09-03,26.63,26.72,25.44,26.69,6194100,18.72
2008-09-02,26.57,26.85,25.00,25.74,6383000,18.05
2008-08-29,25.07,26.22,24.90,25.93,6221900,18.19
2008-08-28,24.66,26.06,24.66,25.95,5004400,18.20
2008-08-27,24.30,24.71,23.86,24.41,3913800,17.12
2008-08-26,23.71,24.36,23.21,24.36,6574500,17.08
2008-08-25,24.79,25.00,23.50,23.59,5434500,16.54
2008-08-22,23.93,25.21,23.84,24.98,6112800,17.52
2008-08-21,23.43,24.10,23.00,23.73,6311700,16.64
2008-08-20,23.93,24.16,22.93,23.94,7861100,16.79
2008-08-19,24.31,25.10,23.32,23.58,12767300,16.54
2008-08-18,25.24,25.38,24.06,24.19,6663300,16.96
2008-08-15,24.97,25.26,24.15,25.15,6573100,17.64
2008-08-14,24.03,24.91,23.95,24.74,9255100,17.35
2008-08-13,25.55,25.55,24.09,24.63,15725200,17.27
2008-08-12,26.83,26.92,25.34,25.75,10153200,18.06
2008-08-11,27.64,27.94,26.52,27.00,9979700,18.94
2008-08-08,27.00,27.97,25.87,27.48,13420300,19.27
2008-08-07,27.63,28.24,27.04,27.31,8394400,19.15
2008-08-06,27.70,28.49,27.03,28.24,5899500,19.81
2008-08-05,26.58,27.89,26.31,27.71,8948300,19.43
2008-08-04,26.72,26.86,25.65,26.24,7757100,18.40
2008-08-01,27.69,27.93,26.37,26.99,10014300,18.93
2008-07-31,26.57,28.52,25.72,27.41,15796300,19.22
2008-07-30,30.63,31.82,29.07,30.09,7863100,21.10
2008-07-29,28.27,30.50,28.25,30.25,9674200,21.21
2008-07-28,29.10,29.94,28.00,28.14,6189200,19.74
2008-07-25,29.23,30.16,28.75,29.37,6627300,20.60
2008-07-24,32.57,32.59,28.86,29.17,10119200,20.46
2008-07-23,29.78,33.33,28.75,32.39,13658600,22.72
2008-07-22,29.31,29.94,28.00,29.85,10498700,20.93
2008-07-21,29.97,30.67,29.28,29.59,7366100,20.75
2008-07-18,29.94,30.43,29.01,30.10,8304900,21.11
2008-07-17,29.98,31.35,28.65,29.89,13446400,20.96
2008-07-16,27.28,29.60,26.72,29.42,10170100,20.63
2008-07-15,28.10,28.89,26.87,27.28,11919000,19.13
2008-07-14,30.36,32.81,28.51,28.61,10494300,19.71
2008-07-11,29.91,31.03,28.86,30.00,15708800,20.67
2008-07-10,30.91,32.24,30.23,31.48,6647400,21.69
2008-07-09,33.59,33.80,30.70,30.92,7708900,21.31
2008-07-08,31.47,34.88,30.79,33.87,7437300,23.34
2008-07-07,32.68,33.44,31.18,31.54,8376700,21.73
2008-07-03,33.88,34.00,32.41,32.60,2909200,22.46
2008-07-02,34.94,35.17,33.58,33.60,4461600,23.15
2008-07-01,34.67,35.01,33.29,34.51,5915700,23.78
2008-06-30,35.97,36.00,34.95,35.03,5636500,24.14
2008-06-27,35.89,36.40,34.75,35.12,6119200,24.20
2008-06-26,37.46,37.65,35.67,35.74,5091800,24.63
2008-06-25,37.14,38.67,37.13,38.10,4220200,26.25
2008-06-24,36.62,37.51,35.97,36.93,3704100,25.45
2008-06-23,38.45,38.70,36.61,36.67,4366300,25.27
2008-06-20,38.89,39.20,37.74,38.18,4912500,26.31
2008-06-19,38.01,39.44,37.85,39.33,2883000,27.10
2008-06-18,38.15,38.56,37.70,38.01,3937200,26.19
2008-06-17,40.79,40.79,38.58,38.58,2946400,26.58
2008-06-16,39.39,40.44,38.70,40.30,2481500,27.77
2008-06-13,39.00,39.64,38.36,39.63,3062700,27.31
2008-06-12,38.19,39.45,37.88,38.64,3923000,26.63
2008-06-11,39.05,39.25,38.00,38.07,3738600,26.23
2008-06-10,38.25,39.43,37.93,39.20,5276900,27.01
2008-06-09,39.70,40.33,38.44,38.52,3520200,26.54
2008-06-06,40.79,41.89,39.46,39.73,4024300,27.38
2008-06-05,40.34,42.43,40.31,42.22,3270800,29.09
2008-06-04,39.86,40.54,39.53,40.27,2564600,27.75
2008-06-03,40.38,40.43,39.34,39.93,3407700,27.51
2008-06-02,41.22,41.22,39.70,40.03,2134100,27.58
2008-05-30,42.10,42.30,41.28,41.56,2746100,28.64
2008-05-29,40.39,41.95,40.00,41.92,3875300,28.89
2008-05-28,40.39,40.87,40.20,40.57,2444200,27.96
2008-05-27,39.28,40.12,39.17,40.02,2492900,27.58
2008-05-23,39.88,39.88,38.74,39.33,3752600,27.10
2008-05-22,40.72,40.91,39.51,39.88,4347100,27.48
2008-05-21,42.48,43.21,40.39,40.74,4453600,28.07
2008-05-20,42.77,42.91,41.79,42.49,2833200,29.28
2008-05-19,43.80,44.01,42.79,43.06,3035100,29.67
2008-05-16,43.98,44.23,43.39,43.83,3537800,30.20
2008-05-15,42.48,43.41,42.26,43.41,1741000,29.91
2008-05-14,42.65,43.08,42.29,42.58,1889900,29.34
2008-05-13,42.75,42.99,41.65,42.29,2187700,29.14
2008-05-12,41.23,42.67,41.09,42.52,1854100,29.30
2008-05-09,40.38,42.00,40.38,41.20,1852200,28.39
2008-05-08,41.71,42.01,40.96,41.37,2312800,28.51
2008-05-07,43.59,44.03,41.42,41.50,3283000,28.60
2008-05-06,42.10,43.41,41.83,43.41,3132100,29.91
2008-05-05,42.46,42.81,41.79,42.22,1907900,29.09
2008-05-02,43.37,43.81,42.70,43.10,3065900,29.70
2008-05-01,40.83,42.74,40.61,42.48,3255800,29.27
2008-04-30,42.78,43.22,40.76,40.96,3675900,28.22
2008-04-29,42.88,43.12,42.40,42.61,4318600,29.36
2008-04-28,42.54,43.05,41.64,42.77,2299900,29.47
2008-04-25,42.50,43.07,41.62,42.39,2638500,29.21
2008-04-24,40.48,42.56,40.36,42.38,3616700,29.20
2008-04-23,40.01,40.68,39.61,40.25,2741400,27.73
2008-04-22,39.62,39.93,39.01,39.55,1800300,27.25
2008-04-21,40.38,40.47,39.49,39.69,1935500,27.35
2008-04-18,41.46,42.00,40.39,40.76,3463600,28.09
2008-04-17,39.42,40.64,39.40,40.57,3110700,27.96
2008-04-16,38.37,40.33,38.36,40.26,5410000,27.74
2008-04-15,37.51,38.07,37.11,37.81,2296900,26.05
2008-04-14,37.78,38.38,37.28,37.33,2310500,25.72
2008-04-11,38.16,39.16,37.30,38.10,2866400,25.91
2008-04-10,39.55,39.55,37.94,38.70,4314600,26.32
2008-04-09,40.70,40.97,39.13,39.22,2801700,26.67
2008-04-08,41.87,42.25,40.69,40.80,3205500,27.74
2008-04-07,42.65,43.25,41.41,41.87,3272400,28.47
2008-04-04,43.05,43.08,41.94,42.25,4205000,28.73
2008-04-03,40.82,43.24,40.66,43.08,5428600,29.30
2008-04-02,41.07,41.89,40.29,41.35,4420700,28.12
2008-04-01,38.75,40.74,38.71,40.74,5663100,27.70
2008-03-31,38.26,39.25,37.37,38.17,4841900,25.96
2008-03-28,38.59,39.20,37.60,38.69,5363700,26.31
2008-03-27,39.86,40.25,38.57,38.71,4201300,26.32
2008-03-26,41.00,41.00,38.90,39.60,6162100,26.93
2008-03-25,39.01,42.31,39.01,41.00,22614800,27.88
2008-03-24,38.16,39.58,37.52,38.26,5650100,26.02
2008-03-20,32.86,38.06,32.86,37.92,9132600,25.79
2008-03-19,33.11,34.05,32.70,32.83,5586900,22.33
2008-03-18,32.85,34.53,30.73,33.01,11919000,22.45
2008-03-17,31.14,32.08,30.20,31.65,8105900,21.52
2008-03-14,33.78,34.09,31.35,32.31,7328300,21.97
2008-03-13,32.69,34.11,31.83,33.59,5407300,22.84
2008-03-12,34.97,35.10,33.43,33.45,4850600,22.75
2008-03-11,33.73,35.21,32.85,35.05,8367400,23.83
2008-03-10,33.66,33.93,32.63,32.73,4010500,22.26
2008-03-07,32.94,34.05,32.05,33.73,6684400,22.94
2008-03-06,35.66,35.78,32.85,33.09,8089000,22.50
2008-03-05,34.90,36.13,34.90,35.88,4010000,24.40
2008-03-04,34.98,35.25,33.81,35.06,5435100,23.84
2008-03-03,35.22,35.69,34.36,35.26,3731600,23.98
2008-02-29,35.63,36.11,35.00,35.31,4514200,24.01
2008-02-28,37.15,37.15,35.91,35.97,3275800,24.46
2008-02-27,37.71,38.51,37.12,37.34,3390100,25.39
2008-02-26,37.16,38.37,36.39,37.97,6616600,25.82
2008-02-25,34.80,37.48,34.45,37.37,7717000,25.41
2008-02-22,33.81,35.07,33.40,35.04,4577900,23.83
2008-02-21,35.59,35.63,33.56,33.74,4508200,22.94
2008-02-20,35.08,35.42,34.51,35.34,5486000,24.03
2008-02-19,36.85,37.14,34.91,35.29,3669000,24.00
2008-02-15,35.62,36.51,35.09,36.50,3976700,24.82
2008-02-14,36.61,37.04,35.56,35.65,3705100,24.24
2008-02-13,36.59,37.80,36.02,36.67,4351600,24.94
2008-02-12,35.50,37.17,35.50,36.38,6993400,24.74
2008-02-11,34.79,35.36,34.21,35.01,5488800,23.81
2008-02-08,37.49,37.54,34.59,34.87,8062800,23.71
2008-02-07,36.13,38.09,35.73,37.94,3923600,25.80
2008-02-06,36.99,37.54,36.10,36.29,4234400,24.68
2008-02-05,38.60,38.61,36.83,37.01,4761300,25.17
2008-02-04,39.78,40.00,38.77,39.37,4704100,26.77
2008-02-01,36.85,40.06,36.66,40.00,6025600,27.20
2008-01-31,35.23,36.92,35.23,36.51,4350500,24.83
2008-01-30,36.22,37.78,36.04,36.30,5996200,24.68
2008-01-29,36.78,37.43,36.09,36.30,3765500,24.68
2008-01-28,35.58,37.07,35.01,36.78,3960900,25.01
2008-01-25,36.86,37.60,35.43,35.75,4512600,24.31
2008-01-24,38.06,38.23,35.95,36.42,7027900,24.77
2008-01-23,33.48,38.02,32.74,37.71,8894000,25.64
2008-01-22,31.48,36.10,31.00,34.43,10627700,23.41
2008-01-18,33.70,34.30,32.24,32.86,7085200,22.35
2008-01-17,33.64,34.82,33.29,33.40,8239800,22.71
2008-01-16,31.83,34.38,31.83,33.60,7733100,22.85
2008-01-15,32.40,32.62,31.43,31.91,7608700,21.70
2008-01-14,34.85,35.27,32.48,33.68,6041200,22.56
2008-01-11,33.17,34.78,32.38,34.43,8505400,23.07
2008-01-10,33.86,34.06,32.58,33.53,9106000,22.46
2008-01-09,33.94,34.38,31.94,34.17,7885200,22.89
2008-01-08,36.10,36.99,33.84,33.90,7662300,22.71
2008-01-07,36.80,36.81,34.91,35.99,6483300,24.11
2008-01-04,38.02,38.02,36.51,36.66,5944200,24.56
2008-01-03,40.40,40.56,38.24,38.42,5604200,25.74
2008-01-02,40.55,41.16,39.84,40.60,3120800,27.20
