Date,Open,High,Low,Close,Volume,Adj Close
2013-12-31,75.07,75.25,74.16,75.10,6679700,75.10
2013-12-30,74.67,75.25,74.22,75.08,5899800,75.08
2013-12-27,75.36,75.36,74.25,74.45,4913900,74.45
2013-12-26,74.97,75.35,74.67,75.20,4852200,75.20
2013-12-24,74.99,75.03,74.21,74.96,4530700,74.96
2013-12-23,75.35,75.80,74.68,74.99,7545000,74.99
2013-12-20,73.95,75.08,73.73,74.66,14893400,74.66
2013-12-19,73.03,74.88,73.00,73.43,10040500,73.43
2013-12-18,72.28,73.68,70.62,73.59,17907500,73.59
2013-12-17,71.72,71.74,69.05,70.08,12247500,70.08
2013-12-16,72.03,72.36,71.34,71.42,12025400,71.42
2013-12-13,71.21,71.61,70.14,71.40,11343000,71.40
2013-12-12,70.39,71.21,70.05,70.27,12064600,70.27
2013-12-11,72.96,73.07,70.48,70.61,16840400,70.61
2013-12-10,75.00,75.10,70.23,72.81,25872900,72.81
2013-12-09,76.07,76.11,74.23,75.19,17248700,75.19
2013-12-06,74.06,74.13,73.08,73.99,11554900,73.99
2013-12-05,72.62,73.37,72.09,73.19,9662700,73.19
2013-12-04,72.02,72.89,71.50,72.47,11241700,72.47
2013-12-03,73.92,74.06,72.36,72.42,12863900,72.42
2013-12-02,74.84,74.97,73.61,74.52,11734800,74.52
2013-11-29,75.00,75.25,74.77,74.81,4900300,74.81
2013-11-27,74.75,75.30,74.17,74.63,8228900,74.63
2013-11-26,74.83,75.06,74.11,74.37,9030800,74.37
2013-11-25,75.42,75.43,74.44,74.60,12257400,74.60
2013-11-22,72.86,75.21,72.85,74.27,18519700,74.27
2013-11-21,71.22,71.87,71.21,71.63,9155300,71.63
2013-11-20,70.19,71.47,69.85,71.08,10245300,71.08
2013-11-19,68.80,69.86,68.35,69.66,7336500,69.66
2013-11-18,70.53,70.74,68.75,68.97,8781100,68.97
2013-11-15,69.46,69.90,68.58,69.89,9383800,69.89
2013-11-14,68.78,69.27,68.58,68.98,9619800,68.98
2013-11-13,67.86,68.51,67.06,68.50,11909400,68.50
2013-11-12,67.18,67.84,67.16,67.61,8446100,67.61
2013-11-11,67.74,68.08,67.22,67.51,9444800,67.51
2013-11-08,66.50,67.58,66.25,67.37,12507100,67.37
2013-11-07,67.90,68.44,65.53,65.63,13750800,65.63
2013-11-06,69.66,69.96,67.21,67.36,11095700,67.36
2013-11-05,69.49,70.04,69.25,69.54,7102200,69.54
2013-11-04,71.13,71.25,69.32,69.34,9332700,69.34
2013-11-01,71.39,71.49,70.42,70.97,9395500,70.97
2013-10-31,72.76,72.77,70.97,71.18,12730300,71.18
2013-10-30,71.89,73.20,71.43,72.67,16630600,72.67
2013-10-29,68.79,69.56,68.23,69.50,6255900,69.50
2013-10-28,70.00,70.40,68.61,68.73,7013300,68.73
2013-10-25,70.12,70.30,68.20,69.68,9458300,69.68
2013-10-24,69.44,70.14,68.95,69.83,10476900,69.83
2013-10-23,68.46,69.35,68.03,69.01,9770300,69.01
2013-10-22,67.01,68.25,66.64,68.09,6873000,68.09
2013-10-21,68.11,68.35,66.63,66.99,9685200,66.99
2013-10-18,67.27,68.45,66.49,68.21,15446800,68.21
2013-10-17,65.70,67.38,65.26,67.36,7651400,67.36
2013-10-16,64.06,65.74,63.85,65.65,8336700,65.65
2013-10-15,63.45,64.72,63.43,63.60,8003800,63.60
2013-10-14,62.47,63.88,61.81,63.87,8669400,63.87
2013-10-11,62.94,63.48,62.38,62.69,8092400,62.69
2013-10-10,61.63,62.80,61.15,62.74,15240300,62.74
2013-10-09,59.81,60.24,58.81,58.90,15313300,58.90
2013-10-08,61.84,61.88,59.30,59.38,9671000,59.38
2013-10-07,62.15,62.55,61.66,61.77,8070600,61.77
2013-10-04,61.63,63.06,61.63,63.04,6351200,63.04
2013-10-03,62.29,62.70,61.37,61.71,6715000,61.71
2013-10-02,62.38,62.69,61.90,62.40,5045800,62.40
2013-10-01,63.02,63.36,62.30,62.80,6773000,62.80
2013-09-30,62.15,63.70,62.00,62.87,7887300,62.87
2013-09-27,62.36,63.93,62.15,63.54,5632700,63.54
2013-09-26,62.35,63.20,62.05,62.80,4672200,62.80
2013-09-25,62.63,62.74,61.71,61.73,5358300,61.73
2013-09-24,62.63,63.16,62.36,62.74,5175000,62.74
2013-09-23,63.43,63.70,62.33,62.58,5998800,62.58
2013-09-20,64.41,64.48,63.80,63.86,9073800,63.86
2013-09-19,64.62,64.74,63.64,64.32,5450300,64.32
2013-09-18,62.83,64.52,62.58,64.28,7916500,64.28
2013-09-17,62.90,63.38,62.36,62.69,5631400,62.69
2013-09-16,64.08,64.21,62.58,63.02,7037400,63.02
2013-09-13,63.53,63.62,62.72,63.53,3839800,63.53
2013-09-12,63.00,63.49,62.28,63.19,4853700,63.19
2013-09-11,63.12,63.30,62.18,62.93,5462000,62.93
2013-09-10,63.16,63.56,62.45,62.86,4835000,62.86
2013-09-09,61.08,62.66,61.08,62.66,5751200,62.66
2013-09-06,61.35,61.48,59.42,61.12,8284700,61.12
2013-09-05,61.19,61.30,60.51,61.07,4951900,61.07
2013-09-04,60.80,61.46,60.36,61.11,7264000,61.11
2013-09-03,60.90,61.60,60.25,60.92,7068700,60.92
2013-08-30,61.16,61.16,59.96,60.27,5545400,60.27
2013-08-29,60.13,61.28,59.91,60.93,5500100,60.93
2013-08-28,58.83,61.04,58.50,60.44,8862800,60.44
2013-08-27,59.80,59.83,58.57,58.74,6127400,58.74
2013-08-26,59.82,60.99,59.60,60.42,6619100,60.42
2013-08-23,59.99,60.12,59.47,59.64,6215500,59.64
2013-08-22,58.75,59.98,58.70,59.93,4750500,59.93
2013-08-21,57.70,59.54,57.43,58.69,10075700,58.69
2013-08-20,57.31,58.55,57.31,58.00,5349400,58.00
2013-08-19,56.84,58.13,56.75,57.34,5518000,57.34
2013-08-16,56.76,57.73,56.25,56.91,7598300,56.91
2013-08-15,57.37,57.65,55.96,56.89,7345200,56.89
2013-08-14,59.11,59.56,58.14,58.17,5155200,58.17
2013-08-13,59.10,59.45,58.22,58.93,4565900,58.93
2013-08-12,58.86,59.14,58.32,58.90,6263600,58.90
2013-08-09,58.82,60.23,58.57,59.21,5666200,59.21
2013-08-08,60.50,60.78,59.29,59.30,8283700,59.30
2013-08-07,60.13,60.47,59.20,60.22,9417900,60.22
2013-08-06,60.92,60.92,59.18,59.98,8579000,59.98
2013-08-05,61.75,61.90,60.43,60.95,6105100,60.95
2013-08-02,61.86,61.95,61.28,61.75,5614300,61.75
2013-08-01,62.05,62.20,60.97,62.00,7726300,62.00
2013-07-31,62.10,62.20,61.36,61.40,8423200,61.40
2013-07-30,62.00,62.28,61.46,61.73,11134400,61.73
2013-07-29,62.60,62.82,61.57,62.02,10264600,62.02
2013-07-26,63.82,64.04,61.58,62.57,14716300,62.57
2013-07-25,60.12,61.14,58.81,60.86,11325400,60.86
2013-07-24,59.71,60.13,59.05,59.88,9589400,59.88
2013-07-23,59.99,60.15,59.05,59.12,10997200,59.12
2013-07-22,59.71,60.46,58.61,59.71,12171600,59.71
2013-07-19,58.58,60.51,57.49,60.10,14574100,60.10
2013-07-18,57.85,58.44,57.56,58.22,8821500,58.22
2013-07-17,57.37,57.77,57.11,57.75,9123400,57.75
2013-07-16,57.55,57.77,56.78,57.14,8831400,57.14
2013-07-15,57.20,57.72,56.82,57.66,7637500,57.66
2013-07-12,56.00,57.86,55.76,57.34,13267800,57.34
2013-07-11,56.03,56.25,55.39,55.85,11373200,55.85
2013-07-10,54.39,55.50,54.19,55.33,8768300,55.33
2013-07-09,54.02,54.80,53.35,54.38,8202100,54.38
2013-07-08,53.60,53.96,53.21,53.32,10022700,53.32
2013-07-05,52.40,53.49,52.27,53.32,6126900,53.32
2013-07-03,52.01,52.34,51.63,51.98,2786800,51.98
2013-07-02,51.70,52.67,51.42,52.23,8566000,52.23
2013-07-01,51.97,52.80,51.53,51.65,9472900,51.65
2013-06-28,50.95,51.61,50.62,51.27,9086200,51.27
2013-06-27,51.70,51.95,50.70,51.01,8249000,51.01
2013-06-26,50.42,51.63,50.30,51.31,9904400,51.31
2013-06-25,49.41,50.88,49.31,49.78,12879000,49.78
2013-06-24,48.20,49.71,46.70,48.93,11453100,48.93
2013-06-21,49.63,49.93,48.08,48.83,20298000,48.83
2013-06-20,50.19,50.45,49.02,49.35,11510700,49.35
2013-06-19,51.82,52.05,50.57,50.60,6406800,50.60
2013-06-18,50.87,52.05,50.87,51.94,6873600,51.94
2013-06-17,52.77,53.26,50.82,51.03,10079200,51.03
2013-06-14,51.89,52.79,51.85,52.23,6216700,52.23
2013-06-13,51.25,52.10,50.68,51.95,9292700,51.95
2013-06-12,52.83,53.06,51.14,51.17,9707600,51.17
2013-06-11,51.90,52.98,51.39,52.44,7277900,52.44
2013-06-10,53.55,53.56,52.11,52.44,8744200,52.44
2013-06-07,51.88,53.41,51.81,52.89,12883500,52.89
2013-06-06,50.38,51.68,49.66,51.35,14267400,51.35
2013-06-05,51.60,52.66,49.26,50.12,18605900,50.12
2013-06-04,53.13,53.69,51.92,52.32,11367200,52.32
2013-06-03,54.56,54.64,51.35,53.12,15319800,53.12
2013-05-31,56.21,56.21,54.48,54.48,11526200,54.48
2013-05-30,55.75,56.82,55.45,55.80,9719000,55.80
2013-05-29,55.94,56.19,54.85,55.63,9677700,55.63
2013-05-28,56.68,56.82,55.61,56.18,8669400,56.18
2013-05-24,55.30,56.35,54.90,55.81,8745700,55.81
2013-05-23,54.89,56.06,54.16,55.48,10768700,55.48
2013-05-22,57.00,58.06,55.62,55.93,12765800,55.93
2013-05-21,56.14,56.85,55.76,56.47,10085900,56.47
2013-05-20,56.09,56.78,55.21,55.74,9493700,55.74
2013-05-17,55.48,56.43,54.65,56.30,13909500,56.30
2013-05-16,56.60,56.64,54.20,54.96,15554100,54.96
2013-05-15,56.34,57.10,55.09,56.36,16779100,56.36
2013-05-14,54.49,56.27,54.40,56.25,16929400,56.25
2013-05-13,53.12,55.09,52.93,54.47,14485400,54.47
2013-05-10,52.77,53.15,52.19,52.88,12752600,52.88
2013-05-09,52.58,53.22,52.25,52.79,9815900,52.79
2013-05-08,53.13,53.41,51.99,52.38,12612500,52.38
2013-05-07,54.37,54.60,52.82,53.13,14096100,53.13
2013-05-06,55.18,55.70,54.12,54.43,13330700,54.43
2013-05-03,54.55,56.35,54.52,55.15,17089300,55.15
2013-05-02,52.75,53.21,51.95,52.18,16602700,52.18
2013-05-01,50.45,50.65,49.86,50.14,9679100,50.14
2013-04-30,50.75,50.89,49.43,50.64,13550600,50.64
2013-04-29,51.36,51.63,50.77,51.09,10806000,51.09
2013-04-26,51.49,52.25,51.29,51.38,9678600,51.38
2013-04-25,51.30,51.84,50.91,51.43,10862700,51.43
2013-04-24,53.18,53.52,50.43,50.57,18388700,50.57
2013-04-23,54.40,55.16,52.58,53.33,13828200,53.33
2013-04-22,54.12,54.24,53.29,54.05,15188600,54.05
2013-04-19,50.66,53.98,50.66,53.17,20436500,53.17
2013-04-18,51.88,52.06,50.53,50.86,9391500,50.86
2013-04-17,51.70,52.20,50.73,51.94,12453000,51.94
2013-04-16,51.27,52.05,51.06,52.01,13561900,52.01
2013-04-15,52.25,52.36,50.62,50.68,13210200,50.68
2013-04-12,51.66,52.43,51.39,51.93,10697000,51.93
2013-04-11,50.20,51.97,50.18,51.65,15567100,51.65
2013-04-10,48.52,49.85,48.50,49.73,10084900,49.73
2013-04-09,48.09,48.81,47.99,48.30,13126300,48.30
2013-04-08,47.25,47.61,46.85,47.20,9538000,47.20
2013-04-05,46.90,47.45,46.53,47.37,10958000,47.37
2013-04-04,47.91,48.35,47.56,47.74,10050300,47.74
2013-04-03,48.25,48.37,47.31,47.63,9168000,47.63
2013-04-02,48.33,48.38,47.97,48.20,15536500,48.20
2013-04-01,49.01,49.17,47.91,47.98,14403100,47.98
2013-03-28,47.86,49.48,47.85,48.94,18502100,48.94
2013-03-27,46.20,47.83,45.92,47.72,18418400,47.72
2013-03-26,45.15,45.89,45.11,45.76,7122900,45.76
2013-03-25,46.01,46.13,44.76,44.98,12174000,44.98
2013-03-22,45.13,45.56,44.84,45.51,8290600,45.51
2013-03-21,44.45,44.74,44.26,44.54,12615200,44.54
2013-03-20,44.81,44.82,44.29,44.52,7041300,44.52
2013-03-19,44.81,45.00,43.78,44.38,9059300,44.38
2013-03-18,44.74,45.01,44.10,44.80,9084200,44.80
2013-03-15,45.81,46.00,44.96,45.17,14207400,45.17
2013-03-14,45.90,46.14,45.68,45.88,8979700,45.88
2013-03-13,46.15,46.15,45.61,45.87,6112100,45.87
2013-03-12,45.97,46.37,45.53,46.18,9915900,46.18
2013-03-11,45.49,45.95,45.18,45.94,7298000,45.94
2013-03-08,45.24,45.55,44.51,45.43,6885100,45.43
2013-03-07,45.10,45.20,44.51,44.95,9176500,44.95
2013-03-06,45.23,45.45,44.64,45.40,8542200,45.40
2013-03-05,44.35,45.58,44.35,45.02,15086800,45.02
2013-03-04,43.53,43.88,43.18,43.87,8814000,43.87
2013-03-01,42.63,43.50,42.38,43.45,11294500,43.45
2013-02-28,43.03,43.18,42.71,42.72,10104200,42.72
2013-02-27,42.39,43.29,42.08,42.89,7986000,42.89
2013-02-26,42.14,42.42,41.69,42.25,7196000,42.25
2013-02-25,42.77,43.35,42.06,42.09,9560900,42.09
2013-02-22,41.66,42.49,41.60,42.45,6138700,42.45
2013-02-21,41.82,41.85,41.18,41.54,9769500,41.54
2013-02-20,42.51,42.84,41.88,41.88,9391800,41.88
2013-02-19,42.25,43.04,42.06,42.28,11548300,42.28
2013-02-15,41.45,41.71,41.30,41.60,8020500,41.60
2013-02-14,41.18,41.75,41.11,41.60,8687400,41.60
2013-02-13,40.96,41.51,40.83,41.40,7962700,41.40
2013-02-12,40.46,40.95,40.30,40.83,9791000,40.83
2013-02-11,40.90,41.01,40.16,40.40,11061800,40.40
2013-02-08,40.32,41.27,40.15,40.90,8968800,40.90
2013-02-07,39.78,40.46,39.48,40.36,11699400,40.36
2013-02-06,40.61,40.62,39.55,39.91,11644000,39.91
2013-02-05,40.15,41.34,40.15,40.54,11527200,40.54
2013-02-04,40.71,40.90,39.51,39.59,12765200,39.59
2013-02-01,40.17,41.14,39.94,40.56,13030400,40.56
2013-01-31,39.75,39.82,39.24,39.45,7956200,39.45
2013-01-30,39.97,40.39,39.65,39.85,7279700,39.85
2013-01-29,39.34,40.02,39.29,39.90,8439600,39.90
2013-01-28,40.06,40.19,39.21,39.44,5978900,39.44
2013-01-25,78.40,79.37,78.37,79.36,18244800,39.68
2013-01-24,77.30,78.75,77.09,78.40,11185800,39.20
2013-01-23,77.87,78.18,76.54,76.84,8987600,38.42
2013-01-22,78.58,78.68,77.49,77.91,8020800,38.96
2013-01-18,77.55,78.32,77.40,78.28,9848400,39.14
2013-01-17,77.39,78.10,76.61,77.53,8848400,38.76
2013-01-16,77.30,77.45,76.59,77.17,10416000,38.58
2013-01-15,77.41,78.35,77.08,77.36,9326800,38.68
2013-01-14,78.44,78.50,77.49,77.77,9162200,38.88
2013-01-11,78.09,78.47,77.36,78.08,8262400,39.04
2013-01-10,78.09,78.59,76.96,77.94,8277000,38.97
2013-01-09,77.46,77.88,76.92,77.87,8257400,38.94
2013-01-08,76.82,78.41,76.81,77.40,13371400,38.70
2013-01-07,76.89,77.08,76.20,76.88,7948400,38.44
2013-01-04,75.20,76.05,74.85,75.72,7126200,37.86
2013-01-03,75.11,75.85,74.74,74.95,5965400,37.47
2013-01-02,74.31,75.06,73.87,75.06,7941800,37.53
2012-12-31,72.25,73.72,71.71,73.45,8548000,36.72
2012-12-28,72.07,72.97,71.78,72.38,6763800,36.19
2012-12-27,72.48,73.35,71.36,72.60,8359200,36.30
2012-12-26,72.75,73.04,72.00,72.48,3927200,36.24
2012-12-24,72.54,72.98,72.44,72.66,2914400,36.33
2012-12-21,72.87,73.84,72.13,72.78,15813200,36.39
2012-12-20,74.96,75.05,73.49,73.66,9788800,36.83
2012-12-19,76.09,76.09,74.65,74.75,7224400,37.38
2012-12-18,75.77,76.62,75.16,75.85,8140600,37.92
2012-12-17,74.49,75.47,73.49,75.46,10991000,37.73
2012-12-14,74.70,74.70,73.46,74.24,9999400,37.12
2012-12-13,75.98,76.43,74.48,74.77,11188000,37.38
2012-12-12,76.37,77.12,76.07,76.23,11670200,38.12
2012-12-11,74.72,76.76,74.53,76.34,18427200,38.17
2012-12-10,74.25,74.71,73.98,74.25,8242000,37.12
2012-12-07,73.70,74.18,73.32,73.92,7619400,36.96
2012-12-06,74.83,74.90,73.67,73.81,12606000,36.90
2012-12-05,75.11,75.13,73.75,74.54,9700400,37.27
2012-12-04,75.26,75.85,74.11,74.16,10630800,37.08
2012-12-03,74.97,75.72,74.45,74.61,9308600,37.31
2012-11-30,75.38,75.57,74.61,75.00,8630200,37.50
2012-11-29,75.25,75.77,74.55,75.30,7691600,37.65
2012-11-28,74.55,74.95,73.02,74.88,10486400,37.44
2012-11-27,74.61,75.83,74.11,74.65,11027400,37.33
2012-11-26,75.64,75.85,74.68,75.47,10464400,37.74
2012-11-23,75.62,76.28,75.60,76.12,4055600,38.06
2012-11-21,75.74,75.99,74.78,75.55,8267400,37.78
2012-11-20,74.88,76.11,74.63,75.81,15283400,37.90
2012-11-19,74.72,75.24,73.76,74.82,18330000,37.41
2012-11-16,73.03,74.92,72.82,74.40,26510400,37.20
2012-11-15,72.05,73.07,71.11,72.89,16891800,36.44
2012-11-14,72.57,73.92,72.00,72.29,23384000,36.15
2012-11-13,74.27,75.48,72.55,72.69,37446600,36.35
2012-11-12,72.31,74.34,71.58,73.93,61555000,36.97
2012-11-09,64.61,66.35,64.52,65.01,18081600,32.51
2012-11-08,65.18,65.48,64.14,64.85,18285600,32.42
2012-11-07,66.97,67.22,65.33,65.45,13579200,32.72
2012-11-06,67.17,67.96,66.60,67.47,6264800,33.74
2012-11-05,66.78,67.29,65.74,67.04,7289400,33.52
2012-11-02,67.70,67.70,66.46,67.01,11575600,33.51
2012-11-01,67.70,68.35,67.07,67.50,8702600,33.75
2012-10-31,67.68,68.74,66.67,67.18,10130400,33.59
2012-10-26,67.22,68.33,66.50,67.07,11624200,33.53
2012-10-25,68.50,69.23,67.33,67.38,11959600,33.69
2012-10-24,68.69,69.60,67.56,68.34,24662000,34.17
2012-10-23,65.87,66.48,64.40,64.91,16187000,32.46
2012-10-22,66.59,66.89,65.78,66.38,9963000,33.19
2012-10-19,68.28,68.63,66.36,66.59,13346200,33.29
2012-10-18,68.82,69.13,68.21,68.29,14188800,34.15
2012-10-17,68.40,69.78,68.15,69.56,10334000,34.78
2012-10-16,67.63,68.50,67.45,68.38,12432000,34.19
2012-10-15,68.34,69.19,66.38,67.32,27701200,33.66
2012-10-12,68.41,68.70,67.73,67.94,6930000,33.97
2012-10-11,67.84,68.78,67.76,67.87,10018000,33.94
2012-10-10,68.95,69.24,67.50,67.63,18745000,33.81
2012-10-09,69.52,69.72,68.74,68.78,11406000,34.39
2012-10-08,69.70,70.31,69.60,69.81,9106000,34.90
2012-10-05,69.92,70.29,69.25,69.43,14542800,34.72
2012-10-04,70.00,70.34,69.11,69.67,20828600,34.83
2012-10-03,69.61,70.39,69.37,70.00,24339800,35.00
2012-10-02,67.77,69.49,67.70,69.18,27254000,34.59
2012-10-01,67.49,68.28,66.86,67.44,15170200,33.72
2012-09-28,66.47,66.61,65.59,66.33,12538000,33.17
2012-09-27,66.12,67.09,65.86,66.64,16017800,33.32
2012-09-26,67.04,67.87,65.78,66.06,16877000,33.03
2012-09-25,67.20,68.08,67.18,67.29,15775400,33.65
2012-09-24,66.70,67.49,66.58,67.16,10118600,33.58
2012-09-21,67.35,67.99,67.24,67.76,17886200,33.88
2012-09-20,66.83,67.40,66.06,67.32,17487600,33.66
2012-09-19,67.20,67.29,66.65,67.21,25121800,33.60
2012-09-18,65.27,67.55,65.12,66.77,37150800,33.38
2012-09-17,61.92,66.27,61.91,65.80,42983200,32.90
2012-09-14,60.17,62.66,60.00,62.02,29969600,31.01
2012-09-13,59.69,60.57,59.52,60.24,11020200,30.12
2012-09-12,59.54,59.90,59.45,59.75,11742200,29.88
2012-09-11,59.50,59.90,59.17,59.31,7886800,29.66
2012-09-10,59.22,59.90,59.03,59.66,11183800,29.83
2012-09-07,59.60,59.69,58.73,59.26,8119600,29.63
2012-09-06,58.81,59.53,58.76,59.49,13525600,29.75
2012-09-05,57.88,59.10,57.70,58.44,16491600,29.22
2012-09-04,57.51,58.26,57.02,58.01,9283000,29.00
2012-08-31,57.68,58.09,57.28,57.69,6114600,28.84
2012-08-30,57.67,57.91,57.23,57.51,7308600,28.75
2012-08-29,57.65,58.01,57.36,57.76,8791400,28.88
2012-08-28,57.57,58.25,57.53,57.63,10713400,28.82
2012-08-27,57.37,57.48,56.34,57.19,6233600,28.59
2012-08-24,56.28,57.60,56.14,57.29,12176600,28.65
2012-08-23,56.52,56.72,56.03,56.05,7086600,28.02
2012-08-22,56.60,57.10,56.46,56.48,7431400,28.24
2012-08-21,56.50,56.96,56.29,56.82,8147200,28.41
2012-08-20,56.82,56.87,55.86,56.49,7036800,28.25
2012-08-17,56.93,57.25,56.16,56.75,13487200,28.38
2012-08-16,56.93,58.00,56.31,56.69,19966000,28.34
2012-08-15,57.66,58.11,57.30,57.97,8732200,28.99
2012-08-14,56.98,57.82,56.77,57.57,11102400,28.78
2012-08-13,56.42,56.67,56.31,56.63,6270600,28.32
2012-08-10,56.87,56.93,56.47,56.77,6476400,28.39
2012-08-09,56.58,57.28,56.51,56.90,7932200,28.45
2012-08-08,56.98,57.27,56.50,56.82,8649200,28.41
2012-08-07,57.37,57.75,56.90,57.55,8351200,28.77
2012-08-06,56.95,57.73,56.74,57.64,11487000,28.82
2012-08-03,57.88,58.52,56.78,56.87,17163400,28.43
2012-08-02,57.90,58.84,56.03,57.29,58864400,28.65
2012-08-01,54.45,54.60,53.50,53.63,13132600,26.82
2012-07-31,54.86,55.68,54.32,54.33,13024600,27.17
2012-07-30,55.50,56.04,55.43,55.61,14145800,27.81
2012-07-27,53.96,55.59,53.62,55.50,28110600,27.75
2012-07-26,51.94,52.16,51.04,51.68,10841200,25.84
2012-07-25,51.21,51.44,50.79,51.19,6873800,25.59
2012-07-24,51.95,51.98,50.94,51.10,13031000,25.55
2012-07-23,52.39,52.39,51.67,51.89,8093000,25.94
2012-07-20,53.68,54.00,53.03,53.08,12412400,26.54
2012-07-19,53.15,54.02,52.85,53.76,10491600,26.88
2012-07-18,52.86,53.30,52.49,53.15,8496600,26.58
2012-07-17,52.49,52.98,52.00,52.83,11474600,26.42
2012-07-16,51.19,51.94,50.89,51.94,7247600,25.97
2012-07-13,50.55,51.26,50.51,51.17,7181600,25.58
2012-07-12,50.15,50.88,49.60,50.66,9989600,25.33
2012-07-11,50.40,50.85,50.05,50.67,18216400,25.33
2012-07-10,51.91,52.11,51.42,51.60,9118400,25.80
2012-07-09,51.11,51.52,50.86,51.50,6679800,25.75
2012-07-06,51.47,51.73,50.76,50.96,6565800,25.48
2012-07-05,52.03,52.15,51.34,51.46,6372600,25.73
2012-07-03,51.53,52.10,51.36,52.08,3587200,26.04
2012-07-02,51.19,51.67,50.99,51.63,7177800,25.82
2012-06-29,51.14,51.36,50.43,51.28,10835600,25.64
2012-06-28,51.16,51.20,49.74,50.04,10368000,25.02
2012-06-27,50.36,51.34,50.36,51.25,6772800,25.62
2012-06-26,50.25,50.62,50.10,50.37,6064400,25.18
2012-06-25,50.27,50.52,49.82,50.28,9848800,25.14
2012-06-22,49.89,50.67,49.65,50.52,11571400,25.26
2012-06-21,50.96,51.33,49.84,49.92,10058800,24.96
2012-06-20,50.85,51.21,50.37,50.78,8195000,25.39
2012-06-19,50.37,51.05,50.25,50.73,8924400,25.36
2012-06-18,50.35,50.48,49.93,50.21,8566000,25.10
2012-06-15,50.07,50.38,49.93,50.29,14875000,25.15
2012-06-14,49.33,50.16,49.21,50.09,12478400,25.05
2012-06-13,49.49,50.25,49.09,49.12,9520400,24.56
2012-06-12,49.43,49.62,48.80,49.42,7200600,24.71
2012-06-11,49.64,49.90,49.44,49.54,8479400,24.77
2012-06-08,48.90,49.82,48.82,49.64,7522000,24.82
2012-06-07,49.75,49.89,49.00,49.00,7104400,24.50
2012-06-06,48.56,49.39,48.52,49.22,8403600,24.61
2012-06-05,49.00,49.20,48.24,48.51,13695600,24.25
2012-06-04,48.67,49.40,48.47,49.21,9012200,24.60
2012-06-01,49.40,49.60,48.36,48.67,11261000,24.33
2012-05-31,50.39,50.51,49.60,49.95,13342600,24.98
2012-05-30,50.64,50.83,50.18,50.50,11467600,25.25
2012-05-29,50.85,51.12,50.50,50.96,9108000,25.48
2012-05-25,50.74,50.76,50.18,50.49,5765200,25.25
2012-05-24,50.13,50.71,50.02,50.62,5950000,25.31
2012-05-23,50.22,50.41,49.75,50.20,9576000,25.10
2012-05-22,50.93,50.94,50.21,50.47,8592200,25.24
2012-05-21,50.03,50.92,50.00,50.89,11385800,25.44
2012-05-18,50.38,50.38,49.71,49.94,15807800,24.97
2012-05-17,51.55,51.79,50.10,50.10,16547400,25.05
2012-05-16,51.85,52.11,51.57,51.58,13440000,25.79
2012-05-15,52.31,52.36,51.67,51.87,12099400,25.93
2012-05-14,51.65,53.06,51.25,52.46,18509400,26.23
2012-05-11,52.24,52.24,51.19,51.84,19139800,25.92
2012-05-10,50.88,51.36,50.78,51.25,13056600,25.62
2012-05-09,50.00,50.79,49.30,50.64,17594000,25.32
2012-05-08,49.50,49.91,48.93,49.46,16516600,24.73
2012-05-07,50.13,50.31,49.78,49.90,11738400,24.95
2012-05-04,50.86,51.09,50.19,50.27,12764800,25.14
2012-05-03,51.96,52.12,51.13,51.39,9558400,25.69
2012-05-02,51.41,52.06,51.00,51.88,11708800,25.94
2012-05-01,51.95,51.98,51.29,51.44,12372600,25.72
2012-04-30,52.00,52.48,51.66,52.02,10283400,26.01
2012-04-27,52.50,53.25,51.71,52.16,11804600,26.08
2012-04-26,52.27,52.79,52.04,52.72,13356800,26.36
2012-04-25,52.47,52.58,51.67,52.57,12612800,26.28
2012-04-24,51.42,52.36,51.32,52.36,14329600,26.18
2012-04-23,50.51,51.90,50.40,51.41,16151800,25.70
2012-04-20,52.23,52.53,50.43,51.00,29794800,25.50
2012-04-19,54.45,54.75,51.60,52.25,72033400,26.12
2012-04-18,46.64,47.13,46.34,46.61,11502400,23.31
2012-04-17,46.21,46.92,46.11,46.68,9166200,23.34
2012-04-16,45.55,46.00,45.39,45.86,9391400,22.93
2012-04-13,45.78,46.15,45.47,45.51,12426000,22.75
2012-04-12,45.59,46.04,45.40,45.72,12839200,22.86
2012-04-11,46.14,46.50,45.33,45.42,13153200,22.71
2012-04-10,46.41,46.62,45.67,45.77,14541200,22.89
2012-04-09,46.70,47.41,46.57,46.59,11947400,23.30
2012-04-05,47.03,47.88,47.00,47.76,16543000,23.88
2012-04-04,47.89,47.89,45.55,47.19,35547200,23.59
2012-04-03,48.54,48.86,47.47,48.10,17569600,24.05
2012-04-02,48.71,48.81,47.83,48.78,14014200,24.39
2012-03-30,48.00,48.98,47.93,48.86,14474600,24.43
2012-03-29,47.20,47.97,47.08,47.77,11387200,23.89
2012-03-28,47.45,47.76,46.93,47.38,10210400,23.69
2012-03-27,47.42,47.71,47.12,47.39,9534800,23.69
2012-03-26,47.00,47.26,46.68,47.22,11661800,23.61
2012-03-23,46.84,47.00,46.07,46.85,10342600,23.42
2012-03-22,45.96,46.72,45.75,46.63,9333000,23.32
2012-03-21,47.04,47.04,46.18,46.30,8691600,23.15
2012-03-20,47.02,47.06,46.64,46.92,11708800,23.46
2012-03-19,46.55,47.23,46.33,47.07,7009200,23.53
2012-03-16,46.98,47.37,46.58,46.73,17104600,23.36
2012-03-15,46.93,47.20,46.64,47.16,12254600,23.58
2012-03-14,46.81,46.91,46.40,46.66,10575400,23.33
2012-03-13,46.34,46.83,45.63,46.81,14249800,23.41
2012-03-12,46.32,46.55,45.99,46.16,8289400,23.08
2012-03-09,46.59,46.61,45.92,46.09,11584000,23.05
2012-03-08,45.78,46.97,45.69,46.53,13422000,23.26
2012-03-07,45.87,45.92,44.80,45.48,15951600,22.74
2012-03-06,45.58,46.17,45.38,45.88,18648000,22.94
2012-03-05,46.96,47.14,45.95,46.23,13825600,23.11
2012-03-02,46.74,47.28,46.28,46.99,15709000,23.50
2012-03-01,45.90,46.66,45.76,46.61,16514800,23.31
2012-02-29,45.89,46.22,45.40,45.54,18379000,22.77
2012-02-28,45.30,46.41,45.13,46.00,17867800,23.00
2012-02-27,45.00,45.31,44.77,45.19,15203600,22.59
2012-02-24,45.40,45.50,44.66,45.26,13753400,22.63
2012-02-23,44.91,45.32,44.37,45.15,22631200,22.58
2012-02-22,44.21,45.02,43.81,44.53,36038400,22.26
2012-02-21,46.55,46.75,44.59,44.69,38854000,22.34
2012-02-17,46.00,47.88,45.60,47.00,124983800,23.50
2012-02-16,54.97,55.25,54.51,54.81,17269800,27.41
2012-02-15,54.90,54.91,54.07,54.82,12190800,27.41
2012-02-14,54.27,54.90,54.16,54.56,14643000,27.28
2012-02-13,53.78,54.97,53.72,54.90,14034800,27.45
2012-02-10,53.59,53.96,53.42,53.75,14493000,26.88
2012-02-09,54.39,54.39,53.54,53.73,15745800,26.86
2012-02-08,54.56,54.90,53.83,54.27,23592000,27.14
2012-02-07,55.20,55.88,54.66,55.08,27495600,27.54
2012-02-06,54.30,56.50,54.24,56.03,37824600,28.01
2012-02-03,53.41,54.90,53.00,54.70,75343200,27.35
2012-02-02,49.12,49.63,48.37,49.31,17363600,24.66
2012-02-01,49.05,49.40,48.87,49.15,19617600,24.58
2012-01-31,48.45,48.88,48.37,48.86,13315800,24.43
2012-01-30,48.48,48.89,48.00,48.65,14153400,24.33
2012-01-27,48.58,48.99,48.33,48.72,16363800,24.36
2012-01-26,48.57,48.78,47.85,48.59,18193200,24.30
2012-01-25,47.43,48.48,47.43,48.29,15804800,24.15
2012-01-24,47.32,47.86,47.07,47.67,15147400,23.83
2012-01-23,47.14,47.44,47.02,47.37,15997800,23.68
2012-01-20,47.14,47.46,46.83,47.44,14076000,23.72
2012-01-19,47.28,47.48,46.79,47.21,24058000,23.60
2012-01-18,46.32,47.55,46.10,47.51,26292400,23.75
2012-01-17,45.00,46.50,44.87,46.26,24215200,23.13
2012-01-13,44.57,44.99,44.00,44.89,18483000,22.44
2012-01-12,44.38,44.97,43.97,44.90,15342400,22.45
2012-01-11,44.06,44.60,43.78,44.40,15471000,22.20
2012-01-10,43.10,45.04,42.94,44.25,30110000,22.12
2012-01-09,42.49,42.99,42.35,42.73,16801200,21.36
2012-01-06,42.38,43.10,42.20,42.78,15542000,21.39
2012-01-05,42.04,42.97,42.00,42.52,18431800,21.26
2012-01-04,41.95,42.06,41.70,42.02,16236000,21.01
2012-01-03,41.46,41.99,41.35,41.86,19564000,20.93
2011-12-30,40.33,41.06,40.25,40.93,9839800,20.47
2011-12-29,39.85,40.57,39.74,40.56,12289600,20.28
2011-12-28,39.90,40.20,39.65,39.89,12766200,19.94
2011-12-27,39.39,39.89,39.04,39.88,6503200,19.94
2011-12-23,38.93,39.33,38.74,39.29,8778600,19.65
2011-12-22,38.83,38.90,38.42,38.70,9562200,19.35
2011-12-21,38.20,38.87,38.08,38.85,11437600,19.42
2011-12-20,38.09,38.34,37.76,38.16,17307200,19.08
2011-12-19,37.15,37.97,36.98,37.47,16252000,18.74
2011-12-16,38.17,38.60,37.04,37.16,46339600,18.58
2011-12-15,39.00,39.12,38.46,38.49,13798800,19.25
2011-12-14,38.63,38.88,38.49,38.76,14750800,19.38
2011-12-13,38.75,39.23,38.52,38.59,15859600,19.30
2011-12-12,38.76,39.15,38.60,39.01,14944200,19.50
2011-12-09,39.02,39.51,38.93,39.01,11385800,19.50
2011-12-08,39.40,39.40,38.68,38.73,14505200,19.36
2011-12-07,39.68,39.79,39.40,39.42,17398600,19.71
2011-12-06,40.04,40.32,39.67,39.80,18594400,19.90
2011-12-05,39.69,40.18,39.00,40.15,33945400,20.08
2011-12-02,39.97,40.01,39.20,39.40,19180600,19.70
2011-12-01,39.67,40.09,39.45,39.67,20919800,19.83
2011-11-30,39.63,40.08,39.43,39.85,27184200,19.92
2011-11-29,39.78,40.01,39.23,39.27,21105800,19.64
2011-11-28,39.38,40.24,39.35,39.80,28682400,19.90
2011-11-25,39.41,40.08,39.27,39.28,15299400,19.64
2011-11-23,38.42,40.05,38.13,39.64,51863400,19.82
2011-11-22,36.58,38.97,36.56,38.76,61453800,19.38
2011-11-21,37.05,37.20,34.45,36.26,86777600,18.13
2011-11-18,39.45,40.14,39.31,39.88,12111000,19.94
2011-11-17,40.01,40.50,39.44,39.61,12989000,19.81
2011-11-16,40.40,40.77,40.10,40.18,10645600,20.09
2011-11-15,40.49,40.93,40.33,40.67,8392200,20.33
2011-11-14,41.12,41.13,40.37,40.46,8632600,20.23
2011-11-11,40.54,41.32,40.54,41.08,11062000,20.54
2011-11-10,40.08,40.27,39.56,40.16,11035200,20.08
2011-11-09,40.44,40.50,39.69,39.87,15155000,19.93
2011-11-08,41.20,41.32,40.73,41.22,9874600,20.61
2011-11-07,40.91,41.14,40.46,41.08,8725600,20.54
2011-11-04,40.59,41.04,40.12,40.72,10119600,20.36
2011-11-03,40.83,41.18,40.56,40.93,14466000,20.47
2011-11-02,41.40,41.50,40.70,41.03,12345600,20.51
2011-11-01,40.99,41.39,40.52,41.05,14630400,20.52
2011-10-31,42.38,42.45,41.66,41.66,13119200,20.83
2011-10-28,42.02,42.98,41.92,42.79,15350200,21.40
2011-10-27,41.96,42.19,41.51,42.11,14598000,21.06
2011-10-26,41.47,41.62,40.39,41.49,12352400,20.75
2011-10-25,41.60,42.08,41.00,41.06,11393600,20.53
2011-10-24,41.40,42.06,41.40,41.99,10429600,21.00
2011-10-21,41.39,41.80,41.13,41.47,14004800,20.74
2011-10-20,40.80,41.25,40.40,41.01,11986000,20.50
2011-10-19,40.85,41.32,40.56,40.80,12573000,20.40
2011-10-18,39.89,40.93,39.72,40.76,13520400,20.38
2011-10-17,40.22,40.62,39.72,39.86,12556200,19.93
2011-10-14,40.84,40.89,40.10,40.43,9589400,20.22
2011-10-13,40.12,40.72,40.06,40.64,9313600,20.32
2011-10-12,40.18,40.66,39.73,40.29,12611000,20.15
2011-10-11,40.60,40.92,39.55,39.70,12394400,19.85
2011-10-10,39.99,40.65,39.85,40.65,11119600,20.33
2011-10-07,39.64,39.69,38.80,39.31,12859800,19.66
2011-10-06,39.02,39.65,38.78,39.65,11489400,19.83
2011-10-05,38.08,39.16,37.74,39.15,15439400,19.58
2011-10-04,37.27,37.97,36.72,37.88,18709600,18.94
2011-10-03,38.80,39.12,37.80,37.81,16178400,18.91
2011-09-30,38.78,39.36,38.57,38.80,14526600,19.40
2011-09-29,39.70,39.97,38.52,39.25,9873400,19.62
2011-09-28,40.05,40.29,39.18,39.18,12052600,19.59
2011-09-27,40.24,40.30,39.52,40.05,19858000,20.02
2011-09-26,38.53,40.10,38.37,39.55,21927400,19.77
2011-09-23,38.06,38.62,37.58,38.43,16245200,19.22
2011-09-22,38.96,38.96,37.92,38.34,25886000,19.17
2011-09-21,40.68,40.89,39.63,39.67,12344400,19.83
2011-09-20,40.30,41.28,40.01,40.84,16424400,20.42
2011-09-19,40.15,40.26,39.66,40.05,12230800,20.02
2011-09-16,40.26,40.72,39.85,40.41,26279400,20.20
2011-09-15,39.80,39.92,39.19,39.82,11014600,19.91
2011-09-14,38.26,39.73,38.21,39.38,17877400,19.69
2011-09-13,38.04,38.32,37.65,38.21,10261200,19.10
2011-09-12,37.29,38.06,37.22,37.98,13594600,18.99
2011-09-09,39.13,39.28,37.58,37.81,17076200,18.91
2011-09-08,39.41,39.91,39.24,39.51,10644200,19.75
2011-09-07,39.16,39.81,38.87,39.80,11709000,19.90
2011-09-06,37.80,38.81,37.80,38.64,14887400,19.32
2011-09-02,39.01,39.50,38.80,38.82,9992200,19.41
2011-09-01,39.84,40.25,39.52,39.57,11961000,19.78
2011-08-31,40.21,40.29,39.55,39.88,11439600,19.94
2011-08-30,39.70,40.26,39.46,40.10,11102800,20.05
2011-08-29,39.00,39.80,38.61,39.79,11040600,19.90
2011-08-26,37.94,38.76,37.40,38.73,15702200,19.36
2011-08-25,38.23,38.43,37.81,38.06,12799800,19.03
2011-08-24,38.83,38.99,37.74,38.15,18478400,19.08
2011-08-23,37.81,39.05,37.63,39.04,17680800,19.52
2011-08-22,37.92,38.40,37.56,37.84,17334000,18.92
2011-08-19,36.81,37.80,36.74,37.20,22590600,18.60
2011-08-18,37.39,37.84,36.95,37.29,19609400,18.65
2011-08-17,38.77,39.10,38.11,38.45,18721600,19.23
2011-08-16,37.27,39.08,37.22,38.85,25843200,19.42
2011-08-15,37.38,37.46,36.18,37.27,27790800,18.64
2011-08-12,37.06,37.58,36.55,37.43,16154400,18.72
2011-08-11,35.65,37.25,35.54,36.87,29225800,18.43
2011-08-10,37.90,38.04,35.28,35.34,31104800,17.67
2011-08-09,37.27,38.19,36.15,38.14,33614800,19.07
2011-08-08,37.04,37.77,36.23,36.82,35305200,18.41
2011-08-05,37.71,38.29,36.99,37.76,29249200,18.88
2011-08-04,39.29,39.37,37.37,37.43,28618800,18.72
2011-08-03,40.55,40.55,38.85,39.73,24300600,19.86
2011-08-02,41.10,41.77,40.36,40.42,20053800,20.21
2011-08-01,42.59,42.95,41.22,41.52,16189600,20.76
2011-07-29,42.63,43.09,42.32,42.36,19094000,21.18
2011-07-28,42.89,43.48,42.75,43.17,14195800,21.58
2011-07-27,41.86,43.26,41.73,42.97,24871800,21.49
2011-07-26,42.46,42.78,42.03,42.16,14831600,21.08
2011-07-25,43.04,43.32,42.62,42.64,10383600,21.32
2011-07-22,43.02,43.49,42.81,43.21,12567400,21.60
2011-07-21,42.05,43.11,42.05,42.98,16810200,21.49
2011-07-20,41.70,42.25,41.70,41.79,13231200,20.90
2011-07-19,41.10,41.95,40.89,41.70,16830800,20.85
2011-07-18,40.89,41.08,40.32,40.81,10437600,20.41
2011-07-15,41.27,41.36,40.71,41.00,12105400,20.50
2011-07-14,41.73,41.99,41.21,41.27,9524000,20.64
2011-07-13,41.73,42.16,41.50,41.61,9862400,20.81
2011-07-12,41.01,41.86,41.00,41.55,14635800,20.77
2011-07-11,42.08,42.15,41.13,41.27,13550600,20.64
2011-07-08,42.44,42.75,42.19,42.44,9525000,21.22
2011-07-07,42.47,42.70,42.34,42.69,10788400,21.34
2011-07-06,41.73,42.25,41.65,42.25,12234200,21.12
2011-07-05,41.88,41.99,41.43,41.57,8889400,20.78
2011-07-01,41.44,41.97,41.38,41.95,12459600,20.98
2011-06-30,41.57,41.72,41.32,41.41,11183400,20.70
2011-06-29,41.50,41.68,41.25,41.39,13510600,20.69
2011-06-28,40.19,41.12,40.03,40.95,11762000,20.48
2011-06-27,39.73,40.29,39.45,40.18,8347400,20.09
2011-06-24,40.10,40.10,39.58,39.71,12799600,19.85
2011-06-23,39.66,40.21,39.33,40.13,12026000,20.07
2011-06-22,39.90,40.45,39.65,40.05,10646800,20.02
2011-06-21,39.97,40.06,39.55,39.90,13684600,19.95
2011-06-20,39.45,40.15,39.45,40.10,10405600,20.05
2011-06-17,39.90,39.91,39.33,39.54,15756200,19.77
2011-06-16,39.77,39.84,39.43,39.65,18837600,19.83
2011-06-15,39.60,40.17,39.49,39.65,15163000,19.83
2011-06-14,40.23,40.25,39.72,39.78,15579000,19.89
2011-06-13,39.30,40.22,39.25,39.96,17699400,19.98
2011-06-10,41.10,41.10,40.21,40.23,11997800,20.11
2011-06-09,41.24,41.69,41.05,41.16,12480200,20.58
2011-06-08,41.04,41.33,40.76,41.15,10002600,20.58
2011-06-07,41.02,41.25,40.71,41.03,9846000,20.51
2011-06-06,40.90,41.10,40.70,40.91,10354600,20.45
2011-06-03,40.96,41.41,40.78,41.05,13982200,20.52
2011-06-02,41.12,41.49,41.08,41.42,11075200,20.71
2011-06-01,41.57,41.84,41.27,41.28,15302800,20.64
2011-05-31,41.23,41.77,41.21,41.74,13747200,20.87
2011-05-27,40.96,41.32,40.86,41.19,9929200,20.59
2011-05-26,40.40,41.00,40.23,40.90,13971600,20.45
2011-05-25,40.41,40.55,40.22,40.48,11666000,20.24
2011-05-24,40.51,40.79,40.12,40.42,12685000,20.21
2011-05-23,40.50,40.57,40.21,40.43,13000000,20.22
2011-05-20,40.65,41.20,40.54,40.98,21076600,20.49
2011-05-19,40.48,40.59,39.99,40.19,14056000,20.09
2011-05-18,40.36,40.40,39.98,40.34,15985200,20.17
2011-05-17,40.56,40.56,40.08,40.47,16102200,20.24
2011-05-16,40.96,41.19,40.42,40.56,17727000,20.28
2011-05-13,41.38,41.92,41.03,41.20,23727200,20.60
2011-05-12,40.77,41.34,40.72,41.29,18200000,20.65
2011-05-11,41.15,41.18,40.31,40.77,23016800,20.39
2011-05-10,41.27,41.57,40.70,41.04,15902200,20.52
2011-05-09,40.88,41.53,40.84,41.24,16262200,20.62
2011-05-06,40.92,41.33,40.85,41.01,15584400,20.50
2011-05-05,41.25,41.37,40.56,40.62,17000000,20.31
2011-05-04,41.58,41.75,40.91,41.33,20905400,20.67
2011-05-03,40.82,41.73,40.30,41.66,23400000,20.83
2011-05-02,39.07,40.90,39.00,40.67,28164800,20.33
2011-04-29,39.33,39.37,38.84,38.84,26627800,19.42
2011-04-28,39.83,39.96,38.93,39.35,26400000,19.67
2011-04-27,39.63,40.02,39.40,39.89,23431000,19.94
2011-04-26,39.46,39.68,39.16,39.52,18413400,19.76
2011-04-25,39.23,39.39,38.79,39.20,23387000,19.60
2011-04-21,39.55,40.00,38.96,39.06,44105000,19.53
2011-04-20,41.00,41.01,40.33,40.78,23121600,20.39
2011-04-19,40.35,40.65,40.18,40.63,15422000,20.32
2011-04-18,41.37,41.40,40.26,40.32,22427800,20.16
2011-04-15,41.80,41.85,41.30,41.70,16136000,20.85
2011-04-14,41.13,41.87,40.99,41.85,16097200,20.92
2011-04-13,41.36,41.78,41.10,41.35,17759400,20.67
2011-04-12,41.14,41.26,40.99,41.14,8784400,20.57
2011-04-11,41.35,41.61,41.06,41.23,11237200,20.61
2011-04-08,41.70,41.76,41.04,41.25,17598200,20.62
2011-04-07,41.63,41.89,41.42,41.50,14586600,20.75
2011-04-06,42.09,42.28,41.73,41.73,17174200,20.86
2011-04-05,42.62,42.75,41.70,41.84,18186200,20.92
2011-04-04,42.77,42.93,42.65,42.81,12073400,21.41
2011-04-01,42.15,42.67,42.12,42.66,13482400,21.33
2011-03-31,42.34,42.88,42.21,42.47,22282600,21.24
2011-03-30,42.43,42.90,42.39,42.51,14393600,21.25
2011-03-29,41.79,42.07,41.64,42.05,9620200,21.02
2011-03-28,42.08,42.19,41.70,41.73,14502600,20.86
2011-03-25,42.23,42.55,41.95,42.08,19410800,21.04
2011-03-24,41.53,42.38,41.43,42.04,24498400,21.02
2011-03-23,40.32,41.73,40.31,41.32,32306600,20.66
2011-03-22,40.32,40.55,39.91,40.44,13254200,20.22
2011-03-21,40.56,40.94,40.25,40.26,11712200,20.13
2011-03-18,40.50,40.74,40.15,40.15,22548800,20.08
2011-03-17,40.20,40.52,39.92,40.31,14955000,20.16
2011-03-16,39.50,40.12,39.06,39.84,23863200,19.92
2011-03-15,39.90,40.27,39.69,39.79,20811600,19.90
2011-03-14,40.50,41.00,40.46,40.76,12150400,20.38
2011-03-11,40.93,41.27,40.71,40.83,11309400,20.42
2011-03-10,41.08,41.39,40.94,40.98,14884400,20.49
2011-03-09,41.28,41.81,41.14,41.65,15992400,20.83
2011-03-08,41.00,41.43,40.78,41.25,15374000,20.62
2011-03-07,41.09,41.42,40.69,41.06,21245400,20.53
2011-03-04,40.10,41.28,39.99,40.71,29822200,20.35
2011-03-03,39.45,40.05,39.33,39.99,17245400,20.00
2011-03-02,38.51,39.46,38.45,39.03,13014600,19.51
2011-03-01,39.11,39.28,38.50,38.56,11560200,19.28
2011-02-28,39.23,39.45,38.81,38.98,13929200,19.49
2011-02-25,38.94,39.25,38.48,39.01,14156800,19.50
2011-02-24,37.99,38.87,37.83,38.78,15905200,19.39
2011-02-23,38.43,38.61,38.00,38.02,14828800,19.01
2011-02-22,38.90,39.21,38.27,38.51,16427200,19.25
2011-02-18,39.27,39.79,39.07,39.30,14620600,19.65
2011-02-17,39.21,39.46,39.07,39.29,11564800,19.65
2011-02-16,39.01,39.70,38.80,39.39,23224600,19.69
2011-02-15,38.56,39.01,38.15,38.99,13895200,19.50
2011-02-14,38.39,38.57,38.12,38.56,11690000,19.28
2011-02-11,38.08,38.41,38.00,38.39,13212600,19.19
2011-02-10,38.22,38.48,38.08,38.35,16430800,19.17
2011-02-09,38.87,38.94,37.98,38.19,12682200,19.09
2011-02-08,38.34,38.89,38.20,38.79,8482600,19.40
2011-02-07,38.79,38.80,38.21,38.38,14027600,19.19
2011-02-04,38.96,38.97,38.25,38.79,14666800,19.40
2011-02-03,39.38,39.38,38.66,38.73,17314200,19.36
2011-02-02,38.32,39.75,38.32,39.46,22605000,19.73
2011-02-01,38.74,38.79,38.28,38.50,17657800,19.25
2011-01-31,38.19,38.60,37.92,38.38,13298800,19.19
2011-01-28,38.72,39.29,38.15,38.21,19187800,19.10
2011-01-27,39.55,39.67,38.81,38.94,28124000,19.47
2011-01-26,37.99,39.86,37.86,39.66,42215000,19.83
2011-01-25,38.14,38.37,37.77,38.16,20770000,19.08
2011-01-24,37.97,38.38,37.90,38.31,12888200,19.16
2011-01-21,38.10,38.45,37.91,38.19,12530400,19.09
2011-01-20,38.13,38.60,38.02,38.17,19049600,19.08
2011-01-19,38.72,38.72,38.02,38.15,16129200,19.08
2011-01-18,38.50,38.94,38.36,38.70,17993400,19.35
2011-01-14,38.03,38.48,37.87,38.22,12146200,19.11
2011-01-13,37.88,38.53,37.82,38.12,19120000,19.06
2011-01-12,37.30,37.83,37.18,37.82,14259600,18.91
2011-01-11,36.74,37.25,36.43,37.17,21264400,18.58
2011-01-10,37.28,37.56,36.65,36.66,20786800,18.33
2011-01-07,37.43,37.74,37.25,37.50,12199600,18.75
2011-01-06,37.54,37.78,37.42,37.51,15898200,18.75
2011-01-05,36.72,37.72,36.72,37.53,22014200,18.76
2011-01-04,36.87,37.13,36.67,36.99,19948400,18.50
2011-01-03,36.64,37.23,36.55,36.58,18870600,18.29
2010-12-31,36.19,36.35,36.00,36.24,9501200,18.12
2010-12-30,36.31,36.47,36.04,36.26,8534200,18.13
2010-12-29,36.26,36.59,36.19,36.40,9024800,18.20
2010-12-28,36.40,36.60,36.19,36.22,7818200,18.11
2010-12-27,36.06,36.54,35.84,36.41,11024000,18.20
2010-12-23,36.18,36.33,35.88,36.26,17797400,18.13
2010-12-22,36.49,36.56,36.22,36.34,19145800,18.17
2010-12-21,37.37,37.40,36.48,36.56,19027200,18.28
2010-12-20,37.27,37.60,37.10,37.19,14602600,18.59
2010-12-17,37.77,37.77,37.14,37.19,34926000,18.59
2010-12-16,37.24,37.90,37.21,37.85,17937200,18.92
2010-12-15,36.99,37.46,36.98,37.31,15645400,18.66
2010-12-14,37.04,37.35,36.83,37.21,17327800,18.60
2010-12-13,37.56,37.69,36.76,36.83,20023600,18.42
2010-12-10,37.05,37.69,36.93,37.61,16727800,18.81
2010-12-09,37.36,37.43,36.90,36.99,15451600,18.50
2010-12-08,37.34,37.59,37.21,37.36,15583800,18.68
2010-12-07,37.15,37.63,37.05,37.16,17167600,18.58
2010-12-06,37.14,37.21,36.63,36.71,13883200,18.35
2010-12-03,37.46,37.53,37.06,37.25,12626400,18.62
2010-12-02,37.25,37.73,36.94,37.70,21945200,18.85
2010-12-01,37.13,37.44,36.96,37.20,30669400,18.60
2010-11-30,36.50,36.73,36.24,36.50,29356400,18.25
2010-11-29,37.11,37.17,36.65,37.06,19583400,18.53
2010-11-26,37.40,37.53,37.10,37.10,5508400,18.55
2010-11-24,37.50,37.82,37.44,37.78,19606600,18.89
2010-11-23,37.40,37.60,36.94,36.98,18199600,18.49
2010-11-22,37.87,38.20,37.49,37.70,14254000,18.85
2010-11-19,38.00,38.17,37.79,38.08,16926600,19.04
2010-11-18,38.02,38.40,37.74,37.95,15700200,18.98
2010-11-17,37.90,37.99,37.45,37.70,19755000,18.85
2010-11-16,37.90,38.56,37.72,37.83,19401400,18.92
2010-11-15,37.99,38.42,37.81,38.00,14754400,19.00
2010-11-12,38.50,38.70,37.64,37.80,24225600,18.90
2010-11-11,38.54,39.01,38.37,38.98,15549800,19.49
2010-11-10,38.76,38.77,38.20,38.73,17807600,19.36
2010-11-09,38.78,38.88,38.31,38.51,19457800,19.25
2010-11-08,38.78,38.91,38.19,38.83,22122400,19.42
2010-11-05,39.53,39.59,38.56,38.95,23031000,19.48
2010-11-04,40.03,40.10,39.48,39.64,17565000,19.82
2010-11-03,40.37,40.37,39.51,39.81,16858200,19.91
2010-11-02,40.57,40.60,40.08,40.33,15595000,20.17
2010-11-01,39.91,40.73,39.88,40.24,20092200,20.12
2010-10-29,39.61,39.90,39.57,39.67,10234600,19.83
2010-10-28,39.57,39.98,39.50,39.86,13348600,19.93
2010-10-27,39.23,39.78,39.00,39.46,15290400,19.73
2010-10-26,39.52,39.62,39.06,39.61,13541000,19.81
2010-10-25,39.36,39.83,39.28,39.54,20269200,19.77
2010-10-22,39.10,39.12,38.67,39.11,14623600,19.56
2010-10-21,38.50,39.11,38.50,39.10,25295000,19.55
2010-10-20,37.49,39.25,37.28,38.39,40286400,19.19
2010-10-19,37.50,37.65,36.49,36.73,23125800,18.36
2010-10-18,37.92,37.99,37.51,37.54,17064400,18.77
2010-10-15,37.20,37.84,37.00,37.73,27616000,18.86
2010-10-14,36.82,37.18,36.66,36.79,17538200,18.40
2010-10-13,36.29,36.79,36.20,36.68,13482400,18.34
2010-10-12,35.96,36.29,35.71,36.11,15559800,18.06
2010-10-11,36.29,36.43,36.08,36.21,11039600,18.10
2010-10-08,36.20,36.49,35.94,36.33,12711800,18.17
2010-10-07,35.85,36.30,35.72,36.26,11729600,18.13
2010-10-06,36.02,36.10,35.43,35.75,16924400,17.88
2010-10-05,35.76,36.20,35.57,36.02,18493800,18.01
2010-10-04,35.70,35.90,35.26,35.36,15809400,17.68
2010-10-01,35.79,36.23,35.56,35.76,13909000,17.88
2010-09-30,35.84,36.31,35.50,35.61,19965400,17.81
2010-09-29,35.96,35.97,35.59,35.87,15392200,17.93
2010-09-28,35.85,36.55,35.71,36.14,20016000,18.07
2010-09-27,36.41,36.45,35.83,35.86,10562000,17.93
2010-09-24,36.36,36.76,36.01,36.55,15356800,18.27
2010-09-23,35.89,36.22,35.70,35.78,17482000,17.89
2010-09-22,35.86,36.50,35.86,36.01,19668400,18.00
2010-09-21,35.49,35.96,35.17,35.90,19058600,17.95
2010-09-20,34.56,35.69,34.55,35.59,22333800,17.80
2010-09-17,35.00,35.10,34.45,34.56,28283000,17.28
2010-09-16,34.50,35.00,34.38,34.97,14681000,17.49
2010-09-15,34.58,34.89,34.28,34.84,11139600,17.42
2010-09-14,34.22,34.61,34.22,34.51,14648200,17.25
2010-09-13,34.64,34.64,34.13,34.39,14581400,17.19
2010-09-10,34.20,34.57,33.97,34.39,14902600,17.19
2010-09-09,34.12,34.15,33.78,34.05,10676200,17.02
2010-09-08,33.29,33.97,33.29,33.91,14912000,16.95
2010-09-07,33.99,33.99,33.13,33.23,15668600,16.61
2010-09-03,33.59,34.05,33.31,34.02,22362800,17.01
2010-09-02,32.90,33.43,32.73,33.15,16276800,16.58
2010-09-01,32.09,33.05,32.05,33.02,30595400,16.51
2010-08-31,32.31,32.52,31.76,31.83,38403800,15.91
2010-08-30,32.35,32.70,32.20,32.42,24914400,16.21
2010-08-27,32.21,32.58,31.80,32.52,29399200,16.26
2010-08-26,32.92,32.93,31.90,32.07,32904000,16.03
2010-08-25,32.13,32.83,32.03,32.82,25147000,16.41
2010-08-24,32.51,32.67,32.09,32.09,31742400,16.05
2010-08-23,32.95,33.12,32.79,32.85,19309600,16.42
2010-08-20,33.08,33.12,32.41,32.64,25738800,16.32
2010-08-19,33.63,33.67,32.97,33.13,27682600,16.57
2010-08-18,33.99,34.15,33.73,33.77,40228600,16.89
2010-08-17,34.03,34.60,33.77,34.15,20386000,17.08
2010-08-16,34.26,34.34,33.70,33.86,21429200,16.93
2010-08-13,34.50,34.90,34.30,34.31,16060400,17.16
2010-08-12,34.08,34.81,34.00,34.66,19354000,17.33
2010-08-11,35.25,35.38,34.46,34.56,23441200,17.28
2010-08-10,35.59,36.13,35.37,35.79,20018000,17.90
2010-08-09,36.02,36.05,35.60,35.76,17472400,17.88
2010-08-06,35.69,35.87,35.30,35.82,22606000,17.91
2010-08-05,35.06,36.11,34.93,35.73,29825400,17.86
2010-08-04,34.68,35.31,34.42,35.22,23428200,17.61
2010-08-03,34.39,34.80,34.24,34.48,15718600,17.24
2010-08-02,33.83,34.58,33.75,34.46,26386200,17.23
2010-07-30,33.12,33.69,33.09,33.32,21930200,16.66
2010-07-29,34.24,34.44,33.15,33.41,23583000,16.70
2010-07-28,33.50,33.97,33.16,33.42,29995600,16.71
2010-07-27,33.43,33.54,32.82,33.39,92023800,16.69
2010-07-26,33.21,33.70,32.10,33.39,34005400,16.69
2010-07-23,33.73,33.81,32.84,33.43,25155800,16.72
2010-07-22,33.03,33.86,33.02,33.78,29403000,16.89
2010-07-21,32.58,33.44,31.73,32.91,60230200,16.45
2010-07-20,32.66,33.04,32.53,33.00,25984800,16.50
2010-07-19,32.00,33.16,31.99,32.91,33461400,16.45
2010-07-16,34.48,34.89,31.83,31.94,62530600,15.97
2010-07-15,34.90,35.24,34.60,34.90,21450200,17.45
2010-07-14,35.33,35.49,34.70,34.81,21826200,17.41
2010-07-13,34.64,35.45,34.52,35.20,18014000,17.60
2010-07-12,34.70,34.73,34.30,34.48,18961200,17.24
2010-07-09,34.73,34.92,34.47,34.74,19020800,17.37
2010-07-08,34.99,35.07,34.34,34.82,25102600,17.41
2010-07-07,34.67,35.01,34.27,34.94,23426800,17.47
2010-07-06,35.11,35.42,34.42,34.77,21248000,17.39
2010-07-02,34.38,35.16,34.18,34.87,19527800,17.43
2010-07-01,34.24,34.27,33.30,34.14,23827000,17.07
2010-06-30,34.83,35.13,34.26,34.28,19945800,17.14
2010-06-29,35.40,35.61,34.74,34.97,18170800,17.49
2010-06-28,36.48,36.49,35.49,35.77,12980400,17.89
2010-06-25,35.66,36.82,35.66,36.35,26453000,18.17
2010-06-24,36.00,36.36,35.61,35.72,18453400,17.86
2010-06-23,35.71,36.43,35.65,36.21,14890400,18.10
2010-06-22,35.93,36.79,35.84,35.91,20666400,17.95
2010-06-21,36.16,36.50,35.95,36.10,15680200,18.05
2010-06-18,36.02,36.50,35.75,36.02,27190600,18.01
2010-06-17,36.02,36.09,35.52,35.97,19032600,17.99
2010-06-16,35.27,36.13,34.60,35.81,21575600,17.91
2010-06-15,34.74,35.57,34.69,35.53,21942400,17.76
2010-06-14,34.74,35.26,34.57,34.64,18547200,17.32
2010-06-11,33.70,34.65,33.50,34.53,23324800,17.26
2010-06-10,33.15,33.90,33.08,33.72,26437200,16.86
2010-06-09,33.58,33.78,32.88,32.91,32348400,16.45
2010-06-08,34.45,34.51,32.84,33.46,50593400,16.73
2010-06-07,34.81,34.99,34.36,34.44,26449600,17.22
2010-06-04,35.11,35.48,34.56,34.71,33902000,17.35
2010-06-03,35.85,36.32,35.59,35.90,22404000,17.95
2010-06-02,35.82,36.01,35.21,36.00,26167600,18.00
2010-06-01,35.82,36.29,35.41,35.43,18942400,17.72
2010-05-28,36.37,36.47,35.86,35.92,26511400,17.96
2010-05-27,35.50,36.29,35.25,36.24,32930600,18.12
2010-05-26,36.21,36.70,34.78,34.82,43798600,17.41
2010-05-25,36.16,36.27,35.62,36.18,28089600,18.09
2010-05-24,36.17,36.87,35.92,36.35,25030400,18.17
2010-05-21,36.38,37.18,36.09,36.57,38691400,18.28
2010-05-20,38.57,38.64,36.93,36.97,49437000,18.49
2010-05-19,38.40,39.44,38.10,39.00,34776800,19.50
2010-05-18,38.23,38.87,38.13,38.28,21212600,19.14
2010-05-17,37.70,38.29,37.46,38.23,27792600,19.11
2010-05-14,39.50,39.72,37.55,37.78,55320400,18.89
2010-05-13,40.19,40.35,39.43,39.47,19181200,19.74
2010-05-12,39.59,40.22,39.35,40.15,27321400,20.08
2010-05-11,38.93,40.26,38.73,39.26,30899800,19.63
2010-05-10,38.61,39.79,38.04,38.38,38259200,19.19
2010-05-07,39.01,39.32,38.08,38.37,38054400,19.18
2010-05-06,39.76,40.25,38.01,39.18,39024000,19.59
2010-05-05,38.48,40.37,38.27,40.21,50234200,20.10
2010-05-04,39.36,39.51,38.42,38.53,41827800,19.26
2010-05-03,39.67,40.12,39.55,39.76,25135400,19.88
2010-04-30,41.07,41.10,39.55,39.71,40693800,19.85
2010-04-29,40.76,41.08,40.32,40.40,33514600,20.20
2010-04-28,40.36,40.87,40.24,40.68,27811600,20.34
2010-04-27,40.95,41.15,40.20,40.37,35050800,20.18
2010-04-26,41.55,41.60,40.53,40.56,30009600,20.28
2010-04-23,40.98,41.76,40.86,41.67,41925200,20.83
2010-04-22,41.05,41.62,40.47,40.59,80492800,20.30
2010-04-21,41.98,42.50,39.90,40.76,146440000,20.38
2010-04-20,45.66,45.98,44.76,45.07,27776200,22.53
2010-04-19,45.74,45.97,45.20,45.74,14048800,22.87
2010-04-16,45.28,45.88,45.25,45.70,18808200,22.85
2010-04-15,45.94,46.18,45.20,45.32,17586200,22.66
2010-04-14,45.93,46.62,45.80,46.06,16827400,23.03
2010-04-13,45.94,46.61,45.76,46.35,24087200,23.17
2010-04-12,45.81,46.11,45.70,45.87,12800000,22.93
2010-04-09,45.81,45.96,45.51,45.80,14091600,22.90
2010-04-08,45.50,45.97,45.10,45.82,15041600,22.91
2010-04-07,45.68,45.68,45.21,45.45,11920000,22.73
2010-04-06,45.54,45.78,45.42,45.51,11472200,22.75
2010-04-05,46.03,46.19,45.41,45.84,12673800,22.92
2010-04-01,45.52,46.02,45.28,45.64,11188600,22.82
2010-03-31,45.66,45.75,45.33,45.47,14102400,22.74
2010-03-30,46.07,46.14,45.30,45.61,15933800,22.81
2010-03-29,45.34,46.22,45.33,45.88,14648600,22.94
2010-03-26,46.23,46.35,44.98,45.34,23744600,22.67
2010-03-25,47.37,47.50,45.76,45.95,40254200,22.98
2010-03-24,47.46,47.77,47.10,47.29,14502400,23.65
2010-03-23,48.42,48.44,47.43,47.76,17343600,23.88
2010-03-22,47.92,48.65,47.79,48.15,14699000,24.08
2010-03-19,47.69,48.00,46.90,47.87,38567800,23.93
2010-03-18,47.34,47.50,46.98,47.42,11149200,23.71
2010-03-17,47.59,47.59,46.90,47.18,15564400,23.59
2010-03-16,47.54,47.60,47.22,47.47,10754000,23.74
2010-03-15,47.47,47.74,47.19,47.52,12463000,23.76
2010-03-12,47.75,47.75,46.95,47.42,16998400,23.71
2010-03-11,47.11,47.32,46.63,47.10,18272600,23.55
2010-03-10,47.50,47.75,47.25,47.28,12711200,23.64
2010-03-09,46.80,47.74,46.80,47.44,14542000,23.72
2010-03-08,47.41,47.54,46.76,47.01,14617400,23.50
2010-03-05,46.93,47.65,46.92,47.61,16142200,23.81
2010-03-04,47.37,47.41,46.73,47.06,19900000,23.53
2010-03-03,47.31,47.67,47.25,47.57,17649400,23.78
2010-03-02,47.24,47.56,46.99,47.54,15558400,23.77
2010-03-01,47.99,48.15,47.39,47.51,18722400,23.75
2010-02-26,47.51,47.68,47.07,47.61,18997200,23.81
2010-02-25,47.00,47.47,46.60,47.41,23808400,23.70
2010-02-24,47.62,47.98,47.29,47.56,18946400,23.78
2010-02-23,48.00,48.10,47.29,47.35,20081400,23.67
2010-02-22,48.55,48.80,47.62,47.88,27884200,23.94
2010-02-19,49.10,49.44,48.78,48.84,23377800,24.42
2010-02-18,48.75,49.50,48.66,49.45,25876400,24.73
2010-02-17,46.96,49.00,46.94,48.65,35693800,24.33
2010-02-16,47.98,48.04,46.30,46.87,26284000,23.43
2010-02-12,46.41,47.11,46.21,47.01,19065200,23.50
2010-02-11,45.81,47.08,45.59,46.76,22954200,23.38
2010-02-10,46.44,46.79,45.69,45.97,22741600,22.99
2010-02-09,46.57,47.00,46.05,46.30,18992000,23.15
2010-02-08,46.30,46.48,45.67,46.09,15454800,23.05
2010-02-05,46.39,46.86,45.45,46.38,28918200,23.19
2010-02-04,47.42,47.46,46.37,46.47,23467600,23.24
2010-02-03,48.22,48.30,47.16,47.54,27632000,23.77
2010-02-02,47.65,48.56,47.49,48.56,20596800,24.28
2010-02-01,48.24,48.35,47.62,47.81,18501800,23.91
2010-01-29,47.59,48.50,47.50,48.27,25100600,24.14
2010-01-28,47.23,47.95,46.90,47.51,27932400,23.75
2010-01-27,47.08,48.32,46.87,48.04,56743600,24.02
2010-01-26,45.59,45.60,44.69,44.87,20806200,22.43
2010-01-25,46.36,46.41,45.68,45.71,20666200,22.85
2010-01-22,46.07,46.42,45.65,46.08,22095000,23.04
2010-01-21,46.24,46.50,45.19,45.78,24302200,22.89
2010-01-20,46.30,46.35,45.44,46.05,15961200,23.02
2010-01-19,45.76,46.60,45.73,46.28,20906400,23.14
2010-01-15,45.27,45.99,44.78,45.52,19067400,22.76
2010-01-14,45.90,45.99,45.20,45.46,16884800,22.73
2010-01-13,45.15,45.87,44.88,45.51,17846200,22.75
2010-01-12,45.00,45.06,44.53,44.95,13968600,22.48
2010-01-11,44.39,45.03,44.30,44.89,17399000,22.44
2010-01-08,44.96,45.10,44.25,44.54,17618400,22.27
2010-01-07,44.75,45.15,44.56,44.87,20892600,22.43
2010-01-06,44.00,45.01,43.61,44.76,32750400,22.38
2010-01-05,43.36,43.41,42.70,43.26,20788200,21.63
2010-01-04,43.39,43.72,43.09,43.30,16809000,21.65
2009-12-31,43.98,43.98,43.25,43.27,10998800,21.64
2009-12-30,43.47,43.98,43.34,43.80,10163400,21.90
2009-12-29,43.34,43.65,43.15,43.47,8677200,21.74
2009-12-28,43.15,43.43,42.90,43.26,8706600,21.63
2009-12-24,43.01,43.08,42.75,43.00,4028200,21.50
2009-12-23,43.28,43.37,42.94,43.01,10613400,21.50
2009-12-22,43.34,43.75,43.12,43.24,11745200,21.62
2009-12-21,43.03,43.59,43.00,43.16,15738600,21.58
2009-12-18,43.51,43.56,42.61,42.83,31328400,21.42
2009-12-17,43.06,43.45,42.72,43.20,21901600,21.60
2009-12-16,45.38,45.46,42.95,43.23,46600200,21.61
2009-12-15,45.90,46.28,44.83,45.31,29395800,22.66
2009-12-14,46.45,47.18,46.45,46.96,10289600,23.48
2009-12-11,46.16,46.71,46.16,46.42,7782200,23.21
2009-12-10,46.05,46.69,45.97,46.29,15105000,23.15
2009-12-09,46.16,46.19,45.38,46.00,9364400,23.00
2009-12-08,46.14,46.48,45.91,46.12,11028800,23.06
2009-12-07,46.50,46.91,46.42,46.62,7998000,23.31
2009-12-04,46.60,47.01,46.34,46.59,9625200,23.30
2009-12-03,46.41,47.00,46.18,46.26,14797200,23.13
2009-12-02,46.46,46.81,46.32,46.54,11494600,23.27
2009-12-01,45.79,46.62,45.64,46.40,18633800,23.20
2009-11-30,46.46,46.55,45.93,46.11,14544600,23.06
2009-11-27,46.00,46.88,45.77,46.56,4503400,23.28
2009-11-25,47.05,47.12,46.72,46.98,5275800,23.49
2009-11-24,47.13,47.37,46.57,46.96,8719800,23.48
2009-11-23,46.93,47.13,46.54,47.01,9696400,23.50
2009-11-20,46.29,46.64,46.04,46.39,9872600,23.19
2009-11-19,46.25,46.66,45.90,46.52,10877000,23.26
2009-11-18,47.27,47.29,46.33,46.78,12885200,23.39
2009-11-17,47.29,47.50,47.02,47.49,7468600,23.75
2009-11-16,47.26,47.53,46.93,47.43,13644000,23.72
2009-11-13,46.78,47.27,46.67,47.05,10389600,23.52
2009-11-12,47.31,47.44,46.74,46.88,10551800,23.44
2009-11-11,47.20,47.46,46.75,47.14,12273200,23.57
2009-11-10,46.22,47.14,46.09,46.81,15565000,23.41
2009-11-09,46.43,46.58,45.87,46.58,19425000,23.29
2009-11-06,45.49,46.61,45.40,46.26,17304600,23.13
2009-11-05,44.06,45.58,43.95,45.50,27356600,22.75
2009-11-04,44.12,44.30,43.57,43.87,14806600,21.93
2009-11-03,42.43,44.03,42.43,43.80,22102400,21.90
2009-11-02,42.96,43.15,42.40,42.67,14942800,21.33
2009-10-30,42.91,43.29,42.48,42.55,25506800,21.27
2009-10-29,42.65,43.00,42.31,42.94,16084000,21.47
2009-10-28,43.09,43.50,42.48,42.58,15707600,21.29
2009-10-27,43.43,44.00,42.90,43.12,14408600,21.56
2009-10-26,44.02,44.25,42.88,43.43,18314600,21.72
2009-10-23,44.16,44.59,43.73,43.83,29558600,21.92
2009-10-22,44.59,45.09,44.48,44.60,30685600,22.30
2009-10-21,45.27,45.37,43.80,45.33,47581200,22.67
2009-10-20,46.51,46.66,45.79,46.12,17391600,23.06
2009-10-19,46.30,47.01,46.07,46.81,15000200,23.41
2009-10-16,46.49,46.51,45.94,46.17,11598800,23.08
2009-10-15,46.04,46.69,46.04,46.63,19572400,23.32
2009-10-14,45.78,46.27,45.48,46.05,12807200,23.02
2009-10-13,45.23,45.62,45.14,45.57,12286800,22.78
2009-10-12,45.52,45.65,45.05,45.18,10038200,22.59
2009-10-09,45.25,45.37,45.01,45.30,9356800,22.65
2009-10-08,45.48,45.54,45.03,45.22,10748800,22.61
2009-10-07,45.55,45.74,45.07,45.31,9863600,22.66
2009-10-06,45.12,45.80,44.64,45.72,13891000,22.86
2009-10-05,44.91,45.30,44.47,45.00,14510400,22.50
2009-10-02,45.30,45.51,44.46,44.51,20574000,22.25
2009-10-01,46.34,46.51,45.30,45.30,16157000,22.65
2009-09-30,46.55,46.68,45.90,46.50,13156000,23.25
2009-09-29,47.01,47.11,46.14,46.48,10753200,23.24
2009-09-28,46.07,47.49,46.00,47.08,11882400,23.54
2009-09-25,45.89,46.76,45.75,46.20,13000400,23.10
2009-09-24,45.77,46.33,45.50,46.00,11423600,23.00
2009-09-23,46.25,46.50,45.75,45.88,10897000,22.94
2009-09-22,46.38,46.68,45.99,46.13,13609000,23.07
2009-09-21,45.86,46.75,45.83,46.63,10566600,23.32
2009-09-18,46.20,46.24,45.30,45.76,18124000,22.88
2009-09-17,46.41,46.57,45.48,45.83,17634000,22.92
2009-09-16,46.35,46.62,45.91,46.31,11154800,23.16
2009-09-15,46.52,46.88,46.08,46.08,12892600,23.04
2009-09-14,46.02,46.71,45.90,46.53,10939600,23.26
2009-09-11,46.46,46.58,45.75,46.10,14806400,23.05
2009-09-10,47.81,47.83,46.04,46.34,19429800,23.17
2009-09-09,46.84,47.53,46.72,47.21,15506400,23.60
2009-09-08,46.40,46.89,45.95,46.83,13122200,23.42
2009-09-04,45.41,46.29,45.41,46.13,9445200,23.07
2009-09-03,45.69,45.75,45.00,45.46,9687800,22.73
2009-09-02,45.19,45.75,44.93,45.29,12831800,22.65
2009-09-01,44.88,46.05,44.68,45.12,15039400,22.56
2009-08-31,44.99,45.40,44.71,45.06,12868600,22.53
2009-08-28,46.02,46.25,44.85,45.25,11889200,22.62
2009-08-27,46.01,46.16,45.25,45.82,11176800,22.91
2009-08-26,46.23,46.56,46.06,46.23,10018800,23.11
2009-08-25,45.83,46.77,45.72,46.25,11591600,23.12
2009-08-24,46.15,46.18,45.56,46.00,11931200,23.00
2009-08-21,46.39,46.87,45.95,46.09,15992000,23.05
2009-08-20,45.43,46.32,45.11,45.97,19089400,22.99
2009-08-19,44.02,45.31,43.81,45.22,13706600,22.61
2009-08-18,44.62,44.65,44.03,44.32,12250200,22.16
2009-08-17,44.15,44.78,44.08,44.24,13408000,22.12
2009-08-14,45.02,45.05,44.11,44.95,15439600,22.48
2009-08-13,45.99,45.99,44.98,45.19,12510800,22.59
2009-08-12,45.89,46.50,45.55,45.85,15619200,22.92
2009-08-11,45.60,46.23,45.23,45.65,12465200,22.83
2009-08-10,45.93,46.27,45.54,46.00,12255800,23.00
2009-08-07,46.34,46.50,45.60,45.76,15886200,22.88
2009-08-06,46.89,47.09,45.42,45.45,20570600,22.73
2009-08-05,47.81,47.91,46.68,46.84,18380400,23.42
2009-08-04,48.91,49.12,47.38,47.83,17985800,23.92
2009-08-03,49.16,49.56,48.62,49.28,9856800,24.64
2009-07-31,49.90,49.90,48.88,48.93,9645200,24.47
2009-07-30,49.81,50.00,49.38,49.58,14443000,24.79
2009-07-29,49.40,49.96,49.39,49.81,10812200,24.91
2009-07-28,49.00,49.82,48.80,49.73,15495400,24.86
2009-07-27,48.57,49.00,48.37,48.95,11362800,24.48
2009-07-24,48.05,48.57,47.69,48.43,12666000,24.22
2009-07-23,47.76,48.92,47.60,48.34,22720600,24.17
2009-07-22,46.41,48.00,46.40,47.86,25395400,23.93
2009-07-21,47.90,48.59,47.61,48.55,18786000,24.27
2009-07-20,47.83,48.15,47.19,47.97,14780600,23.99
2009-07-17,48.00,48.50,47.66,47.83,24741600,23.92
2009-07-16,45.90,47.22,45.81,46.87,17973400,23.43
2009-07-15,45.39,46.04,44.91,45.82,16626400,22.91
2009-07-14,45.35,45.63,44.75,44.91,11818600,22.45
2009-07-13,44.47,45.32,44.14,45.29,13291600,22.65
2009-07-10,44.63,44.97,44.36,44.44,12000800,22.22
2009-07-09,44.87,44.95,44.40,44.71,12122000,22.35
2009-07-08,45.74,45.83,44.76,44.92,17053200,22.46
2009-07-07,45.67,45.79,45.18,45.19,14383400,22.59
2009-07-06,45.98,46.25,45.25,45.75,13701600,22.88
2009-07-02,46.51,46.70,45.90,45.90,13800000,22.95
2009-07-01,46.85,47.59,46.74,46.83,12284600,23.42
2009-06-30,47.13,47.50,46.65,46.84,17196600,23.42
2009-06-29,47.46,47.66,46.52,47.37,9716000,23.68
2009-06-26,47.07,47.73,47.07,47.52,14399800,23.76
2009-06-25,46.13,47.98,45.94,47.88,17494600,23.94
2009-06-24,46.59,46.90,45.96,46.53,14614800,23.26
2009-06-23,46.38,47.08,46.22,46.66,13971000,23.33
2009-06-22,46.55,46.72,45.86,46.32,14520600,23.16
2009-06-19,47.00,47.81,46.63,47.02,21652400,23.51
2009-06-18,45.76,46.95,45.33,46.50,18400800,23.25
2009-06-17,44.35,45.99,44.16,45.53,18863400,22.76
2009-06-16,44.07,44.72,43.93,44.16,13666200,22.08
2009-06-15,45.00,45.00,43.72,43.93,15110600,21.97
2009-06-12,44.00,45.22,43.93,44.94,19583800,22.47
2009-06-11,44.02,44.88,44.02,44.19,16879200,22.09
2009-06-10,44.36,44.81,43.55,44.28,14655600,22.14
2009-06-09,44.40,44.78,44.25,44.58,12062800,22.29
2009-06-08,44.07,45.09,44.07,44.49,11461000,22.25
2009-06-05,45.09,45.40,44.29,44.58,13303600,22.29
2009-06-04,44.69,45.50,44.69,44.92,14810800,22.46
2009-06-03,43.10,45.14,42.85,44.73,23853600,22.36
2009-06-02,42.40,43.43,42.28,43.09,15986600,21.55
2009-06-01,43.15,43.64,42.41,42.77,14789600,21.39
2009-05-29,42.00,43.18,41.43,43.10,18547400,21.55
2009-05-28,41.54,42.47,41.33,42.02,14688200,21.01
2009-05-27,42.71,42.73,41.31,41.44,17053400,20.72
2009-05-26,42.00,42.95,41.47,42.47,15754000,21.24
2009-05-22,42.53,42.95,42.18,42.33,10906000,21.17
2009-05-21,42.60,43.08,42.25,42.56,19695400,21.28
2009-05-20,43.01,43.19,42.07,42.32,18052000,21.16
2009-05-19,43.15,43.18,42.10,42.69,20013000,21.34
2009-05-18,43.65,43.70,43.01,43.36,17299000,21.68
2009-05-15,44.02,44.18,43.35,43.75,13385400,21.88
2009-05-14,44.25,45.19,44.02,44.20,12404000,22.10
2009-05-13,44.07,45.00,44.00,44.40,12885800,22.20
2009-05-12,44.87,45.07,44.11,44.54,13142600,22.27
2009-05-11,43.97,44.93,43.71,44.65,14807800,22.33
2009-05-08,44.67,45.24,43.69,44.01,24929200,22.00
2009-05-07,44.21,45.63,43.93,45.43,24887800,22.72
2009-05-06,44.58,44.63,43.43,44.03,16888600,22.01
2009-05-05,44.99,44.99,44.20,44.52,13457800,22.26
2009-05-04,45.10,45.44,44.45,44.90,13826200,22.45
2009-05-01,45.95,45.95,44.47,44.81,11638400,22.41
2009-04-30,47.37,47.48,45.10,45.80,23699800,22.90
2009-04-29,48.01,48.20,46.69,46.96,13863000,23.48
2009-04-28,47.91,48.23,47.52,47.60,14974000,23.80
2009-04-27,47.67,47.90,46.70,47.53,24713200,23.76
2009-04-24,45.75,46.12,45.42,45.80,12592400,22.90
2009-04-23,46.10,46.46,44.92,45.90,18046400,22.95
2009-04-22,46.23,47.73,45.97,46.22,29239000,23.11
2009-04-21,43.73,44.39,43.55,43.73,14222400,21.86
2009-04-20,44.16,45.11,43.49,43.77,15580600,21.89
2009-04-17,44.80,45.25,43.84,44.69,20879600,22.34
2009-04-16,44.52,45.36,43.99,44.85,22158600,22.42
2009-04-15,46.04,46.25,43.65,44.54,28958200,22.27
2009-04-14,47.25,47.80,46.02,46.65,16937600,23.33
2009-04-13,47.41,48.21,47.35,47.53,9484800,23.76
2009-04-09,47.60,48.21,46.98,47.63,13021000,23.82
2009-04-08,47.51,47.98,46.66,47.39,12093800,23.69
2009-04-07,47.68,48.25,47.06,47.43,16538200,23.72
2009-04-06,46.87,48.45,46.65,48.37,23090800,24.18
2009-04-03,48.31,48.37,46.03,46.98,30236600,23.49
2009-04-02,46.00,46.09,44.36,44.70,21809600,22.35
2009-04-01,45.10,45.50,44.32,45.18,26787000,22.59
2009-03-31,45.75,46.90,45.47,46.32,19736000,23.16
2009-03-30,43.91,45.64,43.62,45.62,23079800,22.81
2009-03-27,44.20,45.41,44.10,44.37,14909000,22.18
2009-03-26,44.22,44.62,43.17,43.94,20103800,21.97
2009-03-25,44.02,45.16,43.22,43.88,20071800,21.94
2009-03-24,45.70,45.83,43.98,44.56,22756000,22.28
2009-03-23,44.77,46.10,44.60,45.68,18725400,22.84
2009-03-20,45.04,45.38,44.00,44.31,26965600,22.16
2009-03-19,45.64,45.64,43.83,44.30,15390600,22.15
2009-03-18,46.10,46.19,44.56,45.14,18901400,22.57
2009-03-17,44.69,46.21,44.25,46.10,17355400,23.05
2009-03-16,45.45,45.81,43.75,44.19,19101400,22.09
2009-03-13,44.58,45.47,44.26,45.43,20398000,22.72
2009-03-12,41.10,44.62,40.62,44.43,39388000,22.22
2009-03-11,44.61,45.25,43.82,44.04,22299800,22.02
2009-03-10,44.19,44.52,43.66,44.51,21678200,22.25
2009-03-09,43.98,44.71,43.60,43.71,16422000,21.85
2009-03-06,43.95,44.61,43.46,44.01,24313400,22.00
2009-03-05,44.70,45.32,43.70,43.78,23159000,21.89
2009-03-04,45.31,46.00,44.60,45.37,17410000,22.68
2009-03-03,44.53,45.43,44.30,45.02,24540400,22.51
2009-03-02,44.03,44.91,43.65,44.27,30901000,22.14
2009-02-27,45.98,47.07,44.78,44.80,32016800,22.40
2009-02-26,49.51,49.92,47.00,47.07,24678000,23.53
2009-02-25,49.81,50.70,49.23,49.54,16422000,24.77
2009-02-24,48.95,50.57,48.75,50.34,18863400,25.17
2009-02-23,50.11,50.50,48.95,48.95,16633200,24.48
2009-02-20,49.14,50.24,48.50,50.00,22627200,25.00
2009-02-19,49.84,50.15,49.04,49.04,12473200,24.52
2009-02-18,48.96,49.86,48.38,49.59,16678800,24.80
2009-02-17,49.51,49.58,48.53,48.72,16252800,24.36
2009-02-13,50.54,51.00,49.89,50.25,11086600,25.12
2009-02-12,49.56,50.50,49.10,50.50,14046800,25.25
2009-02-11,50.50,50.50,49.17,49.96,14574400,24.98
2009-02-10,51.44,51.85,49.19,49.77,23053200,24.89
2009-02-09,52.19,52.29,50.91,51.51,13950200,25.75
2009-02-06,52.09,53.03,51.88,52.45,20649400,26.23
2009-02-05,51.44,52.46,50.54,52.23,18308000,26.11
2009-02-04,53.12,53.28,51.60,51.96,17838000,25.98
2009-02-03,52.04,53.11,51.18,52.80,16591400,26.40
2009-02-02,50.55,52.01,50.28,51.87,16475400,25.93
2009-01-30,50.68,51.81,50.62,50.77,17628800,25.39
2009-01-29,50.11,51.26,49.83,50.64,16224600,25.32
2009-01-28,49.42,51.38,49.20,50.54,30507800,25.27
2009-01-27,49.00,49.00,47.82,48.23,15283600,24.11
2009-01-26,48.79,49.40,47.90,48.39,15351800,24.19
2009-01-23,48.21,48.70,47.80,48.25,12970000,24.12
2009-01-22,48.09,49.16,48.00,48.70,14829200,24.35
2009-01-21,47.95,49.57,47.56,49.40,20986200,24.70
2009-01-20,48.11,49.06,47.20,47.20,18141000,23.60
2009-01-16,48.03,48.65,47.53,48.28,17154800,24.14
2009-01-15,47.39,48.52,47.24,48.03,16829400,24.01
2009-01-14,47.76,48.42,47.39,47.62,14689600,23.81
2009-01-13,47.78,49.39,47.65,48.41,16262600,24.20
2009-01-12,47.76,48.26,46.90,47.65,12793200,23.83
2009-01-09,49.09,49.10,47.36,47.77,13731000,23.89
2009-01-08,48.67,48.87,47.61,48.87,15022400,24.43
2009-01-07,48.99,50.00,48.15,48.72,15564800,24.36
2009-01-06,51.21,51.25,49.00,49.63,17652600,24.82
2009-01-05,51.76,51.98,50.41,51.00,15666000,25.50
2009-01-02,50.90,52.35,50.66,52.18,11256400,26.09
2008-12-31,51.48,52.26,51.03,51.14,12030600,25.57
2008-12-30,50.29,51.42,50.25,51.33,13377800,25.67
2008-12-29,50.70,50.70,49.17,49.89,8565600,24.94
2008-12-26,50.36,50.51,49.73,50.01,5257000,25.00
2008-12-24,50.28,50.97,49.81,50.46,6005000,25.23
2008-12-23,50.13,51.19,49.80,50.00,18417600,25.00
2008-12-22,49.97,50.35,49.07,50.30,17024000,25.15
2008-12-19,49.08,50.28,48.55,49.65,33040200,24.83
2008-12-18,47.64,49.77,47.54,48.78,20594800,24.39
2008-12-17,47.53,48.87,47.28,47.65,15181200,23.83
2008-12-16,45.22,47.95,45.22,47.87,28325800,23.93
2008-12-15,44.95,45.55,44.15,44.35,11386600,22.17
2008-12-12,43.57,45.22,43.05,45.03,12710000,22.51
2008-12-11,45.29,45.99,43.89,44.07,14964200,22.03
2008-12-10,45.19,46.10,44.60,45.60,14163000,22.80
2008-12-09,46.35,47.10,44.40,44.83,20420800,22.42
2008-12-08,47.86,48.01,45.91,46.67,20750000,23.33
2008-12-05,45.18,47.49,44.14,47.39,23150800,23.69
2008-12-04,45.39,46.88,45.01,45.55,16502800,22.77
2008-12-03,43.67,46.39,43.44,46.17,22621400,23.08
2008-12-02,42.86,44.34,42.75,44.09,17188200,22.05
2008-12-01,43.72,44.19,42.45,42.46,15233600,21.23
2008-11-28,44.75,45.00,44.04,44.79,5009400,22.40
2008-11-26,44.00,45.25,43.46,45.05,20480000,22.52
2008-11-25,43.59,44.75,42.51,44.14,27106600,22.07
2008-11-24,42.28,42.97,41.19,42.73,21498600,21.36
2008-11-21,41.74,43.34,39.37,41.46,31399000,20.73
2008-11-20,42.64,43.99,41.29,41.53,21918600,20.76
2008-11-19,44.15,45.49,43.07,43.20,20358600,21.60
2008-11-18,45.81,46.00,43.62,45.22,28251800,22.61
2008-11-17,46.10,47.03,45.89,45.91,16335600,22.95
2008-11-14,46.78,48.84,46.24,46.92,30148000,23.46
2008-11-13,44.23,47.45,43.80,47.30,29975600,23.65
2008-11-12,43.57,44.86,43.16,44.45,20565800,22.23
2008-11-11,44.52,45.15,43.70,44.14,17033600,22.07
2008-11-10,45.71,45.75,44.18,44.84,11653600,22.42
2008-11-07,44.43,45.54,44.19,45.04,19119800,22.52
2008-11-06,44.43,45.37,43.84,44.35,21369800,22.17
2008-11-05,46.58,47.79,45.00,45.02,18687400,22.51
2008-11-04,47.76,48.42,46.33,47.07,19987000,23.53
2008-11-03,45.75,47.99,45.60,47.31,21534400,23.66
2008-10-31,46.51,47.30,45.05,45.85,21199400,22.92
2008-10-30,46.41,47.01,45.33,46.71,25603200,23.35
2008-10-29,44.73,46.44,43.90,45.64,26928200,22.82
2008-10-28,43.43,44.93,42.30,44.77,25725400,22.39
2008-10-27,42.35,43.87,41.98,42.40,21546000,21.20
2008-10-24,42.81,44.55,42.75,43.32,25293800,21.66
2008-10-23,46.40,47.25,43.02,45.47,37808200,22.74
2008-10-22,45.07,47.28,44.35,46.47,24260800,23.24
2008-10-21,46.43,47.09,45.72,46.02,21525600,23.01
2008-10-20,43.03,46.57,42.94,46.49,21568600,23.25
2008-10-17,42.50,45.64,42.10,43.03,41084800,21.51
2008-10-16,39.19,41.66,37.00,41.39,34100200,20.69
2008-10-15,41.30,42.56,38.10,38.28,25519200,19.14
2008-10-14,42.97,43.35,40.58,41.32,27175400,20.66
2008-10-13,39.77,42.84,38.87,42.65,26735600,21.33
2008-10-10,38.58,41.19,35.60,37.47,50204200,18.74
2008-10-09,41.87,42.74,39.78,40.04,27712400,20.02
2008-10-08,39.52,42.45,39.24,41.07,28661000,20.53
2008-10-07,41.93,43.81,40.59,40.59,25868200,20.30
2008-10-06,44.89,46.64,40.82,41.88,36117200,20.94
2008-10-03,45.60,47.76,44.69,45.75,21429400,22.88
2008-10-02,45.55,46.52,44.62,44.69,15544400,22.34
2008-10-01,45.75,45.88,44.61,45.30,13240200,22.65
2008-09-30,45.30,46.00,44.16,45.63,25970200,22.82
2008-09-29,47.77,48.97,40.00,42.44,33929400,21.22
2008-09-26,46.17,48.88,45.83,48.64,19709400,24.32
2008-09-25,46.09,49.09,46.09,47.05,17316600,23.52
2008-09-24,45.17,46.77,44.80,46.69,19138200,23.34
2008-09-23,45.15,45.71,44.49,44.69,17758800,22.34
2008-09-22,46.20,46.57,44.70,44.71,13879800,22.35
2008-09-19,48.62,49.00,39.80,46.46,36342200,23.23
2008-09-18,48.11,48.69,43.33,47.17,35838400,23.58
2008-09-17,48.04,49.51,46.93,46.93,24535800,23.47
2008-09-16,47.09,50.93,47.09,49.83,28301200,24.92
2008-09-15,47.62,49.03,47.42,47.83,19326400,23.92
2008-09-12,49.42,49.70,47.96,48.12,26805600,24.06
2008-09-11,46.27,49.05,46.07,49.04,27601600,24.52
2008-09-10,46.62,47.33,46.23,46.82,17275600,23.41
2008-09-09,47.05,47.83,46.63,46.69,21424200,23.34
2008-09-08,48.25,48.34,46.24,47.07,27599600,23.53
2008-09-05,49.48,49.51,47.84,47.85,25601200,23.92
2008-09-04,50.90,51.26,49.98,49.98,16922600,24.99
2008-09-03,50.57,51.51,50.21,51.38,17941600,25.69
2008-09-02,51.50,52.46,49.85,50.28,28640800,25.14
2008-08-29,53.22,53.56,52.34,52.68,10461800,26.34
2008-08-28,52.81,53.38,52.56,53.21,11644800,26.60
2008-08-27,53.93,54.20,53.30,53.75,9546800,26.88
2008-08-26,53.05,54.37,53.05,53.89,12522400,26.94
2008-08-25,54.21,54.21,52.77,53.21,11940200,26.60
2008-08-22,54.42,54.93,53.83,54.31,9865200,27.16
2008-08-21,54.15,54.44,53.29,54.15,12951200,27.08
2008-08-20,55.07,55.55,54.13,54.62,11937800,27.31
2008-08-19,55.08,55.84,54.25,54.55,14276200,27.27
2008-08-18,56.45,56.79,55.02,55.79,12370200,27.90
2008-08-15,56.77,56.91,55.67,56.26,10969600,28.13
2008-08-14,56.56,56.83,56.00,56.69,12627400,28.34
2008-08-13,56.97,57.63,56.01,56.81,11901800,28.41
2008-08-12,56.39,57.30,56.35,57.10,12216000,28.55
2008-08-11,56.60,56.86,56.04,56.43,12877800,28.22
2008-08-08,55.69,57.05,55.47,56.77,14817200,28.39
2008-08-07,56.42,57.00,55.04,55.04,21395000,27.52
2008-08-06,54.77,56.75,54.60,56.03,17819800,28.01
2008-08-05,54.17,55.48,54.05,55.32,22677200,27.66
2008-08-04,54.14,54.25,53.25,53.84,12352200,26.92
2008-08-01,54.54,54.97,52.97,53.69,12077800,26.84
2008-07-31,53.85,55.23,53.24,53.98,16704800,26.99
2008-07-30,53.93,54.59,53.00,53.91,16192600,26.95
2008-07-29,53.19,54.05,53.17,53.98,15220000,26.99
2008-07-28,54.51,54.69,52.49,52.67,18443600,26.33
2008-07-25,53.14,54.74,52.63,54.51,18770000,27.25
2008-07-24,52.15,53.16,51.91,52.68,16253000,26.34
2008-07-23,51.43,53.45,51.26,52.70,25854600,26.35
2008-07-22,49.43,51.27,49.19,51.10,26136400,25.55
2008-07-21,50.15,50.88,49.58,49.64,35619400,24.82
2008-07-18,51.40,51.61,49.20,49.53,71193000,24.76
2008-07-17,55.69,55.92,54.52,55.40,22244000,27.70
2008-07-16,55.28,55.88,54.66,54.81,20439400,27.41
2008-07-15,53.15,55.89,53.08,55.00,20789800,27.50
2008-07-14,53.99,54.50,53.36,53.55,12577600,26.77
2008-07-11,54.19,55.00,53.05,53.70,19446400,26.85
2008-07-10,53.82,55.47,53.82,54.59,20841000,27.30
2008-07-09,53.53,55.16,53.20,53.82,21255600,26.91
2008-07-08,51.29,53.56,51.29,53.53,23419400,26.76
2008-07-07,51.35,52.36,51.02,51.67,19215400,25.83
2008-07-03,51.27,52.20,51.04,51.09,8688600,25.55
2008-07-02,52.85,52.85,50.96,51.29,22640600,25.65
2008-07-01,52.80,52.84,51.20,52.17,27212400,26.08
2008-06-30,52.85,53.56,52.40,52.95,14754200,26.48
2008-06-27,53.15,53.53,52.82,52.86,16102800,26.43
2008-06-26,54.00,54.28,52.94,52.94,14550400,26.47
2008-06-25,54.38,55.13,53.87,54.48,12893800,27.24
2008-06-24,54.38,54.98,53.96,54.51,11253200,27.25
2008-06-23,54.88,55.25,54.26,54.76,10814400,27.38
2008-06-20,55.42,55.42,53.96,54.72,20303800,27.36
2008-06-19,53.17,55.48,53.17,55.47,17114600,27.74
2008-06-18,53.14,54.31,52.92,53.45,11462600,26.73
2008-06-17,54.47,54.48,53.30,53.55,10111400,26.77
2008-06-16,53.47,54.71,52.97,54.33,13716400,27.17
2008-06-13,53.20,54.33,52.95,54.14,14212800,27.07
2008-06-12,53.51,53.51,52.37,52.73,12209800,26.36
2008-06-11,53.84,54.18,53.09,53.15,11584200,26.58
2008-06-10,53.93,54.74,53.61,54.19,9170800,27.09
2008-06-09,54.80,54.90,53.73,54.30,14083400,27.15
2008-06-06,56.62,56.62,54.75,54.76,13432800,27.38
2008-06-05,56.74,56.95,56.04,56.64,11013800,28.32
2008-06-04,55.10,56.85,55.07,56.24,16870600,28.12
2008-06-03,54.89,55.80,54.76,55.30,16221000,27.65
2008-06-02,54.75,55.08,53.95,54.58,12861000,27.29
2008-05-30,55.21,55.57,54.80,55.32,11622200,27.66
2008-05-29,53.93,55.50,53.70,55.35,13688400,27.67
2008-05-28,53.70,53.81,53.12,53.57,9405200,26.78
2008-05-27,53.27,53.72,52.89,53.65,9731400,26.83
2008-05-23,53.32,53.71,52.77,52.98,8896400,26.49
2008-05-22,52.79,53.99,52.73,53.69,10870000,26.84
2008-05-21,54.10,54.15,52.35,52.48,11374800,26.24
2008-05-20,53.36,54.08,53.04,53.87,9196800,26.93
2008-05-19,53.33,54.02,52.77,53.22,10270600,26.61
2008-05-16,53.09,53.45,52.34,53.09,11146200,26.55
2008-05-15,52.40,53.37,52.13,52.95,11145200,26.48
2008-05-14,53.96,53.99,52.40,52.56,11182400,26.28
2008-05-13,54.11,54.50,53.23,53.47,12710600,26.74
2008-05-12,53.41,54.51,53.25,54.48,10956800,27.24
2008-05-09,53.51,54.14,53.25,53.64,8105200,26.82
2008-05-08,53.82,54.59,53.47,54.11,12140600,27.06
2008-05-07,54.27,54.42,53.16,53.23,12796800,26.61
2008-05-06,53.67,54.29,53.19,54.14,11005400,27.07
2008-05-05,53.59,54.13,53.21,53.67,12612200,26.83
2008-05-02,53.01,53.79,52.94,53.63,12129000,26.82
2008-05-01,51.85,53.00,51.65,53.00,13072800,26.50
2008-04-30,52.01,52.53,51.49,51.76,11873000,25.88
2008-04-29,52.10,52.53,51.61,51.71,11528600,25.85
2008-04-28,51.31,52.82,51.30,52.53,13317600,26.26
2008-04-25,51.20,52.48,51.20,51.40,11633400,25.70
2008-04-24,50.53,51.43,50.04,51.02,13442800,25.51
2008-04-23,51.30,51.50,50.30,50.50,17004600,25.25
2008-04-22,51.75,52.08,50.79,50.89,11243400,25.44
2008-04-21,52.01,52.84,51.51,52.10,13815600,26.05
2008-04-18,51.00,51.90,50.10,51.76,20474200,25.88
2008-04-17,50.99,51.00,49.58,49.96,27733000,24.98
2008-04-16,51.46,52.15,51.00,51.80,15762800,25.90
2008-04-15,51.22,51.40,50.61,51.07,14110000,25.53
2008-04-14,50.84,51.46,50.10,50.78,15107800,25.39
2008-04-11,52.09,52.23,50.46,50.64,15213000,25.32
2008-04-10,51.19,52.52,51.03,52.09,12763200,26.05
2008-04-09,52.18,52.37,50.63,51.03,15714600,25.51
2008-04-08,51.65,52.74,51.60,51.88,10524400,25.94
2008-04-07,52.37,52.60,51.53,52.06,12681800,26.03
2008-04-04,52.21,53.03,51.68,52.35,10599000,26.17
2008-04-03,52.15,52.50,51.44,51.66,12268600,25.83
2008-04-02,53.11,53.20,51.70,51.90,16946000,25.95
2008-04-01,51.86,53.00,51.72,52.88,21228800,26.44
2008-03-31,50.11,51.65,50.11,51.53,18103400,25.76
2008-03-28,50.70,50.81,49.44,49.61,12998800,24.81
2008-03-27,50.52,50.84,49.84,49.98,13734800,24.99
2008-03-26,50.55,50.91,49.93,50.24,15392600,25.12
2008-03-25,50.21,51.45,49.71,51.01,22340000,25.50
2008-03-24,48.00,49.94,48.00,49.61,17605800,24.81
2008-03-20,48.28,48.46,47.05,48.43,20027000,24.22
2008-03-19,47.87,48.94,47.56,47.56,16767400,23.78
2008-03-18,47.69,48.10,46.56,48.09,15586800,24.05
2008-03-17,47.44,48.49,46.69,46.76,16471600,23.38
2008-03-14,48.17,48.95,46.50,47.55,20032200,23.77
2008-03-13,48.32,49.07,47.41,48.49,21978600,24.25
2008-03-12,47.83,48.77,47.50,48.01,16333200,24.00
2008-03-11,46.77,47.28,46.00,47.26,18323000,23.63
2008-03-10,48.56,48.56,45.89,46.13,30167200,23.07
2008-03-07,47.44,48.70,47.36,48.70,20806200,24.35
2008-03-06,49.18,49.18,47.78,47.81,18195800,23.91
2008-03-05,49.69,49.91,48.70,48.96,18917800,24.48
2008-03-04,48.12,49.82,47.75,49.32,27164000,24.66
2008-03-03,47.80,49.00,46.85,48.57,25103400,24.28
2008-02-29,45.66,48.25,45.50,47.32,39990400,23.66
2008-02-28,43.16,46.10,43.10,45.46,28296000,22.73
2008-02-27,44.10,44.18,43.54,43.79,13620800,21.90
2008-02-26,43.50,44.74,43.40,44.06,15107200,22.03
2008-02-25,43.44,44.00,43.09,43.62,19180000,21.81
2008-02-22,43.40,43.52,42.37,42.92,22390000,21.46
2008-02-21,45.27,45.60,43.67,43.93,21500800,21.97
2008-02-20,44.78,45.67,44.64,45.60,15031400,22.80
2008-02-19,45.25,45.89,45.00,45.18,13921000,22.59
2008-02-15,44.47,44.78,44.02,44.62,17852400,22.31
2008-02-14,45.46,45.46,44.67,44.74,12599400,22.37
2008-02-13,45.60,46.00,44.93,45.45,15214400,22.73
2008-02-12,44.53,45.63,44.53,45.09,15674000,22.55
2008-02-11,44.10,44.81,43.92,44.60,17082400,22.30
2008-02-08,44.14,44.66,43.69,44.53,14100400,22.26
2008-02-07,44.70,45.19,43.83,44.43,19635200,22.22
2008-02-06,44.79,45.96,44.61,44.87,18992200,22.43
2008-02-05,45.40,46.08,44.48,44.57,22260600,22.28
2008-02-04,45.91,46.50,45.76,46.29,11456000,23.15
2008-02-01,45.96,46.74,45.01,45.93,18107400,22.97
2008-01-31,44.88,45.90,44.45,45.69,27618600,22.84
2008-01-30,43.04,45.19,42.87,44.00,31165400,22.00
2008-01-29,43.37,43.52,42.66,43.15,27035400,21.58
2008-01-28,42.70,43.57,42.47,43.00,23082000,21.50
2008-01-25,46.00,46.40,42.82,43.07,35228400,21.53
2008-01-24,45.92,47.20,45.35,45.60,27393400,22.80
2008-01-23,43.47,45.00,42.16,44.81,35946800,22.41
2008-01-22,42.59,45.00,42.43,44.40,29237000,22.20
2008-01-18,46.76,48.14,45.13,46.17,27386400,23.08
2008-01-17,48.23,48.48,46.54,47.23,21521800,23.61
2008-01-16,47.38,48.72,47.36,47.62,21975400,23.81
2008-01-15,47.19,47.87,46.92,47.22,16480000,23.61
2008-01-14,48.38,49.05,47.37,48.16,16052600,24.08
2008-01-11,48.32,49.00,48.14,48.68,17491800,24.34
2008-01-10,48.26,48.92,47.51,48.22,19160000,24.11
2008-01-09,47.00,48.56,46.81,48.50,17632800,24.25
2008-01-08,48.08,48.45,46.83,46.85,19202200,23.42
2008-01-07,46.65,47.80,46.30,47.71,18028600,23.85
2008-01-04,46.94,47.35,45.85,45.90,15413200,22.95
2008-01-03,45.51,47.00,45.34,46.89,11630000,23.44
2008-01-02,45.96,46.66,45.05,45.34,13117800,22.67
