Date,Open,High,Low,Close,Volume,Adj Close
2013-12-31,53.36,53.73,53.11,53.57,2408300,52.82
2013-12-30,53.20,53.55,53.00,53.44,1468400,52.69
2013-12-27,53.22,53.24,52.86,53.20,1540700,52.46
2013-12-26,53.09,53.47,52.82,53.05,1467800,52.31
2013-12-24,53.00,53.33,52.76,53.09,787500,52.35
2013-12-23,53.48,53.56,52.90,52.96,2116800,52.22
2013-12-20,52.81,53.32,52.67,53.11,3759600,52.37
2013-12-19,54.26,54.26,52.43,52.58,3333300,51.85
2013-12-18,53.85,54.75,53.06,54.66,3257700,53.90
2013-12-17,53.80,53.98,53.69,53.83,2060400,53.08
2013-12-16,54.00,54.21,53.58,53.68,2034500,52.93
2013-12-13,53.61,54.40,53.60,53.91,1790300,53.16
2013-12-12,54.22,54.33,53.31,53.64,2400900,52.89
2013-12-11,55.55,55.64,54.20,54.22,2186400,53.46
2013-12-10,55.45,55.85,55.40,55.52,1663100,54.74
2013-12-09,55.15,55.49,54.85,55.38,1919700,54.61
2013-12-06,55.47,55.58,54.97,55.16,1433000,54.39
2013-12-05,55.11,55.48,54.65,55.18,2137100,54.41
2013-12-04,55.01,55.55,54.51,55.11,2301600,54.34
2013-12-03,55.74,55.85,55.30,55.34,1558300,54.57
2013-12-02,56.16,56.24,55.27,55.75,1923600,54.97
2013-11-29,56.03,57.17,55.90,55.99,1251100,55.21
2013-11-27,56.30,56.87,56.09,56.77,1508200,55.98
2013-11-26,57.22,57.42,55.90,56.18,2854900,55.40
2013-11-25,57.70,57.88,56.85,57.33,2293200,56.53
2013-11-22,58.64,58.80,57.56,57.76,2048800,56.95
2013-11-21,58.50,58.87,58.33,58.73,1561300,57.91
2013-11-20,59.49,59.79,58.16,58.48,1703400,57.66
2013-11-19,60.01,60.09,59.34,59.44,1505600,58.61
2013-11-18,60.44,60.73,60.05,60.10,1278700,59.26
2013-11-15,60.46,60.91,60.19,60.51,1469900,59.66
2013-11-14,60.01,60.99,59.98,60.56,1467400,59.71
2013-11-13,59.58,59.99,59.26,59.99,2491000,59.15
2013-11-12,60.00,60.19,59.34,59.64,1683900,58.81
2013-11-11,60.41,60.84,59.92,60.08,1692900,59.24
2013-11-08,61.00,61.00,59.50,60.41,2373300,59.57
2013-11-07,62.71,62.83,61.37,61.43,1526300,60.57
2013-11-06,63.00,63.56,62.85,63.27,1411100,61.63
2013-11-05,64.71,64.75,62.70,62.85,2310900,61.22
2013-11-04,64.99,65.13,64.36,65.11,1408600,63.42
2013-11-01,64.90,65.40,64.35,64.99,1552100,63.31
2013-10-31,64.76,65.33,64.56,64.85,1599000,63.17
2013-10-30,65.15,65.45,64.54,64.62,2059100,62.95
2013-10-29,65.90,66.12,64.86,65.29,1561400,63.60
2013-10-28,66.46,66.76,65.01,65.82,1322400,64.12
2013-10-25,65.57,66.76,65.43,66.47,1666800,64.75
2013-10-24,65.31,65.62,64.80,65.58,1164100,63.88
2013-10-23,65.00,65.41,64.57,65.29,1703100,63.60
2013-10-22,64.45,65.85,64.39,65.11,1789500,63.42
2013-10-21,64.83,65.03,63.99,64.45,1821300,62.78
2013-10-18,65.59,65.61,64.66,64.85,1655800,63.17
2013-10-17,64.49,65.36,64.28,65.27,1964400,63.58
2013-10-16,63.45,64.63,63.37,64.55,1247000,62.88
2013-10-15,63.16,63.89,62.95,63.22,1448000,61.58
2013-10-14,63.14,63.53,62.64,63.38,1067400,61.74
2013-10-11,62.99,63.67,62.72,63.66,993100,62.01
2013-10-10,61.88,63.12,61.81,63.09,1278400,61.46
2013-10-09,61.76,62.06,61.30,61.42,1338700,59.83
2013-10-08,62.04,62.50,61.57,61.62,1598300,60.02
2013-10-07,61.42,62.48,61.35,62.04,1287500,60.43
2013-10-04,61.61,62.16,61.28,61.85,2542300,60.25
2013-10-03,62.78,62.78,61.34,61.58,2242300,59.99
2013-10-02,63.04,63.39,62.18,62.78,2246200,61.15
2013-10-01,62.38,63.96,62.07,63.51,1631100,61.87
2013-09-30,62.88,63.45,62.00,62.38,1483200,60.76
2013-09-27,63.62,63.89,62.62,63.18,1264700,61.54
2013-09-26,63.57,63.73,63.20,63.72,1022500,62.07
2013-09-25,63.23,64.03,63.02,63.42,1611400,61.78
2013-09-24,62.93,63.70,62.70,63.07,1870800,61.44
2013-09-23,63.58,64.28,62.92,62.92,1796800,61.29
2013-09-20,65.54,65.54,63.73,63.73,2591100,62.08
2013-09-19,65.54,66.08,65.27,65.39,2127500,63.70
2013-09-18,62.80,65.65,61.90,65.59,2483600,63.89
2013-09-17,62.74,63.30,62.50,62.82,1291000,61.19
2013-09-16,62.55,63.33,62.47,62.81,1998900,61.18
2013-09-13,61.40,61.81,61.26,61.76,922400,60.16
2013-09-12,61.77,62.15,61.20,61.29,1289900,59.70
2013-09-11,61.51,61.79,61.27,61.77,1267000,60.17
2013-09-10,62.34,62.44,61.12,61.44,1661100,59.85
2013-09-09,60.86,62.22,60.65,62.14,1670900,60.53
2013-09-06,60.39,61.48,60.35,60.83,1720800,59.26
2013-09-05,61.21,61.25,59.88,60.02,1268500,58.47
2013-09-04,60.92,61.50,60.73,61.20,1246600,59.62
2013-09-03,61.80,61.80,60.35,60.84,1722200,59.26
2013-08-30,61.27,61.86,61.20,61.44,2021200,59.85
2013-08-29,61.46,61.46,60.71,61.28,1628500,59.69
2013-08-28,61.30,62.01,60.96,61.69,1980000,60.09
2013-08-27,60.64,61.70,60.50,61.51,1390400,59.92
2013-08-26,61.46,61.50,60.91,61.07,1293000,59.49
2013-08-23,60.84,61.60,60.67,61.46,1936100,59.87
2013-08-22,60.71,60.90,60.12,60.77,2014100,59.20
2013-08-21,59.98,61.83,59.35,60.71,3024900,59.14
2013-08-20,58.43,60.21,58.43,60.01,3795100,58.46
2013-08-19,58.37,58.94,58.16,58.32,2732200,56.81
2013-08-16,59.76,59.85,58.35,58.57,3624500,57.05
2013-08-15,60.75,60.79,59.51,59.89,2200200,58.34
2013-08-14,61.80,62.04,61.17,61.20,1857300,59.62
2013-08-13,63.18,63.19,61.76,62.06,2143600,60.45
2013-08-12,63.81,63.91,62.78,63.14,1626400,61.51
2013-08-09,62.83,64.23,62.79,63.74,2286700,62.09
2013-08-08,62.75,62.90,62.29,62.81,1724500,61.18
2013-08-07,63.15,63.39,62.64,62.74,1716400,61.12
2013-08-06,63.36,64.54,63.10,63.25,1935500,61.61
2013-08-05,63.47,64.14,63.26,63.34,1344400,61.70
2013-08-02,62.80,63.86,62.80,63.37,2131700,61.73
2013-08-01,64.67,64.85,63.56,63.58,2316800,61.19
2013-07-31,65.58,65.68,63.74,64.49,1854800,62.06
2013-07-30,65.90,66.36,65.18,65.58,1149900,63.11
2013-07-29,66.09,66.24,65.52,65.55,827900,63.08
2013-07-26,65.80,66.14,65.18,66.13,892700,63.64
2013-07-25,65.56,66.04,65.11,65.78,1635200,63.31
2013-07-24,67.82,67.95,65.30,65.68,2070900,63.21
2013-07-23,67.60,68.09,67.32,67.85,1011300,65.30
2013-07-22,67.75,67.90,67.14,67.41,1692000,64.87
2013-07-19,68.71,68.75,67.65,67.77,1580600,65.22
2013-07-18,68.15,68.51,67.84,68.49,1121700,65.91
2013-07-17,67.88,68.50,67.84,68.10,1903200,65.54
2013-07-16,67.56,68.15,67.54,67.80,1301100,65.25
2013-07-15,67.14,67.67,67.00,67.57,1031000,65.03
2013-07-12,68.60,68.79,66.71,67.11,2301500,64.59
2013-07-11,66.62,68.67,66.47,68.60,2521600,66.02
2013-07-10,65.62,66.06,64.91,65.68,1809500,63.21
2013-07-09,65.15,65.82,64.93,65.72,1868700,63.25
2013-07-08,65.36,66.12,64.54,64.75,1974700,62.31
2013-07-05,66.36,66.50,63.25,65.22,2135200,62.77
2013-07-03,66.77,66.88,65.50,66.06,1448000,63.58
2013-07-02,66.44,67.45,66.35,66.87,2528300,64.35
2013-07-01,67.56,67.68,66.24,66.39,1603000,63.89
2013-06-28,67.25,67.63,66.51,67.03,2599800,64.51
2013-06-27,65.66,67.22,65.66,67.13,2075200,64.61
2013-06-26,64.87,65.63,64.81,65.49,2829600,63.03
2013-06-25,63.79,64.87,63.14,64.39,2342800,61.97
2013-06-24,62.94,64.60,61.86,63.27,2895300,60.89
2013-06-21,62.59,63.83,61.62,63.35,5343200,60.97
2013-06-20,65.07,65.07,61.85,62.10,3635300,59.76
2013-06-19,68.14,68.29,65.31,65.40,2490500,62.94
2013-06-18,67.64,68.59,67.64,68.15,1850100,65.59
2013-06-17,67.65,68.10,67.14,67.59,2075100,65.05
2013-06-14,66.90,68.10,66.73,67.37,2071800,64.84
2013-06-13,65.16,67.16,65.01,66.96,2985600,64.44
2013-06-12,67.20,67.30,65.31,65.50,1886100,63.04
2013-06-11,66.86,67.53,66.60,66.82,1507500,64.31
2013-06-10,68.28,68.44,67.01,67.32,1784200,64.79
2013-06-07,68.18,68.50,67.47,68.29,2241400,65.72
2013-06-06,67.00,67.95,66.47,67.93,2185600,65.38
2013-06-05,67.43,67.58,66.67,66.85,1564800,64.34
2013-06-04,68.77,68.94,67.58,67.60,1768400,65.06
2013-06-03,67.38,68.69,66.70,68.39,2433900,65.82
2013-05-31,69.00,69.74,67.99,68.03,4530600,65.47
2013-05-30,69.73,70.56,69.29,69.42,2272900,66.81
2013-05-29,71.20,71.20,69.25,69.74,4557100,67.12
2013-05-28,74.62,74.77,71.53,71.91,2906000,69.21
2013-05-24,73.96,74.24,72.84,74.04,3717700,71.26
2013-05-23,76.42,76.42,74.20,74.32,3814000,71.52
2013-05-22,79.14,80.07,76.83,77.29,3971400,74.38
2013-05-21,78.00,79.13,77.88,78.98,3068200,76.01
2013-05-20,77.95,78.05,77.37,77.74,1824800,74.82
2013-05-17,77.40,77.96,76.98,77.95,3777100,75.02
2013-05-16,77.05,77.40,76.69,77.02,2023600,74.12
2013-05-15,76.04,77.30,75.60,77.30,2039800,74.39
2013-05-14,75.90,76.42,75.65,76.00,2183600,73.14
2013-05-13,75.50,75.95,75.25,75.83,2100800,72.98
2013-05-10,75.25,75.48,74.75,75.48,2730300,72.64
2013-05-09,73.58,74.94,73.55,74.70,14181700,71.89
2013-05-08,74.97,75.12,73.90,74.15,2650300,71.36
2013-05-07,75.26,75.82,75.00,75.62,2007100,72.78
2013-05-06,74.85,75.43,74.67,75.12,1347500,72.29
2013-05-03,74.97,75.50,74.74,74.90,1773600,72.08
2013-05-02,75.15,76.00,75.08,75.58,1222100,72.00
2013-05-01,74.82,75.45,74.68,75.06,1515100,71.51
2013-04-30,74.34,74.98,74.01,74.97,1752900,71.42
2013-04-29,73.74,74.30,73.51,74.24,1210200,70.72
2013-04-26,73.47,73.90,73.34,73.47,1174200,69.99
2013-04-25,73.71,74.03,73.30,73.47,2314200,69.99
2013-04-24,73.60,73.88,73.25,73.86,1571900,70.36
2013-04-23,73.10,73.51,72.88,73.50,1612100,70.02
2013-04-22,72.60,72.88,72.09,72.75,1062700,69.31
2013-04-19,71.35,72.74,71.25,72.62,1762800,69.18
2013-04-18,71.45,71.50,70.84,71.11,1449100,67.74
2013-04-17,71.70,71.75,70.75,71.26,1427500,67.89
2013-04-16,70.70,71.91,70.15,71.86,1629400,68.46
2013-04-15,70.64,71.76,70.26,70.31,1910900,66.98
2013-04-12,70.85,71.22,70.70,71.11,1685000,67.74
2013-04-11,71.21,71.69,70.47,70.88,2020000,67.52
2013-04-10,70.65,71.29,70.51,71.29,1550500,67.91
2013-04-09,70.35,70.64,70.07,70.56,1546200,67.22
2013-04-08,69.77,70.26,69.17,70.21,1593400,66.89
2013-04-05,69.31,69.80,69.03,69.79,1835600,66.49
2013-04-04,69.04,70.02,68.95,69.96,1626100,66.65
2013-04-03,69.23,69.24,68.65,68.93,1496500,65.67
2013-04-02,68.86,69.11,68.45,68.97,1680300,65.70
2013-04-01,67.60,68.48,67.60,68.44,1546100,65.20
2013-03-28,67.31,67.92,66.97,67.91,1715800,64.69
2013-03-27,66.80,67.31,66.54,67.16,1459200,63.98
2013-03-26,66.38,66.93,66.32,66.93,3317300,63.76
2013-03-25,66.33,66.48,65.93,66.20,1520700,63.07
2013-03-22,65.95,66.19,65.79,66.07,1280800,62.94
2013-03-21,65.73,66.26,65.71,65.86,1591900,62.74
2013-03-20,65.60,65.82,65.43,65.82,1392200,62.70
2013-03-19,65.42,65.53,64.97,65.40,1387800,62.30
2013-03-18,65.30,65.59,65.27,65.51,1991100,62.41
2013-03-15,64.97,65.64,64.81,65.64,2763200,62.53
2013-03-14,64.91,65.45,64.90,65.23,1528600,62.14
2013-03-13,65.17,65.32,64.74,64.99,1202900,61.91
2013-03-12,65.05,65.23,64.86,65.11,1864500,62.03
2013-03-11,65.30,65.44,64.90,65.44,955000,62.34
2013-03-08,65.14,65.36,64.62,65.34,1501500,62.25
2013-03-07,65.48,65.75,65.06,65.16,1375900,62.07
2013-03-06,65.69,65.69,65.25,65.50,1147300,62.40
2013-03-05,65.65,65.71,65.29,65.56,1417700,62.46
2013-03-04,64.71,65.65,64.64,65.43,1888600,62.33
2013-03-01,63.70,64.71,63.41,64.62,2212300,61.56
2013-02-28,64.03,64.51,64.01,64.14,3112000,61.10
2013-02-27,63.35,64.13,63.20,64.01,2097600,60.98
2013-02-26,63.24,63.50,62.34,63.31,2499300,60.31
2013-02-25,64.74,64.87,63.14,63.19,2511200,60.20
2013-02-22,64.12,64.65,64.09,64.60,2391500,61.54
2013-02-21,64.12,64.22,63.75,64.05,1989000,61.02
2013-02-20,64.02,64.61,63.99,64.11,3056800,61.07
2013-02-19,63.20,63.97,63.17,63.94,2283800,60.91
2013-02-15,62.67,63.07,62.40,62.96,2717700,59.98
2013-02-14,62.67,62.78,62.33,62.45,1718400,59.49
2013-02-13,62.81,63.13,62.60,62.74,1073300,59.77
2013-02-12,62.45,62.71,62.24,62.70,1494000,59.73
2013-02-11,62.31,62.56,62.17,62.36,899800,59.41
2013-02-08,62.08,62.39,61.86,62.30,1045200,59.35
2013-02-07,62.14,62.29,61.77,61.95,1708300,59.02
2013-02-06,61.73,62.07,61.44,62.06,2079200,59.12
2013-02-05,62.70,62.70,61.89,61.98,1646100,59.05
2013-02-04,62.11,62.51,62.01,62.19,1871000,59.25
2013-02-01,62.18,62.76,62.14,62.44,2091400,59.48
2013-01-31,62.78,62.92,62.30,62.84,2392200,59.14
2013-01-30,63.07,63.17,62.46,63.01,1470200,59.30
2013-01-29,63.36,63.42,63.03,63.28,2191200,59.55
2013-01-28,62.96,63.35,62.79,63.19,1814400,59.46
2013-01-25,62.96,63.13,62.82,62.95,2625400,59.24
2013-01-24,62.95,63.24,62.78,62.90,1360400,59.19
2013-01-23,62.76,62.94,62.68,62.91,1316400,59.20
2013-01-22,62.17,62.98,62.00,62.97,1749300,59.26
2013-01-18,62.07,62.56,61.78,62.03,2790800,58.37
2013-01-17,61.80,62.32,61.65,62.07,1727800,58.41
2013-01-16,61.07,61.60,61.01,61.53,1447500,57.90
2013-01-15,62.02,62.02,61.60,61.81,1636500,58.17
2013-01-14,61.95,62.08,61.79,61.94,1394400,58.29
2013-01-11,62.15,62.35,61.69,61.93,1389100,58.28
2013-01-10,62.00,62.06,61.60,61.99,1466100,58.34
2013-01-09,61.81,61.89,61.37,61.49,1379900,57.87
2013-01-08,61.55,61.96,61.39,61.68,1079600,58.04
2013-01-07,61.70,62.00,61.40,61.56,1752500,57.93
2013-01-04,61.40,61.77,61.22,61.73,1140400,58.09
2013-01-03,61.22,61.58,60.95,61.40,1475600,57.78
2013-01-02,62.08,62.23,60.78,61.13,2042400,57.53
2012-12-31,60.64,61.33,60.43,61.29,2108300,57.68
2012-12-28,60.27,61.00,60.27,60.83,1937300,57.24
2012-12-27,60.38,60.88,59.87,60.73,1598400,57.15
2012-12-26,60.53,60.69,60.04,60.42,1152000,56.86
2012-12-24,60.51,60.72,60.13,60.50,832600,56.93
2012-12-21,59.81,61.00,59.67,60.50,4808500,56.93
2012-12-20,59.22,60.25,59.13,60.25,1492800,56.70
2012-12-19,59.22,59.57,59.12,59.16,1339500,55.67
2012-12-18,58.55,59.27,58.53,59.27,1742500,55.78
2012-12-17,58.42,58.70,58.17,58.53,1868300,55.08
2012-12-14,58.82,58.89,58.19,58.25,1719300,54.82
2012-12-13,59.41,59.83,58.51,58.73,1852300,55.27
2012-12-12,59.94,60.00,59.33,59.53,2085600,56.02
2012-12-11,59.76,60.06,59.62,59.83,1475800,56.30
2012-12-10,59.73,60.06,59.48,59.70,1426000,56.18
2012-12-07,59.62,59.92,59.49,59.75,2266400,56.23
2012-12-06,59.10,59.60,59.10,59.59,1547600,56.08
2012-12-05,59.25,59.35,58.70,59.04,1483700,55.56
2012-12-04,59.12,59.63,59.04,59.26,1358300,55.77
2012-12-03,59.00,59.54,59.00,59.28,1779500,55.79
2012-11-30,59.06,59.66,58.89,58.89,6282700,55.42
2012-11-29,59.36,59.44,58.44,59.01,2199200,55.53
2012-11-28,59.24,59.24,58.53,59.05,2043400,55.57
2012-11-27,59.90,59.91,58.79,59.29,2678600,55.79
2012-11-26,59.99,60.73,59.53,59.93,2055700,56.40
2012-11-23,60.08,60.45,59.67,60.26,670800,56.71
2012-11-21,60.55,60.69,59.60,59.87,1330200,56.34
2012-11-20,60.17,60.66,59.94,60.45,1319900,56.89
2012-11-19,60.05,60.44,59.82,60.08,1597000,56.54
2012-11-16,58.83,59.66,58.52,59.56,3130100,56.05
2012-11-15,58.80,59.20,58.45,58.78,2248900,55.31
2012-11-14,59.41,59.41,58.64,58.82,1835200,55.35
2012-11-13,58.88,59.71,58.69,59.37,1580300,55.87
2012-11-12,58.74,59.16,58.38,58.94,983700,55.47
2012-11-09,58.50,59.05,58.00,58.64,1586200,55.18
2012-11-08,59.07,59.24,58.53,58.65,2095500,55.19
2012-11-07,58.38,59.55,58.34,59.25,2200700,55.76
2012-11-06,58.35,58.97,58.18,58.67,1504000,55.21
2012-11-05,58.80,58.89,58.05,58.35,1266200,54.91
2012-11-02,58.94,59.42,58.83,59.10,1719400,55.62
2012-11-01,59.51,59.70,59.02,59.37,1735300,55.17
2012-10-31,58.90,60.12,58.70,59.43,2030200,55.23
2012-10-26,58.78,58.84,57.82,58.26,2054700,54.14
2012-10-25,59.23,59.44,58.20,58.75,1181500,54.60
2012-10-24,59.19,59.33,58.67,58.90,979700,54.74
2012-10-23,59.43,59.54,58.59,59.00,1321600,54.83
2012-10-22,59.72,59.99,59.36,59.83,957800,55.60
2012-10-19,60.68,60.91,59.77,59.77,1908900,55.55
2012-10-18,59.37,60.59,59.37,60.53,1579200,56.25
2012-10-17,59.48,59.50,58.85,59.31,1728200,55.12
2012-10-16,59.88,59.97,59.58,59.97,1261600,55.73
2012-10-15,59.02,59.81,58.85,59.70,1330500,55.48
2012-10-12,59.44,59.66,58.99,59.04,1577200,54.87
2012-10-11,59.86,59.86,59.31,59.39,1248100,55.19
2012-10-10,59.58,59.75,59.21,59.50,1578400,55.29
2012-10-09,59.62,60.00,59.57,59.59,1302600,55.38
2012-10-08,59.42,59.79,59.08,59.65,1026600,55.43
2012-10-05,59.72,59.99,59.45,59.63,1680500,55.42
2012-10-04,59.60,59.89,59.42,59.58,2109600,55.37
2012-10-03,58.95,59.62,58.64,59.51,3367400,55.30
2012-10-02,57.77,58.61,57.56,58.61,2919400,54.47
2012-10-01,57.92,57.92,56.88,57.51,2022000,53.45
2012-09-28,57.66,57.75,57.19,57.74,4268200,53.66
2012-09-27,57.86,57.99,57.57,57.69,2592900,53.61
2012-09-26,57.26,57.82,57.26,57.68,10295700,53.60
2012-09-25,58.00,58.20,57.12,57.13,4035100,53.09
2012-09-24,57.76,58.18,57.42,58.03,2721300,53.93
2012-09-21,57.45,57.77,57.21,57.74,4495700,53.66
2012-09-20,57.39,57.68,57.02,57.27,5078100,53.22
2012-09-19,56.85,57.40,56.70,57.25,16059400,53.20
2012-09-18,57.34,57.50,56.48,56.69,4229300,52.68
2012-09-17,58.50,58.95,58.07,58.21,1109700,54.10
2012-09-14,59.57,59.94,58.48,58.50,1905400,54.37
2012-09-13,58.50,59.44,58.48,59.36,1808200,55.16
2012-09-12,58.62,58.64,58.21,58.43,1224900,54.30
2012-09-11,58.15,58.52,57.96,58.45,1295200,54.32
2012-09-10,58.71,58.73,58.00,58.00,1641900,53.90
2012-09-07,59.24,59.25,58.60,58.66,1188300,54.51
2012-09-06,59.07,59.34,58.87,59.20,1434700,55.02
2012-09-05,59.12,59.28,58.59,58.86,944800,54.70
2012-09-04,58.42,59.06,58.26,58.99,1113000,54.82
2012-08-31,58.49,58.74,58.10,58.44,2225400,54.31
2012-08-30,58.14,58.43,58.07,58.31,1315400,54.19
2012-08-29,58.08,58.52,58.06,58.27,890300,54.15
2012-08-28,58.17,58.30,57.80,58.22,1214100,54.11
2012-08-27,58.30,58.49,58.10,58.37,977700,54.24
2012-08-24,57.21,58.28,57.16,58.14,1723600,54.03
2012-08-23,57.68,57.83,57.13,57.22,3521200,53.18
2012-08-22,59.03,59.34,57.41,58.14,4733800,54.03
2012-08-21,59.91,60.08,59.62,59.75,1133600,55.53
2012-08-20,60.05,60.07,59.44,59.88,1191600,55.65
2012-08-17,60.31,60.31,59.45,59.95,1447200,55.71
2012-08-16,59.75,60.21,59.46,60.17,1665000,55.92
2012-08-15,59.61,59.79,59.36,59.61,1248600,55.40
2012-08-14,59.70,59.90,59.40,59.50,2112900,55.29
2012-08-13,59.58,59.84,59.12,59.50,1386100,55.29
2012-08-10,59.76,59.95,59.45,59.66,1405600,55.44
2012-08-09,59.12,59.99,59.12,59.79,2364900,55.56
2012-08-08,59.31,59.35,58.87,59.08,2871600,54.90
2012-08-07,59.20,59.30,58.62,59.21,11349600,55.03
2012-08-06,61.60,62.13,60.58,60.60,1950200,56.32
2012-08-03,62.10,62.19,60.98,61.20,1451000,56.87
2012-08-02,61.77,62.19,61.36,62.19,1483300,57.11
2012-08-01,62.40,62.80,61.84,61.92,1561400,56.86
2012-07-31,62.55,62.55,62.01,62.23,1776500,57.14
2012-07-30,61.71,62.52,61.67,62.24,1206300,57.15
2012-07-27,61.35,61.99,61.26,61.83,1382500,56.78
2012-07-26,61.40,61.59,60.68,61.05,1575600,56.06
2012-07-25,60.90,61.17,60.44,60.87,1554900,55.89
2012-07-24,60.83,61.22,60.54,60.85,2221600,55.88
2012-07-23,60.00,60.97,59.93,60.85,1551700,55.88
2012-07-20,60.39,60.58,60.24,60.47,2015400,55.53
2012-07-19,60.84,60.98,60.32,60.75,1614400,55.78
2012-07-18,61.42,61.46,60.70,60.85,1529600,55.88
2012-07-17,60.95,61.89,60.76,61.54,1909500,56.51
2012-07-16,60.60,61.19,60.50,60.95,1589600,55.97
2012-07-13,59.56,60.70,59.48,60.61,1635000,55.66
2012-07-12,58.87,59.80,58.63,59.56,1397100,54.69
2012-07-11,58.64,59.33,58.35,59.15,1653100,54.32
2012-07-10,59.60,59.60,58.44,58.65,1506900,53.86
2012-07-09,59.14,59.49,58.85,59.47,1323100,54.61
2012-07-06,58.08,59.12,58.04,59.01,992800,54.19
2012-07-05,59.18,59.25,58.44,58.51,1268200,53.73
2012-07-03,59.21,59.45,58.82,59.18,862600,54.34
2012-07-02,58.52,59.19,58.28,59.07,1831500,54.24
2012-06-29,57.95,58.34,57.91,58.30,1935500,53.53
2012-06-28,56.29,57.43,55.94,57.40,1627000,52.71
2012-06-27,56.59,56.75,56.22,56.59,1161300,51.96
2012-06-26,56.36,56.73,55.95,56.40,1275900,51.79
2012-06-25,56.26,56.55,55.89,56.35,1096200,51.74
2012-06-22,56.61,56.75,56.11,56.50,1398300,51.88
2012-06-21,57.15,57.44,56.34,56.42,2101800,51.81
2012-06-20,57.40,57.49,56.84,57.00,1529000,52.34
2012-06-19,57.80,57.80,57.00,57.30,1890300,52.62
2012-06-18,56.83,57.81,56.54,57.62,1872000,52.91
2012-06-15,56.79,56.90,56.34,56.80,2610200,52.16
2012-06-14,55.89,56.79,55.44,56.59,2975400,51.96
2012-06-13,55.37,56.21,55.18,55.82,1731200,51.26
2012-06-12,55.21,55.41,54.82,55.41,1044200,50.88
2012-06-11,56.25,56.30,55.03,55.07,1297700,50.57
2012-06-08,55.03,55.96,55.03,55.96,1341000,51.39
2012-06-07,55.94,56.08,55.11,55.20,1132300,50.69
2012-06-06,55.00,55.52,54.51,55.51,2163300,50.97
2012-06-05,53.66,54.79,53.51,54.54,1224700,50.08
2012-06-04,54.18,54.38,53.52,53.82,1437300,49.42
2012-06-01,54.52,54.87,54.17,54.24,1611400,49.81
2012-05-31,54.75,55.88,54.39,55.47,2088200,50.94
2012-05-30,55.42,55.57,54.71,54.73,1198200,50.26
2012-05-29,55.45,55.92,55.23,55.90,949000,51.33
2012-05-25,55.45,55.78,54.92,55.22,998900,50.71
2012-05-24,55.60,55.97,55.02,55.63,915900,51.08
2012-05-23,54.75,55.52,54.36,55.46,1277700,50.93
2012-05-22,55.07,55.42,54.84,55.10,1383300,50.60
2012-05-21,54.16,55.04,54.01,54.93,1468000,50.44
2012-05-18,54.46,54.86,53.72,53.89,1485400,49.49
2012-05-17,55.20,55.38,54.21,54.22,1727700,49.79
2012-05-16,55.86,56.09,55.03,55.08,1335000,50.58
2012-05-15,55.90,56.00,55.46,55.57,1080300,51.03
2012-05-14,55.77,56.35,55.57,55.83,1286000,51.27
2012-05-11,56.02,56.50,55.77,56.28,1162300,51.68
2012-05-10,56.47,56.50,55.87,56.24,1773900,51.64
2012-05-09,55.62,56.39,55.29,55.99,1399300,51.41
2012-05-08,56.01,56.46,55.30,55.90,1764400,51.33
2012-05-07,56.15,56.86,56.15,56.65,1213800,52.02
2012-05-04,56.14,56.55,56.00,56.21,1562500,51.62
2012-05-03,56.95,57.31,56.93,56.98,1884600,51.64
2012-05-02,57.18,57.30,56.65,56.87,1903700,51.54
2012-05-01,56.74,57.95,56.69,57.47,2134300,52.09
2012-04-30,56.73,56.83,56.41,56.70,1674100,51.39
2012-04-27,56.76,56.91,56.46,56.72,1589700,51.41
2012-04-26,55.94,56.75,55.75,56.64,1720900,51.33
2012-04-25,55.26,55.99,55.25,55.99,1820100,50.75
2012-04-24,54.17,55.06,54.17,55.06,1380500,49.90
2012-04-23,54.28,54.42,53.80,54.12,1405200,49.05
2012-04-20,54.08,54.96,54.08,54.72,1237500,49.59
2012-04-19,53.85,54.26,53.75,53.95,1615600,48.90
2012-04-18,54.06,54.22,53.81,53.81,1133900,48.77
2012-04-17,54.25,54.27,53.73,54.20,1276900,49.12
2012-04-16,53.58,54.07,53.45,53.85,1313600,48.81
2012-04-13,53.65,53.65,53.22,53.22,1118100,48.24
2012-04-12,53.05,53.68,52.88,53.68,1411600,48.65
2012-04-11,52.80,53.10,52.52,53.07,1417400,48.10
2012-04-10,53.30,53.43,52.40,52.40,2461700,47.49
2012-04-09,52.75,53.49,52.55,53.26,1322800,48.27
2012-04-05,53.52,53.65,53.30,53.46,1152000,48.45
2012-04-04,54.19,54.32,53.55,53.55,1696100,48.53
2012-04-03,55.04,55.04,54.29,54.42,1794700,49.32
2012-04-02,54.84,54.95,54.55,54.91,1420800,49.77
2012-03-30,54.68,55.00,54.60,54.96,1396000,49.81
2012-03-29,54.65,54.84,54.14,54.41,1231400,49.31
2012-03-28,54.71,54.90,54.33,54.89,1909200,49.75
2012-03-27,54.60,55.18,54.47,54.81,2299200,49.68
2012-03-26,54.48,54.63,54.14,54.44,1219600,49.34
2012-03-23,53.83,54.35,53.51,54.08,1627000,49.01
2012-03-22,54.15,54.15,53.55,53.65,1921300,48.62
2012-03-21,54.82,54.92,54.35,54.35,1672000,49.26
2012-03-20,54.79,55.14,54.67,54.74,2363700,49.61
2012-03-19,54.59,55.20,54.40,54.96,2179300,49.81
2012-03-16,54.36,54.85,54.18,54.81,5096900,49.68
2012-03-15,54.45,54.56,54.05,54.45,1835900,49.35
2012-03-14,55.20,55.27,54.36,54.56,2841900,49.45
2012-03-13,54.75,55.33,54.49,55.17,2496200,50.00
2012-03-12,54.34,54.90,54.31,54.49,1712900,49.39
2012-03-09,54.05,54.45,54.00,54.35,2501300,49.26
2012-03-08,54.38,54.47,53.80,53.93,1790200,48.88
2012-03-07,54.20,54.25,53.71,54.20,1468900,49.12
2012-03-06,54.66,54.93,53.93,54.06,2001700,49.00
2012-03-05,54.58,55.13,54.39,55.10,1554200,49.94
2012-03-02,54.75,54.93,54.35,54.68,1581600,49.56
2012-03-01,54.58,54.98,54.38,54.96,2153400,49.81
2012-02-29,54.46,54.58,54.07,54.44,3987900,49.34
2012-02-28,54.70,54.89,54.05,54.22,2069300,49.14
2012-02-27,54.29,54.76,53.88,54.71,2182400,49.59
2012-02-24,54.36,54.51,53.61,54.30,2725000,49.21
2012-02-23,53.53,54.39,53.37,54.38,3190400,49.29
2012-02-22,53.58,53.74,53.26,53.49,17590200,48.48
2012-02-21,54.51,54.84,54.00,54.19,3147200,49.11
2012-02-17,55.68,55.77,54.80,55.46,1612100,50.27
2012-02-16,56.32,56.75,55.41,55.62,2115800,50.41
2012-02-15,56.86,56.90,56.17,56.24,1383100,50.97
2012-02-14,57.06,57.10,56.41,56.64,1002800,51.33
2012-02-13,56.89,57.33,56.86,57.19,981800,51.83
2012-02-10,56.64,57.06,56.30,56.45,1432900,51.16
2012-02-09,57.40,57.66,56.86,57.08,1524300,51.73
2012-02-08,57.40,57.44,57.00,57.36,1650200,51.99
2012-02-07,56.88,57.44,56.78,57.31,1560800,51.94
2012-02-06,56.77,57.05,56.54,56.91,1557900,51.58
2012-02-03,57.26,57.26,56.59,56.89,2542600,51.56
2012-02-02,57.32,57.62,57.02,57.23,1829500,51.20
2012-02-01,57.43,57.55,56.96,57.18,1940400,51.15
2012-01-31,56.93,57.29,56.78,57.21,2001200,51.18
2012-01-30,56.78,57.24,56.54,56.82,1653900,50.83
2012-01-27,57.27,57.43,56.65,57.25,1092300,51.22
2012-01-26,56.98,57.48,56.74,57.33,2600300,51.29
2012-01-25,55.47,56.70,55.23,56.64,1841500,50.67
2012-01-24,54.97,55.57,54.94,55.47,1916300,49.62
2012-01-23,55.10,55.36,54.91,55.15,1436100,49.34
2012-01-20,55.13,55.21,54.67,55.10,2533500,49.29
2012-01-19,55.85,55.98,55.11,55.14,1859500,49.33
2012-01-18,55.00,55.74,54.88,55.72,1874000,49.85
2012-01-17,55.97,56.14,55.34,55.70,1308000,49.83
2012-01-13,55.03,55.59,54.92,55.53,1404000,49.68
2012-01-12,55.78,55.78,54.73,55.25,1334500,49.43
2012-01-11,55.26,55.56,54.88,55.50,1285600,49.65
2012-01-10,55.08,55.70,54.82,55.32,1876400,49.49
2012-01-09,54.44,54.51,54.05,54.46,1318100,48.72
2012-01-06,54.18,54.48,54.03,54.23,1549900,48.52
2012-01-05,53.63,54.37,53.60,54.24,2231500,48.52
2012-01-04,54.75,54.75,53.76,53.77,1949100,48.10
2012-01-03,55.21,55.76,54.75,55.10,1942200,49.29
2011-12-30,54.87,55.17,54.53,54.53,1079500,48.78
2011-12-29,54.18,54.69,54.16,54.64,976600,48.88
2011-12-28,54.54,54.73,54.02,54.04,948300,48.35
2011-12-27,53.98,54.87,53.76,54.55,797500,48.80
2011-12-23,53.79,54.03,53.66,54.03,1057900,48.34
2011-12-22,52.90,53.72,52.78,53.69,1555500,48.03
2011-12-21,52.68,52.85,52.34,52.76,1585700,47.20
2011-12-20,52.10,52.62,51.96,52.60,1767200,47.06
2011-12-19,52.09,52.12,51.38,51.46,1138300,46.04
2011-12-16,51.40,52.04,51.18,52.04,3717500,46.56
2011-12-15,51.14,51.49,50.82,51.18,1796300,45.79
2011-12-14,50.12,51.14,50.08,50.67,1942000,45.33
2011-12-13,50.74,50.98,50.03,50.36,1580400,45.05
2011-12-12,50.27,50.46,49.77,50.41,1645700,45.10
2011-12-09,49.98,50.90,49.92,50.74,2390900,45.39
2011-12-08,50.00,50.02,49.41,49.64,2603500,44.41
2011-12-07,49.77,50.37,49.40,50.25,1314400,44.95
2011-12-06,49.57,50.08,49.33,49.81,2922600,44.56
2011-12-05,50.19,50.28,49.32,49.61,1732300,44.38
2011-12-02,50.09,50.24,49.50,49.53,2552000,44.31
2011-12-01,50.00,50.00,49.31,49.78,1173700,44.53
2011-11-30,49.54,50.23,49.26,50.17,2941100,44.88
2011-11-29,48.93,48.95,48.32,48.48,1280600,43.37
2011-11-28,49.21,49.29,48.17,48.67,2199900,43.54
2011-11-25,47.13,48.34,47.13,47.81,690400,42.77
2011-11-23,47.71,47.85,47.08,47.16,1608600,42.19
2011-11-22,48.23,48.53,47.60,48.16,1616800,43.08
2011-11-21,48.39,48.45,47.81,48.13,2057100,43.06
2011-11-18,49.08,49.27,48.52,49.12,1833000,43.94
2011-11-17,49.70,49.79,48.55,48.80,2041900,43.66
2011-11-16,49.85,50.42,49.51,49.74,1727100,44.50
2011-11-15,49.83,50.41,49.50,50.05,1943600,44.78
2011-11-14,50.93,50.94,49.72,49.93,2133100,44.67
2011-11-11,50.32,51.19,49.91,51.10,2560200,45.71
2011-11-10,50.40,50.57,49.20,49.55,2047300,44.33
2011-11-09,50.11,50.49,49.50,49.70,2839900,44.46
2011-11-08,50.50,51.22,49.96,51.14,2833900,45.75
2011-11-07,50.27,50.48,49.75,50.24,3793500,44.95
2011-11-04,50.33,50.58,50.00,50.00,12290000,44.73
2011-11-03,53.41,53.77,51.90,52.99,1691000,46.77
2011-11-02,52.48,52.99,51.49,52.24,2691400,46.10
2011-11-01,50.85,52.26,50.68,51.42,3184500,45.38
2011-10-31,52.43,53.88,52.35,52.69,2561600,46.50
2011-10-28,52.66,53.62,52.66,53.54,2170700,47.25
2011-10-27,52.29,53.05,51.97,52.79,3339400,46.59
2011-10-26,51.00,51.28,50.48,51.10,2101400,45.10
2011-10-25,50.10,50.86,49.86,50.44,2234300,44.52
2011-10-24,50.00,50.94,49.72,50.86,1575100,44.89
2011-10-21,48.82,49.93,48.79,49.90,1998000,44.04
2011-10-20,48.02,48.42,47.20,48.34,1938600,42.66
2011-10-19,48.34,48.47,47.69,47.92,1680100,42.29
2011-10-18,47.23,48.28,47.02,48.16,2403000,42.50
2011-10-17,47.78,48.07,46.98,47.11,1904800,41.58
2011-10-14,47.75,48.23,47.59,48.13,1709300,42.48
2011-10-13,47.25,47.51,46.50,47.23,1767200,41.68
2011-10-12,47.60,48.24,47.25,47.53,2141900,41.95
2011-10-11,47.75,47.91,46.93,47.30,2502100,41.74
2011-10-10,46.96,48.21,46.64,48.20,2873100,42.54
2011-10-07,47.36,47.46,45.73,46.09,3114400,40.68
2011-10-06,46.44,47.27,45.90,47.20,1974300,41.66
2011-10-05,46.75,46.98,44.80,46.51,3061100,41.05
2011-10-04,44.65,46.59,43.65,46.49,3400000,41.03
2011-10-03,46.62,47.26,45.00,45.03,3512300,39.74
2011-09-30,47.62,48.35,46.80,46.80,2821100,41.30
2011-09-29,48.29,48.69,47.83,48.66,2242000,42.94
2011-09-28,48.80,48.86,47.33,47.41,1959500,41.84
2011-09-27,48.72,49.34,48.25,48.54,1900100,42.84
2011-09-26,47.52,48.00,46.88,48.00,2769400,42.36
2011-09-23,46.62,47.01,46.20,46.90,1743500,41.39
2011-09-22,47.11,47.73,46.15,46.78,2975600,41.29
2011-09-21,50.82,50.96,48.06,48.07,2281900,42.42
2011-09-20,50.59,51.49,50.32,50.67,1448600,44.72
2011-09-19,50.33,50.80,50.16,50.36,1568400,44.45
2011-09-16,50.16,51.22,49.88,51.19,2370200,45.18
2011-09-15,49.85,50.14,49.48,50.07,2063700,44.19
2011-09-14,49.48,49.83,48.62,49.55,1602300,43.73
2011-09-13,49.34,49.57,48.88,49.19,2002900,43.41
2011-09-12,48.68,49.31,48.12,49.20,2144400,43.42
2011-09-09,49.90,50.51,48.75,49.17,2429300,43.39
2011-09-08,51.08,51.53,50.48,50.55,2365900,44.61
2011-09-07,50.50,51.30,49.68,51.27,2229500,45.25
2011-09-06,48.03,49.78,47.93,49.60,1983200,43.77
2011-09-02,48.82,49.87,48.82,49.24,2066300,43.46
2011-09-01,51.09,51.10,49.68,49.89,2211600,44.03
2011-08-31,50.92,51.31,50.44,50.96,3013200,44.97
2011-08-30,49.86,50.88,49.49,50.67,1700900,44.72
2011-08-29,49.25,50.08,49.02,50.04,1913600,44.16
2011-08-26,47.63,48.66,46.56,48.62,1923600,42.91
2011-08-25,48.51,48.98,47.56,47.88,3091900,42.26
2011-08-24,47.66,48.50,47.60,48.40,2397700,42.72
2011-08-23,46.65,47.64,46.27,47.64,2451200,42.04
2011-08-22,46.66,46.98,45.37,46.42,2649700,40.97
2011-08-19,46.06,46.85,45.64,45.84,2553700,40.46
2011-08-18,46.80,47.34,45.64,46.07,3400400,40.66
2011-08-17,47.98,48.43,47.47,47.92,1543200,42.29
2011-08-16,47.10,48.16,46.61,47.78,3261000,42.17
2011-08-15,46.19,47.82,46.13,47.73,2584300,42.12
2011-08-12,45.65,46.32,45.15,45.88,2694000,40.49
2011-08-11,43.78,46.12,43.56,45.17,4956300,39.86
2011-08-10,44.79,45.45,43.26,43.40,6064300,38.30
2011-08-09,41.75,44.94,41.31,44.90,5527400,39.63
2011-08-08,44.34,44.46,41.03,41.11,5901300,36.28
2011-08-05,46.84,47.05,45.15,45.70,5153900,40.33
2011-08-04,49.08,49.49,47.20,47.30,4255900,41.11
2011-08-03,47.99,48.55,47.13,48.42,3094300,42.09
2011-08-02,47.94,48.55,47.76,48.15,3512800,41.85
2011-08-01,50.74,51.13,47.55,48.31,9416500,41.99
2011-07-29,52.11,52.88,51.70,52.78,1238500,45.88
2011-07-28,52.97,53.20,52.21,52.58,1573500,45.70
2011-07-27,53.91,54.00,52.81,52.91,1760000,45.99
2011-07-26,53.92,54.24,53.63,54.04,1047800,46.97
2011-07-25,53.99,54.25,53.62,54.04,1167200,46.97
2011-07-22,54.26,54.63,54.10,54.40,1192300,47.28
2011-07-21,53.91,54.38,53.82,54.27,1502400,47.17
2011-07-20,53.39,53.71,53.12,53.55,1093100,46.55
2011-07-19,52.58,53.35,52.46,53.33,1675300,46.35
2011-07-18,52.47,52.57,51.85,52.49,1470500,45.62
2011-07-15,52.14,52.60,51.84,52.57,1432500,45.69
2011-07-14,52.36,52.36,51.86,51.94,1455500,45.15
2011-07-13,52.91,52.94,52.07,52.17,1649200,45.35
2011-07-12,52.67,53.20,52.58,52.71,3050600,45.82
2011-07-11,52.93,53.17,52.65,52.77,1603700,45.87
2011-07-08,53.19,53.56,53.02,53.49,1350400,46.49
2011-07-07,53.76,53.84,53.50,53.79,1188100,46.75
2011-07-06,52.78,53.37,52.66,53.30,1338500,46.33
2011-07-05,52.87,52.98,52.50,52.91,1745000,45.99
2011-07-01,52.44,52.80,52.17,52.75,2344100,45.85
2011-06-30,52.98,52.98,52.39,52.43,1983700,45.57
2011-06-29,52.70,53.00,52.46,52.84,1319900,45.93
2011-06-28,52.29,52.47,52.01,52.44,1047700,45.58
2011-06-27,52.27,52.51,52.07,52.21,1101500,45.38
2011-06-24,52.16,52.35,51.84,52.27,1744500,45.43
2011-06-23,52.60,52.65,51.53,52.14,2220100,45.32
2011-06-22,53.38,53.77,53.13,53.18,1346900,46.22
2011-06-21,53.31,53.49,52.86,53.42,1598700,46.43
2011-06-20,52.12,53.34,52.04,52.98,2054300,46.05
2011-06-17,52.27,52.33,51.66,52.20,2327700,45.37
2011-06-16,50.94,51.86,50.81,51.69,2293600,44.93
2011-06-15,51.13,51.36,50.57,50.92,2356200,44.26
2011-06-14,50.99,51.66,50.84,51.51,1791100,44.77
2011-06-13,49.96,50.72,49.96,50.48,2286500,43.88
2011-06-10,50.97,51.33,49.79,49.85,1874900,43.33
2011-06-09,51.65,51.73,51.06,51.13,1748500,44.44
2011-06-08,51.43,51.83,51.21,51.57,983500,44.82
2011-06-07,51.37,51.83,51.37,51.46,903600,44.73
2011-06-06,51.96,51.99,51.13,51.20,1153100,44.50
2011-06-03,51.09,52.20,51.09,51.95,1726300,45.16
2011-06-02,52.08,52.59,51.58,51.59,1747500,44.84
2011-06-01,53.04,53.04,52.11,52.14,2334500,45.32
2011-05-31,52.72,53.20,52.32,53.19,1818400,46.23
2011-05-27,52.01,52.33,51.80,52.30,947900,45.46
2011-05-26,51.77,52.22,51.45,52.02,1256900,45.22
2011-05-25,51.68,51.90,51.26,51.80,1373000,45.02
2011-05-24,51.40,52.04,51.35,51.98,2407100,45.18
2011-05-23,51.10,51.58,51.00,51.33,1671400,44.62
2011-05-20,51.72,51.83,51.35,51.41,1799900,44.69
2011-05-19,51.53,51.78,51.35,51.71,1278500,44.95
2011-05-18,51.14,51.66,50.77,51.49,1348900,44.76
2011-05-17,50.72,51.14,50.55,51.14,1855700,44.45
2011-05-16,50.61,51.19,50.50,50.80,1563900,44.16
2011-05-13,51.43,51.58,50.61,50.65,1952900,44.03
2011-05-12,51.16,51.91,51.00,51.71,1736500,44.95
2011-05-11,51.32,51.45,51.12,51.30,1763100,44.59
2011-05-10,51.39,51.60,51.22,51.30,2575600,44.59
2011-05-09,51.38,51.65,51.11,51.18,1754300,44.49
2011-05-06,52.40,52.48,50.65,51.25,3585400,44.55
2011-05-05,53.15,53.15,52.37,52.60,1959200,45.10
2011-05-04,53.53,53.84,53.28,53.38,1129300,45.77
2011-05-03,54.00,54.26,52.98,53.50,2218800,45.87
2011-05-02,54.09,54.17,53.54,54.06,1430000,46.35
2011-04-29,54.87,54.87,53.26,53.77,2968900,46.10
2011-04-28,54.58,55.21,54.52,54.98,1607700,47.14
2011-04-27,54.25,54.82,54.24,54.55,1877100,46.77
2011-04-26,53.64,54.21,53.42,54.14,2100000,46.42
2011-04-25,53.43,53.63,53.13,53.45,1073800,45.83
2011-04-21,53.44,53.51,53.08,53.44,1651000,45.82
2011-04-20,53.45,53.49,52.89,53.28,1252100,45.68
2011-04-19,52.68,53.03,52.58,53.01,1204500,45.45
2011-04-18,52.47,52.83,52.28,52.68,1473800,45.17
2011-04-15,52.26,52.88,52.20,52.88,1986600,45.34
2011-04-14,51.63,52.30,51.60,52.17,1969500,44.73
2011-04-13,52.03,52.12,51.71,51.73,1486400,44.35
2011-04-12,51.81,52.19,51.66,51.81,2189100,44.42
2011-04-11,52.05,52.39,51.86,52.00,2434800,44.58
2011-04-08,52.73,52.81,51.88,51.95,2080300,44.54
2011-04-07,52.77,52.84,52.00,52.43,1562700,44.95
2011-04-06,53.02,53.08,52.63,52.74,1447900,45.22
2011-04-05,52.45,53.10,52.45,52.80,1854800,45.27
2011-04-04,52.38,52.64,52.35,52.41,2242900,44.94
2011-04-01,52.61,52.71,52.01,52.30,1742700,44.84
2011-03-31,52.27,52.74,52.18,52.44,3777600,44.96
2011-03-30,52.04,52.63,51.70,52.38,1843300,44.91
2011-03-29,51.55,51.91,51.03,51.86,1917500,44.46
2011-03-28,51.39,51.82,51.39,51.65,1996600,44.28
2011-03-25,50.88,51.38,50.76,51.31,1762700,43.99
2011-03-24,50.74,50.86,50.17,50.75,1686300,43.51
2011-03-23,50.97,51.08,50.33,50.45,2407100,43.26
2011-03-22,51.73,51.73,50.94,50.97,2513700,43.70
2011-03-21,52.08,52.10,51.68,51.75,1841500,44.37
2011-03-18,51.37,51.72,51.00,51.69,4839300,44.32
2011-03-17,51.32,51.49,50.50,50.90,1814600,43.64
2011-03-16,51.71,51.75,50.64,50.65,2482900,43.43
2011-03-15,51.37,52.09,51.10,51.75,1590800,44.37
2011-03-14,52.00,52.23,51.72,52.11,1204700,44.68
2011-03-11,51.46,52.29,51.35,52.16,1690600,44.72
2011-03-10,51.91,51.91,51.52,51.64,2408400,44.28
2011-03-09,52.01,52.23,51.57,52.15,2058700,44.71
2011-03-08,51.45,52.39,51.27,51.98,2720500,44.57
2011-03-07,51.68,51.84,50.89,51.28,2284200,43.97
2011-03-04,51.40,51.60,50.90,51.43,2606400,44.10
2011-03-03,51.61,51.84,50.92,51.33,4795100,44.01
2011-03-02,50.66,51.40,50.50,50.87,24268600,43.62
2011-03-01,51.30,51.92,50.85,50.85,8458700,43.60
2011-02-28,51.12,52.24,50.91,52.22,2466000,44.77
2011-02-25,49.95,50.86,49.87,50.86,1135000,43.61
2011-02-24,49.63,49.95,49.32,49.77,1364600,42.67
2011-02-23,50.17,50.38,49.56,49.76,1281700,42.66
2011-02-22,49.97,50.36,49.83,50.14,1482300,42.99
2011-02-18,49.85,50.27,49.76,50.25,2213300,43.08
2011-02-17,49.97,49.98,49.44,49.54,1743100,42.48
2011-02-16,49.69,50.14,49.64,49.98,1960700,42.85
2011-02-15,49.02,49.56,48.87,49.50,1507600,42.44
2011-02-14,49.32,49.43,49.08,49.20,1239400,42.18
2011-02-11,49.30,49.50,49.18,49.39,734200,42.35
2011-02-10,49.28,49.44,49.02,49.40,906000,42.36
2011-02-09,49.00,49.40,48.89,49.40,823700,42.36
2011-02-08,48.75,49.13,48.72,49.04,983400,42.05
2011-02-07,48.50,48.82,48.35,48.72,1171500,41.77
2011-02-04,48.80,48.81,48.14,48.31,1230400,41.42
2011-02-03,49.08,49.47,49.00,49.34,1162200,41.71
2011-02-02,49.49,49.54,49.05,49.11,798200,41.52
2011-02-01,49.43,49.67,48.79,49.59,1349200,41.92
2011-01-31,48.73,49.16,48.63,49.08,1087000,41.49
2011-01-28,49.11,49.27,48.40,48.50,1186000,41.00
2011-01-27,48.77,49.28,48.64,49.17,1393700,41.57
2011-01-26,48.60,48.75,48.38,48.57,1011600,41.06
2011-01-25,47.82,48.50,47.48,48.50,1218400,41.00
2011-01-24,47.68,48.05,47.60,47.85,1075500,40.45
2011-01-21,48.06,48.16,47.37,47.58,1198400,40.22
2011-01-20,47.75,48.24,47.66,47.84,1143500,40.44
2011-01-19,47.42,47.80,47.27,47.75,1614700,40.37
2011-01-18,47.06,47.56,46.88,47.55,1132400,40.20
2011-01-14,47.19,47.44,46.95,47.05,1432900,39.78
2011-01-13,47.00,47.13,46.76,47.09,1791100,39.81
2011-01-12,47.48,47.54,46.75,47.00,1348400,39.73
2011-01-11,47.61,47.69,47.03,47.27,1313300,39.96
2011-01-10,47.31,47.54,46.95,47.35,3223900,40.03
2011-01-07,47.70,47.97,47.10,47.40,3297300,40.07
2011-01-06,47.93,47.97,47.40,47.70,3021600,40.33
2011-01-05,47.70,48.04,47.54,47.84,1051600,40.44
2011-01-04,48.50,48.55,47.25,47.75,1660100,40.37
2011-01-03,48.03,48.49,47.88,48.43,1625500,40.94
2010-12-31,47.54,47.96,47.54,47.64,844900,40.27
2010-12-30,47.50,47.80,47.06,47.64,1242800,40.27
2010-12-29,47.65,47.67,47.34,47.53,813500,40.18
2010-12-28,47.50,47.61,47.25,47.55,906800,40.20
2010-12-27,47.17,47.42,47.00,47.38,673700,40.06
2010-12-23,47.13,47.34,47.02,47.24,930900,39.94
2010-12-22,46.64,47.34,46.64,47.21,1678400,39.91
2010-12-21,45.76,46.75,45.76,46.66,2286300,39.45
2010-12-20,45.30,45.70,45.27,45.69,1592800,38.63
2010-12-17,44.67,45.15,44.67,45.11,4820300,38.14
2010-12-16,44.40,44.74,44.10,44.40,2034200,37.54
2010-12-15,44.79,45.03,44.07,44.25,2294100,37.41
2010-12-14,45.46,45.50,44.61,44.78,2567100,37.86
2010-12-13,45.81,45.86,45.49,45.54,1471600,38.50
2010-12-10,45.27,45.69,45.04,45.54,1396500,38.50
2010-12-09,45.71,45.83,45.06,45.20,1964200,38.21
2010-12-08,45.77,45.86,44.76,45.30,1938100,38.30
2010-12-07,45.93,45.95,45.49,45.79,2196300,38.71
2010-12-06,45.67,45.76,44.84,45.63,2289200,38.58
2010-12-03,45.99,46.04,45.41,45.80,1795000,38.72
2010-12-02,45.57,46.15,45.50,46.07,3006200,38.95
2010-12-01,44.45,45.74,44.40,45.60,13158300,38.55
2010-11-30,45.97,46.60,45.65,46.28,1686800,39.13
2010-11-29,46.05,46.46,45.76,46.34,988100,39.18
2010-11-26,45.96,46.36,45.91,46.12,421800,38.99
2010-11-24,45.83,46.45,45.83,46.33,1232200,39.17
2010-11-23,45.53,45.68,45.25,45.53,1330900,38.49
2010-11-22,45.86,46.01,45.36,45.90,1516200,38.80
2010-11-19,45.31,45.90,45.13,45.88,1268600,38.79
2010-11-18,45.91,46.05,45.13,45.40,1587700,38.38
2010-11-17,45.49,45.86,45.41,45.43,1468300,38.41
2010-11-16,46.55,46.84,45.22,45.36,2896900,38.35
2010-11-15,47.10,47.43,46.76,46.78,1366200,39.55
2010-11-12,47.56,47.90,46.97,47.00,1905700,39.73
2010-11-11,48.57,48.73,47.76,47.83,1583700,40.44
2010-11-10,48.15,48.54,47.85,48.47,1810100,40.98
2010-11-09,50.63,50.63,47.56,48.06,2775800,40.63
2010-11-08,50.12,50.66,50.02,50.47,1515100,42.67
2010-11-05,51.20,51.20,49.98,50.28,1628300,42.51
2010-11-04,50.60,51.09,49.81,51.04,1907600,43.15
2010-11-03,51.22,51.44,50.32,50.38,1624800,42.01
2010-11-02,51.97,52.06,51.17,51.24,1154000,42.73
2010-11-01,51.26,51.76,51.10,51.71,1038000,43.12
2010-10-29,50.90,51.31,50.80,51.10,1107800,42.61
2010-10-28,50.98,51.10,50.33,50.85,843100,42.40
2010-10-27,50.93,51.20,50.51,50.78,1317100,42.34
2010-10-26,51.00,51.17,50.64,51.17,1149300,42.67
2010-10-25,51.24,51.35,50.88,51.22,990500,42.71
2010-10-22,51.07,51.14,50.51,50.90,824300,42.44
2010-10-21,51.03,51.25,50.53,50.88,863000,42.42
2010-10-20,50.17,51.37,50.17,50.80,1551500,42.36
2010-10-19,49.90,50.63,49.60,50.11,1579700,41.78
2010-10-18,49.50,50.27,49.49,50.27,1067200,41.92
2010-10-15,49.86,49.86,49.32,49.46,905300,41.24
2010-10-14,49.34,49.70,49.19,49.46,840400,41.24
2010-10-13,49.30,49.71,49.10,49.33,1159100,41.13
2010-10-12,48.82,49.17,48.48,49.12,1369400,40.96
2010-10-11,48.71,49.30,48.71,48.84,1088400,40.72
2010-10-08,48.93,48.94,48.56,48.71,913100,40.62
2010-10-07,48.84,48.98,48.64,48.84,1280400,40.72
2010-10-06,48.67,48.71,48.40,48.71,1040800,40.62
2010-10-05,47.96,48.82,47.70,48.77,1636800,40.67
2010-10-04,47.36,47.77,47.21,47.74,1320100,39.81
2010-10-01,47.60,47.72,46.74,47.38,1155300,39.51
2010-09-30,47.29,47.58,46.84,47.34,1866100,39.47
2010-09-29,47.21,47.31,46.75,46.99,955100,39.18
2010-09-28,46.94,47.38,46.26,47.31,1859000,39.45
2010-09-27,47.49,47.49,46.69,46.85,942800,39.06
2010-09-24,46.72,47.39,46.45,47.37,1299200,39.50
2010-09-23,46.68,46.82,46.26,46.32,1380800,38.62
2010-09-22,46.82,47.22,46.81,46.95,1597600,39.15
2010-09-21,46.87,47.45,46.75,47.00,8441400,39.19
2010-09-20,47.95,48.54,47.80,48.43,1425600,40.38
2010-09-17,47.74,47.93,47.42,47.91,1210100,39.95
2010-09-16,47.55,47.71,47.37,47.65,618600,39.73
2010-09-15,47.26,47.87,46.89,47.75,792800,39.81
2010-09-14,47.16,47.68,46.97,47.44,922900,39.56
2010-09-13,47.29,47.38,46.77,47.35,856300,39.48
2010-09-10,46.64,46.81,46.37,46.70,867900,38.94
2010-09-09,47.74,47.81,46.49,46.62,818000,38.87
2010-09-08,47.15,47.44,46.99,47.18,765300,39.34
2010-09-07,47.51,47.65,47.09,47.11,1115600,39.28
2010-09-03,47.64,47.98,47.31,47.75,1588300,39.81
2010-09-02,46.90,47.33,46.60,47.31,1534700,39.45
2010-09-01,46.33,46.88,45.92,46.83,2080600,39.05
2010-08-31,45.48,46.02,45.25,45.93,1694300,38.30
2010-08-30,45.69,45.94,45.43,45.44,1034500,37.89
2010-08-27,45.16,45.72,44.50,45.69,1312600,38.10
2010-08-26,45.38,45.53,44.86,44.87,1442100,37.41
2010-08-25,44.66,45.41,44.43,45.23,1214300,37.71
2010-08-24,44.30,45.16,44.20,44.82,1385200,37.37
2010-08-23,45.20,45.25,44.65,44.67,966600,37.25
2010-08-20,44.65,45.14,44.60,45.08,1024700,37.59
2010-08-19,45.16,45.28,44.64,44.86,2009200,37.41
2010-08-18,45.42,45.57,45.11,45.35,1175500,37.81
2010-08-17,44.86,45.50,44.63,45.39,1420900,37.85
2010-08-16,44.57,44.94,44.24,44.49,1068700,37.10
2010-08-13,44.65,45.12,44.63,44.72,1247300,37.29
2010-08-12,44.09,45.13,44.09,44.66,1581100,37.24
2010-08-11,45.10,45.15,44.48,44.71,1573600,37.28
2010-08-10,45.14,46.06,45.14,45.58,1330300,38.01
2010-08-09,45.57,45.80,45.38,45.60,1193900,38.02
2010-08-06,45.14,45.59,44.80,45.49,1265000,37.93
2010-08-05,45.33,45.72,45.06,45.50,1698200,37.94
2010-08-04,46.25,46.59,45.66,46.01,1473500,37.79
2010-08-03,46.39,46.49,45.91,46.03,1247500,37.81
2010-08-02,45.89,46.66,45.63,46.56,1411800,38.24
2010-07-30,44.78,45.42,44.70,45.31,1620900,37.21
2010-07-29,45.75,45.81,44.80,45.13,1137700,37.07
2010-07-28,45.28,45.74,45.16,45.49,1361600,37.36
2010-07-27,46.00,46.00,44.94,45.50,1505700,37.37
2010-07-26,45.16,45.69,44.73,45.63,1671500,37.48
2010-07-23,44.61,45.10,44.11,45.08,2021000,37.02
2010-07-22,44.34,45.06,44.18,44.81,2351900,36.80
2010-07-21,45.00,45.06,43.68,43.85,2239300,36.01
2010-07-20,43.28,44.54,43.05,44.48,1729800,36.53
2010-07-19,43.23,44.03,42.67,43.80,1950200,35.97
2010-07-16,43.39,43.60,42.69,42.98,2935300,35.30
2010-07-15,43.94,43.95,43.20,43.73,1536900,35.92
2010-07-14,43.85,44.30,43.44,43.90,1814700,36.06
2010-07-13,43.76,44.20,43.48,44.12,1632200,36.24
2010-07-12,43.05,43.38,42.86,43.29,1371100,35.55
2010-07-09,42.85,43.20,42.63,43.18,1570900,35.46
2010-07-08,43.00,43.10,42.20,42.85,1603200,35.19
2010-07-07,41.41,42.66,41.21,42.61,2113500,35.00
2010-07-06,42.26,42.58,40.85,41.28,1905500,33.90
2010-07-02,42.19,42.28,41.53,41.76,1660200,34.30
2010-07-01,42.02,42.27,41.33,41.98,2013200,34.48
2010-06-30,42.47,43.00,42.01,42.12,1897700,34.59
2010-06-29,42.32,42.75,42.04,42.37,3341100,34.80
2010-06-28,42.97,43.05,42.44,42.77,1507100,35.13
2010-06-25,42.04,42.96,41.83,42.75,2653200,35.11
2010-06-24,42.12,42.42,41.66,41.80,1855800,34.33
2010-06-23,42.24,42.85,41.83,42.41,1631400,34.83
2010-06-22,43.05,43.18,42.01,42.09,1936300,34.57
2010-06-21,43.76,43.97,42.92,43.05,1370600,35.36
2010-06-18,44.54,44.56,43.22,43.33,2988300,35.59
2010-06-17,44.37,44.62,44.12,44.40,1585800,36.47
2010-06-16,44.65,44.77,44.05,44.18,2059500,36.29
2010-06-15,44.33,44.84,43.87,44.82,2445300,36.81
2010-06-14,44.26,44.49,43.85,44.22,2007400,36.32
2010-06-11,43.45,44.04,43.13,44.00,1356500,36.14
2010-06-10,43.21,43.89,42.67,43.82,1581400,35.99
2010-06-09,42.52,43.15,42.16,42.39,2294100,34.82
2010-06-08,41.22,42.24,40.70,42.15,1905200,34.62
2010-06-07,41.49,41.98,41.13,41.15,1763500,33.80
2010-06-04,41.77,42.24,41.05,41.21,2013800,33.85
2010-06-03,42.95,43.04,42.39,42.57,1153600,34.96
2010-06-02,42.55,42.77,41.80,42.77,2077800,35.13
2010-06-01,42.81,43.22,42.28,42.36,1768400,34.79
2010-05-28,43.63,43.89,42.93,43.08,1571800,35.38
2010-05-27,42.74,43.64,42.25,43.60,1759100,35.81
2010-05-26,43.10,43.27,41.66,41.86,2793100,34.38
2010-05-25,40.82,42.73,40.50,42.62,3345700,35.00
2010-05-24,42.37,42.37,41.50,41.51,2512300,34.09
2010-05-21,39.76,41.57,39.50,41.51,2912800,34.09
2010-05-20,40.97,41.30,39.99,40.00,3661200,32.85
2010-05-19,41.20,41.74,40.44,41.08,1932600,33.74
2010-05-18,42.48,42.67,41.27,41.42,1997600,34.02
2010-05-17,42.00,42.60,41.25,42.08,2084200,34.56
2010-05-14,42.37,42.39,41.71,42.01,1879100,34.50
2010-05-13,43.10,43.13,42.40,42.62,1425100,35.00
2010-05-12,43.27,43.27,42.70,43.04,1383600,35.35
2010-05-11,42.28,43.23,42.16,42.91,1520000,35.24
2010-05-10,42.39,42.96,41.78,42.89,2457800,35.23
2010-05-07,41.07,41.68,39.95,40.55,2522200,33.30
2010-05-06,42.13,43.06,38.42,40.74,3705800,33.46
2010-05-05,43.77,44.27,43.27,43.53,2225500,35.19
2010-05-04,45.46,45.64,44.12,44.39,1876600,35.89
2010-05-03,45.27,46.06,45.24,45.94,1189100,37.14
2010-04-30,45.64,46.02,44.90,44.93,1315500,36.33
2010-04-29,44.99,45.85,44.97,45.78,1500500,37.01
2010-04-28,44.88,45.05,44.38,44.62,1855100,36.07
2010-04-27,45.31,45.54,44.42,44.45,2088000,35.94
2010-04-26,45.24,46.05,45.15,45.46,1261100,36.75
2010-04-23,44.68,45.35,44.50,45.23,1334300,36.57
2010-04-22,44.10,44.87,44.02,44.76,1062400,36.19
2010-04-21,43.84,44.79,43.67,44.40,1098900,35.90
2010-04-20,43.52,43.85,43.01,43.85,1381300,35.45
2010-04-19,43.25,43.93,43.09,43.25,2687600,34.97
2010-04-16,44.20,44.58,43.24,43.28,2589900,34.99
2010-04-15,45.87,45.88,44.26,44.26,1789300,35.78
2010-04-14,46.44,46.44,45.70,45.92,1138300,37.13
2010-04-13,45.25,46.29,45.19,46.15,1082500,37.31
2010-04-12,45.79,45.97,45.24,45.30,1555800,36.62
2010-04-09,45.26,45.87,45.10,45.63,1774200,36.89
2010-04-08,45.09,45.20,44.80,45.09,1320000,36.45
2010-04-07,45.72,45.92,45.05,45.13,1222100,36.49
2010-04-06,45.23,45.91,45.10,45.91,1481900,37.12
2010-04-05,45.25,45.65,45.12,45.39,866600,36.70
2010-04-01,45.40,45.67,44.68,45.09,1130000,36.45
2010-03-31,45.48,45.72,45.19,45.23,1020000,36.57
2010-03-30,45.88,46.18,45.64,45.71,803200,36.96
2010-03-29,46.10,46.18,45.66,45.83,917300,37.05
2010-03-26,46.50,46.52,45.69,45.88,1269000,37.09
2010-03-25,46.50,46.79,46.25,46.27,1244700,37.41
2010-03-24,46.20,46.69,46.09,46.31,1346600,37.44
2010-03-23,46.38,46.38,45.80,46.25,937800,37.39
2010-03-22,45.57,46.36,45.41,46.26,1062300,37.40
2010-03-19,45.75,46.22,45.30,45.75,1627800,36.99
2010-03-18,45.74,46.05,45.50,45.91,1328700,37.12
2010-03-17,45.99,46.36,45.84,46.21,1647100,37.36
2010-03-16,45.06,46.06,44.85,45.98,2871200,37.17
2010-03-15,44.79,45.05,44.52,44.96,1023500,36.35
2010-03-12,44.59,44.98,44.43,44.78,1220300,36.20
2010-03-11,43.89,44.48,43.75,44.48,1146300,35.96
2010-03-10,43.52,44.07,43.31,44.04,1984500,35.61
2010-03-09,43.23,43.85,43.12,43.63,1294500,35.27
2010-03-08,43.16,43.47,43.02,43.40,1000800,35.09
2010-03-05,42.89,43.26,42.59,43.16,1668300,34.89
2010-03-04,42.50,42.72,42.24,42.63,916900,34.47
2010-03-03,42.47,42.54,42.18,42.34,913300,34.23
2010-03-02,42.79,42.90,42.33,42.53,1118900,34.38
2010-03-01,42.53,42.75,42.31,42.70,1369200,34.52
2010-02-26,42.70,42.75,42.36,42.36,1855100,34.25
2010-02-25,41.76,42.67,41.55,42.63,2602600,34.47
2010-02-24,41.69,42.26,41.45,42.26,1605000,34.17
2010-02-23,41.94,42.05,41.47,41.54,1622800,33.58
2010-02-22,42.10,42.19,41.68,42.00,1319600,33.96
2010-02-19,42.23,42.32,41.72,41.86,2148000,33.84
2010-02-18,41.94,42.54,41.54,42.35,1493800,34.24
2010-02-17,41.79,42.18,41.66,42.02,1039300,33.97
2010-02-16,41.01,41.75,40.86,41.71,1526900,33.72
2010-02-12,40.65,40.81,40.08,40.76,1491100,32.95
2010-02-11,40.47,41.08,40.19,40.99,1119200,33.14
2010-02-10,40.41,41.08,39.94,40.48,1158800,32.73
2010-02-09,40.63,40.78,39.99,40.32,1804200,32.60
2010-02-08,41.00,41.12,40.19,40.26,1660400,32.55
2010-02-05,40.36,41.05,39.82,41.02,2704200,33.16
2010-02-04,41.88,42.08,40.42,40.42,3131700,32.68
2010-02-03,43.29,43.30,42.24,42.74,1622400,34.00
2010-02-02,43.12,43.55,42.59,43.36,2214400,34.50
2010-02-01,43.27,43.48,42.80,43.06,1595700,34.26
2010-01-29,43.35,43.98,42.81,43.00,1955300,34.21
2010-01-28,43.61,43.68,42.89,43.29,1826800,34.44
2010-01-27,43.10,43.46,42.46,43.42,1442500,34.55
2010-01-26,43.02,43.50,42.92,43.09,1181800,34.28
2010-01-25,43.65,43.65,42.62,43.32,1679300,34.47
2010-01-22,44.17,44.55,43.10,43.21,1934700,34.38
2010-01-21,45.29,45.61,44.08,44.18,1607600,35.15
2010-01-20,45.22,45.37,44.68,45.25,1324400,36.00
2010-01-19,44.31,45.60,44.31,45.43,1350500,36.15
2010-01-15,44.25,44.55,44.17,44.30,1531800,35.25
2010-01-14,44.69,44.69,44.15,44.38,938400,35.31
2010-01-13,43.99,44.81,43.92,44.71,1368900,35.57
2010-01-12,43.88,44.38,43.50,43.77,1261000,34.82
2010-01-11,43.68,44.24,43.62,44.17,1249600,35.14
2010-01-08,44.28,44.55,43.85,44.07,1089700,35.06
2010-01-07,44.50,44.86,43.98,44.53,1528800,35.43
2010-01-06,44.75,44.95,44.31,44.44,1061700,35.36
2010-01-05,44.28,44.74,43.87,44.66,1173300,35.53
2010-01-04,44.51,44.96,43.93,44.04,1426600,35.04
2009-12-31,45.95,46.20,44.32,44.32,1517000,35.26
2009-12-30,45.83,45.96,45.55,45.93,609000,36.54
2009-12-29,46.16,46.45,45.74,45.83,659900,36.46
2009-12-28,46.30,46.74,46.00,46.16,833300,36.73
2009-12-24,45.83,46.28,45.68,46.19,465500,36.75
2009-12-23,45.69,46.14,45.36,45.57,1215600,36.26
2009-12-22,45.44,45.72,45.28,45.70,984900,36.36
2009-12-21,45.26,45.52,44.93,45.48,1301600,36.18
2009-12-18,44.99,45.25,44.65,45.15,1711500,35.92
2009-12-17,45.16,45.53,44.81,44.99,1236400,35.80
2009-12-16,45.88,46.15,45.25,45.39,1146400,36.11
2009-12-15,46.10,46.15,45.50,45.64,1361700,36.31
2009-12-14,45.54,46.17,45.35,46.09,1730400,36.67
2009-12-11,45.76,45.76,44.95,45.46,1728000,36.17
2009-12-10,45.56,45.78,45.16,45.38,1049200,36.11
2009-12-09,45.39,45.96,45.26,45.49,1059700,36.19
2009-12-08,45.34,46.04,45.15,45.41,1045000,36.13
2009-12-07,45.92,46.14,45.18,45.59,1473200,36.27
2009-12-04,45.78,46.32,45.32,46.09,1884700,36.67
2009-12-03,45.72,46.35,45.01,45.18,1539300,35.95
2009-12-02,44.94,45.72,44.70,45.55,1673700,36.24
2009-12-01,44.73,45.10,44.32,44.94,1750600,35.76
2009-11-30,42.97,44.73,42.86,44.55,2743800,35.45
2009-11-27,43.22,43.60,42.80,42.80,873500,34.05
2009-11-25,44.12,44.37,43.87,44.05,852500,35.05
2009-11-24,44.10,44.22,43.81,44.05,1331300,35.05
2009-11-23,44.44,44.74,43.92,44.21,1259200,35.17
2009-11-20,43.62,44.22,43.51,43.84,1381400,34.88
2009-11-19,44.04,44.13,43.57,43.76,1517100,34.82
2009-11-18,43.42,44.38,43.35,44.27,1379500,35.22
2009-11-17,43.42,44.02,43.21,43.23,1754200,34.39
2009-11-16,43.37,44.05,43.12,43.50,1895800,34.61
2009-11-13,43.15,43.36,42.75,43.16,1319400,34.34
2009-11-12,43.41,43.69,42.75,42.85,1491300,34.09
2009-11-11,43.35,43.93,43.07,43.45,1413400,34.57
2009-11-10,43.62,43.62,42.35,43.02,1645400,34.23
2009-11-09,42.65,43.78,42.32,43.72,2170400,34.78
2009-11-06,42.27,43.00,41.92,42.14,2060200,33.53
2009-11-05,43.71,43.71,41.93,42.90,2919800,34.13
2009-11-04,45.12,45.45,43.67,43.73,2495400,34.25
2009-11-03,44.75,45.23,44.26,44.96,2313500,35.21
2009-11-02,44.54,45.42,43.99,45.03,2339400,35.27
2009-10-30,45.21,45.48,43.74,44.37,3406800,34.75
2009-10-29,44.60,45.56,44.10,45.46,2124100,35.61
2009-10-28,44.91,45.64,44.00,44.04,2719100,34.49
2009-10-27,45.05,45.74,44.91,45.20,2301900,35.40
2009-10-26,44.53,45.58,44.53,45.03,2184600,35.27
2009-10-23,45.02,45.43,44.36,44.49,2625700,34.85
2009-10-22,43.89,45.12,43.57,45.07,1890900,35.30
2009-10-21,44.28,45.00,43.89,43.92,1631100,34.40
2009-10-20,45.42,45.42,44.46,44.59,1872100,34.93
2009-10-19,44.58,45.71,44.28,45.48,1928700,35.62
2009-10-16,44.45,44.73,43.95,44.25,1774000,34.66
2009-10-15,44.41,44.87,44.36,44.82,1292300,35.11
2009-10-14,44.19,44.96,43.98,44.81,1978500,35.10
2009-10-13,43.78,43.93,43.14,43.67,1260800,34.20
2009-10-12,43.70,44.07,43.46,43.93,1287600,34.41
2009-10-09,42.94,43.74,42.70,43.69,1588600,34.22
2009-10-08,42.82,43.14,42.57,42.96,1738500,33.65
2009-10-07,42.09,42.56,41.87,42.53,1349300,33.31
2009-10-06,42.72,43.05,41.87,42.31,1470600,33.14
2009-10-05,41.65,42.53,41.56,42.37,2180100,33.19
2009-10-02,40.71,42.01,40.53,41.38,2573600,32.41
2009-10-01,41.59,41.79,40.96,41.00,3029800,32.11
2009-09-30,42.51,42.79,41.17,41.62,3862800,32.60
2009-09-29,43.13,43.51,42.39,42.46,1793400,33.26
2009-09-28,41.96,43.05,41.89,43.03,1821500,33.70
2009-09-25,41.75,42.44,41.61,41.87,1749600,32.79
2009-09-24,43.14,43.33,41.63,42.01,1774300,32.90
2009-09-23,43.99,44.19,42.67,42.70,2112200,33.44
2009-09-22,43.45,44.00,43.27,43.98,1854100,34.45
2009-09-21,43.14,43.39,42.62,42.99,1717300,33.67
2009-09-18,43.51,43.78,42.80,43.44,2140000,34.02
2009-09-17,43.39,44.37,42.77,43.29,1571800,33.91
2009-09-16,42.53,43.47,42.41,43.45,1907800,34.03
2009-09-15,41.98,42.90,41.44,42.59,1627500,33.36
2009-09-14,40.88,41.98,40.62,41.97,1563800,32.87
2009-09-11,41.14,41.58,40.92,41.28,1755100,32.33
2009-09-10,41.39,41.39,40.56,41.14,1911500,32.22
2009-09-09,40.66,41.40,40.24,41.39,1983600,32.42
2009-09-08,40.33,40.79,40.11,40.76,2531800,31.93
2009-09-04,40.11,40.23,39.55,40.14,1989700,31.44
2009-09-03,40.14,40.17,39.78,40.00,3155100,31.33
2009-09-02,39.89,40.40,39.82,40.00,4087800,31.33
2009-09-01,40.70,41.41,40.00,40.08,11499600,31.39
2009-08-31,42.80,43.08,42.38,42.71,1505200,33.45
2009-08-28,43.00,43.10,42.60,43.08,1574100,33.74
2009-08-27,42.37,42.93,41.78,42.82,1227100,33.54
2009-08-26,42.39,42.59,41.92,42.25,1701200,33.09
2009-08-25,42.66,43.13,42.27,42.40,1808300,33.21
2009-08-24,43.33,43.53,42.42,42.47,1896900,33.26
2009-08-21,42.09,43.27,42.09,43.01,2846100,33.69
2009-08-20,40.69,41.99,40.52,41.99,1811200,32.89
2009-08-19,40.02,40.52,39.58,40.49,1345700,31.71
2009-08-18,39.89,40.70,39.71,40.37,1322500,31.62
2009-08-17,39.96,40.41,39.65,39.76,2282300,31.14
2009-08-14,40.45,40.83,39.90,40.76,1697400,31.93
2009-08-13,41.30,41.61,40.44,40.57,1851100,31.78
2009-08-12,40.80,41.96,40.76,41.06,2013000,32.16
2009-08-11,41.69,41.69,40.67,41.02,1789600,32.13
2009-08-10,42.76,43.10,41.49,42.01,1666100,32.90
2009-08-07,41.75,43.78,41.49,43.10,2028200,33.76
2009-08-06,42.99,44.40,41.27,41.38,2583000,32.41
2009-08-05,42.51,43.93,42.14,43.87,1726500,33.83
2009-08-04,40.76,42.51,40.55,42.48,3121100,32.76
2009-08-03,40.36,40.92,40.25,40.78,1837100,31.45
2009-07-31,40.02,40.68,39.87,40.06,1272500,30.89
2009-07-30,39.50,40.75,39.46,40.12,2059300,30.94
2009-07-29,39.24,39.55,38.79,39.11,1322400,30.16
2009-07-28,39.27,39.38,38.75,39.21,1168500,30.24
2009-07-27,38.88,39.49,38.51,39.40,1280900,30.38
2009-07-24,38.60,38.97,37.86,38.80,1135000,29.92
2009-07-23,37.22,39.06,37.20,38.83,2150500,29.94
2009-07-22,37.13,38.12,37.13,37.35,1743200,28.80
2009-07-21,37.43,37.70,36.88,37.61,1431900,29.00
2009-07-20,36.36,37.38,36.30,37.37,1903600,28.82
2009-07-17,36.69,36.84,36.03,36.36,1592800,28.04
2009-07-16,36.16,37.00,35.84,36.75,1334400,28.34
2009-07-15,35.89,36.75,35.49,36.53,2458600,28.17
2009-07-14,35.43,35.61,34.73,35.50,1648700,27.37
2009-07-13,34.50,35.44,34.20,35.36,2719500,27.27
2009-07-10,33.80,34.45,33.55,34.26,1370800,26.42
2009-07-09,34.62,34.87,33.97,34.04,1683400,26.25
2009-07-08,34.64,34.64,33.64,34.42,2755400,26.54
2009-07-07,34.79,35.23,34.02,34.11,2616100,26.30
2009-07-06,32.64,34.43,32.64,34.41,2484700,26.53
2009-07-02,34.13,34.38,33.07,33.07,2195800,25.50
2009-07-01,34.12,34.49,34.07,34.37,1128300,26.50
2009-06-30,34.08,34.38,33.73,34.10,1259500,26.29
2009-06-29,33.61,34.09,33.39,33.98,1446300,26.20
2009-06-26,33.73,33.99,33.30,33.68,2160100,25.97
2009-06-25,33.55,33.95,33.13,33.86,1636000,26.11
2009-06-24,33.49,33.98,33.26,33.55,1788700,25.87
2009-06-23,33.18,33.88,33.04,33.26,1782600,25.65
2009-06-22,34.07,34.31,33.04,33.20,2418200,25.60
2009-06-19,34.54,34.57,33.92,34.28,2494800,26.43
2009-06-18,34.32,34.64,33.90,34.18,2014400,26.36
2009-06-17,34.30,34.84,33.67,34.21,2083300,26.38
2009-06-16,34.63,35.20,33.88,34.24,1672800,26.40
2009-06-15,35.56,35.65,34.17,34.41,2384200,26.53
2009-06-12,34.54,35.98,34.51,35.90,1692300,27.68
2009-06-11,35.15,35.61,34.60,34.67,1476300,26.73
2009-06-10,36.31,36.34,34.72,35.26,2329900,27.19
2009-06-09,36.04,36.28,35.74,36.06,1991200,27.81
2009-06-08,35.71,36.22,35.34,35.95,2087200,27.72
2009-06-05,36.36,36.41,35.40,35.70,2341900,27.53
2009-06-04,34.52,36.02,34.52,35.88,2537300,27.67
2009-06-03,34.06,34.87,34.04,34.72,1973800,26.77
2009-06-02,34.80,34.96,34.19,34.35,2263800,26.49
2009-06-01,34.62,36.14,34.08,34.93,3371900,26.93
2009-05-29,33.42,34.33,32.98,34.25,2444500,26.41
2009-05-28,33.00,33.45,32.33,33.26,2363800,25.65
2009-05-27,33.74,34.00,32.50,32.71,2669800,25.22
2009-05-26,32.71,34.06,32.25,33.93,2834800,26.16
2009-05-22,32.81,33.21,32.33,32.54,1561100,25.09
2009-05-21,32.25,33.09,32.00,32.75,1764100,25.25
2009-05-20,33.39,33.95,32.43,32.58,2577000,25.12
2009-05-19,33.33,33.94,32.88,32.90,2755000,25.37
2009-05-18,32.67,34.19,32.35,33.90,3771600,26.14
2009-05-15,33.05,33.05,31.57,32.08,2383200,24.74
2009-05-14,32.41,33.64,32.03,33.28,2329400,25.66
2009-05-13,33.24,33.69,32.28,32.51,3002900,25.07
2009-05-12,33.90,34.47,32.71,33.74,2648400,26.02
2009-05-11,33.11,34.00,33.00,33.49,3823800,25.82
2009-05-08,32.49,34.63,32.22,34.49,5031400,26.60
2009-05-07,33.68,34.07,31.68,32.04,4044800,24.71
2009-05-06,33.50,34.50,33.20,34.15,5207300,25.81
2009-05-05,34.54,34.54,32.94,33.20,4487800,25.09
2009-05-04,33.31,35.14,33.13,34.93,4426300,26.40
2009-05-01,34.02,34.52,32.60,33.06,2911800,24.99
2009-04-30,35.62,35.66,33.73,34.07,3651500,25.75
2009-04-29,35.13,35.85,34.74,35.48,3027700,26.81
2009-04-28,33.04,35.59,32.85,34.76,3232400,26.27
2009-04-27,33.65,34.42,32.75,33.62,4027200,25.41
2009-04-24,33.69,35.34,33.24,34.63,4365000,26.17
2009-04-23,32.14,33.90,31.58,33.72,3483900,25.48
2009-04-22,32.43,33.67,31.71,31.82,4763400,24.05
2009-04-21,30.79,34.07,30.16,33.36,5846700,25.21
2009-04-20,32.94,33.19,30.82,30.96,4045000,23.40
2009-04-17,34.01,34.84,33.25,33.69,3948700,25.46
2009-04-16,34.37,35.54,32.65,34.60,4008300,26.15
2009-04-15,32.24,34.67,31.55,34.52,3971100,26.09
2009-04-14,34.63,34.71,32.02,32.27,4856300,24.39
2009-04-13,34.45,35.88,34.10,35.31,2816500,26.69
2009-04-09,32.81,35.35,32.37,35.31,4687400,26.69
2009-04-08,31.57,32.29,31.17,32.23,2935400,24.36
2009-04-07,32.98,33.57,31.29,31.34,4512300,23.69
2009-04-06,33.22,34.47,32.53,33.85,3534800,25.58
2009-04-03,31.87,33.75,30.65,33.68,4416300,25.45
2009-04-02,31.47,32.67,30.25,32.25,4721100,24.37
2009-04-01,30.03,30.91,29.62,30.31,2821600,22.91
2009-03-31,28.48,30.73,28.48,30.59,4832700,23.12
2009-03-30,29.57,29.78,27.99,28.15,3624600,21.27
2009-03-27,30.44,30.88,29.89,30.02,2703900,22.69
2009-03-26,32.49,32.76,29.92,30.98,4617000,23.41
2009-03-25,32.22,33.31,29.87,32.17,3584400,24.31
2009-03-24,34.24,35.02,32.00,32.39,4069200,24.48
2009-03-23,31.49,34.86,31.21,34.82,4946100,26.32
2009-03-20,31.33,31.80,30.16,30.22,3922400,22.84
2009-03-19,33.64,34.01,31.20,31.29,3295900,23.65
2009-03-18,31.81,33.54,30.83,33.45,3756900,25.28
2009-03-17,29.84,32.18,29.05,32.11,3766000,24.27
2009-03-16,31.94,32.28,29.81,29.87,4095900,22.57
2009-03-13,32.48,32.56,30.75,31.87,2530500,24.09
2009-03-12,30.74,32.68,30.12,32.48,3961100,24.55
2009-03-11,30.92,31.51,29.69,30.74,4208800,23.23
2009-03-10,28.13,30.74,27.95,30.74,5673000,23.23
2009-03-09,26.89,27.99,26.48,27.87,2993100,21.06
2009-03-06,27.67,28.13,25.86,27.27,4576900,20.61
2009-03-05,28.88,29.30,27.32,27.66,3915600,20.90
2009-03-04,29.96,30.25,28.82,29.56,4470700,22.34
2009-03-03,29.08,30.17,28.01,29.41,4107400,22.23
2009-03-02,29.77,30.35,28.61,28.83,4464600,21.79
2009-02-27,30.57,32.32,30.57,30.77,4470400,23.25
2009-02-26,33.27,33.77,31.18,31.56,4327100,23.85
2009-02-25,32.90,33.92,31.49,32.77,3539300,24.77
2009-02-24,31.08,33.62,30.89,33.45,4188200,25.28
2009-02-23,33.00,33.17,30.91,31.11,4403500,23.51
2009-02-20,29.76,32.71,28.45,32.60,5222200,24.64
2009-02-19,31.99,32.49,29.63,29.92,2664900,22.61
2009-02-18,31.98,32.29,30.82,31.62,2458300,23.90
2009-02-17,31.66,32.09,31.01,31.32,3639000,23.67
2009-02-13,33.78,33.97,32.20,32.24,2840400,24.37
2009-02-12,34.26,34.66,31.91,33.98,4331500,25.68
2009-02-11,34.93,35.71,34.22,35.10,3288900,26.53
2009-02-10,37.04,37.52,34.57,34.65,3643200,26.19
2009-02-09,37.69,37.73,36.50,37.52,1538900,28.36
2009-02-06,35.79,37.74,35.38,37.59,3111400,28.41
2009-02-05,36.02,36.64,35.09,35.64,3437600,26.94
2009-02-04,38.21,38.57,36.65,36.94,2401200,27.40
2009-02-03,38.93,38.95,37.60,38.02,2163200,28.20
2009-02-02,37.10,38.75,36.45,38.60,2619000,28.64
2009-01-30,37.61,38.47,36.63,37.81,7800500,28.05
2009-01-29,41.60,41.60,37.00,37.00,18364500,27.45
2009-01-28,39.19,41.88,39.11,41.65,2983600,30.90
2009-01-27,38.76,39.46,38.29,38.85,1451800,28.82
2009-01-26,38.63,39.33,37.81,38.54,1718600,28.59
2009-01-23,37.69,38.62,36.44,38.56,2895300,28.61
2009-01-22,37.53,38.66,36.48,37.08,2666700,27.51
2009-01-21,36.43,38.87,35.39,38.01,3060100,28.20
2009-01-20,39.07,39.24,35.67,35.73,2926700,26.51
2009-01-16,37.61,39.49,37.43,39.34,2790000,29.18
2009-01-15,35.67,38.21,34.81,37.35,2307700,27.71
2009-01-14,36.42,37.14,35.64,35.79,2265800,26.55
2009-01-13,36.01,37.74,35.40,37.34,1845100,27.70
2009-01-12,37.03,37.33,35.67,36.12,2320100,26.80
2009-01-09,38.12,39.12,36.91,37.10,2506200,27.52
2009-01-08,38.92,38.92,37.67,37.91,1450600,28.12
2009-01-07,39.66,40.29,38.54,39.07,1804900,28.98
2009-01-06,38.69,40.34,38.21,40.08,1987200,29.73
2009-01-05,39.75,40.22,38.44,38.64,1777200,28.66
2009-01-02,42.32,42.32,39.65,39.77,1549100,29.50
2008-12-31,40.75,42.40,40.46,42.20,1680500,31.31
2008-12-30,39.65,40.77,39.24,40.63,1212600,30.14
2008-12-29,40.56,40.56,38.50,38.80,1257600,28.78
2008-12-26,39.65,40.82,39.03,40.66,622200,30.16
2008-12-24,38.92,39.82,38.35,39.64,671800,29.41
2008-12-23,38.05,39.84,37.62,39.16,2238100,29.05
2008-12-22,39.55,39.58,36.30,38.10,2139800,28.26
2008-12-19,37.47,39.51,36.72,39.43,2502300,29.25
2008-12-18,39.33,40.35,37.02,37.44,3008500,27.77
2008-12-17,38.13,40.69,37.26,39.25,3069600,29.12
2008-12-16,37.49,39.40,36.22,39.40,4504600,29.23
2008-12-15,36.24,37.20,35.23,36.29,2304200,26.92
2008-12-12,33.02,36.97,33.00,36.63,4738000,27.17
2008-12-11,38.74,38.74,33.05,33.50,5263600,24.85
2008-12-10,37.50,39.41,37.26,39.17,2537800,29.06
2008-12-09,39.53,40.00,36.11,36.42,2906800,27.02
2008-12-08,37.50,39.69,36.52,39.69,3303600,29.44
2008-12-05,33.45,37.25,33.15,37.10,3497800,27.52
2008-12-04,34.55,36.20,33.05,33.73,3017900,25.02
2008-12-03,34.35,35.42,32.76,35.14,3325500,26.07
2008-12-02,34.80,35.10,32.49,34.88,4554800,25.88
2008-12-01,37.43,37.70,32.84,33.71,3224000,25.01
2008-11-28,39.74,39.74,37.76,38.00,1338900,28.19
2008-11-26,38.34,39.44,37.05,39.36,2583800,29.20
2008-11-25,38.95,39.05,35.98,38.74,5420700,28.74
2008-11-24,34.56,38.50,33.53,38.42,4713300,28.50
2008-11-21,31.80,35.46,30.14,34.50,3696600,25.59
2008-11-20,33.00,34.82,30.58,31.32,3546100,23.23
2008-11-19,35.73,36.33,32.79,33.23,2826400,24.65
2008-11-18,36.04,36.98,33.67,35.98,2604600,26.69
2008-11-17,35.49,36.88,34.98,35.90,1848600,26.63
2008-11-14,37.43,38.26,35.33,35.42,2230400,26.28
2008-11-13,35.46,38.23,34.50,37.51,4187700,27.83
2008-11-12,35.59,36.62,35.00,35.45,3056700,26.30
2008-11-11,36.74,36.98,34.51,35.67,2985600,26.46
2008-11-10,40.68,41.00,36.86,37.07,5864100,27.50
2008-11-07,38.62,40.64,38.39,40.33,2250000,29.92
2008-11-06,39.92,40.85,38.38,38.60,2035000,28.64
2008-11-05,43.04,43.10,40.50,40.67,3009100,29.67
2008-11-04,43.75,44.18,41.81,43.13,1862900,31.46
2008-11-03,44.83,45.00,42.80,42.87,1236000,31.27
2008-10-31,42.27,44.51,41.67,44.51,1971700,32.47
2008-10-30,42.30,42.80,41.23,42.54,1705200,31.03
2008-10-29,42.86,43.00,40.50,41.77,2172000,30.47
2008-10-28,39.40,43.24,37.44,42.96,3181300,31.34
2008-10-27,40.75,42.14,38.43,38.84,1766900,28.33
2008-10-24,41.44,42.91,40.35,40.79,1788100,29.75
2008-10-23,42.86,43.61,39.91,42.73,2434900,31.17
2008-10-22,43.20,45.23,41.25,42.85,2731500,31.26
2008-10-21,44.70,45.94,44.32,44.60,1211800,32.53
2008-10-20,44.21,45.00,43.25,44.88,1697300,32.74
2008-10-17,42.63,45.20,42.05,43.90,1883400,32.02
2008-10-16,41.10,44.37,40.20,43.43,2631200,31.68
2008-10-15,45.12,45.62,39.66,40.85,2395900,29.80
2008-10-14,48.33,48.74,44.10,45.54,2563900,33.22
2008-10-13,49.07,49.07,44.29,47.41,2719600,34.58
2008-10-10,42.51,47.95,39.62,47.95,5302800,34.98
2008-10-09,48.15,48.88,43.00,43.00,2463200,31.37
2008-10-08,47.24,49.19,45.01,47.71,3037000,34.80
2008-10-07,49.41,50.30,47.70,48.08,2389900,35.07
2008-10-06,50.09,50.46,47.93,49.52,2401800,36.12
2008-10-03,52.66,53.50,50.81,50.97,1718900,37.18
2008-10-02,53.03,53.25,52.25,52.28,1875300,38.14
2008-10-01,52.57,53.21,51.75,53.21,962100,38.81
2008-09-30,51.37,53.64,50.18,53.23,1905400,38.83
2008-09-29,51.85,52.50,49.91,50.50,1528000,36.84
2008-09-26,50.04,52.51,49.60,52.51,1289300,38.30
2008-09-25,49.84,51.14,49.27,50.69,970400,36.98
2008-09-24,49.68,50.16,49.29,49.62,902800,36.19
2008-09-23,49.23,50.30,49.06,49.55,1121000,36.14
2008-09-22,50.22,51.70,48.56,49.39,2086000,36.03
2008-09-19,50.86,53.74,49.04,52.30,3284800,38.15
2008-09-18,47.31,50.47,46.41,50.31,2857900,36.70
2008-09-17,47.81,48.81,46.97,47.03,1723800,34.31
2008-09-16,46.39,48.99,46.39,48.86,2124000,35.64
2008-09-15,47.49,49.06,47.01,47.05,2234500,34.32
2008-09-12,48.10,49.24,47.93,49.22,940000,35.90
2008-09-11,47.75,48.71,47.18,48.60,1093100,35.45
2008-09-10,47.59,48.30,47.11,48.02,1582300,35.03
2008-09-09,48.80,49.10,46.92,47.30,2210700,34.50
2008-09-08,49.01,49.20,48.10,49.18,2901100,35.87
2008-09-05,47.95,48.20,47.77,48.15,8358900,35.12
2008-09-04,48.66,49.29,47.93,48.00,2994400,35.01
2008-09-03,51.55,51.60,49.38,50.10,2359100,36.54
2008-09-02,52.22,52.60,51.04,51.79,637900,37.78
2008-08-29,52.09,52.45,51.42,51.87,978100,37.84
2008-08-28,50.89,52.37,50.79,52.37,813400,38.20
2008-08-27,50.96,51.10,49.94,50.69,795000,36.98
2008-08-26,50.00,51.06,49.68,50.52,821600,36.85
2008-08-25,51.72,51.82,50.10,50.29,741900,36.68
2008-08-22,50.95,52.17,50.93,51.98,939700,37.92
2008-08-21,50.91,51.02,50.04,50.55,685300,36.87
2008-08-20,51.08,51.54,50.28,51.13,828400,37.30
2008-08-19,51.62,51.65,50.62,50.89,965800,37.12
2008-08-18,52.60,52.80,51.45,51.75,856900,37.75
2008-08-15,53.35,53.76,52.19,52.47,633900,38.27
2008-08-14,52.56,53.33,52.50,53.25,760300,38.84
2008-08-13,51.67,53.29,51.67,52.78,1705800,38.50
2008-08-12,53.46,53.46,51.67,52.41,1166400,38.23
2008-08-11,52.80,53.98,52.20,53.81,1648400,39.25
2008-08-08,50.19,53.07,50.10,52.80,1457600,38.51
2008-08-07,50.63,51.53,49.82,50.11,1253100,36.55
2008-08-06,51.07,51.15,49.76,50.71,1780000,36.99
2008-08-05,50.92,52.00,50.39,51.94,1674500,37.89
2008-08-04,50.52,51.09,50.11,50.30,1413700,36.69
2008-08-01,49.87,50.65,49.01,50.62,5253600,36.92
2008-07-31,48.66,49.99,48.20,49.87,1414000,36.38
2008-07-30,49.10,49.77,47.80,49.15,1157000,35.85
2008-07-29,48.54,49.93,48.21,49.55,1660100,35.65
2008-07-28,48.43,49.40,48.13,48.35,1250400,34.78
2008-07-25,47.85,49.22,47.58,48.65,998600,35.00
2008-07-24,49.47,49.60,47.26,47.53,1674200,34.19
2008-07-23,49.21,49.98,48.58,49.27,2108100,35.45
2008-07-22,48.02,49.58,47.63,49.40,2509000,35.54
2008-07-21,47.34,48.22,46.99,48.22,789600,34.69
2008-07-18,47.24,47.60,46.59,47.28,721300,34.01
2008-07-17,46.77,47.38,45.55,47.18,1322900,33.94
2008-07-16,44.38,46.89,43.75,46.59,1775600,33.52
2008-07-15,43.65,45.43,43.09,44.17,1268200,31.78
2008-07-14,45.71,46.16,44.05,44.12,929200,31.74
2008-07-11,44.45,46.45,44.11,45.40,903400,32.66
2008-07-10,43.36,45.25,43.21,44.95,965400,32.34
2008-07-09,45.94,45.94,43.11,43.25,1250700,31.12
2008-07-08,43.43,46.64,43.00,46.09,1432900,33.16
2008-07-07,44.08,44.33,43.11,43.18,932500,31.06
2008-07-03,44.03,44.33,43.54,43.93,457700,31.60
2008-07-02,44.30,44.35,43.56,43.85,1078400,31.55
2008-07-01,42.59,44.17,42.54,44.17,2644500,31.78
2008-06-30,44.55,45.08,44.00,44.50,646800,32.01
2008-06-27,44.80,45.32,44.31,44.55,979400,32.05
2008-06-26,45.31,45.63,44.70,44.80,1134900,32.23
2008-06-25,45.66,46.29,45.28,45.83,1122600,32.97
2008-06-24,44.82,45.74,44.55,45.42,687200,32.68
2008-06-23,46.10,46.64,44.88,44.88,942800,32.29
2008-06-20,46.66,47.10,45.98,46.06,1205700,33.14
2008-06-19,45.85,47.12,45.85,47.02,589900,33.83
2008-06-18,46.53,46.66,45.85,45.99,671900,33.09
2008-06-17,47.88,48.00,46.54,46.67,787100,33.58
2008-06-16,47.12,47.82,46.75,47.82,517700,34.40
2008-06-13,46.65,47.25,46.16,47.20,632600,33.96
2008-06-12,46.69,47.19,46.08,46.43,716200,33.40
2008-06-11,46.97,47.12,46.28,46.36,542900,33.35
2008-06-10,46.60,47.26,46.17,47.09,658400,33.88
2008-06-09,47.84,48.33,46.96,46.96,686100,33.78
2008-06-06,48.88,48.95,47.83,47.83,962700,34.41
2008-06-05,48.60,49.25,48.30,49.08,719000,35.31
2008-06-04,48.09,48.79,47.99,48.65,667700,35.00
2008-06-03,48.08,48.72,47.80,48.35,842500,34.78
2008-06-02,48.10,48.29,47.60,48.04,696900,34.56
2008-05-30,48.39,48.40,47.85,48.30,1795700,34.75
2008-05-29,47.78,48.29,47.61,48.28,607500,34.73
2008-05-28,48.00,48.14,47.56,47.95,481100,34.50
2008-05-27,47.24,48.00,47.20,47.79,510100,34.38
2008-05-23,46.95,47.55,46.71,47.05,454100,33.85
2008-05-22,47.32,47.72,47.07,47.19,480300,33.95
2008-05-21,48.65,48.86,47.41,47.41,629200,34.11
2008-05-20,48.73,48.91,48.37,48.47,581700,34.87
2008-05-19,49.01,49.13,48.48,48.80,537000,35.11
2008-05-16,49.26,49.70,48.64,48.89,827600,35.17
2008-05-15,49.67,50.12,48.90,49.96,563700,35.94
2008-05-14,49.90,49.96,49.29,49.50,712700,35.61
2008-05-13,49.87,50.04,49.49,49.86,452000,35.87
2008-05-12,48.58,49.96,48.50,49.96,923600,35.94
2008-05-09,47.30,48.52,47.25,48.43,1096000,34.84
2008-05-08,47.51,48.10,47.30,47.69,720500,34.31
2008-05-07,48.49,48.50,47.13,47.24,885900,33.99
2008-05-06,47.59,48.35,47.56,48.34,1100200,34.78
2008-05-05,48.06,48.18,47.46,48.05,638600,34.57
2008-05-02,49.46,49.61,47.86,48.00,5806100,34.53
2008-05-01,48.35,49.19,48.35,49.19,665200,35.39
2008-04-30,49.33,49.52,48.36,48.45,608900,34.86
2008-04-29,50.06,50.06,49.25,49.49,874900,35.12
2008-04-28,50.30,50.49,50.00,50.30,493700,35.69
2008-04-25,50.01,50.19,49.38,50.19,503600,35.61
2008-04-24,49.16,49.85,48.94,49.85,640900,35.37
2008-04-23,48.45,49.42,48.39,49.14,741900,34.87
2008-04-22,48.58,48.87,48.11,48.33,560400,34.29
2008-04-21,48.41,48.88,48.41,48.67,528400,34.53
2008-04-18,49.92,49.92,48.51,48.86,694700,34.67
2008-04-17,48.82,49.40,48.36,49.30,662600,34.98
2008-04-16,47.60,49.12,47.27,49.10,942800,34.84
2008-04-15,46.97,47.34,46.61,47.34,771900,33.59
2008-04-14,46.70,47.42,46.50,46.80,659400,33.21
2008-04-11,46.48,47.17,46.48,46.95,749800,33.31
2008-04-10,46.04,47.25,45.88,47.13,609100,33.44
2008-04-09,46.77,46.82,45.77,46.04,783700,32.67
2008-04-08,46.32,47.05,46.26,46.62,615300,33.08
2008-04-07,47.05,47.14,46.29,46.73,461200,33.16
2008-04-04,47.90,47.90,46.58,46.65,884100,33.10
2008-04-03,46.64,47.82,46.23,47.82,986400,33.93
2008-04-02,46.55,47.16,45.85,46.97,743900,33.33
2008-04-01,45.83,46.73,45.41,46.68,952400,33.12
2008-03-31,44.90,46.04,44.75,45.13,1194800,32.02
2008-03-28,45.10,45.78,44.79,44.89,671100,31.85
2008-03-27,45.44,45.95,45.00,45.07,1133100,31.98
2008-03-26,45.99,46.18,45.37,45.52,695900,32.30
2008-03-25,46.18,46.45,45.50,46.40,972800,32.92
2008-03-24,45.39,46.21,45.00,46.07,1058900,32.69
2008-03-20,44.20,45.55,44.20,45.53,1465000,32.31
2008-03-19,44.30,45.00,44.00,44.24,1414500,31.39
2008-03-18,43.70,44.30,42.67,44.30,1070600,31.43
2008-03-17,42.09,43.47,42.09,43.07,1479100,30.56
2008-03-14,43.35,43.70,41.86,43.09,1130900,30.57
2008-03-13,41.95,43.47,41.34,43.35,1217000,30.76
2008-03-12,42.52,43.13,41.97,42.39,1285300,30.08
2008-03-11,41.42,42.63,41.01,42.52,1504500,30.17
2008-03-10,40.90,41.04,40.40,40.56,846800,28.78
2008-03-07,39.75,41.13,39.48,40.89,914400,29.01
2008-03-06,40.80,41.17,39.95,40.02,993400,28.40
2008-03-05,41.18,41.20,40.65,41.10,2606500,29.16
2008-03-04,41.01,41.88,40.90,41.44,1102300,29.40
2008-03-03,41.03,41.55,40.79,41.52,838800,29.46
2008-02-29,41.71,42.29,41.00,41.16,1152900,29.20
2008-02-28,42.22,42.40,41.40,41.43,866600,29.40
2008-02-27,42.60,42.91,42.03,42.35,714200,30.05
2008-02-26,42.47,42.75,41.92,42.75,860800,30.33
2008-02-25,41.42,42.50,41.07,42.50,1087100,30.16
2008-02-22,40.35,41.41,39.87,41.41,828300,29.38
2008-02-21,41.15,41.50,40.24,40.32,847800,28.61
2008-02-20,39.95,41.01,39.89,40.99,619800,29.08
2008-02-19,41.00,41.08,40.11,40.26,511600,28.57
2008-02-15,39.80,40.55,39.52,40.55,434900,28.77
2008-02-14,40.85,40.88,39.93,39.93,766100,28.33
2008-02-13,40.82,41.40,40.12,40.94,687400,29.05
2008-02-12,39.85,40.90,39.75,40.57,637100,28.79
2008-02-11,40.74,40.74,39.62,39.72,636800,28.18
2008-02-08,41.33,41.75,40.23,40.63,926400,28.83
2008-02-07,40.44,41.58,40.15,41.58,1070200,29.50
2008-02-06,42.01,42.07,40.40,40.47,1594200,28.72
2008-02-05,42.78,43.33,41.87,41.87,717700,29.71
2008-02-04,43.71,43.71,42.53,43.49,430700,30.86
2008-02-01,42.88,43.73,42.31,43.72,1126700,31.02
2008-01-31,42.07,43.21,42.00,42.82,3370600,30.38
2008-01-30,42.86,43.98,42.33,42.46,671100,30.13
2008-01-29,43.69,44.30,43.00,43.19,651300,30.65
2008-01-28,43.42,44.50,42.97,44.41,1425000,31.04
2008-01-25,43.60,44.30,42.89,43.49,1027400,30.40
2008-01-24,44.40,44.40,42.60,43.37,881400,30.32
2008-01-23,41.30,44.22,41.24,43.96,1465600,30.73
2008-01-22,39.32,42.06,39.26,41.74,1022500,29.18
2008-01-18,41.85,42.31,40.28,40.83,1702600,28.54
2008-01-17,42.42,43.01,41.57,41.66,1362000,29.12
2008-01-16,42.67,43.26,42.36,42.46,1606200,29.68
2008-01-15,43.56,43.75,42.81,42.89,793500,29.98
2008-01-14,44.38,44.55,43.15,43.84,637800,30.64
2008-01-11,43.70,44.35,43.18,44.16,1102000,30.87
2008-01-10,42.74,44.66,42.63,43.98,1099800,30.74
2008-01-09,42.02,43.53,41.40,43.13,1207900,30.15
2008-01-08,43.13,44.05,42.15,42.15,1189800,29.46
2008-01-07,43.13,44.00,42.50,43.07,849000,30.11
2008-01-04,44.23,44.23,42.95,43.11,922300,30.13
2008-01-03,45.13,45.39,44.22,44.23,886000,30.92
2008-01-02,44.68,45.42,44.37,45.07,558900,31.50
