Date,Open,High,Low,Close,Volume,Adj Close
2013-12-31,82.90,83.29,82.45,83.00,1489300,82.74
2013-12-30,83.07,83.54,82.59,82.61,1471400,82.35
2013-12-27,82.77,83.39,82.27,83.07,1333500,82.81
2013-12-26,81.28,82.85,81.16,82.60,1548600,82.34
2013-12-24,80.25,81.26,80.02,81.14,1036100,80.89
2013-12-23,80.72,81.40,80.14,80.22,2309000,79.97
2013-12-20,80.68,81.42,80.16,80.17,3826500,79.92
2013-12-19,80.42,81.08,80.14,80.54,2118200,80.29
2013-12-18,79.60,80.90,78.67,80.83,2749700,80.58
2013-12-17,81.15,81.18,78.95,79.51,3307600,79.26
2013-12-16,78.00,79.73,77.52,79.35,2790000,79.10
2013-12-13,78.50,79.30,78.41,78.95,2665500,78.70
2013-12-12,78.94,79.43,77.88,78.56,2650000,78.07
2013-12-11,79.67,79.87,78.81,78.94,2470200,78.44
2013-12-10,80.60,81.30,79.58,79.94,2505500,79.44
2013-12-09,80.91,81.21,80.02,80.51,2083000,80.00
2013-12-06,82.43,82.79,80.46,80.86,2295600,80.35
2013-12-05,81.83,82.38,81.40,81.47,2106600,80.96
2013-12-04,80.98,82.65,80.98,82.21,2304500,81.69
2013-12-03,80.63,81.54,80.25,81.15,3157300,80.64
2013-12-02,81.01,81.60,80.33,80.91,1959000,80.40
2013-11-29,81.62,82.51,81.10,81.13,1352500,80.62
2013-11-27,83.54,83.54,81.09,81.48,2484000,80.97
2013-11-26,82.82,84.33,82.20,83.61,2394700,83.08
2013-11-25,82.22,83.28,81.70,82.63,2001200,82.11
2013-11-22,82.66,83.35,81.60,83.33,2224700,82.81
2013-11-21,81.45,82.49,81.15,82.33,1915800,81.81
2013-11-20,81.90,82.75,80.99,81.31,1631500,80.80
2013-11-19,81.75,82.27,80.93,81.89,1814800,81.38
2013-11-18,83.15,83.32,81.59,81.91,2078100,81.40
2013-11-15,81.90,82.86,81.52,82.86,3378400,82.34
2013-11-14,80.76,81.80,80.49,81.70,2215500,81.19
2013-11-13,79.37,80.88,79.36,80.78,1978200,80.27
2013-11-12,80.95,81.34,79.72,79.94,2233700,79.44
2013-11-11,80.38,81.24,80.19,80.87,2127300,80.36
2013-11-08,78.92,80.33,78.89,80.30,2156700,79.80
2013-11-07,81.03,81.39,78.68,78.78,3303300,78.29
2013-11-06,81.02,82.56,80.55,81.00,3069800,80.49
2013-11-05,81.35,81.61,80.37,80.49,2906000,79.98
2013-11-04,81.12,81.95,81.02,81.73,2202500,81.22
2013-11-01,81.22,81.49,80.04,80.93,3550400,80.42
2013-10-31,80.83,81.94,79.98,81.20,3306700,80.69
2013-10-30,82.16,82.67,79.96,80.32,6151900,79.82
2013-10-29,83.30,83.80,83.01,83.50,1497700,82.98
2013-10-28,83.33,83.63,82.69,83.16,2066200,82.64
2013-10-25,83.42,83.78,82.43,83.20,1548600,82.68
2013-10-24,82.28,83.33,81.74,83.09,1883500,82.57
2013-10-23,83.00,83.02,81.06,81.92,4193100,81.41
2013-10-22,84.53,85.15,83.33,83.56,4171900,83.04
2013-10-21,84.08,84.85,83.69,84.00,3127000,83.47
2013-10-18,82.87,84.07,82.81,84.06,3568200,83.53
2013-10-17,81.37,82.59,81.37,82.39,2791000,81.87
2013-10-16,81.32,82.44,81.32,82.31,3995900,81.79
2013-10-15,80.28,81.64,80.28,80.81,3646300,80.30
2013-10-14,80.53,81.53,80.35,81.31,3135500,80.80
2013-10-11,80.25,81.40,79.93,81.10,3736000,80.59
2013-10-10,81.04,81.23,79.53,80.79,3704100,80.28
2013-10-09,78.13,79.14,77.95,78.53,2850800,78.04
2013-10-08,79.36,80.34,78.54,78.77,2598200,78.28
2013-10-07,79.54,80.43,79.27,79.54,2416200,79.04
2013-10-04,79.77,80.61,79.76,80.14,3173000,79.64
2013-10-03,79.94,81.12,79.54,79.89,3755600,79.39
2013-10-02,78.26,80.36,78.26,79.96,2428500,79.46
2013-10-01,76.97,78.91,76.83,78.69,2179000,78.20
2013-09-30,77.51,77.80,76.62,77.34,1899500,76.85
2013-09-27,78.03,78.67,77.88,78.33,1184400,77.84
2013-09-26,79.06,79.35,78.10,78.79,1328500,78.30
2013-09-25,78.71,79.32,78.56,78.72,1740400,78.23
2013-09-24,78.59,79.35,78.20,78.51,2877100,78.02
2013-09-23,78.39,78.85,77.51,78.53,2324700,78.04
2013-09-20,79.64,80.41,78.17,78.63,4256400,78.14
2013-09-19,79.45,80.35,79.45,79.64,2643000,79.14
2013-09-18,77.50,79.50,77.20,79.22,2601400,78.72
2013-09-17,77.87,78.22,77.52,77.79,2968700,77.30
2013-09-16,78.37,78.57,77.45,77.92,2264400,77.43
2013-09-13,77.14,78.04,77.14,77.72,2085900,77.23
2013-09-12,77.70,78.25,77.12,77.25,3026700,76.76
2013-09-11,77.87,78.26,76.98,78.10,2602200,77.36
2013-09-10,78.30,78.32,77.02,77.79,2793100,77.05
2013-09-09,77.62,78.34,77.54,78.33,2159100,77.59
2013-09-06,76.80,78.20,76.26,77.30,2537900,76.57
2013-09-05,76.28,77.03,76.19,76.53,2543300,75.81
2013-09-04,75.79,76.72,75.57,76.15,2919200,75.43
2013-09-03,75.92,76.45,75.35,75.99,1865300,75.27
2013-08-30,75.84,76.15,74.81,74.85,3032400,74.14
2013-08-29,76.09,76.15,75.17,75.82,1923000,75.10
2013-08-28,75.88,77.05,75.71,76.48,2550500,75.76
2013-08-27,74.61,76.38,74.61,75.45,2661700,74.74
2013-08-26,75.75,76.38,75.19,75.41,2415900,74.70
2013-08-23,74.69,75.77,74.36,75.66,1623000,74.94
2013-08-22,73.43,74.92,73.43,74.51,1754500,73.80
2013-08-21,73.58,74.05,72.62,73.03,2285800,72.34
2013-08-20,73.70,74.47,72.85,73.72,2490200,73.02
2013-08-19,74.74,75.32,73.28,73.29,2343700,72.60
2013-08-16,74.87,75.48,74.49,75.07,3008600,74.36
2013-08-15,74.66,75.30,74.34,75.23,2677400,74.52
2013-08-14,75.60,75.92,75.17,75.47,1940500,74.76
2013-08-13,75.16,75.45,74.60,75.21,2115800,74.50
2013-08-12,74.49,75.32,74.35,75.13,2601800,74.42
2013-08-09,75.54,75.64,74.36,74.89,3408700,74.18
2013-08-08,74.33,74.83,73.42,74.36,1893800,73.66
2013-08-07,73.04,74.00,72.38,73.56,2475100,72.86
2013-08-06,75.05,75.22,73.10,73.46,4230100,72.76
2013-08-05,74.98,75.14,74.35,75.08,2086500,74.37
2013-08-02,75.62,75.66,75.00,75.31,2392200,74.60
2013-08-01,75.38,76.34,74.78,76.04,3595300,75.32
2013-07-31,73.79,75.80,73.79,74.46,6142400,73.76
2013-07-30,73.08,73.72,72.13,73.19,3670100,72.50
2013-07-29,72.78,73.00,71.67,72.03,2721000,71.35
2013-07-26,72.99,73.24,72.33,73.20,1414500,72.51
2013-07-25,72.23,73.63,72.23,73.54,2104100,72.84
2013-07-24,73.57,73.66,72.04,72.63,2130800,71.94
2013-07-23,73.32,73.94,73.13,73.43,2002800,72.74
2013-07-22,74.30,74.50,72.76,73.27,3083700,72.58
2013-07-19,72.51,74.00,72.23,73.94,3731000,73.24
2013-07-18,71.41,72.39,71.34,72.16,2654800,71.48
2013-07-17,70.92,71.58,70.82,71.28,1854300,70.61
2013-07-16,71.05,71.37,70.20,70.74,1523200,70.07
2013-07-15,71.64,71.81,70.81,71.06,1589500,70.39
2013-07-12,70.80,71.34,70.73,71.17,2133400,70.50
2013-07-11,69.94,71.08,69.83,70.96,4169200,70.29
2013-07-10,68.56,69.04,68.42,68.73,1914700,68.08
2013-07-09,68.89,68.98,67.92,68.57,2106600,67.92
2013-07-08,68.50,68.71,68.13,68.53,2648600,67.88
2013-07-05,67.86,68.19,66.98,68.13,1341100,67.49
2013-07-03,67.05,67.29,66.23,67.20,1146200,66.56
2013-07-02,66.72,67.81,66.51,67.22,3090000,66.58
2013-07-01,66.82,67.47,66.50,66.71,2294300,66.08
2013-06-28,66.95,67.07,66.20,66.49,2595500,65.86
2013-06-27,66.26,67.50,66.21,67.05,3390500,66.42
2013-06-26,64.12,66.58,64.06,65.71,3792100,65.09
2013-06-25,63.68,64.26,62.98,63.65,2803200,63.05
2013-06-24,63.28,63.46,61.32,62.87,5068300,62.28
2013-06-21,64.26,64.44,62.63,64.02,5992300,63.41
2013-06-20,65.26,65.66,64.04,64.28,3407600,63.67
2013-06-19,67.33,68.08,66.25,66.38,2678600,65.75
2013-06-18,67.54,67.75,67.14,67.52,3253500,66.88
2013-06-17,66.59,68.00,66.59,67.51,2269400,66.87
2013-06-14,67.24,67.25,65.77,65.97,3066400,65.35
2013-06-13,66.67,67.11,66.00,66.85,3233400,66.22
2013-06-12,68.12,68.22,66.46,66.82,2370200,66.09
2013-06-11,67.72,68.03,67.11,67.29,1552700,66.55
2013-06-10,69.23,69.38,68.32,68.75,1392900,68.00
2013-06-07,68.63,69.34,68.01,69.18,2125700,68.42
2013-06-06,66.70,67.99,66.27,67.99,2241700,67.25
2013-06-05,67.97,68.19,66.56,66.76,2822000,66.03
2013-06-04,68.46,68.92,67.53,68.25,2339500,67.50
2013-06-03,67.58,69.17,67.51,68.79,2945500,68.04
2013-05-31,68.50,68.85,67.40,67.41,3888300,66.67
2013-05-30,68.26,69.16,67.87,68.74,2587900,67.99
2013-05-29,67.83,68.82,67.74,68.57,2056700,67.82
2013-05-28,68.66,69.17,67.93,68.52,3958900,67.77
2013-05-24,67.43,67.60,66.33,67.48,4042100,66.74
2013-05-23,67.55,68.24,66.75,68.04,3071900,67.30
2013-05-22,69.41,69.99,67.85,68.58,3882300,67.83
2013-05-21,69.66,70.19,69.16,69.61,3336900,68.85
2013-05-20,69.60,70.15,69.28,69.72,3352400,68.96
2013-05-17,69.58,69.95,69.27,69.68,3576600,68.92
2013-05-16,70.95,70.95,68.00,69.11,11770100,68.35
2013-05-15,71.69,72.42,70.55,70.60,3422900,69.83
2013-05-14,69.58,72.27,69.53,72.22,5844700,71.43
2013-05-13,69.25,69.77,68.77,69.39,3427800,68.63
2013-05-10,70.66,70.68,69.01,69.30,4846500,68.54
2013-05-09,71.86,71.98,70.70,70.96,2596300,70.18
2013-05-08,72.17,72.57,71.56,71.89,3420700,71.10
2013-05-07,72.69,73.09,71.94,72.26,2117300,71.47
2013-05-06,72.90,73.35,72.45,72.46,2827900,71.67
2013-05-03,73.00,73.91,72.91,73.00,4779700,72.20
2013-05-02,71.90,72.41,71.03,72.21,2234900,71.42
2013-05-01,71.62,71.62,70.42,70.71,2718100,69.94
2013-04-30,72.08,72.18,70.79,72.18,3309600,71.39
2013-04-29,71.64,72.50,71.38,72.20,1884300,71.41
2013-04-26,71.02,71.49,70.82,70.99,3405000,70.21
2013-04-25,70.27,72.26,70.06,71.16,3177500,70.38
2013-04-24,69.28,70.73,69.05,70.12,3998800,69.35
2013-04-23,68.18,68.94,67.67,68.21,3078400,67.46
2013-04-22,67.29,68.37,66.78,67.90,5272200,67.16
2013-04-19,67.23,67.29,66.55,66.78,4454700,66.05
2013-04-18,66.96,67.54,66.11,67.02,2991500,66.29
2013-04-17,68.01,68.05,65.67,66.91,3209900,66.18
2013-04-16,68.97,69.33,67.78,68.79,2673500,68.04
2013-04-15,69.68,69.82,67.94,67.97,3280300,67.23
2013-04-12,72.15,72.15,70.70,71.39,1897100,70.61
2013-04-11,73.12,73.28,71.99,72.66,1599000,71.86
2013-04-10,73.33,73.68,72.67,72.92,1861800,72.12
2013-04-09,72.48,73.60,71.88,73.30,3167400,72.50
2013-04-08,72.00,72.44,71.35,72.44,1890800,71.65
2013-04-05,71.00,72.11,70.39,71.69,1661000,70.91
2013-04-04,72.10,72.24,70.65,71.79,2784200,71.00
2013-04-03,74.25,74.25,71.84,72.06,3411100,71.27
2013-04-02,73.73,74.22,72.78,74.14,2992400,73.33
2013-04-01,71.57,74.48,71.36,73.54,4507900,72.74
2013-03-28,72.00,72.50,71.13,71.61,2691100,70.83
2013-03-27,70.76,72.23,70.11,72.03,2585600,71.24
2013-03-26,70.67,71.35,70.28,71.11,2443200,70.33
2013-03-25,71.00,71.74,70.36,70.44,3246300,69.67
2013-03-22,69.62,70.37,69.53,70.27,2287800,69.50
2013-03-21,69.42,70.36,69.24,69.27,2337800,68.51
2013-03-20,70.57,70.70,69.79,69.90,2450200,69.13
2013-03-19,72.17,72.40,69.04,70.00,3841600,69.23
2013-03-18,71.52,72.63,71.33,72.22,2444100,71.43
2013-03-15,71.59,72.56,71.34,72.51,4489800,71.72
2013-03-14,71.67,72.12,71.35,71.97,3210500,71.18
2013-03-13,70.32,71.99,70.04,71.69,3955700,70.91
2013-03-12,69.93,70.85,69.77,70.38,4150900,69.51
2013-03-11,69.23,69.96,68.65,69.89,2761500,69.03
2013-03-08,69.27,69.65,68.84,69.47,3226800,68.61
2013-03-07,69.88,69.92,68.80,69.04,2952100,68.19
2013-03-06,70.30,70.46,69.26,69.49,3565200,68.63
2013-03-05,69.93,70.49,69.48,69.82,6545500,68.96
2013-03-04,69.11,70.00,68.26,68.84,10307800,67.99
2013-03-01,66.04,66.55,65.18,66.54,4601000,65.72
2013-02-28,65.71,67.23,65.45,66.50,3399000,65.68
2013-02-27,64.24,66.08,64.06,65.68,2529300,64.87
2013-02-26,64.17,65.05,63.40,64.61,3918900,63.81
2013-02-25,66.45,66.97,63.72,63.74,2764500,62.95
2013-02-22,65.04,66.10,64.38,66.03,2384800,65.21
2013-02-21,65.72,65.93,63.90,64.40,6312400,63.60
2013-02-20,68.11,68.17,65.84,66.01,3854400,65.19
2013-02-19,67.69,68.46,67.42,68.21,2669200,67.37
2013-02-15,68.18,68.39,67.02,67.42,4047600,66.59
2013-02-14,67.76,68.96,67.53,68.35,3537100,67.51
2013-02-13,67.00,68.44,66.99,67.96,10539000,67.12
2013-02-12,66.71,67.38,66.48,66.98,2525200,66.15
2013-02-11,67.12,67.12,66.34,66.74,2299500,65.92
2013-02-08,66.69,67.68,66.69,67.37,2760400,66.54
2013-02-07,66.50,66.84,65.98,66.57,2638200,65.75
2013-02-06,65.78,66.84,65.78,66.65,4588700,65.83
2013-02-05,67.92,67.92,66.00,66.02,5580000,65.20
2013-02-04,66.96,67.84,66.80,67.49,4636300,66.66
2013-02-01,67.37,68.95,67.05,68.21,4800000,67.37
2013-01-31,65.72,67.79,64.61,67.16,6978500,66.33
2013-01-30,67.62,68.49,66.05,67.88,11845200,67.04
2013-01-29,67.83,70.77,67.13,68.11,24404200,67.27
2013-01-28,63.15,63.76,61.51,62.48,14383600,61.71
2013-01-25,58.47,58.99,58.40,58.90,2552300,58.17
2013-01-24,57.84,58.68,57.80,58.44,2996200,57.72
2013-01-23,58.57,58.58,57.60,57.83,3372400,57.12
2013-01-22,57.77,58.98,57.42,58.87,5782700,58.14
2013-01-18,57.48,57.68,56.86,57.66,3163600,56.95
2013-01-17,57.19,57.60,56.65,57.30,2707500,56.59
2013-01-16,56.41,57.17,56.37,57.03,2771800,56.33
2013-01-15,56.10,56.78,55.83,56.67,3936300,55.97
2013-01-14,56.49,56.85,56.12,56.42,2849400,55.72
2013-01-11,56.80,56.87,55.98,56.25,3477500,55.56
2013-01-10,56.41,56.71,55.89,56.61,3789300,55.91
2013-01-09,55.79,56.55,55.20,55.60,4542400,54.91
2013-01-08,55.75,55.79,54.82,55.41,3370800,54.73
2013-01-07,55.62,55.94,55.10,55.84,4536200,55.15
2013-01-04,54.16,55.04,54.10,55.02,2371200,54.34
2013-01-03,53.60,54.70,53.32,54.20,3887600,53.53
2013-01-02,54.13,54.13,53.06,53.71,5446900,53.05
2012-12-31,51.01,53.00,50.90,52.96,2973400,52.31
2012-12-28,52.04,52.18,51.25,51.28,2923500,50.65
2012-12-27,52.29,52.62,51.77,52.45,3198200,51.80
2012-12-26,52.87,53.32,52.29,52.32,1562600,51.67
2012-12-24,53.23,53.30,52.50,52.64,959300,51.99
2012-12-21,52.83,53.54,52.47,53.39,5910900,52.73
2012-12-20,53.04,53.54,53.04,53.46,2098100,52.80
2012-12-19,54.00,54.08,53.02,53.04,2663000,52.38
2012-12-18,52.12,54.15,52.12,54.05,4124500,53.38
2012-12-17,51.51,52.47,51.39,52.25,3222300,51.60
2012-12-14,51.36,52.01,50.99,51.38,4571900,50.75
2012-12-13,51.84,52.55,51.25,51.84,3943000,51.20
2012-12-12,50.82,52.74,50.77,52.02,5261300,51.28
2012-12-11,50.25,51.06,50.18,50.57,2584800,49.85
2012-12-10,49.67,50.29,49.49,50.02,2801400,49.31
2012-12-07,49.24,49.72,48.95,49.69,1889000,48.98
2012-12-06,49.31,49.47,48.30,49.11,3278400,48.41
2012-12-05,49.13,49.85,49.04,49.47,3242500,48.77
2012-12-04,49.61,49.82,48.69,48.87,3218300,48.17
2012-12-03,50.11,50.50,49.28,49.57,2437700,48.86
2012-11-30,50.32,50.49,49.27,49.61,3610300,48.90
2012-11-29,50.21,50.65,50.20,50.50,3132700,49.78
2012-11-28,48.76,49.89,48.40,49.85,2992900,49.14
2012-11-27,49.83,50.26,49.33,49.38,2826700,48.68
2012-11-26,50.61,50.62,49.48,49.90,2741600,49.19
2012-11-23,50.30,51.16,50.05,51.12,1233300,50.39
2012-11-21,49.94,50.12,49.40,50.10,2000900,49.39
2012-11-20,50.13,50.46,49.28,49.55,3598400,48.84
2012-11-19,49.78,50.49,49.76,50.49,4004300,49.77
2012-11-16,49.10,49.34,48.20,48.91,5294600,48.21
2012-11-15,49.48,49.85,48.38,48.89,6027700,48.19
2012-11-14,50.10,50.42,49.14,49.53,4412200,48.82
2012-11-13,50.12,51.03,49.64,49.96,4097500,49.25
2012-11-12,50.71,50.71,50.08,50.57,3011600,49.85
2012-11-09,52.02,52.16,50.55,50.73,8108700,50.01
2012-11-08,53.01,53.47,52.18,52.20,3730700,51.46
2012-11-07,54.64,54.64,52.82,53.12,4303400,52.36
2012-11-06,55.06,55.96,54.64,55.52,3417600,54.73
2012-11-05,53.88,54.98,53.84,54.90,4485600,54.12
2012-11-02,54.68,55.35,52.47,53.39,6254900,52.63
2012-11-01,52.21,53.18,52.11,52.65,3444100,51.90
2012-10-31,53.82,54.23,51.97,52.26,3765100,51.52
2012-10-26,53.77,54.17,52.84,53.24,2686300,52.48
2012-10-25,53.27,53.94,52.54,53.90,3739900,53.13
2012-10-24,52.47,53.02,51.60,52.53,4332900,51.78
2012-10-23,53.41,53.41,51.71,52.37,5880700,51.62
2012-10-22,54.34,55.09,53.65,54.51,2836600,53.73
2012-10-19,55.28,55.54,54.15,54.28,2545700,53.51
2012-10-18,55.39,55.72,54.85,55.32,2358100,54.53
2012-10-17,55.25,55.79,54.97,55.62,2392100,54.83
2012-10-16,53.58,55.09,53.41,54.99,4536000,54.21
2012-10-15,53.10,53.28,52.16,52.94,2571000,52.19
2012-10-12,53.07,53.56,52.75,53.28,2109000,52.52
2012-10-11,53.21,54.17,53.10,53.33,2459400,52.57
2012-10-10,53.55,53.94,52.44,52.61,3815900,51.86
2012-10-09,53.74,54.39,53.62,53.73,2299400,52.96
2012-10-08,53.21,53.91,52.80,53.63,2247400,52.87
2012-10-05,54.37,54.47,53.35,53.56,3006800,52.80
2012-10-04,52.84,54.10,52.73,53.98,2670400,53.21
2012-10-03,53.55,53.55,52.12,52.64,2977500,51.89
2012-10-02,54.09,54.35,53.22,53.50,2188500,52.74
2012-10-01,53.85,54.60,53.76,53.95,2256500,53.18
2012-09-28,53.46,53.89,53.02,53.72,2715600,52.95
2012-09-27,52.82,53.95,52.57,53.77,2594900,53.00
2012-09-26,53.35,53.35,51.87,52.40,4719500,51.65
2012-09-25,54.99,55.40,53.58,53.60,3070300,52.84
2012-09-24,54.82,55.09,54.40,54.78,2653100,54.00
2012-09-21,55.93,56.32,55.52,55.64,3635400,54.85
2012-09-20,54.82,55.50,54.25,55.44,2690000,54.65
2012-09-19,54.95,55.46,54.64,55.10,4038000,54.31
2012-09-18,55.26,55.65,54.67,55.50,2352700,54.71
2012-09-17,55.75,56.43,55.11,55.49,2935000,54.70
2012-09-14,55.76,57.34,55.76,56.06,5084300,55.26
2012-09-13,54.86,56.24,54.08,55.60,4310700,54.81
2012-09-12,54.84,55.00,54.22,54.78,2928800,53.90
2012-09-11,53.91,54.69,53.52,54.59,3927100,53.71
2012-09-10,52.87,54.09,52.42,53.13,4005600,52.28
2012-09-07,51.11,53.31,50.93,52.90,5288900,52.05
2012-09-06,49.93,51.40,49.92,50.82,3362200,50.00
2012-09-05,49.31,49.62,48.70,49.31,3318000,48.52
2012-09-04,50.57,50.57,49.17,49.65,2423500,48.85
2012-08-31,50.21,50.92,50.05,50.53,2188400,49.72
2012-08-30,50.29,50.33,49.63,49.68,1863500,48.88
2012-08-29,50.95,51.03,50.31,50.54,2451700,49.73
2012-08-28,50.18,51.14,49.94,50.84,3232100,50.02
2012-08-27,50.20,50.32,49.69,49.87,2391700,49.07
2012-08-24,49.60,50.33,48.98,50.19,2727000,49.38
2012-08-23,50.40,50.53,49.76,49.78,2104000,48.98
2012-08-22,50.15,50.65,49.54,50.45,2833700,49.64
2012-08-21,50.75,50.90,50.34,50.47,2671100,49.66
2012-08-20,49.31,50.70,49.24,50.49,3149300,49.68
2012-08-17,50.09,50.16,49.09,49.31,4399400,48.52
2012-08-16,49.16,50.23,49.16,50.01,3031900,49.21
2012-08-15,49.34,49.56,49.01,49.23,3260800,48.44
2012-08-14,49.32,49.76,49.27,49.58,2916600,48.78
2012-08-13,49.51,49.80,48.86,49.09,2536300,48.30
2012-08-10,49.11,49.68,48.85,49.68,2575600,48.88
2012-08-09,50.00,50.00,49.35,49.59,3883100,48.79
2012-08-08,48.79,50.25,48.60,50.03,4013100,49.23
2012-08-07,48.87,49.83,48.84,49.42,3873400,48.63
2012-08-06,48.04,49.02,47.92,48.28,3837300,47.51
2012-08-03,47.82,48.32,47.52,47.71,3896400,46.94
2012-08-02,47.01,47.82,46.00,46.52,3737100,45.77
2012-08-01,47.60,48.31,46.70,47.80,3587200,47.03
2012-07-31,47.92,48.63,47.10,47.16,4055100,46.40
2012-07-30,48.30,48.58,47.69,48.18,3889000,47.41
2012-07-27,47.96,48.71,47.53,48.36,7222600,47.58
2012-07-26,46.65,47.69,46.43,47.56,6840200,46.80
2012-07-25,45.62,46.42,43.11,45.46,12393200,44.73
2012-07-24,44.33,44.49,43.30,43.93,4567500,43.23
2012-07-23,43.52,44.58,43.28,44.41,3798700,43.70
2012-07-20,44.87,45.50,44.70,45.40,4739600,44.67
2012-07-19,45.33,45.46,44.54,44.99,4553000,44.27
2012-07-18,43.68,45.18,43.68,44.90,4014300,44.18
2012-07-17,43.75,44.18,43.02,44.10,3827300,43.39
2012-07-16,43.29,43.81,42.84,43.50,3350700,42.80
2012-07-13,42.78,43.38,42.60,43.29,3848800,42.60
2012-07-12,43.01,43.04,42.15,42.60,3647300,41.92
2012-07-11,42.47,44.06,42.37,43.68,4600600,42.98
2012-07-10,43.63,43.82,41.94,42.30,4079200,41.62
2012-07-09,43.20,43.59,42.57,43.31,3665900,42.61
2012-07-06,43.57,43.77,43.04,43.32,2751300,42.62
2012-07-05,45.03,45.03,44.00,44.29,4621100,43.58
2012-07-03,44.33,45.34,44.03,45.30,5022700,44.57
2012-07-02,43.14,43.84,42.63,43.46,3588800,42.76
2012-06-29,42.20,43.45,42.01,43.45,6944800,42.75
2012-06-28,40.59,41.30,40.28,41.12,6165600,40.46
2012-06-27,40.20,41.22,40.00,41.00,5388100,40.34
2012-06-26,39.95,40.62,39.68,39.99,4037700,39.35
2012-06-25,40.41,40.51,39.67,39.95,5394700,39.31
2012-06-22,41.32,41.59,40.56,41.00,6392700,40.34
2012-06-21,44.19,44.19,40.91,40.97,8200700,40.31
2012-06-20,44.39,44.83,43.66,44.21,4112500,43.50
2012-06-19,43.98,44.63,43.57,44.33,3155200,43.62
2012-06-18,44.22,44.22,43.12,43.71,3339000,43.01
2012-06-15,44.20,44.89,43.68,44.80,3887700,44.08
2012-06-14,43.15,44.03,42.81,43.95,4525000,43.24
2012-06-13,43.59,44.01,42.92,43.13,4783200,42.34
2012-06-12,44.14,44.57,43.50,43.93,4176200,43.12
2012-06-11,45.29,45.79,43.92,43.98,4196400,43.17
2012-06-08,44.20,44.93,43.94,44.72,3008300,43.90
2012-06-07,45.88,46.48,44.65,44.76,3825900,43.94
2012-06-06,43.74,45.39,43.74,45.10,6714900,44.27
2012-06-05,42.51,43.68,42.51,43.01,3582200,42.22
2012-06-04,42.82,43.13,41.85,42.68,4866000,41.90
2012-06-01,43.70,43.70,42.22,42.65,7454400,41.87
2012-05-31,45.49,45.61,43.31,43.70,9572700,42.90
2012-05-30,46.68,46.68,45.15,45.38,4210600,44.55
2012-05-29,47.30,48.00,46.86,47.42,4260700,46.55
2012-05-25,46.30,47.15,46.30,46.69,3327500,45.83
2012-05-24,46.68,46.74,45.79,46.51,4487800,45.66
2012-05-23,45.08,46.65,44.65,46.63,5700000,45.78
2012-05-22,46.03,46.88,45.45,45.77,5144200,44.93
2012-05-21,44.78,46.09,44.78,46.04,6388500,45.20
2012-05-18,45.38,45.79,44.37,44.60,5874400,43.78
2012-05-17,44.36,45.80,44.36,45.15,6940400,44.32
2012-05-16,45.65,46.49,44.10,44.24,8374800,43.43
2012-05-15,46.70,47.12,45.10,45.32,6959500,44.49
2012-05-14,47.20,47.24,46.50,46.63,5763000,45.78
2012-05-11,48.18,49.35,47.81,47.95,3942200,47.07
2012-05-10,49.35,49.86,48.39,48.55,4854300,47.66
2012-05-09,49.85,49.85,48.30,48.65,7078000,47.76
2012-05-08,50.06,50.09,48.62,49.85,6451100,48.94
2012-05-07,50.87,51.04,50.02,50.34,4763700,49.42
2012-05-04,51.79,52.00,50.36,50.94,5470600,50.01
2012-05-03,53.54,53.99,52.10,52.40,5151900,51.44
2012-05-02,53.69,54.45,53.00,54.04,6235600,53.05
2012-05-01,52.40,54.31,52.30,54.03,6961200,53.04
2012-04-30,51.54,52.48,51.35,52.14,5280800,51.18
2012-04-27,51.81,51.98,51.22,51.54,8290000,50.60
2012-04-26,50.78,53.19,50.71,51.75,11646300,50.80
2012-04-25,56.05,56.19,50.31,51.18,20989300,50.24
2012-04-24,54.13,55.30,53.91,55.04,4476000,54.03
2012-04-23,53.83,54.35,53.08,54.12,4340600,53.13
2012-04-20,55.66,56.25,55.00,55.07,3188900,54.06
2012-04-19,55.28,56.00,54.93,55.25,2485000,54.24
2012-04-18,55.38,55.83,54.85,55.15,2454400,54.14
2012-04-17,54.88,55.93,54.61,55.57,3130900,54.55
2012-04-16,55.57,55.86,54.08,54.26,3567200,53.27
2012-04-13,56.40,56.65,55.25,55.28,3245300,54.27
2012-04-12,55.63,56.93,55.55,56.66,3376000,55.62
2012-04-11,56.13,56.40,55.26,55.47,3898700,54.45
2012-04-10,56.87,56.99,55.17,55.45,3524800,54.43
2012-04-09,56.53,57.45,56.38,56.74,2927500,55.70
2012-04-05,57.85,59.05,57.54,57.87,3336700,56.81
2012-04-04,58.19,58.90,57.70,58.58,4537900,57.51
2012-04-03,59.42,59.53,58.38,58.94,2948600,57.86
2012-04-02,58.71,60.20,58.64,59.55,3352700,58.46
2012-03-30,58.83,59.28,58.14,58.95,2663800,57.87
2012-03-29,58.07,58.65,57.35,58.43,3832700,57.36
2012-03-28,59.23,59.50,58.03,58.63,3933800,57.56
2012-03-27,60.35,60.49,59.64,59.67,2666100,58.58
2012-03-26,60.66,60.73,59.76,60.14,3181400,59.04
2012-03-23,59.22,60.05,58.56,59.86,3751700,58.76
2012-03-22,60.65,60.78,58.79,59.22,4990800,58.13
2012-03-21,61.72,61.84,60.88,61.22,3621900,60.10
2012-03-20,62.59,62.59,61.50,61.69,2715000,60.56
2012-03-19,62.55,63.67,62.50,63.27,2622600,62.11
2012-03-16,61.70,63.01,61.64,62.55,5001100,61.40
2012-03-15,61.85,62.65,61.27,61.49,4143600,60.36
2012-03-14,63.00,63.80,61.39,61.77,4468600,60.64
2012-03-13,62.91,63.17,62.00,63.01,3444600,61.76
2012-03-12,63.09,63.25,61.85,62.67,4934800,61.42
2012-03-09,64.37,64.58,62.87,63.04,5441900,61.79
2012-03-08,64.79,65.15,63.37,64.56,3450300,63.28
2012-03-07,63.67,64.67,62.85,64.14,2628900,62.86
2012-03-06,63.61,63.91,62.50,63.50,4421200,62.24
2012-03-05,65.01,65.25,63.88,64.70,4131000,63.41
2012-03-02,65.84,66.35,65.11,65.43,4334900,64.13
2012-03-01,65.35,66.83,65.33,66.16,4170000,64.84
2012-02-29,65.87,66.36,64.79,64.92,4705000,63.63
2012-02-28,67.06,67.47,65.41,65.86,4353900,64.55
2012-02-27,66.56,67.86,66.46,67.00,3863200,65.67
2012-02-24,66.65,67.28,66.50,67.00,3561400,65.67
2012-02-23,65.31,66.39,64.59,66.38,3515700,65.06
2012-02-22,65.95,65.95,64.47,65.23,3658300,63.93
2012-02-21,65.15,67.02,65.15,65.50,5106800,64.20
2012-02-17,65.35,65.80,64.44,65.15,4137100,63.85
2012-02-16,64.07,65.07,63.66,64.88,4377800,63.59
2012-02-15,62.13,65.05,62.00,64.13,7796200,62.85
2012-02-14,62.15,62.45,61.34,61.90,3318800,60.67
2012-02-13,62.74,63.44,61.95,62.26,3148600,61.02
2012-02-10,62.04,62.86,61.73,61.82,4598400,60.59
2012-02-09,60.75,63.45,60.73,63.25,8076900,61.99
2012-02-08,61.48,61.48,60.09,60.46,6281700,59.26
2012-02-07,60.78,62.48,60.15,61.18,8031800,59.96
2012-02-06,59.87,61.17,59.54,61.12,4176700,59.90
2012-02-03,58.69,60.65,58.35,60.38,6484000,59.18
2012-02-02,56.89,58.05,56.53,57.81,5330200,56.66
2012-02-01,56.84,57.09,56.23,56.73,5227400,55.60
2012-01-31,56.35,56.46,55.02,56.30,7792400,55.18
2012-01-30,55.09,55.34,54.10,55.15,4341300,54.05
2012-01-27,54.58,55.63,54.29,55.26,6372300,54.16
2012-01-26,58.13,58.33,54.76,54.99,9590200,53.90
2012-01-25,59.68,60.66,57.16,57.31,11204500,56.17
2012-01-24,61.00,61.00,59.65,60.32,4396900,59.12
2012-01-23,61.22,62.06,61.07,61.65,3121000,60.42
2012-01-20,61.10,61.35,60.44,61.27,3694700,60.05
2012-01-19,59.97,61.48,59.56,61.19,5959700,59.97
2012-01-18,58.13,59.72,57.67,59.67,5571000,58.48
2012-01-17,57.56,58.21,57.04,57.39,3801300,56.25
2012-01-13,56.51,56.96,56.09,56.55,3715800,55.43
2012-01-12,58.00,58.56,56.99,57.01,4896000,55.88
2012-01-11,58.19,58.38,57.67,57.94,3301100,56.79
2012-01-10,58.12,58.92,58.12,58.56,4307500,57.40
2012-01-09,56.45,57.26,56.34,56.90,3542200,55.77
2012-01-06,57.57,57.59,55.94,56.42,4984300,55.30
2012-01-05,58.45,58.66,57.37,57.60,6649600,56.45
2012-01-04,58.25,59.08,57.81,59.00,4913900,57.83
2012-01-03,58.72,59.11,58.05,58.40,4572400,57.24
2011-12-30,56.52,57.22,56.49,56.80,1902700,55.67
2011-12-29,56.01,56.62,55.84,56.47,1640000,55.35
2011-12-28,57.11,57.45,55.81,55.95,1672400,54.84
2011-12-27,57.05,57.59,57.03,57.17,1601700,56.03
2011-12-23,56.77,56.96,56.23,56.96,1464400,55.83
2011-12-22,56.11,56.87,56.05,56.65,2231500,55.52
2011-12-21,55.49,56.16,54.95,55.82,2428500,54.71
2011-12-20,54.43,55.75,54.28,55.50,3004400,54.40
2011-12-19,54.30,54.32,52.91,53.08,3092000,52.02
2011-12-16,55.12,55.24,53.66,54.31,3732900,53.23
2011-12-15,54.82,55.20,54.05,54.69,3635900,53.50
2011-12-14,55.69,55.80,53.60,53.82,4014600,52.65
2011-12-13,57.28,58.49,55.87,56.27,4207800,55.05
2011-12-12,57.42,57.44,55.37,56.35,3377000,55.13
2011-12-09,57.75,58.76,57.68,58.47,3065900,57.20
2011-12-08,59.38,59.46,57.15,57.43,3229200,56.18
2011-12-07,60.00,60.31,58.53,59.81,2970700,58.51
2011-12-06,60.69,60.99,59.84,60.42,3028100,59.11
2011-12-05,61.14,61.84,60.24,60.76,3043700,59.44
2011-12-02,60.36,60.69,59.56,59.65,2760000,58.36
2011-12-01,59.93,61.13,59.32,59.49,3244100,58.20
2011-11-30,59.44,61.13,58.96,60.22,4867200,58.91
2011-11-29,56.74,58.43,56.54,57.39,3351600,56.15
2011-11-28,56.55,57.42,56.15,56.74,3364200,55.51
2011-11-25,54.69,55.68,54.33,54.33,1498400,53.15
2011-11-23,57.03,57.20,54.66,55.01,4585200,53.82
2011-11-22,58.20,59.48,57.84,58.03,3918600,56.77
2011-11-21,58.48,58.87,57.50,58.47,2918100,57.20
2011-11-18,61.00,61.71,59.50,59.73,3950100,58.44
2011-11-17,62.50,63.10,60.00,60.37,4676200,59.06
2011-11-16,62.52,64.49,62.26,62.53,3693600,61.17
2011-11-15,63.66,64.16,62.90,63.40,2581500,62.03
2011-11-14,64.23,64.96,63.25,64.12,2114900,62.73
2011-11-11,65.03,66.31,64.76,65.09,3559300,63.68
2011-11-10,62.73,64.39,61.81,63.85,4450000,62.47
2011-11-09,62.19,63.13,61.28,61.39,3995800,60.06
2011-11-08,64.00,64.99,62.97,64.76,2759800,63.36
2011-11-07,63.62,64.54,61.88,63.39,2792500,62.02
2011-11-04,62.68,63.90,62.22,63.44,3322200,62.06
2011-11-03,61.15,63.14,60.31,62.91,4124000,61.55
2011-11-02,60.46,61.18,59.53,60.45,3234000,59.14
2011-11-01,59.37,60.22,58.44,58.94,5809000,57.66
2011-10-31,64.82,65.66,62.08,62.56,6279800,61.20
2011-10-28,64.31,65.90,63.68,65.66,5334700,64.24
2011-10-27,63.60,66.49,62.48,64.58,10631500,63.18
2011-10-26,56.58,60.59,56.30,60.38,7645100,59.07
2011-10-25,60.86,60.96,58.69,58.78,3993600,57.51
2011-10-24,60.21,61.32,59.97,61.00,3778100,59.68
2011-10-21,59.88,60.84,58.78,59.80,3793800,58.50
2011-10-20,58.85,59.25,56.62,58.81,4013700,57.54
2011-10-19,58.18,60.05,57.90,58.92,4638600,57.64
2011-10-18,56.66,58.84,55.13,58.21,6915300,56.95
2011-10-17,57.05,58.22,56.65,56.82,4374100,55.59
2011-10-14,56.49,57.55,56.37,57.47,3302400,56.22
2011-10-13,55.52,55.70,54.00,55.09,3344500,53.90
2011-10-12,56.35,57.26,55.70,56.10,3126100,54.88
2011-10-11,55.36,56.67,54.98,55.61,3311400,54.40
2011-10-10,54.71,56.39,54.71,56.09,2816300,54.87
2011-10-07,55.09,55.22,52.46,53.20,3752200,52.05
2011-10-06,53.65,55.04,52.59,54.69,3553400,53.50
2011-10-05,52.22,53.58,51.40,53.46,4612200,52.30
2011-10-04,48.50,52.04,46.66,51.95,6300000,50.82
2011-10-03,52.36,52.45,49.31,49.46,6059100,48.39
2011-09-30,54.23,54.76,52.43,52.46,4169900,51.32
2011-09-29,56.59,56.67,54.13,55.54,4374900,54.34
2011-09-28,57.15,58.29,54.72,54.76,4936900,53.57
2011-09-27,55.78,58.40,55.20,56.87,6542900,55.64
2011-09-26,52.02,54.17,50.42,54.09,5592800,52.92
2011-09-23,51.20,52.32,50.93,51.48,4490000,50.36
2011-09-22,54.07,54.22,50.76,51.77,8615400,50.65
2011-09-21,59.67,60.00,56.43,56.49,4431100,55.27
2011-09-20,60.97,61.64,59.61,59.76,3000000,58.46
2011-09-19,59.90,61.23,59.00,60.76,3797900,59.44
2011-09-16,61.47,62.33,60.65,61.61,4374100,60.27
2011-09-15,61.34,61.84,60.62,61.25,3186300,59.92
2011-09-14,60.16,61.38,58.76,60.40,4544700,58.99
2011-09-13,58.20,60.08,57.29,59.66,6557500,58.27
2011-09-12,56.64,58.01,56.12,57.99,6636100,56.64
2011-09-09,58.94,59.76,56.86,57.74,5478300,56.39
2011-09-08,59.07,61.75,58.60,59.84,5914000,58.45
2011-09-07,58.01,59.27,57.66,59.26,2762700,57.88
2011-09-06,55.85,56.82,55.36,56.73,4683100,55.41
2011-09-02,57.91,58.57,57.32,58.01,5784200,56.66
2011-09-01,59.51,60.56,58.50,59.82,7403600,58.43
2011-08-31,58.72,59.99,58.37,59.34,4626500,57.96
2011-08-30,57.30,58.59,56.61,58.22,5150900,56.86
2011-08-29,56.71,58.63,56.60,58.59,3485800,57.22
2011-08-26,54.02,56.00,53.48,55.70,3506500,54.40
2011-08-25,56.60,56.82,54.30,54.60,3432200,53.33
2011-08-24,54.99,56.27,54.48,56.20,3250300,54.89
2011-08-23,54.25,55.43,53.30,55.38,5720500,54.09
2011-08-22,56.04,56.25,53.74,53.91,4621500,52.65
2011-08-19,54.43,56.59,54.00,54.29,4969900,53.03
2011-08-18,57.07,57.07,54.50,55.60,6200400,54.30
2011-08-17,60.02,60.92,59.09,59.55,3275700,58.16
2011-08-16,59.53,60.61,58.62,59.20,5141200,57.82
2011-08-15,57.19,60.24,57.16,60.21,4719800,58.81
2011-08-12,57.48,57.80,56.25,57.04,5506100,55.71
2011-08-11,54.50,57.80,53.73,56.72,12625700,55.40
2011-08-10,54.92,55.91,53.84,54.05,9236700,52.79
2011-08-09,54.83,56.19,52.63,56.02,7126200,54.71
2011-08-08,57.56,58.25,53.13,53.55,7848200,52.30
2011-08-05,62.30,62.88,57.61,59.86,8362200,58.47
2011-08-04,64.17,64.17,60.86,61.30,6842400,59.87
2011-08-03,66.00,66.33,63.67,65.14,5832600,63.62
2011-08-02,67.98,68.91,65.94,66.02,4855200,64.48
2011-08-01,70.02,70.03,67.70,68.44,3553400,66.85
2011-07-29,68.95,69.59,68.37,68.56,5136000,66.96
2011-07-28,69.16,71.63,69.03,70.45,5650000,68.81
2011-07-27,70.70,72.22,69.82,70.28,8590200,68.64
2011-07-26,74.32,74.73,72.93,73.09,3217300,71.39
2011-07-25,73.25,74.87,73.04,74.15,2280200,72.42
2011-07-22,74.29,74.66,73.67,74.37,2037800,72.64
2011-07-21,73.09,74.37,73.05,74.14,2457800,72.41
2011-07-20,74.55,74.56,72.75,72.81,2629800,71.11
2011-07-19,73.20,74.75,73.15,74.12,3057000,72.39
2011-07-18,72.19,72.98,71.80,72.49,3549400,70.80
2011-07-15,70.12,72.99,70.03,72.93,6074500,71.23
2011-07-14,71.50,71.64,69.56,69.64,5612300,68.02
2011-07-13,71.90,72.54,69.48,70.79,8420600,69.14
2011-07-12,71.70,72.41,70.92,71.38,3628700,69.72
2011-07-11,73.42,73.61,71.70,72.02,3036200,70.34
2011-07-08,73.77,74.71,73.60,74.68,2947200,72.94
2011-07-07,75.87,76.45,75.33,75.65,2764600,73.89
2011-07-06,75.37,75.40,73.89,74.41,3303800,72.68
2011-07-05,75.30,77.12,75.22,75.78,2909600,74.01
2011-07-01,74.77,75.59,73.63,75.42,3594100,73.66
2011-06-30,74.03,75.15,73.54,74.76,4905300,73.02
2011-06-29,71.69,73.34,71.33,72.98,4075200,71.28
2011-06-28,69.71,71.56,69.71,71.47,2984700,69.80
2011-06-27,68.78,69.55,68.37,69.19,2780600,67.58
2011-06-24,69.65,70.15,68.94,69.04,3017500,67.43
2011-06-23,69.97,69.97,68.31,69.58,4669400,67.96
2011-06-22,70.94,72.88,70.53,71.42,3491900,69.76
2011-06-21,69.47,72.05,69.14,71.53,4018800,69.86
2011-06-20,68.65,69.26,67.65,68.73,5186900,67.13
2011-06-17,71.16,71.40,69.02,69.28,5475700,67.67
2011-06-16,71.31,71.56,69.40,70.31,4769200,68.67
2011-06-15,72.20,72.57,70.27,70.98,4922100,69.33
2011-06-14,72.56,73.84,72.36,73.36,2398100,71.65
2011-06-13,73.07,73.46,70.69,71.61,3188900,69.84
2011-06-10,74.41,74.41,72.75,72.85,3531100,71.05
2011-06-09,74.24,75.58,73.97,75.11,2695700,73.26
2011-06-08,74.52,75.93,73.50,73.77,4143900,71.95
2011-06-07,75.90,76.45,74.41,74.53,4167200,72.69
2011-06-06,76.83,77.14,74.14,74.38,3259500,72.55
2011-06-03,75.56,78.10,75.31,76.97,2507400,75.07
2011-06-02,76.58,77.64,75.50,76.70,3118900,74.81
2011-06-01,78.78,79.08,76.05,76.30,3828300,74.42
2011-05-31,79.68,80.05,78.12,79.03,2687900,77.08
2011-05-27,78.79,79.50,78.17,78.60,1990100,76.66
2011-05-26,77.90,78.75,77.50,78.40,2569000,76.47
2011-05-25,77.05,78.49,76.95,78.24,3119900,76.31
2011-05-24,77.09,78.44,76.99,77.44,2914200,75.53
2011-05-23,76.25,76.80,75.76,76.20,3082800,74.32
2011-05-20,77.64,78.59,77.09,77.92,4067300,76.00
2011-05-19,78.03,78.47,77.00,78.08,3748300,76.15
2011-05-18,75.68,77.96,75.29,77.19,3852600,75.29
2011-05-17,74.28,75.59,73.80,75.46,3684100,73.60
2011-05-16,75.36,76.60,74.35,74.59,3625400,72.75
2011-05-13,77.16,77.33,75.46,75.78,3260400,73.91
2011-05-12,76.53,77.34,75.21,76.38,4318700,74.50
2011-05-11,79.15,79.15,76.75,77.07,3870700,75.17
2011-05-10,79.80,80.13,78.45,79.67,4295800,77.71
2011-05-09,78.29,80.29,78.00,79.95,3865000,77.98
2011-05-06,78.58,79.95,76.36,77.47,6059300,75.56
2011-05-05,76.62,78.56,75.55,76.52,6960900,74.63
2011-05-04,79.65,79.72,76.68,77.43,8071400,75.52
2011-05-03,82.90,83.04,79.57,79.83,5327500,77.86
2011-05-02,86.19,86.19,83.02,83.56,4505700,81.50
2011-04-29,83.94,86.45,83.93,85.96,3772600,83.84
2011-04-28,84.04,84.78,83.00,83.94,3340400,81.87
2011-04-27,84.15,84.80,82.28,82.74,6679000,80.70
2011-04-26,80.16,80.92,79.60,80.67,2400000,78.68
2011-04-25,80.73,80.89,79.63,80.00,1582700,78.03
2011-04-21,80.49,81.10,79.65,80.68,2112200,78.69
2011-04-20,80.29,80.65,79.83,80.55,2267200,78.56
2011-04-19,77.21,78.71,76.74,78.56,2422900,76.62
2011-04-18,77.44,77.85,76.61,77.21,2955500,75.31
2011-04-15,79.39,79.64,78.51,78.88,4377400,76.93
2011-04-14,79.37,79.86,78.65,79.65,3030900,77.69
2011-04-13,80.59,81.30,78.46,79.67,5875500,77.71
2011-04-12,80.84,80.93,78.76,80.31,4183000,78.33
2011-04-11,83.97,84.56,81.54,81.78,2725100,79.76
2011-04-08,85.17,85.50,83.81,84.24,2812100,82.16
2011-04-07,85.39,85.55,83.41,84.53,2821000,82.45
2011-04-06,86.89,87.00,84.01,84.81,2845300,82.72
2011-04-05,86.25,86.88,85.55,86.35,1918500,84.22
2011-04-04,86.52,86.98,85.50,85.88,1721500,83.76
2011-04-01,85.82,87.19,85.81,86.74,2363000,84.60
2011-03-31,84.76,86.11,84.63,85.21,3645900,83.11
2011-03-30,83.89,84.85,83.21,83.81,1821300,81.74
2011-03-29,82.80,83.67,81.93,83.37,2212000,81.31
2011-03-28,84.42,85.00,82.93,82.97,1705300,80.92
2011-03-25,82.23,84.62,81.37,84.36,3177200,82.28
2011-03-24,81.21,82.16,80.13,82.15,2550100,80.12
2011-03-23,81.88,82.09,80.05,80.66,3532300,78.67
2011-03-22,82.26,82.49,81.04,82.10,2365800,80.08
2011-03-21,81.34,82.35,80.92,82.17,2524800,80.14
2011-03-18,81.67,81.88,79.59,79.59,3833900,77.63
2011-03-17,79.14,80.93,78.73,80.31,3471700,78.33
2011-03-16,78.95,80.67,76.92,78.31,4004700,76.38
2011-03-15,76.36,79.30,76.21,78.53,3127600,76.59
2011-03-14,79.29,79.68,78.26,79.35,2563500,77.39
2011-03-11,78.13,80.72,78.00,80.18,3872200,78.20
2011-03-10,81.74,81.97,78.66,78.74,5482000,76.80
2011-03-09,83.29,84.18,82.66,83.10,1987100,80.95
2011-03-08,84.36,84.53,82.35,83.81,2693200,81.64
2011-03-07,84.95,85.97,83.55,84.36,2050600,82.18
2011-03-04,85.40,85.50,83.63,84.24,2614400,82.06
2011-03-03,85.44,85.69,84.40,85.20,2224100,83.00
2011-03-02,84.65,84.95,83.00,84.51,2335800,82.33
2011-03-01,87.17,87.40,84.00,84.66,4270000,82.47
2011-02-28,85.50,87.03,85.00,87.03,3767400,84.78
2011-02-25,84.04,84.85,82.79,84.80,3500700,82.61
2011-02-24,84.69,85.40,82.82,83.73,4133900,81.57
2011-02-23,81.10,85.21,81.10,84.95,5061000,82.76
2011-02-22,84.35,85.00,80.63,80.76,4140800,78.67
2011-02-18,83.92,85.02,83.27,85.00,2870100,82.80
2011-02-17,83.69,84.42,82.82,84.13,2278700,81.96
2011-02-16,81.60,83.98,81.41,83.84,2651500,81.67
2011-02-15,82.07,82.27,81.00,81.19,1559400,79.09
2011-02-14,80.49,82.45,80.33,82.33,2371500,80.20
2011-02-11,81.09,81.29,79.88,80.60,2590000,78.52
2011-02-10,79.89,81.40,79.75,81.29,1790100,79.19
2011-02-09,82.15,82.47,79.86,80.09,2984100,78.02
2011-02-08,82.80,82.81,81.77,82.67,2387500,80.53
2011-02-07,82.66,83.91,82.53,83.15,2045000,81.00
2011-02-04,84.35,84.35,81.91,82.34,2892200,80.21
2011-02-03,83.71,84.00,81.75,83.14,2533000,80.99
2011-02-02,84.83,85.20,83.76,83.88,2555000,81.71
2011-02-01,84.32,86.12,84.31,85.36,4082400,83.15
2011-01-31,81.70,84.19,81.46,84.12,4187500,81.95
2011-01-28,78.93,82.23,78.25,81.51,6961300,79.40
2011-01-27,79.58,79.91,78.45,79.25,2928200,77.20
2011-01-26,76.79,79.77,76.00,79.35,5064600,77.30
2011-01-25,78.58,78.75,76.29,77.17,4934000,75.18
2011-01-24,78.74,79.29,78.36,78.94,3357200,76.90
2011-01-21,79.02,80.14,78.41,78.65,3841400,76.62
2011-01-20,79.95,80.04,77.76,79.44,4155600,77.39
2011-01-19,82.16,82.47,80.36,80.50,3046500,78.42
2011-01-18,82.72,82.75,81.93,82.03,2690300,79.91
2011-01-14,79.95,82.33,79.67,82.13,3047700,80.01
2011-01-13,80.89,81.07,79.44,79.92,3082300,77.86
2011-01-12,82.23,82.38,79.80,80.19,3760100,78.12
2011-01-11,78.57,81.61,78.41,80.99,4838400,78.90
2011-01-10,79.18,79.26,77.00,77.99,4777300,75.97
2011-01-07,79.19,79.34,78.11,79.17,2739900,77.12
2011-01-06,80.27,80.45,78.70,79.21,2872600,77.16
2011-01-05,78.27,79.52,77.36,79.47,4138400,77.42
2011-01-04,78.17,78.36,77.20,77.75,2724200,75.74
2011-01-03,77.94,78.39,77.09,77.42,2124900,75.42
2010-12-31,76.44,76.90,75.85,76.54,1286900,74.56
2010-12-30,76.50,76.98,76.22,76.44,1830300,74.47
2010-12-29,75.59,76.53,75.08,76.44,2713500,74.47
2010-12-28,75.64,75.64,74.94,75.12,1523600,73.18
2010-12-27,75.38,75.49,74.63,75.27,1196600,73.33
2010-12-23,75.74,76.02,75.43,75.84,1586600,73.88
2010-12-22,75.98,76.54,75.51,76.18,2134700,74.21
2010-12-21,74.73,76.05,74.57,76.01,2219100,74.05
2010-12-20,74.99,75.29,74.25,74.60,3171500,72.67
2010-12-17,74.75,75.91,74.47,75.44,4451200,73.49
2010-12-16,73.45,74.44,72.57,74.42,2876800,72.50
2010-12-15,73.77,74.37,72.91,73.21,2479200,71.22
2010-12-14,74.19,74.54,73.62,74.09,2801600,72.08
2010-12-13,74.72,75.27,73.93,74.12,2593600,72.11
2010-12-10,74.32,74.73,73.97,74.52,1862700,72.50
2010-12-09,75.07,75.07,73.61,73.95,2170300,71.94
2010-12-08,75.70,75.86,73.60,74.34,2692900,72.32
2010-12-07,74.82,76.37,74.66,75.44,3977300,73.39
2010-12-06,74.42,74.50,73.18,74.00,4098500,71.99
2010-12-03,73.93,74.75,73.83,74.30,3369400,72.28
2010-12-02,73.10,74.55,73.10,74.29,2486900,72.27
2010-12-01,71.59,73.39,71.46,73.14,3238000,71.15
2010-11-30,69.39,70.65,69.12,70.05,2607800,68.15
2010-11-29,69.38,70.42,67.87,70.12,2695000,68.22
2010-11-26,70.08,70.29,69.33,69.78,1068200,67.88
2010-11-24,69.39,70.97,69.35,70.94,2432200,69.01
2010-11-23,68.90,69.33,68.39,69.05,3211400,67.17
2010-11-22,69.78,70.00,68.42,69.69,2014900,67.80
2010-11-19,69.76,70.48,69.14,70.40,3003900,68.49
2010-11-18,68.83,70.39,68.83,69.99,2764000,68.09
2010-11-17,67.13,68.69,66.51,67.82,3561600,65.98
2010-11-16,68.75,68.75,67.20,67.78,4049000,65.94
2010-11-15,70.63,70.67,69.53,69.53,2711100,67.64
2010-11-12,71.01,71.04,69.15,70.06,4056900,68.16
2010-11-11,70.82,71.99,69.50,71.90,2867100,69.95
2010-11-10,70.15,71.53,69.11,71.53,3055300,69.59
2010-11-09,70.96,71.22,69.18,69.66,3386600,67.77
2010-11-08,69.67,70.85,69.44,70.47,3184600,68.56
2010-11-05,69.28,70.23,69.09,69.98,4563800,68.08
2010-11-04,69.25,69.90,68.89,69.25,6086000,67.37
2010-11-03,65.55,66.75,65.22,66.44,4616900,64.63
2010-11-02,64.83,65.97,64.75,65.28,3206800,63.51
2010-11-01,63.72,64.67,63.72,64.10,3019100,62.36
2010-10-29,62.89,63.48,62.57,63.03,2074700,61.32
2010-10-28,63.18,63.75,62.91,63.23,2205400,61.51
2010-10-27,63.19,64.41,61.30,62.51,4590200,60.81
2010-10-26,62.09,62.84,61.43,62.51,3274900,60.81
2010-10-25,63.80,64.10,62.46,62.55,3625800,60.85
2010-10-22,63.22,63.68,62.48,63.25,2603900,61.53
2010-10-21,63.54,64.48,62.58,63.12,2789700,61.41
2010-10-20,62.58,63.84,62.38,63.28,2416000,61.56
2010-10-19,63.52,63.75,62.07,62.27,3336100,60.58
2010-10-18,63.71,64.68,63.43,64.36,2769500,62.61
2010-10-15,63.52,64.04,62.77,63.83,3414400,62.10
2010-10-14,63.30,63.78,62.38,62.75,2446800,61.05
2010-10-13,63.00,63.73,62.90,63.37,2534500,61.65
2010-10-12,62.71,62.98,61.85,62.67,1910800,60.97
2010-10-11,62.52,63.56,62.52,63.04,2146300,61.33
2010-10-08,61.76,62.74,61.51,62.53,2830800,60.83
2010-10-07,62.20,62.33,60.88,61.81,2709800,60.13
2010-10-06,61.15,62.29,61.15,61.61,2758700,59.94
2010-10-05,60.69,62.18,60.65,61.42,5033600,59.75
2010-10-04,60.62,60.97,59.23,59.49,4397200,57.87
2010-10-01,60.00,61.12,59.99,60.92,4574300,59.26
2010-09-30,59.35,59.79,58.13,59.12,3426000,57.51
2010-09-29,58.12,59.35,57.86,58.78,3007000,57.18
2010-09-28,57.74,58.47,57.18,58.19,3970000,56.61
2010-09-27,57.81,57.89,57.46,57.67,2783700,56.10
2010-09-24,56.91,58.17,56.54,57.81,2568500,56.24
2010-09-23,55.68,56.72,55.46,56.05,2199400,54.53
2010-09-22,56.25,57.93,56.24,56.40,3373900,54.87
2010-09-21,56.31,56.86,55.31,56.14,2781000,54.61
2010-09-20,55.25,56.85,55.18,56.67,3403500,55.13
2010-09-17,56.12,56.24,54.95,54.97,5242400,53.48
2010-09-16,54.59,55.88,54.44,55.82,3797600,54.30
2010-09-15,54.39,55.23,54.00,55.00,2960800,53.41
2010-09-14,54.28,55.07,53.84,54.80,3363200,53.21
2010-09-13,55.32,55.32,54.37,54.49,3728100,52.91
2010-09-10,54.54,55.08,54.30,54.42,2631800,52.85
2010-09-09,54.98,55.16,53.86,54.12,2417000,52.55
2010-09-08,53.36,54.80,53.25,54.30,2892100,52.73
2010-09-07,54.82,54.82,53.00,53.38,4560000,51.84
2010-09-03,55.14,55.44,54.49,55.29,2439500,53.69
2010-09-02,53.42,54.91,53.25,54.89,4279000,53.30
2010-09-01,51.32,53.19,51.18,53.11,3480600,51.57
2010-08-31,50.27,50.90,49.81,50.25,2130000,48.80
2010-08-30,51.18,51.49,50.49,50.52,2078800,49.06
2010-08-27,50.20,51.56,49.60,51.46,2583500,49.97
2010-08-26,50.76,51.02,49.80,49.88,2484600,48.44
2010-08-25,49.99,50.66,49.79,50.41,4447300,48.95
2010-08-24,50.55,50.99,50.12,50.21,4278500,48.76
2010-08-23,51.18,51.72,51.02,51.23,1827500,49.75
2010-08-20,51.44,52.00,50.96,51.24,2753200,49.76
2010-08-19,52.51,52.74,51.89,51.99,3815700,50.49
2010-08-18,53.37,53.37,52.20,52.90,2821600,51.37
2010-08-17,53.40,53.62,52.78,53.44,2891800,51.89
2010-08-16,52.49,52.76,52.05,52.62,3097200,51.10
2010-08-13,52.88,53.74,52.73,52.77,1974900,51.24
2010-08-12,52.37,53.48,52.28,53.16,2148500,51.62
2010-08-11,54.41,54.51,53.04,53.40,2922500,51.85
2010-08-10,55.07,55.95,54.65,55.56,2799900,53.95
2010-08-09,56.07,56.20,55.31,56.06,2188600,54.44
2010-08-06,55.82,56.19,54.65,55.59,2565400,53.98
2010-08-05,56.00,56.59,55.79,56.31,2146900,54.68
2010-08-04,56.20,56.56,55.74,56.50,2955600,54.87
2010-08-03,56.06,56.15,55.07,56.08,3469400,54.46
2010-08-02,54.63,56.08,54.52,55.94,4416700,54.32
2010-07-30,53.37,53.91,52.94,53.59,4471300,52.04
2010-07-29,52.51,54.03,52.49,53.85,6356100,52.29
2010-07-28,53.11,53.94,52.01,52.47,7073800,50.95
2010-07-27,52.90,53.36,52.41,53.30,6413500,51.76
2010-07-26,52.61,53.06,52.20,52.78,5053200,51.25
2010-07-23,52.04,52.94,51.32,52.70,4835700,51.18
2010-07-22,51.46,52.89,51.34,52.20,5847900,50.69
2010-07-21,53.59,53.59,50.41,50.89,5432200,49.42
2010-07-20,51.05,52.93,51.00,52.88,3433400,51.35
2010-07-19,51.88,52.38,51.49,51.83,2036600,50.33
2010-07-16,52.49,52.88,51.26,51.49,3320600,50.00
2010-07-15,53.90,53.90,52.42,53.32,3314600,51.78
2010-07-14,53.96,54.49,53.33,53.59,2707900,52.04
2010-07-13,54.39,54.74,53.99,54.35,2439900,52.78
2010-07-12,53.05,53.69,52.70,53.69,2288300,52.14
2010-07-09,54.04,54.11,52.63,53.23,2932000,51.69
2010-07-08,53.79,54.11,52.76,54.10,2817200,52.53
2010-07-07,51.29,53.22,51.23,53.22,3716800,51.68
2010-07-06,51.20,51.92,50.30,50.95,4341000,49.48
2010-07-02,50.17,50.76,49.64,50.08,2873500,48.63
2010-07-01,49.82,50.74,48.71,49.96,5958100,48.51
2010-06-30,51.03,51.86,50.21,50.34,4065400,48.88
2010-06-29,52.18,52.21,50.78,50.95,4094700,49.48
2010-06-28,53.79,53.84,52.67,52.97,3179000,51.44
2010-06-25,53.96,54.48,53.11,53.80,3181800,52.24
2010-06-24,54.82,54.98,53.38,53.73,4527700,52.18
2010-06-23,54.46,55.47,53.97,55.07,3992200,53.48
2010-06-22,55.90,56.06,54.34,54.51,4328000,52.93
2010-06-21,57.09,57.45,55.59,56.01,3593600,54.39
2010-06-18,54.90,56.22,54.27,56.18,4057200,54.55
2010-06-17,55.15,55.21,54.17,54.69,3510100,53.11
2010-06-16,54.85,55.48,54.57,55.00,2510200,53.41
2010-06-15,54.24,55.39,53.97,55.31,2612700,53.71
2010-06-14,54.19,54.75,53.56,53.67,4235800,52.12
2010-06-11,51.78,53.57,51.78,53.45,3109600,51.81
2010-06-10,51.05,52.70,50.88,52.66,4571200,51.04
2010-06-09,50.17,51.46,49.61,49.88,4202100,48.35
2010-06-08,49.79,50.10,48.70,49.69,6024100,48.16
2010-06-07,50.68,51.95,50.21,50.37,3693100,48.82
2010-06-04,51.39,52.21,50.12,50.50,3405500,48.95
2010-06-03,52.25,52.80,51.44,52.59,3076500,50.97
2010-06-02,50.33,52.13,49.88,52.13,4136800,50.53
2010-06-01,52.36,53.10,50.39,50.49,4488800,48.94
2010-05-28,54.30,54.64,52.82,53.20,3976600,51.56
2010-05-27,53.00,54.63,52.89,54.55,3818700,52.87
2010-05-26,53.17,53.25,51.39,51.62,3962200,50.03
2010-05-25,49.76,52.37,49.50,52.24,5379100,50.63
2010-05-24,52.68,52.68,51.25,51.28,4529100,49.70
2010-05-21,50.44,53.33,50.10,52.91,6102600,51.28
2010-05-20,53.59,53.59,51.43,51.52,6482000,49.94
2010-05-19,54.76,55.46,53.56,55.00,5325600,53.31
2010-05-18,56.44,57.02,54.81,55.20,5298900,53.50
2010-05-17,56.37,56.63,53.92,55.50,4410700,53.79
2010-05-14,57.34,57.43,55.23,56.06,5002000,54.34
2010-05-13,58.78,58.94,57.71,58.00,5771900,56.22
2010-05-12,58.97,59.36,57.82,58.84,4588200,57.03
2010-05-11,58.97,60.19,58.27,58.61,5100800,56.81
2010-05-10,59.47,60.46,58.21,59.95,7148800,58.11
2010-05-07,58.31,58.59,56.00,56.74,6259700,55.00
2010-05-06,60.80,61.20,55.05,58.21,9138000,56.42
2010-05-05,61.14,62.39,60.06,61.41,6901600,59.52
2010-05-04,63.22,63.29,61.01,62.38,3679400,60.46
2010-05-03,63.93,64.62,62.72,64.03,3108300,62.06
2010-04-30,64.41,64.75,62.08,63.55,4564800,61.60
2010-04-29,64.12,64.84,63.39,64.32,3370000,62.34
2010-04-28,64.27,64.95,62.34,63.67,5040100,61.71
2010-04-27,64.87,66.22,63.28,63.35,3566300,61.40
2010-04-26,65.41,65.90,64.97,65.35,2617600,63.34
2010-04-23,64.25,65.53,63.65,65.53,3318800,63.51
2010-04-22,63.40,64.33,63.05,64.20,2857400,62.23
2010-04-21,65.18,65.53,64.17,64.75,2560300,62.76
2010-04-20,63.90,65.77,63.90,65.30,3790400,63.29
2010-04-19,62.99,63.55,62.25,63.48,2813700,61.53
2010-04-16,64.41,64.96,62.84,63.65,3824400,61.69
2010-04-15,65.50,65.50,64.34,64.91,3384400,62.91
2010-04-14,65.61,66.15,64.44,65.56,3735300,63.54
2010-04-13,65.25,65.60,63.93,65.07,3057300,63.07
2010-04-12,65.21,65.58,64.77,65.28,2136700,63.27
2010-04-09,64.77,65.15,64.31,64.75,3072900,62.76
2010-04-08,62.59,64.49,61.97,64.19,4151700,62.22
2010-04-07,64.13,64.23,62.77,63.07,3658400,61.13
2010-04-06,64.01,64.52,63.85,64.29,3332700,62.31
2010-04-05,64.27,64.61,64.00,64.28,3479800,62.30
2010-04-01,63.08,64.24,63.06,63.70,3504000,61.74
2010-03-31,62.23,63.15,61.80,62.55,2894800,60.63
2010-03-30,61.25,62.39,60.82,62.12,3512000,60.21
2010-03-29,60.10,61.44,59.73,61.08,3434500,59.20
2010-03-26,60.64,60.81,59.33,59.67,3241000,57.83
2010-03-25,62.02,62.02,60.17,60.25,2397500,58.40
2010-03-24,60.92,61.89,60.65,61.44,2614100,59.55
2010-03-23,61.23,61.63,60.79,61.43,2575500,59.54
2010-03-22,60.49,61.63,60.28,61.38,2495900,59.49
2010-03-19,61.19,62.13,60.46,61.19,4025600,59.31
2010-03-18,62.45,62.54,60.80,61.66,2830400,59.76
2010-03-17,62.02,63.11,61.99,62.65,2901900,60.72
2010-03-16,60.78,61.76,60.34,61.65,3079600,59.75
2010-03-15,60.87,61.08,60.03,60.43,3022800,58.57
2010-03-12,61.32,61.66,61.00,61.26,1628900,59.38
2010-03-11,60.91,61.17,60.50,60.95,2358300,59.08
2010-03-10,60.36,61.57,60.36,61.27,2898400,59.29
2010-03-09,60.83,60.97,60.06,60.50,3453800,58.54
2010-03-08,61.69,61.81,60.62,61.25,2120900,59.27
2010-03-05,60.99,61.58,60.64,61.54,3403600,59.55
2010-03-04,60.69,60.89,59.81,60.42,2807800,58.47
2010-03-03,60.49,61.05,60.37,60.55,2888300,58.59
2010-03-02,60.33,61.00,59.98,60.22,3557000,58.27
2010-03-01,59.14,60.11,59.13,60.00,2388100,58.06
2010-02-26,58.73,59.08,58.22,58.80,2587200,56.90
2010-02-25,57.99,58.71,57.01,58.66,2873300,56.76
2010-02-24,58.97,59.52,58.34,59.00,2211100,57.09
2010-02-23,59.78,59.94,58.37,58.73,2750800,56.83
2010-02-22,61.31,61.31,59.93,60.13,2135800,58.19
2010-02-19,60.51,61.09,60.00,60.84,2453200,58.87
2010-02-18,60.54,61.14,59.65,60.68,3206100,58.72
2010-02-17,60.82,61.26,60.26,60.76,3294800,58.80
2010-02-16,59.82,60.62,59.20,60.46,3241500,58.51
2010-02-12,58.00,58.83,57.63,58.42,3918300,56.53
2010-02-11,57.88,59.20,57.53,59.03,2757300,57.12
2010-02-10,57.69,58.65,56.56,57.87,4739300,56.00
2010-02-09,58.05,58.94,57.31,57.69,4966400,55.82
2010-02-08,57.91,58.48,56.91,57.03,3301600,55.19
2010-02-05,57.56,58.04,55.89,57.98,6737000,56.11
2010-02-04,59.75,59.76,56.99,57.32,5163900,55.47
2010-02-03,60.90,61.17,59.60,60.07,2446100,58.13
2010-02-02,59.66,61.28,59.66,61.21,3454400,59.23
2010-02-01,58.45,59.89,58.18,59.72,3636000,57.79
2010-01-29,58.43,59.86,57.36,57.79,5221900,55.92
2010-01-28,59.26,59.46,57.47,57.87,3651200,56.00
2010-01-27,59.65,61.75,57.20,58.89,7760000,56.99
2010-01-26,59.11,60.42,58.42,59.09,4413900,57.18
2010-01-25,59.46,60.58,59.46,59.99,3809900,58.05
2010-01-22,59.75,61.50,58.69,58.69,6095600,56.79
2010-01-21,62.30,62.77,59.91,60.19,5539500,58.24
2010-01-20,62.25,62.38,60.86,62.04,2369800,60.03
2010-01-19,62.13,63.04,61.65,63.04,2006800,61.00
2010-01-15,62.89,63.41,61.11,62.43,3831200,60.41
2010-01-14,62.89,63.21,62.31,63.01,1725600,60.97
2010-01-13,62.70,63.10,61.00,62.94,4254900,60.90
2010-01-12,64.48,64.48,62.37,62.53,5338700,60.51
2010-01-11,66.48,66.49,64.60,65.14,3038200,63.03
2010-01-08,64.62,65.90,64.08,65.83,2164400,63.70
2010-01-07,63.56,65.27,63.08,64.94,4994300,62.84
2010-01-06,63.31,64.51,63.31,63.72,3545900,61.66
2010-01-05,63.60,64.22,63.14,63.55,3195800,61.50
2010-01-04,61.84,63.43,61.77,63.16,3729300,61.12
2009-12-31,61.33,61.52,60.41,60.50,1384600,58.54
2009-12-30,61.13,61.16,60.27,60.96,2199200,58.99
2009-12-29,60.79,61.46,60.57,61.13,3413600,59.15
2009-12-28,60.64,60.95,59.85,60.71,2811000,58.75
2009-12-24,59.35,60.69,59.19,60.37,1778000,58.42
2009-12-23,59.42,59.69,58.50,59.41,2822900,57.49
2009-12-22,59.00,59.16,58.68,58.78,2201300,56.88
2009-12-21,58.04,59.18,58.04,58.88,3128100,56.98
2009-12-18,57.58,57.77,57.01,57.61,4090300,55.75
2009-12-17,56.70,56.80,56.00,56.40,2498800,54.58
2009-12-16,57.05,58.10,56.71,57.20,2943300,55.25
2009-12-15,56.29,57.06,55.74,56.50,2625900,54.58
2009-12-14,56.42,56.65,55.91,56.28,3130800,54.36
2009-12-11,56.16,56.35,55.18,55.63,2837300,53.74
2009-12-10,55.00,56.43,54.77,55.91,3868500,54.01
2009-12-09,54.83,55.48,53.20,54.63,6447500,52.77
2009-12-08,56.83,56.92,54.44,54.67,5040400,52.81
2009-12-07,57.05,57.80,56.70,57.00,3865100,55.06
2009-12-04,59.99,60.33,56.60,57.10,5479100,55.16
2009-12-03,59.23,59.98,59.11,59.22,3094200,57.20
2009-12-02,60.15,60.15,59.03,59.37,2859200,57.35
2009-12-01,58.76,60.05,58.23,59.80,4092300,57.77
2009-11-30,57.60,58.86,57.24,57.96,3020700,55.99
2009-11-27,57.21,58.10,56.38,57.80,2700700,55.83
2009-11-25,58.77,59.45,58.29,59.39,2576900,57.37
2009-11-24,58.71,59.05,58.00,58.73,3770600,56.73
2009-11-23,59.68,60.50,58.48,58.73,4368400,56.73
2009-11-20,57.93,59.11,57.60,58.84,5824200,56.84
2009-11-19,58.36,58.36,57.08,57.56,3415300,55.60
2009-11-18,58.84,59.10,57.88,58.78,4214100,56.78
2009-11-17,58.47,58.80,57.60,58.38,3779000,56.39
2009-11-16,56.92,58.35,56.92,57.62,3454700,55.66
2009-11-13,56.04,57.00,55.85,56.38,3276400,54.46
2009-11-12,56.94,58.16,55.71,55.95,4301600,54.05
2009-11-11,58.92,59.23,57.13,57.40,2666300,55.45
2009-11-10,58.22,58.92,57.53,58.25,2146600,56.27
2009-11-09,58.22,58.50,57.86,58.33,2352600,56.35
2009-11-06,56.34,58.04,56.01,56.98,3227300,55.04
2009-11-05,56.55,57.49,56.11,56.98,2408500,55.04
2009-11-04,55.87,57.46,55.86,56.24,3840700,54.33
2009-11-03,53.81,56.00,53.24,55.59,4636600,53.70
2009-11-02,55.25,56.50,53.90,54.75,5316000,52.89
2009-10-30,56.03,56.80,54.41,54.74,4988300,52.88
2009-10-29,55.36,56.66,54.84,56.57,4848800,54.65
2009-10-28,58.63,58.63,54.41,54.72,10052300,52.86
2009-10-27,57.75,59.40,56.27,57.81,5788600,55.84
2009-10-26,58.97,60.77,57.05,57.44,4912500,55.49
2009-10-23,61.29,61.29,58.61,58.95,4442600,56.94
2009-10-22,60.03,61.50,59.57,61.35,4042200,59.26
2009-10-21,60.21,62.18,59.71,60.29,4832500,58.24
2009-10-20,61.50,61.63,59.46,60.76,2986500,58.69
2009-10-19,60.53,61.75,60.29,61.53,2319300,59.44
2009-10-16,60.11,60.87,59.60,60.66,3856500,58.60
2009-10-15,58.78,60.75,58.48,60.57,4441000,58.51
2009-10-14,58.94,59.50,58.40,59.29,3904500,57.27
2009-10-13,58.33,58.69,57.17,58.38,3493500,56.39
2009-10-12,57.72,59.22,57.58,57.76,4858100,55.79
2009-10-09,56.02,57.50,55.92,57.41,4711300,55.46
2009-10-08,55.33,56.89,54.94,56.46,6216500,54.54
2009-10-07,55.14,55.85,54.06,55.01,5640500,53.14
2009-10-06,54.54,56.10,54.29,55.15,7463900,53.27
2009-10-05,51.78,54.05,51.63,53.67,6153900,51.84
2009-10-02,51.46,52.27,51.41,51.79,4331200,50.03
2009-10-01,53.50,53.79,51.96,52.40,4106800,50.62
2009-09-30,54.20,54.29,52.60,53.46,4725300,51.64
2009-09-29,54.74,54.95,53.51,53.70,3705300,51.87
2009-09-28,53.18,54.87,53.18,54.69,2817200,52.83
2009-09-25,53.25,54.15,52.62,53.08,4144900,51.27
2009-09-24,54.72,54.93,53.28,53.46,4379800,51.64
2009-09-23,56.52,56.82,54.70,55.07,4011400,53.20
2009-09-22,55.77,56.92,55.64,56.36,3713800,54.44
2009-09-21,54.60,55.26,54.13,55.04,2245700,53.17
2009-09-18,56.68,56.75,55.01,55.81,4237600,53.91
2009-09-17,56.25,57.30,55.75,56.38,4381600,54.46
2009-09-16,54.70,56.59,54.61,56.44,7079700,54.52
2009-09-15,53.68,54.56,52.94,54.41,3972900,52.46
2009-09-14,52.48,53.62,52.37,53.42,3185300,51.51
2009-09-11,54.16,54.65,52.71,53.09,4817500,51.19
2009-09-10,53.06,54.00,52.50,53.62,4596300,51.70
2009-09-09,53.32,53.70,52.27,52.81,4228100,50.92
2009-09-08,52.38,53.83,52.38,53.22,5228500,51.31
2009-09-04,49.79,51.57,49.51,51.44,4982100,49.60
2009-09-03,49.74,50.18,49.50,49.85,2121700,48.07
2009-09-02,49.38,49.90,49.08,49.33,3480800,47.56
2009-09-01,50.29,51.19,49.54,49.60,4216900,47.82
2009-08-31,51.05,51.05,50.13,50.59,3145700,48.78
2009-08-28,52.53,52.76,51.57,51.80,2211700,49.95
2009-08-27,52.08,52.79,50.94,52.10,4096300,50.23
2009-08-26,51.06,52.79,50.71,52.79,4216700,50.90
2009-08-25,52.80,53.15,51.14,51.48,3460900,49.64
2009-08-24,53.21,53.66,52.46,52.60,3873400,50.72
2009-08-21,51.44,53.11,50.60,52.93,6607300,51.03
2009-08-20,50.60,51.34,50.38,50.60,3869800,48.79
2009-08-19,49.60,51.75,49.47,50.85,5732300,49.03
2009-08-18,49.35,50.84,49.26,50.62,3906700,48.81
2009-08-17,49.69,50.02,48.48,49.35,5279800,47.58
2009-08-14,52.45,52.65,50.62,51.15,4434600,49.32
2009-08-13,53.49,53.73,52.20,52.42,6291400,50.54
2009-08-12,53.57,54.17,53.05,53.09,5667300,51.19
2009-08-11,54.39,54.99,53.35,53.47,5174800,51.56
2009-08-10,54.54,55.07,54.37,54.76,2898300,52.80
2009-08-07,56.87,56.87,54.70,54.73,4786200,52.77
2009-08-06,55.61,56.02,55.11,56.01,3828200,54.00
2009-08-05,55.87,55.89,55.00,55.49,3352800,53.50
2009-08-04,56.88,56.89,55.23,55.72,3961400,53.73
2009-08-03,56.95,57.83,56.40,57.29,4645800,55.24
2009-07-31,53.62,55.64,53.59,55.20,4520600,53.22
2009-07-30,52.56,54.70,52.11,54.10,4954600,52.16
2009-07-29,54.14,55.00,50.93,51.72,7338900,49.87
2009-07-28,52.68,53.70,52.17,53.57,4855600,51.65
2009-07-27,53.90,54.20,52.84,53.48,3445200,51.57
2009-07-24,52.74,53.75,52.31,53.63,3588100,51.71
2009-07-23,51.60,53.49,51.53,53.18,5088500,51.28
2009-07-22,52.09,52.44,51.42,51.69,4113900,49.84
2009-07-21,52.78,53.04,51.62,52.60,4338800,50.72
2009-07-20,51.06,52.09,50.81,51.98,4462700,50.12
2009-07-17,50.95,50.99,49.85,50.28,5545200,48.48
2009-07-16,50.52,51.18,49.85,50.92,4607600,49.10
2009-07-15,50.15,51.23,50.11,50.85,4972600,49.03
2009-07-14,49.28,49.98,48.64,49.35,4069800,47.58
2009-07-13,48.00,48.63,46.73,48.61,5175200,46.87
2009-07-10,47.32,47.60,46.33,47.50,6291600,45.80
2009-07-09,48.66,49.03,47.91,48.57,5774700,46.83
2009-07-08,48.69,49.38,46.85,48.00,9498100,46.28
2009-07-07,49.33,49.59,48.06,48.74,10137400,47.00
2009-07-06,48.08,48.68,46.91,48.62,6573600,46.88
2009-07-02,51.66,53.11,49.29,49.65,9267100,47.87
2009-07-01,54.50,54.75,52.28,53.11,7387200,51.21
2009-06-30,53.99,54.85,52.50,53.75,6069400,51.83
2009-06-29,54.90,55.67,54.11,54.44,5263800,52.49
2009-06-26,54.16,54.80,53.98,54.28,8691000,52.34
2009-06-25,53.42,54.81,52.96,54.63,5444300,52.67
2009-06-24,52.58,53.66,52.00,53.12,6436700,51.22
2009-06-23,51.65,52.47,50.92,52.30,5604600,50.43
2009-06-22,52.06,52.28,50.17,50.46,5964800,48.65
2009-06-19,54.43,54.43,52.46,53.21,8422400,51.30
2009-06-18,54.43,54.90,53.52,54.00,9078200,52.07
2009-06-17,56.88,57.07,52.68,53.13,14364400,51.23
2009-06-16,58.69,59.34,57.05,57.71,4940400,55.64
2009-06-15,58.16,58.89,57.22,57.71,5255900,55.64
2009-06-12,59.42,59.87,58.60,59.58,3647900,57.45
2009-06-11,60.19,61.50,59.60,60.57,4487800,58.31
2009-06-10,60.16,60.63,58.66,59.98,4634700,57.74
2009-06-09,58.89,59.59,57.77,58.93,3958800,56.73
2009-06-08,58.39,58.48,56.58,57.77,4264300,55.61
2009-06-05,60.24,60.61,57.94,59.17,5559400,56.96
2009-06-04,58.90,60.60,58.42,59.66,9410400,57.43
2009-06-03,60.78,60.93,56.48,57.33,14734200,55.19
2009-06-02,67.60,67.98,59.39,60.30,25610800,58.05
2009-06-01,67.93,69.74,67.65,68.04,6637200,65.50
2009-05-29,66.61,67.50,65.72,66.59,5386700,64.10
2009-05-28,62.12,66.05,61.05,65.65,6031600,63.20
2009-05-27,61.91,62.82,61.08,61.38,3661900,59.08
2009-05-26,59.26,61.24,58.21,61.16,6038100,58.87
2009-05-22,61.37,61.84,60.00,60.02,2845600,57.78
2009-05-21,61.63,61.93,60.10,60.81,3865200,58.54
2009-05-20,63.05,65.43,62.72,62.95,4957600,60.60
2009-05-19,61.21,62.78,60.06,61.91,3607900,59.59
2009-05-18,59.36,61.09,59.19,60.75,3211200,58.48
2009-05-15,59.19,60.14,57.53,58.18,4062400,56.00
2009-05-14,59.35,60.59,58.05,59.89,3283800,57.65
2009-05-13,62.90,63.43,59.29,59.91,5287700,57.67
2009-05-12,65.38,66.20,62.67,63.91,3905600,61.52
2009-05-11,62.53,64.64,61.27,63.70,4679800,61.32
2009-05-08,61.12,63.70,61.12,63.36,5241600,60.99
2009-05-07,63.40,64.10,59.91,60.87,5957200,58.59
2009-05-06,60.50,62.10,60.46,61.64,4494600,59.34
2009-05-05,59.28,60.00,57.79,59.44,2873700,57.22
2009-05-04,56.80,60.00,56.19,60.00,3999700,57.76
2009-05-01,54.84,56.30,54.84,56.19,4843000,54.09
2009-04-30,57.21,57.59,54.15,54.79,5040000,52.74
2009-04-29,56.72,58.70,54.93,56.84,6194100,54.71
2009-04-28,54.92,55.71,53.90,54.89,3615400,52.84
2009-04-27,53.83,56.85,53.67,54.96,6506800,52.90
2009-04-24,54.02,57.18,54.01,56.17,6685500,54.07
2009-04-23,51.00,52.67,50.81,52.57,5507800,50.60
2009-04-22,49.96,51.41,49.72,50.41,6398300,48.52
2009-04-21,50.37,51.50,49.87,50.49,6254700,48.60
2009-04-20,53.99,54.00,50.37,50.64,5472900,48.75
2009-04-17,55.91,56.69,54.89,55.09,5170600,53.03
2009-04-16,56.51,56.59,54.56,55.80,3647900,53.71
2009-04-15,56.76,58.24,55.08,55.85,4078100,53.76
2009-04-14,57.04,58.82,56.64,57.10,3484200,54.96
2009-04-13,56.58,58.36,55.31,57.83,3881500,55.67
2009-04-09,59.95,60.34,57.13,58.44,3749800,56.25
2009-04-08,55.70,57.71,54.38,57.65,3804500,55.49
2009-04-07,56.51,57.23,55.61,56.28,3317200,54.18
2009-04-06,58.44,58.44,56.42,57.80,3434500,55.64
2009-04-03,58.20,60.31,57.75,59.76,3998100,57.53
2009-04-02,57.75,60.12,57.51,58.47,4498300,56.28
2009-04-01,53.06,55.99,52.43,55.48,4910800,53.41
2009-03-31,56.63,56.63,54.06,54.20,5076700,52.17
2009-03-30,56.19,57.17,54.13,55.18,4767700,53.12
2009-03-27,61.89,62.30,57.77,58.23,6358900,56.05
2009-03-26,64.94,65.12,62.85,63.59,5006800,61.21
2009-03-25,64.27,64.99,62.43,64.35,5264900,61.94
2009-03-24,65.01,65.98,63.27,65.02,3891600,62.59
2009-03-23,63.98,66.84,63.57,66.30,6248400,63.82
2009-03-20,65.28,65.40,61.00,61.80,5337100,59.49
2009-03-19,62.47,65.98,62.03,64.82,7273300,62.40
2009-03-18,61.09,61.10,57.88,60.23,7179600,57.98
2009-03-17,59.06,61.97,58.19,61.97,4892800,59.65
2009-03-16,58.10,60.87,57.07,58.87,4479700,56.67
2009-03-13,59.33,61.27,57.80,58.65,7544100,56.46
2009-03-12,57.43,59.48,56.83,59.02,5267700,56.81
2009-03-11,58.20,58.88,55.60,57.17,5651900,54.94
2009-03-10,55.60,58.72,54.96,58.37,7977100,56.09
2009-03-09,54.64,56.80,53.28,53.96,6980200,51.85
2009-03-06,53.64,55.90,52.61,54.74,7282300,52.60
2009-03-05,53.99,55.93,52.06,52.71,6624200,50.65
2009-03-04,54.00,56.46,53.11,55.15,6965700,52.99
2009-03-03,52.73,53.90,51.15,51.60,6021800,49.58
2009-03-02,52.62,54.64,51.71,51.84,7156700,49.81
2009-02-27,51.62,56.50,51.37,54.69,5485500,52.55
2009-02-26,53.16,55.63,52.66,53.83,4114900,51.73
2009-02-25,52.00,53.77,50.08,52.17,4630000,50.13
2009-02-24,50.79,52.58,49.71,52.35,5390400,50.30
2009-02-23,52.36,53.45,49.58,49.99,4127100,48.04
2009-02-20,50.34,52.65,50.06,51.59,4280100,49.57
2009-02-19,54.38,54.86,51.77,52.17,5706100,50.13
2009-02-18,53.29,53.73,50.90,51.78,4501500,49.76
2009-02-17,57.19,57.19,52.43,52.59,4186700,50.53
2009-02-13,56.78,59.53,56.54,58.41,3440000,56.13
2009-02-12,56.54,56.71,54.26,56.36,3482700,54.16
2009-02-11,57.81,58.48,55.87,57.17,2653000,54.94
2009-02-10,60.82,62.46,56.44,57.07,3552500,54.84
2009-02-09,61.49,63.39,60.20,60.72,4742400,58.35
2009-02-06,57.43,60.90,56.79,60.45,3354800,58.09
2009-02-05,56.10,58.66,54.92,58.36,4550100,56.08
2009-02-04,55.80,57.72,55.20,56.43,3868000,54.22
2009-02-03,53.67,55.70,53.47,55.42,4434200,53.25
2009-02-02,54.15,55.00,53.23,53.72,4362800,51.62
2009-01-30,58.20,58.98,55.30,55.61,5124000,53.44
2009-01-29,59.82,60.20,56.74,56.95,4377400,54.72
2009-01-28,60.01,61.92,56.44,60.86,7493800,58.48
2009-01-27,59.89,60.55,58.83,59.18,6326400,56.87
2009-01-26,57.57,62.18,57.57,60.00,7354200,57.66
2009-01-23,52.92,58.63,51.79,57.54,5449300,55.29
2009-01-22,54.69,55.78,53.00,54.45,4735300,52.32
2009-01-21,53.41,56.78,52.88,56.59,5129000,54.38
2009-01-20,51.99,55.45,51.44,51.99,6784500,49.96
2009-01-16,54.15,55.11,51.50,52.98,3508700,50.91
2009-01-15,50.96,53.46,49.28,52.85,4496600,50.78
2009-01-14,52.75,52.75,50.24,51.31,4683200,49.30
2009-01-13,52.55,54.60,52.00,53.96,4564100,51.85
2009-01-12,54.65,54.91,51.32,52.19,5388500,50.15
2009-01-09,58.00,58.00,55.20,55.51,5674200,53.34
2009-01-08,55.49,59.12,54.60,58.34,4787100,56.06
2009-01-07,56.62,57.29,53.75,55.85,5115600,53.67
2009-01-06,60.90,63.51,57.13,57.98,6755300,55.71
2009-01-05,57.42,60.17,56.73,58.56,4387500,56.27
2009-01-02,53.91,57.83,53.64,57.25,3617600,55.01
2008-12-31,53.16,55.47,52.01,53.64,3887800,51.54
2008-12-30,52.12,53.86,51.28,53.77,3144100,51.67
2008-12-29,50.00,52.44,50.00,52.25,3389500,50.21
2008-12-26,47.99,49.12,47.33,49.05,1501400,47.13
2008-12-24,48.24,48.62,46.46,47.65,1715800,45.79
2008-12-23,47.95,49.55,47.61,48.82,3146800,46.91
2008-12-22,48.15,49.47,46.98,47.74,4845700,45.87
2008-12-19,47.03,49.11,46.99,47.34,8162600,45.49
2008-12-18,51.23,52.04,46.91,47.29,5005700,45.44
2008-12-17,48.55,53.70,48.09,52.41,6383400,50.36
2008-12-16,48.32,49.85,46.74,49.78,3956100,47.74
2008-12-15,49.58,51.03,46.29,47.26,5068000,45.32
2008-12-12,45.51,49.28,45.02,47.70,4965900,45.74
2008-12-11,45.87,50.42,45.18,47.71,7886500,45.75
2008-12-10,44.72,46.38,43.69,44.69,6410900,42.86
2008-12-09,41.08,45.19,41.06,43.35,5713700,41.57
2008-12-08,41.03,43.15,40.32,42.03,5221600,40.31
2008-12-05,38.61,38.90,35.50,38.49,7159800,36.91
2008-12-04,41.65,42.40,39.10,39.68,5495800,38.05
2008-12-03,43.61,43.79,41.00,42.81,5629600,41.05
2008-12-02,45.00,45.79,43.11,45.06,5346800,43.21
2008-12-01,50.74,51.06,43.69,43.71,6432400,41.92
2008-11-28,53.55,54.13,51.89,54.04,1709000,51.82
2008-11-26,48.94,56.47,48.10,56.21,4421000,53.90
2008-11-25,50.62,51.19,45.69,49.79,5686600,47.75
2008-11-24,45.74,51.39,44.71,50.06,5918900,48.01
2008-11-21,40.12,45.23,39.44,44.87,7013900,43.03
2008-11-20,44.92,45.42,38.20,38.45,6960200,36.87
2008-11-19,50.61,51.45,46.24,46.47,5484900,44.56
2008-11-18,50.97,52.69,48.40,51.36,3997500,49.25
2008-11-17,54.50,56.18,50.26,50.53,4228900,48.46
2008-11-14,55.96,59.26,53.43,55.53,3879700,53.25
2008-11-13,51.09,58.26,47.56,57.78,6186300,55.41
2008-11-12,53.64,54.99,50.20,50.72,5180700,48.64
2008-11-11,60.77,60.77,55.21,56.64,5402400,54.32
2008-11-10,64.25,64.75,59.64,62.32,3547000,59.76
2008-11-07,57.30,61.31,57.07,61.23,3408000,58.72
2008-11-06,56.18,58.46,55.64,56.73,5106600,54.40
2008-11-05,58.99,61.96,57.52,58.96,4690600,56.54
2008-11-04,59.64,62.00,59.04,60.97,4094400,58.47
2008-11-03,59.67,60.05,56.77,57.72,4118100,55.35
2008-10-31,55.43,61.92,54.15,60.21,4043200,57.74
2008-10-30,54.56,58.29,52.09,57.34,6342900,54.99
2008-10-29,52.21,56.48,51.17,53.13,6889600,50.95
2008-10-28,46.05,50.60,41.61,50.51,5660100,48.44
2008-10-27,48.40,48.50,42.86,43.37,8057100,41.59
2008-10-24,46.51,51.72,46.20,49.94,4906700,47.89
2008-10-23,50.44,54.31,49.02,53.87,7044100,51.66
2008-10-22,51.60,51.61,47.44,49.02,6070000,47.01
2008-10-21,55.29,57.21,53.33,54.72,4653100,52.48
2008-10-20,52.98,57.56,51.07,57.38,6827800,55.03
2008-10-17,49.60,56.87,47.88,50.58,7805500,48.51
2008-10-16,48.19,53.01,43.06,51.55,9519900,49.44
2008-10-15,55.28,56.00,46.41,47.14,6610200,45.21
2008-10-14,61.32,63.36,55.86,58.31,6742600,55.92
2008-10-13,56.96,59.72,52.36,59.22,9563300,56.79
2008-10-10,48.31,57.18,45.68,52.92,14783800,50.75
2008-10-09,62.76,64.99,53.50,53.50,7067300,51.31
2008-10-08,60.54,65.03,55.20,62.28,11478500,59.73
2008-10-07,73.81,74.74,60.91,61.29,8458600,58.78
2008-10-06,67.67,72.25,60.27,72.25,9692200,69.29
2008-10-03,69.41,77.92,69.41,72.00,6137300,69.05
2008-10-02,78.66,79.39,68.53,69.06,5696200,66.23
2008-10-01,80.31,82.03,76.82,80.01,4586300,76.73
2008-09-30,78.51,83.89,78.01,82.08,5290400,78.71
2008-09-29,85.05,86.00,72.28,76.11,6885900,72.99
2008-09-26,92.18,92.31,86.89,89.53,5585200,85.86
2008-09-25,92.31,96.66,91.19,96.05,3749900,92.11
2008-09-24,95.96,95.96,91.43,92.72,3095900,88.92
2008-09-23,95.07,97.68,92.25,92.29,4547400,88.51
2008-09-22,95.46,103.17,94.99,95.45,6678000,91.54
2008-09-19,88.99,94.88,85.56,94.78,6228000,90.89
2008-09-18,85.32,89.64,82.35,84.61,6852800,81.14
2008-09-17,82.79,89.05,79.12,83.77,7249600,80.33
2008-09-16,78.74,84.96,71.16,84.22,13375300,80.77
2008-09-15,86.58,86.99,80.02,81.62,5905600,78.27
2008-09-12,89.86,92.74,88.44,92.28,3718600,88.50
2008-09-11,85.00,89.19,82.00,88.43,6015500,84.71
2008-09-10,80.99,86.88,80.99,85.67,7342300,82.06
2008-09-09,85.41,86.93,79.62,79.69,7631400,76.34
2008-09-08,93.74,94.74,87.11,88.14,4921600,84.43
2008-09-05,92.14,92.61,87.15,91.44,5520800,87.59
2008-09-04,94.53,98.00,89.91,91.40,6726700,87.55
2008-09-03,100.74,101.05,93.50,94.96,5715100,90.96
2008-09-02,102.75,102.75,98.12,101.57,5426700,97.29
2008-08-29,106.31,107.50,103.97,104.71,2902300,100.30
2008-08-28,109.05,109.12,102.93,105.53,3792300,101.09
2008-08-27,107.22,109.28,106.09,107.14,2370800,102.63
2008-08-26,105.53,107.66,103.84,105.53,2643500,101.09
2008-08-25,106.91,107.44,103.71,104.84,2287300,100.43
2008-08-22,107.02,108.33,104.01,106.27,3366200,101.80
2008-08-21,105.98,110.00,105.73,109.09,6262900,104.50
2008-08-20,100.02,104.00,99.24,104.00,3692400,99.62
2008-08-19,94.39,99.22,93.41,98.45,2714500,94.31
2008-08-18,95.71,98.86,94.05,94.73,2722200,90.74
2008-08-15,98.01,98.01,93.26,95.32,3720900,91.31
2008-08-14,101.67,102.47,97.00,98.91,4021300,94.75
2008-08-13,94.77,103.20,94.77,101.87,4664400,97.58
2008-08-12,96.83,98.74,95.80,96.18,3333000,92.13
2008-08-11,96.99,97.26,92.57,95.71,3332700,91.68
2008-08-08,96.06,97.41,91.50,95.87,4574100,91.83
2008-08-07,102.10,103.00,97.64,97.94,4422800,93.82
2008-08-06,94.35,101.66,94.35,100.75,4412400,96.51
2008-08-05,93.44,96.61,91.11,96.18,4423500,92.13
2008-08-04,101.13,102.00,92.73,93.07,5034500,89.15
2008-08-01,101.40,105.81,99.90,101.13,3299800,96.87
2008-07-31,106.00,107.36,101.24,101.40,5567200,97.13
2008-07-30,92.03,106.97,92.03,106.97,8295300,102.47
2008-07-29,96.04,96.13,92.53,94.25,4080700,90.28
2008-07-28,94.07,98.20,93.83,94.99,3599300,90.99
2008-07-25,93.41,96.75,92.11,93.87,4420400,89.92
2008-07-24,93.03,94.62,87.50,93.41,8182500,89.48
2008-07-23,97.43,97.75,91.70,92.24,6722000,88.36
2008-07-22,101.74,102.24,97.07,97.78,4897200,93.66
2008-07-21,100.70,104.23,99.10,103.98,4698200,99.60
2008-07-18,96.68,100.25,95.06,97.85,5292900,93.73
2008-07-17,101.11,103.22,93.48,95.90,6436200,91.86
2008-07-16,103.99,103.99,98.40,101.04,7556400,96.79
2008-07-15,111.45,112.00,103.52,103.66,5091400,99.30
2008-07-14,112.11,114.43,110.02,111.25,3458100,106.57
2008-07-11,115.00,115.41,109.36,111.76,3117400,107.06
2008-07-10,110.34,112.98,107.28,112.98,4992700,108.22
2008-07-09,115.09,115.09,109.61,109.74,5634600,105.12
2008-07-08,112.44,115.34,108.38,113.31,5271700,108.54
2008-07-07,118.01,119.00,112.71,114.54,4663700,109.72
2008-07-03,121.61,121.84,116.45,119.54,2479600,114.51
2008-07-02,127.75,129.00,119.72,119.98,3618200,114.93
2008-07-01,127.54,128.05,123.72,126.66,4261700,121.33
2008-06-30,128.52,130.26,125.56,126.19,4183800,120.88
2008-06-27,124.99,128.52,124.57,127.06,6230400,121.71
2008-06-26,126.00,126.00,121.87,124.41,3462700,119.17
2008-06-25,126.20,126.70,120.58,124.32,4135500,119.09
2008-06-24,127.94,128.09,125.05,126.00,3260100,120.70
2008-06-23,122.06,128.44,122.06,128.44,3583300,123.03
2008-06-20,124.50,126.77,121.77,122.55,4074800,117.39
2008-06-19,129.86,130.00,122.89,122.91,3973100,117.74
2008-06-18,129.39,129.99,126.74,129.35,3104700,123.91
2008-06-17,128.71,130.00,127.30,129.73,2721700,124.27
2008-06-16,127.56,129.20,126.03,127.48,4811500,122.11
2008-06-13,123.15,126.28,121.65,125.58,3064900,120.29
2008-06-12,125.06,125.27,121.47,123.65,3824000,118.45
2008-06-11,123.61,126.88,121.95,125.78,3839000,120.39
2008-06-10,128.06,128.13,120.86,122.94,4614500,117.67
2008-06-09,125.45,128.42,124.14,127.47,4119000,122.01
2008-06-06,125.68,129.86,123.92,123.92,5785000,118.61
2008-06-05,116.12,123.35,116.12,123.34,5274400,118.05
2008-06-04,121.29,122.19,117.70,117.92,4620300,112.87
2008-06-03,126.44,127.09,121.24,122.45,3952000,117.20
2008-06-02,121.93,128.39,121.19,126.00,3421300,120.60
2008-05-30,121.03,123.32,118.55,122.81,5105400,117.55
2008-05-29,123.66,125.91,119.48,120.52,4546100,115.36
2008-05-28,124.87,124.91,120.06,124.63,5504600,119.29
2008-05-27,123.89,126.29,122.00,126.00,4186700,120.60
2008-05-23,129.62,130.15,123.45,125.09,4183700,119.73
2008-05-22,130.93,131.92,126.61,127.99,5434900,122.51
2008-05-21,132.20,137.00,130.30,130.78,7044300,125.18
2008-05-20,130.81,134.05,129.85,133.80,5684400,128.07
2008-05-19,129.69,131.97,126.41,130.70,5612300,125.10
2008-05-16,124.99,128.18,122.43,128.03,5087200,122.54
2008-05-15,117.92,122.73,117.63,122.14,5158600,116.91
2008-05-14,117.81,118.48,115.35,116.32,3333100,111.34
2008-05-13,115.96,118.89,113.50,118.09,3276700,113.03
2008-05-12,115.49,116.32,112.64,115.20,2641400,110.26
2008-05-09,117.38,118.12,112.78,115.74,3725100,110.78
2008-05-08,113.99,115.53,111.82,114.96,3982400,110.03
2008-05-07,117.66,118.47,112.78,112.79,5165200,107.96
2008-05-06,111.88,117.99,111.72,116.86,5719600,111.85
2008-05-05,107.87,110.10,106.54,108.27,3655500,103.63
2008-05-02,104.14,108.25,103.51,106.34,3905800,101.78
2008-05-01,105.83,105.83,99.13,102.46,4704500,98.07
2008-04-30,109.62,111.30,102.87,106.20,6194700,101.65
2008-04-29,105.48,107.50,104.60,105.53,2641900,101.01
2008-04-28,110.65,111.10,105.57,107.28,3408900,102.68
2008-04-25,110.00,111.50,107.66,109.98,2904300,105.27
2008-04-24,108.28,110.98,104.03,109.12,4055600,104.44
2008-04-23,114.56,115.05,110.31,110.67,4204900,105.93
2008-04-22,112.33,116.81,111.01,115.80,5532200,110.84
2008-04-21,106.48,113.07,105.40,112.56,5555700,107.74
2008-04-18,103.19,106.77,102.28,105.25,4090100,100.74
2008-04-17,103.00,104.83,101.75,102.52,3233000,98.13
2008-04-16,103.03,104.81,101.30,103.99,5190600,99.53
2008-04-15,101.45,104.29,100.13,103.50,6814000,99.06
2008-04-14,93.82,103.55,92.15,101.19,12826400,96.85
2008-04-11,96.45,96.94,92.67,92.76,2726800,88.78
2008-04-10,98.28,98.28,95.52,96.53,2929000,92.39
2008-04-09,97.39,99.67,96.88,98.30,2619800,94.09
2008-04-08,95.60,97.73,94.66,96.62,1621500,92.48
2008-04-07,95.58,98.26,95.00,96.09,2390700,91.97
2008-04-04,93.06,96.98,93.06,94.92,2896500,90.85
2008-04-03,92.62,94.86,91.61,93.10,2401600,89.11
2008-04-02,93.14,94.75,91.50,93.36,2665000,89.36
2008-04-01,92.02,92.49,88.20,92.49,3925500,88.53
2008-03-31,88.16,89.95,86.87,88.18,3335800,84.40
2008-03-28,89.55,90.04,87.94,88.37,2306500,84.58
2008-03-27,93.83,94.38,89.31,89.54,2887400,85.70
2008-03-26,89.20,93.05,89.20,92.63,3777500,88.66
2008-03-25,89.00,90.58,88.41,89.49,3727900,85.65
2008-03-24,90.69,92.39,88.85,89.39,3383200,85.56
2008-03-20,89.73,90.87,85.62,90.86,4666100,86.97
2008-03-19,98.94,99.76,90.03,90.34,6360500,86.47
2008-03-18,97.77,98.26,94.84,98.26,3803500,94.05
2008-03-17,96.87,97.58,93.40,95.67,3528400,91.57
2008-03-14,101.25,101.65,97.24,99.04,3767900,94.80
2008-03-13,98.69,101.23,97.53,100.69,4658000,96.38
2008-03-12,96.89,101.16,96.11,100.60,6001400,96.19
2008-03-11,93.00,97.22,92.83,96.86,5159300,92.62
2008-03-10,91.96,93.01,89.59,91.92,4242100,87.89
2008-03-07,92.07,93.06,90.32,91.69,2521900,87.67
2008-03-06,96.00,96.21,92.40,92.99,2389500,88.92
2008-03-05,93.81,96.68,92.97,96.06,3707200,91.85
2008-03-04,93.05,95.12,90.50,92.97,2824900,88.90
2008-03-03,93.00,95.76,92.12,93.74,3287300,89.63
2008-02-29,94.73,94.73,92.40,93.18,2344900,89.10
2008-02-28,94.99,97.10,94.96,95.97,2817200,91.77
2008-02-27,98.48,98.48,94.84,95.49,2881800,91.31
2008-02-26,97.31,99.26,96.03,98.54,2211800,94.22
2008-02-25,93.90,98.10,93.45,97.59,3253100,93.32
2008-02-22,93.03,94.03,90.74,93.66,2031200,89.56
2008-02-21,94.99,95.41,92.10,92.47,3156500,88.42
2008-02-20,94.25,95.00,91.10,94.41,3701900,90.27
2008-02-19,92.79,95.49,92.79,94.09,3532200,89.97
2008-02-15,90.68,92.75,88.70,90.65,4085500,86.68
2008-02-14,91.62,93.49,91.07,91.20,3204200,87.20
2008-02-13,90.20,91.64,88.85,91.04,2693800,87.05
2008-02-12,91.00,93.20,88.04,89.35,3127400,85.44
2008-02-11,89.00,90.97,87.66,90.63,2588500,86.66
2008-02-08,87.81,90.70,87.15,88.96,3621400,85.06
2008-02-07,81.69,87.49,81.53,87.16,5299400,83.34
2008-02-06,85.88,86.35,81.53,81.85,4586700,78.26
2008-02-05,88.30,89.12,85.23,85.47,3505000,81.73
2008-02-04,92.97,92.97,89.56,90.39,1943900,86.43
2008-02-01,90.67,92.61,89.75,92.07,3152300,88.04
2008-01-31,90.80,91.92,88.44,90.63,3632900,86.66
2008-01-30,92.98,93.49,89.54,90.44,4325100,86.48
2008-01-29,90.50,92.36,90.33,91.11,4138500,87.12
2008-01-28,90.51,91.00,88.19,89.90,4033900,85.96
2008-01-25,91.00,93.14,88.17,89.32,4548800,85.41
2008-01-24,82.15,91.98,82.15,89.61,7657500,85.68
2008-01-23,82.94,84.43,76.67,82.83,10142800,79.20
2008-01-22,79.95,87.99,78.66,85.61,7000000,81.86
2008-01-18,83.58,86.50,83.05,85.48,4380100,81.74
2008-01-17,87.50,91.36,82.53,83.17,4756300,79.53
2008-01-16,89.33,90.40,85.86,87.39,4466700,83.56
2008-01-15,91.66,92.85,88.75,89.91,4955800,85.97
2008-01-14,92.29,93.55,90.57,92.98,2869600,88.91
2008-01-11,91.65,93.85,91.15,91.74,3851700,87.72
2008-01-10,94.23,94.23,90.61,92.68,5582000,88.62
2008-01-09,91.33,95.06,90.47,94.78,5039400,90.63
2008-01-08,93.87,95.10,91.12,91.43,6830300,87.42
2008-01-07,93.74,95.86,91.47,92.92,5189100,88.85
2008-01-04,96.35,96.35,90.23,93.35,9315100,89.26
2008-01-03,98.90,101.05,97.84,97.87,4761400,93.58
2008-01-02,100.07,100.49,97.85,98.86,5115300,94.53
