Date,Open,High,Low,Close,Volume,Adj Close
2013-12-31,69.17,69.60,68.93,69.24,451000,68.95
2013-12-30,68.97,69.23,68.68,68.99,530400,68.70
2013-12-27,69.31,69.61,68.77,69.05,461300,68.76
2013-12-26,69.46,69.75,69.12,69.26,463100,68.97
2013-12-24,68.68,69.30,68.52,69.22,360800,68.93
2013-12-23,68.40,68.96,68.15,68.73,921500,68.44
2013-12-20,68.48,68.55,67.24,68.05,2637100,67.76
2013-12-19,67.65,68.56,67.43,68.20,930600,67.91
2013-12-18,66.97,67.76,66.51,67.69,1923900,67.40
2013-12-17,67.51,67.68,66.79,67.14,1085700,66.85
2013-12-16,68.06,68.19,67.47,67.71,1051100,67.42
2013-12-13,68.05,68.42,67.31,67.51,1049600,67.22
2013-12-12,68.05,68.37,67.46,68.23,919500,67.73
2013-12-11,69.23,69.56,68.07,68.21,855100,67.71
2013-12-10,68.63,69.65,68.63,69.36,830000,68.85
2013-12-09,68.46,69.06,68.39,68.95,1255500,68.45
2013-12-06,68.13,68.56,68.02,68.53,1111400,68.03
2013-12-05,66.70,67.84,66.26,67.61,1171800,67.12
2013-12-04,65.94,66.68,65.60,66.48,1000600,65.99
2013-12-03,66.34,67.03,65.75,66.23,1323800,65.75
2013-12-02,66.93,67.26,66.44,66.55,644600,66.06
2013-11-29,67.55,67.63,66.96,67.02,340100,66.53
2013-11-27,67.46,67.53,67.13,67.40,358600,66.91
2013-11-26,67.33,67.68,67.19,67.31,862200,66.82
2013-11-25,67.51,67.75,67.09,67.44,711900,66.95
2013-11-22,67.25,67.42,66.63,67.22,1043000,66.73
2013-11-21,66.98,67.50,66.85,67.29,1241600,66.80
2013-11-20,66.56,67.68,66.52,66.59,1784600,66.10
2013-11-19,66.48,66.78,66.27,66.54,1159100,66.05
2013-11-18,66.74,66.90,66.07,66.50,1397200,66.01
2013-11-15,65.92,66.86,65.82,66.72,1222400,66.23
2013-11-14,65.43,66.09,65.11,65.92,1762700,65.44
2013-11-13,64.49,65.64,64.36,65.38,1829900,64.90
2013-11-12,64.10,64.50,63.70,64.00,1042400,63.53
2013-11-11,64.23,64.70,64.07,64.35,476500,63.88
2013-11-08,63.66,64.26,63.12,64.26,932900,63.79
2013-11-07,64.36,64.60,63.40,63.54,1146300,63.08
2013-11-06,64.55,64.80,63.85,64.32,837700,63.85
2013-11-05,64.93,64.93,64.35,64.47,1281200,64.00
2013-11-04,64.78,65.20,64.64,65.00,783900,64.52
2013-11-01,64.31,64.96,63.93,64.76,1064300,64.29
2013-10-31,64.19,64.82,63.91,64.04,975500,63.57
2013-10-30,64.67,64.85,63.85,64.19,997400,63.72
2013-10-29,64.56,64.91,64.29,64.85,921100,64.38
2013-10-28,64.84,65.16,64.04,64.54,1082900,64.07
2013-10-25,64.90,65.41,64.48,64.98,1010200,64.50
2013-10-24,64.29,65.11,63.97,64.90,1238100,64.43
2013-10-23,64.12,64.28,63.50,64.00,1283800,63.53
2013-10-22,66.07,66.49,63.76,64.71,2475000,64.24
2013-10-21,66.00,66.04,65.08,65.57,1921200,65.09
2013-10-18,65.98,66.20,65.57,65.75,1452400,65.27
2013-10-17,65.75,65.91,64.95,65.48,1888300,65.00
2013-10-16,65.69,66.59,65.31,66.52,975800,66.03
2013-10-15,65.65,65.71,64.85,65.23,1072900,64.75
2013-10-14,65.10,65.89,64.76,65.69,885100,65.21
2013-10-11,64.47,65.76,64.40,65.75,943100,65.27
2013-10-10,64.93,65.11,64.44,64.69,1173200,64.22
2013-10-09,63.16,64.10,62.80,63.93,1354300,63.46
2013-10-08,64.06,64.30,62.76,62.94,1211400,62.48
2013-10-07,64.54,64.75,64.00,64.01,1200800,63.54
2013-10-04,64.74,65.77,64.68,65.30,994500,64.82
2013-10-03,65.06,65.81,64.15,64.47,1130600,64.00
2013-10-02,65.02,65.36,64.32,65.36,925900,64.88
2013-10-01,64.51,65.86,64.41,65.45,1827300,64.97
2013-09-30,63.93,64.70,63.37,64.24,1100600,63.77
2013-09-27,64.25,64.97,64.13,64.65,978900,64.18
2013-09-26,64.17,64.68,64.02,64.63,668300,64.16
2013-09-25,64.53,64.78,63.68,63.99,993000,63.52
2013-09-24,64.15,64.83,63.79,64.35,769700,63.88
2013-09-23,64.10,64.40,63.38,64.01,821200,63.54
2013-09-20,64.55,65.00,64.20,64.27,1370900,63.80
2013-09-19,65.15,65.15,64.15,64.50,808300,64.03
2013-09-18,64.34,65.10,63.54,64.79,882700,64.32
2013-09-17,63.59,64.36,63.51,64.34,787200,63.87
2013-09-16,64.08,64.44,63.25,63.38,734100,62.92
2013-09-13,62.89,63.37,62.78,63.30,893100,62.84
2013-09-12,63.42,63.50,62.91,63.02,695800,62.35
2013-09-11,63.74,63.74,63.02,63.35,868800,62.68
2013-09-10,62.92,63.73,62.89,63.52,1253800,62.85
2013-09-09,62.33,63.17,62.33,62.70,1372500,62.03
2013-09-06,62.33,62.69,61.05,61.97,1218700,61.31
2013-09-05,62.15,62.56,61.91,62.28,967500,61.62
2013-09-04,61.01,62.74,60.52,62.15,1980400,61.49
2013-09-03,60.66,61.29,60.66,61.07,1656000,60.42
2013-08-30,59.97,60.32,59.77,59.98,1399900,59.34
2013-08-29,59.11,60.24,59.00,60.00,1228500,59.36
2013-08-28,58.80,59.37,58.55,59.20,1050700,58.57
2013-08-27,58.98,59.30,58.67,58.85,1371600,58.23
2013-08-26,59.86,60.32,59.52,59.70,1364500,59.07
2013-08-23,59.33,59.95,58.95,59.84,1269100,59.20
2013-08-22,58.22,59.16,58.22,58.98,690100,58.35
2013-08-21,58.30,58.78,58.14,58.17,907800,57.55
2013-08-20,58.02,59.25,57.97,58.62,1434500,58.00
2013-08-19,58.57,58.99,58.01,58.05,1283600,57.43
2013-08-16,57.39,58.62,57.30,58.44,1601000,57.82
2013-08-15,58.11,58.32,57.34,57.50,1277800,56.89
2013-08-14,58.69,59.22,58.69,58.83,977300,58.21
2013-08-13,58.03,58.97,58.03,58.86,1391700,58.23
2013-08-12,58.47,58.79,57.73,57.98,955300,57.36
2013-08-09,59.00,59.21,58.31,58.77,868400,58.15
2013-08-08,58.68,59.47,58.49,59.19,1310400,58.56
2013-08-07,58.53,58.61,57.99,58.22,1004700,57.60
2013-08-06,58.87,59.32,58.52,58.71,1336800,58.09
2013-08-05,58.53,59.46,58.45,58.89,964600,58.26
2013-08-02,58.25,58.84,58.12,58.60,1373800,57.98
2013-08-01,57.33,58.71,57.32,58.44,1722500,57.82
2013-07-31,57.40,57.67,56.69,56.77,1344300,56.17
2013-07-30,56.78,57.43,56.52,57.20,1314500,56.59
2013-07-29,55.20,57.11,55.00,56.42,1502400,55.82
2013-07-26,55.39,55.78,54.83,55.37,1483700,54.78
2013-07-25,57.47,59.52,55.57,55.74,3183600,55.15
2013-07-24,56.11,56.40,55.40,55.86,1506700,55.27
2013-07-23,55.81,56.61,55.81,55.96,1058100,55.37
2013-07-22,55.97,56.26,55.49,55.63,753300,55.04
2013-07-19,56.25,56.37,55.43,55.87,888000,55.28
2013-07-18,55.68,56.44,55.56,56.25,829700,55.65
2013-07-17,55.28,56.05,55.26,55.57,886600,54.98
2013-07-16,55.31,55.50,54.76,55.07,988900,54.49
2013-07-15,55.02,55.79,54.88,55.44,1651300,54.85
2013-07-12,54.90,56.03,54.77,55.96,1403500,55.37
2013-07-11,54.59,55.19,54.57,55.10,1260400,54.51
2013-07-10,54.21,54.35,53.35,53.99,1870100,53.42
2013-07-09,55.55,55.64,54.16,54.20,1948900,53.62
2013-07-08,55.77,55.81,55.00,55.17,797800,54.58
2013-07-05,55.20,55.57,54.96,55.25,692800,54.66
2013-07-03,54.57,55.05,54.31,54.67,418600,54.09
2013-07-02,55.66,56.13,54.68,54.87,1776200,54.29
2013-07-01,55.08,56.14,55.08,55.54,1842500,54.95
2013-06-28,53.61,55.50,53.56,54.82,4002800,54.24
2013-06-27,52.67,54.06,52.67,53.58,2116300,53.01
2013-06-26,52.17,52.54,51.56,52.39,1496400,51.83
2013-06-25,50.72,51.75,50.54,51.54,1573800,50.99
2013-06-24,50.03,50.68,49.15,50.15,1528600,49.62
2013-06-21,52.25,52.39,50.22,50.54,3062600,50.00
2013-06-20,52.90,52.99,51.70,52.04,1615000,51.49
2013-06-19,54.21,54.64,53.57,53.57,903000,53.00
2013-06-18,53.63,54.55,53.38,54.19,1079900,53.61
2013-06-17,53.52,54.18,53.06,53.52,1375900,52.95
2013-06-14,53.50,53.63,52.99,53.13,950400,52.57
2013-06-13,52.50,53.56,52.19,53.47,905400,52.90
2013-06-12,53.60,53.70,52.31,52.45,1102700,51.89
2013-06-11,53.36,53.72,52.75,53.05,1568800,52.49
2013-06-10,54.25,54.55,53.73,54.01,1174200,53.44
2013-06-07,54.26,54.40,52.97,53.92,1916600,53.35
2013-06-06,53.85,54.44,53.34,54.35,975500,53.77
2013-06-05,53.68,54.21,53.36,53.90,1476100,53.33
2013-06-04,54.72,55.03,53.68,54.07,1089600,53.50
2013-06-03,54.71,55.24,54.01,54.59,1671000,54.01
2013-05-31,54.65,55.89,54.45,54.54,1473800,53.96
2013-05-30,55.15,55.98,55.10,55.41,1224800,54.82
2013-05-29,55.87,55.87,55.00,55.47,1103300,54.88
2013-05-28,56.50,56.99,55.82,56.35,1046600,55.75
2013-05-24,56.25,56.41,54.88,55.44,1997700,54.64
2013-05-23,56.81,57.52,56.36,57.03,1148400,56.21
2013-05-22,59.12,59.56,57.31,57.61,1285300,56.78
2013-05-21,59.51,59.75,58.80,59.19,800900,58.34
2013-05-20,59.38,59.84,59.04,59.46,1057200,58.61
2013-05-17,58.19,59.48,58.10,59.48,1029700,58.63
2013-05-16,58.55,58.83,57.91,57.97,905800,57.14
2013-05-15,58.36,58.98,58.27,58.88,915200,58.03
2013-05-14,57.40,58.66,57.40,58.47,1367800,57.63
2013-05-13,57.10,57.54,56.59,57.43,846800,56.60
2013-05-10,57.28,57.97,56.87,57.37,1196200,56.55
2013-05-09,57.48,57.59,56.75,57.17,964100,56.35
2013-05-08,57.46,57.84,56.90,57.40,2074000,56.58
2013-05-07,55.38,57.54,55.31,57.54,2425400,56.71
2013-05-06,54.97,55.29,54.47,55.16,1698800,54.37
2013-05-03,54.62,54.98,54.12,54.35,1896100,53.57
2013-05-02,54.21,54.51,53.79,54.16,1327200,53.38
2013-05-01,54.60,54.60,53.80,54.01,1318000,53.23
2013-04-30,54.62,54.76,54.11,54.65,1665300,53.86
2013-04-29,54.14,54.91,54.03,54.76,1360400,53.97
2013-04-26,54.21,54.51,53.61,54.04,1573200,53.26
2013-04-25,53.25,55.68,53.25,54.31,4062400,53.53
2013-04-24,53.00,53.48,52.37,53.20,1770700,52.44
2013-04-23,51.88,52.90,51.64,52.86,1505100,52.10
2013-04-22,51.84,51.99,51.12,51.49,1669700,50.75
2013-04-19,51.25,52.05,51.23,51.83,2032700,51.09
2013-04-18,51.08,51.52,50.62,51.05,1547500,50.32
2013-04-17,51.28,51.47,50.59,51.15,1692300,50.42
2013-04-16,50.43,51.69,50.43,51.63,1454300,50.89
2013-04-15,51.55,52.04,49.92,49.95,2281300,49.23
2013-04-12,52.09,52.15,51.56,52.00,984600,51.25
2013-04-11,52.13,52.88,51.99,52.21,1764900,51.46
2013-04-10,51.38,52.52,51.29,52.21,1167800,51.46
2013-04-09,51.44,51.60,50.89,51.16,1496100,50.42
2013-04-08,50.66,51.42,50.66,51.39,1653500,50.65
2013-04-05,50.04,50.81,49.75,50.71,1608400,49.98
2013-04-04,50.57,51.06,50.41,50.84,1777400,50.11
2013-04-03,51.76,51.76,50.40,50.53,1704200,49.80
2013-04-02,51.90,52.10,51.22,51.60,1582900,50.86
2013-04-01,53.37,53.37,51.42,51.56,1754600,50.82
2013-03-28,52.82,53.48,52.57,53.30,1050100,52.53
2013-03-27,52.65,53.10,52.37,52.82,1186800,52.06
2013-03-26,52.84,53.15,52.54,53.08,839900,52.32
2013-03-25,52.97,53.33,52.07,52.49,1194500,51.74
2013-03-22,52.99,53.05,52.52,52.79,983600,52.03
2013-03-21,53.68,53.68,52.59,52.73,1061200,51.97
2013-03-20,53.02,54.16,52.99,53.98,1207400,53.20
2013-03-19,53.75,53.84,52.60,52.79,2684700,52.03
2013-03-18,54.63,54.92,54.19,54.49,1610800,53.71
2013-03-15,54.70,55.51,54.50,55.41,1693200,54.61
2013-03-14,54.99,55.02,54.23,54.92,863200,54.13
2013-03-13,54.47,55.02,54.00,54.79,870400,54.00
2013-03-12,54.82,54.90,54.22,54.55,689000,53.77
2013-03-11,54.69,54.93,54.38,54.77,779700,53.98
2013-03-08,54.53,54.98,53.83,54.82,1045000,54.03
2013-03-07,54.30,54.45,53.87,54.43,1501800,53.65
2013-03-06,53.54,54.13,53.40,53.71,1365100,52.94
2013-03-05,53.24,53.90,53.08,53.39,1313700,52.62
2013-03-04,52.00,52.88,51.68,52.87,2077800,52.11
2013-03-01,52.30,52.74,51.83,52.02,1859100,51.27
2013-02-28,52.38,53.22,52.25,52.63,1622300,51.87
2013-02-27,51.22,52.46,51.20,52.23,1744900,51.48
2013-02-26,50.91,51.36,50.05,51.33,1967100,50.59
2013-02-25,51.58,52.35,50.57,50.65,2977500,49.92
2013-02-22,51.17,51.51,50.90,51.21,1443500,50.47
2013-02-21,51.49,51.50,50.80,51.05,1301400,50.32
2013-02-20,52.41,52.58,51.53,51.57,1718800,50.83
2013-02-19,52.66,52.84,52.23,52.40,2056800,51.65
2013-02-15,53.45,53.56,52.43,52.66,2198700,51.90
2013-02-14,53.19,53.78,52.91,53.45,1269900,52.68
2013-02-13,53.45,53.98,52.98,53.63,1203100,52.65
2013-02-12,53.30,53.63,52.94,53.28,1180900,52.31
2013-02-11,53.51,54.11,53.09,53.49,1671300,52.52
2013-02-08,52.69,53.25,52.66,52.86,749900,51.90
2013-02-07,52.76,52.96,51.58,52.54,1439300,51.58
2013-02-06,52.50,53.08,51.85,52.89,1295000,51.93
2013-02-05,52.23,52.79,51.81,52.54,1772100,51.58
2013-02-04,52.26,52.52,51.48,51.78,2017900,50.84
2013-02-01,52.97,52.98,52.38,52.76,2656800,51.80
2013-01-31,52.84,52.88,52.26,52.42,2449600,51.46
2013-01-30,53.72,54.50,52.89,53.00,2435700,52.03
2013-01-29,52.66,54.62,52.66,54.52,3597700,53.53
2013-01-28,53.44,54.10,52.86,53.20,2266400,52.23
2013-01-25,53.00,53.94,52.85,53.94,2100400,52.96
2013-01-24,51.92,53.00,51.72,52.86,1131600,51.90
2013-01-23,51.26,51.88,50.85,51.76,1100300,50.82
2013-01-22,51.99,52.25,51.59,51.71,1146500,50.77
2013-01-18,52.09,52.13,51.61,52.11,914500,51.16
2013-01-17,50.98,52.08,50.75,52.02,1480200,51.07
2013-01-16,51.00,51.05,50.25,50.75,923800,49.83
2013-01-15,50.00,51.39,49.91,51.33,1195600,50.39
2013-01-14,50.17,50.55,50.01,50.29,949100,49.37
2013-01-11,50.64,50.64,49.59,50.14,1285500,49.23
2013-01-10,51.00,51.00,49.97,50.36,1971900,49.44
2013-01-09,49.29,50.88,49.25,50.81,3099300,49.88
2013-01-08,49.00,49.30,48.54,48.88,1852700,47.99
2013-01-07,48.40,49.18,48.40,49.03,2099100,48.14
2013-01-04,49.14,49.17,48.53,48.69,1233600,47.80
2013-01-03,49.91,50.02,48.66,48.96,2010600,48.07
2013-01-02,49.94,51.00,49.37,49.99,1798200,49.08
2012-12-31,47.07,48.87,46.96,48.83,1128200,47.94
2012-12-28,47.61,47.79,47.21,47.27,690600,46.41
2012-12-27,47.98,48.26,46.88,47.88,992800,47.01
2012-12-26,48.59,48.70,47.65,47.90,582800,47.03
2012-12-24,48.54,48.81,48.28,48.57,339900,47.68
2012-12-21,48.70,48.75,47.70,48.69,1750300,47.80
2012-12-20,48.85,48.99,48.53,48.93,1094300,48.04
2012-12-19,49.52,49.76,48.73,48.73,1255000,47.84
2012-12-18,49.18,49.74,49.14,49.39,1670600,48.49
2012-12-17,47.95,49.23,47.75,49.22,1441000,48.32
2012-12-14,47.72,48.40,47.72,47.83,1847700,46.96
2012-12-13,49.17,49.25,47.96,48.00,1596900,46.97
2012-12-12,48.00,49.25,47.93,49.20,3863200,48.15
2012-12-11,46.80,48.32,46.73,47.62,2612200,46.60
2012-12-10,46.36,46.71,46.25,46.66,834800,45.66
2012-12-07,46.45,46.64,46.10,46.46,1502900,45.47
2012-12-06,46.18,46.29,45.69,46.18,2610000,45.19
2012-12-05,46.63,46.72,45.90,46.28,1360800,45.29
2012-12-04,46.00,46.75,45.96,46.51,1929700,45.51
2012-12-03,47.31,47.40,45.93,46.00,1328500,45.02
2012-11-30,47.30,47.37,46.58,46.96,1629000,45.96
2012-11-29,47.84,48.20,47.23,47.37,956400,46.36
2012-11-28,46.69,47.58,46.54,47.54,958100,46.52
2012-11-27,47.77,47.99,46.94,46.99,1563600,45.98
2012-11-26,48.07,48.29,47.52,47.99,1039600,46.96
2012-11-23,47.96,48.45,47.79,48.26,563700,47.23
2012-11-21,47.82,48.16,47.66,47.76,975300,46.74
2012-11-20,47.86,48.49,47.57,47.78,2579600,46.76
2012-11-19,46.86,48.46,46.80,47.97,2683200,46.94
2012-11-16,46.55,46.68,44.48,46.22,3342700,45.23
2012-11-15,45.68,47.04,45.61,46.59,2678000,45.59
2012-11-14,46.00,46.97,45.47,45.67,3856900,44.69
2012-11-13,45.55,46.11,45.20,45.53,1833900,44.56
2012-11-12,45.42,45.94,45.08,45.84,1717600,44.86
2012-11-09,44.83,45.68,44.75,45.29,1941800,44.32
2012-11-08,46.45,46.69,44.93,44.97,2601400,44.01
2012-11-07,47.22,47.46,45.73,46.51,2741400,45.51
2012-11-06,47.41,47.94,47.41,47.61,1368000,46.59
2012-11-05,47.09,47.61,47.07,47.34,1365200,46.33
2012-11-02,48.03,48.49,47.28,47.29,1934900,46.28
2012-11-01,46.74,48.00,46.51,47.61,2089900,46.59
2012-10-31,46.43,46.88,46.26,46.76,2032600,45.76
2012-10-26,46.56,46.70,45.66,46.12,1445500,45.13
2012-10-25,46.65,47.16,46.27,46.52,1875800,45.52
2012-10-24,47.00,47.30,45.78,46.34,2922800,45.35
2012-10-23,43.25,47.36,43.16,46.89,6995600,45.89
2012-10-22,43.79,44.07,43.14,43.53,2409700,42.60
2012-10-19,44.55,44.62,43.60,43.88,2569100,42.94
2012-10-18,44.67,44.78,43.89,44.53,2392700,43.58
2012-10-17,43.18,44.07,43.07,44.00,2042800,43.06
2012-10-16,42.15,43.25,42.05,43.20,1947500,42.28
2012-10-15,41.46,41.90,41.21,41.86,1710900,40.96
2012-10-12,41.85,42.08,41.26,41.42,1435500,40.53
2012-10-11,42.32,42.84,41.62,41.79,2352700,40.90
2012-10-10,41.91,42.20,41.75,41.90,1977500,41.00
2012-10-09,42.32,42.70,41.84,41.90,2149100,41.00
2012-10-08,43.26,43.79,42.42,42.48,2244700,41.57
2012-10-05,41.95,42.35,41.84,41.99,2242300,41.09
2012-10-04,41.11,41.82,40.66,41.62,2308400,40.73
2012-10-03,41.86,41.99,40.59,40.79,4039500,39.92
2012-10-02,42.39,42.61,41.87,42.11,992300,41.21
2012-10-01,42.53,43.11,42.07,42.28,1551900,41.38
2012-09-28,42.15,42.65,41.98,42.37,2470500,41.46
2012-09-27,42.27,42.62,41.73,42.48,1798900,41.57
2012-09-26,42.26,42.28,41.70,41.93,2929100,41.03
2012-09-25,43.46,43.74,42.38,42.40,2061600,41.34
2012-09-24,43.70,44.14,42.87,43.34,2670400,42.26
2012-09-21,44.31,44.45,43.57,44.09,2240400,42.99
2012-09-20,45.57,45.70,44.17,44.26,2290200,43.15
2012-09-19,45.26,45.90,44.90,45.64,1763100,44.50
2012-09-18,46.35,46.55,45.17,45.57,1631000,44.43
2012-09-17,46.33,46.52,45.92,46.34,1655000,45.18
2012-09-14,45.89,46.55,45.78,46.33,2245800,45.17
2012-09-13,45.65,45.95,44.71,45.73,2273600,44.59
2012-09-12,45.20,45.82,45.20,45.65,1502300,44.51
2012-09-11,45.00,45.70,44.73,45.03,2200400,43.91
2012-09-10,43.78,45.07,43.66,44.72,2347800,43.60
2012-09-07,43.59,44.25,43.43,43.97,1689200,42.87
2012-09-06,42.01,43.75,41.93,43.54,2109000,42.45
2012-09-05,41.76,41.85,41.22,41.61,1410700,40.57
2012-09-04,41.85,41.92,41.17,41.68,1736400,40.64
2012-08-31,42.65,42.65,41.70,41.96,1702400,40.91
2012-08-30,42.76,42.98,42.29,42.42,1758000,41.36
2012-08-29,43.27,43.50,42.81,43.06,1569200,41.98
2012-08-28,42.77,43.55,42.59,43.22,1623100,42.14
2012-08-27,42.51,43.52,42.47,43.10,1637800,42.02
2012-08-24,42.43,42.75,42.22,42.55,2646100,41.49
2012-08-23,42.89,43.09,42.16,42.43,1567900,41.37
2012-08-22,42.69,43.19,42.49,43.04,2896100,41.97
2012-08-21,42.50,43.40,42.50,42.90,2064100,41.83
2012-08-20,42.31,42.58,41.80,42.41,1948800,41.35
2012-08-17,42.47,42.75,42.21,42.28,1785500,41.22
2012-08-16,41.42,42.50,41.32,42.41,2717100,41.35
2012-08-15,41.20,41.62,41.12,41.43,1765400,40.40
2012-08-14,41.55,41.83,41.05,41.18,2641200,40.15
2012-08-13,41.12,41.49,40.97,41.40,2086700,40.37
2012-08-10,41.19,41.43,40.87,41.36,2648600,40.33
2012-08-09,41.58,41.91,41.50,41.68,1703200,40.64
2012-08-08,42.03,42.19,41.57,41.69,1859600,40.65
2012-08-07,42.16,42.62,42.10,42.37,4319200,41.31
2012-08-06,42.55,42.59,41.92,41.94,1901200,40.89
2012-08-03,41.68,42.64,41.52,42.39,3096800,41.33
2012-08-02,41.10,42.38,40.68,41.20,3457000,40.17
2012-08-01,43.34,43.38,37.84,41.67,14151800,40.63
2012-07-31,44.30,44.43,43.23,43.23,2907600,42.15
2012-07-30,44.73,45.20,44.31,44.49,1200900,43.38
2012-07-27,43.58,44.87,43.50,44.64,1912300,43.53
2012-07-26,42.77,43.47,42.35,43.20,1811000,42.12
2012-07-25,42.52,42.70,41.83,42.07,1425900,41.02
2012-07-24,43.26,43.34,41.99,42.39,2170200,41.33
2012-07-23,43.02,43.53,42.58,43.24,1983100,42.16
2012-07-20,44.42,44.56,43.79,43.91,1308100,42.81
2012-07-19,44.22,45.18,44.09,44.78,1800300,43.66
2012-07-18,43.51,44.35,42.96,44.02,2581700,42.92
2012-07-17,43.96,44.21,43.62,43.84,1538700,42.75
2012-07-16,43.86,44.03,43.11,43.80,1539600,42.71
2012-07-13,43.51,44.28,42.91,43.95,2483200,42.85
2012-07-12,44.43,44.45,43.19,43.53,3085100,42.44
2012-07-11,46.68,46.68,44.46,44.82,3685000,43.70
2012-07-10,46.10,47.62,46.10,47.09,3320100,45.91
2012-07-09,45.92,46.07,45.47,45.69,1129900,44.55
2012-07-06,46.23,46.64,45.69,46.12,1044300,44.97
2012-07-05,46.10,47.32,46.01,46.87,1509900,45.70
2012-07-03,45.64,46.54,45.59,46.47,1044500,45.31
2012-07-02,46.12,46.66,45.36,45.81,2853400,44.67
2012-06-29,45.66,45.92,44.96,45.73,2568900,44.59
2012-06-28,44.70,44.87,43.79,44.69,2847500,43.57
2012-06-27,46.26,46.27,44.81,44.93,3403000,43.81
2012-06-26,47.53,48.26,45.44,46.18,4520000,45.03
2012-06-25,48.56,48.56,47.70,47.92,1255200,46.72
2012-06-22,49.06,49.27,48.33,49.08,1681600,47.85
2012-06-21,50.51,50.89,48.55,48.69,2169900,47.47
2012-06-20,50.45,50.52,49.70,50.24,1173600,48.99
2012-06-19,49.88,50.83,49.82,50.39,1693300,49.13
2012-06-18,48.79,49.64,48.55,49.55,1457600,48.31
2012-06-15,49.46,49.74,48.25,49.01,2755100,47.79
2012-06-14,48.38,49.65,47.80,49.43,1950500,48.20
2012-06-13,49.15,49.33,48.07,48.27,2075800,47.06
2012-06-12,48.05,49.43,47.56,49.39,2334600,48.16
2012-06-11,49.54,49.74,47.66,47.77,1869500,46.58
2012-06-08,47.69,48.73,47.02,48.66,2047400,47.44
2012-06-07,48.90,49.73,47.83,48.00,2001000,46.80
2012-06-06,47.52,48.16,47.34,48.16,2241500,46.96
2012-06-05,45.77,47.01,45.63,46.81,1484900,45.64
2012-06-04,46.27,46.61,45.16,46.00,1834700,44.85
2012-06-01,47.01,47.74,45.84,46.27,3331000,45.11
2012-05-31,47.44,48.61,47.05,48.18,2375400,46.98
2012-05-30,47.99,47.99,46.88,47.32,1735900,46.14
2012-05-29,47.98,48.58,47.38,48.49,1831400,47.28
2012-05-25,47.29,47.77,47.08,47.52,1561100,46.18
2012-05-24,47.50,47.65,46.88,47.39,2200600,46.06
2012-05-23,47.13,47.57,46.40,47.43,2263500,46.09
2012-05-22,47.30,48.41,47.11,47.59,2180600,46.25
2012-05-21,45.30,47.28,45.01,47.21,2326500,45.88
2012-05-18,46.13,46.17,45.00,45.27,1996900,44.00
2012-05-17,46.56,46.63,45.49,45.74,3111500,44.45
2012-05-16,47.20,47.56,46.37,46.63,2406400,45.32
2012-05-15,47.62,47.82,46.83,47.06,3041000,45.74
2012-05-14,48.20,48.43,47.36,47.76,2444400,46.42
2012-05-11,49.40,49.46,48.04,48.79,5220200,47.42
2012-05-10,50.94,51.29,50.27,50.67,1762900,49.24
2012-05-09,50.03,50.90,49.72,50.48,2789600,49.06
2012-05-08,51.23,51.25,49.96,50.69,2389700,49.26
2012-05-07,51.84,51.99,51.23,51.54,2317500,50.09
2012-05-04,52.74,53.30,51.77,51.89,1653800,50.43
2012-05-03,53.23,53.87,52.98,53.01,3043200,51.52
2012-05-02,52.97,53.87,52.89,53.45,2349400,51.95
2012-05-01,52.33,54.32,52.16,53.31,2895800,51.81
2012-04-30,52.75,52.95,52.13,52.33,2162400,50.86
2012-04-27,52.81,53.77,52.62,52.89,3288600,51.40
2012-04-26,53.30,53.95,52.68,52.88,3912700,51.39
2012-04-25,52.70,53.98,51.49,53.49,5757500,51.98
2012-04-24,50.60,51.10,49.87,50.36,2535500,48.94
2012-04-23,50.53,50.77,49.74,50.58,3128900,49.16
2012-04-20,49.75,52.03,49.47,51.70,4728900,50.24
2012-04-19,49.75,50.04,49.16,49.57,2340400,48.17
2012-04-18,49.19,49.86,49.07,49.66,1566300,48.26
2012-04-17,48.49,49.68,48.38,49.37,2511500,47.98
2012-04-16,48.28,48.82,47.73,48.01,1364700,46.66
2012-04-13,48.26,48.63,47.91,48.16,1414300,46.80
2012-04-12,47.69,48.59,47.60,48.52,1501900,47.15
2012-04-11,47.60,47.75,47.20,47.60,1717000,46.26
2012-04-10,48.06,48.11,46.65,46.86,2911800,45.54
2012-04-09,47.55,47.73,46.60,46.92,2261000,45.60
2012-04-05,48.38,48.85,48.23,48.39,1347400,47.03
2012-04-04,48.44,48.75,48.06,48.64,1213100,47.27
2012-04-03,49.41,49.71,48.64,49.07,1920400,47.69
2012-04-02,49.16,50.09,49.12,49.61,1942700,48.21
2012-03-30,49.11,49.74,48.81,49.08,1978300,47.70
2012-03-29,48.59,48.77,48.16,48.48,1995200,47.12
2012-03-28,49.81,49.82,48.58,49.00,1582800,47.62
2012-03-27,50.61,50.96,49.79,49.79,1733300,48.39
2012-03-26,49.64,50.71,49.46,50.48,3071800,49.06
2012-03-23,48.93,49.22,47.90,49.06,1226500,47.68
2012-03-22,49.05,49.46,48.51,48.91,984600,47.53
2012-03-21,49.42,49.82,49.12,49.68,1829500,48.28
2012-03-20,49.92,50.01,49.29,49.42,1825500,48.03
2012-03-19,49.11,49.61,48.44,49.50,1127500,48.11
2012-03-16,49.40,49.66,49.03,49.39,2024900,48.00
2012-03-15,49.80,49.89,49.00,49.33,1613500,47.94
2012-03-14,49.61,50.32,49.12,49.76,2674300,48.36
2012-03-13,48.36,49.39,48.05,49.36,1801000,47.97
2012-03-12,47.09,48.39,46.93,48.11,2899000,46.76
2012-03-09,46.17,46.96,46.04,46.88,1554700,45.56
2012-03-08,45.87,46.53,45.77,45.97,1177100,44.68
2012-03-07,45.25,45.76,45.24,45.60,1402400,44.32
2012-03-06,45.85,46.00,44.90,45.12,1425700,43.85
2012-03-05,46.60,46.69,45.89,46.48,864300,45.17
2012-03-02,47.25,47.39,46.53,46.86,965500,45.54
2012-03-01,46.60,47.59,46.60,47.26,1022600,45.93
2012-02-29,46.79,47.17,46.43,46.58,1392200,45.27
2012-02-28,47.05,47.17,46.35,46.78,1124900,45.46
2012-02-27,46.55,47.19,46.08,47.07,1320600,45.74
2012-02-24,47.26,47.86,46.80,47.04,1473400,45.72
2012-02-23,46.77,47.28,46.16,47.22,1560000,45.89
2012-02-22,45.87,47.12,45.87,46.80,3015600,45.48
2012-02-21,46.12,46.38,45.56,45.77,1239200,44.48
2012-02-17,45.75,46.10,45.23,46.05,1828600,44.75
2012-02-16,45.36,45.96,45.27,45.44,1771200,44.16
2012-02-15,46.65,46.69,45.35,45.62,1257800,44.18
2012-02-14,46.19,46.64,45.84,46.50,1276100,45.04
2012-02-13,46.46,46.62,46.07,46.47,1393000,45.01
2012-02-10,45.98,46.40,45.93,46.09,1319400,44.64
2012-02-09,46.35,46.66,45.92,46.56,1499700,45.10
2012-02-08,46.21,47.19,45.84,46.36,2553900,44.90
2012-02-07,45.33,46.04,45.02,45.91,1466700,44.47
2012-02-06,45.75,45.98,45.27,45.32,1634800,43.89
2012-02-03,44.96,46.18,44.87,46.11,2480900,44.66
2012-02-02,44.84,44.99,44.44,44.66,1827400,43.26
2012-02-01,44.71,44.73,44.13,44.44,1784000,43.04
2012-01-31,44.09,44.27,43.89,44.19,1849300,42.80
2012-01-30,43.89,44.37,43.45,43.91,1576000,42.53
2012-01-27,44.30,44.64,43.93,44.34,1888100,42.95
2012-01-26,44.84,45.63,44.26,44.55,3003200,43.15
2012-01-25,42.69,44.94,42.69,44.79,3440400,43.38
2012-01-24,41.84,43.40,41.41,43.32,4882900,41.96
2012-01-23,41.91,42.06,40.97,41.87,2649300,40.55
2012-01-20,42.00,42.39,41.76,41.96,1570200,40.64
2012-01-19,41.90,42.34,41.44,42.05,1236400,40.73
2012-01-18,41.54,42.05,41.51,41.89,1595300,40.57
2012-01-17,42.56,42.82,41.38,41.42,2765500,40.12
2012-01-13,40.35,42.07,40.28,42.03,3937900,40.71
2012-01-12,40.00,40.78,39.45,40.75,1648500,39.47
2012-01-11,40.01,40.18,39.64,39.89,1317200,38.64
2012-01-10,39.90,40.36,39.60,40.33,1997600,39.06
2012-01-09,39.74,39.90,39.24,39.35,2042300,38.11
2012-01-06,39.91,40.07,39.40,39.58,1380100,38.33
2012-01-05,39.28,39.98,38.93,39.89,1477700,38.64
2012-01-04,39.08,39.87,38.99,39.66,1664900,38.41
2012-01-03,39.74,39.88,39.24,39.33,2024700,38.09
2011-12-30,38.98,39.20,38.83,38.87,1001000,37.65
2011-12-29,38.46,38.83,38.33,38.75,650500,37.53
2011-12-28,38.60,38.70,38.11,38.20,813400,37.00
2011-12-27,38.99,39.10,38.59,38.71,1022100,37.49
2011-12-23,38.54,39.22,38.45,39.19,1219400,37.96
2011-12-22,38.08,38.54,38.04,38.41,1305300,37.20
2011-12-21,37.59,37.88,37.16,37.88,1905000,36.69
2011-12-20,37.06,37.79,36.89,37.57,1467900,36.39
2011-12-19,37.01,37.38,36.22,36.37,1509500,35.23
2011-12-16,37.60,37.73,36.61,36.69,2651300,35.54
2011-12-15,37.01,37.62,36.66,37.25,2178700,35.96
2011-12-14,36.47,36.81,36.06,36.53,2051900,35.26
2011-12-13,38.28,38.49,36.42,36.62,1952000,35.35
2011-12-12,37.99,38.21,37.40,38.08,1443700,36.76
2011-12-09,37.78,39.21,37.67,38.64,1472900,37.30
2011-12-08,38.02,38.41,37.52,37.66,1740200,36.35
2011-12-07,38.22,38.75,37.96,38.51,2928200,37.17
2011-12-06,38.57,38.63,37.83,38.21,1658400,36.88
2011-12-05,38.50,39.35,38.35,38.61,2518300,37.27
2011-12-02,37.40,38.23,37.40,37.80,2044200,36.49
2011-12-01,36.78,37.37,36.57,37.14,1732000,35.85
2011-11-30,36.05,36.79,35.66,36.77,2374700,35.49
2011-11-29,35.66,35.78,34.76,34.84,2155500,33.63
2011-11-28,35.91,36.27,35.20,35.50,1865000,34.27
2011-11-25,34.48,35.21,34.39,34.80,574800,33.59
2011-11-23,34.74,35.02,34.50,34.59,1353400,33.39
2011-11-22,35.54,35.85,34.99,35.16,1379500,33.94
2011-11-21,35.66,35.95,34.91,35.54,1756300,34.31
2011-11-18,36.72,36.76,35.80,36.34,2452700,35.08
2011-11-17,38.66,38.79,36.15,36.36,4642400,35.10
2011-11-16,39.45,40.29,38.84,38.87,1636400,37.52
2011-11-15,39.15,40.23,39.03,40.07,1559900,38.68
2011-11-14,39.33,39.94,39.20,39.37,1336500,38.00
2011-11-11,38.21,39.50,38.04,39.48,1579300,38.11
2011-11-10,38.31,38.53,37.42,37.64,1571100,36.33
2011-11-09,38.29,38.53,37.43,37.63,2051800,36.32
2011-11-08,39.19,39.52,38.80,39.48,1450300,38.11
2011-11-07,38.83,39.21,38.23,38.93,1051600,37.58
2011-11-04,38.67,39.15,38.33,38.99,1218000,37.64
2011-11-03,39.41,39.43,38.43,39.32,1984900,37.96
2011-11-02,38.91,39.29,38.24,38.86,2607900,37.51
2011-11-01,37.47,38.64,37.06,38.01,2981000,36.69
2011-10-31,39.01,39.36,38.37,38.90,2957400,37.55
2011-10-28,39.88,40.92,39.56,39.66,2575600,38.28
2011-10-27,39.56,40.43,39.43,39.93,3003600,38.54
2011-10-26,38.38,38.77,37.39,38.39,2424000,37.06
2011-10-25,38.66,38.82,37.80,37.89,2130300,36.57
2011-10-24,37.92,39.12,37.68,39.10,2920900,37.74
2011-10-21,35.79,37.62,35.79,37.60,3807600,36.30
2011-10-20,34.23,35.38,33.70,35.26,2336200,34.04
2011-10-19,34.51,34.84,34.13,34.37,3598100,33.18
2011-10-18,34.25,34.90,33.73,34.59,10767000,33.39
2011-10-17,37.79,37.81,37.03,37.21,2792200,35.92
2011-10-14,37.12,37.92,36.70,37.87,2336400,36.56
2011-10-13,36.37,36.70,35.92,36.43,2074200,35.17
2011-10-12,35.99,36.98,35.85,36.69,3921600,35.42
2011-10-11,34.60,35.80,34.20,35.60,2979400,34.36
2011-10-10,34.34,34.78,34.04,34.78,3158200,33.57
2011-10-07,35.25,35.25,33.06,33.48,4338500,32.32
2011-10-06,34.67,35.35,34.46,35.20,2198400,33.98
2011-10-05,34.47,34.86,33.84,34.74,2860000,33.53
2011-10-04,33.12,34.54,31.93,34.46,3700000,33.26
2011-10-03,33.88,35.31,33.71,33.77,3116400,32.60
2011-09-30,35.58,35.86,34.29,34.33,2176000,33.14
2011-09-29,36.59,36.60,34.93,36.12,2301400,34.87
2011-09-28,36.10,36.94,35.64,35.71,2072000,34.47
2011-09-27,35.83,36.86,35.60,36.18,3013700,34.80
2011-09-26,34.28,35.05,33.11,35.00,1642300,33.67
2011-09-23,33.65,33.95,33.02,33.89,1613600,32.60
2011-09-22,33.87,34.81,33.05,33.76,2532000,32.48
2011-09-21,36.55,37.00,35.24,35.28,1747100,33.94
2011-09-20,37.19,37.74,36.55,36.69,1474200,35.29
2011-09-19,36.69,37.37,36.36,37.09,1248900,35.68
2011-09-16,37.78,38.14,37.06,37.50,1888400,36.07
2011-09-15,36.92,37.68,36.61,37.63,2005500,36.20
2011-09-14,36.00,36.95,34.96,36.47,1629300,35.08
2011-09-13,35.05,35.93,34.74,35.74,1422300,34.38
2011-09-12,34.01,34.87,33.65,34.86,2241500,33.53
2011-09-09,35.72,36.00,34.25,34.63,2704900,33.31
2011-09-08,36.36,36.84,35.88,36.26,1849900,34.88
2011-09-07,35.87,36.68,35.54,36.61,1585500,35.22
2011-09-06,34.54,35.20,33.00,35.15,3651700,33.81
2011-09-02,36.68,36.78,35.79,36.00,1731500,34.63
2011-09-01,38.55,38.89,37.53,37.61,1611100,36.18
2011-08-31,37.92,39.07,37.92,38.66,3090700,37.19
2011-08-30,37.23,38.16,36.90,37.60,2221500,36.17
2011-08-29,35.89,37.49,35.88,37.46,2484800,36.03
2011-08-26,33.80,35.49,33.34,35.24,2217900,33.90
2011-08-25,35.04,35.40,33.97,34.15,2763300,32.85
2011-08-24,33.92,34.86,33.49,34.78,2892300,33.46
2011-08-23,32.26,34.31,31.93,34.20,3292300,32.90
2011-08-22,32.99,33.36,31.50,32.10,3740000,30.88
2011-08-19,33.21,33.98,31.99,32.11,3745200,30.89
2011-08-18,36.00,36.20,33.28,33.71,4466300,32.43
2011-08-17,37.54,37.73,36.59,37.06,2599100,35.65
2011-08-16,37.76,38.08,36.95,37.41,2361800,35.99
2011-08-15,37.99,38.55,37.43,38.20,2274100,36.75
2011-08-12,37.67,38.08,37.16,37.59,3481100,36.16
2011-08-11,35.65,37.91,35.21,37.34,4746100,35.92
2011-08-10,36.29,37.15,35.50,35.60,5346100,34.25
2011-08-09,35.66,37.45,34.72,37.32,6691300,35.90
2011-08-08,37.34,37.87,34.62,35.35,6768700,34.01
2011-08-05,40.08,40.32,37.91,39.09,5880500,37.60
2011-08-04,41.23,41.26,39.04,39.15,5800900,37.66
2011-08-03,41.62,42.05,39.95,42.01,4144000,40.41
2011-08-02,42.07,42.67,41.72,41.73,5079300,40.14
2011-08-01,44.00,44.08,41.96,42.57,2819800,40.95
2011-07-29,42.89,43.56,42.31,43.39,2782300,41.74
2011-07-28,44.03,44.40,43.25,43.46,3810800,41.81
2011-07-27,45.21,45.39,43.59,43.93,2759200,42.26
2011-07-26,45.54,45.89,45.32,45.51,2119900,43.78
2011-07-25,45.25,45.97,45.12,45.71,2361000,43.97
2011-07-22,45.61,46.24,45.48,45.91,1408000,44.16
2011-07-21,45.34,46.00,45.09,45.66,2395500,43.92
2011-07-20,45.21,45.37,44.65,44.99,3187400,43.28
2011-07-19,44.98,46.88,44.77,45.11,10552800,43.39
2011-07-18,41.63,41.68,40.56,41.41,2666300,39.83
2011-07-15,42.01,42.12,41.39,41.84,2158000,40.25
2011-07-14,42.22,42.69,41.45,41.80,2242500,40.21
2011-07-13,41.97,42.73,41.97,42.14,3060800,40.54
2011-07-12,41.72,41.92,41.42,41.64,3015900,40.06
2011-07-11,42.25,42.80,41.61,41.97,1985900,40.37
2011-07-08,42.37,43.19,41.94,42.94,2741400,41.31
2011-07-07,42.80,44.04,42.79,43.09,3466100,41.45
2011-07-06,42.63,42.85,42.10,42.34,2803200,40.73
2011-07-05,42.21,43.04,41.95,42.85,3287100,41.22
2011-07-01,41.08,42.18,40.97,42.09,3496900,40.49
2011-06-30,39.66,41.14,39.52,40.97,5710000,39.41
2011-06-29,39.36,40.03,39.28,39.41,3717400,37.91
2011-06-28,38.51,39.15,38.35,39.10,1735700,37.61
2011-06-27,38.32,38.50,37.76,38.34,1944500,36.88
2011-06-24,38.17,38.37,37.65,38.07,1939900,36.62
2011-06-23,37.04,38.18,36.74,38.18,2302000,36.73
2011-06-22,37.85,38.33,37.53,37.57,1660700,36.14
2011-06-21,37.34,38.11,37.13,37.92,2011100,36.48
2011-06-20,36.59,37.07,36.41,36.98,1794500,35.57
2011-06-17,36.53,36.96,36.38,36.74,2471800,35.34
2011-06-16,35.79,36.55,35.74,36.11,2218100,34.74
2011-06-15,35.88,36.27,35.49,35.82,2074100,34.46
2011-06-14,35.28,36.51,35.09,36.29,2469400,34.91
2011-06-13,35.43,35.57,34.70,34.82,2428400,33.50
2011-06-10,36.18,36.18,35.18,35.40,2908100,34.05
2011-06-09,35.99,36.54,35.82,36.37,1705300,34.99
2011-06-08,36.51,36.51,35.81,35.91,2314500,34.54
2011-06-07,36.95,37.25,36.56,36.57,2499100,35.18
2011-06-06,36.88,38.24,36.73,36.86,5167900,35.46
2011-06-03,35.89,36.50,35.80,35.87,2267300,34.51
2011-06-02,36.21,36.97,36.01,36.44,2776800,35.05
2011-06-01,37.01,37.25,35.98,35.98,1471700,34.61
2011-05-31,37.17,37.36,36.83,37.16,2131600,35.75
2011-05-27,36.70,36.94,36.54,36.86,1019400,35.34
2011-05-26,36.02,36.84,35.92,36.59,2449100,35.08
2011-05-25,36.30,36.50,35.93,36.24,2278200,34.74
2011-05-24,36.45,36.56,35.97,36.21,1561700,34.71
2011-05-23,36.26,36.68,35.90,36.36,3181300,34.86
2011-05-20,37.16,37.16,36.37,36.56,2103000,35.05
2011-05-19,37.45,37.62,36.92,37.16,1874400,35.63
2011-05-18,36.79,37.35,36.62,37.20,2170700,35.66
2011-05-17,37.09,37.32,36.58,36.83,1920200,35.31
2011-05-16,37.91,37.95,37.06,37.22,2678400,35.68
2011-05-13,38.20,38.23,37.74,38.12,2051200,36.55
2011-05-12,37.72,38.31,37.48,38.13,2030300,36.56
2011-05-11,38.50,38.50,37.57,37.78,2228500,36.22
2011-05-10,37.60,38.75,37.28,38.50,2257700,36.91
2011-05-09,37.72,38.07,37.50,37.58,1540900,36.03
2011-05-06,37.50,38.46,37.34,37.78,4382600,36.22
2011-05-05,36.55,37.37,36.13,36.99,2896600,35.46
2011-05-04,37.02,37.29,36.44,36.77,2025400,35.25
2011-05-03,37.43,37.76,36.86,37.03,1836800,35.50
2011-05-02,37.62,38.11,37.27,37.70,2250700,36.14
2011-04-29,37.35,37.59,37.06,37.26,1931400,35.72
2011-04-28,37.66,37.75,37.10,37.26,3034900,35.72
2011-04-27,37.90,37.99,37.51,37.81,2576400,36.25
2011-04-26,37.62,38.08,37.34,37.76,2303200,36.20
2011-04-25,38.14,38.16,37.31,37.55,2166800,36.00
2011-04-21,37.96,38.19,37.54,38.16,2144200,36.58
2011-04-20,38.07,38.39,37.45,37.87,4335900,36.31
2011-04-19,38.87,39.29,37.45,37.61,9998700,36.06
2011-04-18,40.09,40.28,39.03,39.71,3282100,38.07
2011-04-15,41.12,41.15,39.78,40.55,3220600,38.88
2011-04-14,40.55,41.79,39.99,40.47,4073900,38.80
2011-04-13,39.83,40.62,39.74,40.15,2737900,38.49
2011-04-12,39.12,40.30,39.09,39.47,2081200,37.84
2011-04-11,39.46,39.82,39.10,39.33,1834500,37.71
2011-04-08,40.25,40.46,39.16,39.56,2325000,37.93
2011-04-07,40.43,40.81,39.92,40.19,2442100,38.53
2011-04-06,41.50,41.52,40.19,40.42,3000400,38.75
2011-04-05,41.82,42.00,41.61,41.75,1372600,40.03
2011-04-04,42.18,42.41,41.67,41.92,1379200,40.19
2011-04-01,42.70,43.15,41.90,42.15,2597000,40.41
2011-03-31,42.13,42.51,41.79,42.49,1554100,40.74
2011-03-30,41.68,42.44,41.58,42.30,1856100,40.55
2011-03-29,40.43,41.46,40.20,41.37,1764400,39.66
2011-03-28,40.93,41.20,40.53,40.54,939000,38.87
2011-03-25,40.29,41.50,40.02,40.96,1445000,39.27
2011-03-24,40.18,40.37,39.71,40.14,1272300,38.48
2011-03-23,39.78,40.24,39.12,40.10,1377000,38.44
2011-03-22,40.98,41.03,39.85,39.90,1629200,38.25
2011-03-21,40.97,41.29,40.73,40.97,1244700,39.28
2011-03-18,40.70,41.07,40.15,40.29,1890400,38.63
2011-03-17,40.88,40.98,39.89,40.22,1767500,38.56
2011-03-16,40.67,41.08,39.73,40.13,3052300,38.47
2011-03-15,39.34,41.08,39.01,40.85,2764300,39.16
2011-03-14,40.38,40.99,40.02,40.83,1613200,39.14
2011-03-11,39.75,41.11,39.45,40.96,2270700,39.27
2011-03-10,40.31,40.76,39.88,40.08,1828500,38.42
2011-03-09,41.55,41.91,40.93,41.02,2144900,39.33
2011-03-08,41.13,41.86,40.74,41.62,2075600,39.90
2011-03-07,39.86,41.67,39.86,40.75,3943100,39.07
2011-03-04,40.39,40.39,39.20,39.75,1938300,38.11
2011-03-03,40.35,40.88,40.24,40.38,2486800,38.71
2011-03-02,39.09,40.00,39.03,39.90,2984000,38.25
2011-03-01,40.90,41.01,39.22,39.28,3014200,37.66
2011-02-28,41.08,41.50,40.56,40.82,2142900,39.13
2011-02-25,40.92,40.98,40.35,40.87,2074000,39.18
2011-02-24,40.85,40.95,39.93,40.70,3650900,39.02
2011-02-23,40.94,41.38,40.29,40.79,3212800,39.11
2011-02-22,41.25,41.69,40.59,40.96,2179100,39.27
2011-02-18,42.38,42.48,41.71,42.12,1473900,40.38
2011-02-17,42.27,42.69,42.22,42.41,1178400,40.66
2011-02-16,42.76,43.14,42.48,42.62,1332000,40.76
2011-02-15,42.55,42.73,42.28,42.52,1432800,40.67
2011-02-14,42.89,43.00,42.41,42.68,1446200,40.82
2011-02-11,41.63,43.14,41.63,43.11,1608900,41.23
2011-02-10,40.98,42.04,40.98,41.95,2724000,40.12
2011-02-09,41.00,41.44,40.72,41.33,2093900,39.53
2011-02-08,41.34,41.35,40.71,41.12,2114700,39.33
2011-02-07,41.05,41.45,40.99,41.27,2063400,39.47
2011-02-04,40.44,41.18,40.39,41.11,1788900,39.32
2011-02-03,40.20,40.63,40.13,40.47,1887300,38.71
2011-02-02,40.31,40.39,39.73,40.17,2373600,38.42
2011-02-01,40.00,40.70,39.76,40.51,2764100,38.75
2011-01-31,39.21,39.97,39.11,39.65,2904400,37.92
2011-01-28,40.24,40.59,39.18,39.37,2691600,37.66
2011-01-27,39.33,40.43,39.15,40.28,3067100,38.53
2011-01-26,39.10,39.78,38.95,39.36,3689700,37.65
2011-01-25,37.33,39.96,37.05,39.43,8115100,37.71
2011-01-24,37.17,37.32,36.18,36.49,2876400,34.90
2011-01-21,36.35,36.44,35.88,35.99,1336300,34.42
2011-01-20,35.92,36.45,35.87,35.95,1584700,34.38
2011-01-19,36.51,36.80,35.84,35.98,2058300,34.41
2011-01-18,37.03,37.13,36.44,36.72,1491500,35.12
2011-01-14,36.72,37.13,36.70,36.99,1648600,35.38
2011-01-13,36.79,36.92,36.50,36.91,1638500,35.30
2011-01-12,36.74,37.22,36.28,36.78,2156000,35.18
2011-01-11,36.65,36.84,36.11,36.30,1712000,34.72
2011-01-10,36.29,36.68,35.96,36.49,1317900,34.90
2011-01-07,36.23,37.16,36.15,36.50,1955600,34.91
2011-01-06,36.30,36.66,36.09,36.28,2548100,34.70
2011-01-05,34.59,36.28,34.56,36.26,2851200,34.68
2011-01-04,35.01,35.41,34.58,34.86,2302300,33.34
2011-01-03,35.03,35.40,34.80,34.94,2121100,33.42
2010-12-31,34.60,34.86,34.45,34.67,877500,33.16
2010-12-30,34.78,34.98,34.56,34.61,1064000,33.10
2010-12-29,34.70,35.24,34.69,34.89,1149600,33.37
2010-12-28,34.70,34.74,34.05,34.62,1240400,33.11
2010-12-27,34.45,34.67,34.18,34.56,750600,33.05
2010-12-23,35.03,35.19,34.35,34.62,1183300,33.11
2010-12-22,35.33,35.59,34.88,35.01,1192200,33.49
2010-12-21,34.66,35.45,34.49,35.18,1727500,33.65
2010-12-20,34.57,34.60,34.13,34.38,1403500,32.88
2010-12-17,34.22,34.55,33.98,34.50,2072500,33.00
2010-12-16,34.00,34.26,33.80,34.23,1514000,32.64
2010-12-15,33.56,34.10,33.56,33.93,1425400,32.36
2010-12-14,33.60,33.91,33.39,33.66,1112900,32.10
2010-12-13,33.84,33.94,33.40,33.41,1498900,31.86
2010-12-10,33.64,33.92,33.25,33.69,1171300,32.13
2010-12-09,34.07,34.07,33.41,33.51,1721300,31.96
2010-12-08,33.58,34.12,33.41,33.72,1468400,32.16
2010-12-07,34.02,34.14,33.52,33.59,1889200,32.03
2010-12-06,33.19,33.58,32.96,33.42,1394200,31.87
2010-12-03,32.90,33.31,32.68,33.25,1229500,31.71
2010-12-02,32.24,33.27,32.07,33.05,1625200,31.52
2010-12-01,31.94,32.83,31.90,32.26,2454500,30.76
2010-11-30,30.97,31.62,30.89,31.28,1992100,29.83
2010-11-29,30.95,31.64,30.90,31.46,1752300,30.00
2010-11-26,30.89,31.56,30.67,31.33,719400,29.88
2010-11-24,31.49,31.89,31.38,31.80,1330200,30.33
2010-11-23,30.94,31.44,30.77,31.14,2096500,29.70
2010-11-22,31.75,31.75,31.19,31.58,2063500,30.12
2010-11-19,31.64,31.93,31.47,31.90,2923200,30.42
2010-11-18,31.60,32.21,31.48,31.74,1959600,30.27
2010-11-17,30.80,31.37,30.66,31.12,1395900,29.68
2010-11-16,31.07,31.29,30.49,30.76,1878300,29.33
2010-11-15,31.27,32.07,31.27,31.47,1574400,30.01
2010-11-12,31.98,32.36,31.45,31.70,1537400,30.23
2010-11-11,31.92,32.49,31.63,32.33,1541200,30.83
2010-11-10,31.74,32.30,31.54,32.28,1624100,30.78
2010-11-09,32.48,32.60,31.58,31.75,1880100,30.28
2010-11-08,33.11,33.11,32.12,32.42,3796400,30.92
2010-11-05,33.52,33.74,33.24,33.63,1754000,32.07
2010-11-04,32.39,33.51,32.27,33.40,2813500,31.85
2010-11-03,31.57,31.99,31.29,31.91,2531600,30.43
2010-11-02,31.05,31.60,30.74,31.40,1751500,29.94
2010-11-01,30.92,31.18,30.31,30.61,1646200,29.19
2010-10-29,30.41,30.84,30.32,30.66,2092200,29.24
2010-10-28,31.11,31.19,30.28,30.42,2420900,29.01
2010-10-27,31.07,31.39,30.74,30.94,3099700,29.51
2010-10-26,31.18,31.77,31.01,31.47,1285900,30.01
2010-10-25,31.63,31.91,31.31,31.47,1763300,30.01
2010-10-22,31.43,31.63,31.01,31.32,1573400,29.87
2010-10-21,31.14,31.89,31.10,31.34,3482300,29.89
2010-10-20,30.57,31.06,29.96,30.95,3246300,29.52
2010-10-19,31.66,31.72,29.86,30.30,6315600,28.90
2010-10-18,32.44,32.63,32.16,32.49,3330100,30.98
2010-10-15,32.35,32.65,31.68,32.30,2340500,30.80
2010-10-14,32.32,32.50,31.83,31.98,2204500,30.50
2010-10-13,31.90,32.67,31.75,32.35,3419000,30.85
2010-10-12,31.44,31.93,30.82,31.75,2544400,30.28
2010-10-11,31.73,31.88,31.31,31.62,1581400,30.15
2010-10-08,31.02,31.84,30.97,31.69,2005200,30.22
2010-10-07,31.17,31.18,30.63,31.11,2101600,29.67
2010-10-06,31.35,31.68,30.51,30.99,5262700,29.55
2010-10-05,30.00,32.22,29.94,32.09,7372800,30.60
2010-10-04,28.50,29.49,28.38,29.42,3902200,28.06
2010-10-01,28.71,28.98,28.27,28.57,1598000,27.25
2010-09-30,28.58,29.24,28.14,28.44,1803900,27.12
2010-09-29,28.30,28.56,28.12,28.34,1409700,27.03
2010-09-28,28.20,28.70,27.79,28.63,1410100,27.21
2010-09-27,28.52,28.68,28.05,28.22,1203500,26.82
2010-09-24,27.83,28.54,27.78,28.50,1395500,27.08
2010-09-23,27.41,27.88,27.05,27.32,1366800,25.96
2010-09-22,28.16,28.43,27.55,27.73,1796200,26.35
2010-09-21,28.48,28.66,27.99,28.35,1966300,26.94
2010-09-20,28.29,28.76,28.08,28.50,2319800,27.08
2010-09-17,28.63,28.72,28.04,28.28,2337700,26.88
2010-09-16,28.64,28.70,28.06,28.43,2897000,27.02
2010-09-15,27.25,29.00,26.92,28.84,6319300,27.41
2010-09-14,27.29,27.76,27.20,27.47,4040700,26.11
2010-09-13,27.00,27.54,26.91,27.29,2778600,25.93
2010-09-10,26.57,26.85,26.44,26.61,725300,25.29
2010-09-09,26.68,26.85,26.30,26.51,1181000,25.19
2010-09-08,26.51,26.75,26.14,26.29,2463100,24.98
2010-09-07,26.84,26.90,26.32,26.50,2545600,25.18
2010-09-03,26.56,27.17,26.33,27.13,2370700,25.78
2010-09-02,25.76,26.24,25.68,26.14,1567800,24.84
2010-09-01,24.79,25.75,24.66,25.62,2434500,24.35
2010-08-31,24.21,24.72,23.93,24.33,1829300,23.12
2010-08-30,24.87,25.11,24.41,24.44,2512000,23.23
2010-08-27,24.14,25.03,23.66,25.00,2590000,23.76
2010-08-26,24.27,24.66,23.95,24.01,1619100,22.82
2010-08-25,23.77,24.30,23.73,24.18,3723900,22.98
2010-08-24,24.34,24.49,23.93,24.08,2782700,22.88
2010-08-23,25.45,25.51,24.87,24.89,1848500,23.65
2010-08-20,25.11,25.35,24.70,25.21,2325600,23.96
2010-08-19,26.30,26.41,25.25,25.41,2479700,24.15
2010-08-18,26.49,26.92,26.08,26.57,1791200,25.25
2010-08-17,26.26,26.84,26.00,26.49,1945700,25.17
2010-08-16,25.29,26.11,25.25,25.92,2604600,24.63
2010-08-13,25.48,25.84,25.39,25.57,1826400,24.30
2010-08-12,25.66,25.88,25.43,25.68,2930800,24.40
2010-08-11,27.00,27.05,26.03,26.10,3348900,24.80
2010-08-10,27.76,27.95,27.40,27.57,3317800,26.20
2010-08-09,28.20,28.52,27.83,28.24,2246000,26.84
2010-08-06,28.05,28.27,27.48,28.00,3721500,26.61
2010-08-05,27.50,28.71,27.31,28.61,3257900,27.19
2010-08-04,27.35,27.85,27.35,27.84,1703600,26.46
2010-08-03,27.86,28.13,27.25,27.39,1579200,26.03
2010-08-02,27.75,28.28,27.56,28.21,1987800,26.81
2010-07-30,26.50,27.31,26.32,27.23,3009700,25.88
2010-07-29,27.74,27.95,26.57,27.01,3487300,25.67
2010-07-28,28.01,28.23,27.11,27.37,3337300,26.01
2010-07-27,29.05,29.17,27.97,28.13,2296100,26.73
2010-07-26,28.24,28.88,28.05,28.88,3137700,27.45
2010-07-23,27.90,28.51,27.52,28.36,3420500,26.95
2010-07-22,27.13,28.04,27.05,27.90,4327600,26.51
2010-07-21,27.66,28.05,26.52,26.68,6311500,25.35
2010-07-20,25.33,27.15,25.14,26.83,13471700,25.50
2010-07-19,23.63,24.02,23.27,23.61,4187800,22.44
2010-07-16,24.74,24.79,23.48,23.55,4464600,22.38
2010-07-15,25.23,25.23,24.37,25.01,3946500,23.77
2010-07-14,24.90,25.26,24.62,25.25,4686500,24.00
2010-07-13,24.18,25.30,24.07,25.10,4464400,23.85
2010-07-12,23.76,23.96,23.49,23.85,3541200,22.67
2010-07-09,22.64,23.88,22.57,23.79,4722500,22.61
2010-07-08,22.54,23.00,22.38,22.66,3792100,21.53
2010-07-07,21.48,22.34,21.47,22.30,5490300,21.19
2010-07-06,22.49,22.49,21.26,21.51,5755900,20.44
2010-07-02,22.20,22.69,21.62,21.86,3627000,20.77
2010-07-01,22.15,22.36,21.35,22.21,5891300,21.11
2010-06-30,23.12,23.79,22.00,22.23,6216000,21.13
2010-06-29,23.37,23.45,22.75,23.14,5611700,21.99
2010-06-28,24.54,24.54,23.87,23.89,4778500,22.70
2010-06-25,23.90,24.49,23.67,24.49,10347400,23.27
2010-06-24,24.80,24.85,23.61,23.70,6172500,22.52
2010-06-23,25.10,25.28,24.44,24.94,4481600,23.70
2010-06-22,26.48,26.50,24.91,25.06,4559600,23.82
2010-06-21,27.17,27.31,26.13,26.33,2720500,25.02
2010-06-18,27.31,27.46,26.72,26.81,3379100,25.48
2010-06-17,27.21,27.39,26.59,27.24,2307400,25.89
2010-06-16,27.82,27.82,26.95,27.10,3163400,25.75
2010-06-15,27.68,27.99,27.60,27.86,2790100,26.48
2010-06-14,27.32,27.85,27.26,27.50,4467400,26.13
2010-06-11,26.84,27.07,26.64,27.05,3447000,25.71
2010-06-10,26.66,27.71,26.26,27.32,10462400,25.96
2010-06-09,26.64,27.15,26.03,26.18,3153800,24.88
2010-06-08,26.04,26.82,25.56,26.31,4730400,25.00
2010-06-07,27.50,27.50,25.91,25.98,6740900,24.69
2010-06-04,28.33,28.35,27.16,27.35,5819600,25.99
2010-06-03,29.56,30.07,28.98,29.23,4029200,27.78
2010-06-02,29.37,29.53,28.89,29.41,4539100,27.95
2010-06-01,29.57,30.49,29.12,29.18,2988100,27.73
2010-05-28,30.95,31.27,29.82,30.21,3680200,28.61
2010-05-27,30.81,31.14,30.29,31.09,4272100,29.45
2010-05-26,30.38,30.77,29.69,30.01,4487200,28.42
2010-05-25,29.27,29.94,28.95,29.94,6107200,28.36
2010-05-24,30.48,31.25,30.37,30.43,3609600,28.82
2010-05-21,29.60,31.16,29.28,30.87,6228600,29.24
2010-05-20,30.90,31.29,29.86,30.21,5822500,28.61
2010-05-19,32.29,32.87,31.19,32.19,3522400,30.49
2010-05-18,33.12,33.79,32.54,32.60,4711900,30.88
2010-05-17,32.56,33.15,31.96,32.98,4623100,31.24
2010-05-14,32.40,32.58,31.84,32.34,2829300,30.63
2010-05-13,33.99,34.05,32.74,32.91,2799700,31.17
2010-05-12,33.75,34.30,33.48,34.22,2476100,32.41
2010-05-11,32.51,34.11,32.51,33.38,4913400,31.62
2010-05-10,31.60,33.22,31.60,32.98,6693500,31.24
2010-05-07,31.10,31.70,29.69,30.18,5342300,28.59
2010-05-06,31.24,32.25,28.10,31.00,7614400,29.36
2010-05-05,32.45,32.63,30.79,31.54,6665700,29.87
2010-05-04,34.39,34.46,32.72,32.92,6048800,31.18
2010-05-03,34.24,35.07,33.93,34.91,2995400,33.07
2010-04-30,34.94,35.46,33.68,33.83,2988700,32.04
2010-04-29,34.45,35.05,34.40,35.00,2128400,33.15
2010-04-28,34.20,34.61,33.61,34.17,2674200,32.37
2010-04-27,34.89,35.11,33.93,33.98,4101700,32.19
2010-04-26,35.75,35.90,35.20,35.27,2663700,33.41
2010-04-23,35.41,35.86,35.06,35.49,4495200,33.62
2010-04-22,33.76,35.30,33.69,35.22,4395900,33.36
2010-04-21,35.30,35.47,33.96,34.23,7664700,32.42
2010-04-20,34.50,36.13,34.47,35.17,14242600,33.31
2010-04-19,32.90,33.32,32.21,32.77,4795100,31.04
2010-04-16,33.02,33.26,32.15,33.08,5008200,31.33
2010-04-15,32.61,33.99,32.53,33.27,4827300,31.51
2010-04-14,32.65,32.86,32.29,32.85,3537900,31.11
2010-04-13,31.83,32.77,31.76,32.68,4629700,30.95
2010-04-12,32.99,32.99,32.49,32.75,3221100,31.02
2010-04-09,31.84,33.02,31.78,32.92,6994600,31.18
2010-04-08,31.03,31.85,30.70,31.83,3663600,30.15
2010-04-07,31.24,31.42,30.85,31.23,3444400,29.58
2010-04-06,31.00,31.62,30.81,31.31,5589200,29.66
2010-04-05,28.82,31.66,28.64,31.37,10394600,29.71
2010-04-01,28.24,28.53,27.95,28.38,3273100,26.88
2010-03-31,28.31,28.50,27.93,28.07,2525800,26.59
2010-03-30,28.35,28.60,27.86,28.53,2853400,27.02
2010-03-29,28.11,28.35,27.87,28.32,3030700,26.82
2010-03-26,27.76,28.34,27.60,27.92,2108100,26.45
2010-03-25,28.07,28.39,27.64,27.73,3604600,26.27
2010-03-24,28.39,28.42,27.63,27.80,3653100,26.33
2010-03-23,28.77,28.90,28.31,28.48,3234500,26.98
2010-03-22,28.00,28.84,27.85,28.77,2899600,27.25
2010-03-19,28.31,28.65,28.00,28.31,3920500,26.81
2010-03-18,28.10,28.48,27.99,28.24,3487900,26.75
2010-03-17,28.41,28.50,27.93,28.18,4558600,26.69
2010-03-16,26.50,28.98,26.40,28.35,18410500,26.85
2010-03-15,26.72,26.82,26.17,26.50,2496800,25.10
2010-03-12,26.90,26.93,26.55,26.85,2011000,25.43
2010-03-11,26.81,27.07,26.55,26.77,2905300,25.36
2010-03-10,26.65,27.64,26.59,26.96,3288700,25.54
2010-03-09,26.53,26.94,26.27,26.68,2005800,25.27
2010-03-08,26.71,27.42,26.47,26.63,2529400,25.22
2010-03-05,25.66,26.90,25.51,26.82,4126000,25.40
2010-03-04,25.20,25.51,25.04,25.43,1870600,24.09
2010-03-03,25.05,25.33,24.86,25.11,2154200,23.78
2010-03-02,24.97,25.12,24.71,24.92,1798400,23.60
2010-03-01,24.69,25.06,24.48,24.85,2557600,23.54
2010-02-26,24.70,24.85,24.44,24.61,1545800,23.31
2010-02-25,24.17,24.65,24.04,24.61,2017500,23.31
2010-02-24,24.13,24.58,24.02,24.53,2179400,23.23
2010-02-23,24.09,24.25,23.70,24.05,2375800,22.78
2010-02-22,24.61,24.69,24.08,24.15,2000700,22.87
2010-02-19,24.57,24.75,24.26,24.43,2811100,23.14
2010-02-18,24.40,24.69,24.25,24.67,3112800,23.27
2010-02-17,24.27,24.49,24.01,24.45,3504100,23.06
2010-02-16,23.69,24.08,23.41,24.08,2807800,22.72
2010-02-12,22.94,23.62,22.92,23.49,3997300,22.16
2010-02-11,22.51,23.25,22.22,23.23,2842600,21.91
2010-02-10,22.73,22.84,22.07,22.63,2848600,21.35
2010-02-09,22.61,23.02,22.33,22.73,2634000,21.44
2010-02-08,22.51,22.82,22.21,22.23,2528000,20.97
2010-02-05,22.51,22.83,21.81,22.57,6446300,21.29
2010-02-04,22.89,23.26,22.55,22.69,4723700,21.40
2010-02-03,23.35,23.55,23.12,23.26,2032300,21.94
2010-02-02,23.41,23.70,23.06,23.50,3439100,22.17
2010-02-01,22.95,23.31,22.71,23.27,2646800,21.95
2010-01-29,23.48,23.73,22.59,22.74,4514000,21.45
2010-01-28,23.74,23.82,22.78,23.35,4247700,22.03
2010-01-27,23.15,23.60,22.84,23.52,3875200,22.19
2010-01-26,23.27,23.69,23.08,23.18,3957800,21.87
2010-01-25,23.83,24.22,23.22,23.42,5006800,22.09
2010-01-22,24.96,24.99,23.16,23.59,14178200,22.25
2010-01-21,25.94,26.09,25.10,25.58,5328500,24.13
2010-01-20,25.45,26.18,25.34,25.84,5478400,24.38
2010-01-19,25.08,25.73,24.41,25.71,4374500,24.25
2010-01-15,25.65,26.00,24.83,25.08,4748000,23.66
2010-01-14,25.92,25.92,25.58,25.73,2537200,24.27
2010-01-13,24.81,25.99,24.63,25.88,4288400,24.41
2010-01-12,25.09,25.09,24.50,24.81,3491800,23.40
2010-01-11,25.73,25.76,25.10,25.17,2664400,23.74
2010-01-08,25.78,25.85,25.32,25.53,3523100,24.08
2010-01-07,25.46,25.89,25.32,25.80,2522200,24.34
2010-01-06,25.74,25.99,25.45,25.59,3283200,24.14
2010-01-05,25.37,25.91,25.24,25.65,2805400,24.20
2010-01-04,25.49,25.70,25.28,25.46,2904000,24.02
2009-12-31,25.42,25.59,25.20,25.20,2210800,23.77
2009-12-30,25.30,25.54,25.08,25.50,2277400,24.06
2009-12-29,25.39,25.56,25.05,25.44,2329300,24.00
2009-12-28,25.97,25.97,25.27,25.45,2496400,24.01
2009-12-24,25.74,26.01,25.68,25.90,699400,24.43
2009-12-23,25.99,26.05,25.63,25.73,1764500,24.27
2009-12-22,25.84,26.00,25.62,25.83,1983000,24.37
2009-12-21,26.06,26.07,25.59,25.68,3434500,24.22
2009-12-18,25.90,26.24,25.51,25.99,4632700,24.52
2009-12-17,25.84,25.85,25.00,25.59,7114500,24.14
2009-12-16,27.19,27.37,26.85,26.99,2733900,25.37
2009-12-15,27.34,27.49,26.98,27.08,1874600,25.45
2009-12-14,27.98,28.30,27.19,27.35,2613100,25.70
2009-12-11,27.37,27.78,26.83,27.64,3285000,25.98
2009-12-10,27.16,27.60,26.86,27.02,3399000,25.39
2009-12-09,27.46,27.62,26.82,27.36,2669500,25.71
2009-12-08,28.21,28.28,27.38,27.50,4155400,25.85
2009-12-07,28.31,28.75,28.20,28.60,2641200,26.88
2009-12-04,29.30,29.48,28.04,28.52,4312500,26.80
2009-12-03,29.50,29.99,28.49,28.63,3469100,26.91
2009-12-02,28.85,29.63,28.76,29.58,2988300,27.80
2009-12-01,29.55,30.00,28.80,28.92,3871900,27.18
2009-11-30,28.69,29.49,28.64,29.14,2911000,27.39
2009-11-27,28.13,28.94,27.70,28.69,1384100,26.96
2009-11-25,28.80,29.25,28.64,29.10,2420600,27.35
2009-11-24,28.68,28.89,28.14,28.78,3572100,27.05
2009-11-23,28.26,28.70,28.09,28.66,4242700,26.94
2009-11-20,27.27,27.85,27.18,27.84,3102800,26.17
2009-11-19,27.87,27.99,27.52,27.77,2811200,26.10
2009-11-18,28.19,28.31,27.89,28.27,2097400,26.57
2009-11-17,27.97,28.50,27.74,28.37,3010100,26.66
2009-11-16,27.34,28.50,27.28,28.19,4372400,26.49
2009-11-13,26.32,27.12,26.32,27.00,2725500,25.38
2009-11-12,26.59,27.21,26.08,26.25,2236900,24.67
2009-11-11,27.38,27.48,26.66,26.84,2523000,25.23
2009-11-10,26.68,27.12,26.36,26.98,2805900,25.36
2009-11-09,26.01,27.11,25.96,27.07,3872400,25.44
2009-11-06,25.56,26.18,25.26,25.73,2124200,24.18
2009-11-05,25.03,25.92,24.75,25.90,2749900,24.34
2009-11-04,25.28,25.73,24.80,24.92,2726700,23.42
2009-11-03,24.69,25.05,24.04,25.00,3516400,23.50
2009-11-02,25.06,25.71,24.41,25.01,3654300,23.51
2009-10-30,26.27,26.47,24.69,24.92,4533200,23.42
2009-10-29,25.23,26.46,25.23,26.41,3114000,24.82
2009-10-28,26.17,26.17,24.95,25.10,4675200,23.59
2009-10-27,26.85,26.98,25.98,26.33,5511900,24.75
2009-10-26,27.81,28.20,26.72,26.85,5069000,25.23
2009-10-23,28.79,28.93,27.58,27.73,4526600,26.06
2009-10-22,28.32,28.89,27.93,28.72,3485300,26.99
2009-10-21,28.50,29.08,28.27,28.34,4037800,26.64
2009-10-20,28.59,28.59,28.07,28.53,4303500,26.81
2009-10-19,27.51,28.74,27.51,28.54,5284000,26.82
2009-10-16,27.70,28.75,27.15,27.86,9361700,26.18
2009-10-15,24.93,28.09,24.31,27.69,16914900,26.02
2009-10-14,25.40,26.64,25.26,26.26,14933500,24.68
2009-10-13,24.00,24.71,23.83,24.64,5663700,23.16
2009-10-12,23.82,24.28,23.75,24.14,4691000,22.69
2009-10-09,23.21,23.80,23.07,23.75,3503600,22.32
2009-10-08,22.75,23.63,22.53,23.28,4466200,21.88
2009-10-07,22.09,22.57,21.98,22.52,2976700,21.17
2009-10-06,22.03,22.59,21.77,22.13,3727500,20.80
2009-10-05,21.13,21.88,21.12,21.85,3910500,20.54
2009-10-02,21.29,21.29,20.76,21.01,6488900,19.75
2009-10-01,22.62,22.76,21.73,21.74,4895400,20.43
2009-09-30,23.00,23.14,22.10,23.00,6566400,21.62
2009-09-29,23.16,23.35,22.76,22.89,3108000,21.51
2009-09-28,23.09,23.45,22.96,23.04,3355300,21.65
2009-09-25,23.47,23.52,22.88,22.97,3134400,21.59
2009-09-24,24.39,24.53,23.36,23.53,3599400,22.11
2009-09-23,24.96,24.96,24.25,24.28,2606400,22.73
2009-09-22,24.56,24.93,24.48,24.72,2280600,23.14
2009-09-21,24.49,24.80,24.21,24.39,1752200,22.83
2009-09-18,24.75,25.00,24.41,24.91,2982300,23.32
2009-09-17,25.01,25.09,24.42,24.68,3114700,23.10
2009-09-16,25.08,25.15,24.75,25.12,4864600,23.51
2009-09-15,24.62,25.26,24.59,24.97,5111900,23.37
2009-09-14,24.62,24.77,24.25,24.69,4258700,23.11
2009-09-11,25.30,25.37,24.80,25.04,3529700,23.44
2009-09-10,25.29,25.52,25.12,25.25,3870800,23.63
2009-09-09,25.00,25.56,24.76,25.19,3690200,23.58
2009-09-08,24.11,25.08,23.86,25.02,6666300,23.42
2009-09-04,22.68,23.33,22.61,23.29,2598500,21.80
2009-09-03,22.89,22.89,22.34,22.62,2240000,21.17
2009-09-02,23.04,23.21,22.63,22.67,2449500,21.22
2009-09-01,23.89,24.79,23.12,23.18,5291300,21.70
2009-08-31,23.66,24.01,23.35,23.98,4854500,22.44
2009-08-28,22.80,23.41,22.76,23.33,3588300,21.84
2009-08-27,22.12,22.70,21.55,22.61,3300300,21.16
2009-08-26,22.22,22.75,21.73,21.95,3247700,20.54
2009-08-25,21.91,22.45,21.75,22.35,2993100,20.92
2009-08-24,22.31,22.55,21.51,21.62,2690500,20.24
2009-08-21,21.95,22.28,21.61,22.21,2710200,20.79
2009-08-20,21.67,21.93,21.48,21.81,2597700,20.41
2009-08-19,21.13,21.62,21.11,21.61,3389200,20.23
2009-08-18,21.57,22.08,21.57,21.62,2812400,20.24
2009-08-17,21.74,22.01,21.39,21.46,3642700,20.09
2009-08-14,23.27,23.33,22.54,22.70,2981000,21.25
2009-08-13,23.04,23.33,22.40,23.33,2800900,21.84
2009-08-12,22.34,23.18,22.12,22.90,2961700,21.43
2009-08-11,23.15,23.27,22.34,22.42,3813700,20.98
2009-08-10,23.74,23.98,23.18,23.46,2842500,21.96
2009-08-07,23.49,24.00,23.02,23.76,3008100,22.24
2009-08-06,22.51,23.24,22.45,23.01,3377000,21.54
2009-08-05,23.34,23.34,22.39,22.48,4553400,21.04
2009-08-04,23.24,23.54,22.80,23.31,3702500,21.82
2009-08-03,22.88,23.46,22.73,23.34,6233900,21.85
2009-07-31,22.08,22.84,21.96,22.60,3041100,21.15
2009-07-30,22.01,22.85,21.82,22.29,5765100,20.86
2009-07-29,21.70,21.78,21.29,21.57,4653000,20.19
2009-07-28,21.72,22.04,21.40,21.78,4443600,20.39
2009-07-27,21.66,21.89,21.38,21.76,4721300,20.37
2009-07-24,21.48,22.06,21.32,21.74,4682300,20.35
2009-07-23,20.24,22.00,20.12,21.97,9041200,20.56
2009-07-22,19.72,20.35,19.70,20.19,3928800,18.90
2009-07-21,20.16,20.49,19.50,19.98,7035000,18.70
2009-07-20,19.16,20.15,19.16,19.94,6909600,18.66
2009-07-17,18.44,19.14,18.43,18.92,7886600,17.71
2009-07-16,16.80,19.16,16.65,18.96,15689100,17.75
2009-07-15,16.82,17.82,16.56,17.49,9913700,16.37
2009-07-14,16.35,17.00,16.25,16.53,6084000,15.47
2009-07-13,16.21,16.60,15.76,16.58,3933700,15.52
2009-07-10,15.57,16.27,15.34,16.18,5007600,15.14
2009-07-09,15.74,15.88,15.25,15.67,4914700,14.67
2009-07-08,15.07,15.63,15.00,15.57,5534600,14.57
2009-07-07,15.36,15.36,15.00,15.04,4926100,14.08
2009-07-06,15.40,15.50,14.99,15.37,3644600,14.39
2009-07-02,16.09,16.09,15.40,15.58,4998200,14.58
2009-07-01,16.12,16.61,15.81,16.41,3286700,15.36
2009-06-30,16.77,16.86,16.10,16.21,3129700,15.17
2009-06-29,16.79,16.95,16.39,16.79,2391400,15.71
2009-06-26,16.30,16.82,16.20,16.67,5318600,15.60
2009-06-25,15.81,16.47,15.62,16.39,3286900,15.34
2009-06-24,15.60,16.45,15.51,15.91,4795600,14.89
2009-06-23,15.63,15.77,15.04,15.34,3699300,14.36
2009-06-22,16.34,16.45,15.53,15.57,3987800,14.57
2009-06-19,16.64,16.80,16.40,16.56,4180200,15.50
2009-06-18,16.52,16.59,16.01,16.42,3701100,15.37
2009-06-17,15.78,16.70,15.53,16.50,5407800,15.44
2009-06-16,16.16,16.55,15.65,15.97,4391000,14.95
2009-06-15,16.28,16.31,15.72,16.11,4589500,15.08
2009-06-12,16.69,16.81,16.32,16.68,3013600,15.61
2009-06-11,16.46,17.00,16.34,16.87,4026800,15.79
2009-06-10,17.20,17.20,16.11,16.53,7122100,15.47
2009-06-09,16.82,17.07,15.42,17.00,15189400,15.91
2009-06-08,17.22,17.37,16.49,17.03,5723700,15.94
2009-06-05,18.39,18.57,17.33,17.47,6316700,16.35
2009-06-04,18.47,18.78,17.91,18.71,3286700,17.51
2009-06-03,18.62,18.99,18.03,18.28,3885200,17.11
2009-06-02,18.44,19.13,17.74,19.04,6108300,17.82
2009-06-01,17.48,18.61,17.11,18.45,5093100,17.18
2009-05-29,16.60,16.98,16.32,16.97,3427000,15.80
2009-05-28,16.82,16.91,16.05,16.45,5198000,15.31
2009-05-27,17.34,17.39,16.22,16.30,3779400,15.17
2009-05-26,16.33,17.29,16.23,17.08,3180500,15.90
2009-05-22,16.79,16.85,16.00,16.46,4761900,15.32
2009-05-21,17.22,17.36,16.56,16.75,3870300,15.59
2009-05-20,18.38,18.74,17.44,17.54,3683100,16.33
2009-05-19,18.49,18.72,18.04,18.09,3339200,16.84
2009-05-18,17.76,18.48,17.74,18.39,3629600,17.12
2009-05-15,17.19,18.05,17.17,17.48,3988100,16.27
2009-05-14,17.05,17.76,16.77,17.21,3969700,16.02
2009-05-13,17.89,18.07,17.07,17.15,6432000,15.96
2009-05-12,19.21,19.46,18.18,18.60,5026700,17.31
2009-05-11,19.88,19.88,18.77,19.03,4419900,17.71
2009-05-08,20.00,20.43,19.42,20.20,6727900,18.80
2009-05-07,21.54,21.56,19.45,19.65,7534100,18.29
2009-05-06,22.14,22.25,20.99,21.15,6565800,19.69
2009-05-05,21.87,22.47,20.96,21.56,5640700,20.07
2009-05-04,21.48,21.99,20.69,21.97,6905900,20.45
2009-05-01,22.00,22.34,21.35,21.52,4953700,20.03
2009-04-30,21.74,22.74,21.47,22.16,8547800,20.63
2009-04-29,19.87,21.45,19.50,21.09,6451000,19.63
2009-04-28,19.06,20.10,18.86,19.59,5293800,18.24
2009-04-27,19.94,20.30,19.07,19.45,4654700,18.11
2009-04-24,19.49,20.72,19.00,20.44,5991800,19.03
2009-04-23,19.21,19.61,18.37,19.20,4479700,17.87
2009-04-22,17.93,19.57,17.57,19.13,6737300,17.81
2009-04-21,17.67,18.23,17.02,18.20,5620300,16.94
2009-04-20,18.11,18.46,17.35,17.60,5541000,16.38
2009-04-17,18.21,19.12,17.80,18.92,7932600,17.61
2009-04-16,18.70,19.58,17.85,18.11,17460400,16.86
2009-04-15,17.59,17.77,16.78,17.13,8099600,15.95
2009-04-14,17.86,18.82,17.40,17.77,5376600,16.54
2009-04-13,17.84,18.34,17.45,18.06,6793800,16.81
2009-04-09,16.83,18.03,16.31,18.02,5738300,16.77
2009-04-08,16.22,16.68,15.78,16.26,3357700,15.14
2009-04-07,16.96,16.97,15.58,16.10,6724700,14.99
2009-04-06,16.48,17.20,16.04,17.10,5923200,15.92
2009-04-03,15.75,16.59,15.40,16.56,5048700,15.42
2009-04-02,14.20,16.59,14.20,15.72,9184600,14.63
2009-04-01,12.99,13.86,12.90,13.79,3875200,12.84
2009-03-31,13.69,13.80,13.14,13.39,4016600,12.46
2009-03-30,13.96,13.96,13.15,13.42,3913800,12.49
2009-03-27,15.07,15.20,14.37,14.46,4208400,13.46
2009-03-26,14.45,15.50,14.13,15.37,6811700,14.31
2009-03-25,13.75,14.90,13.44,14.11,5443700,13.13
2009-03-24,14.00,14.00,13.40,13.46,6282900,12.53
2009-03-23,13.16,14.16,12.71,14.16,7799600,13.18
2009-03-20,13.35,13.50,12.48,12.70,5325600,11.82
2009-03-19,13.85,14.71,13.25,13.32,8242100,12.40
2009-03-18,11.32,13.95,11.20,13.76,10224200,12.81
2009-03-17,11.24,11.55,10.86,11.42,4305100,10.63
2009-03-16,11.10,11.87,10.99,11.16,6785000,10.39
2009-03-13,11.05,11.75,10.34,10.74,3455100,10.00
2009-03-12,10.11,10.90,9.75,10.82,4175400,10.07
2009-03-11,10.14,10.61,9.88,10.10,6662400,9.40
2009-03-10,8.65,10.06,8.56,10.01,8856800,9.32
2009-03-09,8.33,8.63,8.14,8.42,4836600,7.84
2009-03-06,8.85,9.19,8.05,8.33,8562000,7.75
2009-03-05,8.70,8.83,7.99,8.20,7813700,7.63
2009-03-04,9.68,9.77,8.72,8.90,8941200,8.28
2009-03-03,9.26,9.61,9.09,9.26,7897200,8.62
2009-03-02,9.88,10.01,8.98,9.09,7440000,8.37
2009-02-27,10.08,10.33,9.88,10.10,8546400,9.30
2009-02-26,10.35,10.85,10.05,10.23,4676300,9.42
2009-02-25,10.49,10.49,9.86,10.11,7306500,9.31
2009-02-24,10.40,10.64,9.78,10.49,8724700,9.66
2009-02-23,11.25,11.25,10.19,10.31,7524700,9.49
2009-02-20,10.56,11.03,10.15,10.82,8931000,9.96
2009-02-19,11.75,11.90,10.65,10.77,6703100,9.92
2009-02-18,11.95,12.17,11.09,11.35,7704200,10.45
2009-02-17,11.98,12.10,11.60,11.86,6763800,10.92
2009-02-13,12.22,12.68,12.20,12.30,6105800,11.32
2009-02-12,13.16,13.17,11.75,12.30,13583500,11.32
2009-02-11,13.27,13.83,13.02,13.41,4585200,12.35
2009-02-10,14.21,14.59,12.67,13.14,7034700,12.10
2009-02-09,14.20,14.74,13.91,14.30,4827000,13.17
2009-02-06,13.12,14.46,13.12,14.42,7890000,13.28
2009-02-05,12.66,13.35,12.35,13.08,6359000,12.04
2009-02-04,13.43,13.58,12.63,12.70,8536300,11.69
2009-02-03,12.03,14.55,11.91,13.73,20309300,12.64
2009-02-02,12.08,12.20,11.64,11.86,6701900,10.92
2009-01-30,12.86,12.86,12.14,12.18,9358100,11.21
2009-01-29,12.68,13.01,12.14,12.87,8282300,11.85
2009-01-28,12.59,13.20,12.47,12.90,8090000,11.88
2009-01-27,11.99,12.35,11.69,12.15,7210900,11.19
2009-01-26,12.04,12.50,10.90,11.54,8264200,10.62
2009-01-23,11.00,12.17,10.07,11.50,16484900,10.59
2009-01-22,13.26,13.37,12.00,12.40,8477100,11.42
2009-01-21,12.97,13.61,12.10,13.56,8839100,12.48
2009-01-20,13.54,13.82,11.96,12.02,8439500,11.07
2009-01-16,14.24,14.37,12.89,13.70,7985800,12.61
2009-01-15,13.38,14.20,12.80,13.95,7523700,12.84
2009-01-14,13.81,13.82,12.76,13.43,6482900,12.36
2009-01-13,14.25,14.54,13.60,13.97,5898900,12.86
2009-01-12,14.96,15.32,14.00,14.13,9253900,13.01
2009-01-09,17.05,17.44,15.65,16.00,7582600,14.73
2009-01-08,17.15,17.61,16.88,17.58,3185600,16.19
2009-01-07,19.28,19.35,17.14,17.35,7191400,15.97
2009-01-06,19.56,20.01,18.82,19.80,4158700,18.23
2009-01-05,18.73,19.21,17.90,18.93,4268700,17.43
2009-01-02,17.25,18.57,16.98,18.40,3592500,16.94
2008-12-31,16.35,17.15,16.35,16.97,2657700,15.62
2008-12-30,16.10,16.58,15.78,16.50,3106700,15.19
2008-12-29,16.08,16.08,15.49,15.78,1915800,14.53
2008-12-26,15.84,16.00,15.50,15.82,1372000,14.56
2008-12-24,16.08,16.08,15.53,15.76,1239100,14.51
2008-12-23,16.12,16.40,15.58,15.71,2301700,14.46
2008-12-22,16.48,16.87,15.39,15.83,3715900,14.57
2008-12-19,16.42,16.99,16.05,16.59,4329800,15.27
2008-12-18,17.05,17.11,15.76,16.09,3991500,14.81
2008-12-17,17.02,17.25,16.43,16.94,3530100,15.60
2008-12-16,16.46,17.62,16.21,17.57,3956600,15.87
2008-12-15,16.42,16.68,15.73,16.20,2749400,14.63
2008-12-12,15.52,16.36,14.94,16.31,4902800,14.73
2008-12-11,17.30,17.89,15.92,15.95,4100300,14.41
2008-12-10,16.96,17.86,16.78,17.80,3453100,16.08
2008-12-09,17.26,17.98,16.50,16.72,5227100,15.10
2008-12-08,17.32,17.95,16.80,17.44,4911400,15.75
2008-12-05,15.28,16.65,15.15,16.60,4195100,15.00
2008-12-04,16.30,17.29,15.68,16.06,4184000,14.51
2008-12-03,15.50,16.71,15.04,16.62,4600800,15.01
2008-12-02,15.35,15.98,14.85,15.95,5039600,14.41
2008-12-01,16.55,16.55,14.67,14.71,4403900,13.29
2008-11-28,17.36,17.83,16.64,17.01,2228300,15.37
2008-11-26,15.56,17.06,14.59,17.06,5300400,15.41
2008-11-25,14.91,16.89,14.51,15.90,11888600,14.36
2008-11-24,12.32,14.65,11.87,14.33,8684700,12.95
2008-11-21,12.63,12.63,11.54,12.04,8985300,10.88
2008-11-20,13.33,13.81,11.60,11.90,9254800,10.75
2008-11-19,14.43,14.65,13.40,13.49,4576400,12.19
2008-11-18,14.65,15.06,14.28,14.73,4897900,13.31
2008-11-17,15.20,15.50,14.65,14.66,4801700,13.24
2008-11-14,17.93,18.00,15.05,15.35,9233400,13.87
2008-11-13,17.60,18.48,16.41,18.18,5994500,16.42
2008-11-12,18.86,19.06,17.51,17.55,4227100,15.85
2008-11-11,19.89,19.95,18.17,19.27,4598700,17.41
2008-11-10,21.68,21.74,19.76,20.25,3832700,18.29
2008-11-07,20.92,21.44,20.60,21.31,2851100,19.25
2008-11-06,22.50,22.85,20.43,20.69,3954400,18.69
2008-11-05,24.27,24.27,22.54,22.71,2160600,20.52
2008-11-04,23.75,24.48,23.08,24.25,3459700,21.91
2008-11-03,24.44,24.58,22.68,22.89,3713300,20.68
2008-10-31,23.98,24.68,23.56,24.48,5588400,22.11
2008-10-30,24.49,26.22,23.62,23.99,6040100,21.67
2008-10-29,21.34,24.38,20.88,23.52,6941100,21.25
2008-10-28,19.40,21.35,18.72,21.28,4870500,19.22
2008-10-27,19.52,19.88,18.87,18.87,3289300,17.05
2008-10-24,19.79,20.36,19.24,19.88,5891200,17.96
2008-10-23,22.34,22.79,20.68,21.25,8060600,19.20
2008-10-22,25.11,25.27,21.42,22.35,8038200,20.19
2008-10-21,26.23,26.62,25.44,25.73,4185300,23.24
2008-10-20,25.76,26.58,25.00,26.25,3919300,23.71
2008-10-17,25.30,26.49,24.88,25.81,4383600,23.32
2008-10-16,24.50,26.60,24.12,26.34,9645400,23.79
2008-10-15,28.75,28.75,24.45,24.53,7894700,22.16
2008-10-14,31.71,31.90,27.74,28.73,6745400,25.95
2008-10-13,30.98,30.98,28.64,30.37,4442600,27.44
2008-10-10,25.58,34.00,25.10,29.54,6758500,26.69
2008-10-09,29.48,30.25,27.02,27.85,5012900,25.16
2008-10-08,28.05,31.09,28.00,29.03,5646200,26.22
2008-10-07,32.56,33.00,28.99,29.09,5799600,26.28
2008-10-06,31.90,32.19,29.88,31.95,6847400,28.86
2008-10-03,34.53,34.90,32.55,32.60,5619300,29.45
2008-10-02,36.09,36.68,33.52,33.92,6825100,30.64
2008-10-01,36.64,36.92,35.97,36.73,3868500,33.18
2008-09-30,38.34,38.67,35.95,37.30,3784700,33.70
2008-09-29,39.18,39.30,36.35,37.93,5369000,34.26
2008-09-26,39.00,40.24,38.79,40.04,2915200,35.87
2008-09-25,39.55,40.20,38.86,39.56,3208600,35.44
2008-09-24,39.98,40.40,39.09,39.18,2319200,35.10
2008-09-23,41.06,41.59,39.60,39.87,2102100,35.72
2008-09-22,42.48,42.65,40.80,41.00,2393000,36.73
2008-09-19,44.56,48.05,42.40,42.80,6509600,38.35
2008-09-18,39.66,42.56,38.96,42.32,6592500,37.92
2008-09-17,39.75,40.16,38.73,39.65,4369200,35.52
2008-09-16,39.31,40.56,38.97,40.35,4074100,36.15
2008-09-15,39.00,40.75,38.83,40.40,4058200,36.20
2008-09-12,40.91,41.23,39.91,40.49,3734400,36.28
2008-09-11,40.74,41.35,39.51,41.35,3423200,37.05
2008-09-10,41.01,42.10,40.57,41.45,3195500,37.14
2008-09-09,40.57,42.08,40.44,40.85,3824200,36.60
2008-09-08,40.38,41.47,39.51,40.59,2590300,36.37
2008-09-05,39.00,39.36,37.73,39.20,4859000,35.12
2008-09-04,40.89,41.81,39.85,40.07,2724300,35.90
2008-09-03,40.64,41.82,40.63,41.31,2333700,37.01
2008-09-02,40.49,42.78,40.38,40.83,3327500,36.58
2008-08-29,39.92,40.31,39.63,39.78,1429900,35.64
2008-08-28,39.00,40.33,38.45,40.25,2076100,36.06
2008-08-27,38.78,39.20,38.28,38.83,926700,34.79
2008-08-26,38.21,38.85,37.77,38.78,1500100,34.74
2008-08-25,39.40,39.95,38.15,38.52,1612600,34.51
2008-08-22,38.73,39.82,38.70,39.78,1551400,35.64
2008-08-21,39.10,39.10,37.93,38.50,3055500,34.49
2008-08-20,40.05,40.25,38.05,39.31,4687200,35.22
2008-08-19,41.88,41.90,39.98,40.17,3559100,35.99
2008-08-18,42.66,42.98,41.82,42.44,3427800,38.02
2008-08-15,41.23,42.56,40.76,42.56,2330400,38.13
2008-08-14,40.44,42.20,39.84,41.35,2674200,37.05
2008-08-13,41.20,41.33,39.84,40.92,2499100,36.66
2008-08-12,42.49,42.72,41.32,41.41,2676300,37.10
2008-08-11,41.83,43.86,41.22,42.55,5063400,38.12
2008-08-08,40.20,41.99,39.71,41.75,5013800,37.40
2008-08-07,40.13,40.98,39.06,40.03,3084200,35.86
2008-08-06,39.59,40.91,39.05,40.65,2900100,36.42
2008-08-05,38.17,40.10,38.09,39.92,3505900,35.77
2008-08-04,37.70,38.20,37.24,37.82,1927400,33.88
2008-08-01,37.67,38.70,37.00,37.86,2479900,33.92
2008-07-31,38.00,38.85,36.85,37.84,2633100,33.90
2008-07-30,38.23,39.14,37.41,38.23,2658300,34.25
2008-07-29,36.62,37.89,36.50,37.88,2837800,33.94
2008-07-28,37.07,37.28,36.52,36.62,2177200,32.81
2008-07-25,37.14,37.84,36.90,37.14,1892700,33.27
2008-07-24,39.09,39.46,36.61,36.99,2978200,33.14
2008-07-23,37.84,39.47,37.40,39.31,3958300,35.22
2008-07-22,37.24,38.03,36.96,38.03,4355900,34.07
2008-07-21,37.41,38.30,36.12,37.25,3576900,33.37
2008-07-18,38.82,38.83,36.93,37.45,4434500,33.55
2008-07-17,39.00,39.55,37.00,38.73,8470200,34.70
2008-07-16,33.81,36.26,33.70,36.18,4307600,32.41
2008-07-15,32.83,34.47,32.18,33.81,3595300,30.29
2008-07-14,33.66,33.99,32.77,33.07,3031500,29.63
2008-07-11,33.43,33.64,32.33,33.33,3634700,29.86
2008-07-10,34.84,34.90,33.38,33.70,3407500,30.19
2008-07-09,36.57,36.58,34.77,34.77,2173900,31.15
2008-07-08,35.50,36.60,35.17,36.59,3307600,32.78
2008-07-07,35.56,36.22,35.08,35.78,2334800,32.06
2008-07-03,35.51,36.04,35.15,35.54,2015000,31.84
2008-07-02,36.82,37.05,35.40,35.47,3027000,31.78
2008-07-01,35.80,37.12,35.41,36.82,3762000,32.99
2008-06-30,36.50,36.84,35.73,36.26,2277600,32.49
2008-06-27,36.37,36.77,36.00,36.63,2367800,32.82
2008-06-26,36.80,36.96,35.96,36.26,3919500,32.49
2008-06-25,37.37,38.49,37.07,37.19,2056000,33.32
2008-06-24,37.00,38.14,36.91,37.30,2329200,33.42
2008-06-23,37.29,37.62,37.02,37.19,2195800,33.32
2008-06-20,37.96,38.49,36.76,37.24,3392500,33.36
2008-06-19,37.37,38.48,37.21,38.34,1726900,34.35
2008-06-18,38.75,38.92,37.02,37.32,3544500,33.44
2008-06-17,39.32,39.71,38.82,38.93,1354300,34.88
2008-06-16,38.75,39.38,38.19,39.18,1776200,35.10
2008-06-13,38.29,38.97,37.86,38.93,1608400,34.88
2008-06-12,38.11,39.24,37.75,38.09,1885000,34.13
2008-06-11,39.00,39.04,37.68,37.68,1996100,33.76
2008-06-10,38.71,39.63,38.50,39.00,2126900,34.94
2008-06-09,39.67,40.00,38.84,38.99,2543700,34.93
2008-06-06,40.57,40.62,39.65,39.79,3054000,35.65
2008-06-05,40.68,41.18,40.37,40.99,1619500,36.72
2008-06-04,39.80,41.12,39.80,40.45,1912000,36.24
2008-06-03,40.14,40.73,39.49,39.99,2331400,35.83
2008-06-02,41.37,41.57,39.88,40.51,2335000,36.00
2008-05-30,40.60,41.75,40.37,41.57,2877400,36.94
2008-05-29,39.56,40.66,39.56,40.52,1517300,36.01
2008-05-28,39.00,39.80,39.00,39.61,2546600,35.20
2008-05-27,37.98,39.02,37.46,38.95,2651100,34.61
2008-05-23,38.94,38.94,37.50,37.94,2096000,33.71
2008-05-22,38.76,39.68,38.55,39.05,1096300,34.70
2008-05-21,40.30,40.32,38.56,38.85,1712500,34.52
2008-05-20,40.32,40.63,39.73,40.03,1849900,35.57
2008-05-19,39.89,41.54,39.89,40.79,2447300,36.25
2008-05-16,40.00,40.28,39.73,39.95,2148900,35.50
2008-05-15,39.29,39.99,38.87,39.91,1718500,35.46
2008-05-14,38.94,39.94,38.94,39.34,1631700,34.96
2008-05-13,39.01,39.46,38.81,39.01,1302600,34.67
2008-05-12,38.23,39.13,38.05,39.03,1031800,34.68
2008-05-09,38.00,38.42,37.81,38.05,1167600,33.81
2008-05-08,38.13,38.48,37.80,38.19,1322000,33.94
2008-05-07,39.05,39.74,37.99,38.06,1709900,33.82
2008-05-06,38.19,39.47,38.19,39.22,1642100,34.85
2008-05-05,39.10,39.10,38.23,38.69,1411900,34.38
2008-05-02,39.84,39.84,38.69,39.04,1391900,34.69
2008-05-01,38.53,39.97,38.25,39.53,2190000,35.13
2008-04-30,39.68,39.73,38.24,38.25,2608000,33.99
2008-04-29,39.57,39.98,39.30,39.44,1664700,35.05
2008-04-28,39.53,39.82,38.84,39.55,1746000,35.14
2008-04-25,38.62,39.49,38.54,39.35,2334500,34.97
2008-04-24,37.43,38.81,37.34,38.50,2522500,34.21
2008-04-23,37.00,37.58,36.95,37.58,1885900,33.39
2008-04-22,37.28,37.77,36.80,37.30,2723300,33.15
2008-04-21,37.21,37.84,37.20,37.50,2918900,33.32
2008-04-18,36.21,37.87,36.00,37.76,5624600,33.55
2008-04-17,34.20,36.40,34.10,36.09,8301500,32.07
2008-04-16,35.86,36.82,35.79,36.79,2772000,32.69
2008-04-15,35.73,36.17,34.92,35.88,3218900,31.88
2008-04-14,36.47,36.47,35.33,35.43,3610000,31.48
2008-04-11,37.25,37.80,36.89,37.06,2567300,32.93
2008-04-10,37.61,38.72,37.58,37.92,1223900,33.70
2008-04-09,39.02,39.02,37.65,37.68,1687800,33.48
2008-04-08,39.22,39.72,38.89,39.34,1241000,34.96
2008-04-07,39.44,39.84,39.06,39.42,1182100,35.03
2008-04-04,39.41,39.70,38.74,39.22,1208600,34.85
2008-04-03,39.09,39.60,38.81,39.39,1397100,35.00
2008-04-02,39.45,40.13,39.00,39.37,1707400,34.99
2008-04-01,37.76,39.21,37.76,39.11,1859800,34.75
2008-03-31,38.14,38.14,37.16,37.50,2014300,33.32
2008-03-28,38.75,39.20,37.85,37.93,1539500,33.71
2008-03-27,39.14,39.67,38.63,38.86,1881300,34.53
2008-03-26,39.50,39.50,38.58,38.97,1522700,34.63
2008-03-25,41.08,41.08,39.39,39.69,2240600,35.27
2008-03-24,37.86,41.41,37.86,40.65,4316400,36.12
2008-03-20,35.81,38.30,35.81,38.23,3349300,33.97
2008-03-19,36.55,37.50,35.72,35.76,2371900,31.78
2008-03-18,35.50,36.93,35.50,36.83,3065000,32.73
2008-03-17,34.63,35.39,34.17,34.90,2606900,31.01
2008-03-14,37.01,37.52,35.07,35.41,3393100,31.47
2008-03-13,35.72,36.96,34.97,36.80,2607500,32.70
2008-03-12,36.69,37.46,36.20,36.29,1489300,32.25
2008-03-11,35.40,36.72,35.10,36.67,2507700,32.59
2008-03-10,35.16,35.16,34.57,34.68,2400800,30.82
2008-03-07,35.54,36.00,34.83,35.05,2946700,31.15
2008-03-06,36.16,36.24,35.68,35.81,2484900,31.82
2008-03-05,36.57,37.53,35.77,36.31,2196300,32.27
2008-03-04,36.65,36.89,35.74,36.59,2294800,32.51
2008-03-03,37.19,37.45,36.36,37.07,1816200,32.94
2008-02-29,39.00,39.00,37.01,37.16,2771100,32.75
2008-02-28,39.42,39.80,39.10,39.35,1901700,34.68
2008-02-27,39.26,40.09,39.23,39.90,2590300,35.17
2008-02-26,38.85,40.10,38.85,39.57,1883100,34.88
2008-02-25,38.35,39.48,38.06,39.31,2198800,34.65
2008-02-22,37.27,38.47,36.90,38.42,2497800,33.87
2008-02-21,38.29,38.71,37.46,37.53,3581100,33.08
2008-02-20,37.51,38.15,37.31,38.09,2517100,33.57
2008-02-19,38.03,38.71,37.11,38.05,3371400,33.54
2008-02-15,37.69,38.09,37.25,37.68,2236200,33.21
2008-02-14,38.98,39.24,37.64,37.76,1601200,33.28
2008-02-13,38.92,40.00,38.60,39.04,1583400,34.41
2008-02-12,37.52,39.32,37.52,38.96,2876000,34.34
2008-02-11,37.20,37.60,36.41,37.34,2180000,32.91
2008-02-08,37.90,37.93,36.76,36.96,2257800,32.58
2008-02-07,37.51,38.35,37.08,38.03,2696800,33.52
2008-02-06,38.31,38.69,37.45,37.65,2733900,33.19
2008-02-05,39.45,39.68,37.98,37.98,2693000,33.48
2008-02-04,40.54,41.00,39.97,40.08,1868900,35.33
2008-02-01,40.67,41.05,40.06,40.95,2001900,36.10
2008-01-31,38.05,41.13,37.77,40.64,3741000,35.82
2008-01-30,39.59,40.00,38.47,38.51,2888000,33.94
2008-01-29,39.44,39.89,38.87,39.68,2168300,34.98
2008-01-28,37.94,39.29,36.80,39.13,4082300,34.49
2008-01-25,41.70,42.45,37.75,37.96,9346100,33.46
2008-01-24,41.30,41.30,39.07,40.12,4263300,35.36
2008-01-23,36.00,41.38,35.75,41.01,6168600,36.15
2008-01-22,35.14,37.60,34.72,36.85,3843400,32.48
2008-01-18,37.27,37.86,36.75,37.00,3013400,32.61
2008-01-17,37.57,38.61,36.87,36.95,6695300,32.57
2008-01-16,37.77,40.44,37.77,39.63,3887200,34.93
2008-01-15,39.24,40.15,38.72,38.72,3287600,34.13
2008-01-14,39.82,40.65,39.82,40.49,1530400,35.69
2008-01-11,41.31,41.31,39.63,39.84,3639700,35.12
2008-01-10,41.30,41.91,40.48,41.61,2351600,36.68
2008-01-09,40.20,41.15,39.84,41.15,2624900,36.27
2008-01-08,41.52,42.10,40.15,40.20,2908200,35.43
2008-01-07,42.40,42.73,40.94,41.23,4760900,36.34
2008-01-04,44.50,44.80,42.19,42.38,4734600,37.36
2008-01-03,45.73,45.87,44.99,45.15,1657700,39.80
2008-01-02,46.59,46.61,45.53,45.61,1869900,40.20
