Date,Open,High,Low,Close,Volume,Adj Close
2013-12-31,90.87,91.56,90.73,91.37,1456500,90.93
2013-12-30,91.32,91.44,90.79,91.00,1450300,90.56
2013-12-27,91.33,91.43,91.07,91.14,1065900,90.70
2013-12-26,90.58,91.22,90.55,91.10,2173300,90.66
2013-12-24,89.96,90.61,89.71,90.45,854300,90.02
2013-12-23,90.00,90.21,89.36,89.72,2298500,89.29
2013-12-20,88.82,90.00,88.61,89.55,3839700,89.12
2013-12-19,88.07,88.72,87.97,88.64,2558000,88.21
2013-12-18,86.78,88.48,85.90,88.45,3583500,88.03
2013-12-17,87.58,87.98,86.44,86.48,3656500,86.06
2013-12-16,86.94,87.73,86.46,87.37,3131400,86.95
2013-12-13,86.56,87.38,85.77,86.61,4191700,86.19
2013-12-12,86.22,86.70,85.92,86.29,2926700,85.88
2013-12-11,87.78,87.80,86.27,86.45,2887800,86.04
2013-12-10,87.66,88.28,87.42,87.84,1770400,87.42
2013-12-09,88.38,88.52,87.73,87.87,1805000,87.45
2013-12-06,88.08,88.48,87.72,88.32,1653900,87.90
2013-12-05,86.70,87.30,86.50,86.86,1793400,86.44
2013-12-04,86.84,87.29,86.19,86.83,2423600,86.41
2013-12-03,87.95,87.95,86.68,87.07,2317500,86.65
2013-12-02,88.48,88.99,88.00,88.14,2052500,87.72
2013-11-29,88.83,89.16,88.39,88.51,1156200,88.09
2013-11-27,88.99,89.41,88.69,88.87,1171000,88.44
2013-11-26,88.65,89.10,88.42,88.53,1834000,88.11
2013-11-25,89.00,89.27,88.48,88.59,1664900,88.16
2013-11-22,87.87,88.87,87.68,88.80,1914600,88.37
2013-11-21,87.41,88.05,87.36,87.94,1618200,87.52
2013-11-20,88.15,88.15,87.10,87.22,1796600,86.80
2013-11-19,88.02,88.46,87.70,87.86,1777700,87.44
2013-11-18,88.88,89.52,88.54,88.68,2416600,87.81
2013-11-15,88.28,88.77,88.21,88.62,2572300,87.75
2013-11-14,87.75,88.82,87.40,88.67,2799200,87.80
2013-11-13,86.36,87.51,86.13,87.51,2659200,86.65
2013-11-12,87.23,87.40,86.46,86.59,2438100,85.74
2013-11-11,87.37,87.67,87.08,87.42,2042700,86.56
2013-11-08,85.52,87.46,85.37,87.44,2741500,86.58
2013-11-07,86.73,86.99,85.33,85.46,2392100,84.62
2013-11-06,86.82,87.19,86.39,86.72,1793900,85.87
2013-11-05,86.05,86.69,85.42,86.34,1975300,85.49
2013-11-04,87.00,87.00,85.90,86.31,3240400,85.46
2013-11-01,86.77,87.77,86.54,86.91,3092500,86.05
2013-10-31,86.85,87.65,86.50,86.73,2290000,85.88
2013-10-30,87.52,87.94,86.57,86.72,1827800,85.87
2013-10-29,87.11,87.52,86.93,87.46,1940800,86.60
2013-10-28,87.14,87.55,86.91,87.33,1941500,86.47
2013-10-25,87.20,87.54,86.65,87.50,2747700,86.64
2013-10-24,86.85,87.43,86.72,87.28,2255900,86.42
2013-10-23,86.13,86.69,85.54,86.69,2698800,85.84
2013-10-22,84.97,86.48,84.90,86.16,3334300,85.31
2013-10-21,84.58,84.84,84.06,84.65,3512500,83.82
2013-10-18,85.71,85.94,83.70,84.58,7040200,83.75
2013-10-17,85.39,86.78,85.19,86.74,2679400,85.89
2013-10-16,85.79,86.17,85.01,85.75,2419100,84.91
2013-10-15,85.76,86.00,84.97,85.14,1974300,84.30
2013-10-14,85.68,86.14,85.33,85.98,2850700,85.13
2013-10-11,85.01,86.51,84.90,86.46,3390900,85.61
2013-10-10,82.85,85.09,82.80,85.09,3602600,84.25
2013-10-09,82.00,82.50,81.45,81.90,2634400,81.09
2013-10-08,82.80,83.35,81.79,81.82,3047300,81.01
2013-10-07,81.45,83.40,81.10,82.91,3575700,82.09
2013-10-04,81.67,82.49,81.31,82.24,2536600,81.43
2013-10-03,82.63,82.80,81.04,81.45,2633200,80.65
2013-10-02,82.65,82.88,82.08,82.84,2930800,82.02
2013-10-01,83.13,83.52,82.86,83.22,2447400,82.40
2013-09-30,82.80,83.43,82.37,83.04,2489500,82.22
2013-09-27,83.55,83.81,83.15,83.58,1704500,82.76
2013-09-26,84.02,84.43,83.72,84.05,1387500,83.22
2013-09-25,84.33,84.67,83.84,83.84,2248500,83.01
2013-09-24,84.10,84.96,83.74,84.25,2279000,83.42
2013-09-23,85.21,85.48,83.98,84.13,3266900,83.30
2013-09-20,86.61,86.71,85.48,85.48,3460700,84.64
2013-09-19,86.92,87.55,86.67,86.79,2285300,85.94
2013-09-18,85.42,86.88,84.90,86.65,2276500,85.80
2013-09-17,85.14,85.67,85.01,85.45,1986500,84.61
2013-09-16,85.11,85.33,84.44,85.10,2135200,84.26
2013-09-13,84.02,84.09,83.32,84.05,1658800,83.22
2013-09-12,84.08,84.42,83.77,83.78,2016100,82.95
2013-09-11,84.20,84.40,83.65,84.03,2512700,83.20
2013-09-10,82.98,84.28,82.80,84.13,2362700,83.30
2013-09-09,81.84,82.73,81.77,82.43,2270100,81.62
2013-09-06,81.56,82.23,80.25,81.66,2060100,80.86
2013-09-05,80.90,81.91,80.69,81.39,1815800,80.59
2013-09-04,80.40,81.09,80.23,80.96,3338300,80.16
2013-09-03,80.44,81.03,80.31,80.98,4027900,80.18
2013-08-30,80.36,80.36,79.26,79.57,1968300,78.79
2013-08-29,79.25,80.49,79.09,80.06,1813100,79.27
2013-08-28,79.24,79.74,78.88,79.45,3046900,78.67
2013-08-27,80.17,80.50,79.09,79.25,3043000,78.47
2013-08-26,81.51,81.67,80.95,81.05,2047500,80.25
2013-08-23,80.83,81.58,80.41,81.40,1805600,80.60
2013-08-22,80.57,81.08,80.38,80.77,2637000,79.97
2013-08-21,81.60,81.69,80.52,80.58,2904100,79.79
2013-08-20,81.49,82.19,81.40,81.72,1765000,80.92
2013-08-19,81.69,82.01,81.40,81.46,2312300,80.66
2013-08-16,81.65,82.15,81.52,81.96,3577600,81.15
2013-08-15,82.60,82.70,81.78,82.01,2295300,80.80
2013-08-14,83.79,83.92,83.22,83.35,1723500,82.12
2013-08-13,83.48,83.94,83.16,83.69,1453400,82.45
2013-08-12,82.96,83.55,82.62,83.43,2115200,82.20
2013-08-09,83.53,83.69,83.11,83.32,2265000,82.09
2013-08-08,84.10,84.39,83.50,83.51,2108400,82.27
2013-08-07,83.99,84.00,83.34,83.65,2438400,82.41
2013-08-06,84.46,84.70,83.91,84.16,2074300,82.91
2013-08-05,84.28,84.71,84.01,84.53,1504000,83.28
2013-08-02,84.40,84.78,84.05,84.68,2392500,83.43
2013-08-01,83.80,84.71,83.63,84.56,2238600,83.31
2013-07-31,83.30,83.80,82.93,82.98,3018300,81.75
2013-07-30,83.24,83.74,82.74,83.00,2438800,81.77
2013-07-29,82.63,83.12,82.48,82.76,2265800,81.54
2013-07-26,82.55,82.95,82.30,82.88,2534200,81.65
2013-07-25,82.79,83.00,82.56,82.85,2573300,81.62
2013-07-24,83.41,83.59,82.84,83.01,1991500,81.78
2013-07-23,83.44,83.59,82.93,83.27,2027700,82.04
2013-07-22,83.05,83.29,82.75,83.04,2593100,81.81
2013-07-19,84.38,84.85,82.90,83.57,3182800,82.33
2013-07-18,82.44,83.29,82.01,82.97,3721100,81.74
2013-07-17,82.37,82.95,82.23,82.44,2249200,81.22
2013-07-16,82.35,82.64,81.86,82.03,1890500,80.82
2013-07-15,82.50,82.68,81.71,82.30,3386300,81.08
2013-07-12,82.56,82.75,81.87,82.37,2675900,81.15
2013-07-11,82.17,82.67,81.98,82.57,2489200,81.35
2013-07-10,81.25,81.75,80.93,81.21,2433500,80.01
2013-07-09,81.32,81.65,81.14,81.39,2928700,80.19
2013-07-08,80.48,81.04,80.05,80.67,3859300,79.48
2013-07-05,79.04,80.08,79.04,80.06,2101100,78.88
2013-07-03,77.36,78.97,77.32,78.51,2581700,77.35
2013-07-02,79.24,79.84,77.63,77.88,8982700,76.73
2013-07-01,79.86,81.09,79.86,80.32,2146600,79.13
2013-06-28,80.00,80.20,79.30,79.34,3475300,78.17
2013-06-27,80.15,81.00,80.15,80.20,3352000,79.01
2013-06-26,78.50,79.86,78.44,79.75,3634200,78.57
2013-06-25,77.46,77.99,77.17,77.65,2424400,76.50
2013-06-24,77.49,77.54,76.15,76.65,3581400,75.52
2013-06-21,78.31,78.50,77.29,78.25,4407700,77.09
2013-06-20,79.01,79.29,77.49,77.67,3398300,76.52
2013-06-19,80.83,80.93,79.68,79.68,3056900,78.50
2013-06-18,79.87,81.09,79.71,80.85,3223200,79.65
2013-06-17,78.83,79.97,78.72,79.71,3786500,78.53
2013-06-14,78.16,78.65,77.86,78.18,2636900,77.02
2013-06-13,77.34,78.51,77.18,78.31,2388200,77.15
2013-06-12,78.76,78.94,77.26,77.32,2107400,76.18
2013-06-11,77.92,78.90,77.68,78.16,1569600,77.00
2013-06-10,79.24,79.31,78.29,78.68,2351100,77.52
2013-06-07,78.39,79.22,77.88,79.08,3255800,77.91
2013-06-06,76.76,77.66,76.30,77.66,2862300,76.51
2013-06-05,77.49,77.58,76.51,76.70,2710800,75.56
2013-06-04,78.70,79.23,77.38,77.74,3455400,76.59
2013-06-03,78.55,79.19,78.02,78.85,2801600,77.68
2013-05-31,79.21,80.14,78.46,78.46,3283600,77.30
2013-05-30,79.01,79.85,78.70,79.44,2783100,78.26
2013-05-29,79.18,79.68,78.54,78.80,3285900,77.63
2013-05-28,80.28,80.88,79.75,79.77,3314600,78.59
2013-05-24,79.01,79.42,78.50,79.29,2422900,78.12
2013-05-23,78.70,79.61,78.55,79.24,3924400,78.07
2013-05-22,80.16,80.84,79.31,79.59,4134300,78.41
2013-05-21,80.50,80.87,79.91,80.15,3178400,78.96
2013-05-20,80.32,81.24,80.23,80.53,2528400,79.34
2013-05-17,79.23,80.84,79.05,80.75,4064400,79.55
2013-05-16,79.29,79.29,78.55,78.73,3465000,77.56
2013-05-15,78.88,79.89,78.53,79.89,3321000,78.30
2013-05-14,77.84,79.16,77.84,79.16,3047800,77.59
2013-05-13,77.69,78.02,77.47,77.86,1993100,76.31
2013-05-10,77.75,78.08,77.23,77.74,2311800,76.20
2013-05-09,77.44,78.01,77.34,77.78,4044100,76.24
2013-05-08,76.70,77.55,76.58,77.48,3018400,75.94
2013-05-07,76.20,77.05,76.13,76.90,2921400,75.37
2013-05-06,75.28,76.17,75.25,76.08,3608300,74.57
2013-05-03,74.71,75.70,74.71,75.24,3215000,73.75
2013-05-02,72.83,74.13,72.81,73.97,3130600,72.50
2013-05-01,73.20,73.39,72.47,72.53,3171200,71.09
2013-04-30,73.97,73.98,73.00,73.54,2918100,72.08
2013-04-29,74.02,74.11,73.45,73.80,3000500,72.33
2013-04-26,74.54,74.68,73.68,73.90,3330800,72.43
2013-04-25,74.93,75.04,74.43,74.53,5230600,73.05
2013-04-24,74.97,75.17,74.63,74.83,3761500,73.34
2013-04-23,75.00,75.00,73.75,74.76,2911700,73.28
2013-04-22,74.29,74.89,74.04,74.59,3767400,73.11
2013-04-19,73.72,74.44,72.66,74.18,6563400,72.71
2013-04-18,71.85,71.89,70.92,71.47,5337100,70.05
2013-04-17,72.74,72.74,71.42,71.89,3962700,70.46
2013-04-16,72.73,73.23,72.48,73.18,2473100,71.73
2013-04-15,73.87,73.92,72.18,72.20,3377200,70.77
2013-04-12,74.38,74.53,73.79,74.25,2143800,72.78
2013-04-11,74.44,74.86,74.20,74.70,3177900,73.22
2013-04-10,73.53,74.44,73.30,74.41,4390100,72.93
2013-04-09,73.64,73.72,73.18,73.54,2926800,72.08
2013-04-08,72.95,73.61,72.78,73.55,3308700,72.09
2013-04-05,72.69,73.16,72.43,72.98,4331500,71.53
2013-04-04,73.51,73.78,73.34,73.75,4249400,72.29
2013-04-03,74.48,74.57,73.18,73.33,4863300,71.87
2013-04-02,74.73,74.83,73.99,74.21,3563900,72.74
2013-04-01,75.20,75.28,74.10,74.33,3951200,72.85
2013-03-28,75.15,75.53,75.00,75.35,3490500,73.85
2013-03-27,75.03,75.20,74.58,75.17,2815600,73.68
2013-03-26,75.11,75.63,74.92,75.48,3433000,73.98
2013-03-25,75.45,75.75,74.37,74.86,4344100,73.37
2013-03-22,74.84,75.23,74.68,75.19,3605400,73.70
2013-03-21,74.59,75.00,74.44,74.59,4089000,73.11
2013-03-20,74.37,74.87,74.37,74.70,3635700,73.22
2013-03-19,74.07,74.37,73.43,74.03,4256600,72.56
2013-03-18,72.72,74.27,72.55,73.89,4259200,72.42
2013-03-15,73.57,73.86,73.33,73.46,5970700,72.00
2013-03-14,74.18,74.28,73.42,73.81,4589500,72.34
2013-03-13,73.73,74.02,73.54,73.95,3393800,72.48
2013-03-12,73.87,73.90,73.07,73.59,2988100,72.13
2013-03-11,73.36,73.93,72.95,73.86,3393200,72.39
2013-03-08,72.67,73.78,72.67,73.70,4927500,72.24
2013-03-07,71.63,72.36,71.45,72.17,4217300,70.74
2013-03-06,70.82,71.41,70.80,71.27,3522000,69.85
2013-03-05,70.00,70.87,69.97,70.68,3752600,69.28
2013-03-04,69.59,69.85,68.90,69.70,3570900,68.32
2013-03-01,69.71,70.26,69.23,70.05,2980000,68.66
2013-02-28,70.39,70.87,70.10,70.10,3684200,68.71
2013-02-27,69.10,70.51,69.02,70.35,2710900,68.95
2013-02-26,69.07,69.55,68.84,69.12,3786100,67.75
2013-02-25,69.89,70.13,68.95,68.95,5303500,67.58
2013-02-22,70.00,70.24,69.54,69.89,3615200,68.50
2013-02-21,69.64,69.98,69.34,69.80,4144400,68.41
2013-02-20,70.81,71.43,70.34,70.35,4208900,68.55
2013-02-19,70.23,70.95,70.03,70.93,3179800,69.12
2013-02-15,70.38,70.44,69.77,70.11,3058700,68.32
2013-02-14,70.00,70.38,69.78,70.09,2883700,68.30
2013-02-13,70.42,70.78,69.89,70.18,2584000,68.39
2013-02-12,70.07,70.57,69.96,70.42,2044600,68.62
2013-02-11,70.42,70.46,69.92,70.09,2322700,68.30
2013-02-08,70.28,70.79,70.18,70.53,3280800,68.73
2013-02-07,69.92,70.44,69.58,70.37,4108400,68.57
2013-02-06,69.53,70.00,69.31,69.92,3423600,68.13
2013-02-05,68.98,70.17,68.96,69.88,4577600,68.09
2013-02-04,68.74,68.94,68.39,68.56,3030800,66.81
2013-02-01,68.97,69.56,68.62,69.15,3680400,67.38
2013-01-31,68.40,68.69,68.07,68.24,3526300,66.50
2013-01-30,68.91,69.21,68.62,68.67,2477100,66.91
2013-01-29,68.92,69.20,68.60,69.09,3619200,67.32
2013-01-28,69.21,69.21,68.57,68.92,4427800,67.16
2013-01-25,69.16,69.25,67.95,68.33,5636400,66.58
2013-01-24,68.36,69.21,68.05,68.24,4118800,66.50
2013-01-23,68.30,68.40,68.05,68.27,3284400,66.52
2013-01-22,67.75,68.40,67.63,68.40,3643000,66.65
2013-01-18,67.48,67.81,67.14,67.81,3397900,66.08
2013-01-17,67.00,67.50,66.74,67.31,2269700,65.59
2013-01-16,66.54,66.73,66.38,66.73,2085800,65.02
2013-01-15,66.27,66.97,66.18,66.88,2273400,65.17
2013-01-14,66.40,66.76,66.12,66.76,1839600,65.05
2013-01-11,66.35,66.50,66.10,66.31,2346400,64.61
2013-01-10,66.87,66.87,66.09,66.42,4421000,64.72
2013-01-09,66.05,66.54,65.87,66.54,3218100,64.84
2013-01-08,66.25,66.26,65.54,65.74,2977400,64.06
2013-01-07,66.07,66.80,66.00,66.36,4264600,64.66
2013-01-04,65.25,66.45,65.25,66.33,4139300,64.63
2013-01-03,64.60,65.50,64.54,65.00,2974200,63.34
2013-01-02,64.67,65.09,64.16,64.75,5208600,63.09
2012-12-31,62.72,63.53,62.21,63.47,3990300,61.85
2012-12-28,63.24,63.64,62.85,62.92,2090800,61.31
2012-12-27,63.73,63.93,62.98,63.74,2839500,62.11
2012-12-26,63.78,64.28,63.65,63.81,2781800,62.18
2012-12-24,63.71,64.49,63.40,63.67,2237600,62.04
2012-12-21,63.40,64.31,63.40,64.21,5749800,62.57
2012-12-20,63.85,64.49,63.78,64.29,4411600,62.65
2012-12-19,64.00,64.35,63.76,63.77,5222100,62.14
2012-12-18,62.50,64.05,62.39,63.96,5355700,62.32
2012-12-17,61.69,62.47,61.57,62.39,3929400,60.79
2012-12-14,61.63,61.90,61.44,61.55,3242000,59.98
2012-12-13,61.16,62.00,61.01,61.74,4355500,60.16
2012-12-12,61.95,62.00,61.05,61.10,3740400,59.54
2012-12-11,62.00,62.28,61.51,61.65,4562800,60.07
2012-12-10,61.82,62.00,61.50,61.86,2946600,60.28
2012-12-07,61.77,62.00,61.35,61.97,2249700,60.39
2012-12-06,61.41,61.54,60.94,61.52,2276000,59.95
2012-12-05,60.77,61.71,60.38,61.57,3195900,60.00
2012-12-04,60.54,60.95,60.24,60.52,2296300,58.97
2012-12-03,61.56,61.70,60.55,60.59,2598800,59.04
2012-11-30,61.42,61.50,61.06,61.33,3525100,59.76
2012-11-29,61.45,61.71,60.88,61.34,2242900,59.77
2012-11-28,60.25,61.29,59.85,61.24,3031900,59.67
2012-11-27,60.65,61.18,60.54,60.62,3069200,59.07
2012-11-26,60.60,60.88,60.22,60.66,2382600,59.11
2012-11-23,60.77,61.26,60.70,61.26,910600,59.69
2012-11-21,60.60,60.82,60.36,60.59,1751100,59.04
2012-11-20,60.30,60.81,60.12,60.61,3020200,59.06
2012-11-19,59.82,60.49,59.72,60.44,3661900,58.89
2012-11-16,59.08,59.30,58.29,59.15,4774400,57.64
2012-11-15,59.91,60.32,59.05,59.33,5440500,57.41
2012-11-14,61.30,61.49,59.83,59.96,3846000,58.02
2012-11-13,61.01,61.99,61.00,61.24,2543100,59.26
2012-11-12,60.94,61.66,60.80,61.44,2938900,59.46
2012-11-09,60.92,61.53,60.63,60.83,4905400,58.87
2012-11-08,62.05,62.49,61.29,61.30,3164000,59.32
2012-11-07,62.74,62.91,61.72,62.12,3422000,60.11
2012-11-06,62.74,63.89,62.74,63.53,4032900,61.48
2012-11-05,62.36,62.97,62.18,62.80,2348600,60.77
2012-11-02,63.05,63.18,62.26,62.43,3748600,60.41
2012-11-01,61.26,63.03,61.26,62.63,5618200,60.61
2012-10-31,61.73,61.93,60.86,61.24,3579300,59.26
2012-10-26,61.39,61.84,61.03,61.49,3227100,59.50
2012-10-25,62.26,62.27,61.08,61.43,3027000,59.45
2012-10-24,61.47,61.76,60.84,61.02,3522100,59.05
2012-10-23,61.49,61.69,60.98,61.55,3383600,59.56
2012-10-22,62.14,63.48,61.62,62.28,5475500,60.27
2012-10-19,60.80,63.48,60.80,62.49,9846900,60.47
2012-10-18,61.80,61.87,60.92,61.42,5661400,59.44
2012-10-17,61.17,61.95,61.17,61.89,3008700,59.89
2012-10-16,61.20,61.60,61.03,61.52,2144200,59.53
2012-10-15,60.37,60.92,60.17,60.85,2235800,58.88
2012-10-12,60.58,61.06,60.05,60.20,2515900,58.26
2012-10-11,60.70,60.98,60.29,60.29,2735400,58.34
2012-10-10,60.59,60.77,60.17,60.24,3370500,58.29
2012-10-09,61.31,61.36,60.51,60.68,3114500,58.72
2012-10-08,61.04,61.42,60.64,61.28,2722600,59.30
2012-10-05,61.70,61.93,61.22,61.43,3544500,59.45
2012-10-04,61.41,61.67,61.14,61.27,2844300,59.29
2012-10-03,61.47,61.73,60.89,60.96,4713400,58.99
2012-10-02,61.21,61.56,60.89,61.45,4418400,59.47
2012-10-01,60.37,61.30,60.10,60.80,4546900,58.84
2012-09-28,59.84,60.15,59.32,59.75,3050700,57.82
2012-09-27,59.90,60.49,59.69,60.24,3002200,58.29
2012-09-26,59.41,59.66,58.64,59.44,3841400,57.52
2012-09-25,60.24,60.50,59.29,59.31,2915500,57.39
2012-09-24,60.15,60.33,59.60,60.13,2286800,58.19
2012-09-21,60.95,61.16,60.50,60.52,5212400,58.57
2012-09-20,60.75,60.95,60.25,60.55,3421300,58.59
2012-09-19,61.30,61.52,60.93,61.28,3104200,59.30
2012-09-18,61.63,61.80,60.93,61.39,3266000,59.41
2012-09-17,60.77,61.76,60.72,61.72,3648000,59.73
2012-09-14,61.08,61.95,60.70,61.02,4471300,59.05
2012-09-13,59.85,61.25,59.43,61.12,3854200,59.15
2012-09-12,59.89,60.28,59.64,60.10,2579200,58.16
2012-09-11,59.72,60.17,59.48,59.79,3077000,57.86
2012-09-10,59.77,59.86,59.47,59.56,3043300,57.64
2012-09-07,59.23,59.92,59.17,59.90,2942200,57.97
2012-09-06,57.87,59.26,57.87,59.02,3508800,57.11
2012-09-05,57.50,57.80,57.23,57.37,2282100,55.52
2012-09-04,58.48,58.50,57.16,57.52,2823400,55.66
2012-08-31,58.57,58.83,58.16,58.45,2742000,56.56
2012-08-30,58.25,58.49,57.96,58.11,2181700,56.23
2012-08-29,58.76,58.77,58.24,58.73,1999600,56.83
2012-08-28,58.22,58.78,58.11,58.56,3206500,56.67
2012-08-27,58.49,58.76,58.08,58.39,1795500,56.50
2012-08-24,58.20,58.54,57.66,58.36,3091100,56.47
2012-08-23,58.66,58.83,58.29,58.48,1778200,56.59
2012-08-22,59.09,59.17,58.60,58.88,2180300,56.98
2012-08-21,59.70,59.98,58.92,59.11,2461500,57.20
2012-08-20,59.35,59.63,59.25,59.50,2234100,57.58
2012-08-17,58.97,59.56,58.60,59.50,3403100,57.58
2012-08-16,58.11,59.01,58.05,58.76,2657500,56.86
2012-08-15,58.40,58.62,58.20,58.47,1704900,56.22
2012-08-14,58.87,58.96,58.17,58.43,1924600,56.18
2012-08-13,58.70,59.01,58.33,58.71,1740400,56.45
2012-08-10,58.70,59.03,58.44,59.01,1824600,56.74
2012-08-09,58.83,59.21,58.63,58.97,1894100,56.70
2012-08-08,58.28,59.11,58.17,58.93,2749500,56.66
2012-08-07,59.00,59.45,58.50,58.57,3913200,56.32
2012-08-06,59.29,59.50,58.64,58.64,2056100,56.38
2012-08-03,58.45,59.14,58.40,58.91,2764000,56.64
2012-08-02,57.60,57.66,56.70,57.32,3189100,55.11
2012-08-01,58.40,58.64,57.77,58.00,3593100,55.77
2012-07-31,58.15,58.60,58.01,58.05,2963400,55.82
2012-07-30,58.80,59.32,58.17,58.39,3126500,56.14
2012-07-27,58.21,59.52,57.82,59.01,3599100,56.74
2012-07-26,57.85,58.67,57.38,57.74,3079000,55.52
2012-07-25,56.97,57.65,56.33,56.80,2998300,54.61
2012-07-24,57.41,57.54,55.93,56.68,3364000,54.50
2012-07-23,56.76,57.71,56.45,57.44,3527900,55.23
2012-07-20,57.74,58.40,57.36,57.74,3563300,55.52
2012-07-19,58.25,58.62,57.46,57.95,5832100,55.72
2012-07-18,56.31,58.49,55.90,58.18,8392900,55.94
2012-07-17,54.62,54.93,53.86,54.54,3449600,52.44
2012-07-16,54.37,54.64,53.60,54.48,2903900,52.38
2012-07-13,53.66,54.71,53.60,54.58,3216800,52.48
2012-07-12,53.31,53.97,52.73,53.60,3746900,51.54
2012-07-11,53.73,54.33,53.49,53.70,3789000,51.63
2012-07-10,55.33,56.17,53.45,53.71,5365200,51.64
2012-07-09,54.74,55.29,54.38,55.21,2864700,53.09
2012-07-06,55.30,55.39,54.32,54.89,3027700,52.78
2012-07-05,55.40,56.38,55.30,56.09,2772900,53.93
2012-07-03,54.97,55.94,54.72,55.59,2409100,53.45
2012-07-02,55.94,56.19,54.63,55.16,4295100,53.04
2012-06-29,54.38,55.86,54.02,55.84,4870700,53.69
2012-06-28,53.11,53.61,52.21,52.92,6586600,50.88
2012-06-27,53.40,54.13,53.38,54.00,3280100,51.92
2012-06-26,53.82,53.94,52.84,53.26,4974100,51.21
2012-06-25,54.77,54.83,53.67,53.72,4681500,51.65
2012-06-22,55.33,55.73,55.11,55.51,3411000,53.37
2012-06-21,56.80,56.99,55.39,55.43,4103500,53.30
2012-06-20,56.67,56.84,56.03,56.54,3466400,54.36
2012-06-19,56.21,56.72,56.09,56.58,3184400,54.40
2012-06-18,55.74,56.08,55.51,55.88,2246800,53.73
2012-06-15,55.53,56.05,55.45,56.04,4990800,53.88
2012-06-14,55.39,55.81,54.74,55.22,4279600,53.10
2012-06-13,55.76,55.83,54.84,55.12,3001300,53.00
2012-06-12,55.36,56.09,55.04,56.05,2771200,53.89
2012-06-11,56.67,56.69,55.05,55.13,3054300,53.01
2012-06-08,55.37,56.03,55.18,55.99,2997800,53.84
2012-06-07,55.31,56.23,55.21,55.37,4879400,53.24
2012-06-06,53.79,54.66,53.52,54.66,4770700,52.56
2012-06-05,53.00,53.51,52.81,53.29,3854200,51.24
2012-06-04,53.76,53.85,52.55,53.20,5732800,51.15
2012-06-01,54.21,54.53,53.80,53.94,5980000,51.86
2012-05-31,56.20,56.24,54.78,55.66,5098300,53.52
2012-05-30,56.72,56.72,56.10,56.20,3528900,54.04
2012-05-29,57.31,57.42,56.81,57.20,3728700,55.00
2012-05-25,57.41,57.56,56.45,56.75,2361500,54.57
2012-05-24,57.74,57.88,56.53,57.27,2892300,55.07
2012-05-23,56.55,57.72,56.08,57.62,3984300,55.40
2012-05-22,57.34,57.70,56.92,57.28,3966900,55.08
2012-05-21,55.32,57.11,55.32,57.03,4552100,54.84
2012-05-18,55.78,55.98,54.98,55.23,4946500,53.11
2012-05-17,57.07,57.27,55.43,55.48,4779100,53.35
2012-05-16,57.59,58.06,57.09,57.14,3854000,54.94
2012-05-15,58.06,58.55,57.35,57.48,3027800,54.91
2012-05-14,57.96,58.59,57.50,58.15,3706600,55.55
2012-05-11,58.22,59.20,58.09,58.55,2937500,55.93
2012-05-10,58.85,59.10,58.36,58.57,2701300,55.95
2012-05-09,58.58,59.06,58.16,58.37,3975300,55.76
2012-05-08,59.13,59.48,58.58,59.37,3072100,56.72
2012-05-07,59.14,59.63,59.01,59.52,2724200,56.86
2012-05-04,60.15,60.22,59.21,59.31,2645300,56.66
2012-05-03,60.63,60.88,60.06,60.47,3345500,57.77
2012-05-02,60.46,60.72,60.02,60.64,4064500,57.93
2012-05-01,60.48,61.47,60.20,60.93,2924900,58.21
2012-04-30,61.06,61.21,60.34,60.66,3353300,57.95
2012-04-27,61.26,61.45,60.96,61.29,3955500,58.55
2012-04-26,60.37,61.16,60.27,61.00,3088000,58.27
2012-04-25,60.47,60.84,60.18,60.48,3450000,57.78
2012-04-24,59.52,60.25,59.26,59.93,3824900,57.25
2012-04-23,59.00,59.25,58.54,59.20,4640300,56.55
2012-04-20,59.86,60.50,59.36,59.39,8427400,56.73
2012-04-19,58.66,58.92,57.62,58.00,4544100,55.41
2012-04-18,58.60,58.96,58.34,58.73,3600100,56.10
2012-04-17,58.53,59.15,57.97,58.93,5120500,56.29
2012-04-16,58.58,58.69,57.85,58.00,3320000,55.41
2012-04-13,58.60,58.65,57.99,58.07,2720500,55.47
2012-04-12,57.20,58.88,57.09,58.79,4662000,56.16
2012-04-11,57.28,57.63,56.84,57.08,4973700,54.53
2012-04-10,57.65,57.79,56.57,56.58,6869200,54.05
2012-04-09,58.72,59.02,57.87,57.89,4636400,55.30
2012-04-05,59.84,60.01,59.48,59.49,2933700,56.83
2012-04-04,60.11,60.23,59.79,60.15,2896700,57.46
2012-04-03,60.91,61.32,60.37,60.63,2550700,57.92
2012-04-02,60.57,61.39,60.37,61.12,3009700,58.39
2012-03-30,61.23,61.40,60.84,61.05,2684700,58.32
2012-03-29,60.13,60.83,59.81,60.70,2727700,57.99
2012-03-28,61.17,61.30,60.23,60.75,2736200,58.03
2012-03-27,61.85,62.00,61.29,61.30,2928200,58.56
2012-03-26,60.80,61.85,60.76,61.78,4968100,59.02
2012-03-23,59.85,60.23,59.34,60.16,4102400,57.47
2012-03-22,59.01,59.82,58.38,59.75,5316400,57.08
2012-03-21,59.40,59.81,59.22,59.47,3782400,56.81
2012-03-20,60.09,60.09,59.33,59.48,3216900,56.82
2012-03-19,60.24,60.80,60.13,60.46,2275700,57.76
2012-03-16,60.79,60.83,60.22,60.37,5097600,57.67
2012-03-15,60.53,60.91,60.22,60.85,2689300,58.13
2012-03-14,60.40,60.99,60.32,60.52,3259200,57.81
2012-03-13,59.71,60.45,59.38,60.37,4446700,57.67
2012-03-12,59.81,59.92,59.14,59.26,3710200,56.61
2012-03-09,59.80,60.17,59.37,59.78,3255400,57.11
2012-03-08,58.84,59.61,58.36,59.49,4126500,56.83
2012-03-07,57.65,57.96,57.31,57.74,5825800,55.16
2012-03-06,58.37,58.53,57.55,57.77,4983200,55.19
2012-03-05,59.80,59.92,59.02,59.10,3431900,56.46
2012-03-02,60.11,60.22,59.62,59.75,2732000,57.08
2012-03-01,59.35,60.19,59.30,60.12,4001000,57.43
2012-02-29,59.73,60.20,59.53,59.57,4540300,56.91
2012-02-28,59.72,60.13,59.53,59.75,3047700,57.08
2012-02-27,58.75,59.90,58.70,59.70,3519000,57.03
2012-02-24,59.00,59.67,58.86,59.27,2579200,56.62
2012-02-23,58.98,59.25,58.33,59.00,3649000,56.36
2012-02-22,59.41,59.82,59.17,59.51,2529200,56.49
2012-02-21,60.48,60.59,59.68,59.89,2233000,56.85
2012-02-17,59.87,60.26,59.77,60.10,3169500,57.05
2012-02-16,59.00,59.57,58.96,59.47,2249300,56.45
2012-02-15,60.11,60.11,58.81,59.00,3106500,56.01
2012-02-14,59.84,60.09,59.31,59.84,2202500,56.81
2012-02-13,59.81,60.28,59.35,60.14,2734100,57.09
2012-02-10,59.42,59.43,58.76,59.33,3656800,56.32
2012-02-09,59.87,60.09,59.66,59.89,3186500,56.85
2012-02-08,60.07,60.26,59.61,59.87,3251900,56.83
2012-02-07,59.98,60.31,59.51,60.16,2884800,57.11
2012-02-06,60.06,60.52,60.00,60.31,3894300,57.25
2012-02-03,59.63,60.79,59.50,60.74,5652800,57.66
2012-02-02,58.94,59.23,58.54,59.03,3233100,56.04
2012-02-01,58.64,59.34,58.64,58.94,3461200,55.95
2012-01-31,58.39,58.57,57.61,58.04,3446800,55.10
2012-01-30,57.95,58.28,57.50,58.18,3717200,55.23
2012-01-27,57.12,58.71,56.82,58.27,6107700,55.32
2012-01-26,58.80,58.91,57.50,57.83,4571800,54.90
2012-01-25,57.31,58.32,56.50,58.11,3675500,55.16
2012-01-24,57.18,57.68,56.99,57.63,2647900,54.71
2012-01-23,57.45,58.40,57.31,57.62,3376300,54.70
2012-01-20,58.43,58.43,56.78,57.38,6377400,54.47
2012-01-19,58.23,58.56,57.90,58.50,3996700,55.53
2012-01-18,57.15,58.25,57.04,58.19,3973600,55.24
2012-01-17,57.33,57.70,57.04,57.16,3093200,54.26
2012-01-13,56.75,56.83,56.18,56.70,2460900,53.83
2012-01-12,56.76,57.33,56.47,57.19,2998200,54.29
2012-01-11,56.26,56.66,56.06,56.46,3504200,53.60
2012-01-10,56.24,57.00,56.11,56.58,5512200,53.71
2012-01-09,55.49,55.75,54.98,55.64,2591000,52.82
2012-01-06,55.72,55.72,55.04,55.18,3830000,52.38
2012-01-05,55.31,55.78,54.73,55.59,2874700,52.77
2012-01-04,55.49,55.64,55.15,55.53,3660800,52.71
2012-01-03,55.28,55.96,55.23,55.58,4610800,52.76
2011-12-30,54.77,54.90,54.27,54.35,2094700,51.59
2011-12-29,54.18,54.89,53.92,54.79,2461900,52.01
2011-12-28,55.04,55.12,53.94,53.98,2268000,51.24
2011-12-27,54.79,55.16,54.64,54.95,1312000,52.16
2011-12-23,54.74,55.00,54.52,54.98,2040500,52.19
2011-12-22,54.29,54.73,54.05,54.64,4017800,51.87
2011-12-21,54.24,54.41,53.49,54.19,4617100,51.44
2011-12-20,53.29,54.46,53.27,54.36,3923100,51.60
2011-12-19,53.49,53.63,52.10,52.29,3655600,49.64
2011-12-16,52.86,53.71,52.53,53.10,7090300,50.41
2011-12-15,52.27,52.80,51.78,52.41,5190900,49.75
2011-12-14,52.00,52.25,51.43,51.55,4795000,48.94
2011-12-13,53.13,53.87,52.04,52.31,4726400,49.66
2011-12-12,53.84,53.87,52.39,52.89,3417200,50.21
2011-12-09,53.04,54.23,52.95,54.00,3753700,51.26
2011-12-08,53.69,54.14,52.70,52.87,4520600,50.19
2011-12-07,54.13,54.25,53.25,53.94,4422400,51.21
2011-12-06,54.99,55.08,54.17,54.60,3070800,51.83
2011-12-05,55.15,55.55,54.23,54.70,4605000,51.93
2011-12-02,54.51,55.37,54.05,54.13,3613300,51.39
2011-12-01,53.88,54.70,53.85,54.17,3614600,51.42
2011-11-30,52.98,54.19,52.89,54.15,5088600,51.40
2011-11-29,51.97,52.71,51.52,51.56,4419000,48.95
2011-11-28,50.83,51.68,50.76,51.66,4947500,49.04
2011-11-25,48.87,49.97,48.82,49.14,1784100,46.65
2011-11-23,50.41,50.41,49.15,49.19,4892200,46.70
2011-11-22,51.06,51.48,50.66,50.96,4643000,48.38
2011-11-21,51.43,51.56,50.16,51.30,5154600,48.70
2011-11-18,52.99,53.18,52.32,52.75,3207900,50.08
2011-11-17,53.13,53.67,52.10,52.60,5186100,49.93
2011-11-16,53.67,54.39,53.21,53.29,4016300,50.59
2011-11-15,54.44,55.20,54.02,54.78,4559100,51.65
2011-11-14,54.69,54.99,54.38,54.71,4347200,51.58
2011-11-11,54.40,55.81,54.40,54.79,5022500,51.66
2011-11-10,53.64,54.09,53.33,53.56,5611700,50.50
2011-11-09,53.19,53.63,52.44,52.83,5239800,49.81
2011-11-08,54.69,54.82,53.51,54.65,4480900,51.53
2011-11-07,53.94,54.05,52.88,53.96,3707100,50.88
2011-11-04,53.37,54.12,53.06,53.95,4034200,50.87
2011-11-03,53.14,54.20,52.51,53.94,5741800,50.86
2011-11-02,52.02,52.93,52.02,52.45,4875600,49.45
2011-11-01,50.86,52.03,50.41,51.20,6464100,48.27
2011-10-31,53.06,53.34,52.39,52.40,3998700,49.40
2011-10-28,53.84,54.17,53.50,53.88,5414200,50.80
2011-10-27,53.28,54.52,53.10,54.07,7424500,50.98
2011-10-26,51.08,51.80,50.63,51.40,5473900,48.46
2011-10-25,51.32,51.89,50.55,50.71,5538900,47.81
2011-10-24,51.14,52.09,51.10,51.77,6334900,48.81
2011-10-21,50.22,51.42,49.85,51.28,8955500,48.35
2011-10-20,48.89,49.35,47.85,48.46,5607200,45.69
2011-10-19,49.21,49.77,48.60,48.82,4533500,46.03
2011-10-18,47.74,49.82,46.91,49.33,5774300,46.51
2011-10-17,49.23,49.23,47.55,47.70,4364300,44.97
2011-10-14,48.55,49.45,48.47,49.45,3741800,46.62
2011-10-13,48.09,48.12,47.14,47.89,4731200,45.15
2011-10-12,47.77,49.16,47.73,48.49,5673300,45.72
2011-10-11,46.92,47.73,46.63,47.37,4120600,44.66
2011-10-10,46.34,47.40,46.34,47.16,3471100,44.46
2011-10-07,45.42,46.24,45.04,45.49,5360200,42.89
2011-10-06,44.23,45.11,43.70,45.06,5817300,42.48
2011-10-05,43.90,44.52,43.26,44.37,5714500,41.83
2011-10-04,41.69,43.69,41.22,43.66,6996700,41.16
2011-10-03,43.55,43.99,42.32,42.32,9661800,39.90
2011-09-30,44.02,45.35,43.82,43.91,5484200,41.40
2011-09-29,45.27,45.80,43.87,45.00,5147400,42.43
2011-09-28,45.24,45.71,44.19,44.27,5587600,41.74
2011-09-27,45.03,45.95,44.84,45.14,6069800,42.56
2011-09-26,43.00,43.88,42.20,43.80,7096200,41.30
2011-09-23,41.77,42.98,41.64,42.43,7641900,40.00
2011-09-22,43.28,43.51,41.50,41.97,11799600,39.57
2011-09-21,46.68,47.08,44.86,44.87,4406500,42.30
2011-09-20,47.48,47.70,46.69,46.75,3666300,44.08
2011-09-19,46.18,47.61,46.12,47.32,6282000,44.61
2011-09-16,46.99,47.50,46.31,47.13,5804800,44.44
2011-09-15,45.99,46.66,45.75,46.64,4483700,43.97
2011-09-14,44.93,46.13,43.92,45.41,4976400,42.81
2011-09-13,44.20,45.23,43.88,44.57,7128600,42.02
2011-09-12,44.11,44.71,43.12,44.14,7486200,41.62
2011-09-09,45.32,45.87,44.40,44.72,5935900,42.16
2011-09-08,46.66,47.29,45.72,45.93,4168400,43.30
2011-09-07,45.96,47.03,45.67,47.03,5081800,44.34
2011-09-06,44.08,45.21,43.40,45.05,5211000,42.47
2011-09-02,45.95,46.33,45.28,45.45,3931100,42.85
2011-09-01,47.74,48.36,46.77,46.88,5347500,44.20
2011-08-31,47.96,48.45,47.33,47.81,5667800,45.08
2011-08-30,46.88,47.67,46.28,47.29,5438800,44.59
2011-08-29,46.18,47.06,46.00,47.00,4043300,44.31
2011-08-26,44.31,45.88,43.55,45.48,6333700,42.88
2011-08-25,45.00,45.51,44.06,44.73,7551300,42.17
2011-08-24,44.11,44.95,43.81,44.82,5115500,42.26
2011-08-23,42.25,44.16,41.93,44.16,6681300,41.64
2011-08-22,43.72,43.84,41.62,41.94,7998700,39.54
2011-08-19,42.31,43.89,42.12,42.19,11344200,39.78
2011-08-18,44.45,44.47,42.13,42.76,13136500,40.32
2011-08-17,46.12,46.87,45.45,45.99,5889200,43.36
2011-08-16,46.74,47.03,45.82,46.03,8356200,43.08
2011-08-15,47.10,47.81,46.84,47.23,8417500,44.21
2011-08-12,45.19,46.98,44.63,46.88,10294400,43.88
2011-08-11,43.73,45.32,43.16,44.63,10525900,41.77
2011-08-10,45.71,45.85,43.08,43.22,14898000,40.45
2011-08-09,45.25,46.80,43.76,46.76,11923800,43.77
2011-08-08,46.26,47.38,44.23,44.29,13255700,41.46
2011-08-05,49.42,49.78,47.24,47.98,16185900,44.91
2011-08-04,50.58,50.90,48.65,48.69,10392400,45.57
2011-08-03,51.32,51.65,49.89,51.59,8083600,48.29
2011-08-02,52.62,53.06,51.19,51.20,6595800,47.92
2011-08-01,54.01,54.04,52.18,53.06,6128200,49.66
2011-07-29,52.19,53.85,51.99,53.10,6189700,49.70
2011-07-28,53.74,54.46,52.87,53.00,8096700,49.61
2011-07-27,55.03,55.12,53.46,53.46,8773100,50.04
2011-07-26,56.33,56.40,55.27,55.34,4039200,51.80
2011-07-25,55.85,56.68,55.80,56.30,3964400,52.70
2011-07-22,57.03,57.23,55.52,56.40,10733800,52.79
2011-07-21,57.71,58.55,57.56,58.21,4522000,54.49
2011-07-20,57.63,57.80,57.04,57.34,3765900,53.67
2011-07-19,56.83,57.60,56.81,57.43,2859700,53.76
2011-07-18,56.93,56.98,56.21,56.57,2816700,52.95
2011-07-15,57.29,57.34,56.65,57.25,4038500,53.59
2011-07-14,57.70,57.98,56.88,57.01,2794600,53.36
2011-07-13,57.76,58.27,57.39,57.59,3384700,53.90
2011-07-12,58.01,58.30,57.20,57.28,4595000,53.61
2011-07-11,58.62,59.03,58.15,58.31,3427300,54.58
2011-07-08,59.67,59.82,59.20,59.54,2885000,55.73
2011-07-07,60.36,60.65,60.13,60.44,2879300,56.57
2011-07-06,59.50,59.95,59.26,59.69,3865500,55.87
2011-07-05,59.68,60.17,59.36,59.46,4100500,55.66
2011-07-01,59.49,60.45,59.15,60.19,3777600,56.34
2011-06-30,58.79,59.95,58.76,59.59,3888000,55.78
2011-06-29,58.52,58.91,58.18,58.62,3628500,54.87
2011-06-28,57.03,58.40,56.72,58.38,4952800,54.64
2011-06-27,56.54,56.94,56.15,56.79,3205200,53.16
2011-06-24,56.56,56.76,56.16,56.35,3543200,52.74
2011-06-23,56.31,56.55,55.53,56.50,4722000,52.88
2011-06-22,57.52,57.71,56.94,57.01,3549200,53.36
2011-06-21,56.96,57.95,56.78,57.81,4828100,54.11
2011-06-20,55.94,56.66,55.76,56.43,2745700,52.82
2011-06-17,56.94,57.00,55.73,55.85,5273200,52.28
2011-06-16,55.97,56.56,55.76,56.35,3363900,52.74
2011-06-15,56.66,56.87,55.97,56.05,4038800,52.46
2011-06-14,56.32,57.50,56.25,57.19,4239700,53.53
2011-06-13,55.78,56.08,55.37,55.71,3150100,52.15
2011-06-10,56.30,56.30,55.38,55.53,3210200,51.98
2011-06-09,56.07,56.78,55.86,56.46,3243000,52.85
2011-06-08,56.56,56.77,55.93,56.07,4541100,52.48
2011-06-07,57.76,57.80,56.79,56.85,3163000,53.21
2011-06-06,57.11,57.66,56.77,57.45,4688500,53.77
2011-06-03,56.79,57.91,56.66,57.25,4013000,53.59
2011-06-02,57.65,58.21,57.33,57.95,3157900,54.24
2011-06-01,59.37,59.54,57.42,57.53,4567800,53.85
2011-05-31,59.96,60.10,58.95,59.55,3317700,55.74
2011-05-27,58.89,59.44,58.57,59.19,2858600,55.40
2011-05-26,58.33,58.70,57.81,58.50,3942000,54.76
2011-05-25,58.06,59.28,57.81,58.87,3738300,55.10
2011-05-24,58.48,58.76,57.76,58.25,3719800,54.52
2011-05-23,58.12,58.92,58.01,58.48,4081600,54.74
2011-05-20,59.38,59.51,58.55,58.99,4031100,55.22
2011-05-19,59.97,60.13,59.13,59.49,3639000,55.68
2011-05-18,58.90,59.69,58.22,59.55,5505100,55.74
2011-05-17,59.90,60.12,58.68,58.98,5040700,54.89
2011-05-16,60.44,60.94,60.00,60.12,4432800,55.96
2011-05-13,60.98,61.24,60.30,60.51,3726100,56.32
2011-05-12,61.31,61.40,60.60,60.86,5586700,56.64
2011-05-11,61.61,61.87,60.96,61.28,3347300,57.04
2011-05-10,61.83,61.98,61.38,61.76,4211000,57.48
2011-05-09,61.10,62.01,60.91,61.62,3235100,57.35
2011-05-06,60.80,61.68,60.62,60.95,4023300,56.73
2011-05-05,59.88,60.99,59.32,60.15,4581700,55.98
2011-05-04,61.62,61.85,60.22,60.32,6341800,56.14
2011-05-03,61.55,61.85,61.26,61.80,4027500,57.52
2011-05-02,61.67,62.28,61.31,61.54,4130200,57.28
2011-04-29,61.10,61.52,61.00,61.23,4100000,56.99
2011-04-28,61.40,61.68,60.99,61.01,5041900,56.78
2011-04-27,62.10,62.10,61.27,61.46,5533500,57.20
2011-04-26,60.61,62.00,60.58,62.00,6400000,57.71
2011-04-25,60.52,60.72,60.21,60.32,5025500,56.14
2011-04-21,60.00,61.10,59.40,60.72,9638700,56.51
2011-04-20,58.39,59.48,57.77,58.74,5475800,54.67
2011-04-19,57.15,57.61,56.80,57.46,3111700,53.48
2011-04-18,57.11,57.24,56.34,57.11,3157300,53.15
2011-04-15,57.55,57.88,57.11,57.75,4827000,53.75
2011-04-14,56.95,57.61,56.31,57.50,3097300,53.52
2011-04-13,57.60,57.64,56.95,57.31,3090000,53.34
2011-04-12,57.98,58.16,57.30,57.53,3779500,53.54
2011-04-11,58.35,58.75,57.92,58.26,2745500,54.22
2011-04-08,58.93,59.00,57.80,58.30,3183100,54.26
2011-04-07,58.69,59.16,58.30,58.49,4637600,54.44
2011-04-06,59.29,59.49,58.59,58.85,3510400,54.77
2011-04-05,59.09,59.49,59.01,59.05,2639100,54.96
2011-04-04,59.45,59.81,59.08,59.23,4703100,55.13
2011-04-01,59.96,60.02,59.08,59.26,4721900,55.15
2011-03-31,59.61,59.95,59.56,59.71,3215500,55.57
2011-03-30,59.87,59.88,59.40,59.59,3550900,55.46
2011-03-29,58.34,59.63,57.80,59.60,5163800,55.47
2011-03-28,58.38,59.08,58.09,58.32,5926700,54.28
2011-03-25,57.72,57.90,57.38,57.39,3104300,53.41
2011-03-24,57.40,57.73,56.90,57.73,2476500,53.73
2011-03-23,56.38,57.27,56.30,57.10,2601800,53.14
2011-03-22,57.09,57.26,56.51,56.54,3373100,52.62
2011-03-21,56.74,57.47,56.64,57.04,3421600,53.09
2011-03-18,55.84,56.52,55.56,55.86,5300000,51.99
2011-03-17,55.09,55.71,54.82,55.21,3624000,51.39
2011-03-16,55.36,55.51,53.74,54.33,5523400,50.57
2011-03-15,54.45,55.96,54.19,55.54,4794300,51.69
2011-03-14,55.72,56.26,55.13,56.01,4288300,52.13
2011-03-11,55.76,56.49,55.47,56.27,3223800,52.37
2011-03-10,56.54,56.54,55.43,55.79,5211100,51.93
2011-03-09,56.97,57.44,56.28,56.71,4844300,52.78
2011-03-08,56.27,57.58,55.76,57.30,3887800,53.33
2011-03-07,56.79,57.47,55.72,56.19,4176400,52.30
2011-03-04,57.28,57.35,55.82,56.51,3915900,52.60
2011-03-03,56.22,57.53,56.22,57.29,3771000,53.32
2011-03-02,56.59,56.72,55.06,55.55,6656400,51.70
2011-03-01,58.09,58.19,56.40,56.45,4473100,52.54
2011-02-28,57.06,58.08,57.01,57.91,4768300,53.90
2011-02-25,56.66,57.49,56.60,57.28,3523900,53.31
2011-02-24,55.14,56.61,55.06,56.48,4407000,52.57
2011-02-23,56.33,56.99,54.92,55.64,5058500,51.79
2011-02-22,57.16,57.47,55.95,56.23,3672600,52.33
2011-02-18,57.44,58.02,57.36,57.99,3656800,53.97
2011-02-17,57.11,57.53,56.88,57.36,2841000,53.39
2011-02-16,57.15,57.59,56.78,57.20,2752300,53.24
2011-02-15,57.35,57.45,56.94,57.37,1924400,53.09
2011-02-14,57.72,58.03,57.20,57.60,2879500,53.30
2011-02-11,57.32,58.07,57.08,57.98,2312200,53.65
2011-02-10,57.21,57.63,57.07,57.47,3454900,53.18
2011-02-09,57.13,57.54,56.94,57.34,2981200,53.06
2011-02-08,57.26,57.48,57.13,57.39,3159000,53.10
2011-02-07,57.27,57.42,56.97,57.13,2924100,52.86
2011-02-04,57.20,57.30,56.52,57.12,2767000,52.85
2011-02-03,57.17,57.70,57.03,57.17,4054200,52.90
2011-02-02,56.56,57.83,56.56,57.41,4415200,53.12
2011-02-01,56.32,57.00,56.09,56.94,3756200,52.69
2011-01-31,55.26,56.01,54.75,56.01,5574300,51.83
2011-01-28,55.69,56.99,54.59,55.32,9266700,51.19
2011-01-27,55.96,56.03,55.36,55.92,3815300,51.74
2011-01-26,55.57,56.09,55.15,55.77,5239900,51.61
2011-01-25,55.22,55.45,54.69,55.38,2420300,51.24
2011-01-24,54.58,55.63,54.47,55.37,3251400,51.24
2011-01-21,55.10,55.20,54.43,54.49,4575200,50.42
2011-01-20,54.24,55.84,53.96,54.58,7437700,50.50
2011-01-19,54.83,54.93,54.07,54.34,3767000,50.28
2011-01-18,55.03,55.25,54.58,54.76,3285300,50.67
2011-01-14,54.48,55.03,54.37,55.02,3571100,50.91
2011-01-13,54.60,54.84,54.41,54.59,2975500,50.51
2011-01-12,54.47,54.80,54.16,54.72,3664500,50.63
2011-01-11,54.18,54.36,53.70,54.00,2628800,49.97
2011-01-10,54.34,54.34,53.40,53.90,3425600,49.88
2011-01-07,54.59,54.68,53.81,54.30,2864800,50.25
2011-01-06,54.55,54.56,53.71,54.36,3319300,50.30
2011-01-05,53.19,54.65,53.14,54.37,4410000,50.31
2011-01-04,54.26,54.28,52.98,53.48,4990300,49.49
2011-01-03,53.49,54.42,53.45,54.21,3799200,50.16
2010-12-31,52.94,53.37,52.72,53.16,1626800,49.19
2010-12-30,53.20,53.30,52.82,52.96,2152300,49.01
2010-12-29,53.66,53.71,53.23,53.30,1432200,49.32
2010-12-28,53.62,53.62,53.06,53.51,1541600,49.51
2010-12-27,53.04,53.49,52.91,53.39,1578000,49.40
2010-12-23,53.53,53.64,53.15,53.43,1836200,49.44
2010-12-22,53.45,53.74,53.22,53.72,2729300,49.71
2010-12-21,53.26,53.64,52.98,53.53,2998100,49.53
2010-12-20,53.23,53.29,52.83,52.91,3425000,48.96
2010-12-17,52.99,53.34,52.39,52.99,7759100,49.03
2010-12-16,51.54,53.42,51.54,53.41,6652500,49.42
2010-12-15,51.98,52.55,51.35,51.54,9245100,47.69
2010-12-14,52.27,52.81,52.00,52.53,5027600,48.61
2010-12-13,52.23,52.40,51.89,52.00,3439400,48.12
2010-12-10,51.51,52.29,51.37,51.98,5347500,48.10
2010-12-09,51.66,51.77,51.25,51.34,2952500,47.51
2010-12-08,51.43,51.82,51.13,51.37,3729300,47.53
2010-12-07,51.63,51.93,51.30,51.43,4433200,47.59
2010-12-06,51.28,51.41,50.95,51.17,3109600,47.35
2010-12-03,51.09,51.54,50.77,51.45,3717000,47.61
2010-12-02,50.84,51.49,50.60,51.19,5237100,47.37
2010-12-01,50.41,51.23,50.41,50.88,5098400,47.08
2010-11-30,49.62,50.04,49.10,49.71,4131600,46.00
2010-11-29,49.78,50.05,49.19,49.93,3821900,46.20
2010-11-26,49.79,50.29,49.55,50.13,1582600,46.39
2010-11-24,49.83,50.44,49.73,50.41,5072500,46.65
2010-11-23,49.20,49.92,49.08,49.60,4740600,45.90
2010-11-22,49.39,50.05,49.03,49.65,4386300,45.94
2010-11-19,49.64,49.79,49.13,49.78,4687200,46.06
2010-11-18,49.44,49.97,49.31,49.74,4737000,46.03
2010-11-17,48.50,49.12,48.17,48.82,8913400,45.17
2010-11-16,47.95,49.50,47.95,48.44,13878700,44.54
2010-11-15,47.65,48.07,47.52,47.59,3194400,43.76
2010-11-12,48.04,48.20,47.20,47.52,4981400,43.70
2010-11-11,48.49,48.71,47.90,48.31,4345700,44.42
2010-11-10,48.98,48.98,48.48,48.83,4554300,44.90
2010-11-09,49.33,49.33,48.75,49.02,6468800,45.08
2010-11-08,48.97,49.38,48.75,49.11,5709900,45.16
2010-11-05,49.00,49.34,48.75,49.28,7749200,45.31
2010-11-04,47.97,49.02,47.85,49.01,8076900,45.07
2010-11-03,47.39,47.60,46.74,47.44,3254400,43.62
2010-11-02,47.07,47.40,46.93,47.24,2925700,43.44
2010-11-01,46.93,47.37,46.56,46.80,4397200,43.03
2010-10-29,46.88,47.21,46.61,47.11,3097000,43.32
2010-10-28,47.47,47.78,46.63,47.10,3259400,43.31
2010-10-27,46.64,47.15,46.26,47.09,4053500,43.30
2010-10-26,47.42,47.46,46.89,47.28,3981700,43.48
2010-10-25,47.75,48.28,47.44,47.53,4924300,43.71
2010-10-22,46.64,47.35,45.35,47.26,7119400,43.46
2010-10-21,46.71,47.26,46.38,46.67,5952700,42.91
2010-10-20,46.34,47.29,46.26,46.41,9258200,42.68
2010-10-19,46.30,46.83,45.72,46.16,7425000,42.45
2010-10-18,46.51,47.02,46.30,47.00,4363400,43.22
2010-10-15,46.56,46.70,45.93,46.49,4764900,42.75
2010-10-14,46.38,46.40,45.73,46.17,3984200,42.46
2010-10-13,45.87,46.68,45.72,46.41,4761000,42.68
2010-10-12,45.40,45.67,44.75,45.55,3597100,41.88
2010-10-11,45.67,45.85,45.41,45.61,3167100,41.94
2010-10-08,45.57,45.89,45.17,45.75,3593900,42.07
2010-10-07,45.86,45.86,45.06,45.48,4303000,41.82
2010-10-06,45.01,45.85,45.00,45.72,5560600,42.04
2010-10-05,44.05,45.23,43.99,45.01,6413500,41.39
2010-10-04,44.15,44.54,43.41,43.61,4014500,40.10
2010-10-01,44.22,44.71,44.02,44.15,4857200,40.60
2010-09-30,44.35,44.89,43.70,43.94,5434600,40.40
2010-09-29,43.90,44.29,43.74,44.04,4126300,40.50
2010-09-28,43.95,44.32,43.20,44.19,4590200,40.63
2010-09-27,44.51,44.51,43.70,43.84,4060400,40.31
2010-09-24,43.70,44.49,43.70,44.46,4054000,40.88
2010-09-23,43.58,43.96,43.09,43.23,4950000,39.75
2010-09-22,44.13,44.32,43.38,43.68,4414000,40.17
2010-09-21,44.35,44.51,43.89,44.31,4875500,40.74
2010-09-20,44.04,44.41,43.68,44.31,4632800,40.74
2010-09-17,43.89,44.08,43.54,43.82,6187900,40.29
2010-09-16,43.34,43.86,43.31,43.73,4372200,40.21
2010-09-15,43.36,43.63,43.15,43.57,4917900,40.06
2010-09-14,43.28,43.79,43.05,43.54,4906700,40.04
2010-09-13,43.31,43.59,43.09,43.30,4206500,39.82
2010-09-10,42.16,42.89,41.93,42.81,4535700,39.37
2010-09-09,42.78,42.92,41.81,41.97,4079400,38.59
2010-09-08,41.90,42.52,41.90,42.19,3819600,38.80
2010-09-07,42.48,42.68,41.84,41.93,4598800,38.56
2010-09-03,42.36,43.25,42.36,42.82,5675300,39.37
2010-09-02,40.96,42.01,40.96,42.01,6618900,38.63
2010-09-01,39.59,41.11,39.45,40.88,6675700,37.59
2010-08-31,38.74,39.29,38.29,39.06,6732200,35.92
2010-08-30,39.42,39.75,38.83,38.86,2934500,35.73
2010-08-27,39.06,39.69,38.39,39.65,4132700,36.46
2010-08-26,39.20,39.36,38.57,38.70,4579100,35.59
2010-08-25,38.94,39.10,38.08,38.82,7663300,35.70
2010-08-24,39.69,39.71,38.72,39.34,6741800,36.17
2010-08-23,40.77,41.05,40.14,40.16,3154400,36.93
2010-08-20,40.36,40.75,40.05,40.64,4478700,37.37
2010-08-19,41.89,41.89,40.46,40.77,6059200,37.49
2010-08-18,42.27,42.39,41.73,42.16,4041700,38.77
2010-08-17,41.88,43.02,41.65,42.39,6045200,38.70
2010-08-16,41.03,41.37,40.51,41.18,2926400,37.60
2010-08-13,41.12,41.51,41.07,41.32,3236300,37.72
2010-08-12,41.15,41.53,41.06,41.29,3437400,37.70
2010-08-11,42.57,42.70,41.56,41.81,5493100,38.17
2010-08-10,43.54,43.69,42.97,43.42,3411100,39.64
2010-08-09,44.07,44.10,43.66,43.89,2105600,40.07
2010-08-06,43.50,44.05,43.05,43.77,3270000,39.96
2010-08-05,43.66,44.17,43.61,44.12,3169500,40.28
2010-08-04,43.37,44.16,43.25,43.98,4774600,40.15
2010-08-03,43.58,43.60,43.02,43.14,5047900,39.39
2010-08-02,43.66,43.92,43.33,43.73,4521300,39.92
2010-07-30,42.53,43.05,41.81,42.86,4437500,39.13
2010-07-29,43.45,43.62,42.24,42.72,7018800,39.00
2010-07-28,43.50,43.50,43.00,43.24,4137700,39.48
2010-07-27,44.24,44.30,43.36,43.43,6354900,39.65
2010-07-26,43.45,44.23,43.36,43.89,5450300,40.07
2010-07-23,43.32,43.87,42.50,43.50,8148700,39.71
2010-07-22,41.64,42.78,41.60,42.66,5808800,38.95
2010-07-21,41.46,41.93,40.86,41.13,4893300,37.55
2010-07-20,39.75,41.27,39.60,41.20,4393600,37.61
2010-07-19,40.43,40.55,40.03,40.35,3974900,36.84
2010-07-16,41.43,41.55,40.08,40.19,5516900,36.69
2010-07-15,41.75,42.06,40.72,41.79,5221700,38.15
2010-07-14,41.65,42.03,41.39,41.69,3525500,38.06
2010-07-13,41.42,42.10,41.31,41.85,4693700,38.21
2010-07-12,41.13,41.37,40.67,40.82,2972500,37.27
2010-07-09,40.84,41.35,40.60,41.27,4998400,37.68
2010-07-08,40.67,40.85,40.16,40.73,3940800,37.19
2010-07-07,38.74,40.19,38.71,40.19,5937800,36.69
2010-07-06,39.14,39.35,38.37,38.71,5493900,35.34
2010-07-02,38.59,39.03,38.18,38.53,5100900,35.18
2010-07-01,38.99,38.99,37.89,38.55,8037600,35.19
2010-06-30,38.59,39.91,38.54,39.03,8210400,35.63
2010-06-29,40.48,40.54,39.07,39.33,7576800,35.91
2010-06-28,41.82,41.87,41.11,41.20,3017900,37.61
2010-06-25,41.12,41.84,40.94,41.60,6270900,37.98
2010-06-24,41.61,41.78,40.90,41.00,5183200,37.43
2010-06-23,42.17,42.33,41.50,41.84,5034700,38.20
2010-06-22,43.11,43.28,42.12,42.20,4753800,38.53
2010-06-21,43.42,43.77,42.65,42.93,5312300,39.19
2010-06-18,42.77,42.96,42.50,42.92,8643900,39.18
2010-06-17,42.87,42.91,42.06,42.65,6514400,38.94
2010-06-16,42.58,43.00,42.51,42.75,5222400,39.03
2010-06-15,41.96,43.05,41.80,43.04,5398100,39.29
2010-06-14,41.35,42.19,41.35,41.53,6074000,37.92
2010-06-11,40.75,41.38,40.47,41.32,6640000,37.72
2010-06-10,40.79,41.47,40.63,41.26,7263800,37.67
2010-06-09,40.62,41.43,39.94,40.01,10294600,36.53
2010-06-08,39.97,40.50,39.31,40.43,8081400,36.91
2010-06-07,41.13,41.20,39.98,40.00,5268600,36.52
2010-06-04,42.05,42.40,40.88,41.07,5562300,37.50
2010-06-03,43.00,43.43,42.85,43.26,3465100,39.49
2010-06-02,42.21,42.96,41.95,42.93,5046300,39.19
2010-06-01,42.24,46.56,41.83,41.90,5104100,38.25
2010-05-28,43.36,43.53,42.41,42.77,4553500,39.05
2010-05-27,43.16,43.50,42.65,43.42,5764200,39.64
2010-05-26,42.15,42.99,41.94,42.11,8521000,38.44
2010-05-25,40.58,41.83,40.10,41.79,7730100,38.15
2010-05-24,42.15,42.67,41.74,41.84,6423000,38.20
2010-05-21,40.90,42.55,40.77,42.07,11108300,38.41
2010-05-20,42.48,42.89,41.50,41.79,9465700,38.15
2010-05-19,44.27,44.58,43.30,43.86,7494600,40.04
2010-05-18,45.50,46.10,44.53,44.72,7437000,40.83
2010-05-17,45.52,45.81,44.64,45.44,6854000,41.21
2010-05-14,45.79,45.90,44.73,45.48,8538500,41.24
2010-05-13,46.83,46.94,46.13,46.19,2818300,41.89
2010-05-12,46.17,47.00,46.06,46.87,4099300,42.51
2010-05-11,45.64,46.61,45.57,45.85,4553500,41.58
2010-05-10,45.69,46.41,45.35,46.07,6251300,41.78
2010-05-07,43.69,44.62,42.86,43.52,8669000,39.47
2010-05-06,45.50,46.22,39.98,44.30,9832100,40.17
2010-05-05,46.02,46.31,45.40,45.88,5806500,41.61
2010-05-04,47.86,47.96,46.48,46.86,7282500,42.50
2010-05-03,47.81,48.53,47.75,48.51,4067200,43.99
2010-04-30,48.48,48.63,47.47,47.47,5467900,43.05
2010-04-29,47.48,48.55,47.34,48.52,5709000,44.00
2010-04-28,47.26,47.38,46.51,47.05,4939800,42.67
2010-04-27,48.23,48.23,46.83,46.94,7076800,42.57
2010-04-26,47.82,48.43,47.78,48.27,5713300,43.77
2010-04-23,47.72,47.78,46.70,47.72,7684200,43.28
2010-04-22,46.32,47.46,45.87,47.44,7161500,43.02
2010-04-21,46.49,46.73,46.14,46.69,4515500,42.34
2010-04-20,46.06,46.43,45.72,46.38,4647300,42.06
2010-04-19,45.45,45.86,45.18,45.75,4870000,41.49
2010-04-16,46.44,46.51,45.32,45.82,7862200,41.55
2010-04-15,46.30,46.53,46.10,46.47,3341700,42.14
2010-04-14,45.80,46.37,45.77,46.33,4576400,42.02
2010-04-13,45.97,46.07,45.52,45.66,3729000,41.41
2010-04-12,45.86,46.17,45.79,45.99,3235700,41.71
2010-04-09,45.67,45.98,45.37,45.77,3769400,41.51
2010-04-08,45.21,45.61,45.01,45.49,4207300,41.25
2010-04-07,45.50,45.76,45.08,45.25,4993700,41.04
2010-04-06,45.45,45.75,45.35,45.46,3965400,41.23
2010-04-05,45.28,45.64,45.08,45.45,4204300,41.22
2010-04-01,45.51,45.85,44.72,45.03,6706200,40.84
2010-03-31,45.63,45.78,45.10,45.27,8919800,41.05
2010-03-30,45.01,45.28,44.55,44.95,4879700,40.76
2010-03-29,44.91,45.13,44.75,44.87,4319800,40.69
2010-03-26,44.43,44.99,44.35,44.60,4455600,40.45
2010-03-25,44.75,45.28,44.30,44.34,6025900,40.21
2010-03-24,44.23,45.05,44.05,44.48,7840800,40.34
2010-03-23,43.67,44.33,43.59,44.19,5539100,40.07
2010-03-22,43.54,43.99,43.41,43.56,4772500,39.50
2010-03-19,43.82,44.29,43.60,43.82,9693100,39.74
2010-03-18,42.92,43.53,42.79,43.43,4961900,39.39
2010-03-17,43.22,43.37,42.64,42.91,5121700,38.91
2010-03-16,43.14,43.18,42.65,43.03,6392900,39.02
2010-03-15,42.91,43.03,42.60,42.97,4904300,38.97
2010-03-12,42.80,43.13,42.46,42.93,5554600,38.93
2010-03-11,42.23,42.62,41.96,42.62,3528700,38.65
2010-03-10,42.17,42.50,42.10,42.34,4797300,38.40
2010-03-09,41.48,42.50,41.41,42.27,5541200,38.33
2010-03-08,41.90,41.99,41.45,41.49,3514800,37.63
2010-03-05,41.34,41.92,41.23,41.91,5500800,38.01
2010-03-04,40.97,41.22,40.75,41.18,3699300,37.35
2010-03-03,40.70,41.18,40.70,40.92,5546000,37.11
2010-03-02,40.71,40.99,40.53,40.68,4049400,36.89
2010-03-01,40.25,40.84,40.25,40.57,4546300,36.79
2010-02-26,40.18,40.43,39.91,40.16,4462200,36.42
2010-02-25,40.00,40.23,39.49,40.19,5644400,36.45
2010-02-24,40.11,40.85,40.05,40.58,4822700,36.80
2010-02-23,40.15,40.47,39.79,39.93,5202200,36.21
2010-02-22,40.42,40.50,40.00,40.15,4068500,36.41
2010-02-19,39.78,40.47,39.54,40.22,5813100,36.47
2010-02-18,39.07,39.95,38.98,39.85,5311500,36.14
2010-02-17,38.91,39.22,38.74,39.09,4718100,35.45
2010-02-16,38.13,38.97,38.08,38.92,5972000,35.02
2010-02-12,37.80,38.00,37.33,37.86,5702500,34.07
2010-02-11,37.61,38.35,37.29,38.23,4424400,34.40
2010-02-10,37.72,38.00,37.37,37.72,3998000,33.94
2010-02-09,37.37,38.24,37.25,37.82,6870900,34.03
2010-02-08,37.54,37.54,36.80,36.87,6238100,33.18
2010-02-05,37.73,37.91,36.68,37.47,8519700,33.72
2010-02-04,39.16,39.16,37.68,37.73,9669100,33.95
2010-02-03,39.36,39.54,38.93,39.21,4363000,35.28
2010-02-02,39.43,39.60,39.06,39.52,7046600,35.56
2010-02-01,38.92,39.42,38.86,39.37,5139600,35.43
2010-01-29,38.50,39.17,37.58,38.64,15224200,34.77
2010-01-28,40.53,40.59,39.26,39.82,5903600,35.83
2010-01-27,40.15,40.38,39.44,40.26,5900500,36.23
2010-01-26,40.05,40.46,39.71,39.97,2775700,35.97
2010-01-25,40.29,40.67,40.08,40.22,3079400,36.19
2010-01-22,40.57,41.08,39.85,39.88,6923700,35.88
2010-01-21,42.36,42.51,40.68,40.73,7419700,36.65
2010-01-20,42.57,42.67,41.90,42.36,4616900,38.12
2010-01-19,42.72,43.21,42.48,42.85,5220400,38.56
2010-01-15,42.54,42.81,42.21,42.63,5729300,38.36
2010-01-14,42.24,42.73,42.12,42.57,3430600,38.31
2010-01-13,42.16,42.50,41.84,42.32,4097900,38.08
2010-01-12,42.39,42.51,41.86,42.17,4509500,37.95
2010-01-11,42.31,43.13,42.30,42.65,5116400,38.38
2010-01-08,40.92,42.20,40.79,42.12,6824700,37.90
2010-01-07,40.44,41.36,40.08,41.21,9787800,37.08
2010-01-06,40.44,40.54,40.23,40.43,5919800,36.38
2010-01-05,40.16,40.46,40.09,40.43,6479200,36.38
2010-01-04,39.61,40.38,39.48,40.35,7389200,36.31
2009-12-31,39.71,39.90,39.15,39.20,2787300,35.27
2009-12-30,39.64,39.83,39.51,39.81,2449600,35.82
2009-12-29,39.88,40.03,39.81,39.88,2535300,35.88
2009-12-28,39.94,39.98,39.68,39.81,2251700,35.82
2009-12-24,40.04,40.04,39.81,39.88,947400,35.88
2009-12-23,39.86,39.98,39.39,39.93,3297300,35.93
2009-12-22,39.72,39.89,39.51,39.60,3933100,35.63
2009-12-21,39.47,39.86,39.35,39.57,4759900,35.61
2009-12-18,39.59,39.81,39.00,39.15,9973600,35.23
2009-12-17,39.84,40.17,39.52,39.54,7541800,35.58
2009-12-16,41.01,41.50,40.36,40.37,9270400,36.33
2009-12-15,40.88,41.38,40.50,41.25,6118700,37.12
2009-12-14,41.06,41.55,41.02,41.31,5292300,37.17
2009-12-11,40.59,41.06,40.51,40.87,4556300,36.78
2009-12-10,40.62,40.92,40.27,40.31,4565700,36.27
2009-12-09,40.34,40.52,39.85,40.26,5493800,36.23
2009-12-08,40.72,40.72,40.00,40.24,4303600,36.21
2009-12-07,40.22,40.96,40.16,40.81,6132400,36.72
2009-12-04,40.10,40.63,39.66,40.14,5767600,36.12
2009-12-03,39.80,40.10,39.54,39.60,5354900,35.63
2009-12-02,39.39,39.93,39.36,39.77,6422700,35.79
2009-12-01,38.75,39.51,38.75,39.37,4420300,35.43
2009-11-30,38.36,38.63,38.08,38.47,4249600,34.62
2009-11-27,38.15,38.86,37.78,38.48,2484300,34.62
2009-11-25,38.77,39.12,38.50,39.11,3074600,35.19
2009-11-24,38.71,38.84,38.16,38.77,3532900,34.89
2009-11-23,38.37,38.72,38.30,38.68,3989800,34.80
2009-11-20,38.01,38.34,37.72,38.04,5773400,34.23
2009-11-19,38.85,38.88,37.95,38.25,6719500,34.42
2009-11-18,39.48,39.57,39.06,39.22,4161800,35.29
2009-11-17,39.59,39.85,39.40,39.61,4248300,35.37
2009-11-16,39.30,40.24,39.30,39.86,6472800,35.59
2009-11-13,38.56,39.30,38.43,39.25,4939000,35.05
2009-11-12,38.65,39.11,38.42,38.57,3855900,34.44
2009-11-11,38.88,39.08,38.47,38.73,3805800,34.58
2009-11-10,38.38,38.81,38.16,38.60,3788500,34.47
2009-11-09,37.96,38.52,37.74,38.44,3695900,34.32
2009-11-06,37.50,37.87,37.30,37.70,3727900,33.66
2009-11-05,36.57,37.60,36.57,37.59,5458900,33.57
2009-11-04,36.26,37.00,36.20,36.40,5562200,32.50
2009-11-03,36.04,36.13,35.60,36.05,4578400,32.19
2009-11-02,36.00,36.44,35.60,36.19,4809900,32.32
2009-10-30,37.01,37.19,35.76,35.89,6841100,32.05
2009-10-29,36.68,37.30,36.54,37.20,5617400,33.22
2009-10-28,37.47,37.60,36.50,36.60,5910600,32.68
2009-10-27,37.88,38.03,37.42,37.50,6871700,33.49
2009-10-26,38.18,38.93,37.55,37.72,5336200,33.68
2009-10-23,39.09,39.18,38.10,38.26,6835400,34.16
2009-10-22,36.88,39.00,36.86,38.53,10026500,34.40
2009-10-21,37.79,37.88,36.84,36.96,6541700,33.00
2009-10-20,38.54,38.55,37.62,37.80,6442300,33.75
2009-10-19,37.91,38.74,37.74,38.42,5694600,34.31
2009-10-16,37.39,38.00,37.20,37.79,5539200,33.74
2009-10-15,37.35,37.80,37.21,37.76,6338000,33.72
2009-10-14,37.10,37.43,36.98,37.42,7127500,33.41
2009-10-13,37.24,37.24,36.77,36.82,4767700,32.88
2009-10-12,37.36,37.50,37.15,37.25,4232200,33.26
2009-10-09,36.83,37.24,36.63,37.17,3588400,33.19
2009-10-08,36.68,37.04,36.41,36.84,4468200,32.90
2009-10-07,36.64,36.82,36.22,36.31,4500000,32.42
2009-10-06,36.52,37.22,36.43,36.60,6280600,32.68
2009-10-05,35.76,36.53,35.58,36.22,8472900,32.34
2009-10-02,35.95,36.25,35.42,35.60,7495200,31.79
2009-10-01,37.11,37.22,36.36,36.40,5812400,32.50
2009-09-30,37.29,37.39,36.19,37.15,11142000,33.17
2009-09-29,37.45,37.75,37.19,37.25,7576500,33.26
2009-09-28,37.89,37.95,37.20,37.34,8550600,33.34
2009-09-25,38.48,38.52,37.54,37.81,6811600,33.76
2009-09-24,39.25,39.55,38.46,38.68,5174400,34.54
2009-09-23,39.74,39.94,39.17,39.25,3875900,35.05
2009-09-22,39.45,39.88,39.32,39.72,4158200,35.47
2009-09-21,39.86,39.93,39.14,39.32,5683000,35.11
2009-09-18,40.03,40.45,39.92,40.17,6394300,35.87
2009-09-17,40.02,40.55,39.65,40.10,7854800,35.81
2009-09-16,40.07,40.20,39.37,40.07,6582100,35.78
2009-09-15,40.14,40.20,39.66,39.79,5332800,35.53
2009-09-14,38.83,40.00,38.50,39.97,7646400,35.69
2009-09-11,39.51,39.51,38.54,38.93,7396900,34.76
2009-09-10,38.70,39.42,38.13,39.42,5554000,35.20
2009-09-09,37.94,38.63,37.69,38.46,6545500,34.34
2009-09-08,37.50,37.97,37.31,37.82,6141100,33.77
2009-09-04,36.30,37.24,36.17,37.15,6022600,33.17
2009-09-03,35.99,36.33,35.56,36.26,7216500,32.38
2009-09-02,35.92,36.10,35.59,35.77,5008000,31.94
2009-09-01,36.66,37.30,35.80,35.92,6666000,32.07
2009-08-31,37.03,37.03,36.41,36.76,4493400,32.82
2009-08-28,37.72,37.84,36.90,37.23,3789400,33.24
2009-08-27,37.22,37.77,37.07,37.39,7020600,33.39
2009-08-26,37.38,37.52,36.88,37.12,4537900,33.15
2009-08-25,37.56,37.98,37.13,37.52,5045900,33.50
2009-08-24,36.39,37.41,36.32,37.27,7899700,33.28
2009-08-21,35.92,36.48,35.50,36.32,5790400,32.43
2009-08-20,35.18,35.47,34.93,35.34,3544900,31.56
2009-08-19,34.73,35.17,34.50,35.03,3854700,31.28
2009-08-18,34.75,35.08,34.55,35.02,4161400,31.27
2009-08-17,35.26,35.54,34.67,34.92,5141800,30.91
2009-08-14,36.26,36.44,35.57,35.87,4605000,31.75
2009-08-13,36.71,36.72,35.86,36.19,4031000,32.03
2009-08-12,35.31,36.87,35.31,36.49,5434800,32.30
2009-08-11,35.79,35.92,35.13,35.42,3620400,31.35
2009-08-10,36.29,36.34,35.65,35.96,3353500,31.83
2009-08-07,35.87,36.73,35.70,36.38,5989000,32.20
2009-08-06,35.50,35.59,35.16,35.36,5394000,31.30
2009-08-05,35.60,35.71,35.02,35.29,5518500,31.24
2009-08-04,35.07,35.67,35.00,35.65,4559400,31.56
2009-08-03,35.01,35.34,34.59,35.28,6060500,31.23
2009-07-31,34.48,34.87,34.26,34.70,4912400,30.72
2009-07-30,34.39,34.86,34.26,34.51,4611700,30.55
2009-07-29,33.87,34.19,33.65,34.04,4948600,30.13
2009-07-28,33.90,34.36,33.61,34.15,4793800,30.23
2009-07-27,33.20,34.33,33.20,34.24,8145400,30.31
2009-07-24,33.95,34.07,33.16,33.99,6064000,30.09
2009-07-23,33.44,34.35,33.07,34.22,5848900,30.29
2009-07-22,33.32,33.73,33.24,33.38,3374700,29.55
2009-07-21,33.78,33.95,32.83,33.41,7074800,29.57
2009-07-20,32.53,33.43,32.53,33.37,4528000,29.54
2009-07-17,32.71,32.94,32.15,32.43,5583800,28.71
2009-07-16,32.36,33.00,32.28,32.83,3358600,29.06
2009-07-15,31.53,32.50,31.41,32.41,6482800,28.69
2009-07-14,30.87,31.23,30.71,31.18,5591000,27.60
2009-07-13,30.18,30.83,29.94,30.81,5966200,27.27
2009-07-10,29.53,30.08,29.30,30.03,6109700,26.58
2009-07-09,29.68,29.83,29.33,29.67,6871100,26.26
2009-07-08,29.38,29.79,29.17,29.48,9381200,26.10
2009-07-07,30.33,30.39,29.21,29.31,7057300,25.94
2009-07-06,30.50,30.60,29.91,30.32,4510200,26.84
2009-07-02,31.40,31.61,30.57,30.80,4698000,27.26
2009-07-01,31.59,32.14,31.38,31.86,5159500,28.20
2009-06-30,32.30,32.30,31.21,31.40,4628500,27.79
2009-06-29,31.91,32.32,31.56,32.18,4770300,28.49
2009-06-26,31.86,32.34,31.67,31.77,4670700,28.12
2009-06-25,30.89,32.20,30.89,31.85,6996400,28.19
2009-06-24,31.69,32.11,30.81,31.04,8233900,27.48
2009-06-23,31.63,31.65,30.94,31.43,7187400,27.82
2009-06-22,32.57,32.57,31.53,31.58,5404800,27.95
2009-06-19,33.14,33.37,32.76,32.81,6805400,29.04
2009-06-18,32.86,33.19,32.25,32.98,5938300,29.19
2009-06-17,33.07,33.24,32.41,32.78,6514900,29.02
2009-06-16,34.06,34.16,32.89,33.16,8158600,29.35
2009-06-15,35.09,35.11,33.60,33.92,7342300,30.03
2009-06-12,35.60,35.67,35.05,35.41,4422500,31.34
2009-06-11,35.75,36.33,35.73,35.79,5479600,31.68
2009-06-10,35.96,36.18,35.08,35.60,4616500,31.51
2009-06-09,35.77,35.97,35.26,35.72,4886800,31.62
2009-06-08,35.72,36.00,35.09,35.67,4709800,31.57
2009-06-05,36.45,36.66,35.58,35.72,6301700,31.62
2009-06-04,34.67,35.56,34.52,35.48,4331300,31.41
2009-06-03,34.94,35.08,34.10,34.67,4938400,30.69
2009-06-02,35.31,35.58,34.60,35.19,6452900,31.15
2009-06-01,33.65,35.57,33.56,35.35,7663400,31.29
2009-05-29,32.48,33.22,32.29,33.16,5365000,29.35
2009-05-28,32.06,32.42,31.31,32.20,4110100,28.50
2009-05-27,32.55,33.01,31.98,32.06,4775500,28.38
2009-05-26,31.82,33.05,31.75,32.63,5335900,28.88
2009-05-22,31.83,32.61,31.74,32.10,4265600,28.41
2009-05-21,32.58,32.58,31.43,31.82,5859100,28.17
2009-05-20,33.39,33.76,32.96,33.05,5313100,29.26
2009-05-19,33.07,33.42,32.56,33.09,5793600,29.29
2009-05-18,32.21,33.03,32.09,33.00,6339400,29.21
2009-05-15,31.98,32.50,31.69,31.95,5446700,28.01
2009-05-14,31.37,32.22,31.32,31.92,4606100,27.99
2009-05-13,32.61,32.69,30.97,31.37,8441800,27.50
2009-05-12,33.75,33.89,32.60,33.11,6575500,29.03
2009-05-11,34.29,34.48,33.37,33.64,6793600,29.50
2009-05-08,33.60,34.91,33.28,34.72,8884300,30.44
2009-05-07,33.69,33.93,32.76,33.11,10390600,29.03
2009-05-06,32.80,33.57,32.25,33.48,11932500,29.35
2009-05-05,31.58,32.10,31.49,31.68,6761400,27.78
2009-05-04,32.07,32.27,31.23,31.52,11187200,27.64
2009-05-01,31.17,31.89,30.87,31.63,5327500,27.73
2009-04-30,31.58,32.02,30.92,31.21,7944000,27.36
2009-04-29,30.05,31.34,30.00,30.90,6918600,27.09
2009-04-28,30.00,30.00,29.34,29.43,8010500,25.80
2009-04-27,30.53,31.22,30.18,30.30,12355500,26.57
2009-04-24,31.52,32.00,30.40,31.45,17017300,27.58
2009-04-23,31.88,32.56,31.28,32.38,7939800,28.39
2009-04-22,30.59,32.48,30.19,31.69,9134500,27.79
2009-04-21,29.79,30.66,29.30,30.56,6145200,26.79
2009-04-20,31.00,31.32,29.75,29.79,6250900,26.12
2009-04-17,31.53,32.00,31.18,31.49,7656600,27.61
2009-04-16,30.93,31.73,30.55,31.49,4999700,27.61
2009-04-15,30.23,31.12,30.10,30.67,8048300,26.89
2009-04-14,29.91,30.66,29.73,30.21,4523400,26.49
2009-04-13,30.83,30.83,29.49,30.27,6640000,26.54
2009-04-09,30.28,31.11,30.05,31.04,6409700,27.22
2009-04-08,29.47,29.79,29.14,29.62,4672200,25.97
2009-04-07,29.50,30.00,28.89,29.29,7222100,25.68
2009-04-06,30.05,30.20,28.81,29.79,8063300,26.12
2009-04-03,30.53,30.98,29.81,30.20,6310700,26.48
2009-04-02,29.21,31.23,29.02,30.57,10214600,26.80
2009-04-01,27.74,28.52,27.44,28.31,7566800,24.82
2009-03-31,27.99,28.47,27.50,27.86,6826000,24.43
2009-03-30,28.71,28.71,27.50,27.81,7401400,24.38
2009-03-27,30.05,30.24,29.13,29.25,6002900,25.65
2009-03-26,29.33,30.42,29.10,30.42,6643400,26.67
2009-03-25,29.35,30.16,28.30,28.95,8537700,25.38
2009-03-24,28.68,29.41,28.50,28.94,5785300,25.37
2009-03-23,27.58,28.94,27.42,28.94,5230600,25.37
2009-03-20,28.10,28.23,26.72,26.95,8844600,23.63
2009-03-19,28.67,28.68,27.90,28.03,5528300,24.58
2009-03-18,27.52,28.39,26.80,28.35,8451900,24.86
2009-03-17,27.04,27.56,26.68,27.56,4077500,24.16
2009-03-16,27.14,27.92,27.01,27.06,5331500,23.73
2009-03-13,27.58,27.58,26.10,26.93,6394100,23.61
2009-03-12,26.64,27.37,26.04,27.33,7750300,23.96
2009-03-11,25.23,27.01,25.23,26.66,10501500,23.38
2009-03-10,23.73,25.45,23.73,25.43,11390300,22.30
2009-03-09,23.38,24.12,23.10,23.23,6506200,20.37
2009-03-06,24.01,24.65,23.06,23.60,10760800,20.69
2009-03-05,24.81,24.87,23.69,23.91,7342800,20.96
2009-03-04,25.35,25.81,24.91,25.36,7639100,22.24
2009-03-03,25.26,25.53,24.61,24.70,8017800,21.66
2009-03-02,26.34,26.46,24.78,24.96,9064300,21.88
2009-02-27,27.08,27.78,26.78,26.83,9395700,23.52
2009-02-26,28.82,28.82,27.45,27.56,6639900,24.16
2009-02-25,28.98,28.98,28.08,28.26,8248300,24.78
2009-02-24,27.79,29.16,27.53,28.75,11180100,25.21
2009-02-23,29.22,29.34,27.66,27.74,11870400,24.32
2009-02-20,29.78,29.78,28.38,28.84,10035700,25.29
2009-02-19,30.55,30.92,30.14,30.23,7948300,26.51
2009-02-18,31.40,31.40,30.04,30.29,7309500,26.56
2009-02-17,32.23,32.41,31.14,31.24,7327700,27.13
2009-02-13,31.99,33.55,31.81,33.06,8268600,28.71
2009-02-12,31.69,31.92,30.80,31.87,6925400,27.67
2009-02-11,33.33,33.54,31.70,32.19,5234200,27.95
2009-02-10,33.17,33.70,31.74,31.97,7095800,27.76
2009-02-09,33.48,33.68,32.91,33.55,4637100,29.13
2009-02-06,32.92,33.65,32.63,33.44,7526900,29.04
2009-02-05,31.33,32.90,31.22,32.52,7221300,28.24
2009-02-04,31.73,33.31,31.73,32.35,7563300,28.09
2009-02-03,32.07,32.08,31.02,31.69,8390600,27.52
2009-02-02,32.32,32.47,31.35,31.83,7252400,27.64
2009-01-30,32.72,34.24,32.32,32.81,8154800,28.49
2009-01-29,34.32,34.61,32.52,32.67,9056300,28.37
2009-01-28,34.48,35.24,34.32,34.71,6792400,30.14
2009-01-27,33.36,34.13,33.13,33.91,6535600,29.44
2009-01-26,32.22,33.34,31.94,33.18,8720900,28.81
2009-01-23,31.07,32.55,30.98,32.21,5612200,27.97
2009-01-22,32.01,32.35,31.28,31.97,6645700,27.76
2009-01-21,32.03,32.55,31.18,32.39,5430600,28.12
2009-01-20,32.81,33.46,31.49,31.53,6842900,27.38
2009-01-16,33.07,33.20,32.23,32.94,7131800,28.60
2009-01-15,32.08,32.82,31.25,32.63,6719400,28.33
2009-01-14,33.00,33.14,31.69,32.00,6062700,27.79
2009-01-13,33.70,33.98,32.85,33.38,5115000,28.98
2009-01-12,33.99,34.14,33.40,33.77,4318700,29.32
2009-01-09,34.96,34.96,33.61,34.14,5544400,29.64
2009-01-08,34.22,34.60,33.80,34.60,4360000,30.04
2009-01-07,35.62,35.62,34.18,34.45,5691600,29.91
2009-01-06,34.82,36.40,34.82,36.04,7201700,31.29
2009-01-05,34.47,34.68,34.00,34.48,6984900,29.94
2009-01-02,32.93,34.85,32.52,34.66,5110800,30.09
2008-12-31,32.61,33.30,32.59,32.83,4874900,28.51
2008-12-30,31.37,32.63,31.36,32.59,3994300,28.30
2008-12-29,31.25,31.25,30.65,31.21,4184600,27.10
2008-12-26,32.01,32.25,31.37,31.97,2042100,27.76
2008-12-24,31.81,32.01,31.50,31.84,1482700,27.65
2008-12-23,31.62,32.04,30.99,31.71,6077300,27.53
2008-12-22,32.78,32.78,31.21,31.90,6316300,27.70
2008-12-19,33.46,34.00,32.49,32.69,10063800,28.38
2008-12-18,32.94,33.34,32.20,32.72,9927100,28.41
2008-12-17,32.50,33.27,32.00,32.82,7326700,28.50
2008-12-16,31.02,33.17,30.83,32.80,11203000,28.48
2008-12-15,30.11,31.86,30.07,30.78,15231800,26.73
2008-12-12,27.94,29.26,27.05,28.95,12178200,25.14
2008-12-11,28.91,29.68,28.37,28.51,8792900,24.75
2008-12-10,28.05,29.78,28.02,28.91,9602800,25.10
2008-12-09,27.00,28.25,26.70,27.68,10201600,24.03
2008-12-08,27.23,27.82,26.46,27.21,8923300,23.63
2008-12-05,25.07,26.65,24.45,26.54,6489800,23.04
2008-12-04,25.96,26.56,25.00,25.48,5188600,22.12
2008-12-03,26.24,26.76,25.17,26.50,6690800,23.01
2008-12-02,26.45,26.67,25.71,26.59,5850100,23.09
2008-12-01,27.50,27.73,25.86,25.99,6045100,22.57
2008-11-28,26.95,27.86,26.95,27.86,2117300,24.19
2008-11-26,25.53,27.20,24.76,27.07,5953100,23.50
2008-11-25,26.74,26.96,25.06,25.88,7415700,22.47
2008-11-24,25.91,26.78,25.02,26.19,9538800,22.74
2008-11-21,24.25,25.49,23.24,25.38,8719000,22.04
2008-11-20,24.07,25.80,23.36,23.67,10206600,20.55
2008-11-19,26.33,26.96,24.26,24.38,7375700,21.17
2008-11-18,26.20,27.06,25.57,26.38,7890800,22.91
2008-11-17,27.04,27.34,26.09,26.31,5057300,22.61
2008-11-14,28.25,28.81,27.07,27.35,6877700,23.50
2008-11-13,26.84,28.95,25.46,28.79,9456500,24.74
2008-11-12,26.88,27.41,26.51,26.72,6847100,22.96
2008-11-11,28.56,28.60,26.89,27.38,6281400,23.53
2008-11-10,29.91,30.28,28.50,28.94,3777000,24.87
2008-11-07,28.51,29.45,28.19,29.36,5302000,25.23
2008-11-06,30.61,31.20,27.97,28.24,8030100,24.26
2008-11-05,32.38,33.10,30.75,30.99,6059500,26.63
2008-11-04,31.55,33.00,31.22,32.80,7921200,28.18
2008-11-03,30.41,31.09,30.00,30.91,4242600,26.56
2008-10-31,29.94,30.68,29.54,30.45,8136800,26.16
2008-10-30,30.51,31.07,29.34,30.13,7483600,25.89
2008-10-29,28.92,30.66,28.66,28.98,7541100,24.90
2008-10-28,27.07,29.41,26.01,29.30,9185200,25.17
2008-10-27,26.74,27.90,26.17,26.22,8029900,22.53
2008-10-24,26.63,28.42,26.29,27.16,7905400,23.34
2008-10-23,27.95,29.63,27.23,28.88,11479400,24.81
2008-10-22,28.20,28.79,27.05,27.85,8468400,23.93
2008-10-21,29.16,30.07,28.57,28.85,7852900,24.79
2008-10-20,29.72,30.35,28.49,29.72,8889600,25.54
2008-10-17,29.82,30.83,27.80,29.37,16462500,25.24
2008-10-16,28.89,31.28,28.05,30.93,11078400,26.58
2008-10-15,31.31,32.36,28.67,29.08,12288500,24.99
2008-10-14,35.40,35.59,31.70,32.10,9813800,27.58
2008-10-13,32.44,33.68,31.51,33.43,9222500,28.72
2008-10-10,29.28,32.25,26.01,30.60,16866100,26.29
2008-10-09,35.20,35.90,30.63,31.39,12508700,26.97
2008-10-08,34.09,35.98,33.41,34.08,11847900,29.28
2008-10-07,36.00,37.20,34.59,34.95,9218900,30.03
2008-10-06,36.44,36.97,34.66,35.92,11618800,30.86
2008-10-03,39.12,39.92,37.63,37.84,6788000,32.51
2008-10-02,39.40,39.65,38.00,38.11,8477500,32.74
2008-10-01,41.18,41.18,39.10,39.68,10351500,34.09
2008-09-30,41.55,41.62,39.80,41.55,7349600,35.70
2008-09-29,43.41,43.66,39.27,40.37,10095800,34.69
2008-09-26,42.42,44.39,42.10,44.17,6207000,37.95
2008-09-25,42.47,43.70,42.26,43.35,7462300,37.25
2008-09-24,43.21,43.77,41.91,42.17,5702400,36.23
2008-09-23,43.63,44.74,42.85,43.18,6227000,37.10
2008-09-22,44.88,44.88,43.32,43.60,6245600,37.46
2008-09-19,46.01,46.90,44.55,45.32,8168200,38.94
2008-09-18,44.40,44.43,41.49,44.04,11961700,37.84
2008-09-17,45.08,45.08,43.11,43.78,9210500,37.62
2008-09-16,45.19,46.19,44.84,45.95,7311200,39.48
2008-09-15,46.32,46.99,45.77,45.92,8159400,39.45
2008-09-12,47.26,47.67,47.01,47.55,4344000,40.86
2008-09-11,47.16,47.63,46.69,47.63,6309000,40.92
2008-09-10,47.57,47.95,46.93,47.56,6268900,40.86
2008-09-09,48.56,49.73,47.02,47.16,7127700,40.52
2008-09-08,48.78,49.58,47.99,48.60,6834200,41.76
2008-09-05,47.70,48.07,46.93,47.72,5605800,41.00
2008-09-04,48.76,48.76,47.90,47.99,7348600,41.23
2008-09-03,50.53,50.53,48.75,49.15,4218400,42.23
2008-09-02,50.67,51.99,49.90,50.20,4356300,43.13
2008-08-29,50.20,50.52,49.84,50.17,3383600,43.11
2008-08-28,49.44,51.00,49.24,50.32,3808800,43.24
2008-08-27,48.92,49.37,48.50,49.14,2685900,42.22
2008-08-26,48.88,49.02,48.15,48.94,2644100,42.05
2008-08-25,49.30,49.71,48.24,48.55,2797300,41.71
2008-08-22,48.84,49.96,48.80,49.80,2844100,42.79
2008-08-21,48.04,48.96,47.67,48.75,3408900,41.89
2008-08-20,49.07,49.11,47.81,48.49,3316700,41.66
2008-08-19,49.99,49.99,48.68,49.06,4403100,42.15
2008-08-18,50.98,51.13,49.72,50.06,3342500,43.01
2008-08-15,50.87,51.42,50.50,50.93,3326300,43.52
2008-08-14,50.43,51.35,49.97,50.79,3233900,43.40
2008-08-13,51.21,51.25,50.01,50.88,3261000,43.48
2008-08-12,51.50,51.90,51.14,51.36,3456300,43.89
2008-08-11,51.32,52.32,50.86,51.56,4107300,44.06
2008-08-08,50.00,51.41,49.53,51.32,4077400,43.86
2008-08-07,50.75,50.76,49.83,49.93,4075100,42.67
2008-08-06,51.48,51.59,50.55,51.25,4177200,43.80
2008-08-05,50.87,51.73,50.80,51.57,4632000,44.07
2008-08-04,50.85,51.08,49.88,50.56,3626200,43.21
2008-08-01,51.13,51.78,50.50,51.00,4720800,43.58
2008-07-31,52.12,52.45,50.74,50.84,6232100,43.45
2008-07-30,51.98,52.46,51.33,52.43,5019800,44.81
2008-07-29,50.18,51.54,50.06,51.53,4825700,44.04
2008-07-28,50.80,50.88,49.64,50.03,6599000,42.75
2008-07-25,51.51,51.73,50.58,50.84,7724600,43.45
2008-07-24,52.85,53.05,51.08,51.38,6903000,43.91
2008-07-23,52.17,52.78,51.60,52.73,6661700,45.06
2008-07-22,49.59,52.32,49.59,52.32,8599800,44.71
2008-07-21,51.19,51.19,49.03,49.84,8428000,42.59
2008-07-18,53.32,53.71,50.19,50.66,9356300,43.29
2008-07-17,50.16,51.40,49.92,50.86,8455500,43.46
2008-07-16,47.81,49.40,47.33,49.40,4681600,42.22
2008-07-15,48.99,48.99,46.67,47.84,7529800,40.88
2008-07-14,49.81,50.93,48.77,49.48,5551300,42.28
2008-07-11,50.54,50.89,48.75,49.31,8078500,42.14
2008-07-10,49.99,51.31,49.50,51.25,7277300,43.80
2008-07-09,51.37,51.69,49.93,49.93,4558200,42.67
2008-07-08,50.13,51.51,50.13,51.47,5612300,43.98
2008-07-07,50.42,51.60,49.90,50.58,7146300,43.22
2008-07-03,49.94,51.05,49.85,50.31,4918600,42.99
2008-07-02,51.37,51.37,49.62,49.62,7258700,42.40
2008-07-01,49.61,51.15,49.28,50.86,8805700,43.46
2008-06-30,49.26,50.78,48.75,50.28,9693700,42.97
2008-06-27,49.10,49.61,48.43,49.23,10424000,42.07
2008-06-26,51.03,51.09,48.87,49.14,10829200,41.99
2008-06-25,54.51,54.51,51.20,51.50,12007300,44.01
2008-06-24,54.90,55.05,54.20,54.41,3408800,46.50
2008-06-23,54.33,55.12,54.24,54.99,3889100,46.99
2008-06-20,55.11,55.21,53.92,54.20,5943500,46.32
2008-06-19,54.48,55.60,54.34,55.35,3963800,47.30
2008-06-18,54.81,55.02,54.30,54.62,4160700,46.68
2008-06-17,56.58,56.58,55.01,55.06,4043000,47.05
2008-06-16,56.22,56.58,55.71,56.18,3739500,48.01
2008-06-13,56.10,56.88,55.89,56.49,4953500,48.27
2008-06-12,54.69,56.73,54.69,55.62,6473400,47.53
2008-06-11,54.44,55.40,54.12,54.26,3979500,46.37
2008-06-10,54.42,55.10,54.01,54.44,5601900,46.52
2008-06-09,54.31,55.51,54.25,54.79,6596300,46.82
2008-06-06,56.25,56.25,54.01,54.01,7251800,46.16
2008-06-05,57.19,57.39,56.08,56.70,4706300,48.45
2008-06-04,56.96,57.28,56.45,56.73,4575600,48.48
2008-06-03,58.35,58.59,56.32,57.14,5519900,48.83
2008-06-02,59.51,59.52,57.71,58.31,3715300,49.83
2008-05-30,59.40,60.02,59.18,59.62,3232000,50.95
2008-05-29,59.57,60.01,58.60,59.33,2414400,50.70
2008-05-28,59.44,60.08,58.99,59.23,3491800,50.62
2008-05-27,58.70,59.55,58.34,59.13,2136500,50.53
2008-05-23,59.21,59.21,58.52,58.76,2697100,50.21
2008-05-22,60.00,60.25,59.18,59.37,3201800,50.74
2008-05-21,61.65,62.09,60.01,60.12,3852900,51.38
2008-05-20,62.07,62.07,61.18,61.42,2947500,52.49
2008-05-19,62.26,62.99,61.55,62.25,3442700,53.20
2008-05-16,62.64,62.64,61.51,61.81,3587700,52.82
2008-05-15,62.59,62.65,61.49,62.43,4940400,53.12
2008-05-14,61.00,62.71,60.98,61.99,5008800,52.74
2008-05-13,60.25,60.90,60.18,60.83,3903500,51.75
2008-05-12,59.63,60.15,58.88,59.98,3009400,51.03
2008-05-09,58.76,59.92,58.37,59.59,3139600,50.70
2008-05-08,58.99,59.56,58.77,59.36,3855800,50.50
2008-05-07,60.90,60.90,58.82,58.99,4039700,50.19
2008-05-06,60.52,60.93,59.94,60.80,2662400,51.73
2008-05-05,60.57,60.74,60.02,60.59,2514200,51.55
2008-05-02,61.13,61.95,60.32,60.63,4309900,51.58
2008-05-01,59.41,60.70,59.23,60.67,4052200,51.62
2008-04-30,59.86,60.73,59.29,59.40,3820500,50.54
2008-04-29,60.26,60.26,59.26,59.86,3284100,50.93
2008-04-28,60.73,61.00,60.18,60.46,4166700,51.44
2008-04-25,60.72,60.95,59.80,60.49,3713800,51.47
2008-04-24,58.81,60.69,58.41,60.31,5416500,51.31
2008-04-23,59.50,59.74,58.33,58.81,4240900,50.04
2008-04-22,60.02,60.49,58.80,59.39,4319700,50.53
2008-04-21,60.60,60.75,60.01,60.39,4884600,51.38
2008-04-18,59.79,61.31,59.00,60.99,9694400,51.89
2008-04-17,57.60,57.98,57.05,57.40,4439400,48.84
2008-04-16,56.84,57.99,56.35,57.88,4876700,49.24
2008-04-15,56.62,56.88,56.00,56.47,4761200,48.05
2008-04-14,57.09,57.20,55.99,56.37,5998300,47.96
2008-04-11,57.20,58.34,56.88,56.99,5428200,48.49
2008-04-10,58.24,59.31,57.50,58.80,4957500,50.03
2008-04-09,57.97,58.93,57.50,58.03,4386100,49.37
2008-04-08,57.75,57.75,56.88,57.19,3905500,48.66
2008-04-07,58.80,58.84,57.98,58.11,3440200,49.44
2008-04-04,57.01,58.50,57.01,58.27,5110500,49.58
2008-04-03,57.17,57.94,57.13,57.64,3687500,49.04
2008-04-02,57.74,58.17,57.40,57.63,3955000,49.03
2008-04-01,56.81,58.00,56.77,57.79,4817400,49.17
2008-03-31,55.72,56.79,55.72,56.42,4389600,48.00
2008-03-28,55.47,56.30,55.17,55.85,4312700,47.52
2008-03-27,55.65,55.79,54.94,55.00,6215800,46.79
2008-03-26,55.73,56.06,55.35,55.63,4194800,47.33
2008-03-25,55.00,56.15,54.66,56.00,5410900,47.65
2008-03-24,54.41,55.36,54.26,55.01,4179900,46.80
2008-03-20,55.18,55.18,53.50,54.29,11765000,46.19
2008-03-19,56.98,57.62,55.11,55.11,5029500,46.89
2008-03-18,56.36,56.78,55.44,56.78,6491200,48.31
2008-03-17,54.91,56.16,54.65,55.22,8674400,46.98
2008-03-14,57.00,57.34,55.43,56.13,4929800,47.76
2008-03-13,56.09,57.20,55.38,56.70,5370200,48.24
2008-03-12,56.97,57.80,56.87,56.98,2994600,48.48
2008-03-11,56.41,57.02,55.64,56.96,4337900,48.46
2008-03-10,56.50,56.71,55.54,55.68,3304300,47.37
2008-03-07,57.03,57.47,56.18,56.56,4344000,48.12
2008-03-06,58.61,58.81,57.39,57.48,3683800,48.90
2008-03-05,58.70,59.66,58.32,59.02,3804200,50.21
2008-03-04,58.12,58.66,57.55,58.52,4578900,49.79
2008-03-03,57.57,58.55,57.41,58.55,3851600,49.81
2008-02-29,58.42,58.57,57.46,57.54,4119600,48.96
2008-02-28,59.09,59.56,58.77,59.18,4440600,50.35
2008-02-27,58.92,60.00,58.65,59.63,5067500,50.73
2008-02-26,57.74,59.22,57.74,59.16,5273900,50.33
2008-02-25,56.46,58.01,56.10,57.91,5278200,49.27
2008-02-22,55.63,56.68,55.32,56.54,5401500,47.87
2008-02-21,56.48,56.84,55.39,55.51,3842600,47.00
2008-02-20,56.03,56.53,55.18,56.35,6101900,47.71
2008-02-19,56.57,57.20,56.28,56.41,5743900,47.76
2008-02-15,57.40,57.49,55.85,56.04,21901000,47.45
2008-02-14,58.84,59.25,57.46,57.51,5081800,48.69
2008-02-13,58.05,58.92,57.91,58.83,3464600,49.81
2008-02-12,57.70,58.46,57.18,57.53,5481200,48.71
2008-02-11,57.23,57.74,56.75,57.64,6905000,48.80
2008-02-08,58.32,58.42,57.42,57.83,3791400,48.96
2008-02-07,58.23,59.06,58.00,58.77,4538900,49.76
2008-02-06,59.55,59.79,58.50,58.67,4191100,49.67
2008-02-05,59.55,60.42,58.74,59.04,5869300,49.99
2008-02-04,59.99,60.76,59.92,60.48,4619500,51.21
2008-02-01,59.02,60.50,59.01,60.21,7009300,50.98
2008-01-31,58.07,59.41,57.00,59.07,6105800,50.01
2008-01-30,58.25,59.26,57.97,58.16,5109800,49.24
2008-01-29,59.17,59.23,57.85,58.44,5759700,49.48
2008-01-28,58.21,59.17,58.21,58.92,5934000,49.89
2008-01-25,58.45,59.69,57.83,58.25,8600200,49.32
2008-01-24,55.96,56.80,55.30,56.20,6213500,47.58
2008-01-23,52.79,56.55,52.48,56.50,8848200,47.84
2008-01-22,52.52,54.45,52.05,53.95,8900800,45.68
2008-01-18,56.06,56.95,54.90,55.30,6781400,46.82
2008-01-17,57.59,58.14,55.35,55.57,6284000,47.05
2008-01-16,56.27,58.42,56.27,57.53,5488800,48.71
2008-01-15,57.08,57.57,56.24,56.54,4394000,47.87
2008-01-14,56.91,58.12,56.91,57.79,3333100,48.93
2008-01-11,58.00,58.47,56.23,56.80,4495000,48.09
2008-01-10,57.06,58.56,56.51,57.82,7055300,48.95
2008-01-09,57.10,57.66,56.23,57.60,5776600,48.77
2008-01-08,58.31,58.49,57.00,57.09,5293000,48.34
2008-01-07,58.52,58.82,56.87,58.08,5599600,49.17
2008-01-04,59.57,60.17,58.12,58.28,5946900,49.34
2008-01-03,59.98,60.47,59.58,60.20,3404500,50.97
2008-01-02,61.52,61.52,59.72,59.90,4162000,50.72
