Date,Open,High,Low,Close,Volume,Adj Close
2013-12-31,27.92,28.30,27.83,27.98,9961400,27.85
2013-12-30,28.24,28.26,27.95,28.07,7302600,27.94
2013-12-27,28.43,28.44,28.16,28.19,6848300,28.06
2013-12-26,28.20,28.70,28.19,28.31,7792300,28.17
2013-12-24,28.00,28.20,27.87,28.16,4983400,28.03
2013-12-23,27.99,28.10,27.75,28.05,9427700,27.92
2013-12-20,28.08,28.19,27.79,27.79,20481500,27.66
2013-12-19,27.55,28.23,27.51,28.04,15935700,27.91
2013-12-18,27.37,27.52,26.65,27.51,15155400,27.38
2013-12-17,27.54,27.86,27.33,27.45,19131300,27.32
2013-12-16,26.74,27.04,26.68,26.90,12428500,26.77
2013-12-13,26.67,26.88,26.29,26.77,11757700,26.64
2013-12-12,27.05,27.11,26.42,26.60,13422400,26.47
2013-12-11,26.85,27.18,26.85,26.99,15751300,26.86
2013-12-10,27.00,27.27,26.80,27.04,14763100,26.91
2013-12-09,27.61,27.68,27.20,27.25,15482100,27.12
2013-12-06,27.61,28.11,27.59,27.70,17175400,27.42
2013-12-05,28.15,28.18,27.03,27.25,22038900,26.98
2013-12-04,28.05,28.70,27.99,28.13,34062500,27.85
2013-12-03,27.23,27.77,27.18,27.50,17916300,27.23
2013-12-02,27.24,27.50,27.15,27.32,14408500,27.05
2013-11-29,27.04,27.54,27.01,27.35,11988000,27.08
2013-11-27,26.82,27.68,25.09,27.36,52192400,27.09
2013-11-26,25.21,25.45,25.09,25.09,25622100,24.84
2013-11-25,25.33,25.49,25.16,25.32,13955600,25.07
2013-11-22,25.00,25.34,24.86,25.26,10744300,25.01
2013-11-21,25.20,25.24,24.97,25.03,11265800,24.78
2013-11-20,24.97,25.26,24.77,24.94,17707900,24.69
2013-11-19,25.23,25.38,24.89,24.99,13023300,24.74
2013-11-18,25.32,25.38,24.96,25.00,11593000,24.75
2013-11-15,25.15,25.31,24.88,25.21,19314800,24.96
2013-11-14,25.75,25.94,24.84,25.07,26392100,24.82
2013-11-13,26.14,26.51,26.05,26.49,9289300,26.23
2013-11-12,26.19,26.59,26.16,26.22,9934200,25.96
2013-11-11,25.90,26.59,25.76,26.35,12233400,26.09
2013-11-08,25.58,25.95,25.50,25.94,15117900,25.68
2013-11-07,25.66,26.28,25.63,25.69,14833500,25.43
2013-11-06,25.57,25.74,25.43,25.61,12642400,25.35
2013-11-05,25.71,25.71,25.15,25.47,13095300,25.22
2013-11-04,25.94,25.94,25.49,25.77,15111900,25.51
2013-11-01,24.50,26.15,24.50,25.92,34178400,25.66
2013-10-31,24.13,24.57,24.09,24.37,13802800,24.13
2013-10-30,23.86,24.30,23.86,24.20,11615700,23.96
2013-10-29,23.96,24.10,23.64,23.84,11287000,23.60
2013-10-28,23.99,24.09,23.72,23.86,12371400,23.62
2013-10-25,24.08,24.10,23.80,24.00,8360500,23.76
2013-10-24,23.78,24.04,23.75,23.88,9049000,23.64
2013-10-23,23.84,23.97,23.63,23.76,9147000,23.52
2013-10-22,23.58,24.39,23.49,24.05,16356400,23.81
2013-10-21,23.52,23.78,23.45,23.55,9412700,23.31
2013-10-18,23.53,23.63,23.23,23.48,14360400,23.25
2013-10-17,23.13,23.43,22.97,23.39,9806800,23.16
2013-10-16,22.93,23.35,22.81,23.28,17397300,23.05
2013-10-15,22.86,22.96,22.61,22.79,13452500,22.56
2013-10-14,22.62,22.99,22.40,22.90,11011000,22.67
2013-10-11,22.39,23.00,22.25,22.80,18149900,22.57
2013-10-10,23.02,23.51,22.06,22.32,33998100,22.10
2013-10-09,20.77,22.76,20.35,22.60,55970400,22.37
2013-10-08,20.89,20.94,20.25,20.75,17752400,20.54
2013-10-07,21.00,21.19,20.83,20.93,13986600,20.72
2013-10-04,20.94,21.31,20.88,21.26,10113700,21.05
2013-10-03,21.39,21.42,20.80,20.92,12740700,20.71
2013-10-02,21.30,21.62,21.20,21.40,16227800,21.19
2013-10-01,20.95,21.32,20.95,21.31,10257500,21.10
2013-09-30,20.94,21.08,20.82,20.99,13650500,20.78
2013-09-27,21.22,21.45,21.08,21.17,10044100,20.96
2013-09-26,21.27,21.59,21.24,21.30,10444500,21.09
2013-09-25,21.27,21.42,21.02,21.40,17279700,21.19
2013-09-24,21.24,21.47,21.02,21.24,13049300,21.03
2013-09-23,21.21,21.38,20.96,21.20,14024300,20.99
2013-09-20,21.42,21.59,21.22,21.22,28151400,21.01
2013-09-19,21.91,21.97,21.27,21.31,17026400,21.10
2013-09-18,21.52,21.94,21.52,21.80,13116200,21.58
2013-09-17,21.83,22.00,21.44,21.67,15380500,21.45
2013-09-16,22.29,22.34,21.69,21.74,14837300,21.52
2013-09-13,21.96,22.13,21.70,22.07,12872600,21.85
2013-09-12,22.21,22.30,21.81,21.96,19889200,21.74
2013-09-11,22.31,22.37,22.18,22.27,11297800,22.05
2013-09-10,22.07,22.42,21.91,22.27,17345600,22.05
2013-09-09,22.33,22.45,22.24,22.36,10543700,22.14
2013-09-06,22.29,22.59,22.05,22.42,14231000,22.05
2013-09-05,22.27,22.27,22.01,22.12,15236700,21.76
2013-09-04,22.36,22.62,22.27,22.27,13818700,21.90
2013-09-03,22.49,22.70,22.30,22.37,13731300,22.00
2013-08-30,22.43,22.47,22.20,22.34,12125500,21.97
2013-08-29,22.53,22.69,22.37,22.52,11186600,22.15
2013-08-28,22.03,22.65,22.02,22.61,18371400,22.24
2013-08-27,22.06,22.38,21.92,21.99,16716300,21.63
2013-08-26,22.36,22.64,22.25,22.27,17461600,21.90
2013-08-23,22.22,22.45,22.07,22.40,22067000,22.03
2013-08-22,23.20,23.24,21.81,22.22,67670500,21.86
2013-08-21,25.93,26.04,25.23,25.38,25730100,24.96
2013-08-20,25.87,26.02,25.57,25.84,10686500,25.42
2013-08-19,26.30,26.53,25.80,25.88,11810500,25.46
2013-08-16,25.95,26.57,25.92,26.42,15088600,25.99
2013-08-15,26.76,26.84,25.83,25.95,15054800,25.52
2013-08-14,27.27,27.32,26.95,27.18,10399900,26.73
2013-08-13,27.02,27.58,26.97,27.30,17994700,26.85
2013-08-12,26.67,26.84,26.51,26.74,8746300,26.30
2013-08-09,26.73,27.10,26.50,26.77,11150100,26.33
2013-08-08,26.89,26.93,26.46,26.87,9960000,26.43
2013-08-07,26.36,26.71,26.23,26.69,8030300,26.25
2013-08-06,27.09,27.12,26.41,26.44,10890500,26.01
2013-08-05,26.75,27.15,26.75,27.03,8630900,26.59
2013-08-02,26.27,27.78,26.24,27.00,30178500,26.56
2013-08-01,25.79,26.36,25.70,26.23,9522100,25.80
2013-07-31,25.80,26.18,25.57,25.68,18035900,25.26
2013-07-30,25.77,26.05,25.67,25.78,13112000,25.36
2013-07-29,25.96,26.19,25.61,25.67,9059300,25.25
2013-07-26,26.01,26.05,25.77,25.99,7457200,25.56
2013-07-25,26.04,26.28,25.79,26.24,10950300,25.81
2013-07-24,25.83,26.14,25.78,26.11,11263800,25.68
2013-07-23,25.62,26.04,25.62,25.73,11201400,25.31
2013-07-22,25.25,25.69,25.15,25.51,14231500,25.09
2013-07-19,26.03,26.11,25.06,25.14,24885800,24.73
2013-07-18,26.24,26.43,25.93,26.33,10687100,25.90
2013-07-17,26.28,26.49,26.04,26.31,16597500,25.88
2013-07-16,26.41,26.52,26.19,26.45,10876500,26.02
2013-07-15,26.33,26.44,26.11,26.38,8270600,25.95
2013-07-12,26.39,26.50,26.10,26.19,11333800,25.76
2013-07-11,26.23,26.54,25.99,26.38,20139400,25.95
2013-07-10,26.08,26.71,25.70,25.93,33179700,25.50
2013-07-09,25.55,25.62,25.28,25.47,9828700,25.05
2013-07-08,25.71,25.87,25.11,25.17,11145500,24.76
2013-07-05,25.29,25.75,25.20,25.58,12804600,25.16
2013-07-03,24.88,25.27,24.76,25.18,7485900,24.77
2013-07-02,24.89,25.21,24.79,25.02,10293500,24.61
2013-07-01,24.95,25.10,24.80,24.93,9981400,24.52
2013-06-28,24.55,24.92,24.48,24.80,15881500,24.39
2013-06-27,24.11,24.77,24.09,24.77,15520900,24.36
2013-06-26,24.19,24.51,23.92,24.01,14482900,23.62
2013-06-25,23.72,24.28,23.71,23.85,14435200,23.46
2013-06-24,23.94,24.00,23.19,23.43,15995200,23.05
2013-06-21,24.94,25.05,24.11,24.15,23634800,23.75
2013-06-20,25.62,25.62,24.57,24.72,17810400,24.31
2013-06-19,25.41,25.87,25.30,25.43,17328200,25.01
2013-06-18,25.17,25.55,25.13,25.44,11493200,25.02
2013-06-17,24.88,25.33,24.85,25.16,13240100,24.75
2013-06-14,24.93,25.09,24.55,24.74,9749100,24.33
2013-06-13,24.78,25.28,24.60,24.93,13706100,24.52
2013-06-12,24.69,25.49,24.69,24.91,22191000,24.50
2013-06-11,24.27,24.62,24.09,24.24,12508900,23.84
2013-06-10,24.66,24.82,24.34,24.49,14162400,24.09
2013-06-07,24.33,24.81,24.26,24.81,12844300,24.26
2013-06-06,24.20,24.57,23.71,24.25,15147700,23.71
2013-06-05,24.55,24.66,24.12,24.19,15867900,23.65
2013-06-04,24.84,25.20,24.42,24.62,16972300,24.07
2013-06-03,24.46,25.06,24.37,24.90,20681700,24.35
2013-05-31,25.15,25.34,24.40,24.42,22355500,23.88
2013-05-30,25.18,25.47,25.05,25.26,23705900,24.70
2013-05-29,24.44,25.34,24.41,25.24,22508000,24.68
2013-05-28,24.40,24.70,24.21,24.65,19644900,24.10
2013-05-24,24.58,24.78,24.16,24.21,29311300,23.67
2013-05-23,23.21,24.95,22.90,24.86,87691400,24.31
2013-05-22,21.17,21.55,21.11,21.23,35159200,20.76
2013-05-21,21.23,21.37,21.04,21.11,10930300,20.64
2013-05-20,21.24,21.36,21.03,21.18,11266100,20.71
2013-05-17,21.39,21.49,21.06,21.27,14610200,20.80
2013-05-16,20.91,21.54,20.91,21.36,17389200,20.89
2013-05-15,21.43,21.44,20.77,20.97,21036900,20.51
2013-05-14,21.33,21.71,21.07,21.52,18495400,21.04
2013-05-13,21.45,21.53,21.20,21.35,8386000,20.88
2013-05-10,21.28,21.64,21.19,21.54,12733600,21.06
2013-05-09,21.04,21.68,21.00,21.18,15489000,20.71
2013-05-08,20.47,21.07,20.44,21.07,12844300,20.60
2013-05-07,20.73,20.86,20.46,20.50,13431300,20.05
2013-05-06,20.66,20.80,20.55,20.64,7597700,20.18
2013-05-03,20.63,20.95,20.58,20.63,10923400,20.17
2013-05-02,20.43,20.62,20.30,20.45,9394400,20.00
2013-05-01,20.48,20.58,20.15,20.35,15127000,19.90
2013-04-30,20.55,20.70,20.24,20.60,15061200,20.14
2013-04-29,20.04,20.61,19.92,20.50,15918700,20.05
2013-04-26,19.66,20.35,19.56,19.97,27192500,19.53
2013-04-25,19.92,20.00,19.58,19.59,22505200,19.16
2013-04-24,19.52,20.35,19.49,19.84,25780900,19.40
2013-04-23,19.75,20.00,19.55,19.65,20012200,19.21
2013-04-22,19.69,19.80,19.31,19.76,22852800,19.32
2013-04-19,19.59,19.93,19.07,19.56,28418900,19.13
2013-04-18,20.53,20.58,20.06,20.21,18681100,19.76
2013-04-17,20.87,20.90,20.43,20.49,15693400,20.04
2013-04-16,20.78,21.14,20.67,21.03,13923400,20.56
2013-04-15,20.77,21.15,20.68,20.68,15919800,20.22
2013-04-12,20.78,20.94,20.66,20.90,19558400,20.44
2013-04-11,20.99,21.27,20.61,20.88,47718300,20.42
2013-04-10,22.17,22.45,22.17,22.32,15936000,21.83
2013-04-09,21.98,22.32,21.89,22.22,16487500,21.73
2013-04-08,22.05,22.24,21.66,21.93,15245900,21.44
2013-04-05,21.99,22.09,21.79,21.97,18875100,21.48
2013-04-04,21.87,22.33,21.79,22.30,20597300,21.81
2013-04-03,21.91,22.44,21.84,21.91,30128500,21.42
2013-04-02,22.35,22.48,21.82,22.10,48510200,21.61
2013-04-01,23.73,24.05,23.26,23.31,25232300,22.79
2013-03-28,23.50,23.93,23.40,23.84,24375300,23.31
2013-03-27,23.42,23.77,23.32,23.58,23973900,23.06
2013-03-26,23.18,23.71,23.10,23.64,27329000,23.12
2013-03-25,23.08,23.44,22.91,23.10,29581000,22.59
2013-03-22,22.32,23.14,22.32,23.04,27924700,22.53
2013-03-21,22.74,23.05,22.27,22.32,36433300,21.83
2013-03-20,23.13,23.58,22.88,22.92,35526900,22.41
2013-03-19,22.81,23.14,22.63,23.11,33874300,22.60
2013-03-18,22.25,22.91,22.20,22.83,39305700,22.32
2013-03-15,21.96,22.18,21.74,22.18,31792500,21.69
2013-03-14,21.32,21.94,21.28,21.93,24266900,21.44
2013-03-13,21.38,21.39,21.06,21.32,13852600,20.85
2013-03-12,21.00,21.45,20.94,21.40,17673000,20.93
2013-03-11,20.81,21.05,20.77,21.03,14717800,20.56
2013-03-08,21.12,21.16,20.88,21.00,19330300,20.41
2013-03-07,20.93,21.12,20.76,20.85,17905900,20.26
2013-03-06,20.56,21.33,20.50,20.93,33708900,20.34
2013-03-05,20.08,20.59,20.06,20.37,18507800,19.79
2013-03-04,20.07,20.14,19.79,19.97,19191300,19.41
2013-03-01,20.05,20.36,19.86,20.15,20337300,19.58
2013-02-28,19.68,20.26,19.66,20.14,27175700,19.57
2013-02-27,19.83,19.85,19.61,19.77,29505000,19.21
2013-02-26,19.13,19.92,19.05,19.79,38953200,19.23
2013-02-25,19.21,19.45,19.03,19.07,41488900,18.53
2013-02-22,18.21,19.83,18.11,19.20,133253100,18.66
2013-02-21,16.61,17.19,16.57,17.10,37604300,16.62
2013-02-20,17.01,17.17,16.64,16.70,18007300,16.23
2013-02-19,16.85,17.15,16.75,16.89,17447200,16.41
2013-02-15,17.11,17.13,16.72,16.79,15321500,16.32
2013-02-14,17.03,17.12,16.78,17.03,14264400,16.55
2013-02-13,17.08,17.16,16.87,17.01,11493700,16.53
2013-02-12,16.84,17.22,16.74,17.10,14906400,16.62
2013-02-11,16.86,16.94,16.68,16.83,11133700,16.35
2013-02-08,16.45,16.89,16.42,16.87,14976900,16.39
2013-02-07,16.64,16.67,16.27,16.44,16287600,15.97
2013-02-06,17.01,17.06,16.60,16.69,23063900,16.22
2013-02-05,16.07,16.74,16.03,16.61,23299900,16.14
2013-02-04,16.31,16.70,16.15,16.18,16561800,15.72
2013-02-01,16.67,16.75,16.42,16.46,16749200,15.99
2013-01-31,16.38,16.67,16.16,16.51,20505300,16.04
2013-01-30,16.51,16.57,16.28,16.40,20502600,15.94
2013-01-29,16.87,16.92,16.30,16.48,31364300,16.01
2013-01-28,17.02,17.17,16.90,17.02,15429300,16.54
2013-01-25,17.09,17.23,16.94,16.99,15429300,16.51
2013-01-24,16.96,17.30,16.83,17.01,17059700,16.53
2013-01-23,17.33,17.44,16.91,17.01,20093000,16.53
2013-01-22,17.20,17.38,17.01,17.25,27868800,16.76
2013-01-18,16.86,17.17,16.86,17.11,23546400,16.63
2013-01-17,17.25,17.45,17.04,17.11,28715800,16.63
2013-01-16,16.50,17.32,16.49,17.21,46989100,16.72
2013-01-15,16.82,16.86,16.38,16.53,39179700,16.06
2013-01-14,16.45,17.32,16.37,16.95,62084500,16.47
2013-01-11,16.48,16.73,15.85,16.16,39137900,15.70
2013-01-10,16.01,16.34,15.70,16.28,36289100,15.82
2013-01-09,15.63,15.92,15.55,15.85,34370700,15.40
2013-01-08,15.24,15.46,14.84,15.39,32886700,14.95
2013-01-07,15.19,15.47,15.15,15.17,19190100,14.74
2013-01-04,15.26,15.38,15.07,15.14,22010200,14.71
2013-01-03,15.13,15.72,14.92,15.14,42879400,14.71
2013-01-02,14.83,15.49,14.74,15.02,49765700,14.60
2012-12-31,13.65,14.30,13.60,14.25,28442900,13.85
2012-12-28,13.90,13.93,13.63,13.68,18193400,13.29
2012-12-27,14.13,14.19,13.87,14.04,16079800,13.64
2012-12-26,14.08,14.33,14.05,14.12,15110400,13.72
2012-12-24,14.29,14.29,13.91,14.01,9455300,13.61
2012-12-21,14.22,14.34,14.05,14.34,26400300,13.93
2012-12-20,14.40,14.46,14.15,14.43,17390800,14.02
2012-12-19,14.58,14.64,14.27,14.38,23917700,13.97
2012-12-18,14.17,14.63,14.04,14.53,37836200,14.12
2012-12-17,14.72,14.83,14.10,14.21,30862300,13.81
2012-12-14,14.50,14.75,14.38,14.75,26071600,14.33
2012-12-13,14.57,14.81,14.36,14.50,26299700,14.09
2012-12-12,14.36,14.68,14.32,14.53,33299000,14.12
2012-12-11,14.30,14.47,14.10,14.26,31966200,13.86
2012-12-10,13.85,14.59,13.71,14.16,51315100,13.76
2012-12-07,13.90,14.05,13.72,13.94,25255900,13.42
2012-12-06,13.91,14.04,13.64,13.83,31090000,13.31
2012-12-05,13.51,14.20,13.45,13.82,55554700,13.30
2012-12-04,13.00,13.58,12.91,13.53,36572500,13.02
2012-12-03,13.17,13.34,12.82,12.87,25445800,12.39
2012-11-30,12.92,13.03,12.76,12.99,23615800,12.50
2012-11-29,12.78,13.09,12.78,12.89,31333500,12.41
2012-11-28,12.38,12.78,12.22,12.73,33204800,12.25
2012-11-27,12.75,12.82,12.32,12.36,31376900,11.90
2012-11-26,12.40,12.90,12.27,12.74,26257700,12.26
2012-11-23,12.01,12.49,12.01,12.44,26257700,11.97
2012-11-21,11.65,12.17,11.55,11.94,64837400,11.49
2012-11-20,11.64,12.06,11.35,11.71,154673600,11.27
2012-11-19,12.97,13.40,12.94,13.30,32628900,12.80
2012-11-16,13.08,13.10,12.36,12.85,34996800,12.37
2012-11-15,13.13,13.27,12.93,13.08,24570500,12.59
2012-11-14,13.16,13.36,13.08,13.14,25143500,12.65
2012-11-13,13.34,13.40,13.07,13.14,26404500,12.65
2012-11-12,13.65,13.72,13.31,13.41,18701600,12.91
2012-11-09,13.80,13.91,13.60,13.61,21066600,13.10
2012-11-08,13.78,13.89,13.72,13.82,19326100,13.30
2012-11-07,14.32,14.35,13.69,13.69,27039500,13.18
2012-11-06,14.02,14.48,14.02,14.40,22732200,13.86
2012-11-05,13.68,14.05,13.68,14.01,14326900,13.48
2012-11-02,14.12,14.20,13.68,13.76,32509100,13.24
2012-11-01,13.88,14.10,13.80,14.00,24996800,13.48
2012-10-31,14.18,14.23,13.80,13.85,19441900,13.33
2012-10-26,14.14,14.31,13.94,14.09,19270000,13.56
2012-10-25,14.15,14.38,14.06,14.19,21476200,13.66
2012-10-24,14.34,14.36,14.03,14.04,18311700,13.51
2012-10-23,14.45,14.48,14.25,14.26,19024900,13.73
2012-10-22,14.41,14.72,14.30,14.71,17489800,14.16
2012-10-19,14.78,14.80,14.46,14.48,20828200,13.94
2012-10-18,14.73,14.85,14.60,14.80,22172800,14.25
2012-10-17,14.60,14.73,14.33,14.72,17941500,14.17
2012-10-16,14.51,14.78,14.50,14.57,23833500,14.02
2012-10-15,14.44,14.50,14.25,14.47,26932300,13.93
2012-10-12,14.25,14.50,14.25,14.41,25354900,13.87
2012-10-11,14.22,14.45,14.14,14.25,36195300,13.72
2012-10-10,14.29,14.40,14.02,14.18,38774300,13.65
2012-10-09,14.40,14.49,14.16,14.37,29632900,13.83
2012-10-08,14.57,14.82,14.41,14.46,32807400,13.92
2012-10-05,14.91,15.12,14.67,14.73,40654500,14.18
2012-10-04,14.70,14.98,14.24,14.94,90421800,14.38
2012-10-03,17.23,17.35,14.85,14.91,141024800,14.35
2012-10-02,17.33,17.45,16.94,17.13,19555900,16.49
2012-10-01,17.20,17.62,17.15,17.21,21767200,16.56
2012-09-28,17.17,17.32,16.96,17.06,22710000,16.42
2012-09-27,16.81,17.31,16.75,17.23,28952200,16.58
2012-09-26,16.69,17.25,16.23,17.11,37145900,16.47
2012-09-25,17.22,17.27,16.70,16.71,28068900,16.08
2012-09-24,17.46,17.46,17.13,17.21,15916200,16.56
2012-09-21,17.92,17.94,17.45,17.59,20565800,16.93
2012-09-20,17.94,17.97,17.51,17.76,19588800,17.09
2012-09-19,18.42,18.46,18.03,18.10,19014000,17.42
2012-09-18,18.07,18.28,18.04,18.25,16884300,17.57
2012-09-17,18.24,18.31,18.03,18.21,16447300,17.53
2012-09-14,18.29,18.56,18.11,18.17,27927300,17.49
2012-09-13,18.03,18.33,17.84,18.24,21946100,17.56
2012-09-12,18.03,18.20,17.92,17.99,24021500,17.32
2012-09-11,17.54,17.97,17.50,17.95,18475300,17.28
2012-09-10,17.39,17.67,17.34,17.43,19540600,16.78
2012-09-07,17.31,17.49,17.12,17.42,16757100,16.64
2012-09-06,17.37,17.75,17.23,17.59,23129000,16.80
2012-09-05,16.93,17.33,16.84,17.27,20989600,16.50
2012-09-04,16.82,17.08,16.81,16.99,17062200,16.23
2012-08-31,16.88,17.10,16.80,16.88,19586800,16.12
2012-08-30,16.87,16.99,16.77,16.78,15821400,16.03
2012-08-29,16.86,17.09,16.82,16.94,23517800,16.18
2012-08-28,17.13,17.28,16.81,16.90,34268000,16.14
2012-08-27,17.65,17.74,17.16,17.21,27241500,16.44
2012-08-24,17.65,17.74,17.50,17.58,22115900,16.79
2012-08-23,18.05,18.22,17.56,17.64,72809500,16.85
2012-08-22,19.50,19.63,19.10,19.20,38201400,18.34
2012-08-21,20.22,20.26,19.76,19.93,21028800,19.04
2012-08-20,19.55,20.13,19.39,20.09,17912400,19.19
2012-08-17,19.52,19.53,19.26,19.52,14626800,18.65
2012-08-16,19.43,19.60,19.22,19.52,17835400,18.65
2012-08-15,19.29,19.40,19.18,19.29,10988200,18.43
2012-08-14,19.76,19.86,19.27,19.36,18077800,18.49
2012-08-13,19.69,20.07,19.48,19.62,13863900,18.74
2012-08-10,19.30,19.73,19.28,19.70,18170700,18.82
2012-08-09,19.40,19.56,19.06,19.41,20192600,18.54
2012-08-08,19.48,19.75,19.24,19.41,44990300,18.54
2012-08-07,18.56,19.05,18.51,18.96,19670100,18.11
2012-08-06,18.29,18.82,18.23,18.69,15318000,17.85
2012-08-03,17.83,18.33,17.72,18.26,18989200,17.44
2012-08-02,17.61,18.18,17.41,17.55,31160600,16.76
2012-08-01,18.31,18.45,17.61,17.66,28820500,16.87
2012-07-31,18.14,18.43,18.00,18.24,16093700,17.42
2012-07-30,18.45,18.64,18.18,18.26,12502000,17.44
2012-07-27,18.16,18.69,17.97,18.57,18510600,17.74
2012-07-26,18.05,18.20,17.80,18.01,16665000,17.20
2012-07-25,18.07,18.19,17.73,17.78,17233400,16.98
2012-07-24,18.24,18.30,17.81,17.99,20775000,17.18
2012-07-23,18.38,18.45,18.00,18.30,17405700,17.48
2012-07-20,18.97,19.04,18.57,18.61,14811300,17.78
2012-07-19,19.27,19.37,19.02,19.10,15259400,18.24
2012-07-18,18.83,19.50,18.80,19.30,28310700,18.44
2012-07-17,18.96,19.00,18.50,18.87,20657100,18.02
2012-07-16,18.87,19.10,18.76,18.81,14874000,17.97
2012-07-13,19.19,19.20,18.77,18.98,30564500,18.13
2012-07-12,19.30,19.49,19.04,19.35,23525900,18.48
2012-07-11,19.10,19.83,19.05,19.69,24565100,18.81
2012-07-10,19.38,19.60,19.02,19.11,16797000,18.25
2012-07-09,19.53,19.58,19.25,19.43,12421800,18.56
2012-07-06,19.95,20.14,19.45,19.57,16533100,18.69
2012-07-05,20.27,20.43,20.13,20.28,10526000,19.37
2012-07-03,19.92,20.37,19.88,20.36,7338200,19.45
2012-07-02,20.11,20.24,19.87,20.16,14848900,19.26
2012-06-29,19.85,20.15,19.76,20.11,18842900,19.21
2012-06-28,19.33,19.40,19.12,19.36,15941200,18.49
2012-06-27,19.36,19.60,19.33,19.51,11517800,18.64
2012-06-26,19.55,19.69,19.24,19.36,21252400,18.49
2012-06-25,20.18,20.27,19.47,19.55,22606900,18.67
2012-06-22,20.38,20.72,20.28,20.37,16091000,19.46
2012-06-21,21.08,21.15,20.22,20.30,19640900,19.39
2012-06-20,20.85,21.22,20.65,21.16,17341100,20.21
2012-06-19,21.17,21.21,20.75,20.81,21716000,19.88
2012-06-18,21.50,21.61,20.97,21.05,21334700,20.11
2012-06-15,21.73,21.99,21.57,21.64,17446200,20.67
2012-06-14,21.48,21.74,21.39,21.59,10875100,20.62
2012-06-13,21.51,21.71,21.34,21.48,11557100,20.52
2012-06-12,21.47,21.80,21.39,21.70,11203600,20.73
2012-06-11,22.36,22.43,21.38,21.41,14399100,20.45
2012-06-08,22.12,22.35,21.94,22.31,11429000,21.18
2012-06-07,22.50,22.75,22.01,22.06,14333400,20.95
2012-06-06,21.70,22.36,21.69,22.35,14727100,21.22
2012-06-05,21.10,21.75,21.06,21.68,20203000,20.59
2012-06-04,21.29,21.43,20.87,21.06,18205700,20.00
2012-06-01,21.87,22.00,21.20,21.25,31340000,20.18
2012-05-31,22.81,22.88,22.34,22.68,21895800,21.54
2012-05-30,22.56,22.80,22.45,22.74,20883800,21.59
2012-05-29,22.38,22.87,22.38,22.80,22775800,21.65
2012-05-25,21.47,22.36,21.40,22.33,23606100,21.20
2012-05-24,22.62,22.66,21.32,21.77,58991500,20.67
2012-05-23,21.15,21.20,20.57,21.08,53778900,20.02
2012-05-22,21.89,21.91,21.54,21.78,15810100,20.68
2012-05-21,21.42,21.97,21.40,21.89,16139900,20.79
2012-05-18,22.11,22.18,21.28,21.46,25559000,20.38
2012-05-17,22.03,22.27,21.82,22.06,16732500,20.95
2012-05-16,22.46,22.75,22.01,22.03,16259700,20.92
2012-05-15,22.97,23.05,22.37,22.40,16067000,21.27
2012-05-14,23.00,23.18,22.80,22.97,16821700,21.81
2012-05-11,23.34,23.51,23.13,23.15,16302300,21.98
2012-05-10,23.29,23.61,23.10,23.51,16107700,22.32
2012-05-09,23.10,23.53,22.92,23.33,14033200,22.15
2012-05-08,23.64,23.69,23.00,23.32,24600700,22.14
2012-05-07,24.19,24.23,23.79,23.87,13193400,22.67
2012-05-04,24.38,24.59,24.20,24.27,14031200,23.05
2012-05-03,25.25,25.33,24.45,24.48,14759700,23.25
2012-05-02,25.06,25.26,24.87,25.25,13609400,23.98
2012-05-01,24.73,25.40,24.73,25.17,15577800,23.90
2012-04-30,24.66,24.80,24.53,24.76,9248900,23.51
2012-04-27,24.90,24.99,24.66,24.75,9433500,23.50
2012-04-26,24.75,24.97,24.69,24.87,9860300,23.62
2012-04-25,24.62,24.85,24.40,24.83,17868300,23.58
2012-04-24,24.29,24.52,24.22,24.44,11964900,23.21
2012-04-23,24.26,24.47,24.06,24.27,16794000,23.05
2012-04-20,24.77,24.94,24.45,24.51,19645900,23.27
2012-04-19,24.86,25.15,24.48,24.71,18076900,23.46
2012-04-18,24.56,25.08,24.52,24.93,18102700,23.67
2012-04-17,24.40,25.07,24.36,24.72,15917800,23.47
2012-04-16,24.78,24.82,24.17,24.31,15133900,23.08
2012-04-13,24.93,25.05,24.33,24.57,24481800,23.33
2012-04-12,23.99,25.14,23.96,25.10,43405800,23.83
2012-04-11,23.51,23.58,23.24,23.41,16610000,22.23
2012-04-10,23.17,23.61,23.10,23.27,25845600,22.10
2012-04-09,22.89,23.32,22.85,23.14,15263800,21.97
2012-04-05,23.15,23.37,23.08,23.11,14733100,21.94
2012-04-04,23.22,23.38,23.15,23.27,15360800,22.10
2012-04-03,23.83,24.06,23.35,23.45,15855400,22.27
2012-04-02,23.88,23.99,23.69,23.88,13918400,22.68
2012-03-30,23.63,23.92,23.55,23.83,16901900,22.63
2012-03-29,23.41,23.61,23.37,23.51,17345200,22.32
2012-03-28,23.70,23.81,23.45,23.58,20501600,22.39
2012-03-27,23.96,23.97,23.62,23.62,18363500,22.43
2012-03-26,23.86,23.93,23.55,23.89,23852900,22.69
2012-03-23,23.09,23.64,22.92,23.63,20687600,22.44
2012-03-22,23.16,23.28,22.91,23.03,34289800,21.87
2012-03-21,24.10,24.14,23.36,23.46,45506300,22.28
2012-03-20,24.36,24.37,23.97,23.98,24141700,22.77
2012-03-19,24.53,24.60,24.31,24.34,11763500,23.11
2012-03-16,24.26,24.55,24.21,24.49,20821800,23.25
2012-03-15,24.12,24.59,24.08,24.40,20440300,23.17
2012-03-14,24.27,24.54,24.18,24.34,21666200,23.11
2012-03-13,24.07,24.64,23.91,24.57,23336000,23.33
2012-03-12,23.97,24.29,23.95,24.04,16613900,22.83
2012-03-09,24.59,24.67,24.04,24.18,23422300,22.85
2012-03-08,24.44,24.74,24.34,24.64,13983600,23.28
2012-03-07,24.23,24.52,24.19,24.36,16432800,23.02
2012-03-06,24.58,24.79,24.02,24.17,32278000,22.84
2012-03-05,25.18,25.23,24.72,25.01,24715100,23.63
2012-03-02,25.25,25.57,25.17,25.32,22612600,23.92
2012-03-01,25.35,25.65,25.19,25.25,25207100,23.86
2012-02-29,26.23,26.25,25.28,25.31,38834700,23.91
2012-02-28,26.19,26.38,26.01,26.18,23094700,24.74
2012-02-27,26.32,26.61,26.11,26.25,28233000,24.80
2012-02-24,27.00,27.09,26.57,26.64,27870300,25.17
2012-02-23,27.60,27.87,26.85,27.05,71378900,25.56
2012-02-22,29.15,29.22,28.78,28.94,28629800,27.34
2012-02-21,29.52,29.72,29.17,29.35,14334500,27.73
2012-02-17,29.95,30.00,29.53,29.59,18530400,27.96
2012-02-16,28.94,29.98,28.93,29.89,20625300,28.24
2012-02-15,29.46,29.55,28.97,29.12,15741700,27.51
2012-02-14,28.70,29.08,28.63,29.08,10968000,27.48
2012-02-13,28.87,29.00,28.42,28.75,9160200,27.16
2012-02-10,28.90,28.99,28.49,28.70,10024300,27.12
2012-02-09,29.38,29.49,29.03,29.11,16033900,27.50
2012-02-08,28.97,29.56,28.89,29.46,13190600,27.84
2012-02-07,28.73,29.17,28.59,28.95,14585000,27.35
2012-02-06,28.98,29.11,28.74,28.76,12804000,27.17
2012-02-03,28.88,29.21,28.80,29.07,11630300,27.47
2012-02-02,28.72,28.85,28.38,28.50,12708600,26.93
2012-02-01,28.23,28.91,28.17,28.76,14961000,27.17
2012-01-31,28.19,28.23,27.47,27.98,13750000,26.44
2012-01-30,27.26,28.04,27.23,27.88,12121800,26.34
2012-01-27,27.66,28.08,27.60,27.88,11902500,26.34
2012-01-26,28.21,28.47,27.85,27.99,11408300,26.45
2012-01-25,28.41,28.54,28.04,28.32,13317600,26.76
2012-01-24,28.23,28.84,28.20,28.52,14887700,26.95
2012-01-23,27.94,28.88,27.94,28.68,22235300,27.10
2012-01-20,27.12,28.18,27.05,28.13,22490800,26.58
2012-01-19,27.02,27.25,26.88,27.15,11182500,25.65
2012-01-18,26.40,27.00,26.40,27.00,11467500,25.51
2012-01-17,26.74,26.88,26.40,26.46,11192100,25.00
2012-01-13,26.71,26.89,26.37,26.49,11806100,25.03
2012-01-12,26.73,26.99,26.65,26.95,10427700,25.46
2012-01-11,26.50,26.67,26.33,26.64,13600000,25.17
2012-01-10,26.69,26.90,26.58,26.69,12596700,25.22
2012-01-09,26.39,26.61,26.33,26.44,11058400,24.98
2012-01-06,26.57,26.61,26.30,26.40,11705700,24.94
2012-01-05,26.32,26.59,26.25,26.50,13847000,25.04
2012-01-04,26.52,26.80,26.44,26.60,11116400,25.13
2012-01-03,26.32,26.83,26.32,26.62,13391400,25.15
2011-12-30,25.52,25.98,25.50,25.76,11494100,24.34
2011-12-29,25.13,25.67,25.13,25.62,9159800,24.21
2011-12-28,25.54,25.73,25.15,25.20,10468200,23.81
2011-12-27,25.67,25.98,25.62,25.65,11949200,24.24
2011-12-23,25.91,25.97,25.75,25.88,10604500,24.45
2011-12-22,25.53,25.99,25.44,25.86,12945200,24.43
2011-12-21,25.76,25.88,25.04,25.44,19700700,24.04
2011-12-20,25.53,26.17,25.53,25.91,14770800,24.48
2011-12-19,25.95,26.08,25.02,25.13,16842300,23.74
2011-12-16,26.34,26.67,25.83,25.84,33107800,24.42
2011-12-15,26.64,26.71,26.12,26.16,17911200,24.72
2011-12-14,26.63,26.76,25.95,26.38,22319500,24.93
2011-12-13,27.41,27.85,26.65,26.80,18238300,25.32
2011-12-12,27.07,27.46,27.07,27.34,19598800,25.83
2011-12-09,27.61,28.43,27.52,27.90,19312800,26.25
2011-12-08,28.17,28.67,27.56,27.66,21683100,26.02
2011-12-07,27.87,28.58,27.68,28.41,17919000,26.73
2011-12-06,27.74,28.44,27.71,28.18,17253300,26.51
2011-12-05,27.98,28.40,27.87,28.12,18506600,26.46
2011-12-02,28.49,28.50,27.62,27.68,20453400,26.04
2011-12-01,27.44,28.44,27.44,28.22,22168600,26.55
2011-11-30,27.44,28.15,27.44,27.95,36174100,26.30
2011-11-29,27.01,27.50,26.61,26.90,27205600,25.31
2011-11-28,25.99,26.62,25.62,26.53,19858000,24.96
2011-11-25,25.60,25.86,25.37,25.39,9019000,23.89
2011-11-23,26.29,26.68,25.64,25.78,24496100,24.25
2011-11-22,26.26,26.77,25.25,26.65,49894100,25.07
2011-11-21,27.04,27.39,26.28,26.86,34503800,25.27
2011-11-18,27.78,28.40,27.64,27.99,29275300,26.33
2011-11-17,27.84,27.87,26.82,27.29,18325600,25.67
2011-11-16,28.09,28.59,27.64,27.93,20176500,26.28
2011-11-15,27.19,28.42,27.10,28.24,20088800,26.57
2011-11-14,27.56,27.70,27.10,27.32,11363700,25.70
2011-11-11,27.23,27.79,27.15,27.58,13163500,25.95
2011-11-10,26.54,26.92,26.31,26.76,15045500,25.18
2011-11-09,27.17,27.21,26.25,26.33,18652200,24.77
2011-11-08,28.11,28.11,27.40,27.84,17413300,26.19
2011-11-07,27.05,27.90,26.83,27.88,17890000,26.23
2011-11-04,26.70,26.98,26.34,26.97,12634500,25.37
2011-11-03,26.20,26.98,25.84,26.84,16102700,25.25
2011-11-02,25.93,26.36,25.79,25.91,16346900,24.38
2011-11-01,25.90,26.07,25.35,25.64,19227100,24.12
2011-10-31,27.40,27.56,26.61,26.61,16620300,25.03
2011-10-28,27.72,28.57,27.56,27.94,27476100,26.29
2011-10-27,26.48,27.44,26.43,26.99,26233100,25.39
2011-10-26,25.12,25.88,24.84,25.75,20334300,24.23
2011-10-25,25.92,25.94,25.00,25.05,15098700,23.57
2011-10-24,25.60,26.16,25.47,26.02,12633400,24.48
2011-10-21,25.05,25.58,24.98,25.38,14972400,23.88
2011-10-20,24.89,25.02,24.25,24.74,18703100,23.28
2011-10-19,25.36,25.50,24.84,24.98,13776600,23.50
2011-10-18,24.73,25.81,24.55,25.61,20584500,24.09
2011-10-17,25.84,25.94,24.70,24.86,16734100,23.39
2011-10-14,26.02,26.34,25.91,26.11,11979600,24.56
2011-10-13,25.92,25.95,25.14,25.63,15492600,24.11
2011-10-12,26.12,26.29,25.67,25.87,20650800,24.34
2011-10-11,25.59,26.03,25.48,25.92,17650300,24.39
2011-10-10,25.33,25.99,25.29,25.74,21717200,24.22
2011-10-07,25.10,25.63,24.54,24.88,30191000,23.41
2011-10-06,24.14,25.06,23.87,25.05,28478500,23.57
2011-10-05,22.98,24.13,22.85,23.86,31037600,22.45
2011-10-04,21.93,23.07,21.84,23.02,31000000,21.66
2011-10-03,22.68,23.22,22.18,22.20,28497500,20.89
2011-09-30,23.57,23.75,22.42,22.45,40117700,21.12
2011-09-29,23.81,24.46,23.34,23.78,26827100,22.37
2011-09-28,23.94,23.98,23.11,23.19,23815400,21.82
2011-09-27,23.36,24.50,23.20,23.59,39525800,22.19
2011-09-26,22.59,23.07,22.43,22.71,31924000,21.37
2011-09-23,22.52,22.62,21.50,22.32,68905500,21.00
2011-09-22,23.05,23.71,22.26,22.80,64315700,21.45
2011-09-21,22.58,25.10,22.21,23.98,88373400,22.56
2011-09-20,22.87,23.08,22.44,22.47,25844500,21.14
2011-09-19,23.10,23.21,22.62,22.91,16875200,21.55
2011-09-16,23.41,23.59,23.15,23.53,23418700,22.14
2011-09-15,23.22,23.34,22.73,23.27,15819600,21.89
2011-09-14,22.69,23.13,22.38,22.93,22525700,21.57
2011-09-13,22.63,22.78,22.43,22.70,24346700,21.36
2011-09-12,22.13,22.60,22.13,22.58,28227000,21.24
2011-09-09,23.55,23.66,22.50,22.65,36896400,21.20
2011-09-08,24.35,24.67,23.85,23.87,21517700,22.34
2011-09-07,23.97,24.33,23.70,24.14,20444700,22.59
2011-09-06,23.28,23.68,22.90,23.63,28156600,22.11
2011-09-02,25.05,25.10,24.32,24.34,18738000,22.78
2011-09-01,26.20,26.46,25.66,25.67,16365600,24.02
2011-08-31,26.27,26.41,25.94,26.03,22640000,24.36
2011-08-30,25.98,26.19,25.72,26.05,23412600,24.38
2011-08-29,24.95,26.15,24.90,26.12,23075300,24.44
2011-08-26,24.62,25.33,24.42,24.82,22842500,23.23
2011-08-25,25.14,25.25,24.48,25.03,25553900,23.42
2011-08-24,24.54,25.30,24.25,25.21,28904100,23.59
2011-08-23,24.53,24.73,24.05,24.54,34141000,22.96
2011-08-22,24.16,25.23,24.13,24.45,61134000,22.88
2011-08-19,23.60,24.01,22.75,23.60,128945500,22.09
2011-08-18,29.86,34.00,28.64,29.51,96009500,27.62
2011-08-17,31.98,32.20,30.97,31.39,24472200,29.37
2011-08-16,31.93,32.98,31.90,32.61,18155200,30.52
2011-08-15,32.35,32.77,32.23,32.43,17288900,30.35
2011-08-12,31.86,32.36,31.56,32.32,23720100,30.25
2011-08-11,29.75,31.43,29.75,31.05,26863000,29.06
2011-08-10,30.90,31.02,29.78,29.86,27700800,27.94
2011-08-09,30.98,31.55,29.75,31.53,32971100,29.51
2011-08-08,31.13,31.90,30.73,30.81,33821200,28.83
2011-08-05,32.83,32.99,31.52,32.63,31566700,30.54
2011-08-04,33.73,33.74,32.50,32.54,25200900,30.45
2011-08-03,34.30,34.51,33.72,34.28,21102900,32.08
2011-08-02,34.84,35.11,34.34,34.35,16070400,32.14
2011-08-01,35.40,35.50,34.67,35.20,15742700,32.94
2011-07-29,35.80,35.88,35.10,35.17,20455700,32.91
2011-07-28,36.67,36.88,36.12,36.23,14704600,33.90
2011-07-27,36.93,37.21,36.45,36.80,18943400,34.44
2011-07-26,37.09,37.70,37.04,37.47,14617300,35.06
2011-07-25,36.27,37.40,36.22,37.09,19143100,34.71
2011-07-22,36.42,37.12,36.36,36.70,16042300,34.34
2011-07-21,35.34,36.37,34.92,36.23,18116500,33.90
2011-07-20,35.78,35.82,35.11,35.28,15009100,33.02
2011-07-19,35.24,35.71,34.93,35.61,15971100,33.32
2011-07-18,34.98,35.10,34.80,35.02,15326900,32.77
2011-07-15,35.28,35.39,34.97,35.09,15166200,32.84
2011-07-14,35.54,35.69,35.01,35.13,15439900,32.87
2011-07-13,35.40,35.80,35.30,35.44,11064900,33.16
2011-07-12,35.16,35.71,35.10,35.27,15173800,33.01
2011-07-11,36.00,36.00,35.17,35.29,18265400,33.02
2011-07-08,36.13,36.44,35.80,36.43,15076400,34.09
2011-07-07,36.47,36.59,36.33,36.45,16037500,34.11
2011-07-06,36.46,36.59,36.10,36.20,16402200,33.88
2011-07-05,36.78,37.00,36.27,36.47,16387000,34.13
2011-07-01,36.55,37.13,36.34,37.05,14854800,34.67
2011-06-30,36.30,37.24,36.23,36.40,27376900,34.06
2011-06-29,35.17,35.60,35.09,35.55,13512600,33.27
2011-06-28,35.07,35.20,34.96,35.09,14237100,32.84
2011-06-27,35.05,35.35,34.91,34.98,15242400,32.73
2011-06-24,35.18,35.21,34.88,34.90,36850600,32.66
2011-06-23,34.82,35.29,34.55,35.23,19498800,32.97
2011-06-22,35.32,35.50,35.11,35.12,12828800,32.87
2011-06-21,35.13,35.65,35.03,35.30,16958800,33.03
2011-06-20,34.79,35.32,34.79,34.99,16631600,32.74
2011-06-17,35.22,35.32,34.94,35.00,39361800,32.75
2011-06-16,34.09,35.11,34.06,34.97,28167700,32.73
2011-06-15,34.53,34.56,33.95,34.26,24950100,32.06
2011-06-14,34.85,35.28,34.64,34.73,20123600,32.50
2011-06-13,35.13,35.18,34.60,34.65,21738800,32.43
2011-06-10,35.51,35.53,35.14,35.25,14320500,32.87
2011-06-09,35.51,35.73,35.36,35.46,11590900,33.07
2011-06-08,35.23,35.75,35.20,35.36,16012500,32.98
2011-06-07,36.13,36.15,35.57,35.57,16894700,33.17
2011-06-06,35.99,36.24,35.91,35.96,15407700,33.54
2011-06-03,36.05,36.38,36.00,36.11,15963800,33.68
2011-06-02,36.58,36.66,36.31,36.43,16659600,33.98
2011-06-01,37.20,37.31,36.50,36.63,19316200,34.16
2011-05-31,37.28,37.52,37.18,37.38,27368000,34.86
2011-05-27,36.74,37.04,36.72,36.96,20623500,34.47
2011-05-26,35.99,36.74,35.96,36.55,27179800,34.09
2011-05-25,35.68,36.15,35.68,36.01,25474500,33.58
2011-05-24,35.62,36.16,35.58,35.97,27329900,33.55
2011-05-23,35.58,36.00,35.44,35.81,26492700,33.40
2011-05-20,36.01,36.35,35.91,35.98,23005900,33.56
2011-05-19,36.43,36.67,36.00,36.13,31116600,33.70
2011-05-18,36.63,36.64,35.99,36.49,44644200,34.03
2011-05-17,37.57,37.66,36.04,36.91,100424200,34.42
2011-05-16,40.20,40.34,39.66,39.80,18262200,37.12
2011-05-13,40.80,40.86,40.22,40.41,14068300,37.69
2011-05-12,40.88,41.18,40.71,40.88,14165300,38.13
2011-05-11,41.48,41.56,40.76,41.06,16927100,38.29
2011-05-10,41.08,41.74,41.00,41.57,9006400,38.77
2011-05-09,40.79,41.36,40.75,41.02,9307900,38.26
2011-05-06,41.05,41.52,40.68,40.81,12829500,38.06
2011-05-05,40.65,41.33,40.61,40.80,12871300,38.05
2011-05-04,40.38,41.12,40.21,40.94,15372800,38.18
2011-05-03,39.86,40.38,39.80,40.33,14865800,37.61
2011-05-02,40.69,40.78,39.97,40.08,14262900,37.38
2011-04-29,40.64,40.66,39.99,40.37,14447400,37.65
2011-04-28,41.22,41.30,40.38,40.53,19631000,37.80
2011-04-27,40.84,41.19,40.71,41.04,13104100,38.27
2011-04-26,40.42,40.96,40.06,40.69,21200000,37.95
2011-04-25,41.06,41.17,40.44,40.53,13925000,37.80
2011-04-21,41.20,41.20,40.72,40.99,9517600,38.23
2011-04-20,40.66,41.19,40.65,40.89,14201200,38.13
2011-04-19,39.83,40.05,39.35,39.99,13504600,37.30
2011-04-18,39.96,40.04,39.16,39.75,18535300,37.07
2011-04-15,40.38,40.67,40.20,40.26,14688500,37.55
2011-04-14,40.50,40.73,40.12,40.36,16913800,37.64
2011-04-13,41.01,41.55,40.85,41.13,12705300,38.36
2011-04-12,40.68,41.18,40.53,41.08,13180200,38.31
2011-04-11,40.71,41.28,40.66,41.05,12805700,38.28
2011-04-08,41.00,41.04,40.52,40.70,13263500,37.96
2011-04-07,41.35,41.80,41.06,41.08,16693100,38.31
2011-04-06,40.38,41.35,40.33,41.18,19679700,38.41
2011-04-05,40.37,40.78,40.21,40.29,16152700,37.58
2011-04-04,40.65,40.88,40.20,40.34,21844800,37.62
2011-04-01,41.08,41.08,40.50,40.98,19209900,38.22
2011-03-31,41.31,41.48,40.96,40.97,15965000,38.21
2011-03-30,41.18,41.48,40.80,41.30,17356500,38.52
2011-03-29,41.87,42.01,37.60,41.11,26127700,38.34
2011-03-28,42.42,42.83,42.11,42.14,11370600,39.30
2011-03-25,42.84,43.28,42.33,42.53,15527300,39.66
2011-03-24,42.31,43.14,42.26,43.10,18568900,40.20
2011-03-23,41.54,42.28,41.51,42.07,15193300,39.24
2011-03-22,41.73,41.84,41.35,41.74,14349000,38.93
2011-03-21,41.85,42.10,41.65,41.77,14423500,38.96
2011-03-18,41.93,42.13,41.28,41.32,28918300,38.54
2011-03-17,40.73,41.83,40.72,41.43,26608300,38.64
2011-03-16,40.81,41.32,40.10,40.14,25775700,37.44
2011-03-15,40.62,41.19,40.34,40.93,22169100,38.17
2011-03-14,41.31,42.15,41.28,41.49,17454700,38.69
2011-03-11,41.42,41.87,41.36,41.73,16475700,38.84
2011-03-10,41.75,41.90,41.26,41.48,19901500,38.61
2011-03-09,42.40,42.40,41.76,42.05,15266500,39.14
2011-03-08,42.21,42.71,41.95,42.40,15667700,39.47
2011-03-07,42.90,43.05,41.94,41.98,17791500,39.08
2011-03-04,43.26,43.45,42.06,42.61,27718800,39.66
2011-03-03,43.66,43.86,43.12,43.20,21076500,40.21
2011-03-02,42.85,43.52,42.78,43.24,14626500,40.25
2011-03-01,43.64,43.84,42.84,42.91,19559500,39.94
2011-02-28,43.06,43.83,42.95,43.63,27687000,40.61
2011-02-25,42.42,42.80,42.30,42.68,26783700,39.73
2011-02-24,43.16,43.25,42.08,42.17,56823300,39.25
2011-02-23,43.68,43.72,42.57,43.59,96660600,40.57
2011-02-22,47.57,48.55,47.27,48.23,30831700,44.89
2011-02-18,48.80,48.80,48.35,48.67,13528500,45.30
2011-02-17,48.67,48.79,48.27,48.62,9831100,45.26
2011-02-16,48.49,49.12,48.36,48.99,15004000,45.60
2011-02-15,47.62,48.18,47.54,47.99,12570200,44.67
2011-02-14,48.45,48.68,48.06,48.31,11990700,44.97
2011-02-11,48.39,48.81,48.24,48.64,14348200,45.28
2011-02-10,48.46,49.39,48.15,48.54,23146400,45.18
2011-02-09,48.06,48.94,47.99,48.94,19298500,45.55
2011-02-08,48.09,48.24,47.76,48.14,9899400,44.81
2011-02-07,47.71,48.42,47.61,48.14,17386800,44.81
2011-02-04,47.28,47.53,47.08,47.43,11213400,44.15
2011-02-03,46.77,47.48,46.47,47.32,15618200,44.05
2011-02-02,46.45,47.05,46.43,46.89,11740500,43.65
2011-02-01,46.08,46.60,45.90,46.52,14488500,43.30
2011-01-31,45.41,45.72,45.13,45.69,21410300,42.53
2011-01-28,46.66,46.69,45.36,45.51,20649100,42.36
2011-01-27,46.98,46.98,46.58,46.74,14393900,43.51
2011-01-26,46.96,47.28,46.57,46.88,14403500,43.64
2011-01-25,47.76,47.83,46.88,47.08,17665600,43.82
2011-01-24,46.69,47.59,46.66,47.55,16950300,44.26
2011-01-21,46.95,47.64,46.83,47.23,29803400,43.96
2011-01-20,46.08,46.79,45.76,46.78,21528500,43.54
2011-01-19,46.23,46.48,46.08,46.32,16516800,43.12
2011-01-18,46.14,46.42,46.08,46.34,14755900,43.13
2011-01-14,45.72,46.40,45.61,46.25,15337500,43.05
2011-01-13,45.47,45.84,45.31,45.65,13118600,42.49
2011-01-12,45.49,45.71,45.27,45.64,14379800,42.48
2011-01-11,45.22,46.06,45.20,45.43,24979500,42.29
2011-01-10,44.86,45.05,44.57,44.86,12971400,41.76
2011-01-07,44.71,45.39,44.71,45.09,22268700,41.97
2011-01-06,44.22,44.96,44.18,44.88,19197400,41.78
2011-01-05,43.53,44.22,43.40,44.20,19744600,41.14
2011-01-04,43.27,43.77,43.01,43.63,19420300,40.61
2011-01-03,42.22,43.49,42.22,42.74,19371900,39.78
2010-12-31,42.19,42.38,41.84,42.10,7473400,39.19
2010-12-30,42.37,42.46,42.16,42.26,6774300,39.34
2010-12-29,42.29,42.62,42.25,42.32,8649700,39.39
2010-12-28,41.99,42.49,41.94,42.25,10400600,39.33
2010-12-27,41.49,41.98,41.47,41.82,6553800,38.93
2010-12-23,41.35,41.92,41.29,41.74,8501400,38.85
2010-12-22,41.72,41.82,41.40,41.48,14701600,38.61
2010-12-21,41.76,42.10,41.74,41.91,15001000,39.01
2010-12-20,41.73,42.10,41.72,41.89,15423700,38.99
2010-12-17,41.95,42.19,41.68,41.96,24231600,39.06
2010-12-16,41.13,42.01,41.00,41.95,22671500,39.05
2010-12-15,41.45,41.61,41.22,41.23,13308200,38.38
2010-12-14,41.69,41.86,41.27,41.54,14149000,38.67
2010-12-13,42.06,42.18,41.53,41.65,25978200,38.77
2010-12-10,42.44,42.66,42.19,42.62,16845000,39.60
2010-12-09,42.78,42.78,42.20,42.54,16667000,39.52
2010-12-08,42.30,42.72,42.16,42.66,12235500,39.63
2010-12-07,43.15,43.21,42.09,42.19,22008500,39.20
2010-12-06,42.54,43.25,42.51,42.85,11974700,39.81
2010-12-03,42.52,43.27,42.52,43.03,17651600,39.98
2010-12-02,42.45,43.17,42.42,43.11,16610900,40.05
2010-12-01,42.50,42.94,42.33,42.57,20672300,39.55
2010-11-30,41.82,42.43,41.80,41.93,23364300,38.96
2010-11-29,42.58,42.76,42.08,42.60,20622000,39.58
2010-11-26,43.06,43.40,43.03,43.20,9895700,40.14
2010-11-24,43.95,44.35,43.48,43.74,27894600,40.64
2010-11-23,43.98,44.44,43.11,44.19,51532700,41.06
2010-11-22,42.95,43.29,42.15,43.25,33275400,40.18
2010-11-19,41.77,42.54,41.70,42.49,20285000,39.48
2010-11-18,41.14,41.86,41.03,41.69,19897300,38.73
2010-11-17,41.78,42.12,40.77,40.97,28672400,38.06
2010-11-16,42.25,42.39,41.44,41.80,22351800,38.84
2010-11-15,42.32,43.01,42.24,42.54,14456900,39.52
2010-11-12,42.72,42.98,42.02,42.21,18229700,39.22
2010-11-11,43.79,43.97,42.73,43.10,24429700,40.04
2010-11-10,44.51,44.52,43.74,44.16,13256200,41.03
2010-11-09,44.64,44.65,43.94,44.12,15209000,40.99
2010-11-08,43.63,44.49,43.51,44.25,15720900,41.11
2010-11-05,43.93,44.10,43.36,43.72,15618400,40.62
2010-11-04,44.13,44.56,43.81,44.07,21611000,40.94
2010-11-03,42.85,44.00,42.83,43.81,22216500,40.70
2010-11-02,42.75,42.99,42.63,42.91,11552200,39.87
2010-11-01,42.17,42.75,42.07,42.49,12888400,39.48
2010-10-29,42.44,42.68,41.88,42.04,18187500,39.06
2010-10-28,42.57,42.80,42.16,42.66,15160800,39.63
2010-10-27,42.55,42.84,41.96,42.39,18750100,39.38
2010-10-26,42.37,43.06,42.16,42.95,14494500,39.90
2010-10-25,42.96,43.23,42.56,42.88,13181700,39.84
2010-10-22,42.37,42.96,42.29,42.87,10305800,39.83
2010-10-21,42.87,42.97,41.92,42.40,19923800,39.39
2010-10-20,43.00,43.25,42.76,42.82,18360300,39.78
2010-10-19,42.88,43.15,42.54,42.83,20787100,39.79
2010-10-18,42.69,43.47,42.50,43.32,18463100,40.25
2010-10-15,42.39,42.84,42.12,42.82,23639000,39.78
2010-10-14,42.20,42.34,41.80,42.13,14963200,39.14
2010-10-13,41.55,42.54,41.55,42.21,24626400,39.22
2010-10-12,41.18,41.55,40.89,41.35,14963900,38.42
2010-10-11,41.25,41.39,40.82,41.20,12905400,38.28
2010-10-08,40.85,41.30,40.68,41.15,18830300,38.23
2010-10-07,40.88,40.98,40.46,40.81,18988100,37.92
2010-10-06,41.05,41.22,40.44,40.74,25891900,37.85
2010-10-05,41.04,41.07,40.36,40.81,30354700,37.92
2010-10-04,40.86,41.24,40.40,40.64,22997800,37.76
2010-10-01,41.21,41.29,40.25,40.77,62986400,37.88
2010-09-30,42.96,43.15,41.72,42.07,28162600,39.09
2010-09-29,41.97,42.74,41.90,42.53,31308500,39.51
2010-09-28,41.38,41.84,41.00,41.62,26545000,38.67
2010-09-27,41.16,41.76,40.91,41.26,23055200,38.33
2010-09-24,41.16,41.70,40.87,40.98,24551000,38.07
2010-09-23,39.11,40.67,39.09,40.15,22945800,37.30
2010-09-22,39.69,39.83,39.00,39.55,21475400,36.75
2010-09-21,39.55,40.52,39.40,39.92,25986400,37.09
2010-09-20,39.25,39.56,39.16,39.39,22174600,36.60
2010-09-17,40.38,40.62,39.10,39.14,35399900,36.36
2010-09-16,39.71,40.49,39.63,40.35,23331300,37.49
2010-09-15,39.30,40.04,39.14,39.62,24135900,36.81
2010-09-14,38.15,40.06,38.15,39.29,40924800,36.50
2010-09-13,38.45,38.54,37.97,38.28,33830200,35.57
2010-09-10,38.78,38.83,38.08,38.28,22784300,35.49
2010-09-09,39.30,39.34,38.58,38.82,17872700,35.99
2010-09-08,39.28,39.60,38.25,38.81,32778100,35.98
2010-09-07,39.75,40.16,39.71,39.92,20739100,37.01
2010-09-03,40.08,40.49,40.08,40.34,18115300,37.40
2010-09-02,39.16,39.68,39.10,39.68,17781000,36.79
2010-09-01,39.00,39.25,38.73,39.21,22331600,36.35
2010-08-31,38.37,38.98,38.03,38.45,30199900,35.65
2010-08-30,38.88,39.49,38.55,38.56,29391600,35.75
2010-08-27,38.30,38.55,37.32,38.00,37171800,35.23
2010-08-26,38.54,38.65,38.09,38.22,18326700,35.44
2010-08-25,38.14,38.57,38.03,38.24,26239100,35.45
2010-08-24,38.49,38.86,38.34,38.39,30243700,35.59
2010-08-23,39.94,40.00,38.61,39.04,37413600,36.20
2010-08-20,40.49,40.59,39.33,39.85,38850400,36.95
2010-08-19,41.62,41.70,40.33,40.76,25349700,37.79
2010-08-18,41.15,41.61,40.89,41.36,22174600,38.35
2010-08-17,40.99,41.35,40.72,40.82,23626300,37.85
2010-08-16,40.51,41.09,40.35,40.55,22883300,37.60
2010-08-13,40.45,40.98,40.25,40.45,29466500,37.50
2010-08-12,40.23,40.47,39.95,40.14,52656400,37.22
2010-08-11,42.08,42.15,40.66,40.77,57825900,37.80
2010-08-10,42.85,42.98,42.16,42.33,73334100,39.25
2010-08-09,43.47,43.84,42.43,42.60,200732200,39.50
2010-08-06,45.97,46.32,41.85,41.85,29283300,38.80
2010-08-05,46.69,46.69,46.02,46.35,13485900,42.97
2010-08-04,47.42,47.70,46.65,46.77,15744000,43.36
2010-08-03,47.46,47.64,47.08,47.36,9653000,43.91
2010-08-02,46.59,47.80,46.40,47.56,12805300,44.09
2010-07-30,45.98,46.62,45.71,46.04,12607100,42.69
2010-07-29,47.61,47.67,46.32,46.41,17447400,43.03
2010-07-28,47.33,47.70,46.93,47.13,11206500,43.70
2010-07-27,47.11,47.83,46.78,47.57,16484900,44.10
2010-07-26,46.10,46.58,46.02,46.57,16206900,43.18
2010-07-23,45.98,46.44,45.72,46.15,18934100,42.79
2010-07-22,45.83,46.16,45.73,46.07,17152800,42.71
2010-07-21,46.61,46.75,45.27,45.48,17718800,42.17
2010-07-20,45.80,46.67,45.58,46.61,15880900,43.21
2010-07-19,46.40,46.95,46.13,46.68,10611700,43.28
2010-07-16,47.11,47.39,46.10,46.20,13366600,42.83
2010-07-15,47.22,47.53,46.65,47.42,11970000,43.97
2010-07-14,47.06,47.97,47.02,47.34,13782800,43.89
2010-07-13,46.13,47.02,45.91,46.77,14506600,43.36
2010-07-12,45.02,45.78,45.02,45.68,10529700,42.35
2010-07-09,45.44,45.50,44.99,45.25,12749600,41.95
2010-07-08,45.42,45.59,44.89,45.48,13221700,42.17
2010-07-07,43.23,45.06,43.15,44.96,18318100,41.68
2010-07-06,43.37,44.07,42.79,43.17,17190500,40.02
2010-07-02,42.99,43.16,42.31,42.81,16739800,39.69
2010-07-01,43.15,43.55,42.42,42.89,21393300,39.77
2010-06-30,44.23,44.23,43.13,43.28,23706800,40.13
2010-06-29,45.35,45.68,44.02,44.30,22155100,41.07
2010-06-28,45.89,46.46,45.61,46.07,13095900,42.71
2010-06-25,45.78,46.38,45.35,45.92,24021700,42.57
2010-06-24,46.55,46.79,45.76,45.89,15087700,42.55
2010-06-23,46.85,47.40,46.50,46.89,12815500,43.47
2010-06-22,47.52,48.00,46.70,46.77,13248400,43.36
2010-06-21,48.37,48.50,47.21,47.51,12684600,44.05
2010-06-18,48.25,48.62,47.94,47.98,18863700,44.48
2010-06-17,48.19,48.42,47.19,48.24,16343600,44.73
2010-06-16,47.67,48.17,47.18,48.01,18115800,44.51
2010-06-15,47.11,48.07,47.02,47.98,15805000,44.48
2010-06-14,47.87,48.22,46.83,46.88,14370700,43.46
2010-06-11,46.21,47.28,46.12,47.19,11497800,43.68
2010-06-10,46.02,46.62,45.92,46.50,15893600,43.04
2010-06-09,46.06,46.49,45.21,45.41,19080800,42.03
2010-06-08,45.34,45.97,45.03,45.88,19923700,42.47
2010-06-07,46.18,46.45,45.21,45.24,15493200,41.87
2010-06-04,46.69,47.10,45.79,46.05,18693900,42.62
2010-06-03,47.45,47.72,47.07,47.48,16838600,43.95
2010-06-02,46.16,47.34,46.00,47.27,24743300,43.75
2010-06-01,45.85,46.57,45.50,45.58,17767000,42.19
2010-05-28,47.06,47.07,45.76,46.01,19135700,42.59
2010-05-27,46.37,47.09,46.35,46.94,17939000,43.45
2010-05-26,46.26,46.75,45.59,45.72,21561200,42.32
2010-05-25,44.54,45.90,44.17,45.85,22717300,42.44
2010-05-24,46.28,46.98,45.64,45.69,18076200,42.29
2010-05-21,44.96,46.81,44.80,46.58,27823600,43.11
2010-05-20,45.84,46.76,45.11,45.95,33166400,42.53
2010-05-19,47.91,48.15,46.34,47.00,32335600,43.50
2010-05-18,48.25,48.28,46.66,46.79,21436600,43.31
2010-05-17,47.45,47.69,46.64,47.52,16969100,43.98
2010-05-14,48.15,48.20,46.59,47.43,25958500,43.90
2010-05-13,49.54,50.00,48.61,48.72,15446900,45.09
2010-05-12,48.69,49.86,48.62,49.56,17683300,45.87
2010-05-11,48.58,49.47,48.22,48.42,17317300,44.82
2010-05-10,49.02,50.33,48.80,49.10,23499100,45.45
2010-05-07,48.10,48.30,45.61,46.73,38629900,43.25
2010-05-06,50.53,51.99,41.94,48.33,37934200,44.73
2010-05-05,50.30,51.12,50.05,50.93,14031200,47.14
2010-05-04,52.20,52.25,50.30,50.64,19987800,46.87
2010-05-03,52.04,52.95,51.99,52.71,11668000,48.79
2010-04-30,53.00,53.38,51.92,51.97,15731900,48.10
2010-04-29,52.61,53.00,52.55,52.88,19525000,48.94
2010-04-28,53.11,53.54,53.10,53.28,16102800,49.31
2010-04-27,54.02,54.25,53.11,53.25,14552100,49.29
2010-04-26,53.93,54.60,53.82,54.26,12098200,50.22
2010-04-23,53.36,53.91,53.03,53.90,9783900,49.89
2010-04-22,53.32,53.52,52.51,53.31,12391400,49.34
2010-04-21,53.38,54.03,53.25,53.70,11586300,49.70
2010-04-20,53.85,53.99,53.36,53.56,12251900,49.57
2010-04-19,53.45,53.73,53.04,53.64,10731100,49.65
2010-04-16,54.05,54.75,53.53,53.75,15625300,49.75
2010-04-15,54.20,54.31,53.55,54.23,14139000,50.19
2010-04-14,54.02,54.64,53.95,54.52,12032600,50.46
2010-04-13,53.89,53.98,53.56,53.78,8111700,49.78
2010-04-12,53.79,54.00,53.77,53.88,8454300,49.87
2010-04-09,53.64,53.87,53.40,53.87,7481600,49.86
2010-04-08,53.17,53.75,52.77,53.63,9006800,49.64
2010-04-07,53.74,53.84,52.96,53.29,12076700,49.32
2010-04-06,53.68,53.97,53.36,53.86,9684500,49.85
2010-04-05,53.28,53.95,53.19,53.87,9881300,49.86
2010-04-01,53.39,53.75,52.93,53.24,10684000,49.28
2010-03-31,52.89,53.39,52.82,53.15,12855800,49.19
2010-03-30,52.93,53.37,52.93,53.26,10143200,49.30
2010-03-29,53.42,53.63,52.90,52.97,10234900,49.03
2010-03-26,53.58,53.69,53.24,53.42,14226300,49.44
2010-03-25,53.34,53.79,53.17,53.50,16817600,49.52
2010-03-24,52.97,53.22,52.79,53.06,15121500,49.11
2010-03-23,53.01,53.16,52.71,53.15,9652500,49.19
2010-03-22,52.13,53.04,52.13,52.95,15691200,49.01
2010-03-19,52.49,52.95,52.21,52.49,20920300,48.58
2010-03-18,52.22,52.83,52.11,52.73,14129400,48.81
2010-03-17,52.41,52.75,52.18,52.23,14205100,48.34
2010-03-16,52.30,52.46,52.09,52.35,11306000,48.45
2010-03-15,52.16,52.43,51.91,52.42,10277500,48.52
2010-03-12,52.07,52.43,51.82,52.36,11758600,48.39
2010-03-11,51.74,52.03,51.38,52.02,9569300,48.07
2010-03-10,51.86,52.09,51.61,51.78,11688500,47.85
2010-03-09,51.58,52.23,51.47,51.88,10230600,47.95
2010-03-08,51.65,51.98,51.58,51.73,12883800,47.81
2010-03-05,51.72,52.25,51.66,52.03,15449200,48.08
2010-03-04,51.13,51.57,51.04,51.51,8079600,47.60
2010-03-03,51.11,51.35,51.00,51.10,11453000,47.22
2010-03-02,51.56,51.74,50.93,51.12,15013100,47.24
2010-03-01,50.68,51.66,50.68,51.54,14150300,47.63
2010-02-26,50.92,50.99,50.61,50.79,11018200,46.94
2010-02-25,50.20,50.96,49.93,50.92,12835200,47.06
2010-02-24,50.04,51.00,50.02,50.79,15016000,46.94
2010-02-23,50.37,50.74,49.98,50.12,12059500,46.32
2010-02-22,50.71,50.89,50.26,50.56,12437700,46.73
2010-02-19,50.42,51.00,50.20,50.79,16660300,46.94
2010-02-18,50.38,50.96,49.87,50.81,23476900,46.96
2010-02-17,49.77,50.25,49.70,50.12,23481300,46.32
2010-02-16,48.94,49.60,48.79,49.44,14687300,45.69
2010-02-12,48.33,48.61,47.62,48.46,15767900,44.78
2010-02-11,48.00,48.85,47.82,48.62,12855400,44.93
2010-02-10,48.53,48.72,47.75,48.02,13873000,44.38
2010-02-09,48.10,48.84,47.86,48.12,17622000,44.47
2010-02-08,47.15,48.13,47.05,47.59,17616400,43.98
2010-02-05,46.91,47.49,46.46,47.32,19731300,43.73
2010-02-04,48.19,48.72,46.98,47.03,21654100,43.46
2010-02-03,48.47,48.89,48.26,48.73,11359200,45.03
2010-02-02,48.30,48.82,47.98,48.59,17463100,44.90
2010-02-01,47.37,47.90,47.20,47.83,15741200,44.20
2010-01-29,48.37,48.45,46.80,47.07,23487500,43.50
2010-01-28,49.40,49.43,47.51,47.79,26561700,44.17
2010-01-27,49.77,49.77,48.51,49.45,18009000,45.70
2010-01-26,50.10,50.50,49.58,49.74,15729400,45.97
2010-01-25,49.55,50.42,49.41,50.06,13477400,46.26
2010-01-22,51.01,51.20,49.25,49.29,20254400,45.55
2010-01-21,52.41,52.47,50.89,51.29,18486100,47.40
2010-01-20,52.26,52.43,51.49,52.21,13900700,48.25
2010-01-19,52.10,52.79,52.10,52.75,11377200,48.75
2010-01-15,52.59,52.85,52.06,52.47,13355300,48.49
2010-01-14,52.23,52.94,52.13,52.51,16114300,48.53
2010-01-13,52.20,52.41,51.65,52.22,11788300,48.26
2010-01-12,52.03,52.56,51.79,51.97,12331400,48.03
2010-01-11,52.58,52.72,51.94,52.43,10143400,48.45
2010-01-08,52.10,52.64,52.03,52.59,10239900,48.60
2010-01-07,52.19,52.59,52.00,52.20,10221300,48.24
2010-01-06,52.53,52.73,52.05,52.18,11746600,48.22
2010-01-05,52.14,52.74,52.10,52.67,13092900,48.68
2010-01-04,51.54,52.50,51.32,52.45,12696400,48.47
2009-12-31,52.82,52.95,51.47,51.51,13856900,47.60
2009-12-30,52.28,52.93,52.28,52.93,6646000,48.92
2009-12-29,52.62,52.83,52.53,52.57,6965700,48.58
2009-12-28,52.88,52.88,52.45,52.76,11146800,48.76
2009-12-24,52.26,52.94,52.16,52.87,4161800,48.86
2009-12-23,52.47,52.50,52.02,52.49,8059600,48.51
2009-12-22,51.94,52.61,51.90,52.46,12190400,48.48
2009-12-21,51.49,52.26,51.45,51.99,15832200,48.05
2009-12-18,50.90,51.61,50.70,51.50,21455100,47.59
2009-12-17,50.94,51.09,50.26,50.56,14025000,46.73
2009-12-16,50.90,51.54,50.89,51.36,15634600,47.46
2009-12-15,50.52,51.25,50.33,50.99,18517500,47.12
2009-12-14,49.95,50.76,49.93,50.68,12476300,46.84
2009-12-11,50.09,50.21,49.89,50.05,11834300,46.18
2009-12-10,49.97,50.23,49.79,50.14,18760400,46.26
2009-12-09,49.03,50.00,48.81,49.95,17533700,46.09
2009-12-08,49.08,49.15,48.82,48.94,11578300,45.16
2009-12-07,49.48,49.88,49.15,49.21,13037400,45.41
2009-12-04,49.12,49.90,49.10,49.79,18895500,45.94
2009-12-03,49.23,49.42,48.88,48.96,15758000,45.17
2009-12-02,49.37,49.60,48.90,48.98,14756400,45.19
2009-12-01,49.39,49.80,49.35,49.59,18310800,45.76
2009-11-30,48.97,49.31,48.81,49.06,16359200,45.27
2009-11-27,48.94,49.37,48.60,49.07,9949000,45.28
2009-11-25,50.34,50.35,49.96,50.05,12745600,46.18
2009-11-24,50.60,51.02,49.84,50.19,17269400,46.31
2009-11-23,50.43,51.03,50.35,51.02,15775600,47.08
2009-11-20,49.58,50.27,49.51,50.04,14384600,46.17
2009-11-19,50.19,50.35,49.32,49.82,15077200,45.97
2009-11-18,51.03,51.05,50.27,50.48,16524000,46.58
2009-11-17,50.36,51.43,50.25,51.32,15815200,47.35
2009-11-16,49.89,50.88,49.86,50.81,20617900,46.88
2009-11-13,49.71,49.95,49.40,49.91,13856800,46.05
2009-11-12,49.65,49.96,49.53,49.70,21985500,45.86
2009-11-11,49.82,50.00,49.71,50.00,14234400,46.13
2009-11-10,49.81,49.97,49.65,49.96,10614300,46.10
2009-11-09,49.07,50.00,48.82,49.99,15565300,46.12
2009-11-06,48.68,49.16,48.52,49.16,10808000,45.36
2009-11-05,48.37,48.89,48.01,48.85,11384600,45.07
2009-11-04,47.96,48.64,47.69,47.76,15569300,44.07
2009-11-03,47.79,48.00,47.30,47.51,14733900,43.84
2009-11-02,47.43,48.28,47.16,48.16,15416000,44.44
2009-10-30,48.23,48.67,47.28,47.46,16730700,43.79
2009-10-29,46.99,48.39,46.99,48.35,15560200,44.61
2009-10-28,47.19,47.56,46.85,46.93,11803900,43.30
2009-10-27,47.73,48.00,47.12,47.30,10075900,43.64
2009-10-26,48.47,48.90,47.57,47.86,11216400,44.16
2009-10-23,49.08,49.20,48.25,48.56,13551800,44.81
2009-10-22,48.07,48.49,47.73,48.32,9189500,44.58
2009-10-21,48.60,49.05,48.16,48.22,12381100,44.49
2009-10-20,48.53,48.90,48.35,48.74,12312500,44.97
2009-10-19,48.23,48.54,48.14,48.47,11217100,44.72
2009-10-16,47.83,48.41,47.45,48.37,19489400,44.63
2009-10-15,47.67,48.00,47.63,48.00,11922400,44.29
2009-10-14,47.50,47.98,47.37,47.89,14552700,44.19
2009-10-13,46.76,46.96,46.55,46.69,12530900,43.08
2009-10-12,47.44,47.50,46.85,47.04,8510900,43.40
2009-10-09,46.40,47.48,46.38,47.38,14298900,43.72
2009-10-08,46.89,47.16,46.35,46.46,15004600,42.87
2009-10-07,46.79,46.87,46.26,46.56,10923000,42.96
2009-10-06,46.40,47.10,46.11,47.01,15705400,43.38
2009-10-05,45.48,46.44,45.33,46.07,14598000,42.51
2009-10-02,45.59,45.96,45.20,45.28,18153800,41.78
2009-10-01,47.02,47.32,45.81,45.96,20121200,42.41
2009-09-30,47.26,47.63,46.67,47.21,21393900,43.56
2009-09-29,47.66,47.95,47.26,47.44,19650500,43.77
2009-09-28,46.97,48.00,46.85,47.88,16677000,44.18
2009-09-25,46.41,47.23,46.36,47.02,19978400,43.38
2009-09-24,47.04,47.48,46.51,46.87,13256500,43.25
2009-09-23,46.89,47.86,46.82,46.93,15985900,43.30
2009-09-22,46.95,47.17,46.80,47.01,14332600,43.38
2009-09-21,45.63,46.48,45.51,46.35,11508300,42.77
2009-09-18,45.95,46.50,45.73,46.15,19919300,42.58
2009-09-17,45.54,46.24,45.39,45.71,12168400,42.18
2009-09-16,45.75,45.96,45.43,45.64,13891400,42.11
2009-09-15,45.72,45.85,45.26,45.64,11087900,42.11
2009-09-14,45.33,46.00,45.32,45.70,12915900,42.17
2009-09-11,46.48,46.53,45.87,46.10,12840500,42.46
2009-09-10,45.87,46.50,45.77,46.50,14843100,42.83
2009-09-09,45.29,45.98,45.01,45.98,16482300,42.35
2009-09-08,45.11,45.48,44.98,45.47,10489700,41.88
2009-09-04,44.50,45.15,44.47,45.10,8786200,41.54
2009-09-03,44.32,44.79,44.16,44.45,11230400,40.94
2009-09-02,43.65,44.50,43.60,44.25,16169200,40.76
2009-09-01,44.64,45.10,43.65,43.87,16517100,40.41
2009-08-31,44.11,44.95,43.92,44.89,12862200,41.35
2009-08-28,45.26,45.55,44.58,44.76,19585400,41.23
2009-08-27,44.43,44.88,44.19,44.81,15015100,41.27
2009-08-26,44.58,44.75,44.10,44.48,14264100,40.97
2009-08-25,44.95,45.16,44.50,44.68,18092000,41.15
2009-08-24,44.83,45.12,44.53,44.79,15121600,41.26
2009-08-21,44.20,44.84,43.83,44.78,18934500,41.25
2009-08-20,43.48,44.08,43.41,43.98,12547900,40.51
2009-08-19,42.58,44.00,42.52,43.83,25320200,40.37
2009-08-18,43.32,44.11,42.97,43.96,24618200,40.49
2009-08-17,43.63,43.72,42.89,43.11,12515200,39.71
2009-08-14,44.33,44.47,43.65,44.09,11627700,40.61
2009-08-13,44.21,44.49,43.78,44.35,11571700,40.85
2009-08-12,43.20,44.50,43.17,44.18,13791900,40.69
2009-08-11,43.43,43.70,43.30,43.39,10796200,39.97
2009-08-10,43.37,43.75,43.18,43.67,12179700,40.22
2009-08-07,42.85,43.73,42.47,43.54,19271100,40.10
2009-08-06,43.14,43.39,42.14,42.21,17014200,38.88
2009-08-05,43.41,43.42,42.74,43.26,13490200,39.85
2009-08-04,43.08,43.50,43.00,43.42,14370200,39.99
2009-08-03,43.37,43.60,42.96,43.38,13348200,39.96
2009-07-31,42.55,43.55,42.43,43.30,21089600,39.88
2009-07-30,42.41,43.29,42.38,42.71,19014300,39.34
2009-07-29,41.53,42.24,41.24,42.19,13486100,38.86
2009-07-28,41.68,41.98,41.20,41.98,11605700,38.67
2009-07-27,41.64,41.89,41.15,41.84,10686600,38.54
2009-07-24,41.22,41.78,40.90,41.72,11268500,38.43
2009-07-23,40.66,41.93,40.63,41.64,19042300,38.35
2009-07-22,40.31,41.00,40.29,40.80,14795500,37.58
2009-07-21,40.09,40.58,39.75,40.57,14144200,37.37
2009-07-20,40.16,40.50,39.84,40.43,11944200,37.24
2009-07-17,39.83,40.00,39.64,39.98,14567900,36.82
2009-07-16,38.51,39.89,38.40,39.67,20120200,36.54
2009-07-15,38.00,38.85,37.80,38.82,17475400,35.76
2009-07-14,36.92,37.28,36.67,37.14,13854100,34.21
2009-07-13,37.27,37.42,36.71,37.30,13352200,34.36
2009-07-10,37.21,37.73,36.78,37.24,11391200,34.30
2009-07-09,37.43,37.50,37.00,37.30,9844000,34.36
2009-07-08,36.86,37.41,36.80,37.21,15107400,34.27
2009-07-07,37.61,37.80,36.78,36.84,14073700,33.93
2009-07-06,37.55,38.20,37.41,37.73,12165700,34.75
2009-07-02,38.26,38.68,37.85,37.85,11990500,34.86
2009-07-01,38.80,39.62,38.54,38.68,19494300,35.63
2009-06-30,38.85,39.24,38.35,38.65,16528300,35.60
2009-06-29,37.85,39.03,37.81,38.98,24793100,35.90
2009-06-26,38.11,38.32,37.53,37.61,23012300,34.64
2009-06-25,37.00,38.31,37.00,38.12,15979600,35.11
2009-06-24,37.63,37.96,36.99,37.22,17353200,34.28
2009-06-23,37.96,37.96,37.30,37.36,12621700,34.41
2009-06-22,37.91,38.58,37.55,37.74,19469100,34.76
2009-06-19,37.82,38.45,37.78,38.35,26179100,35.32
2009-06-18,37.40,37.64,36.73,37.55,18118100,34.59
2009-06-17,36.66,37.50,36.61,37.42,16907900,34.47
2009-06-16,37.24,37.33,36.67,36.84,14026300,33.93
2009-06-15,37.32,37.55,36.72,37.08,13021700,34.15
2009-06-12,37.13,37.80,37.05,37.76,13488900,34.78
2009-06-11,36.77,37.73,36.77,37.23,15670600,34.29
2009-06-10,37.13,37.24,36.31,36.79,14162300,33.89
2009-06-09,37.41,37.48,36.65,36.84,15483400,33.93
2009-06-08,36.86,37.63,36.50,37.41,17482900,34.46
2009-06-05,36.46,37.50,36.45,37.35,25955200,34.33
2009-06-04,35.73,36.28,35.48,36.09,18912400,33.17
2009-06-03,35.72,35.85,35.16,35.63,13944200,32.75
2009-06-02,35.96,36.55,35.62,35.84,16568800,32.94
2009-06-01,34.80,36.13,34.70,36.00,17781600,33.09
2009-05-29,34.34,34.86,33.85,34.35,19507200,31.57
2009-05-28,34.35,35.08,34.20,34.70,16603400,31.89
2009-05-27,34.50,35.25,34.25,34.34,16841900,31.56
2009-05-26,33.86,35.07,33.75,34.47,20060800,31.68
2009-05-22,34.32,34.66,33.85,34.14,12004900,31.38
2009-05-21,34.31,34.39,33.55,34.22,25405000,31.45
2009-05-20,35.24,35.50,34.43,34.67,47461600,31.87
2009-05-19,35.97,36.98,35.61,36.58,26129100,33.62
2009-05-18,35.20,35.76,34.62,35.73,17625100,32.84
2009-05-15,34.95,35.65,34.84,35.01,16967100,32.18
2009-05-14,34.41,35.07,34.10,34.93,14713400,32.10
2009-05-13,34.61,34.82,33.93,34.21,14147000,31.44
2009-05-12,35.11,35.24,34.68,34.99,13806200,32.16
2009-05-11,34.04,35.35,34.03,35.03,14206600,32.20
2009-05-08,34.84,34.85,33.40,34.68,23950400,31.87
2009-05-07,36.46,36.46,34.26,34.53,27429400,31.74
2009-05-06,36.67,36.80,35.89,36.33,15412900,33.39
2009-05-05,36.58,36.97,36.46,36.80,12900400,33.82
2009-05-04,36.75,37.24,36.29,37.14,12897200,34.14
2009-05-01,35.95,36.58,35.53,36.52,13118300,33.57
2009-04-30,36.78,37.40,35.72,35.98,19422600,33.07
2009-04-29,35.58,37.00,35.49,36.45,14037900,33.50
2009-04-28,35.08,35.88,34.94,35.42,11026100,32.55
2009-04-27,35.13,36.19,35.06,35.45,14193000,32.58
2009-04-24,34.97,36.00,34.83,35.80,17840500,32.90
2009-04-23,34.75,34.91,33.96,34.76,14732600,31.95
2009-04-22,34.74,35.54,34.60,34.68,15348800,31.87
2009-04-21,34.50,35.50,34.28,35.43,14277400,32.56
2009-04-20,35.36,35.58,34.59,34.68,16221500,31.87
2009-04-17,36.44,36.58,35.29,36.30,21236300,33.36
2009-04-16,35.50,36.87,35.46,36.60,21160100,33.64
2009-04-15,33.79,34.96,33.77,34.85,18670400,32.03
2009-04-14,33.84,34.35,33.75,34.12,13831300,31.36
2009-04-13,33.81,34.80,33.47,34.52,13061500,31.73
2009-04-09,33.90,34.65,33.58,34.43,15876000,31.64
2009-04-08,33.50,33.81,32.63,33.06,14338200,30.39
2009-04-07,33.13,33.57,32.79,33.31,13899700,30.62
2009-04-06,34.02,34.09,32.92,33.76,15919300,31.03
2009-04-03,33.66,34.91,33.66,34.15,20080400,31.39
2009-04-02,33.56,34.92,33.50,33.69,23047500,30.96
2009-04-01,31.36,33.05,30.98,32.88,20937800,30.22
2009-03-31,32.50,32.81,32.02,32.06,19191700,29.47
2009-03-30,32.26,32.40,31.48,32.12,28466900,29.52
2009-03-27,32.80,33.64,32.50,33.33,28459500,30.63
2009-03-26,31.79,33.32,31.59,33.20,35439200,30.51
2009-03-25,30.99,31.50,30.14,31.01,24935600,28.50
2009-03-24,30.90,31.22,30.50,30.62,18391800,28.14
2009-03-23,29.65,31.19,29.29,31.19,26869500,28.67
2009-03-20,29.31,29.99,28.70,28.85,28252500,26.52
2009-03-19,29.51,29.75,28.99,29.10,19193700,26.75
2009-03-18,29.35,29.84,28.34,28.99,32063400,26.64
2009-03-17,29.26,29.79,28.90,29.75,19598300,27.34
2009-03-16,29.64,29.88,28.90,29.02,17665600,26.67
2009-03-13,29.60,30.00,29.13,29.45,23674800,27.07
2009-03-12,28.50,29.45,28.06,29.34,24028700,26.97
2009-03-11,27.87,28.91,27.60,28.61,27939300,26.30
2009-03-10,26.06,27.11,25.59,27.04,35659700,24.85
2009-03-09,26.47,27.03,25.39,25.53,30630800,23.46
2009-03-06,26.19,27.38,25.70,26.98,33506200,24.72
2009-03-05,28.11,28.29,26.81,27.08,30222200,24.82
2009-03-04,28.99,29.18,28.25,28.65,26669000,26.25
2009-03-03,27.71,28.74,27.71,28.17,27308000,25.81
2009-03-02,28.75,29.06,27.90,28.07,27964500,25.72
2009-02-27,29.72,29.96,28.95,29.03,39282200,26.60
2009-02-26,30.37,31.09,30.08,30.24,21253600,27.71
2009-02-25,29.56,30.65,29.20,30.12,28093800,27.60
2009-02-24,29.15,29.93,28.75,29.62,40923600,27.14
2009-02-23,31.29,31.48,29.17,29.28,32503800,26.83
2009-02-20,30.86,31.84,30.69,31.24,26074300,28.63
2009-02-19,32.79,32.92,30.67,31.39,57037500,28.77
2009-02-18,34.61,34.97,33.53,34.08,28653200,31.23
2009-02-17,35.07,35.21,34.32,34.34,20795400,31.47
2009-02-13,35.07,36.24,34.88,35.87,20768400,32.87
2009-02-12,34.26,35.28,33.76,35.24,19712700,32.29
2009-02-11,35.46,35.55,34.55,35.08,17118500,32.15
2009-02-10,35.97,36.69,35.00,35.21,17230800,32.27
2009-02-09,36.45,36.76,36.10,36.33,14082400,33.29
2009-02-06,35.23,37.20,35.05,36.85,23287300,33.77
2009-02-05,35.45,35.47,34.76,35.09,27495800,32.16
2009-02-04,36.05,37.00,35.87,36.03,14535600,33.02
2009-02-03,34.98,36.25,34.43,36.10,14390400,33.08
2009-02-02,34.15,35.29,34.00,34.66,15696000,31.76
2009-01-30,36.13,36.33,34.50,34.75,17359700,31.84
2009-01-29,36.52,37.00,35.82,35.93,14781200,32.93
2009-01-28,36.46,37.72,36.23,37.41,17637100,34.28
2009-01-27,35.83,36.09,35.30,35.89,11866700,32.89
2009-01-26,35.78,35.97,35.04,35.57,17409200,32.60
2009-01-23,34.85,36.68,34.55,35.79,19159000,32.80
2009-01-22,34.42,35.97,34.00,35.49,21280300,32.52
2009-01-21,34.18,35.15,33.44,35.11,18012800,32.17
2009-01-20,34.43,34.68,33.18,33.34,17727900,30.55
2009-01-16,36.20,36.20,34.18,34.77,28837600,31.86
2009-01-15,35.49,36.11,34.96,35.75,23700900,32.76
2009-01-14,35.51,35.80,34.89,35.39,19108100,32.43
2009-01-13,36.50,36.73,35.72,35.83,19802000,32.83
2009-01-12,37.45,37.60,36.52,36.98,14954100,33.89
2009-01-09,37.81,38.22,36.94,37.49,17030400,34.36
2009-01-08,37.70,37.75,36.86,37.64,15503700,34.49
2009-01-07,38.46,38.71,37.25,37.84,24910900,34.68
2009-01-06,37.08,39.53,36.99,39.31,30630300,36.02
2009-01-05,36.80,36.80,36.05,36.33,14538400,33.29
2009-01-02,36.25,36.94,35.46,36.81,14593700,33.73
2008-12-31,36.14,36.96,35.94,36.29,12818400,33.26
2008-12-30,35.74,36.26,35.29,36.19,10774800,33.16
2008-12-29,35.38,35.63,34.97,35.58,10658400,32.60
2008-12-26,34.71,35.12,34.71,34.97,4479200,32.05
2008-12-24,34.52,34.91,34.35,34.68,4526100,31.78
2008-12-23,35.02,35.43,34.36,34.55,10351200,31.66
2008-12-22,35.45,35.46,34.04,34.75,13210700,31.84
2008-12-19,35.30,36.02,34.87,35.40,22116000,32.44
2008-12-18,36.68,36.68,34.69,35.37,18241700,32.41
2008-12-17,36.06,37.19,35.31,36.47,16537900,33.42
2008-12-16,35.33,36.55,34.94,36.32,19480800,33.28
2008-12-15,36.06,36.10,34.41,34.82,15192600,31.91
2008-12-12,34.06,36.10,34.00,35.97,17575400,32.89
2008-12-11,34.34,36.26,34.24,34.78,17167600,31.80
2008-12-10,34.10,35.51,34.10,35.10,14190900,32.09
2008-12-09,34.54,36.07,34.38,34.51,18334800,31.55
2008-12-08,34.40,35.84,33.97,35.23,19889000,32.21
2008-12-05,32.89,34.27,31.82,33.53,21395700,30.66
2008-12-04,34.71,34.99,32.83,33.39,18623600,30.53
2008-12-03,33.28,34.90,33.05,34.82,21810000,31.84
2008-12-02,33.85,34.54,33.08,34.27,21657500,31.33
2008-12-01,34.08,34.82,33.44,33.44,21054100,30.58
2008-11-28,34.83,35.35,34.55,35.28,7392700,32.26
2008-11-26,33.37,35.25,33.02,35.21,22116900,32.19
2008-11-25,35.58,35.62,32.88,33.60,37645100,30.72
2008-11-24,35.10,36.00,33.46,35.70,33560300,32.64
2008-11-21,32.56,34.82,32.31,34.64,38496000,31.67
2008-11-20,32.77,34.45,31.43,31.83,40473300,29.10
2008-11-19,33.20,34.84,32.95,33.03,36215100,30.20
2008-11-18,33.56,33.84,31.75,33.59,67989300,30.71
2008-11-17,29.79,30.60,29.17,29.34,15793300,26.83
2008-11-14,30.72,32.00,30.00,30.46,22114200,27.85
2008-11-13,30.65,31.86,28.23,31.71,38205800,28.99
2008-11-12,32.18,32.64,31.00,31.14,20337400,28.47
2008-11-11,33.57,33.99,32.21,33.25,16084900,30.40
2008-11-10,35.32,35.76,33.56,34.17,15717700,31.24
2008-11-07,33.84,34.99,33.55,34.64,18183300,31.67
2008-11-06,35.17,35.42,33.38,33.64,29660500,30.76
2008-11-05,37.89,37.95,35.97,36.25,22375000,33.14
2008-11-04,39.14,39.14,37.41,38.24,27074500,34.96
2008-11-03,38.05,39.39,38.05,38.61,21727700,35.30
2008-10-31,37.14,39.26,37.14,38.28,28776200,35.00
2008-10-30,36.58,38.28,36.22,37.69,29381400,34.46
2008-10-29,35.02,36.70,34.70,35.40,28062200,32.37
2008-10-28,31.75,35.19,30.78,35.09,27760400,32.08
2008-10-27,31.71,32.76,31.01,31.18,23960900,28.51
2008-10-24,30.25,33.32,30.03,32.44,27563700,29.66
2008-10-23,35.22,35.51,31.75,33.15,37889200,30.31
2008-10-22,37.36,37.36,34.29,35.23,30710600,32.21
2008-10-21,40.21,40.70,37.87,38.05,28026800,34.79
2008-10-20,40.30,41.27,39.10,41.01,21669200,37.50
2008-10-17,39.45,41.30,38.22,39.71,22039500,36.31
2008-10-16,38.63,39.84,37.06,39.66,29118600,36.26
2008-10-15,39.38,40.60,38.35,38.61,28907000,35.30
2008-10-14,42.04,43.00,39.88,40.47,28474000,37.00
2008-10-13,38.50,41.90,37.85,41.40,26877800,37.85
2008-10-10,36.23,40.65,35.50,37.00,49553500,33.83
2008-10-09,40.83,41.12,38.50,38.50,33889200,35.20
2008-10-08,37.76,42.00,37.14,40.00,41282300,36.57
2008-10-07,40.76,41.80,39.59,39.68,27418600,36.28
2008-10-06,42.26,43.00,39.31,40.95,29590000,37.44
2008-10-03,43.09,45.11,42.62,43.00,25477000,39.32
2008-10-02,44.27,44.30,41.95,43.26,28369700,39.55
2008-10-01,46.16,46.72,44.44,44.97,22014500,41.12
2008-09-30,45.23,46.49,44.98,46.24,22336700,42.28
2008-09-29,47.16,47.40,44.28,44.55,28315700,40.73
2008-09-26,46.93,48.58,46.93,47.81,19609000,43.71
2008-09-25,46.66,48.45,46.16,47.70,22161200,43.61
2008-09-24,46.96,47.38,46.12,46.78,20103500,42.77
2008-09-23,47.53,48.46,46.65,46.88,19563400,42.86
2008-09-22,48.70,48.87,46.91,47.16,22123700,43.12
2008-09-19,48.87,49.20,47.71,48.26,30338900,44.13
2008-09-18,46.48,47.69,46.04,47.14,36686300,43.10
2008-09-17,47.61,47.90,45.69,45.75,31982400,41.83
2008-09-16,44.78,49.00,44.04,48.41,53822900,44.26
2008-09-15,45.77,46.58,45.33,45.33,25453700,41.45
2008-09-12,46.75,47.18,46.29,46.97,16820400,42.95
2008-09-11,46.23,47.44,46.16,47.19,25477100,43.15
2008-09-10,46.18,47.12,46.02,46.76,22211600,42.75
2008-09-09,46.51,47.28,46.01,46.01,26105800,42.07
2008-09-08,45.56,45.85,44.84,45.74,18865200,41.82
2008-09-05,44.11,45.14,43.98,44.96,17573800,41.04
2008-09-04,44.99,45.09,44.10,44.46,15677300,40.58
2008-09-03,45.81,46.26,44.54,45.09,19020300,41.15
2008-09-02,47.18,47.79,45.70,46.00,19948600,41.98
2008-08-29,46.75,47.34,46.67,46.92,14066900,42.82
2008-08-28,46.81,47.33,46.56,47.33,13618600,43.20
2008-08-27,46.65,47.22,46.55,46.80,13555500,42.72
2008-08-26,46.70,47.00,46.56,46.86,10123700,42.77
2008-08-25,46.65,47.24,46.51,46.81,12082400,42.72
2008-08-22,46.49,47.22,46.30,47.06,13379400,42.95
2008-08-21,45.70,46.55,45.61,46.45,14401000,42.40
2008-08-20,45.00,46.36,44.80,46.16,33161400,42.13
2008-08-19,44.40,44.40,43.33,43.69,22820200,39.88
2008-08-18,45.67,45.75,43.85,44.60,18084200,40.71
2008-08-15,45.62,45.84,45.12,45.59,12258700,41.61
2008-08-14,45.30,45.76,45.14,45.50,11054300,41.53
2008-08-13,45.79,46.06,45.26,45.61,9043200,41.63
2008-08-12,45.63,45.99,45.08,45.68,8490000,41.69
2008-08-11,45.83,46.33,45.30,45.73,10563300,41.74
2008-08-08,45.34,45.95,44.80,45.82,14763100,41.82
2008-08-07,45.00,45.86,44.60,45.51,12868300,41.54
2008-08-06,44.78,45.48,44.63,45.15,12220400,41.21
2008-08-05,44.15,45.19,43.97,45.00,13316100,41.07
2008-08-04,43.71,44.45,43.64,43.94,9488500,40.10
2008-08-01,44.80,45.00,43.70,43.96,11023200,40.12
2008-07-31,44.85,45.39,44.51,44.80,14555400,40.89
2008-07-30,44.49,45.17,44.25,45.06,16043600,41.13
2008-07-29,43.22,44.50,43.02,44.13,16930900,40.28
2008-07-28,43.47,43.83,42.69,43.00,11017100,39.25
2008-07-25,43.42,44.00,43.05,43.71,11765000,39.89
2008-07-24,44.42,44.42,43.32,43.38,13793200,39.59
2008-07-23,43.41,44.68,43.41,44.28,16321400,40.42
2008-07-22,42.90,43.56,42.63,43.53,15128000,39.73
2008-07-21,43.60,43.70,42.79,43.35,10955800,39.57
2008-07-18,42.99,43.95,42.93,43.42,14163800,39.63
2008-07-17,43.00,43.65,42.30,43.23,18952000,39.46
2008-07-16,41.31,42.45,41.00,42.34,18772500,38.64
2008-07-15,41.07,42.08,40.83,41.65,21884600,38.01
2008-07-14,41.91,42.12,41.07,41.79,16965800,38.14
2008-07-11,41.19,42.04,41.04,41.59,18709800,37.96
2008-07-10,42.39,42.48,41.05,41.45,26563800,37.83
2008-07-09,43.61,43.61,42.14,42.21,16419700,38.53
2008-07-08,43.81,43.94,42.73,43.45,18019900,39.66
2008-07-07,43.61,44.95,43.39,44.00,14851400,40.16
2008-07-03,43.60,43.79,42.66,43.44,13613400,39.65
2008-07-02,44.12,44.45,43.51,43.61,10459500,39.80
2008-07-01,43.54,44.37,43.17,44.00,19226700,40.16
2008-06-30,44.89,45.43,43.85,44.21,15405900,40.35
2008-06-27,44.60,44.83,44.03,44.58,14519900,40.69
2008-06-26,45.25,45.25,44.26,44.67,17606900,40.77
2008-06-25,45.14,46.20,45.14,45.60,11741500,41.62
2008-06-24,45.21,45.47,44.86,45.04,17041800,41.11
2008-06-23,45.87,45.98,45.34,45.51,11068100,41.54
2008-06-20,46.05,46.58,45.14,45.64,20129000,41.66
2008-06-19,46.15,46.94,45.79,46.59,14170900,42.52
2008-06-18,46.82,47.05,46.06,46.59,15720900,42.52
2008-06-17,47.89,48.00,47.09,47.34,12396500,43.21
2008-06-16,47.05,48.03,47.00,47.58,10174600,43.43
2008-06-13,47.14,48.08,47.09,47.45,13987400,43.31
2008-06-12,46.76,47.38,46.68,46.97,11114700,42.87
2008-06-11,47.50,47.52,46.31,46.48,14079800,42.42
2008-06-10,47.20,48.17,47.20,47.57,12597000,43.42
2008-06-09,47.68,47.86,47.18,47.63,10787300,43.47
2008-06-06,48.09,48.45,47.50,47.63,16769900,43.40
2008-06-05,47.12,48.74,46.94,48.51,22721000,44.20
2008-06-04,46.02,47.17,46.02,46.81,13172200,42.65
2008-06-03,46.57,46.97,46.05,46.24,14582400,42.13
2008-06-02,46.86,47.01,45.75,46.25,14588500,42.14
2008-05-30,47.05,47.60,46.92,47.06,17548900,42.88
2008-05-29,46.48,47.09,46.15,46.91,14574800,42.74
2008-05-28,46.00,46.65,45.94,46.52,17901500,42.39
2008-05-27,45.03,45.96,45.01,45.70,15638700,41.64
2008-05-23,44.79,45.15,44.71,44.96,16780500,40.97
2008-05-22,45.21,45.32,44.70,44.90,29273500,40.91
2008-05-21,46.20,46.35,44.40,44.80,34508300,40.82
2008-05-20,46.68,46.83,45.88,46.46,21706600,42.33
2008-05-19,47.32,48.05,46.44,46.71,20828800,42.56
2008-05-16,47.07,47.52,46.31,47.29,24843800,43.09
2008-05-15,45.87,47.07,45.28,46.73,28666700,42.58
2008-05-14,44.92,46.48,44.27,45.64,54999400,41.59
2008-05-13,44.39,45.85,43.27,44.27,141740700,40.34
2008-05-12,49.39,49.97,45.85,46.83,40161400,42.67
2008-05-09,48.85,49.35,48.60,49.13,9611200,44.77
2008-05-08,48.87,49.45,48.46,49.06,10573500,44.70
2008-05-07,48.57,49.87,48.37,48.65,18783600,44.33
2008-05-06,48.24,48.86,47.54,48.64,11557600,44.32
2008-05-05,48.08,48.59,47.80,48.28,8667500,43.99
2008-05-02,48.29,48.52,47.75,48.36,11658900,44.06
2008-05-01,46.35,48.18,46.25,48.03,16566200,43.76
2008-04-30,48.03,48.03,46.11,46.35,16544200,42.23
2008-04-29,47.59,48.03,47.32,47.84,9457900,43.59
2008-04-28,47.45,47.90,47.25,47.59,8117500,43.36
2008-04-25,48.30,48.30,46.77,47.45,12337600,43.24
2008-04-24,48.02,48.95,47.85,48.35,10499500,44.06
2008-04-23,48.18,48.58,47.74,48.02,10494500,43.76
2008-04-22,48.35,48.46,47.72,48.17,9826300,43.89
2008-04-21,47.95,48.53,47.60,48.45,8100200,44.15
2008-04-18,47.82,48.50,47.73,48.18,16738700,43.90
2008-04-17,47.36,47.50,46.72,47.31,9375600,43.11
2008-04-16,46.50,47.24,46.34,47.10,12896500,42.92
2008-04-15,46.04,46.13,45.29,45.82,8554000,41.75
2008-04-14,45.37,46.25,45.22,45.82,8715000,41.75
2008-04-11,46.27,46.35,45.35,45.47,10277000,41.43
2008-04-10,45.90,46.83,45.90,46.57,10847600,42.43
2008-04-09,46.06,46.23,45.26,46.09,11880200,42.00
2008-04-08,45.55,46.20,45.19,46.07,12393200,41.98
2008-04-07,46.45,46.93,45.73,45.92,14112200,41.84
2008-04-04,46.94,47.25,46.19,46.40,12361500,42.28
2008-04-03,46.86,47.27,46.37,46.96,15193200,42.79
2008-04-02,47.55,48.00,46.79,47.23,13089200,43.04
2008-04-01,46.11,47.86,46.11,47.59,17601600,43.36
2008-03-31,46.00,46.60,45.66,45.66,22416800,41.60
2008-03-28,46.95,47.20,45.93,46.09,10184500,42.00
2008-03-27,47.12,47.34,46.43,46.64,12220300,42.50
2008-03-26,48.01,48.24,46.67,47.34,13734200,43.14
2008-03-25,47.85,48.47,47.60,48.26,10464500,43.97
2008-03-24,46.71,48.48,46.29,47.93,16555100,43.67
2008-03-20,46.65,47.34,46.20,46.50,28251800,42.37
2008-03-19,47.50,47.84,46.55,46.59,20735400,42.45
2008-03-18,47.07,47.93,46.81,47.93,15021200,43.67
2008-03-17,44.92,46.98,44.50,46.42,17547300,42.30
2008-03-14,47.34,47.35,45.10,45.92,18353500,41.84
2008-03-13,46.59,47.52,46.09,47.02,15662200,42.84
2008-03-12,47.66,47.99,47.11,47.27,12253300,43.07
2008-03-11,47.67,48.00,46.61,47.92,14533200,43.66
2008-03-10,47.26,47.42,46.61,46.71,11436500,42.56
2008-03-07,47.31,48.17,46.74,47.31,12587400,43.04
2008-03-06,48.02,48.80,47.69,47.78,16083800,43.46
2008-03-05,48.59,48.85,47.80,48.31,12472600,43.94
2008-03-04,47.30,48.52,46.99,48.45,16189900,44.07
2008-03-03,47.62,47.88,47.14,47.60,12177100,43.30
2008-02-29,48.11,48.62,47.61,47.77,14187000,43.45
2008-02-28,48.61,48.80,48.16,48.55,15779600,44.16
2008-02-27,49.00,49.49,48.65,48.94,14493400,44.52
2008-02-26,47.90,49.69,47.64,49.20,20432300,44.75
2008-02-25,47.34,48.33,47.15,48.13,16875500,43.78
2008-02-22,46.93,47.49,46.35,47.40,14143600,43.12
2008-02-21,47.45,47.84,46.54,46.83,19131700,42.60
2008-02-20,45.86,47.73,45.50,47.44,40221500,43.15
2008-02-19,44.41,45.17,43.95,43.95,31877900,39.98
2008-02-15,43.15,44.29,42.81,43.87,18957100,39.91
2008-02-14,43.55,43.62,42.79,43.26,19849800,39.35
2008-02-13,43.12,44.48,43.12,44.05,17493000,40.07
2008-02-12,42.78,43.41,42.33,42.88,19785800,39.01
2008-02-11,42.24,42.63,41.93,42.63,13511600,38.78
2008-02-08,40.74,42.20,40.56,41.88,22501400,38.10
2008-02-07,41.80,41.80,40.16,40.50,48689900,36.84
2008-02-06,43.19,43.45,42.06,42.16,18643100,38.35
2008-02-05,43.95,43.95,42.81,42.98,18168500,39.10
2008-02-04,44.25,44.69,43.86,44.06,12450000,40.08
2008-02-01,43.78,44.45,43.46,44.42,18321400,40.41
2008-01-31,42.94,44.23,42.30,43.72,22126300,39.77
2008-01-30,43.13,44.29,42.85,43.54,19734300,39.61
2008-01-29,44.05,44.05,42.85,43.38,21163000,39.46
2008-01-28,43.75,44.80,43.41,43.80,14204000,39.84
2008-01-25,45.76,45.77,43.60,43.74,21297600,39.79
2008-01-24,43.28,45.18,42.48,44.89,22285100,40.83
2008-01-23,41.60,43.22,39.99,43.19,33860500,39.29
2008-01-22,40.50,43.50,40.50,42.72,32437500,38.86
2008-01-18,43.80,44.29,43.01,43.75,25084700,39.80
2008-01-17,44.45,44.80,42.50,43.00,24407500,39.11
2008-01-16,43.80,45.20,43.64,44.34,27992000,40.33
2008-01-15,45.60,45.74,45.00,45.05,16047600,40.98
2008-01-14,46.67,46.90,45.88,46.13,18880800,41.96
2008-01-11,45.50,45.65,44.85,45.00,18228900,40.93
2008-01-10,44.02,45.95,44.02,45.34,24672500,41.24
2008-01-09,43.12,44.62,42.76,44.44,30606000,40.42
2008-01-08,45.51,46.02,43.02,43.19,42719500,39.29
2008-01-07,47.06,47.15,44.21,45.35,31488200,41.25
2008-01-04,48.80,49.19,46.56,46.87,24721600,42.63
2008-01-03,49.46,49.83,49.08,49.65,10689500,45.16
2008-01-02,50.48,50.98,49.24,49.65,13999200,45.16
