Date,Open,High,Low,Close,Volume,Adj Close
2013-12-31,41.43,41.51,41.02,41.28,605000,41.28
2013-12-30,41.13,41.45,41.05,41.27,646400,41.27
2013-12-27,41.20,41.44,41.08,41.21,276100,41.21
2013-12-26,41.43,41.43,41.14,41.23,289700,41.23
2013-12-24,41.22,41.39,41.09,41.29,274600,41.29
2013-12-23,41.31,41.31,40.91,41.11,671600,41.11
2013-12-20,40.97,41.46,40.87,41.27,1130900,41.27
2013-12-19,41.15,41.32,40.89,41.05,523700,41.05
2013-12-18,40.05,41.26,39.90,41.25,897800,41.25
2013-12-17,40.04,40.18,39.45,40.05,549300,40.05
2013-12-16,40.03,40.35,39.84,40.10,448400,40.10
2013-12-13,40.29,40.41,39.67,39.88,566800,39.88
2013-12-12,40.54,40.56,40.13,40.25,694400,40.25
2013-12-11,41.50,41.50,40.25,40.51,1063300,40.51
2013-12-10,42.10,42.18,41.40,41.49,810800,41.49
2013-12-09,41.67,42.50,41.65,42.19,1164500,42.19
2013-12-06,41.46,41.75,41.32,41.57,1152000,41.57
2013-12-05,39.85,42.43,39.85,41.00,2318900,41.00
2013-12-04,39.51,40.33,39.47,40.21,1128700,40.21
2013-12-03,40.06,40.27,39.63,39.83,928800,39.83
2013-12-02,39.31,40.33,39.31,40.09,1230700,40.09
2013-11-29,39.46,39.60,39.31,39.31,322400,39.31
2013-11-27,39.26,39.53,39.24,39.43,620400,39.43
2013-11-26,39.17,39.50,39.05,39.16,652900,39.16
2013-11-25,39.35,39.48,39.05,39.08,408400,39.08
2013-11-22,38.96,39.35,38.74,39.21,513600,39.21
2013-11-21,39.03,39.12,38.72,38.96,637200,38.96
2013-11-20,38.74,39.08,38.47,38.72,367000,38.72
2013-11-19,38.92,39.00,38.52,38.59,799500,38.59
2013-11-18,39.50,39.50,38.95,39.00,746800,39.00
2013-11-15,39.43,39.54,39.36,39.50,729900,39.50
2013-11-14,39.38,39.50,39.24,39.43,788500,39.43
2013-11-13,38.50,39.37,38.25,39.33,1095100,39.33
2013-11-12,38.42,38.76,38.11,38.74,2460500,38.74
2013-11-11,38.87,38.99,38.30,38.53,1430300,38.53
2013-11-08,39.10,39.32,38.59,38.89,1687100,38.89
2013-11-07,40.70,40.88,39.13,39.21,1454800,39.21
2013-11-06,42.15,42.50,39.02,40.76,2183200,40.76
2013-11-05,40.10,40.24,39.60,40.00,1081700,40.00
2013-11-04,40.26,40.48,40.11,40.21,751300,40.21
2013-11-01,40.61,40.80,40.10,40.21,740400,40.21
2013-10-31,40.49,40.87,39.99,40.52,857900,40.52
2013-10-30,41.20,41.20,40.24,40.43,522400,40.43
2013-10-29,41.48,41.51,40.82,41.10,592500,41.10
2013-10-28,41.33,41.39,41.18,41.27,682300,41.27
2013-10-25,41.07,41.48,40.60,41.37,714600,41.37
2013-10-24,41.35,41.74,40.89,41.16,515300,41.16
2013-10-23,41.36,41.55,41.20,41.30,524100,41.30
2013-10-22,41.73,41.99,41.35,41.60,583300,41.60
2013-10-21,41.54,41.78,41.39,41.65,401400,41.65
2013-10-18,41.95,42.15,41.17,41.62,568200,41.62
2013-10-17,41.47,41.89,41.40,41.79,422200,41.79
2013-10-16,41.23,41.74,41.03,41.54,449800,41.54
2013-10-15,41.00,41.48,40.91,40.91,611300,40.91
2013-10-14,40.50,41.27,40.34,41.20,583600,41.20
2013-10-11,39.99,40.79,39.92,40.78,435800,40.78
2013-10-10,39.38,40.10,39.16,40.07,557000,40.07
2013-10-09,38.71,39.25,38.34,38.99,644100,38.99
2013-10-08,39.10,39.45,38.63,38.65,905000,38.65
2013-10-07,39.22,39.44,38.97,39.10,455400,39.10
2013-10-04,38.60,39.59,38.58,39.54,862800,39.54
2013-10-03,39.24,39.44,38.29,38.62,690300,38.62
2013-10-02,39.39,39.52,39.23,39.42,679900,39.42
2013-10-01,39.24,39.70,39.15,39.67,614000,39.67
2013-09-30,38.67,39.26,38.45,39.22,666000,39.22
2013-09-27,39.04,39.22,38.62,38.90,791800,38.90
2013-09-26,39.31,39.59,39.03,39.16,706700,39.16
2013-09-25,40.19,40.39,39.11,39.15,807100,39.15
2013-09-24,40.63,40.76,40.20,40.22,791400,40.22
2013-09-23,40.99,41.09,40.37,40.71,486300,40.71
2013-09-20,41.08,41.43,41.06,41.17,859500,41.17
2013-09-19,41.00,41.57,40.95,41.07,539200,41.07
2013-09-18,40.29,41.01,40.10,40.92,466600,40.92
2013-09-17,40.39,40.56,40.21,40.36,402100,40.36
2013-09-16,40.00,40.60,39.87,40.26,495600,40.26
2013-09-13,39.64,39.67,39.27,39.62,615600,39.62
2013-09-12,39.41,39.81,39.24,39.46,722700,39.46
2013-09-11,39.80,39.95,39.26,39.46,1116500,39.46
2013-09-10,39.24,40.16,39.24,39.80,1114900,39.80
2013-09-09,38.92,39.29,38.82,39.18,579600,39.18
2013-09-06,39.04,39.18,38.44,38.88,1062400,38.88
2013-09-05,38.60,39.14,38.60,38.99,842200,38.99
2013-09-04,38.53,38.73,38.19,38.68,1328000,38.68
2013-09-03,39.44,39.68,38.15,38.53,1046700,38.53
2013-08-30,39.26,39.35,38.80,39.03,523400,39.03
2013-08-29,38.99,39.45,38.91,39.26,409500,39.26
2013-08-28,39.18,39.42,38.96,39.06,443900,39.06
2013-08-27,39.94,40.14,39.10,39.15,578900,39.15
2013-08-26,40.29,40.55,40.07,40.29,500400,40.29
2013-08-23,40.23,40.36,40.03,40.30,522400,40.30
2013-08-22,39.62,40.30,39.57,40.18,597900,40.18
2013-08-21,39.74,39.89,39.30,39.49,526800,39.49
2013-08-20,40.01,40.53,39.87,39.87,457000,39.87
2013-08-19,40.11,40.37,39.96,40.00,498300,40.00
2013-08-16,40.40,40.48,39.82,40.20,996000,40.20
2013-08-15,39.99,40.65,39.80,40.48,676600,40.48
2013-08-14,40.93,41.00,40.26,40.27,883800,40.27
2013-08-13,41.64,41.70,41.04,41.20,606200,41.20
2013-08-12,40.97,41.57,40.80,41.54,577800,41.54
2013-08-09,41.25,41.37,41.12,41.23,699700,41.23
2013-08-08,41.04,41.30,40.80,41.26,988000,41.26
2013-08-07,41.07,41.44,40.74,40.85,1014300,40.85
2013-08-06,41.40,41.64,40.98,41.17,776700,41.17
2013-08-05,41.39,41.77,41.39,41.50,845400,41.50
2013-08-02,41.71,42.11,41.58,41.61,761400,41.61
2013-08-01,41.05,42.60,41.01,42.03,1470200,42.03
2013-07-31,39.90,41.35,39.31,40.70,2248200,40.70
2013-07-30,39.48,39.88,39.30,39.70,842800,39.70
2013-07-29,39.70,39.90,39.25,39.30,513400,39.30
2013-07-26,39.59,39.93,39.33,39.91,482500,39.91
2013-07-25,39.35,39.92,39.24,39.83,578900,39.83
2013-07-24,39.72,39.93,39.40,39.52,404000,39.52
2013-07-23,39.85,39.93,39.40,39.49,558900,39.49
2013-07-22,39.79,40.00,39.71,39.79,686900,39.79
2013-07-19,39.39,39.82,39.31,39.78,947100,39.78
2013-07-18,39.52,39.75,39.36,39.42,619200,39.42
2013-07-17,39.28,39.71,39.16,39.45,619900,39.45
2013-07-16,39.62,39.72,39.10,39.23,598000,39.23
2013-07-15,39.67,39.80,39.45,39.56,540800,39.56
2013-07-12,39.64,39.83,39.39,39.68,1777900,39.68
2013-07-11,39.89,39.95,39.36,39.61,1282800,39.61
2013-07-10,39.41,39.54,38.95,39.40,2351700,39.40
2013-07-09,38.79,39.48,38.49,39.44,1260600,39.44
2013-07-08,39.02,39.09,38.44,38.47,1245400,38.47
2013-07-05,38.85,39.00,38.24,38.98,660300,38.98
2013-07-03,38.40,38.81,38.13,38.45,583200,38.45
2013-07-02,38.98,39.23,38.33,38.61,1045800,38.61
2013-07-01,38.27,39.38,38.06,39.06,1525200,39.06
2013-06-28,36.19,38.70,36.02,38.31,2825300,38.31
2013-06-27,35.54,36.49,35.49,36.15,1579200,36.15
2013-06-26,34.99,35.67,34.87,35.27,1197500,35.27
2013-06-25,34.91,35.04,34.46,34.69,483700,34.69
2013-06-24,34.53,34.93,34.09,34.57,552700,34.57
2013-06-21,34.76,35.25,34.52,34.79,1305200,34.79
2013-06-20,35.56,35.60,34.31,34.50,1003500,34.50
2013-06-19,36.62,36.62,35.82,35.84,542900,35.84
2013-06-18,36.46,36.60,36.15,36.59,371000,36.59
2013-06-17,36.55,36.73,36.07,36.42,522500,36.42
2013-06-14,36.49,36.70,36.17,36.24,427800,36.24
2013-06-13,35.15,36.56,34.84,36.46,963700,36.46
2013-06-12,36.23,36.35,34.61,35.25,1789100,35.25
2013-06-11,36.02,36.31,35.68,36.08,504000,36.08
2013-06-10,35.91,36.41,35.56,36.39,789700,36.39
2013-06-07,35.17,36.17,35.17,35.83,919500,35.83
2013-06-06,34.55,35.03,34.29,35.03,653600,35.03
2013-06-05,34.36,35.19,34.16,34.49,709700,34.49
2013-06-04,35.23,35.54,34.18,34.45,781900,34.45
2013-06-03,34.79,35.31,34.46,35.29,1240900,35.29
2013-05-31,34.92,35.33,34.68,34.68,1348600,34.68
2013-05-30,34.64,35.24,34.32,35.07,1241000,35.07
2013-05-29,35.09,35.09,34.20,34.69,879400,34.69
2013-05-28,35.35,35.83,35.23,35.30,909900,35.30
2013-05-24,34.97,35.32,34.72,35.08,518600,35.08
2013-05-23,35.12,35.32,34.93,35.18,704900,35.18
2013-05-22,36.00,36.40,35.14,35.40,933100,35.40
2013-05-21,36.01,36.23,35.86,35.92,905000,35.92
2013-05-20,35.73,36.22,35.54,36.03,2059200,36.03
2013-05-17,35.96,36.20,35.45,35.74,1300100,35.74
2013-05-16,34.29,36.02,34.29,35.72,2015400,35.72
2013-05-15,34.25,34.51,34.00,34.43,1027600,34.43
2013-05-14,34.19,34.46,34.02,34.25,1653300,34.25
2013-05-13,34.67,34.70,34.19,34.23,1281700,34.23
2013-05-10,34.52,34.75,34.42,34.62,880200,34.62
2013-05-09,33.52,34.82,33.52,34.55,1585600,34.55
2013-05-08,32.77,33.63,32.73,33.60,1303400,33.60
2013-05-07,32.76,32.87,32.42,32.81,1164400,32.81
2013-05-06,32.94,33.01,32.46,32.66,904600,32.66
2013-05-03,32.18,33.38,32.18,33.02,1411900,33.02
2013-05-02,31.02,32.05,30.96,31.96,1819300,31.96
2013-05-01,33.00,33.12,32.00,32.10,2441500,32.10
2013-04-30,33.44,33.44,32.88,33.12,1596800,33.12
2013-04-29,32.60,33.50,32.40,33.42,1536500,33.42
2013-04-26,32.83,32.92,32.26,32.66,1234300,32.66
2013-04-25,31.79,33.90,31.70,32.93,3901900,32.93
2013-04-24,31.65,31.84,31.45,31.72,861900,31.72
2013-04-23,31.00,31.80,31.00,31.61,835600,31.61
2013-04-22,31.27,31.36,30.95,30.99,727700,30.99
2013-04-19,31.26,31.45,30.86,31.19,1098100,31.19
2013-04-18,31.23,31.45,31.02,31.16,1078400,31.16
2013-04-17,31.43,31.45,30.98,31.29,935800,31.29
2013-04-16,31.46,31.62,31.13,31.57,859200,31.57
2013-04-15,31.55,31.82,31.23,31.32,1160400,31.32
2013-04-12,31.51,31.65,31.34,31.61,985700,31.61
2013-04-11,30.82,31.75,30.80,31.65,1251200,31.65
2013-04-10,30.54,30.86,30.47,30.83,1192900,30.83
2013-04-09,30.67,30.91,30.59,30.59,835200,30.59
2013-04-08,30.66,30.82,30.43,30.57,1080400,30.57
2013-04-05,30.36,30.88,30.19,30.65,1930400,30.65
2013-04-04,30.97,31.20,30.58,30.59,1962000,30.59
2013-04-03,31.59,31.62,30.82,30.91,2655300,30.91
2013-04-02,32.25,32.36,31.49,31.73,1670900,31.73
2013-04-01,32.75,32.80,31.91,32.00,1732300,32.00
2013-03-28,32.57,32.88,32.30,32.83,1122100,32.83
2013-03-27,32.44,32.66,31.99,32.62,1031800,32.62
2013-03-26,32.71,32.95,32.49,32.66,761200,32.66
2013-03-25,32.66,32.79,32.31,32.58,991300,32.58
2013-03-22,32.69,32.80,32.43,32.62,829400,32.62
2013-03-21,32.45,32.88,32.42,32.71,1600100,32.71
2013-03-20,31.95,32.69,31.95,32.67,1756600,32.67
2013-03-19,31.66,31.88,31.48,31.80,896800,31.80
2013-03-18,32.00,32.04,31.39,31.58,2028300,31.58
2013-03-15,31.86,32.52,31.68,32.25,2983000,32.25
2013-03-14,30.83,31.93,30.81,31.74,2041200,31.74
2013-03-13,30.96,30.96,30.59,30.75,1478700,30.75
2013-03-12,30.71,31.02,30.54,31.00,1577700,31.00
2013-03-11,30.05,30.62,29.79,30.59,1412800,30.59
2013-03-08,30.02,30.48,29.63,30.11,2686700,30.11
2013-03-07,29.79,30.00,29.44,29.66,1431000,29.66
2013-03-06,29.25,29.76,29.15,29.74,2441500,29.74
2013-03-05,29.21,29.72,29.07,29.18,2064600,29.18
2013-03-04,29.38,29.86,29.37,29.77,1786100,29.77
2013-03-01,29.23,29.72,29.19,29.45,1595500,29.45
2013-02-28,29.11,29.89,29.11,29.43,2198400,29.43
2013-02-27,28.89,29.10,28.79,29.02,3053300,29.02
2013-02-26,29.17,29.38,28.85,28.96,1452900,28.96
2013-02-25,29.76,30.01,29.11,29.11,1356700,29.11
2013-02-22,29.69,29.95,29.41,29.73,1502000,29.73
2013-02-21,29.67,29.90,29.50,29.72,2910800,29.72
2013-02-20,30.05,30.14,29.79,29.91,3633200,29.91
2013-02-19,29.26,30.18,29.14,30.06,5113300,30.06
2013-02-15,29.94,29.98,28.71,29.13,8440900,29.13
2013-02-14,29.72,31.12,29.51,30.05,11529600,30.05
2013-02-13,34.90,36.86,31.93,32.65,12310700,32.65
2013-02-12,35.41,35.77,34.43,34.95,3479600,34.95
2013-02-11,35.50,35.65,34.93,35.32,3270700,35.32
2013-02-08,34.22,34.65,34.12,34.50,670000,34.50
2013-02-07,34.38,34.54,33.96,34.24,723600,34.24
2013-02-06,34.16,34.52,34.08,34.37,1261100,34.37
2013-02-05,34.35,34.55,34.17,34.19,665600,34.19
2013-02-04,34.45,34.70,34.09,34.14,1189400,34.14
2013-02-01,34.31,34.76,34.19,34.55,1160500,34.55
2013-01-31,34.22,34.34,34.02,34.12,915700,34.12
2013-01-30,34.44,34.77,34.29,34.34,1108000,34.34
2013-01-29,34.31,34.51,34.21,34.39,2712400,34.39
2013-01-28,35.01,35.10,34.03,34.40,1947700,34.40
2013-01-25,35.15,35.19,34.98,35.10,2231800,35.10
2013-01-24,35.38,35.55,34.90,35.00,2813000,35.00
2013-01-23,35.88,36.00,35.20,35.21,1644700,35.21
2013-01-22,34.75,36.01,34.75,35.99,1236000,35.99
2013-01-18,34.97,34.97,34.51,34.91,1484800,34.91
2013-01-17,35.04,35.18,34.83,34.87,1598500,34.87
2013-01-16,34.63,35.40,34.55,34.94,1971800,34.94
2013-01-15,34.22,34.87,34.22,34.74,1247100,34.74
2013-01-14,34.07,34.41,33.86,34.36,1378200,34.36
2013-01-11,34.15,34.19,33.95,34.13,1364100,34.13
2013-01-10,34.16,34.30,33.84,34.05,2162600,34.05
2013-01-09,32.39,34.35,32.34,34.07,2980000,34.07
2013-01-08,32.48,32.56,32.15,32.36,798900,32.36
2013-01-07,32.17,32.61,32.16,32.52,704400,32.52
2013-01-04,32.35,32.54,32.06,32.37,891000,32.37
2013-01-03,31.75,32.41,31.73,32.26,760900,32.26
2013-01-02,31.73,31.79,31.42,31.78,1063700,31.78
2012-12-31,30.62,31.24,30.30,31.24,1119300,31.24
2012-12-28,31.05,31.13,30.66,30.69,557200,30.69
2012-12-27,31.34,31.34,30.77,31.16,777900,31.16
2012-12-26,31.96,31.99,31.27,31.33,1020300,31.33
2012-12-24,32.08,32.28,31.80,31.96,284300,31.96
2012-12-21,32.22,32.46,31.74,32.12,1354500,32.12
2012-12-20,32.06,32.37,31.97,32.30,650300,32.30
2012-12-19,32.19,32.19,31.89,32.06,722900,32.06
2012-12-18,31.98,32.16,31.80,32.13,915100,32.13
2012-12-17,31.84,32.08,31.77,31.89,1199000,31.89
2012-12-14,31.67,32.02,31.66,31.84,804000,31.84
2012-12-13,31.79,32.02,31.69,31.75,1018900,31.75
2012-12-12,32.11,32.29,31.70,31.80,856100,31.80
2012-12-11,31.54,32.06,31.38,32.04,1261400,32.04
2012-12-10,31.51,32.09,31.45,32.03,1164300,32.03
2012-12-07,31.32,31.60,31.10,31.55,1138000,31.55
2012-12-06,31.03,31.31,30.96,31.29,1063100,31.29
2012-12-05,30.91,31.22,30.74,31.02,1462500,31.02
2012-12-04,30.24,30.96,30.15,30.94,2422000,30.94
2012-12-03,29.96,30.23,29.71,30.18,1674700,30.18
2012-11-30,29.82,29.94,29.74,29.80,1687800,29.80
2012-11-29,29.69,29.93,29.54,29.82,1236400,29.82
2012-11-28,29.09,29.67,28.88,29.65,1675600,29.65
2012-11-27,29.04,29.39,28.91,29.20,1435400,29.20
2012-11-26,29.30,29.36,28.99,29.10,1768000,29.10
2012-11-23,29.36,29.44,29.26,29.42,590200,29.42
2012-11-21,29.32,29.42,29.19,29.24,1139500,29.24
2012-11-20,29.43,29.83,29.27,29.36,1138400,29.36
2012-11-19,29.22,29.60,29.20,29.58,1519400,29.58
2012-11-16,28.82,29.00,28.62,28.97,2175700,28.97
2012-11-15,29.26,29.34,28.80,28.89,1598500,28.89
2012-11-14,29.09,29.87,29.09,29.29,1264200,29.29
2012-11-13,29.70,29.89,29.50,29.60,1769700,29.60
2012-11-12,30.00,30.13,29.88,29.89,1226900,29.89
2012-11-09,29.86,30.14,29.62,29.95,2048200,29.95
2012-11-08,31.24,31.37,29.58,29.93,2571100,29.93
2012-11-07,30.33,32.55,30.03,31.37,4538400,31.37
2012-11-06,30.41,30.82,30.41,30.56,4208600,30.56
2012-11-05,30.27,30.83,30.20,30.50,1656200,30.50
2012-11-02,31.23,31.24,30.44,30.45,1276600,30.45
2012-11-01,30.91,31.22,30.82,30.98,1621800,30.98
2012-10-31,30.93,30.93,30.52,30.69,1700100,30.69
2012-10-26,31.18,31.39,30.76,30.96,1101600,30.96
2012-10-25,30.96,31.38,30.95,31.16,1748200,31.16
2012-10-24,30.61,31.00,30.42,30.79,2012700,30.79
2012-10-23,30.96,31.06,30.53,30.54,1055400,30.54
2012-10-22,31.27,31.63,31.07,31.40,1297800,31.40
2012-10-19,32.00,32.14,31.29,31.31,1516800,31.31
2012-10-18,32.62,32.62,32.07,32.09,912900,32.09
2012-10-17,32.52,32.78,32.31,32.62,1561000,32.62
2012-10-16,32.45,32.62,32.24,32.41,1069100,32.41
2012-10-15,32.31,32.49,32.10,32.26,1230000,32.26
2012-10-12,32.68,32.93,32.23,32.27,876600,32.27
2012-10-11,32.82,32.93,32.61,32.61,1227500,32.61
2012-10-10,32.75,32.82,32.45,32.55,850400,32.55
2012-10-09,33.20,33.43,32.71,32.71,1182800,32.71
2012-10-08,33.16,33.56,33.16,33.37,797200,33.37
2012-10-05,33.63,33.66,33.30,33.34,1159400,33.34
2012-10-04,33.88,34.01,33.37,33.50,638500,33.50
2012-10-03,33.74,34.10,33.44,33.80,583100,33.80
2012-10-02,32.87,33.66,32.85,33.65,1121400,33.65
2012-10-01,32.99,33.18,32.43,32.83,938000,32.83
2012-09-28,33.07,33.11,32.27,32.82,1459600,32.82
2012-09-27,33.29,33.48,33.09,33.19,1108700,33.19
2012-09-26,34.05,34.25,33.38,33.43,916200,33.43
2012-09-25,34.34,34.36,34.01,34.15,1144900,34.15
2012-09-24,34.54,34.65,34.10,34.24,683700,34.24
2012-09-21,35.15,35.18,34.61,34.63,1109700,34.63
2012-09-20,35.05,35.41,34.99,35.00,1078000,35.00
2012-09-19,35.37,35.43,35.05,35.11,966100,35.11
2012-09-18,34.76,35.31,34.69,35.30,631500,35.30
2012-09-17,34.68,34.80,34.32,34.71,1120900,34.71
2012-09-14,34.78,35.18,34.41,34.67,713300,34.67
2012-09-13,34.42,35.21,34.25,34.92,695000,34.92
2012-09-12,34.24,34.70,34.24,34.37,516400,34.37
2012-09-11,34.19,34.37,33.84,34.29,545300,34.29
2012-09-10,34.79,35.00,33.92,34.17,1754000,34.17
2012-09-07,34.44,35.00,34.35,34.97,689700,34.97
2012-09-06,34.11,34.87,34.09,34.42,728100,34.42
2012-09-05,33.91,34.47,33.31,34.03,1310700,34.03
2012-09-04,33.56,34.06,33.35,33.99,1097900,33.99
2012-08-31,33.73,34.00,33.46,33.58,705900,33.58
2012-08-30,33.36,33.66,33.10,33.52,688300,33.52
2012-08-29,33.28,33.85,33.01,33.60,818700,33.60
2012-08-28,33.64,34.02,33.23,33.36,1363900,33.36
2012-08-27,33.76,34.09,33.55,33.81,487100,33.81
2012-08-24,33.27,33.95,33.27,33.74,525000,33.74
2012-08-23,33.74,33.89,33.30,33.36,624900,33.36
2012-08-22,33.86,34.03,33.67,33.81,418900,33.81
2012-08-21,34.16,34.55,33.95,34.05,1055500,34.05
2012-08-20,33.94,34.21,33.81,34.11,1176400,34.11
2012-08-17,33.95,34.24,33.89,33.99,1656800,33.99
2012-08-16,33.91,34.21,33.71,33.85,1471500,33.85
2012-08-15,33.84,34.01,33.69,33.88,758500,33.88
2012-08-14,33.86,34.07,33.74,33.82,702100,33.82
2012-08-13,34.02,34.16,33.50,33.74,1155000,33.74
2012-08-10,34.15,34.58,33.96,34.15,1060000,34.15
2012-08-09,34.39,34.79,33.99,34.35,1046400,34.35
2012-08-08,34.71,34.77,34.49,34.59,558700,34.59
2012-08-07,34.65,34.98,34.62,34.80,489000,34.80
2012-08-06,34.60,34.76,34.20,34.60,1137200,34.60
2012-08-03,35.69,35.75,34.45,34.59,1027600,34.59
2012-08-02,35.93,36.03,34.67,35.28,1523200,35.28
2012-08-01,34.81,37.78,33.83,36.39,3757500,36.39
2012-07-31,34.84,35.03,34.56,34.75,790500,34.75
2012-07-30,35.08,35.17,34.38,34.88,809700,34.88
2012-07-27,34.80,35.20,34.56,35.08,1099600,35.08
2012-07-26,34.57,34.78,34.28,34.50,780200,34.50
2012-07-25,33.78,34.17,33.63,34.02,865300,34.02
2012-07-24,34.31,34.48,33.36,33.65,781400,33.65
2012-07-23,35.01,35.01,34.12,34.35,814700,34.35
2012-07-20,36.39,36.40,35.36,35.45,802800,35.45
2012-07-19,36.15,36.70,36.06,36.64,1210200,36.64
2012-07-18,34.32,36.28,34.26,36.17,2400700,36.17
2012-07-17,33.86,34.52,33.68,34.52,576800,34.52
2012-07-16,33.98,34.07,33.68,33.80,784300,33.80
2012-07-13,34.36,35.00,34.02,34.11,979700,34.11
2012-07-12,34.36,34.48,34.03,34.30,697000,34.30
2012-07-11,34.11,34.74,34.11,34.62,797100,34.62
2012-07-10,34.25,34.67,33.92,34.13,710600,34.13
2012-07-09,34.28,34.28,33.83,34.04,955100,34.04
2012-07-06,34.14,34.53,33.79,33.98,788700,33.98
2012-07-05,34.63,34.83,34.39,34.49,829000,34.49
2012-07-03,34.84,34.93,34.65,34.75,679100,34.75
2012-07-02,34.95,35.11,34.45,34.94,998400,34.94
2012-06-29,34.93,35.25,34.72,34.98,1303300,34.98
2012-06-28,33.63,34.26,33.59,34.14,1061900,34.14
2012-06-27,33.15,33.95,33.15,33.86,667300,33.86
2012-06-26,33.22,33.32,32.88,33.23,1100900,33.23
2012-06-25,33.59,33.66,33.11,33.12,915900,33.12
2012-06-22,33.68,34.20,33.24,34.02,2666000,34.02
2012-06-21,34.48,34.52,33.33,33.58,1274900,33.58
2012-06-20,34.34,34.50,34.06,34.49,697400,34.49
2012-06-19,33.95,34.50,33.71,34.40,985200,34.40
2012-06-18,33.44,33.88,33.44,33.72,1098200,33.72
2012-06-15,32.59,33.69,32.47,33.63,1706400,33.63
2012-06-14,32.24,32.52,32.09,32.36,1400000,32.36
2012-06-13,32.20,32.61,32.07,32.20,911200,32.20
2012-06-12,32.45,32.45,31.85,32.31,1011500,32.31
2012-06-11,33.03,33.19,32.39,32.41,772100,32.41
2012-06-08,32.27,32.82,32.06,32.79,1025500,32.79
2012-06-07,32.81,32.98,32.28,32.36,939200,32.36
2012-06-06,32.35,32.58,32.18,32.47,1250900,32.47
2012-06-05,31.96,32.34,31.82,32.11,968400,32.11
2012-06-04,31.43,32.03,31.40,32.00,1880100,32.00
2012-06-01,30.81,31.56,30.81,31.36,1423400,31.36
2012-05-31,31.92,31.94,31.17,31.26,912000,31.26
2012-05-30,32.23,32.26,31.76,31.92,928500,31.92
2012-05-29,32.63,33.13,32.36,32.60,1091600,32.60
2012-05-25,32.23,32.56,31.94,32.38,714400,32.38
2012-05-24,31.81,32.00,31.40,31.98,1147000,31.98
2012-05-23,32.44,32.50,31.45,31.93,1239700,31.93
2012-05-22,32.73,33.12,32.56,32.77,1438700,32.77
2012-05-21,32.04,32.73,31.91,32.65,1439600,32.65
2012-05-18,32.65,32.71,31.73,31.87,1350500,31.87
2012-05-17,32.88,33.11,32.56,32.56,1226600,32.56
2012-05-16,32.94,33.26,32.79,32.85,783900,32.85
2012-05-15,32.69,33.00,32.34,32.71,1202100,32.71
2012-05-14,32.95,33.12,32.54,32.74,1175100,32.74
2012-05-11,33.57,33.66,33.33,33.34,1346900,33.34
2012-05-10,34.17,34.28,33.70,33.77,618900,33.77
2012-05-09,33.62,34.11,33.26,33.90,744100,33.90
2012-05-08,33.82,34.13,33.53,34.10,709400,34.10
2012-05-07,33.89,34.19,33.62,34.15,749000,34.15
2012-05-04,34.22,34.30,33.55,33.88,1324100,33.88
2012-05-03,35.53,35.57,34.36,34.41,1318200,34.41
2012-05-02,35.40,35.80,35.20,35.57,1135300,35.57
2012-05-01,35.03,35.68,34.35,35.50,1764200,35.50
2012-04-30,35.30,35.45,35.10,35.12,1547000,35.12
2012-04-27,35.16,35.76,35.16,35.42,1091100,35.42
2012-04-26,34.95,35.19,34.86,35.12,963000,35.12
2012-04-25,34.77,35.09,34.69,35.02,1667600,35.02
2012-04-24,34.12,34.54,34.11,34.54,885900,34.54
2012-04-23,34.06,34.19,33.83,34.11,935700,34.11
2012-04-20,34.45,34.54,34.25,34.43,1435200,34.43
2012-04-19,34.82,34.91,34.13,34.39,1257100,34.39
2012-04-18,34.79,35.15,34.49,34.83,1125500,34.83
2012-04-17,34.55,35.21,34.52,34.99,1163400,34.99
2012-04-16,34.58,34.64,34.10,34.45,1050300,34.45
2012-04-13,35.06,35.07,34.40,34.46,1001600,34.46
2012-04-12,35.06,35.36,34.97,35.20,917200,35.20
2012-04-11,35.07,35.31,34.91,35.04,1140400,35.04
2012-04-10,35.05,35.05,34.45,34.72,1435600,34.72
2012-04-09,35.40,35.51,34.81,35.15,1729400,35.15
2012-04-05,35.80,36.55,35.80,36.15,820400,36.15
2012-04-04,36.48,36.57,35.93,36.01,1754300,36.01
2012-04-03,37.60,37.70,36.60,36.82,1567300,36.82
2012-04-02,37.27,37.76,37.10,37.60,1237800,37.60
2012-03-30,37.82,38.00,37.24,37.39,1686200,37.39
2012-03-29,37.50,37.71,36.82,37.67,702400,37.67
2012-03-28,38.07,38.36,37.53,37.82,897500,37.82
2012-03-27,38.13,38.49,37.94,38.14,875900,38.14
2012-03-26,37.00,38.07,37.00,38.02,1318800,38.02
2012-03-23,37.00,37.21,36.60,36.70,1274100,36.70
2012-03-22,36.79,37.54,36.45,37.02,1048500,37.02
2012-03-21,37.34,37.44,36.37,37.04,1442200,37.04
2012-03-20,37.16,37.65,37.09,37.33,1751700,37.33
2012-03-19,37.01,37.59,37.00,37.36,1130700,37.36
2012-03-16,36.76,37.36,36.75,37.13,1760600,37.13
2012-03-15,36.84,36.94,36.61,36.81,1306800,36.81
2012-03-14,36.64,36.96,36.50,36.81,1268500,36.81
2012-03-13,35.74,36.71,35.62,36.69,1376000,36.69
2012-03-12,35.96,35.96,35.47,35.59,1085700,35.59
2012-03-09,35.62,36.00,35.18,35.94,1329900,35.94
2012-03-08,34.67,35.46,34.56,35.26,945300,35.26
2012-03-07,33.93,34.53,33.86,34.44,1211800,34.44
2012-03-06,34.16,34.32,33.78,33.94,1257800,33.94
2012-03-05,34.87,35.24,34.32,34.52,1031400,34.52
2012-03-02,35.51,35.67,34.94,34.96,1111600,34.96
2012-03-01,35.66,35.92,34.80,35.51,2517300,35.51
2012-02-29,36.39,36.57,35.58,35.62,1614400,35.62
2012-02-28,36.42,36.67,35.96,36.42,944800,36.42
2012-02-27,35.99,36.46,35.60,36.36,921600,36.36
2012-02-24,36.36,36.46,35.88,36.16,1811900,36.16
2012-02-23,36.33,36.50,35.95,36.36,1127700,36.36
2012-02-22,36.81,36.98,36.18,36.27,1277000,36.27
2012-02-21,37.14,37.44,36.69,36.88,1627600,36.88
2012-02-17,37.74,37.87,36.93,37.15,1906100,37.15
2012-02-16,36.44,37.99,36.28,37.92,3218200,37.92
2012-02-15,36.39,36.82,36.20,36.39,2460300,36.39
2012-02-14,34.39,37.70,34.31,36.30,7222100,36.30
2012-02-13,34.01,34.53,33.76,34.22,1840200,34.22
2012-02-10,33.81,34.08,33.65,33.79,1465100,33.79
2012-02-09,34.70,34.76,33.71,34.11,2281700,34.11
2012-02-08,35.27,35.55,34.42,34.75,2041500,34.75
2012-02-07,35.30,35.49,34.90,35.27,1023100,35.27
2012-02-06,35.14,35.47,35.07,35.47,1221800,35.47
2012-02-03,34.90,35.28,34.74,35.25,1734700,35.25
2012-02-02,34.33,34.76,34.23,34.64,1428500,34.64
2012-02-01,34.63,34.84,34.30,34.50,1639000,34.50
2012-01-31,34.95,35.14,34.28,34.46,1552200,34.46
2012-01-30,34.82,35.12,34.27,34.69,2380500,34.69
2012-01-27,34.82,35.54,34.78,35.23,2021700,35.23
2012-01-26,35.59,35.85,34.93,35.00,1707700,35.00
2012-01-25,34.00,35.68,34.00,35.52,2282000,35.52
2012-01-24,33.95,34.25,33.76,34.04,1105100,34.04
2012-01-23,34.18,34.37,33.87,34.07,1370400,34.07
2012-01-20,33.99,34.24,33.63,34.20,2148700,34.20
2012-01-19,33.05,34.99,32.97,33.93,3311600,33.93
2012-01-18,32.12,33.00,32.03,32.99,1162800,32.99
2012-01-17,31.99,32.66,31.98,32.15,1920200,32.15
2012-01-13,32.08,32.14,30.79,31.51,2268700,31.51
2012-01-12,31.89,32.38,31.31,32.28,2047000,32.28
2012-01-11,30.35,31.98,30.04,31.81,2240300,31.81
2012-01-10,30.21,30.72,29.51,30.35,4250600,30.35
2012-01-09,30.36,30.48,29.80,30.14,1782500,30.14
2012-01-06,30.83,30.98,30.04,30.31,2451200,30.31
2012-01-05,31.07,31.19,30.66,30.90,1615500,30.90
2012-01-04,31.07,31.50,31.00,31.34,1915300,31.34
2012-01-03,30.89,31.52,30.86,31.36,1696400,31.36
2011-12-30,30.51,30.63,30.25,30.37,1080500,30.37
2011-12-29,30.13,30.66,29.92,30.62,1356200,30.62
2011-12-28,30.55,30.68,30.01,30.16,1482200,30.16
2011-12-27,30.88,30.99,30.50,30.54,1056100,30.54
2011-12-23,30.54,31.17,30.48,30.92,2304100,30.92
2011-12-22,29.37,30.52,29.30,30.45,3696400,30.45
2011-12-21,29.12,29.35,28.85,29.28,2195700,29.28
2011-12-20,29.06,29.52,28.94,29.20,3039000,29.20
2011-12-19,28.61,29.20,28.28,28.64,2987900,28.64
2011-12-16,29.09,29.36,28.71,28.92,2727000,28.92
2011-12-15,28.21,28.99,28.10,28.84,2685400,28.84
2011-12-14,27.95,28.21,27.81,28.21,2112000,28.21
2011-12-13,28.10,28.27,27.93,28.07,2883300,28.07
2011-12-12,28.03,28.09,27.62,27.92,1386700,27.92
2011-12-09,27.42,28.31,27.40,28.07,1250700,28.07
2011-12-08,27.77,28.05,27.24,27.29,1726100,27.29
2011-12-07,27.92,28.15,27.57,27.86,1807000,27.86
2011-12-06,27.99,28.41,27.92,28.14,1506000,28.14
2011-12-05,28.11,28.26,27.68,27.92,2088100,27.92
2011-12-02,28.92,29.22,27.31,27.64,4206800,27.64
2011-12-01,28.11,28.63,28.11,28.29,2017200,28.29
2011-11-30,28.06,29.16,27.57,28.19,6627400,28.19
2011-11-29,30.65,30.73,26.92,28.17,6891800,28.17
2011-11-28,30.85,31.52,30.70,30.98,1584700,30.98
2011-11-25,29.99,30.51,29.99,30.07,448900,30.07
2011-11-23,30.32,30.61,30.14,30.18,1267300,30.18
2011-11-22,30.79,31.00,30.51,30.57,2020900,30.57
2011-11-21,30.48,30.96,29.88,30.77,1717500,30.77
2011-11-18,31.10,31.20,30.78,30.90,1230500,30.90
2011-11-17,31.10,31.22,30.46,30.87,1663400,30.87
2011-11-16,31.00,31.72,30.88,30.98,1631600,30.98
2011-11-15,31.21,31.66,30.64,31.26,2132900,31.26
2011-11-14,32.21,32.42,31.16,31.20,1440800,31.20
2011-11-11,31.96,32.49,31.96,32.39,1183000,32.39
2011-11-10,31.77,32.29,31.38,31.63,1597200,31.63
2011-11-09,32.16,32.42,31.28,31.41,2182900,31.41
2011-11-08,32.19,33.05,32.06,32.95,1789500,32.95
2011-11-07,31.17,32.17,30.90,31.98,1810800,31.98
2011-11-04,31.74,31.90,31.03,31.31,1318400,31.31
2011-11-03,31.56,32.20,31.40,31.94,1956000,31.94
2011-11-02,31.50,31.92,31.05,31.46,1808300,31.46
2011-11-01,30.58,31.56,30.40,30.92,2393600,30.92
2011-10-31,31.36,31.84,31.20,31.45,2184400,31.45
2011-10-28,31.05,31.85,30.84,31.71,2019400,31.71
2011-10-27,31.29,32.23,30.27,31.18,3014300,31.18
2011-10-26,30.72,30.72,29.01,29.97,5181400,29.97
2011-10-25,30.33,30.89,30.05,30.32,3050000,30.32
2011-10-24,29.40,30.65,29.40,30.65,2580900,30.65
2011-10-21,28.95,29.50,28.77,29.39,2768700,29.39
2011-10-20,29.60,29.71,28.04,28.67,5814800,28.67
2011-10-19,29.40,30.38,28.91,29.64,7391100,29.64
2011-10-18,30.52,30.74,29.03,29.51,21477700,29.51
2011-10-17,37.81,38.00,37.27,37.36,815800,37.36
2011-10-14,38.32,38.59,37.71,38.07,1331800,38.07
2011-10-13,38.51,38.51,37.87,38.02,949100,38.02
2011-10-12,38.71,39.30,38.54,38.76,1004800,38.76
2011-10-11,38.30,38.94,38.22,38.40,901700,38.40
2011-10-10,38.13,38.80,37.95,38.60,1098500,38.60
2011-10-07,37.92,38.24,37.19,37.26,1105100,37.26
2011-10-06,37.07,38.00,36.83,37.75,1133600,37.75
2011-10-05,36.54,37.22,36.23,37.19,1841500,37.19
2011-10-04,35.23,36.76,34.85,36.72,1900000,36.72
2011-10-03,36.70,36.70,35.74,35.76,1925100,35.76
2011-09-30,37.33,37.63,36.98,37.00,1372200,37.00
2011-09-29,38.20,38.20,36.99,37.67,1432900,37.67
2011-09-28,38.30,38.44,37.58,37.64,2216300,37.64
2011-09-27,38.04,39.30,37.83,38.41,1961400,38.41
2011-09-26,37.56,37.74,36.50,37.26,1559700,37.26
2011-09-23,34.48,37.45,34.18,37.41,3028800,37.41
2011-09-22,35.32,35.86,34.36,34.44,2597200,34.44
2011-09-21,37.91,38.04,36.10,36.14,1698300,36.14
2011-09-20,38.56,38.91,37.81,37.86,2225300,37.86
2011-09-19,38.93,39.47,38.27,38.50,1516900,38.50
2011-09-16,39.87,40.17,39.22,39.45,2801900,39.45
2011-09-15,40.02,40.10,39.23,39.53,1713900,39.53
2011-09-14,39.76,40.07,39.10,39.65,2165000,39.65
2011-09-13,40.16,40.56,39.37,39.51,2402200,39.51
2011-09-12,40.90,40.93,40.08,40.59,1487100,40.59
2011-09-09,42.79,42.90,41.05,41.23,2032900,41.23
2011-09-08,44.69,44.91,42.97,43.32,2746400,43.32
2011-09-07,44.52,46.29,44.31,45.61,2327300,45.61
2011-09-06,43.26,44.29,43.20,44.23,1150700,44.23
2011-09-02,45.32,45.73,44.46,44.61,1032500,44.61
2011-09-01,46.15,47.12,46.15,46.29,927100,46.29
2011-08-31,46.07,46.54,45.77,46.20,803300,46.20
2011-08-30,45.70,46.15,45.24,45.96,610300,45.96
2011-08-29,44.87,45.78,44.74,45.76,697000,45.76
2011-08-26,43.62,44.80,42.68,44.50,676100,44.50
2011-08-25,44.88,45.18,43.33,43.84,748400,43.84
2011-08-24,44.41,44.86,43.77,44.75,1178300,44.75
2011-08-23,43.03,44.55,42.83,44.55,973200,44.55
2011-08-22,43.48,43.77,42.76,42.85,900600,42.85
2011-08-19,42.44,43.52,42.34,42.68,882300,42.68
2011-08-18,43.70,43.98,42.52,42.93,1146600,42.93
2011-08-17,45.84,46.53,44.68,44.84,1038600,44.84
2011-08-16,44.96,45.02,44.25,44.53,959100,44.53
2011-08-15,45.11,45.41,44.73,45.37,749200,45.37
2011-08-12,44.90,45.09,44.23,44.67,1019700,44.67
2011-08-11,42.95,45.06,42.83,44.56,1151300,44.56
2011-08-10,44.74,44.78,42.67,42.80,1838400,42.80
2011-08-09,44.77,45.39,43.19,45.33,1877700,45.33
2011-08-08,46.66,47.27,44.40,44.40,1853600,44.40
2011-08-05,47.49,48.70,46.40,47.58,2301500,47.58
2011-08-04,48.14,48.64,47.06,47.10,2142400,47.10
2011-08-03,47.70,49.09,47.39,48.69,2324800,48.69
2011-08-02,49.51,49.67,47.77,47.82,2442800,47.82
2011-08-01,51.43,51.43,49.37,49.68,1501500,49.68
2011-07-29,51.36,51.53,50.91,51.12,1249900,51.12
2011-07-28,52.29,52.56,51.50,51.59,1294400,51.59
2011-07-27,52.03,53.33,50.53,52.40,3978200,52.40
2011-07-26,52.68,52.77,52.04,52.10,1183500,52.10
2011-07-25,52.55,52.73,52.16,52.55,1098100,52.55
2011-07-22,53.57,53.78,52.82,52.85,1032800,52.85
2011-07-21,52.93,53.92,52.75,53.61,842200,53.61
2011-07-20,53.26,53.27,52.38,52.58,1114900,52.58
2011-07-19,52.94,53.34,52.83,53.30,568200,53.30
2011-07-18,53.14,53.15,52.36,52.71,880500,52.71
2011-07-15,52.82,53.47,52.12,53.46,1817700,53.46
2011-07-14,53.29,53.30,52.58,52.68,1064700,52.68
2011-07-13,53.26,53.85,52.93,52.97,1408100,52.97
2011-07-12,52.92,53.70,52.92,53.12,1259000,53.12
2011-07-11,53.24,53.91,52.94,53.07,1187600,53.07
2011-07-08,53.85,53.91,53.30,53.69,1740200,53.69
2011-07-07,54.21,54.38,54.06,54.22,1128200,54.22
2011-07-06,54.14,54.25,53.84,53.96,1288200,53.96
2011-07-05,55.45,55.45,53.52,54.13,3199100,54.13
2011-07-01,56.86,57.12,54.75,55.67,3788800,55.67
2011-06-30,56.43,57.00,56.31,56.66,878000,56.66
2011-06-29,56.39,56.43,55.92,56.27,979900,56.27
2011-06-28,55.48,56.32,55.46,56.24,1046200,56.24
2011-06-27,54.88,56.03,54.72,55.43,1499300,55.43
2011-06-24,55.19,55.19,54.46,54.76,1344100,54.76
2011-06-23,54.83,55.34,54.34,55.19,1618200,55.19
2011-06-22,55.25,55.50,55.01,55.21,1192200,55.21
2011-06-21,54.98,55.61,54.84,55.50,1089200,55.50
2011-06-20,54.04,54.97,54.04,54.84,931000,54.84
2011-06-17,54.44,54.84,53.86,54.12,1341000,54.12
2011-06-16,53.72,54.21,53.70,54.14,846000,54.14
2011-06-15,53.56,54.13,53.42,53.81,918700,53.81
2011-06-14,54.42,54.63,54.07,54.14,970000,54.14
2011-06-13,54.13,54.44,53.98,54.11,620900,54.11
2011-06-10,54.50,54.61,53.99,54.03,1194600,54.03
2011-06-09,53.83,54.77,53.70,54.69,1185700,54.69
2011-06-08,54.07,54.07,53.53,53.74,1494400,53.74
2011-06-07,54.05,54.44,53.80,54.25,2510200,54.25
2011-06-06,53.81,53.91,53.62,53.90,1319000,53.90
2011-06-03,53.75,54.02,53.66,53.90,1035700,53.90
2011-06-02,54.89,54.89,54.13,54.30,1716000,54.30
2011-06-01,55.26,55.75,54.83,54.89,994000,54.89
2011-05-31,55.53,55.61,55.00,55.29,1037400,55.29
2011-05-27,54.81,55.09,54.73,55.02,760300,55.02
2011-05-26,54.17,54.74,54.04,54.66,895900,54.66
2011-05-25,53.86,54.43,53.86,54.21,948200,54.21
2011-05-24,54.07,54.49,53.74,54.06,2114100,54.06
2011-05-23,54.54,54.67,53.90,53.98,1901100,53.98
2011-05-20,54.59,55.25,54.33,55.04,1821000,55.04
2011-05-19,55.17,55.32,54.44,54.54,964000,54.54
2011-05-18,54.50,55.42,54.33,55.08,985400,55.08
2011-05-17,54.96,54.96,54.26,54.58,1285900,54.58
2011-05-16,55.46,55.61,54.90,54.97,1406900,54.97
2011-05-13,56.23,56.57,55.42,55.49,1541700,55.49
2011-05-12,55.94,56.43,55.74,56.18,1200000,56.18
2011-05-11,56.38,56.54,55.74,55.94,1273100,55.94
2011-05-10,56.90,57.13,56.29,56.94,592600,56.94
2011-05-09,56.46,56.88,56.13,56.77,765200,56.77
2011-05-06,56.53,56.74,56.24,56.50,1120700,56.50
2011-05-05,55.51,56.43,55.51,55.93,1002700,55.93
2011-05-04,56.45,56.62,55.41,55.86,1645200,55.86
2011-05-03,56.85,57.19,56.61,56.92,880100,56.92
2011-05-02,57.00,57.25,56.79,57.00,1197300,57.00
2011-04-29,56.97,57.02,56.50,56.73,1680800,56.73
2011-04-28,56.99,57.20,56.82,57.02,1411400,57.02
2011-04-27,56.51,57.12,56.01,57.07,1941600,57.07
2011-04-26,58.88,59.20,56.28,57.35,3600000,57.35
2011-04-25,57.42,58.16,57.22,58.13,983400,58.13
2011-04-21,57.38,57.80,57.13,57.78,1215300,57.78
2011-04-20,57.07,57.80,56.87,57.32,880200,57.32
2011-04-19,56.08,56.67,56.03,56.49,818400,56.49
2011-04-18,55.44,56.16,54.66,55.97,1329300,55.97
2011-04-15,55.78,56.18,55.70,56.00,1818800,56.00
2011-04-14,56.32,56.34,55.62,55.72,1304900,55.72
2011-04-13,56.19,56.72,56.10,56.58,1203800,56.58
2011-04-12,55.73,56.36,55.69,56.16,893200,56.16
2011-04-11,55.90,56.23,55.71,55.85,684800,55.85
2011-04-08,56.49,56.60,55.65,55.74,667100,55.74
2011-04-07,55.87,56.57,55.75,56.32,779700,56.32
2011-04-06,56.68,56.75,55.95,56.04,928400,56.04
2011-04-05,56.17,57.02,56.03,56.55,1229800,56.55
2011-04-04,56.16,56.78,56.16,56.30,1526100,56.30
2011-04-01,55.50,56.17,55.05,56.17,1448100,56.17
2011-03-31,55.06,55.89,54.69,55.20,2386100,55.20
2011-03-30,54.82,55.37,54.45,55.05,1318400,55.05
2011-03-29,54.02,54.59,53.94,54.53,1054700,54.53
2011-03-28,54.14,54.72,53.89,54.01,1282100,54.01
2011-03-25,54.05,54.49,53.72,54.01,1128800,54.01
2011-03-24,52.96,54.51,52.70,54.01,2484700,54.01
2011-03-23,51.77,52.97,51.40,52.85,1955700,52.85
2011-03-22,52.26,52.62,51.56,51.93,956800,51.93
2011-03-21,52.25,52.79,51.94,52.15,1815300,52.15
2011-03-18,52.64,52.83,51.42,51.79,1813700,51.79
2011-03-17,52.46,53.31,51.85,52.02,1432100,52.02
2011-03-16,52.79,52.87,51.75,51.88,1066400,51.88
2011-03-15,53.47,53.48,52.71,53.00,1339400,53.00
2011-03-14,54.71,55.09,54.17,54.26,1163500,54.26
2011-03-11,54.47,55.15,54.43,54.96,1750800,54.96
2011-03-10,54.26,55.51,53.92,54.93,2641000,54.93
2011-03-09,53.66,56.00,53.55,54.57,5050900,54.57
2011-03-08,53.50,54.79,53.37,53.63,2845200,53.63
2011-03-07,53.94,54.14,53.06,53.32,1399000,53.32
2011-03-04,53.96,54.24,53.63,54.14,1234700,54.14
2011-03-03,53.33,54.07,53.16,54.03,1293500,54.03
2011-03-02,52.00,53.15,51.99,53.00,1248200,53.00
2011-03-01,53.05,53.31,51.88,51.98,1260500,51.98
2011-02-28,53.40,53.48,52.62,52.85,1423300,52.85
2011-02-25,52.71,53.34,52.39,53.31,1121900,53.31
2011-02-24,52.81,53.07,52.15,52.46,1636300,52.46
2011-02-23,53.08,53.37,52.31,52.77,1227700,52.77
2011-02-22,54.28,54.34,52.89,53.18,1456900,53.18
2011-02-18,54.43,55.11,54.26,54.61,954400,54.61
2011-02-17,54.94,55.34,54.19,54.54,2005400,54.54
2011-02-16,54.94,55.08,54.64,54.95,1408000,54.95
2011-02-15,54.03,55.19,53.88,54.93,2447100,54.93
2011-02-14,54.36,54.82,53.95,54.06,1583900,54.06
2011-02-11,53.04,54.45,52.93,54.26,1465500,54.26
2011-02-10,53.22,53.81,53.09,53.25,1512400,53.25
2011-02-09,52.27,53.60,52.20,53.38,2595200,53.38
2011-02-08,52.55,52.74,52.18,52.48,887500,52.48
2011-02-07,52.31,53.73,52.20,52.64,3089300,52.64
2011-02-04,51.92,52.38,51.15,52.35,2395300,52.35
2011-02-03,51.11,52.32,50.68,51.97,4354800,51.97
2011-02-02,50.08,55.05,49.51,51.05,11276500,51.05
2011-02-01,55.14,55.68,54.63,55.05,1432200,55.05
2011-01-31,54.73,55.50,54.73,55.23,1229000,55.23
2011-01-28,55.57,55.77,54.23,54.60,1260800,54.60
2011-01-27,55.89,56.10,55.47,55.69,1049700,55.69
2011-01-26,55.72,56.31,55.24,56.25,1149400,56.25
2011-01-25,55.06,55.64,54.89,55.60,800000,55.60
2011-01-24,55.16,55.44,54.94,55.29,911000,55.29
2011-01-21,56.05,56.05,55.16,55.24,1456000,55.24
2011-01-20,56.16,56.33,55.43,55.65,1190000,55.65
2011-01-19,56.58,56.66,55.98,56.35,926900,56.35
2011-01-18,56.24,57.26,56.20,56.80,780500,56.80
2011-01-14,56.16,56.30,55.99,56.29,833700,56.29
2011-01-13,56.13,56.35,55.81,56.20,1249700,56.20
2011-01-12,55.65,56.30,55.17,56.23,1483600,56.23
2011-01-11,55.68,55.72,55.14,55.38,1617400,55.38
2011-01-10,54.89,55.66,54.54,55.65,1356500,55.65
2011-01-07,54.66,55.36,54.66,55.19,1284600,55.19
2011-01-06,54.51,54.87,54.35,54.72,1020900,54.72
2011-01-05,54.68,54.91,54.44,54.57,1283800,54.57
2011-01-04,55.52,55.77,54.72,54.91,1456500,54.91
2011-01-03,55.75,56.00,54.81,55.02,2158800,55.02
2010-12-31,55.59,55.76,55.14,55.69,691600,55.69
2010-12-30,55.45,55.91,55.38,55.76,570100,55.76
2010-12-29,55.98,56.10,55.30,55.50,883000,55.50
2010-12-28,56.60,56.69,55.92,55.98,574100,55.98
2010-12-27,56.50,56.78,56.21,56.55,453300,56.55
2010-12-23,56.50,56.77,56.06,56.62,531600,56.62
2010-12-22,56.70,57.20,56.43,56.72,913600,56.72
2010-12-21,57.32,57.32,56.75,56.77,1143900,56.77
2010-12-20,57.21,57.49,56.86,57.30,959100,57.30
2010-12-17,57.20,57.49,56.53,57.44,1317300,57.44
2010-12-16,56.13,57.29,56.01,57.29,1233500,57.29
2010-12-15,56.64,57.22,56.35,56.37,1285100,56.37
2010-12-14,56.01,56.85,55.83,56.62,677400,56.62
2010-12-13,56.30,56.30,55.15,56.02,1477400,56.02
2010-12-10,56.12,56.57,55.91,56.27,695800,56.27
2010-12-09,55.35,56.16,55.27,56.14,913100,56.14
2010-12-08,55.11,55.33,54.58,54.83,917100,54.83
2010-12-07,55.84,55.90,54.23,55.09,2317000,55.09
2010-12-06,56.74,56.77,55.52,55.61,1544000,55.61
2010-12-03,56.50,56.94,56.12,56.86,929100,56.86
2010-12-02,56.08,56.85,55.98,56.54,921600,56.54
2010-12-01,56.84,56.90,56.05,56.15,1062100,56.15
2010-11-30,55.83,56.45,55.59,56.26,1035500,56.26
2010-11-29,56.45,56.51,55.51,56.31,628000,56.31
2010-11-26,56.91,57.05,56.50,56.65,186800,56.65
2010-11-24,56.80,57.45,56.80,57.21,639300,57.21
2010-11-23,56.95,57.17,56.50,56.52,592200,56.52
2010-11-22,57.55,57.69,56.99,57.40,617700,57.40
2010-11-19,57.38,57.95,57.17,57.70,795200,57.70
2010-11-18,57.40,57.77,57.03,57.27,876000,57.27
2010-11-17,57.23,57.69,56.80,56.91,857500,56.91
2010-11-16,57.80,58.13,57.18,57.32,947600,57.32
2010-11-15,58.05,58.59,57.96,58.03,1183700,58.03
2010-11-12,58.79,58.88,57.99,58.10,815800,58.10
2010-11-11,59.15,59.30,58.96,59.13,516700,59.13
2010-11-10,59.17,59.52,58.38,59.37,686600,59.37
2010-11-09,59.04,59.57,58.90,59.27,613100,59.27
2010-11-08,59.01,59.50,58.97,59.11,509700,59.11
2010-11-05,59.79,59.81,59.29,59.54,556400,59.54
2010-11-04,59.90,60.49,59.44,59.59,1065400,59.59
2010-11-03,59.68,59.70,59.02,59.48,1446200,59.48
2010-11-02,59.67,60.40,59.42,59.65,1405500,59.65
2010-11-01,59.46,60.15,59.18,59.55,961100,59.55
2010-10-29,58.66,59.61,58.55,59.48,1201900,59.48
2010-10-28,59.78,59.78,58.86,58.89,1469700,58.89
2010-10-27,58.45,59.22,58.00,59.10,1308600,59.10
2010-10-26,58.17,59.50,56.29,58.66,1978100,58.66
2010-10-25,59.51,59.89,58.45,58.53,1271800,58.53
2010-10-22,59.45,59.60,58.85,59.39,1335500,59.39
2010-10-21,58.10,59.63,57.87,59.45,2711200,59.45
2010-10-20,57.91,58.60,57.76,58.01,1001000,58.01
2010-10-19,57.98,58.20,57.30,57.77,1233900,57.77
2010-10-18,58.38,58.42,58.00,58.42,741100,58.42
2010-10-15,58.33,58.56,57.87,58.31,1353800,58.31
2010-10-14,57.40,58.18,57.25,57.92,1382500,57.92
2010-10-13,57.08,57.52,57.00,57.40,888300,57.40
2010-10-12,56.48,57.08,56.15,57.02,1144400,57.02
2010-10-11,56.37,56.72,56.31,56.67,536600,56.67
2010-10-08,56.61,56.74,56.30,56.46,631700,56.46
2010-10-07,56.52,56.82,56.17,56.46,703600,56.46
2010-10-06,56.90,56.90,56.17,56.48,743800,56.48
2010-10-05,56.79,56.98,56.29,56.87,1476300,56.87
2010-10-04,56.21,56.50,55.74,56.27,1163900,56.27
2010-10-01,57.16,57.19,55.68,56.39,1256900,56.39
2010-09-30,57.69,57.97,56.53,57.01,1818400,57.01
2010-09-29,57.88,58.25,57.24,57.58,1302800,57.58
2010-09-28,56.90,58.15,56.25,57.82,2872100,57.82
2010-09-27,55.17,58.25,54.80,57.10,6335900,57.10
2010-09-24,55.58,55.62,54.98,55.23,1315600,55.23
2010-09-23,54.60,55.89,54.60,55.04,985400,55.04
2010-09-22,55.61,55.82,55.13,55.29,947400,55.29
2010-09-21,56.23,56.27,55.01,55.67,1149500,55.67
2010-09-20,55.61,56.37,55.51,56.26,704600,56.26
2010-09-17,56.00,56.00,55.50,55.68,1060600,55.68
2010-09-16,55.41,55.91,54.73,55.71,918400,55.71
2010-09-15,54.59,55.58,54.53,55.45,733700,55.45
2010-09-14,54.42,55.10,54.40,54.58,770100,54.58
2010-09-13,55.02,55.02,54.56,54.62,869700,54.62
2010-09-10,54.39,55.00,54.32,54.65,757500,54.65
2010-09-09,54.40,54.91,54.19,54.38,916500,54.38
2010-09-08,54.02,54.40,53.83,53.98,944300,53.98
2010-09-07,53.98,54.59,53.41,53.90,600200,53.90
2010-09-03,54.42,54.78,53.91,54.30,794800,54.30
2010-09-02,52.79,54.06,52.79,54.06,950200,54.06
2010-09-01,52.38,53.02,52.12,52.86,1237300,52.86
2010-08-31,50.90,51.97,50.87,51.36,1410500,51.36
2010-08-30,51.58,51.91,51.22,51.28,741200,51.28
2010-08-27,51.13,51.81,50.75,51.77,842000,51.77
2010-08-26,51.93,52.25,50.93,50.97,874000,50.97
2010-08-25,51.07,51.90,50.93,51.72,833500,51.72
2010-08-24,51.29,51.38,50.46,51.11,1127200,51.11
2010-08-23,51.71,52.21,51.28,51.78,994700,51.78
2010-08-20,51.66,52.18,50.54,51.32,1452400,51.32
2010-08-19,52.80,52.88,51.44,52.15,1317000,52.15
2010-08-18,53.46,53.60,53.00,53.06,1307000,53.06
2010-08-17,52.91,53.61,52.25,53.46,1755000,53.46
2010-08-16,52.19,52.44,51.50,52.43,1253800,52.43
2010-08-13,51.52,53.11,51.41,52.47,1755000,52.47
2010-08-12,50.03,52.46,50.00,51.71,2030000,51.71
2010-08-11,50.90,50.90,50.21,50.26,949200,50.26
2010-08-10,51.35,51.98,50.95,51.64,656400,51.64
2010-08-09,51.90,51.93,51.43,51.80,630200,51.80
2010-08-06,51.64,51.93,50.62,51.83,1759800,51.83
2010-08-05,51.12,52.03,50.95,51.98,1412100,51.98
2010-08-04,52.49,52.72,51.28,51.50,2420000,51.50
2010-08-03,52.99,53.24,52.12,52.44,1812100,52.44
2010-08-02,52.58,53.23,52.58,52.99,1556400,52.99
2010-07-30,51.24,52.20,51.00,52.10,2109600,52.10
2010-07-29,52.80,52.80,50.52,51.64,3687500,51.64
2010-07-28,55.39,55.39,51.30,52.72,5130100,52.72
2010-07-27,58.33,58.45,56.70,56.81,2210300,56.81
2010-07-26,57.57,58.49,57.08,58.00,1335400,58.00
2010-07-23,57.53,57.87,57.08,57.20,1644500,57.20
2010-07-22,56.90,58.29,56.90,57.57,877100,57.57
2010-07-21,57.81,57.89,56.21,56.54,917700,56.54
2010-07-20,57.42,57.54,56.83,57.46,855200,57.46
2010-07-19,57.31,57.99,56.91,57.78,926800,57.78
2010-07-16,58.42,58.83,57.30,57.32,1107300,57.32
2010-07-15,59.09,59.28,58.15,58.69,1514500,58.69
2010-07-14,58.67,59.75,58.60,59.75,911200,59.75
2010-07-13,58.69,59.19,58.69,58.90,1385000,58.90
2010-07-12,58.04,58.54,57.86,58.23,1345900,58.23
2010-07-09,58.74,58.92,57.84,58.17,979300,58.17
2010-07-08,59.00,59.39,57.85,58.64,1777600,58.64
2010-07-07,58.05,58.90,57.60,58.82,1391800,58.82
2010-07-06,57.63,58.35,57.40,58.11,1583400,58.11
2010-07-02,57.25,58.00,56.75,57.12,1061900,57.12
2010-07-01,57.15,57.89,56.48,57.16,2145300,57.16
2010-06-30,57.08,57.98,57.04,57.45,1728900,57.45
2010-06-29,57.29,57.98,56.79,57.24,1836900,57.24
2010-06-28,57.45,57.98,57.23,57.72,1173500,57.72
2010-06-25,57.25,57.66,56.90,57.60,1642500,57.60
2010-06-24,55.93,57.72,55.93,57.16,1720400,57.16
2010-06-23,55.55,56.68,55.23,56.50,1724800,56.50
2010-06-22,56.58,57.08,55.26,55.42,2594200,55.42
2010-06-21,56.74,57.00,56.37,56.65,1412200,56.65
2010-06-18,55.99,56.50,55.96,56.39,1559600,56.39
2010-06-17,56.23,56.25,55.34,56.18,995600,56.18
2010-06-16,55.46,55.89,54.89,55.78,1184500,55.78
2010-06-15,53.97,55.69,53.97,55.66,2043100,55.66
2010-06-14,54.00,54.53,53.79,53.91,1683900,53.91
2010-06-11,52.47,53.81,52.42,53.77,1475100,53.77
2010-06-10,51.93,52.91,51.89,52.87,1710500,52.87
2010-06-09,50.67,51.70,50.67,51.28,1620200,51.28
2010-06-08,50.08,50.42,49.71,50.36,943400,50.36
2010-06-07,51.15,51.17,50.06,50.11,891700,50.11
2010-06-04,51.56,51.82,50.66,50.83,1212600,50.83
2010-06-03,52.17,52.45,51.90,52.34,703000,52.34
2010-06-02,50.93,51.87,50.63,51.87,1102500,51.87
2010-06-01,51.45,51.74,50.59,50.64,1651000,50.64
2010-05-28,52.16,52.63,51.91,52.06,1521300,52.06
2010-05-27,51.22,52.12,51.06,52.08,992000,52.08
2010-05-26,50.39,51.66,50.28,50.53,1281700,50.53
2010-05-25,49.73,50.28,48.69,50.25,1346600,50.25
2010-05-24,50.22,51.39,50.21,50.77,1437700,50.77
2010-05-21,49.71,50.66,49.13,50.65,1565700,50.65
2010-05-20,51.33,51.74,50.14,50.14,1562000,50.14
2010-05-19,52.66,53.08,51.82,52.23,941000,52.23
2010-05-18,53.06,53.55,52.64,52.71,1366400,52.71
2010-05-17,52.00,52.95,51.89,52.87,1556200,52.87
2010-05-14,52.67,52.84,51.65,52.11,1412200,52.11
2010-05-13,53.15,53.44,52.98,53.00,935500,53.00
2010-05-12,53.53,53.53,53.14,53.36,1455800,53.36
2010-05-11,53.43,54.06,53.15,53.48,1042200,53.48
2010-05-10,54.01,54.48,53.24,53.89,1406100,53.89
2010-05-07,53.52,53.52,51.43,52.10,1730700,52.10
2010-05-06,54.98,55.21,50.64,53.37,1425400,53.37
2010-05-05,55.61,55.75,54.86,54.98,1052300,54.98
2010-05-04,54.33,55.91,54.33,55.59,2360700,55.59
2010-05-03,53.99,53.99,53.08,53.62,945000,53.62
2010-04-30,55.03,55.03,53.66,53.79,1331700,53.79
2010-04-29,54.36,55.07,54.08,54.93,1241400,54.93
2010-04-28,54.34,54.46,53.39,53.99,1378500,53.99
2010-04-27,55.66,56.28,54.30,54.39,1615500,54.39
2010-04-26,57.19,57.40,55.98,56.00,1038400,56.00
2010-04-23,56.98,57.24,56.57,57.00,809200,57.00
2010-04-22,56.83,56.96,56.21,56.89,790400,56.89
2010-04-21,57.27,57.38,56.28,57.05,839000,57.05
2010-04-20,55.81,57.35,55.64,57.21,804000,57.21
2010-04-19,56.15,56.85,54.19,55.57,1744400,55.57
2010-04-16,57.74,58.13,56.99,57.10,769800,57.10
2010-04-15,57.89,57.91,57.49,57.77,561500,57.77
2010-04-14,57.66,58.04,57.39,57.97,770000,57.97
2010-04-13,56.32,57.69,56.15,57.50,1223000,57.50
2010-04-12,56.25,56.38,55.86,56.11,904400,56.11
2010-04-09,56.24,56.76,56.12,56.25,713600,56.25
2010-04-08,55.97,56.29,55.37,56.18,633200,56.18
2010-04-07,56.76,56.76,55.92,56.06,618100,56.06
2010-04-06,56.70,56.99,56.48,56.64,529000,56.64
2010-04-05,56.78,56.97,56.13,56.93,1046100,56.93
2010-04-01,56.86,57.09,56.09,56.52,1217500,56.52
2010-03-31,56.83,57.02,56.47,56.65,726600,56.65
2010-03-30,57.00,57.01,56.68,56.86,780700,56.86
2010-03-29,56.65,57.01,56.47,56.86,750000,56.86
2010-03-26,57.01,57.20,56.40,56.51,703300,56.51
2010-03-25,56.94,57.49,56.81,56.85,760000,56.85
2010-03-24,57.00,57.30,56.89,56.97,741300,56.97
2010-03-23,57.45,57.67,57.02,57.21,1023200,57.21
2010-03-22,56.75,57.50,56.50,57.38,921400,57.38
2010-03-19,56.66,57.13,56.27,56.66,1573100,56.66
2010-03-18,56.31,56.99,55.88,56.15,1114500,56.15
2010-03-17,56.20,56.62,55.91,55.99,1278100,55.99
2010-03-16,55.00,56.07,54.95,55.87,1505000,55.87
2010-03-15,54.01,54.86,53.91,54.82,912900,54.82
2010-03-12,54.16,54.29,53.62,54.00,755300,54.00
2010-03-11,54.02,54.29,53.76,54.19,613300,54.19
2010-03-10,53.49,54.44,53.24,54.21,1080500,54.21
2010-03-09,52.94,53.61,52.74,53.53,818400,53.53
2010-03-08,53.58,53.70,53.00,53.14,1061200,53.14
2010-03-05,53.43,53.95,52.79,53.91,791100,53.91
2010-03-04,53.80,53.98,53.60,53.83,394200,53.83
2010-03-03,53.89,54.25,53.67,53.68,667200,53.68
2010-03-02,53.53,54.21,53.52,53.84,684200,53.84
2010-03-01,52.41,53.49,52.23,53.42,789100,53.42
2010-02-26,52.08,52.68,52.03,52.33,684700,52.33
2010-02-25,51.28,52.13,51.00,52.11,894100,52.11
2010-02-24,51.22,51.68,50.91,51.68,597400,51.68
2010-02-23,51.48,51.70,50.71,50.90,985100,50.90
2010-02-22,51.67,51.92,51.13,51.63,590600,51.63
2010-02-19,51.58,52.07,51.31,51.80,683600,51.80
2010-02-18,51.67,51.85,51.36,51.81,547300,51.81
2010-02-17,51.08,51.71,50.90,51.69,723900,51.69
2010-02-16,50.16,50.90,49.84,50.90,515400,50.90
2010-02-12,49.64,50.07,49.29,49.95,539200,49.95
2010-02-11,49.46,50.15,49.12,50.09,947100,50.09
2010-02-10,49.13,50.31,49.08,49.55,1253100,49.55
2010-02-09,49.17,50.13,48.99,49.42,777800,49.42
2010-02-08,48.48,49.18,47.90,48.76,932900,48.76
2010-02-05,48.94,49.13,47.48,48.56,1681400,48.56
2010-02-04,51.04,51.89,49.05,49.05,2007000,49.05
2010-02-03,51.40,52.79,51.27,51.81,1521900,51.81
2010-02-02,50.60,51.50,50.47,51.50,597600,51.50
2010-02-01,50.87,50.98,50.24,50.61,976000,50.61
2010-01-29,51.01,51.21,50.64,50.64,831400,50.64
2010-01-28,51.25,51.52,50.71,50.96,982000,50.96
2010-01-27,51.12,51.34,50.62,51.24,972200,51.24
2010-01-26,51.27,51.38,50.81,51.15,785300,51.15
2010-01-25,50.89,51.61,50.49,51.20,845000,51.20
2010-01-22,51.10,51.53,50.43,50.48,696900,50.48
2010-01-21,51.42,51.88,50.81,51.23,1088500,51.23
2010-01-20,51.52,51.54,50.76,51.48,804700,51.48
2010-01-19,51.26,51.93,51.26,51.48,1415600,51.48
2010-01-15,52.16,52.20,51.24,51.29,888000,51.29
2010-01-14,52.07,52.30,51.92,52.26,503500,52.26
2010-01-13,52.11,52.44,51.76,51.93,822600,51.93
2010-01-12,52.17,52.45,51.88,52.11,675000,52.11
2010-01-11,51.28,52.44,51.19,52.31,792600,52.31
2010-01-08,51.14,51.45,50.85,51.41,681800,51.41
2010-01-07,50.75,51.33,50.43,51.11,743700,51.11
2010-01-06,51.03,51.03,50.36,50.46,1140500,50.46
2010-01-05,50.92,51.06,50.48,50.99,652300,50.99
2010-01-04,51.47,51.47,50.57,50.92,776000,50.92
2009-12-31,51.13,51.40,50.89,51.00,648300,51.00
2009-12-30,50.91,51.22,50.90,51.11,521500,51.11
2009-12-29,50.57,51.32,50.46,51.10,648300,51.10
2009-12-28,50.06,50.68,50.06,50.58,467600,50.58
2009-12-24,50.17,50.25,50.05,50.19,197000,50.19
2009-12-23,49.37,50.24,49.29,50.16,848800,50.16
2009-12-22,48.23,49.43,48.13,49.43,951400,49.43
2009-12-21,47.90,48.65,47.87,48.30,626700,48.30
2009-12-18,48.03,48.28,47.41,47.59,1265800,47.59
2009-12-17,48.82,48.82,47.61,47.81,847900,47.81
2009-12-16,49.59,49.90,48.61,48.87,1128400,48.87
2009-12-15,48.94,49.88,48.80,49.47,837900,49.47
2009-12-14,47.79,49.00,47.77,48.97,851900,48.97
2009-12-11,48.11,48.12,47.36,47.51,1046600,47.51
2009-12-10,47.83,48.31,47.83,48.06,528200,48.06
2009-12-09,47.72,47.88,47.08,47.58,532200,47.58
2009-12-08,47.75,48.00,47.26,47.84,687400,47.84
2009-12-07,48.05,48.44,47.83,47.86,451300,47.86
2009-12-04,48.33,48.61,47.62,48.12,770800,48.12
2009-12-03,48.61,48.84,47.76,47.87,968200,47.87
2009-12-02,47.98,48.65,47.85,48.61,731100,48.61
2009-12-01,47.45,48.05,47.24,47.90,758200,47.90
2009-11-30,47.03,47.09,46.57,46.95,939400,46.95
2009-11-27,46.43,47.41,46.01,47.05,305500,47.05
2009-11-25,47.46,47.79,47.10,47.71,538900,47.71
2009-11-24,47.55,47.83,47.19,47.43,738100,47.43
2009-11-23,47.06,47.89,46.85,47.55,571900,47.55
2009-11-20,46.86,47.12,46.70,46.88,608900,46.88
2009-11-19,47.54,47.78,46.86,47.11,655100,47.11
2009-11-18,48.09,48.09,47.63,47.68,604100,47.68
2009-11-17,48.24,48.24,47.77,48.15,453300,48.15
2009-11-16,47.71,48.12,47.69,48.09,782900,48.09
2009-11-13,47.30,48.10,47.12,47.70,602300,47.70
2009-11-12,48.02,48.22,47.11,47.16,628800,47.16
2009-11-11,47.77,48.25,47.53,48.09,840400,48.09
2009-11-10,47.66,48.00,47.36,47.95,871900,47.95
2009-11-09,46.96,47.47,46.63,47.47,806400,47.47
2009-11-06,47.17,47.23,46.48,46.59,882500,46.59
2009-11-05,45.88,47.19,45.42,47.16,1083200,47.16
2009-11-04,45.22,46.31,45.18,45.70,1248900,45.70
2009-11-03,44.84,45.42,44.44,45.25,1294100,45.25
2009-11-02,44.51,45.50,44.48,44.90,1432600,44.90
2009-10-30,45.19,45.60,44.51,44.64,1480300,44.64
2009-10-29,45.88,46.06,45.06,45.46,1821900,45.46
2009-10-28,47.06,47.36,45.67,45.69,1297800,45.69
2009-10-27,48.00,48.23,45.81,47.11,2641900,47.11
2009-10-26,46.07,46.95,45.61,46.30,1018300,46.30
2009-10-23,46.24,46.59,45.92,45.97,1376300,45.97
2009-10-22,45.89,46.27,45.76,46.11,888200,46.11
2009-10-21,46.48,46.99,45.88,45.89,894900,45.89
2009-10-20,47.00,47.54,46.15,46.43,732300,46.43
2009-10-19,46.35,47.05,46.19,46.95,642500,46.95
2009-10-16,45.61,46.50,45.07,46.19,1248200,46.19
2009-10-15,45.35,45.82,45.03,45.80,795700,45.80
2009-10-14,45.07,45.42,44.98,45.33,611900,45.33
2009-10-13,45.12,45.44,44.62,44.88,625400,44.88
2009-10-12,44.77,45.46,44.73,45.27,495000,45.27
2009-10-09,44.37,44.94,44.37,44.88,551800,44.88
2009-10-08,44.36,44.56,44.15,44.31,644100,44.31
2009-10-07,43.91,44.22,43.77,44.22,503100,44.22
2009-10-06,42.93,44.00,42.84,43.99,636500,43.99
2009-10-05,43.12,43.79,42.81,43.79,545400,43.79
2009-10-02,43.12,43.45,42.95,43.25,611400,43.25
2009-10-01,44.31,44.53,43.30,43.34,642700,43.34
2009-09-30,44.66,44.73,43.62,44.60,1510100,44.60
2009-09-29,44.72,45.08,44.18,44.82,1043600,44.82
2009-09-28,44.44,45.00,44.14,44.87,932100,44.87
2009-09-25,44.37,44.75,44.05,44.34,1277200,44.34
2009-09-24,44.08,44.97,44.04,44.37,1854100,44.37
2009-09-23,43.90,44.49,43.60,44.00,1179400,44.00
2009-09-22,44.50,44.69,43.63,43.74,1185600,43.74
2009-09-21,42.94,43.98,42.91,43.63,638000,43.63
2009-09-18,43.52,43.83,42.74,43.12,1473200,43.12
2009-09-17,42.24,44.72,42.10,43.60,2321400,43.60
2009-09-16,41.52,42.19,41.00,42.18,830100,42.18
2009-09-15,40.95,41.65,40.60,41.57,818900,41.57
2009-09-14,40.82,41.14,40.57,41.07,582600,41.07
2009-09-11,40.94,40.97,40.40,40.82,696300,40.82
2009-09-10,39.78,40.64,39.55,40.64,1095900,40.64
2009-09-09,39.34,39.84,39.27,39.67,973200,39.67
2009-09-08,39.63,39.80,38.91,39.22,532900,39.22
2009-09-04,39.39,39.64,39.13,39.60,363000,39.60
2009-09-03,39.15,39.43,38.74,39.28,734800,39.28
2009-09-02,39.26,39.33,38.82,39.08,866400,39.08
2009-09-01,39.36,39.57,38.76,39.15,1031000,39.15
2009-08-31,39.40,39.66,38.94,39.09,879100,39.09
2009-08-28,40.27,40.27,39.38,39.55,517900,39.55
2009-08-27,40.00,40.21,39.70,40.15,659700,40.15
2009-08-26,39.96,40.27,39.72,40.03,677700,40.03
2009-08-25,40.09,40.50,40.05,40.24,697700,40.24
2009-08-24,40.50,40.55,40.00,40.13,480000,40.13
2009-08-21,40.29,40.49,39.90,40.32,623700,40.32
2009-08-20,39.97,40.17,39.48,40.00,565600,40.00
2009-08-19,38.61,39.83,38.61,39.75,627200,39.75
2009-08-18,39.20,39.28,38.47,38.86,1024300,38.86
2009-08-17,39.22,39.52,38.96,39.21,802200,39.21
2009-08-14,40.58,40.98,39.94,40.09,950000,40.09
2009-08-13,40.36,40.54,39.54,40.54,739900,40.54
2009-08-12,39.39,40.46,39.18,40.16,1085800,40.16
2009-08-11,39.31,39.75,38.97,39.56,1337100,39.56
2009-08-10,38.35,39.29,38.35,39.25,1114500,39.25
2009-08-07,38.59,39.00,38.15,38.67,716900,38.67
2009-08-06,38.73,38.88,37.86,38.06,648600,38.06
2009-08-05,39.78,39.87,38.76,38.88,648700,38.88
2009-08-04,39.34,39.65,39.05,39.64,847100,39.64
2009-08-03,38.86,39.40,38.56,39.40,864900,39.40
2009-07-31,38.56,39.27,38.38,38.43,960000,38.43
2009-07-30,38.90,39.55,38.67,38.70,1229400,38.70
2009-07-29,37.53,39.08,36.58,39.05,1993900,39.05
2009-07-28,37.41,37.58,36.98,37.35,1936900,37.35
2009-07-27,37.75,38.00,37.13,37.43,1003300,37.43
2009-07-24,37.13,37.66,37.12,37.66,837500,37.66
2009-07-23,36.80,37.85,36.71,37.25,912600,37.25
2009-07-22,37.01,37.33,36.69,36.85,607300,36.85
2009-07-21,37.46,37.73,36.93,37.24,942900,37.24
2009-07-20,37.37,37.37,36.83,37.11,1888700,37.11
2009-07-17,37.64,37.81,36.89,37.14,1505600,37.14
2009-07-16,37.96,38.13,37.60,37.85,715600,37.85
2009-07-15,37.58,37.84,37.01,37.83,976700,37.83
2009-07-14,37.16,37.48,36.88,37.17,1084500,37.17
2009-07-13,37.22,37.42,36.45,37.07,1296500,37.07
2009-07-10,36.10,37.15,35.58,37.07,1193200,37.07
2009-07-09,36.87,36.87,35.98,36.12,995300,36.12
2009-07-08,37.66,37.66,36.58,36.64,1117700,36.64
2009-07-07,37.65,38.05,37.35,37.46,808900,37.46
2009-07-06,37.04,37.79,37.04,37.72,687100,37.72
2009-07-02,37.85,38.06,37.10,37.10,941700,37.10
2009-07-01,38.55,38.71,38.00,38.06,1272300,38.06
2009-06-30,38.69,38.85,38.33,38.52,1142300,38.52
2009-06-29,38.87,38.87,38.26,38.82,1065500,38.82
2009-06-26,38.15,38.94,37.72,38.73,3124700,38.73
2009-06-25,36.41,38.64,36.32,38.29,1978500,38.29
2009-06-24,35.83,36.73,35.64,36.57,1207800,36.57
2009-06-23,36.15,36.20,35.57,35.70,955500,35.70
2009-06-22,36.45,36.47,35.40,36.01,1109600,36.01
2009-06-19,35.68,36.85,34.90,36.53,2434000,36.53
2009-06-18,33.69,34.59,33.69,34.52,595800,34.52
2009-06-17,33.66,33.88,33.40,33.69,1158900,33.69
2009-06-16,34.30,34.45,33.58,33.64,652900,33.64
2009-06-15,34.73,34.83,34.00,34.16,559100,34.16
2009-06-12,34.88,35.31,34.45,34.97,621800,34.97
2009-06-11,34.25,35.33,34.25,34.91,565900,34.91
2009-06-10,34.54,34.85,34.02,34.28,621300,34.28
2009-06-09,34.71,34.82,34.21,34.32,542600,34.32
2009-06-08,34.97,35.17,34.17,34.54,840700,34.54
2009-06-05,35.83,35.94,34.79,35.09,866600,35.09
2009-06-04,36.23,36.23,35.22,35.46,970700,35.46
2009-06-03,36.22,36.43,35.75,35.97,1026400,35.97
2009-06-02,35.07,36.52,34.90,36.40,1331900,36.40
2009-06-01,34.94,35.14,34.66,35.04,909300,35.04
2009-05-29,33.84,34.51,33.60,34.50,1082900,34.50
2009-05-28,34.10,34.24,33.35,33.72,770500,33.72
2009-05-27,34.20,34.39,33.91,33.95,908400,33.95
2009-05-26,32.46,34.24,32.16,34.18,1348600,34.18
2009-05-22,32.93,33.21,32.63,32.79,369700,32.79
2009-05-21,33.04,33.25,32.59,32.87,755000,32.87
2009-05-20,33.79,33.97,33.45,33.51,766200,33.51
2009-05-19,33.63,33.99,33.51,33.55,723500,33.55
2009-05-18,33.30,33.74,33.06,33.70,853600,33.70
2009-05-15,32.83,33.09,32.36,33.04,1174800,33.04
2009-05-14,33.07,33.50,32.79,32.84,1204200,32.84
2009-05-13,33.50,33.75,33.27,33.36,1206600,33.36
2009-05-12,33.78,34.11,33.55,33.92,1064000,33.92
2009-05-11,33.62,33.86,33.23,33.70,850500,33.70
2009-05-08,33.65,34.09,33.54,33.92,1186800,33.92
2009-05-07,32.94,33.48,32.55,33.41,1287100,33.41
2009-05-06,32.78,33.13,32.32,32.65,770200,32.65
2009-05-05,32.21,32.60,31.90,32.59,905200,32.59
2009-05-04,32.60,32.60,31.78,32.36,1011500,32.36
2009-05-01,32.82,32.82,31.61,32.29,1218000,32.29
2009-04-30,32.97,33.06,32.61,32.87,1809600,32.87
2009-04-29,33.00,33.08,32.42,32.78,2456400,32.78
2009-04-28,31.51,33.88,31.51,32.99,3072700,32.99
2009-04-27,31.42,31.70,30.97,31.34,1196100,31.34
2009-04-24,31.16,31.91,31.10,31.60,1101800,31.60
2009-04-23,31.65,31.70,30.52,30.95,1501600,30.95
2009-04-22,31.53,32.23,31.36,31.81,1080500,31.81
2009-04-21,31.64,32.00,31.30,31.83,707700,31.83
2009-04-20,32.56,32.86,31.80,31.94,703800,31.94
2009-04-17,31.64,33.02,31.64,32.91,1352400,32.91
2009-04-16,31.56,31.90,31.23,31.64,1182400,31.64
2009-04-15,32.32,32.32,31.03,31.40,1846400,31.40
2009-04-14,32.20,32.63,31.99,32.33,1201000,32.33
2009-04-13,31.87,32.58,31.75,32.42,1334400,32.42
2009-04-09,32.39,32.39,31.76,32.15,964100,32.15
2009-04-08,30.94,31.50,30.82,31.43,1001900,31.43
2009-04-07,30.28,31.35,29.86,30.94,1397400,30.94
2009-04-06,30.51,30.87,30.20,30.65,1784200,30.65
2009-04-03,31.61,31.78,30.22,30.44,1820700,30.44
2009-04-02,31.19,32.00,31.02,31.48,1473000,31.48
2009-04-01,30.35,30.70,29.96,30.61,1546500,30.61
2009-03-31,30.50,31.40,30.43,30.86,1796900,30.86
2009-03-30,30.24,30.55,29.73,30.50,1607300,30.50
2009-03-27,30.27,31.11,30.00,30.83,1916300,30.83
2009-03-26,29.95,30.66,29.60,30.64,2611300,30.64
2009-03-25,28.88,30.46,28.68,29.86,3637300,29.86
2009-03-24,26.25,28.86,25.99,28.28,2890100,28.28
2009-03-23,25.49,26.33,25.11,26.33,851200,26.33
2009-03-20,25.29,25.94,24.89,25.10,1111700,25.10
2009-03-19,25.83,25.89,24.86,25.23,793700,25.23
2009-03-18,25.18,26.06,25.09,25.64,937100,25.64
2009-03-17,24.77,25.30,24.59,25.29,560900,25.29
2009-03-16,24.88,25.47,24.72,24.80,973700,24.80
2009-03-13,24.08,24.71,23.74,24.57,871700,24.57
2009-03-12,22.99,23.91,22.68,23.90,1165400,23.90
2009-03-11,22.36,23.44,22.36,22.91,1384100,22.91
2009-03-10,21.51,22.37,21.48,22.36,1090100,22.36
2009-03-09,21.74,22.18,21.21,21.38,1282600,21.38
2009-03-06,22.17,22.38,21.69,22.21,1344700,22.21
2009-03-05,22.64,22.69,21.61,21.82,1467200,21.82
2009-03-04,21.86,23.32,21.86,23.01,1123800,23.01
2009-03-03,22.09,22.67,21.89,22.37,1516400,22.37
2009-03-02,22.81,22.83,21.83,21.89,1374700,21.89
2009-02-27,23.75,23.84,23.13,23.20,1348800,23.20
2009-02-26,24.76,25.09,24.00,24.01,998200,24.01
2009-02-25,25.25,25.29,24.46,24.82,1075500,24.82
2009-02-24,25.00,25.49,24.78,25.33,1103700,25.33
2009-02-23,25.74,25.86,24.84,25.00,1065800,25.00
2009-02-20,25.50,25.83,25.21,25.58,994800,25.58
2009-02-19,25.49,26.05,25.46,25.79,1058000,25.79
2009-02-18,25.35,25.63,25.02,25.55,1551200,25.55
2009-02-17,24.66,26.36,24.62,25.25,1689200,25.25
2009-02-13,26.23,26.82,25.84,26.36,1600800,26.36
2009-02-12,25.16,26.35,24.88,26.26,1310600,26.26
2009-02-11,25.53,25.57,25.19,25.42,642200,25.42
2009-02-10,25.81,26.18,25.08,25.18,779600,25.18
2009-02-09,26.26,26.40,25.71,25.96,560900,25.96
2009-02-06,25.75,26.45,25.61,26.38,1632900,26.38
2009-02-05,25.57,25.97,25.37,25.80,992200,25.80
2009-02-04,25.65,26.54,25.39,25.84,962800,25.84
2009-02-03,25.02,25.70,24.87,25.57,808800,25.57
2009-02-02,24.45,25.36,24.45,25.16,1087300,25.16
2009-01-30,25.11,25.37,24.71,24.90,1676200,24.90
2009-01-29,25.25,25.71,25.24,25.30,864100,25.30
2009-01-28,24.77,25.83,24.68,25.48,1387600,25.48
2009-01-27,23.98,24.69,23.93,24.61,1339800,24.61
2009-01-26,24.31,24.60,23.50,23.73,2380500,23.73
2009-01-23,24.08,24.38,23.54,24.02,1792700,24.02
2009-01-22,24.31,24.73,23.86,24.43,1838500,24.43
2009-01-21,24.94,25.13,23.89,24.62,2520600,24.62
2009-01-20,25.97,26.18,24.69,24.75,2822500,24.75
2009-01-16,25.38,27.14,25.38,27.04,2506800,27.04
2009-01-15,24.59,25.09,24.01,25.02,1743700,25.02
2009-01-14,25.12,25.23,24.40,24.61,1706700,24.61
2009-01-13,25.82,26.04,25.34,25.51,1181000,25.51
2009-01-12,26.02,26.10,25.66,25.83,1022100,25.83
2009-01-09,26.06,26.25,25.30,26.02,1231900,26.02
2009-01-08,26.83,26.83,25.73,26.07,1120300,26.07
2009-01-07,26.75,27.19,26.44,26.84,643500,26.84
2009-01-06,27.15,27.36,26.83,27.03,596500,27.03
2009-01-05,27.31,27.34,26.72,26.97,798200,26.97
2009-01-02,26.79,27.56,26.58,27.47,491700,27.47
2008-12-31,26.43,26.93,26.17,26.82,693500,26.82
2008-12-30,25.97,26.32,25.68,26.32,758700,26.32
2008-12-29,25.84,25.94,25.69,25.88,722300,25.88
2008-12-26,25.99,26.06,25.73,25.94,415000,25.94
2008-12-24,25.70,26.02,25.50,25.88,294900,25.88
2008-12-23,26.20,26.38,25.58,25.68,963000,25.68
2008-12-22,26.20,26.35,25.70,26.16,1007200,26.16
2008-12-19,26.91,27.65,25.82,26.05,2255500,26.05
2008-12-18,27.97,28.56,26.42,26.71,1406500,26.71
2008-12-17,27.57,28.28,27.33,27.81,706400,27.81
2008-12-16,26.65,27.86,26.42,27.84,878200,27.84
2008-12-15,26.88,27.12,26.27,26.56,934200,26.56
2008-12-12,26.97,27.14,26.50,26.82,1575900,26.82
2008-12-11,27.82,28.24,27.38,27.62,1287700,27.62
2008-12-10,28.18,28.58,27.73,28.03,701300,28.03
2008-12-09,28.46,28.67,27.81,28.06,720700,28.06
2008-12-08,28.10,28.84,27.88,28.67,1061600,28.67
2008-12-05,26.97,27.68,26.22,27.53,1264800,27.53
2008-12-04,28.59,28.91,26.97,27.34,1050800,27.34
2008-12-03,28.03,29.09,27.83,29.00,885100,29.00
2008-12-02,28.78,28.78,27.78,28.62,712400,28.62
2008-12-01,29.68,29.90,28.11,28.11,777100,28.11
2008-11-28,29.06,30.03,28.96,30.03,403800,30.03
2008-11-26,28.35,29.19,27.99,29.12,695300,29.12
2008-11-25,29.05,29.48,28.36,28.93,985500,28.93
2008-11-24,27.51,29.33,26.78,28.88,1609200,28.88
2008-11-21,26.58,27.22,25.24,27.18,1480300,27.18
2008-11-20,27.01,28.36,26.12,26.29,1497900,26.29
2008-11-19,29.16,29.76,27.19,27.19,1141900,27.19
2008-11-18,28.82,30.13,28.40,29.16,1112800,29.16
2008-11-17,29.69,30.43,29.15,29.42,879200,29.42
2008-11-14,30.65,31.48,29.96,30.02,1171100,30.02
2008-11-13,29.16,31.17,28.69,31.17,1580600,31.17
2008-11-12,29.98,30.27,29.10,29.23,1097800,29.23
2008-11-11,30.45,31.08,29.99,30.30,1129300,30.30
2008-11-10,31.20,31.92,30.37,30.70,867200,30.70
2008-11-07,30.14,31.34,30.14,30.92,1245000,30.92
2008-11-06,30.28,31.05,29.81,30.04,1529900,30.04
2008-11-05,28.77,32.63,26.00,30.60,2786900,30.60
2008-11-04,29.02,29.16,28.16,28.65,1109000,28.65
2008-11-03,27.64,28.68,27.43,28.66,1548200,28.66
2008-10-31,26.94,27.90,23.39,27.82,1598600,27.82
2008-10-30,25.55,27.38,25.55,27.26,2164500,27.26
2008-10-29,26.75,27.01,25.35,25.36,2117700,25.36
2008-10-28,26.36,26.94,25.42,26.82,2789900,26.82
2008-10-27,26.90,27.50,25.96,26.02,2237200,26.02
2008-10-24,26.80,27.84,26.23,27.26,1525800,27.26
2008-10-23,27.94,29.10,26.99,28.11,1740000,28.11
2008-10-22,29.16,29.57,27.40,27.89,2205000,27.89
2008-10-21,29.93,30.45,29.67,29.78,1420400,29.78
2008-10-20,29.77,30.14,28.73,30.14,2486200,30.14
2008-10-17,27.02,30.62,27.02,29.59,1126300,29.59
2008-10-16,29.99,30.26,28.47,30.25,1622700,30.25
2008-10-15,31.27,31.36,29.88,30.02,1189700,30.02
2008-10-14,32.68,33.97,31.07,31.71,1534100,31.71
2008-10-13,29.98,32.01,29.28,31.87,1561700,31.87
2008-10-10,28.75,30.96,25.55,29.19,2331600,29.19
2008-10-09,32.58,32.77,29.85,30.02,2077500,30.02
2008-10-08,33.83,34.37,32.55,32.55,2470800,32.55
2008-10-07,35.80,36.15,34.36,34.36,1620200,34.36
2008-10-06,36.85,37.28,34.70,35.59,1424000,35.59
2008-10-03,38.00,38.00,37.26,37.29,1052000,37.29
2008-10-02,38.34,38.85,37.48,37.55,1058200,37.55
2008-10-01,38.08,38.45,37.75,38.34,1086000,38.34
2008-09-30,39.25,39.49,37.70,38.20,1400700,38.20
2008-09-29,39.21,39.43,37.60,38.55,1424000,38.55
2008-09-26,39.06,39.68,39.02,39.26,909700,39.26
2008-09-25,38.78,39.45,38.51,39.27,1075800,39.27
2008-09-24,37.61,38.75,37.45,38.63,1182500,38.63
2008-09-23,37.38,38.47,37.33,37.67,1006600,37.67
2008-09-22,38.29,38.38,37.32,37.32,1005800,37.32
2008-09-19,40.59,40.59,38.12,38.50,1803800,38.50
2008-09-18,38.84,40.46,38.10,39.46,1427600,39.46
2008-09-17,39.14,39.68,38.58,38.58,1309300,38.58
2008-09-16,39.53,39.77,39.03,39.60,1620100,39.60
2008-09-15,38.75,39.84,38.65,39.46,1533000,39.46
2008-09-12,39.11,39.56,38.89,39.56,747400,39.56
2008-09-11,39.14,39.40,39.03,39.29,608800,39.29
2008-09-10,39.64,39.74,39.36,39.46,1021300,39.46
2008-09-09,39.69,40.10,39.32,39.38,1146000,39.38
2008-09-08,39.55,39.90,39.28,39.74,971300,39.74
2008-09-05,39.33,39.33,38.60,39.01,1229400,39.01
2008-09-04,40.01,40.18,39.29,39.44,1189300,39.44
2008-09-03,39.91,40.29,39.80,40.25,962400,40.25
2008-09-02,40.61,41.22,39.80,39.80,1419100,39.80
2008-08-29,40.18,40.54,40.05,40.36,962100,40.36
2008-08-28,39.39,40.30,39.39,40.29,1101300,40.29
2008-08-27,39.24,39.51,39.13,39.37,463400,39.37
2008-08-26,38.68,39.22,38.55,39.13,553700,39.13
2008-08-25,38.88,38.95,38.66,38.74,877900,38.74
2008-08-22,38.71,39.11,38.56,39.06,522000,39.06
2008-08-21,38.21,38.89,38.06,38.68,1051700,38.68
2008-08-20,38.89,38.89,38.01,38.29,1158600,38.29
2008-08-19,39.13,39.36,38.74,38.89,666500,38.89
2008-08-18,39.83,39.97,39.04,39.21,658200,39.21
2008-08-15,39.57,39.85,39.05,39.64,962400,39.64
2008-08-14,39.87,39.95,39.30,39.42,1006700,39.42
2008-08-13,39.77,40.05,39.32,39.99,1383000,39.99
2008-08-12,38.64,39.81,38.62,39.69,1285800,39.69
2008-08-11,38.67,39.02,37.80,38.99,1284400,38.99
2008-08-08,37.96,38.84,37.96,38.82,960300,38.82
2008-08-07,38.16,38.61,37.70,38.08,1446400,38.08
2008-08-06,37.17,38.95,37.13,38.32,3706900,38.32
2008-08-05,38.02,39.75,37.46,39.75,1241900,39.75
2008-08-04,37.01,38.01,36.99,37.77,1914000,37.77
2008-08-01,38.11,38.24,36.96,36.96,1299500,36.96
2008-07-31,37.68,38.25,37.50,38.16,1115600,38.16
2008-07-30,37.83,38.45,37.50,37.78,938500,37.78
2008-07-29,37.75,38.21,37.75,37.90,1099500,37.90
2008-07-28,38.11,38.30,37.76,37.88,522700,37.88
2008-07-25,38.11,38.48,37.97,38.30,835800,38.30
2008-07-24,37.99,38.29,37.84,37.97,712100,37.97
2008-07-23,38.17,38.22,37.72,38.05,680500,38.05
2008-07-22,37.35,38.27,37.27,38.20,1346700,38.20
2008-07-21,38.32,38.32,37.42,37.51,2336400,37.51
2008-07-18,38.61,38.85,37.99,38.24,1900200,38.24
2008-07-17,38.70,38.79,37.93,38.70,977700,38.70
2008-07-16,38.95,39.45,38.41,38.62,1828200,38.62
2008-07-15,38.61,39.18,38.58,38.99,1139300,38.99
2008-07-14,38.93,39.20,38.67,38.82,853800,38.82
2008-07-11,39.49,39.49,38.69,38.84,1359300,38.84
2008-07-10,39.03,39.37,38.60,39.02,1182400,39.02
2008-07-09,39.49,39.70,38.93,38.99,1053600,38.99
2008-07-08,38.93,39.64,38.93,39.36,1289500,39.36
2008-07-07,38.82,39.37,38.55,39.08,2087300,39.08
2008-07-03,40.50,40.50,38.25,38.62,1997000,38.62
2008-07-02,40.12,40.48,40.11,40.30,1165100,40.30
2008-07-01,39.72,40.21,39.55,40.21,952400,40.21
2008-06-30,39.24,40.32,39.13,40.11,1441100,40.11
2008-06-27,39.51,39.94,39.20,39.32,1897200,39.32
2008-06-26,39.47,40.00,39.28,39.61,1203800,39.61
2008-06-25,39.84,39.96,39.61,39.81,1189800,39.81
2008-06-24,39.85,40.06,39.65,39.67,850000,39.67
2008-06-23,40.18,40.20,39.76,39.92,904600,39.92
2008-06-20,39.77,40.05,39.60,39.96,1974100,39.96
2008-06-19,39.76,40.33,39.76,39.98,1862600,39.98
2008-06-18,40.58,40.62,39.79,39.95,1958700,39.95
2008-06-17,40.95,41.00,40.68,40.72,1012400,40.72
2008-06-16,41.02,41.11,40.54,40.80,1733300,40.80
2008-06-13,41.27,41.55,41.07,41.31,950700,41.31
2008-06-12,41.47,41.53,41.03,41.24,724400,41.24
2008-06-11,41.58,41.79,41.14,41.25,1019900,41.25
2008-06-10,41.65,41.84,41.41,41.74,1066600,41.74
2008-06-09,41.88,42.00,41.43,41.81,1298300,41.81
2008-06-06,42.49,42.49,41.74,41.74,1658100,41.74
2008-06-05,42.36,42.70,42.09,42.67,998200,42.67
2008-06-04,41.75,42.33,41.64,42.29,668200,42.29
2008-06-03,41.50,41.93,41.47,41.86,1110700,41.86
2008-06-02,41.80,41.84,41.30,41.44,842200,41.44
2008-05-30,41.26,42.01,41.23,41.94,1382200,41.94
2008-05-29,40.61,41.57,40.61,41.36,1055900,41.36
2008-05-28,40.26,40.70,40.15,40.61,1095300,40.61
2008-05-27,39.85,40.26,39.73,40.25,1244900,40.25
2008-05-23,39.81,39.99,39.47,39.73,809300,39.73
2008-05-22,39.42,40.03,39.30,39.91,1064700,39.91
2008-05-21,39.84,40.16,39.36,39.44,675300,39.44
2008-05-20,39.75,40.11,39.56,39.86,939400,39.86
2008-05-19,39.87,40.05,39.64,39.80,812500,39.80
2008-05-16,40.00,40.32,39.34,39.96,1183800,39.96
2008-05-15,40.34,40.50,39.89,40.22,874800,40.22
2008-05-14,41.07,41.15,40.33,40.48,853100,40.48
2008-05-13,40.85,41.25,40.77,40.97,628400,40.97
2008-05-12,40.80,40.94,40.67,40.90,716500,40.90
2008-05-09,40.75,41.20,40.66,40.99,1048500,40.99
2008-05-08,40.50,41.12,40.10,40.75,1615100,40.75
2008-05-07,42.22,42.27,40.31,40.40,1482200,40.40
2008-05-06,41.74,42.16,41.55,42.16,1054800,42.16
2008-05-05,41.71,42.16,41.43,42.03,673200,42.03
2008-05-02,42.55,42.55,41.88,41.98,636000,41.98
2008-05-01,41.20,42.30,41.07,42.27,700000,42.27
2008-04-30,41.76,41.88,41.15,41.15,947300,41.15
2008-04-29,41.81,42.01,41.75,41.83,511600,41.83
2008-04-28,41.67,41.96,41.60,41.78,745100,41.78
2008-04-25,42.06,42.13,41.47,41.74,1542900,41.74
2008-04-24,41.59,42.02,41.30,41.87,861600,41.87
2008-04-23,40.90,41.51,40.84,41.51,812400,41.51
2008-04-22,41.10,41.10,40.43,40.87,739100,40.87
2008-04-21,41.16,41.36,41.05,41.19,492200,41.19
2008-04-18,41.18,41.69,40.71,41.29,780400,41.29
2008-04-17,40.75,40.79,40.46,40.61,430800,40.61
2008-04-16,40.45,40.85,40.17,40.79,736000,40.79
2008-04-15,40.74,40.74,40.08,40.24,721800,40.24
2008-04-14,40.76,40.77,40.36,40.56,988100,40.56
2008-04-11,42.02,42.02,40.74,40.86,1071600,40.86
2008-04-10,42.20,42.40,41.81,42.03,1849900,42.03
2008-04-09,42.59,42.74,42.38,42.64,746200,42.64
2008-04-08,42.68,42.79,42.31,42.64,502500,42.64
2008-04-07,43.31,43.31,42.65,42.83,584100,42.83
2008-04-04,42.79,43.12,42.73,43.02,654300,43.02
2008-04-03,43.31,43.43,42.70,42.88,909700,42.88
2008-04-02,43.65,43.93,43.38,43.42,1045000,43.42
2008-04-01,43.00,43.59,42.75,43.56,2090100,43.56
2008-03-31,42.29,42.88,42.26,42.77,1013100,42.77
2008-03-28,42.82,43.00,42.27,42.33,579700,42.33
2008-03-27,42.81,42.93,42.52,42.52,1117800,42.52
2008-03-26,43.17,43.39,42.69,42.72,889300,42.72
2008-03-25,43.36,43.56,43.17,43.31,1362300,43.31
2008-03-24,43.32,43.54,42.85,43.38,907500,43.38
2008-03-20,43.00,43.21,42.78,43.00,1949300,43.00
2008-03-19,43.43,43.69,42.61,42.65,1418300,42.65
2008-03-18,42.37,43.02,42.23,43.02,875300,43.02
2008-03-17,41.40,42.34,41.40,42.00,1036400,42.00
2008-03-14,42.86,42.86,41.75,42.00,1280000,42.00
2008-03-13,41.96,42.73,41.77,42.45,1151600,42.45
2008-03-12,42.48,42.81,42.27,42.38,994600,42.38
2008-03-11,42.85,42.95,41.83,42.27,1416800,42.27
2008-03-10,42.12,42.48,41.95,42.09,1026300,42.09
2008-03-07,42.45,42.72,41.83,42.09,1424700,42.09
2008-03-06,43.40,43.62,42.73,42.73,1522500,42.73
2008-03-05,43.76,43.95,43.26,43.45,1536100,43.45
2008-03-04,42.59,44.00,42.59,43.80,1795600,43.80
2008-03-03,42.67,42.99,42.35,42.90,1200900,42.90
2008-02-29,42.71,43.00,42.28,42.56,1558500,42.56
2008-02-28,41.09,43.45,41.09,42.92,4763100,42.92
2008-02-27,39.98,40.26,39.24,39.90,1434000,39.90
2008-02-26,40.45,40.45,39.96,40.17,1544500,40.17
2008-02-25,40.77,41.01,40.38,40.57,1341000,40.57
2008-02-22,40.52,40.57,39.96,40.52,734000,40.52
2008-02-21,41.17,41.39,39.97,40.37,840900,40.37
2008-02-20,40.80,41.27,40.51,41.21,1046600,41.21
2008-02-19,41.68,41.68,40.80,41.06,1199800,41.06
2008-02-15,40.96,41.35,40.79,41.32,652100,41.32
2008-02-14,41.61,41.75,40.95,41.00,807100,41.00
2008-02-13,41.83,41.95,41.47,41.53,628400,41.53
2008-02-12,41.42,41.69,41.25,41.59,591900,41.59
2008-02-11,41.00,41.30,40.80,41.23,480000,41.23
2008-02-08,41.26,41.44,41.00,41.06,866200,41.06
2008-02-07,41.03,41.42,40.82,41.38,785200,41.38
2008-02-06,41.21,41.32,40.98,41.07,447200,41.07
2008-02-05,41.30,41.49,40.90,40.97,682200,40.97
2008-02-04,41.75,41.94,41.64,41.72,394400,41.72
2008-02-01,41.16,41.88,41.13,41.75,804500,41.75
2008-01-31,40.25,41.27,40.17,41.01,796800,41.01
2008-01-30,40.70,41.23,40.50,40.58,726800,40.58
2008-01-29,40.76,41.00,40.50,40.80,733000,40.80
2008-01-28,40.07,40.66,39.77,40.66,607300,40.66
2008-01-25,40.81,40.81,39.78,39.90,1299700,39.90
2008-01-24,40.74,40.92,40.25,40.64,717600,40.64
2008-01-23,39.99,40.84,39.51,40.74,1413900,40.74
2008-01-22,39.78,41.14,39.78,40.77,1016900,40.77
2008-01-18,42.75,42.75,41.39,41.52,896100,41.52
2008-01-17,42.20,42.93,42.18,42.47,1019200,42.47
2008-01-16,41.90,42.43,41.80,42.16,714400,42.16
2008-01-15,42.05,42.45,41.67,41.86,860500,41.86
2008-01-14,43.06,43.06,42.39,42.47,484900,42.47
2008-01-11,41.68,42.98,41.67,42.87,881600,42.87
2008-01-10,42.12,42.26,41.84,42.00,882700,42.00
2008-01-09,40.45,42.72,40.41,42.48,1621400,42.48
2008-01-08,40.88,41.10,40.57,40.72,1105000,40.72
2008-01-07,40.74,40.89,40.36,40.74,1691000,40.74
2008-01-04,41.45,41.58,40.73,40.73,1108600,40.73
2008-01-03,42.00,42.14,41.65,41.72,730600,41.72
2008-01-02,42.38,42.92,41.86,41.97,858100,41.97
