Date,Open,High,Low,Close,Volume,Adj Close
2013-12-31,30.60,30.71,30.13,30.35,775100,30.06
2013-12-30,30.45,30.73,30.40,30.49,796600,30.19
2013-12-27,30.72,30.72,30.32,30.55,491400,30.25
2013-12-26,30.60,30.80,30.26,30.59,1024900,30.29
2013-12-24,29.77,30.59,29.58,30.55,1011900,30.25
2013-12-23,29.88,30.39,29.79,30.10,1598300,29.54
2013-12-20,29.32,29.83,29.24,29.81,2260300,29.26
2013-12-19,29.35,29.61,29.07,29.23,1179400,28.69
2013-12-18,28.84,29.55,28.65,29.35,1842500,28.80
2013-12-17,29.29,29.48,28.73,28.87,1547100,28.33
2013-12-16,29.51,29.79,29.25,29.52,1581600,28.97
2013-12-13,29.12,29.62,29.08,29.49,1230900,28.94
2013-12-12,29.05,29.22,28.70,29.05,1897800,28.51
2013-12-11,28.54,29.44,28.47,29.17,2517400,28.63
2013-12-10,28.87,29.02,28.53,28.54,756700,28.01
2013-12-09,28.64,28.93,28.55,28.67,939900,28.14
2013-12-06,28.39,28.84,28.37,28.65,1054800,28.12
2013-12-05,28.42,28.84,28.14,28.24,1457300,27.72
2013-12-04,27.78,28.50,27.55,28.41,2304600,27.88
2013-12-03,27.87,28.13,27.61,27.83,864800,27.31
2013-12-02,28.12,28.23,27.82,28.02,1159300,27.50
2013-11-29,28.21,28.34,28.03,28.12,432700,27.60
2013-11-27,28.17,28.35,27.81,28.18,1754100,27.66
2013-11-26,28.38,28.40,27.96,28.08,1286100,27.56
2013-11-25,28.45,28.59,28.16,28.33,1103400,27.80
2013-11-22,28.55,28.59,28.21,28.40,1064200,27.87
2013-11-21,28.72,28.94,28.45,28.57,2417700,28.04
2013-11-20,29.73,29.82,28.64,28.71,1653300,28.18
2013-11-19,29.98,30.05,29.05,29.69,2436100,29.14
2013-11-18,30.21,30.70,29.75,30.05,2283900,29.49
2013-11-15,28.52,30.31,28.45,30.15,7286400,29.59
2013-11-14,26.49,29.29,26.41,28.49,5242900,27.96
2013-11-13,26.85,26.95,26.31,26.45,1700600,25.96
2013-11-12,26.98,27.08,26.86,27.00,924000,26.50
2013-11-11,26.86,27.10,26.81,27.00,830300,26.50
2013-11-08,26.50,26.95,26.42,26.92,1366200,26.42
2013-11-07,26.29,26.80,26.29,26.50,1782500,26.01
2013-11-06,26.07,26.36,25.95,26.30,1436400,25.81
2013-11-05,25.93,26.03,25.52,26.03,1765300,25.55
2013-11-04,26.16,26.31,25.78,25.97,1394900,25.49
2013-11-01,26.51,26.52,25.75,26.11,2753200,25.63
2013-10-31,27.60,27.96,25.95,26.54,1475100,26.05
2013-10-30,26.53,26.62,26.30,26.39,1106600,25.90
2013-10-29,26.72,26.86,26.46,26.55,697500,26.06
2013-10-28,27.08,27.22,26.60,26.63,988900,26.14
2013-10-25,26.82,27.12,26.72,27.12,900700,26.62
2013-10-24,26.55,26.76,26.47,26.75,659300,26.25
2013-10-23,26.73,26.81,26.49,26.55,731400,26.06
2013-10-22,26.63,26.96,26.58,26.83,837000,26.33
2013-10-21,26.55,26.72,26.38,26.55,1414600,26.06
2013-10-18,25.99,26.51,25.93,26.50,1741400,26.01
2013-10-17,25.44,26.00,25.39,25.98,2149300,25.50
2013-10-16,25.49,25.65,25.36,25.55,1846500,25.08
2013-10-15,25.48,25.54,25.28,25.39,3347400,24.92
2013-10-14,25.52,25.66,25.17,25.48,3666800,25.01
2013-10-11,25.36,25.45,25.03,25.30,2450700,24.83
2013-10-10,25.94,26.42,25.60,25.86,2243800,25.38
2013-10-09,25.86,25.95,25.51,25.69,877000,25.21
2013-10-08,26.21,26.41,25.86,25.86,2188900,25.38
2013-10-07,25.93,26.33,25.85,26.19,887800,25.70
2013-10-04,26.00,26.22,25.83,26.10,1424500,25.62
2013-10-03,26.51,26.54,25.97,26.00,1247100,25.52
2013-10-02,26.89,26.89,26.47,26.59,1333900,26.10
2013-10-01,27.00,27.18,26.86,26.98,1124800,26.48
2013-09-30,27.52,27.53,26.97,27.02,1520600,26.52
2013-09-27,27.81,27.89,27.59,27.72,867800,27.21
2013-09-26,28.05,28.27,27.76,27.89,1493200,27.37
2013-09-25,28.87,29.06,28.01,28.03,2227800,27.51
2013-09-24,28.43,28.95,28.37,28.93,2899000,28.39
2013-09-23,28.31,28.42,27.82,28.41,2231500,27.88
2013-09-20,29.04,29.12,28.55,28.68,2519800,27.88
2013-09-19,28.27,29.08,28.24,29.02,2668200,28.21
2013-09-18,27.27,28.19,27.25,28.17,2601600,27.39
2013-09-17,26.89,27.23,26.80,27.22,1609900,26.46
2013-09-16,26.85,26.94,26.68,26.88,2161000,26.13
2013-09-13,26.68,26.78,26.42,26.59,1135900,25.85
2013-09-12,26.06,26.72,26.05,26.58,3680600,25.84
2013-09-11,25.87,26.11,25.87,25.89,1328100,25.17
2013-09-10,26.10,26.13,25.80,25.85,1454700,25.13
2013-09-09,25.89,26.26,25.89,25.91,2075100,25.19
2013-09-06,25.80,25.92,25.53,25.84,993600,25.12
2013-09-05,26.29,26.35,25.73,25.74,896200,25.02
2013-09-04,25.83,26.32,25.81,26.30,1388100,25.57
2013-09-03,25.95,26.14,25.64,25.79,1349300,25.07
2013-08-30,26.35,26.38,25.72,25.80,1506500,25.08
2013-08-29,26.46,26.68,26.35,26.37,1121900,25.64
2013-08-28,26.65,26.80,26.52,26.56,1439600,25.82
2013-08-27,26.72,26.75,26.52,26.62,1458500,25.88
2013-08-26,26.99,27.20,26.93,26.99,1010800,26.24
2013-08-23,26.87,27.13,26.85,27.01,1074000,26.26
2013-08-22,26.91,26.96,26.58,26.72,1089600,25.98
2013-08-21,26.89,27.03,26.76,26.90,921800,26.15
2013-08-20,26.77,27.03,26.64,26.98,740300,26.23
2013-08-19,26.76,26.77,26.34,26.74,1454200,26.00
2013-08-16,27.00,27.10,26.65,26.80,843900,26.05
2013-08-15,27.51,27.59,27.05,27.06,1088000,26.31
2013-08-14,27.72,27.79,27.54,27.71,1004400,26.94
2013-08-13,27.99,28.09,27.61,27.73,1729400,26.96
2013-08-12,28.13,28.18,27.86,27.95,1209400,27.17
2013-08-09,27.96,28.37,27.96,28.20,1084900,27.42
2013-08-08,27.85,28.11,27.40,27.98,1881600,27.20
2013-08-07,28.19,28.25,27.93,28.13,1168600,27.35
2013-08-06,28.50,28.54,28.13,28.27,904400,27.48
2013-08-05,28.16,28.53,28.12,28.50,1122100,27.71
2013-08-02,27.82,28.29,27.78,28.25,1292700,27.46
2013-08-01,27.46,28.36,27.20,27.91,1658300,27.13
2013-07-31,27.78,28.15,27.73,27.80,1305100,27.03
2013-07-30,28.05,28.14,27.67,27.78,1081600,27.01
2013-07-29,27.85,28.00,27.75,27.91,1394900,27.13
2013-07-26,28.30,28.42,27.72,27.85,1245800,27.08
2013-07-25,28.18,28.49,28.16,28.40,635900,27.61
2013-07-24,28.42,28.53,27.90,28.16,809600,27.38
2013-07-23,28.58,28.78,28.38,28.42,719300,27.63
2013-07-22,28.77,28.84,28.35,28.50,1199900,27.71
2013-07-19,28.95,29.01,28.43,28.76,1289200,27.96
2013-07-18,28.81,29.08,28.75,28.96,907400,28.15
2013-07-17,28.71,28.96,28.67,28.87,1096300,28.07
2013-07-16,28.34,28.88,28.33,28.72,1373700,27.92
2013-07-15,28.18,28.45,28.07,28.38,1416200,27.59
2013-07-12,28.83,28.97,28.15,28.23,1417800,27.44
2013-07-11,27.60,28.84,27.57,28.81,2260500,28.01
2013-07-10,27.36,27.47,27.23,27.36,1192900,26.60
2013-07-09,27.22,27.43,27.07,27.36,1584600,26.60
2013-07-08,26.91,27.09,26.77,27.08,823000,26.33
2013-07-05,27.06,27.13,26.70,26.85,701600,26.10
2013-07-03,26.91,27.05,26.71,27.00,720400,26.25
2013-07-02,26.83,27.20,26.75,27.13,1622800,26.38
2013-07-01,26.64,27.03,26.59,26.91,1931600,26.16
2013-06-28,26.67,26.78,26.47,26.61,1716300,25.87
2013-06-27,26.58,26.87,26.40,26.75,1126200,26.01
2013-06-26,26.55,26.74,26.40,26.57,1429800,25.83
2013-06-25,26.44,26.58,25.95,26.36,1956500,25.63
2013-06-24,26.63,26.65,25.91,26.27,2038300,25.54
2013-06-21,27.56,27.56,26.70,26.84,3044800,26.09
2013-06-20,28.41,28.43,27.46,27.57,2786800,26.54
2013-06-19,28.84,29.01,28.57,28.59,1415900,27.52
2013-06-18,29.18,29.18,28.75,28.83,2010800,27.75
2013-06-17,28.91,29.22,28.70,29.20,3505900,28.11
2013-06-14,28.86,29.00,28.68,28.93,1848700,27.85
2013-06-13,28.79,29.07,28.56,28.89,2613700,27.81
2013-06-12,29.34,29.35,28.84,28.88,2613700,27.80
2013-06-11,28.28,29.20,28.23,29.15,3760700,28.06
2013-06-10,29.65,29.69,28.38,28.50,5851900,27.44
2013-06-07,28.22,29.35,27.72,28.95,16608800,27.87
2013-06-06,34.10,34.41,33.89,34.40,1152000,33.12
2013-06-05,34.31,34.82,34.09,34.09,1518400,32.82
2013-06-04,35.28,35.33,34.40,34.50,2895000,33.21
2013-06-03,35.86,35.89,34.57,35.29,2628800,33.97
2013-05-31,36.27,36.54,35.82,35.84,1006800,34.50
2013-05-30,36.40,36.68,36.34,36.34,719000,34.98
2013-05-29,36.99,36.99,36.34,36.34,847800,34.98
2013-05-28,36.72,37.52,36.72,37.10,1437400,35.71
2013-05-24,36.96,36.99,36.60,36.72,918000,35.35
2013-05-23,37.55,37.64,37.00,37.03,1555900,35.65
2013-05-22,38.55,38.81,37.71,37.75,659600,36.34
2013-05-21,38.24,38.67,38.15,38.54,549400,37.10
2013-05-20,39.00,39.12,38.14,38.22,1050100,36.79
2013-05-17,38.40,38.97,38.37,38.96,799300,37.51
2013-05-16,38.99,39.14,38.36,38.40,910400,36.97
2013-05-15,39.29,39.33,39.01,39.10,864200,37.64
2013-05-14,39.44,39.56,39.13,39.32,893600,37.85
2013-05-13,39.47,39.71,39.23,39.35,920900,37.88
2013-05-10,39.53,39.59,39.45,39.54,894300,38.06
2013-05-09,39.18,39.63,39.18,39.46,1231100,37.99
2013-05-08,38.87,39.27,38.79,39.27,658900,37.80
2013-05-07,38.70,38.92,38.55,38.91,903700,37.46
2013-05-06,38.67,38.84,38.56,38.67,640700,37.23
2013-05-03,38.60,39.11,38.52,38.65,1492200,37.21
2013-05-02,37.60,38.39,37.56,38.32,890000,36.89
2013-05-01,37.79,37.90,37.14,37.62,1166200,36.22
2013-04-30,37.10,37.87,36.90,37.86,1014600,36.45
2013-04-29,37.60,37.60,37.18,37.19,602800,35.80
2013-04-26,37.50,37.76,37.21,37.45,427500,36.05
2013-04-25,37.35,37.76,37.25,37.54,731600,36.14
2013-04-24,37.42,37.58,37.13,37.22,551400,35.83
2013-04-23,36.98,37.38,36.76,37.36,896800,35.97
2013-04-22,36.73,37.00,36.35,36.81,638400,35.44
2013-04-19,36.48,36.75,36.18,36.67,822600,35.30
2013-04-18,36.54,36.63,36.07,36.50,754700,35.14
2013-04-17,36.77,36.77,35.95,36.44,1035700,35.08
2013-04-16,36.44,36.97,36.41,36.97,840600,35.59
2013-04-15,37.07,37.20,36.25,36.25,759600,34.90
2013-04-12,37.69,37.76,36.92,37.20,1711400,35.81
2013-04-11,37.15,37.83,37.03,37.78,1298600,36.37
2013-04-10,36.60,37.27,36.40,37.16,1017300,35.77
2013-04-09,36.45,36.71,36.08,36.51,498700,35.15
2013-04-08,36.11,36.44,35.93,36.44,426500,35.08
2013-04-05,36.10,36.17,35.63,36.13,631700,34.78
2013-04-04,36.16,36.84,36.03,36.44,957100,35.08
2013-04-03,36.27,36.40,35.70,36.10,917700,34.75
2013-04-02,36.10,36.55,36.10,36.27,1056700,34.92
2013-04-01,36.25,36.28,35.89,36.02,869900,34.68
2013-03-28,35.56,36.32,35.41,36.31,1393300,34.95
2013-03-27,35.45,35.76,35.34,35.65,541600,34.32
2013-03-26,35.80,36.00,35.49,35.69,1558100,34.36
2013-03-25,35.70,35.91,35.50,35.66,820900,34.33
2013-03-22,35.79,35.96,35.42,35.55,661100,34.22
2013-03-21,35.82,35.98,35.49,35.67,729700,34.34
2013-03-20,36.41,36.65,36.17,36.28,745200,34.67
2013-03-19,36.40,36.49,36.02,36.31,910800,34.69
2013-03-18,36.08,36.51,35.96,36.41,834600,34.79
2013-03-15,36.40,36.51,35.99,36.38,1665900,34.76
2013-03-14,36.46,36.67,36.36,36.56,761200,34.93
2013-03-13,36.40,36.44,36.04,36.40,968500,34.78
2013-03-12,35.70,36.47,35.63,36.38,1440900,34.76
2013-03-11,34.84,35.82,34.80,35.78,1368000,34.19
2013-03-08,34.89,34.99,34.62,34.88,845100,33.33
2013-03-07,34.85,35.02,34.62,34.72,641100,33.17
2013-03-06,35.25,35.35,34.70,34.81,1214200,33.26
2013-03-05,34.79,35.15,34.60,35.15,1224300,33.59
2013-03-04,34.58,34.67,34.23,34.61,1034800,33.07
2013-03-01,34.37,34.72,34.25,34.63,1474200,33.09
2013-02-28,33.97,34.74,33.36,34.50,2037500,32.96
2013-02-27,34.61,35.16,34.50,34.98,1440300,33.42
2013-02-26,34.20,34.67,34.11,34.59,1274500,33.05
2013-02-25,34.71,34.85,34.06,34.06,1067000,32.54
2013-02-22,34.58,34.80,34.45,34.53,1217100,32.99
2013-02-21,34.52,34.57,33.99,34.43,2756100,32.90
2013-02-20,34.99,35.14,34.63,34.67,1246400,33.13
2013-02-19,34.72,34.99,34.54,34.96,1704500,33.40
2013-02-15,34.61,34.76,34.41,34.71,1213300,33.17
2013-02-14,34.50,34.72,34.47,34.56,775100,33.02
2013-02-13,34.58,34.64,34.49,34.51,619700,32.97
2013-02-12,33.97,34.59,33.94,34.47,893700,32.94
2013-02-11,34.17,34.30,33.88,34.03,787600,32.52
2013-02-08,34.63,34.70,33.88,34.25,1294900,32.73
2013-02-07,34.53,34.74,34.28,34.64,1302800,33.10
2013-02-06,34.19,34.50,33.98,34.50,1038300,32.96
2013-02-05,34.20,34.33,34.00,34.25,981600,32.73
2013-02-04,34.29,34.45,33.92,33.96,1143200,32.45
2013-02-01,34.32,34.56,34.29,34.51,1226800,32.97
2013-01-31,34.29,34.44,34.07,34.21,2219200,32.69
2013-01-30,34.28,34.55,34.15,34.42,1347500,32.89
2013-01-29,34.07,34.27,33.91,34.25,1063900,32.73
2013-01-28,34.25,34.36,33.89,34.15,669300,32.63
2013-01-25,34.36,34.47,34.11,34.29,1007300,32.76
2013-01-24,34.44,34.65,34.14,34.27,860400,32.75
2013-01-23,34.39,34.49,33.92,34.47,1060400,32.94
2013-01-22,34.14,34.34,33.99,34.33,1019600,32.80
2013-01-18,33.95,34.22,33.71,34.20,1345200,32.68
2013-01-17,33.52,33.97,33.50,33.87,1295300,32.36
2013-01-16,33.48,33.54,33.33,33.43,896700,31.94
2013-01-15,32.84,33.62,32.84,33.62,1214300,32.12
2013-01-14,32.85,33.00,32.61,32.99,710600,31.52
2013-01-11,33.19,33.33,32.80,32.84,1009300,31.38
2013-01-10,32.54,33.12,32.28,33.10,1833300,31.63
2013-01-09,32.62,32.71,32.41,32.51,977800,31.06
2013-01-08,32.92,33.03,32.59,32.60,615300,31.15
2013-01-07,33.00,33.18,32.87,33.00,799500,31.53
2013-01-04,32.69,33.23,32.69,33.20,1375500,31.72
2013-01-03,32.14,32.84,32.12,32.67,1635300,31.22
2013-01-02,31.45,32.08,31.45,32.08,1329400,30.65
2012-12-31,30.65,31.16,30.55,31.05,1007400,29.67
2012-12-28,30.72,31.21,30.63,30.68,1441000,29.31
2012-12-27,30.98,31.09,30.63,30.93,1427600,29.55
2012-12-26,31.15,31.30,30.91,31.00,837200,29.62
2012-12-24,31.30,31.78,31.09,31.15,538500,29.76
2012-12-21,30.55,31.69,30.51,31.43,2807700,30.03
2012-12-20,31.07,31.31,30.81,31.24,778200,29.59
2012-12-19,31.27,31.34,31.04,31.11,1020600,29.47
2012-12-18,30.97,31.30,30.79,31.26,1006700,29.61
2012-12-17,31.02,31.08,30.78,30.96,933600,29.33
2012-12-14,30.66,31.01,30.50,30.94,1141100,29.31
2012-12-13,31.28,31.28,30.65,30.71,1368100,29.09
2012-12-12,31.25,31.45,31.12,31.25,1059100,29.60
2012-12-11,31.27,31.30,31.03,31.19,1754900,29.54
2012-12-10,31.35,31.41,31.10,31.21,1357100,29.56
2012-12-07,31.29,31.60,30.75,31.34,5809500,29.69
2012-12-06,31.40,31.45,31.12,31.20,1656100,29.55
2012-12-05,31.58,31.62,31.27,31.46,1016900,29.80
2012-12-04,31.61,31.70,31.25,31.47,1869400,29.81
2012-12-03,31.78,31.98,31.44,31.64,2082700,29.97
2012-11-30,31.54,31.69,31.39,31.60,1802900,29.93
2012-11-29,31.74,32.00,31.46,31.49,2145400,29.83
2012-11-28,31.92,31.92,31.49,31.60,2095200,29.93
2012-11-27,32.11,32.27,31.72,31.91,3201800,30.23
2012-11-26,32.52,32.65,32.00,32.01,2766100,30.32
2012-11-23,32.75,32.92,32.59,32.60,902200,30.88
2012-11-21,33.08,33.25,32.30,32.59,2183000,30.87
2012-11-20,33.31,33.39,32.94,33.10,567300,31.35
2012-11-19,33.00,33.32,32.44,33.31,3120200,31.55
2012-11-16,32.65,33.07,32.55,32.69,1526800,30.97
2012-11-15,33.21,33.25,32.56,32.61,1508400,30.89
2012-11-14,33.62,33.81,33.11,33.20,834300,31.45
2012-11-13,33.83,34.20,33.54,33.59,1613400,31.82
2012-11-12,34.19,34.44,33.90,33.96,1118200,32.17
2012-11-09,34.01,34.54,33.99,34.20,936800,32.40
2012-11-08,34.25,34.46,33.95,34.07,920900,32.27
2012-11-07,34.55,34.72,34.12,34.26,1007400,32.45
2012-11-06,34.92,35.08,34.58,34.81,1426300,32.97
2012-11-05,34.64,34.87,34.54,34.80,743700,32.96
2012-11-02,35.32,35.48,34.76,34.76,1175900,32.93
2012-11-01,34.47,35.32,34.18,35.20,2836800,33.34
2012-10-31,34.15,34.91,34.09,34.60,2221700,32.77
2012-10-26,33.64,34.15,33.44,33.99,942300,32.20
2012-10-25,33.67,33.81,33.40,33.68,681900,31.90
2012-10-24,33.59,33.62,33.35,33.42,738700,31.66
2012-10-23,33.38,33.58,33.18,33.45,1117000,31.69
2012-10-22,33.93,33.99,33.45,33.69,983300,31.91
2012-10-19,33.81,34.37,33.67,34.08,2134100,32.28
2012-10-18,33.65,34.27,33.41,33.78,2079300,32.00
2012-10-17,36.50,37.70,36.50,37.69,2310800,31.85
2012-10-16,36.16,36.63,35.91,36.48,1479300,30.82
2012-10-15,35.29,35.99,34.78,35.95,1841300,30.38
2012-10-12,35.74,35.91,35.22,35.24,1916100,29.78
2012-10-11,34.51,36.68,34.28,35.96,4739800,30.38
2012-10-10,34.74,34.74,34.22,34.35,1234100,29.02
2012-10-09,34.89,34.99,34.61,34.78,814000,29.39
2012-10-08,34.91,34.97,34.68,34.91,677500,29.50
2012-10-05,34.76,35.09,34.73,34.94,1106000,29.52
2012-10-04,34.60,34.97,34.52,34.61,1532800,29.24
2012-10-03,34.25,34.60,34.16,34.45,849600,29.11
2012-10-02,33.79,34.20,33.78,34.09,1089700,28.80
2012-10-01,34.14,34.25,33.53,33.69,879300,28.47
2012-09-28,33.55,34.15,33.30,34.11,1445200,28.82
2012-09-27,33.71,33.86,33.44,33.62,965800,28.41
2012-09-26,33.63,33.82,33.38,33.61,1220000,28.40
2012-09-25,34.07,34.18,33.54,33.66,2177000,28.44
2012-09-24,33.79,34.18,33.63,34.07,1295000,28.79
2012-09-21,33.87,33.89,33.58,33.89,3235200,28.64
2012-09-20,33.39,33.81,33.36,33.80,969700,28.33
2012-09-19,33.30,33.70,33.21,33.65,1029700,28.21
2012-09-18,33.27,33.42,33.07,33.27,892600,27.89
2012-09-17,33.10,33.48,32.75,33.26,1087800,27.88
2012-09-14,32.87,33.30,32.84,33.30,1171600,27.91
2012-09-13,33.03,33.08,32.75,32.93,1527000,27.60
2012-09-12,32.79,33.10,32.73,33.08,1051200,27.73
2012-09-11,32.83,32.94,32.54,32.63,677200,27.35
2012-09-10,33.14,33.14,32.61,32.89,737400,27.57
2012-09-07,33.00,33.03,32.85,32.99,841500,27.65
2012-09-06,32.62,33.04,32.54,33.00,900700,27.66
2012-09-05,32.51,32.70,32.06,32.48,697600,27.22
2012-09-04,32.73,32.74,32.27,32.56,934400,27.29
2012-08-31,33.02,33.12,32.50,32.80,1459800,27.49
2012-08-30,32.83,33.00,32.50,32.95,1248200,27.62
2012-08-29,32.08,33.07,32.06,33.00,2572300,27.66
2012-08-28,32.08,32.31,32.06,32.14,1053300,26.94
2012-08-27,32.55,32.65,32.14,32.18,833600,26.97
2012-08-24,32.44,32.72,32.40,32.55,1107000,27.28
2012-08-23,32.94,33.30,32.49,32.52,917000,27.26
2012-08-22,33.00,33.04,32.75,32.86,746200,27.54
2012-08-21,33.24,33.27,32.92,33.00,949300,27.66
2012-08-20,33.44,33.44,33.05,33.21,542600,27.84
2012-08-17,33.44,33.59,33.33,33.53,844300,28.10
2012-08-16,33.37,33.46,33.20,33.36,1070700,27.96
2012-08-15,33.43,33.65,33.35,33.39,2078400,27.99
2012-08-14,33.76,33.81,33.35,33.41,961100,28.00
2012-08-13,33.58,33.74,33.35,33.59,494600,28.16
2012-08-10,33.21,33.71,33.08,33.69,616000,28.24
2012-08-09,33.12,33.51,33.11,33.32,806500,27.93
2012-08-08,32.96,33.34,32.83,33.34,1166900,27.95
2012-08-07,32.90,33.19,32.80,33.18,898500,27.81
2012-08-06,32.86,33.01,32.64,32.75,545700,27.45
2012-08-03,32.41,32.86,32.32,32.82,873600,27.51
2012-08-02,31.77,32.05,31.53,31.99,809800,26.81
2012-08-01,32.30,32.38,31.98,32.24,809800,27.02
2012-07-31,32.28,32.31,31.99,32.21,608300,27.00
2012-07-30,32.61,32.80,32.18,32.40,802300,27.16
2012-07-27,32.40,33.05,32.00,32.76,1110100,27.46
2012-07-26,31.64,32.36,31.48,32.30,1329200,27.07
2012-07-25,31.35,31.49,31.11,31.28,777600,26.22
2012-07-24,31.45,31.59,31.03,31.22,1700900,26.17
2012-07-23,31.18,31.57,31.00,31.50,1205100,26.40
2012-07-20,31.96,32.02,31.51,31.68,1300600,26.55
2012-07-19,32.02,32.49,31.68,32.25,1419300,27.03
2012-07-18,31.83,32.27,31.72,32.01,1143000,26.83
2012-07-17,31.50,31.97,31.31,31.90,1613500,26.74
2012-07-16,31.65,31.71,31.26,31.50,617700,26.40
2012-07-13,31.35,31.80,31.28,31.77,750400,26.63
2012-07-12,31.18,31.40,30.91,31.25,2742500,26.19
2012-07-11,31.60,31.71,30.99,31.21,1905300,26.16
2012-07-10,32.32,32.32,31.37,31.54,1643300,26.44
2012-07-09,32.09,32.24,31.97,32.23,790800,27.02
2012-07-06,32.48,32.48,32.11,32.23,842800,27.02
2012-07-05,32.28,32.93,32.20,32.77,1000800,27.47
2012-07-03,32.57,32.70,32.32,32.39,761400,27.15
2012-07-02,32.90,32.99,32.52,32.55,1243500,27.28
2012-06-29,32.90,33.06,32.71,32.96,2009500,27.63
2012-06-28,32.41,32.42,31.90,32.32,2239800,27.09
2012-06-27,32.62,32.90,32.50,32.56,1119300,27.29
2012-06-26,32.49,32.71,32.30,32.47,991000,27.22
2012-06-25,32.80,32.99,32.24,32.69,1532000,27.40
2012-06-22,32.63,32.81,32.41,32.78,1511700,27.48
2012-06-21,33.01,33.01,32.44,32.53,1216500,27.27
2012-06-20,33.11,33.11,32.58,33.01,1421900,27.67
2012-06-19,33.09,33.50,32.98,33.20,2613300,27.60
2012-06-18,33.03,33.40,32.83,33.08,1735800,27.50
2012-06-15,32.88,33.18,32.71,33.18,1785000,27.59
2012-06-14,32.78,32.97,32.59,32.79,3622900,27.26
2012-06-13,32.41,33.11,32.41,32.85,3446000,27.31
2012-06-12,32.62,32.75,32.23,32.62,2230400,27.12
2012-06-11,33.17,33.30,32.52,32.53,2554700,27.05
2012-06-08,31.99,32.76,31.91,32.72,2287100,27.20
2012-06-07,32.45,32.69,31.87,32.10,4589600,26.69
2012-06-06,31.87,32.33,30.71,32.32,10054800,26.87
2012-06-05,27.37,28.58,27.36,28.40,2977700,23.61
2012-06-04,27.50,27.60,27.10,27.41,1610400,22.79
2012-06-01,28.00,28.17,27.37,27.53,2372900,22.89
2012-05-31,28.80,28.80,28.01,28.35,2574200,23.57
2012-05-30,29.25,29.33,28.72,28.73,1183400,23.89
2012-05-29,29.48,29.83,29.29,29.43,1343300,24.47
2012-05-25,29.15,29.46,29.14,29.30,748800,24.36
2012-05-24,29.04,29.45,28.96,29.17,1701200,24.25
2012-05-23,28.45,29.09,28.37,29.04,1429100,24.14
2012-05-22,28.74,28.90,28.45,28.60,1718600,23.78
2012-05-21,28.72,28.86,28.47,28.70,1739500,23.86
2012-05-18,29.21,29.22,28.42,28.53,2641300,23.72
2012-05-17,29.93,29.93,29.07,29.15,1701300,24.23
2012-05-16,30.38,30.52,29.82,29.90,1743000,24.86
2012-05-15,30.61,30.67,30.07,30.20,2169000,25.11
2012-05-14,30.71,30.85,30.52,30.63,880100,25.47
2012-05-11,30.76,31.13,30.65,30.94,1142900,25.72
2012-05-10,31.21,31.36,30.69,30.83,2761700,25.63
2012-05-09,31.09,31.29,30.85,30.99,1513400,25.76
2012-05-08,31.62,31.82,31.10,31.34,1386400,26.06
2012-05-07,31.26,31.82,31.21,31.78,2182000,26.42
2012-05-04,31.42,31.42,31.00,31.26,2061600,25.99
2012-05-03,31.11,31.20,30.76,30.92,2370900,25.71
2012-05-02,30.41,31.16,30.37,31.10,4183000,25.86
2012-05-01,30.36,30.73,30.23,30.48,1903200,25.34
2012-04-30,30.69,30.69,30.33,30.37,1139600,25.25
2012-04-27,30.16,30.75,29.94,30.69,1718200,25.52
2012-04-26,29.90,30.45,29.20,30.14,2832500,25.06
2012-04-25,30.20,30.27,30.05,30.17,1371500,25.08
2012-04-24,30.01,30.02,29.84,29.91,2124600,24.87
2012-04-23,29.91,29.98,29.56,29.96,1630800,24.91
2012-04-20,29.60,30.16,29.59,30.16,1685400,25.07
2012-04-19,29.27,29.59,29.08,29.55,1354100,24.57
2012-04-18,29.43,29.50,29.12,29.22,1051700,24.29
2012-04-17,29.59,29.88,29.46,29.58,1254600,24.59
2012-04-16,29.81,29.86,29.38,29.52,1891800,24.54
2012-04-13,29.53,29.78,29.42,29.65,1689400,24.65
2012-04-12,28.95,29.56,28.76,29.55,2419700,24.57
2012-04-11,28.75,28.98,28.64,28.89,1331500,24.02
2012-04-10,28.83,28.87,28.49,28.56,3005300,23.74
2012-04-09,28.61,28.94,28.59,28.88,2786000,24.01
2012-04-05,28.64,28.86,28.51,28.86,1588900,23.99
2012-04-04,28.67,28.78,28.53,28.78,1109000,23.93
2012-04-03,28.91,29.12,28.79,28.82,1915300,23.96
2012-04-02,28.74,28.97,28.62,28.90,1036200,24.03
2012-03-30,28.75,28.85,28.68,28.80,1481600,23.94
2012-03-29,28.43,28.75,28.43,28.73,1363400,23.89
2012-03-28,29.02,29.13,28.45,28.60,1133100,23.78
2012-03-27,28.88,29.20,28.84,29.13,1031500,24.22
2012-03-26,28.72,28.94,28.63,28.90,1088600,24.03
2012-03-23,28.61,28.67,28.35,28.51,925900,23.70
2012-03-22,29.00,29.04,28.54,28.65,1465800,23.82
2012-03-21,29.14,29.34,29.05,29.15,2035400,24.23
2012-03-20,29.24,29.31,29.15,29.20,1453100,24.07
2012-03-19,29.19,29.41,29.03,29.33,1137200,24.18
2012-03-16,29.08,29.24,28.95,29.19,5178400,24.06
2012-03-15,29.03,29.18,28.94,29.11,2999900,23.99
2012-03-14,28.97,29.04,28.80,29.00,1851100,23.90
2012-03-13,29.00,29.15,28.86,29.07,1806900,23.96
2012-03-12,28.85,28.92,28.55,28.89,1602800,23.81
2012-03-09,28.92,28.96,28.75,28.78,1638800,23.72
2012-03-08,29.04,29.19,28.78,28.84,1481800,23.77
2012-03-07,28.85,29.00,28.72,28.87,1844900,23.80
2012-03-06,29.26,29.36,28.83,28.87,2081700,23.80
2012-03-05,30.27,30.36,29.43,29.45,2264800,24.27
2012-03-02,30.76,30.99,30.41,30.41,1020300,25.07
2012-03-01,31.08,31.44,30.74,30.84,1753900,25.42
2012-02-29,30.96,31.40,30.89,31.05,3695600,25.59
2012-02-28,31.62,31.70,30.87,30.96,1349400,25.52
2012-02-27,31.31,32.20,31.10,31.58,2525400,26.03
2012-02-24,30.24,31.48,30.19,31.44,2857600,25.92
2012-02-23,30.28,30.28,28.99,30.25,4016300,24.93
2012-02-22,30.78,31.09,30.67,30.82,1367900,25.40
2012-02-21,30.94,31.13,30.56,30.60,1051500,25.22
2012-02-17,30.57,30.96,30.57,30.93,1440300,25.49
2012-02-16,30.28,30.48,30.15,30.43,1374800,25.08
2012-02-15,30.60,30.69,30.21,30.33,690100,25.00
2012-02-14,30.66,30.81,30.41,30.56,790500,25.19
2012-02-13,30.63,30.89,30.46,30.77,746700,25.36
2012-02-10,30.65,30.87,30.44,30.47,681000,25.12
2012-02-09,30.91,31.08,30.59,30.83,1327200,25.41
2012-02-08,30.89,30.97,30.72,30.87,483700,25.45
2012-02-07,30.48,30.96,30.32,30.89,575400,25.46
2012-02-06,30.67,30.97,30.54,30.61,753700,25.23
2012-02-03,31.03,31.14,30.77,30.85,714700,25.43
2012-02-02,30.84,31.20,30.73,30.75,674400,25.35
2012-02-01,31.06,31.14,30.79,30.85,995100,25.43
2012-01-31,31.04,31.19,30.79,30.82,872900,25.40
2012-01-30,30.88,31.01,30.67,30.94,833800,25.50
2012-01-27,31.13,31.29,30.95,31.06,1018700,25.60
2012-01-26,31.90,32.04,31.18,31.23,821000,25.74
2012-01-25,31.50,31.85,31.28,31.77,645500,26.19
2012-01-24,31.51,31.69,31.34,31.51,545700,25.97
2012-01-23,31.84,32.12,31.49,31.56,644100,26.01
2012-01-20,32.01,32.24,31.80,31.92,1207600,26.31
2012-01-19,32.00,32.13,31.84,32.01,683000,26.38
2012-01-18,31.65,32.00,31.57,31.92,1326500,26.31
2012-01-17,31.88,31.96,31.54,31.70,1142800,26.13
2012-01-13,31.42,31.90,31.39,31.55,958400,26.01
2012-01-12,31.61,31.73,31.27,31.52,947100,25.98
2012-01-11,31.90,31.95,31.54,31.58,880600,26.03
2012-01-10,31.66,32.13,31.64,32.08,1008900,26.44
2012-01-09,31.61,31.71,31.26,31.45,975900,25.92
2012-01-06,31.16,31.70,31.07,31.62,1092300,26.06
2012-01-05,30.98,31.34,30.87,31.18,1145400,25.70
2012-01-04,30.86,31.19,30.79,31.15,1588000,25.68
2012-01-03,31.20,31.32,30.99,31.01,1653700,25.56
2011-12-30,30.92,31.03,30.79,30.80,764400,25.39
2011-12-29,30.79,31.04,30.79,31.02,815500,25.57
2011-12-28,30.72,31.04,30.46,30.69,1171300,25.30
2011-12-27,30.76,30.84,30.46,30.64,1301900,25.26
2011-12-23,30.75,30.82,30.45,30.73,1591900,25.33
2011-12-22,30.80,30.96,30.67,30.74,1350400,25.34
2011-12-21,30.73,30.86,30.28,30.64,1638600,25.26
2011-12-20,30.44,31.16,30.39,30.96,1898600,25.31
2011-12-19,30.33,30.66,29.90,30.03,1500000,24.55
2011-12-16,29.90,30.28,29.82,30.16,3149200,24.66
2011-12-15,29.46,29.82,29.45,29.64,1395900,24.23
2011-12-14,29.29,29.45,29.03,29.24,1295400,23.91
2011-12-13,29.73,29.89,29.31,29.45,1404300,24.08
2011-12-12,29.66,29.78,29.34,29.50,1042000,24.12
2011-12-09,29.37,30.01,29.34,29.92,1527400,24.46
2011-12-08,29.58,29.80,29.30,29.33,1774500,23.98
2011-12-07,30.07,30.07,29.39,29.77,1801500,24.34
2011-12-06,30.25,30.47,30.00,30.18,2185300,24.68
2011-12-05,30.30,30.36,29.94,30.17,2734200,24.67
2011-12-02,29.88,30.23,29.72,29.90,1820300,24.45
2011-12-01,30.41,30.43,29.57,29.60,3012800,24.20
2011-11-30,30.41,30.47,30.11,30.37,2553300,24.83
2011-11-29,29.48,29.93,29.48,29.63,2079100,24.23
2011-11-28,29.16,29.65,29.03,29.34,1873300,23.99
2011-11-25,28.47,28.84,28.41,28.57,569700,23.36
2011-11-23,28.63,28.84,28.34,28.57,1745000,23.36
2011-11-22,29.13,29.25,28.83,28.89,1335600,23.62
2011-11-21,29.29,29.41,28.97,29.15,2320300,23.83
2011-11-18,29.83,29.90,29.50,29.60,1533600,24.20
2011-11-17,29.84,30.03,29.43,29.67,1812000,24.26
2011-11-16,29.89,30.15,29.79,29.88,3816300,24.43
2011-11-15,29.82,30.30,29.82,30.17,1193400,24.67
2011-11-14,30.20,30.25,29.87,29.96,1719400,24.50
2011-11-11,30.02,30.26,29.99,30.22,1750000,24.71
2011-11-10,29.73,29.93,29.45,29.62,1937400,24.22
2011-11-09,29.65,29.92,29.24,29.40,2093000,24.04
2011-11-08,30.53,30.63,30.00,30.28,1948500,24.76
2011-11-07,30.21,30.37,29.88,30.32,2087200,24.79
2011-11-04,30.22,30.44,29.98,30.23,1808700,24.72
2011-11-03,30.42,30.60,30.14,30.47,2676100,24.91
2011-11-02,30.60,30.60,30.08,30.22,2433500,24.71
2011-11-01,30.00,30.30,29.83,29.97,3920800,24.50
2011-10-31,30.85,31.39,30.63,30.93,2311600,25.29
2011-10-28,31.27,31.58,30.61,31.22,1973200,25.53
2011-10-27,33.70,33.70,31.05,31.77,3320000,25.98
2011-10-26,32.73,32.90,31.99,32.67,1593600,26.71
2011-10-25,33.02,33.25,32.35,32.41,1084100,26.50
2011-10-24,32.80,33.31,32.73,33.20,1136200,27.14
2011-10-21,32.52,32.80,32.40,32.77,1673400,26.79
2011-10-20,31.90,32.27,31.73,32.17,902000,26.30
2011-10-19,32.81,32.81,31.77,31.84,1169600,26.03
2011-10-18,31.64,32.59,31.39,32.40,1381700,26.49
2011-10-17,31.85,32.32,31.64,31.73,1432200,25.94
2011-10-14,31.56,32.01,31.47,31.95,1233300,26.12
2011-10-13,30.92,31.35,30.73,31.29,1132300,25.58
2011-10-12,30.36,31.31,30.33,31.11,1660500,25.44
2011-10-11,30.13,30.41,30.07,30.20,1863400,24.69
2011-10-10,30.20,30.43,29.77,30.43,3074300,24.88
2011-10-07,29.67,30.07,29.21,29.60,3401200,24.20
2011-10-06,29.85,29.95,28.83,29.46,7770000,24.09
2011-10-05,30.36,30.36,29.70,29.85,5779100,24.41
2011-10-04,29.59,30.41,29.14,30.31,4200000,24.78
2011-10-03,31.35,31.88,30.34,30.35,1697600,24.81
2011-09-30,31.93,32.47,31.61,31.62,2036300,25.85
2011-09-29,32.71,32.90,31.60,32.31,1025900,26.42
2011-09-28,32.60,32.96,32.03,32.13,1168700,26.27
2011-09-27,32.59,33.10,32.33,32.54,1131100,26.61
2011-09-26,30.82,32.02,30.64,31.89,1884900,26.07
2011-09-23,30.98,30.98,30.38,30.65,1573200,25.06
2011-09-22,31.34,31.64,30.58,30.97,1917400,25.32
2011-09-21,33.46,33.74,32.14,32.18,1303600,26.31
2011-09-20,34.00,34.77,33.79,33.79,1487600,27.42
2011-09-19,33.01,34.00,32.89,33.82,1189800,27.45
2011-09-16,33.95,34.16,33.46,33.68,2071100,27.33
2011-09-15,33.54,33.89,33.10,33.89,1438800,27.50
2011-09-14,32.57,33.77,32.23,33.36,1933600,27.07
2011-09-13,31.81,32.48,31.64,32.37,1088900,26.27
2011-09-12,31.18,31.76,30.87,31.73,1464100,25.75
2011-09-09,32.21,32.34,31.24,31.49,1568100,25.56
2011-09-08,32.40,32.87,32.24,32.40,1509000,26.29
2011-09-07,32.07,32.67,32.00,32.67,1907100,26.51
2011-09-06,30.62,31.57,30.41,31.51,2068100,25.57
2011-09-02,31.98,32.00,31.41,31.52,1557700,25.58
2011-09-01,32.47,33.07,32.46,32.55,1992200,26.42
2011-08-31,32.84,32.90,32.19,32.54,2205800,26.41
2011-08-30,32.24,32.79,32.06,32.50,2256200,26.38
2011-08-29,32.07,32.50,32.00,32.40,2008500,26.29
2011-08-26,30.91,31.70,30.47,31.57,2332500,25.62
2011-08-25,31.94,32.06,31.02,31.19,1520200,25.31
2011-08-24,31.51,32.10,31.43,32.01,1821900,25.98
2011-08-23,30.48,31.76,30.38,31.71,1939100,25.73
2011-08-22,30.45,30.63,30.01,30.34,1345300,24.62
2011-08-19,29.86,30.75,29.84,30.09,1632100,24.42
2011-08-18,31.11,31.34,29.99,30.22,2948500,24.53
2011-08-17,32.14,32.49,31.72,31.93,1508300,25.91
2011-08-16,31.69,32.32,31.60,32.00,1889300,25.97
2011-08-15,31.33,32.05,31.18,32.05,1627900,26.01
2011-08-12,30.75,31.43,30.75,31.12,1870400,25.26
2011-08-11,28.83,31.01,28.83,30.63,3238500,24.86
2011-08-10,28.85,29.74,28.54,28.67,3424400,23.27
2011-08-09,28.19,29.34,27.68,29.32,5435300,23.80
2011-08-08,29.92,30.27,27.92,27.92,5557300,22.66
2011-08-05,30.82,30.97,29.98,30.52,4932200,24.77
2011-08-04,30.92,31.04,30.07,30.47,4213200,24.73
2011-08-03,30.90,31.32,30.60,31.26,2663600,25.37
2011-08-02,31.16,31.74,30.81,30.83,2994200,25.02
2011-08-01,31.88,32.08,31.33,31.42,2618800,25.50
2011-07-29,31.45,31.90,31.02,31.63,2298000,25.67
2011-07-28,33.40,33.84,31.55,31.69,6385800,25.72
2011-07-27,34.17,34.18,33.15,33.46,2917000,27.15
2011-07-26,34.50,34.72,34.27,34.36,1562100,27.89
2011-07-25,34.40,34.84,34.27,34.63,1270900,28.10
2011-07-22,34.79,34.96,34.60,34.68,900000,28.15
2011-07-21,34.65,35.16,34.64,34.76,1669400,28.21
2011-07-20,34.74,34.86,34.40,34.49,874600,27.99
2011-07-19,34.20,34.71,34.15,34.63,1191800,28.10
2011-07-18,34.64,34.64,33.85,34.12,1260700,27.69
2011-07-15,35.24,35.25,34.18,34.52,2414200,28.02
2011-07-14,35.34,35.73,34.87,35.11,2796300,28.49
2011-07-13,35.36,35.79,35.26,35.34,2000600,28.68
2011-07-12,34.97,35.47,34.94,35.22,2018200,28.58
2011-07-11,35.05,35.41,35.00,35.09,1863800,28.48
2011-07-08,35.04,35.46,34.97,35.39,2120200,28.72
2011-07-07,35.00,35.54,34.93,35.40,1545000,28.73
2011-07-06,34.66,35.03,34.37,35.00,2900800,28.40
2011-07-05,34.30,34.78,34.20,34.63,1651500,28.10
2011-07-01,34.05,34.56,34.02,34.39,1810900,27.91
2011-06-30,33.67,34.17,33.65,34.09,3967300,27.67
2011-06-29,33.59,33.79,33.44,33.65,936300,27.31
2011-06-28,33.10,33.55,32.92,33.46,1183800,27.15
2011-06-27,32.83,33.41,32.79,33.04,1053600,26.81
2011-06-24,33.12,33.32,32.62,32.83,1307700,26.64
2011-06-23,32.71,33.23,32.51,33.16,1218700,26.91
2011-06-22,33.12,33.41,32.88,33.01,1141600,26.79
2011-06-21,32.97,33.52,32.90,33.34,1548800,26.85
2011-06-20,32.49,32.99,32.48,32.85,786800,26.46
2011-06-17,32.42,33.01,32.38,32.55,1703700,26.22
2011-06-16,32.33,32.57,31.83,32.14,1831300,25.89
2011-06-15,32.37,32.60,31.97,32.26,1683200,25.98
2011-06-14,32.56,32.95,32.47,32.55,1639400,26.22
2011-06-13,32.04,32.59,31.97,32.25,2598700,25.98
2011-06-10,32.29,32.44,31.87,31.91,1922100,25.70
2011-06-09,32.18,32.60,31.98,32.43,803800,26.12
2011-06-08,32.12,32.40,31.89,32.12,974300,25.87
2011-06-07,32.22,32.51,31.95,32.20,945900,25.94
2011-06-06,32.53,32.75,31.97,32.07,1653700,25.83
2011-06-03,32.76,33.08,32.47,32.65,1539600,26.30
2011-06-02,33.10,33.38,33.01,33.21,1299300,26.75
2011-06-01,33.83,33.93,33.05,33.17,2668300,26.72
2011-05-31,34.10,34.31,33.89,34.01,1994300,27.39
2011-05-27,33.70,34.08,33.70,33.98,1344600,27.37
2011-05-26,33.00,33.82,32.87,33.71,1461300,27.15
2011-05-25,32.72,33.12,32.57,33.08,1610200,26.65
2011-05-24,32.89,33.03,32.79,32.85,1335300,26.46
2011-05-23,32.61,33.07,32.47,32.89,1337900,26.49
2011-05-20,32.82,33.15,32.52,33.00,1767100,26.58
2011-05-19,33.26,33.30,32.62,32.88,1791600,26.48
2011-05-18,32.86,33.20,32.72,33.18,1109800,26.73
2011-05-17,32.81,33.10,32.60,32.94,1755500,26.53
2011-05-16,32.69,33.34,32.54,32.66,1560800,26.31
2011-05-13,32.92,32.92,32.24,32.43,1439200,26.12
2011-05-12,32.51,33.04,32.29,32.98,2250000,26.56
2011-05-11,32.67,32.92,32.24,32.64,2072500,26.29
2011-05-10,32.28,32.79,32.12,32.60,2259300,26.26
2011-05-09,31.72,32.29,31.40,32.20,2047900,25.94
2011-05-06,31.96,32.15,31.52,31.66,2363000,25.50
2011-05-05,31.99,32.12,31.65,31.74,1925100,25.57
2011-05-04,32.14,32.47,32.01,32.10,2032100,25.86
2011-05-03,32.02,32.39,31.84,32.19,2930100,25.93
2011-05-02,31.88,32.28,31.85,32.20,2484500,25.94
2011-04-29,31.64,31.94,31.47,31.85,2468900,25.65
2011-04-28,31.42,31.98,31.42,31.67,2522200,25.51
2011-04-27,31.80,32.11,31.54,31.67,2365600,25.51
2011-04-26,31.66,32.15,31.62,31.81,2300000,25.62
2011-04-25,31.75,31.84,31.22,31.74,3203200,25.57
2011-04-21,32.97,33.25,31.44,31.79,8471700,25.61
2011-04-20,35.45,35.50,32.96,33.00,12628500,26.58
2011-04-19,35.02,35.50,34.33,34.90,16215200,28.11
2011-04-18,33.98,34.08,33.57,33.90,4332000,27.31
2011-04-15,34.67,34.69,34.24,34.53,2258100,27.81
2011-04-14,34.00,34.66,33.76,34.61,9845500,27.88
2011-04-13,32.80,33.10,32.80,32.96,1462200,26.55
2011-04-12,32.80,33.09,32.73,32.83,1088400,26.44
2011-04-11,33.32,33.40,32.79,32.98,2144500,26.56
2011-04-08,33.32,33.85,33.12,33.37,2160100,26.88
2011-04-07,33.31,33.49,32.88,33.20,5972100,26.74
2011-04-06,32.78,33.68,32.65,33.52,3043900,27.00
2011-04-05,32.32,32.94,32.23,32.75,2518600,26.38
2011-04-04,31.44,32.60,31.30,32.44,3146600,26.13
2011-04-01,31.23,31.54,31.18,31.53,2442400,25.40
2011-03-31,31.11,31.32,30.95,31.23,2749100,25.16
2011-03-30,31.46,31.53,31.10,31.26,1711400,25.18
2011-03-29,30.86,31.50,30.85,31.42,2282200,25.31
2011-03-28,30.97,31.17,30.85,30.86,2217300,24.86
2011-03-25,31.06,31.27,30.95,30.99,3156200,24.96
2011-03-24,31.05,31.34,30.85,31.15,6044400,25.09
2011-03-23,29.26,31.08,29.23,30.90,6517000,24.89
2011-03-22,28.76,29.55,28.73,29.52,2887900,23.63
2011-03-21,28.94,28.95,28.74,28.85,1282800,23.09
2011-03-18,28.77,28.95,28.54,28.69,3314800,22.96
2011-03-17,28.57,28.78,28.29,28.50,3213700,22.81
2011-03-16,28.36,28.52,27.92,28.24,2930300,22.60
2011-03-15,27.62,28.56,27.62,28.40,3695300,22.73
2011-03-14,28.21,28.47,28.00,28.42,1949100,22.75
2011-03-11,27.69,28.52,27.69,28.40,3932000,22.73
2011-03-10,29.20,30.57,27.56,27.66,11105500,22.14
2011-03-09,26.22,26.37,25.91,26.30,1409300,21.05
2011-03-08,25.71,26.54,25.66,26.33,1847200,21.07
2011-03-07,25.39,26.01,25.27,25.66,2782000,20.54
2011-03-04,25.55,25.55,24.98,25.21,1249800,20.18
2011-03-03,25.70,25.93,25.47,25.59,1667000,20.48
2011-03-02,25.53,25.67,25.17,25.45,1492000,20.37
2011-03-01,26.09,26.14,25.38,25.52,1308900,20.42
2011-02-28,26.15,26.28,25.89,26.00,2131700,20.81
2011-02-25,25.44,26.07,25.38,26.06,2555700,20.86
2011-02-24,26.02,26.02,24.53,25.27,4953200,20.22
2011-02-23,26.41,26.45,25.73,25.98,2101900,20.79
2011-02-22,26.85,26.96,26.31,26.38,1945400,21.11
2011-02-18,26.96,27.13,26.73,27.13,1232400,21.71
2011-02-17,26.54,27.16,26.24,26.97,1573800,21.59
2011-02-16,26.89,27.00,26.62,26.67,1333700,21.35
2011-02-15,26.59,26.85,26.45,26.80,1248300,21.45
2011-02-14,26.69,26.73,26.50,26.65,1149300,21.33
2011-02-11,26.50,26.72,26.44,26.68,2271400,21.35
2011-02-10,26.32,26.72,26.31,26.67,3039700,21.35
2011-02-09,26.44,26.59,26.33,26.53,1952200,21.23
2011-02-08,26.24,26.56,26.14,26.56,1967800,21.26
2011-02-07,25.78,26.32,25.76,26.29,1495400,21.04
2011-02-04,25.15,25.66,24.95,25.66,1301700,20.54
2011-02-03,24.87,25.14,24.74,25.10,804700,20.09
2011-02-02,24.53,25.15,24.53,24.98,1053500,19.99
2011-02-01,24.53,24.74,24.45,24.61,929100,19.70
2011-01-31,24.65,24.74,24.28,24.39,1613400,19.52
2011-01-28,25.54,25.75,24.70,24.72,1348700,19.78
2011-01-27,25.27,25.75,25.20,25.58,1388100,20.47
2011-01-26,24.90,25.39,24.79,25.31,1274400,20.26
2011-01-25,24.71,24.91,24.55,24.89,1140300,19.92
2011-01-24,24.63,24.93,24.53,24.83,1180300,19.87
2011-01-21,24.65,24.70,24.44,24.60,2166700,19.69
2011-01-20,24.53,24.67,24.39,24.50,1363700,19.61
2011-01-19,24.88,24.88,24.50,24.62,880700,19.70
2011-01-18,24.78,25.06,24.78,24.87,1506300,19.90
2011-01-14,24.73,24.86,24.62,24.80,690900,19.85
2011-01-13,24.84,24.94,24.65,24.73,845900,19.79
2011-01-12,24.80,25.25,24.66,24.92,1211300,19.94
2011-01-11,24.82,24.90,24.55,24.62,1283300,19.70
2011-01-10,24.55,24.79,24.44,24.78,855500,19.83
2011-01-07,24.72,24.96,24.55,24.71,1324100,19.78
2011-01-06,24.76,25.03,24.64,24.73,1216500,19.79
2011-01-05,24.49,25.09,24.39,24.79,3002600,19.84
2011-01-04,24.87,24.93,24.31,24.52,2380600,19.62
2011-01-03,25.16,25.22,24.81,24.86,1907600,19.90
2010-12-31,25.00,25.07,24.91,25.01,766000,20.02
2010-12-30,25.00,25.08,24.90,25.01,1034300,20.02
2010-12-29,25.06,25.12,24.98,25.03,636300,20.03
2010-12-28,25.00,25.13,24.93,25.03,972000,20.03
2010-12-27,24.97,25.15,24.91,24.99,933200,20.00
2010-12-23,24.96,25.10,24.91,24.97,690800,19.98
2010-12-22,25.09,25.25,24.85,25.03,1413300,20.03
2010-12-21,25.34,25.40,25.09,25.12,1342100,19.95
2010-12-20,25.33,25.42,25.09,25.28,1707300,20.08
2010-12-17,25.21,25.33,24.98,25.32,2191200,20.11
2010-12-16,24.57,25.37,24.48,25.25,2989400,20.06
2010-12-15,24.08,24.68,24.00,24.58,2290400,19.53
2010-12-14,24.45,24.80,24.31,24.74,2987000,19.65
2010-12-13,23.79,24.28,23.78,24.27,2827500,19.28
2010-12-10,23.41,23.52,23.19,23.41,3894000,18.60
2010-12-09,23.45,23.64,23.28,23.31,1717500,18.52
2010-12-08,23.29,23.45,23.11,23.28,766400,18.49
2010-12-07,23.37,23.57,23.19,23.29,1115500,18.50
2010-12-06,23.24,23.29,22.90,23.14,1068000,18.38
2010-12-03,23.39,23.52,23.20,23.37,876300,18.56
2010-12-02,22.81,23.49,22.81,23.46,1295400,18.64
2010-12-01,22.50,22.97,22.49,22.84,1461600,18.14
2010-11-30,22.33,22.40,22.08,22.21,1704200,17.64
2010-11-29,22.43,22.65,22.17,22.59,972900,17.94
2010-11-26,22.64,22.69,22.49,22.60,504500,17.95
2010-11-24,22.29,22.79,22.29,22.79,840000,18.10
2010-11-23,22.06,22.33,21.95,22.14,970600,17.59
2010-11-22,22.22,22.49,21.93,22.27,908800,17.69
2010-11-19,22.17,22.42,21.94,22.36,1022200,17.76
2010-11-18,22.04,22.33,22.04,22.22,1199500,17.65
2010-11-17,21.97,22.17,21.88,21.94,1503600,17.43
2010-11-16,22.30,22.40,21.39,22.00,4271100,17.48
2010-11-15,22.94,23.20,22.79,22.80,1370800,18.11
2010-11-12,23.06,23.18,22.89,22.93,994100,18.21
2010-11-11,22.77,23.25,22.63,23.21,1654200,18.44
2010-11-10,22.93,23.03,22.71,22.96,1090700,18.24
2010-11-09,22.89,23.06,22.80,22.94,1391200,18.22
2010-11-08,22.86,22.89,22.69,22.82,1220400,18.13
2010-11-05,22.89,23.00,22.71,22.90,1386100,18.19
2010-11-04,22.57,22.86,22.45,22.81,2519400,18.12
2010-11-03,22.33,22.42,22.04,22.40,1856800,17.79
2010-11-02,21.75,22.21,21.75,22.20,1585600,17.63
2010-11-01,21.83,21.83,21.50,21.66,2029600,17.21
2010-10-29,21.25,21.79,21.24,21.79,2641200,17.31
2010-10-28,22.56,22.56,20.45,21.19,7340200,16.83
2010-10-27,22.61,22.61,22.21,22.56,2556800,17.92
2010-10-26,22.78,22.97,22.56,22.83,1791600,18.14
2010-10-25,22.75,23.00,22.74,22.90,2288300,18.19
2010-10-22,22.44,22.62,22.29,22.61,1102000,17.96
2010-10-21,22.27,22.46,22.15,22.44,2018600,17.83
2010-10-20,21.94,22.30,21.89,22.11,1890600,17.56
2010-10-19,21.70,22.09,21.58,21.89,2979600,17.39
2010-10-18,21.45,21.91,21.44,21.91,1642100,17.40
2010-10-15,21.58,21.61,21.32,21.53,2286100,17.10
2010-10-14,21.27,21.40,21.13,21.37,2396800,16.98
2010-10-13,21.13,21.30,21.01,21.25,2295000,16.88
2010-10-12,20.85,21.03,20.65,20.96,3218300,16.65
2010-10-11,20.43,21.02,20.43,20.90,3297800,16.60
2010-10-08,20.32,20.60,20.12,20.48,3078400,16.27
2010-10-07,20.36,20.44,20.07,20.33,3499500,16.15
2010-10-06,20.32,20.64,19.93,20.43,5201800,16.23
2010-10-05,21.34,21.34,20.06,20.45,16281500,16.24
2010-10-04,22.23,22.54,22.20,22.37,3859100,17.77
2010-10-01,22.47,22.50,21.85,22.32,5068100,17.73
2010-09-30,22.36,22.54,22.03,22.34,3270700,17.75
2010-09-29,22.25,22.28,21.91,22.20,2052300,17.63
2010-09-28,21.93,22.41,21.81,22.32,3818000,17.73
2010-09-27,21.90,22.02,21.71,21.86,2469200,17.36
2010-09-24,21.28,21.86,21.17,21.85,4787300,17.36
2010-09-23,20.99,21.39,20.75,21.02,4998400,16.65
2010-09-22,20.90,21.01,20.68,20.86,3845400,16.52
2010-09-21,20.70,21.05,20.65,20.89,5620800,16.54
2010-09-20,20.52,20.75,20.20,20.70,6681300,16.39
2010-09-17,20.29,20.72,20.19,20.41,18098700,16.16
2010-09-16,20.37,20.45,20.15,20.25,7717100,16.04
2010-09-15,20.65,20.83,20.33,20.37,10731500,16.13
2010-09-14,21.11,21.13,20.75,20.81,3495200,16.48
2010-09-13,21.32,21.34,21.05,21.07,3119700,16.69
2010-09-10,21.00,21.21,20.81,21.14,3590800,16.74
2010-09-09,20.76,20.93,20.69,20.86,3534900,16.52
2010-09-08,20.56,20.68,20.29,20.44,2542800,16.19
2010-09-07,20.94,20.98,20.45,20.51,1628900,16.24
2010-09-03,21.29,21.37,20.89,21.00,2495300,16.63
2010-09-02,20.61,21.25,20.54,21.03,3260400,16.66
2010-09-01,20.50,20.75,20.26,20.52,1976600,16.25
2010-08-31,20.25,20.55,20.09,20.28,2155400,16.06
2010-08-30,20.82,20.83,20.32,20.32,1625600,16.09
2010-08-27,20.58,20.91,20.35,20.76,2213800,16.44
2010-08-26,21.00,21.06,20.42,20.43,1918100,16.18
2010-08-25,20.75,21.13,20.71,20.95,1938200,16.59
2010-08-24,21.05,21.15,20.90,20.99,1853900,16.62
2010-08-23,21.68,21.72,21.29,21.31,1807400,16.88
2010-08-20,21.22,21.59,21.16,21.58,1537500,17.09
2010-08-19,21.89,21.89,21.13,21.42,2434300,16.96
2010-08-18,22.05,22.06,21.91,21.91,1367500,17.35
2010-08-17,22.20,22.28,21.98,22.01,1777300,17.43
2010-08-16,21.93,22.10,21.85,22.00,1357700,17.42
2010-08-13,22.13,22.20,21.97,21.97,837800,17.40
2010-08-12,22.05,22.34,21.85,22.18,1447900,17.57
2010-08-11,22.84,22.84,22.28,22.28,873100,17.65
2010-08-10,23.21,23.36,22.84,23.11,1151800,18.30
2010-08-09,23.31,23.41,23.24,23.35,1126800,18.49
2010-08-06,23.25,23.37,22.96,23.23,1134700,18.40
2010-08-05,23.45,23.76,23.31,23.52,990500,18.63
2010-08-04,23.69,23.78,23.42,23.61,1515800,18.70
2010-08-03,24.19,24.23,23.52,23.69,1383000,18.76
2010-08-02,23.93,24.41,23.79,24.37,1280000,19.30
2010-07-30,23.75,24.15,23.51,23.67,1557700,18.75
2010-07-29,25.01,25.35,23.93,24.06,2479600,19.05
2010-07-28,25.51,25.81,25.30,25.45,1789100,20.16
2010-07-27,25.68,25.68,25.35,25.50,1717200,20.20
2010-07-26,25.12,25.58,24.95,25.58,824800,20.26
2010-07-23,24.64,25.12,24.54,25.10,900500,19.88
2010-07-22,24.29,24.83,24.27,24.66,987600,19.53
2010-07-21,24.08,24.33,23.88,24.11,1523700,19.09
2010-07-20,23.07,24.07,23.07,24.06,882100,19.05
2010-07-19,23.51,23.72,23.16,23.50,771700,18.61
2010-07-16,24.04,24.09,23.42,23.48,901700,18.60
2010-07-15,24.21,24.28,23.81,24.21,814600,19.17
2010-07-14,23.90,24.22,23.76,24.22,934700,19.18
2010-07-13,23.64,24.10,23.60,24.02,927500,19.02
2010-07-12,23.35,23.58,23.31,23.41,730700,18.54
2010-07-09,23.25,23.56,23.19,23.52,1106800,18.63
2010-07-08,23.18,23.40,23.03,23.33,1127200,18.48
2010-07-07,22.28,23.07,22.20,23.06,1350700,18.26
2010-07-06,22.40,22.59,22.00,22.16,1097900,17.55
2010-07-02,22.21,22.41,21.96,22.01,722700,17.43
2010-07-01,22.42,22.55,21.97,22.24,1754300,17.61
2010-06-30,22.61,22.93,22.44,22.46,1776400,17.79
2010-06-29,23.05,23.08,22.59,22.69,2119800,17.97
2010-06-28,23.60,23.61,23.21,23.27,995900,18.43
2010-06-25,23.61,23.61,23.14,23.43,2075500,18.56
2010-06-24,23.48,23.91,23.35,23.50,1955700,18.61
2010-06-23,23.56,23.63,23.25,23.46,1708800,18.58
2010-06-22,24.05,24.39,23.65,23.73,1851900,18.74
2010-06-21,24.72,24.74,23.96,24.02,1209800,18.97
2010-06-18,24.52,24.75,24.28,24.34,1377300,19.23
2010-06-17,24.95,24.95,24.26,24.47,1389600,19.33
2010-06-16,24.85,25.09,24.77,24.95,955200,19.71
2010-06-15,24.57,25.01,24.56,25.00,906500,19.75
2010-06-14,24.15,24.57,24.15,24.36,1327400,19.24
2010-06-11,23.56,24.05,23.40,24.05,907000,19.00
2010-06-10,23.63,23.84,23.30,23.82,1390300,18.81
2010-06-09,23.26,23.67,23.17,23.27,1693900,18.38
2010-06-08,23.10,23.27,22.74,23.20,2324900,18.33
2010-06-07,23.57,23.61,22.92,22.97,1478900,18.14
2010-06-04,24.15,24.20,23.29,23.39,1982100,18.48
2010-06-03,24.51,24.62,24.29,24.50,1465900,19.35
2010-06-02,24.00,24.33,23.85,24.33,974100,19.22
2010-06-01,24.29,24.57,23.87,23.87,760200,18.85
2010-05-28,24.87,24.87,24.37,24.52,863600,19.37
2010-05-27,24.75,24.87,24.54,24.87,1010500,19.64
2010-05-26,24.49,24.89,24.17,24.25,1405400,19.15
2010-05-25,23.46,24.26,23.34,24.22,2035700,19.13
2010-05-24,24.45,24.66,24.18,24.23,1548200,19.14
2010-05-21,23.80,24.60,23.71,24.60,2411200,19.43
2010-05-20,24.74,24.74,23.89,23.95,1788400,18.92
2010-05-19,25.61,25.71,24.83,25.16,1545100,19.87
2010-05-18,26.02,26.25,25.44,25.67,2362400,20.28
2010-05-17,24.85,25.78,24.85,25.36,2205700,20.03
2010-05-14,24.89,24.94,24.29,24.48,974500,19.34
2010-05-13,25.36,25.39,24.96,24.99,997100,19.74
2010-05-12,25.08,25.50,25.08,25.50,843800,20.14
2010-05-11,24.70,25.36,24.70,25.03,1095100,19.77
2010-05-10,24.89,25.31,24.76,25.11,1735300,19.83
2010-05-07,23.90,24.28,23.44,23.89,2027600,18.87
2010-05-06,24.77,25.00,22.62,23.89,1832400,18.87
2010-05-05,24.94,25.07,24.79,24.99,1436400,19.74
2010-05-04,24.95,25.12,24.61,25.07,1958600,19.80
2010-05-03,25.29,25.46,25.20,25.27,1415200,19.96
2010-04-30,25.86,25.89,24.97,25.15,2017200,19.87
2010-04-29,27.96,27.96,25.40,25.80,3484500,20.38
2010-04-28,27.65,28.00,27.51,28.00,1005800,22.12
2010-04-27,28.19,28.20,27.26,27.33,1331800,21.59
2010-04-26,28.31,28.49,28.15,28.26,945700,22.32
2010-04-23,28.39,28.42,28.10,28.39,1065800,22.42
2010-04-22,27.66,28.35,27.52,28.31,1149000,22.36
2010-04-21,27.68,27.92,27.58,27.88,991300,22.02
2010-04-20,27.46,27.82,27.32,27.74,1066900,21.91
2010-04-19,27.22,27.43,27.03,27.37,872500,21.62
2010-04-16,27.42,27.67,27.05,27.22,1498300,21.50
2010-04-15,26.88,27.53,26.74,27.42,1180300,21.66
2010-04-14,26.55,26.92,26.33,26.88,2098600,21.23
2010-04-13,26.42,26.61,26.21,26.50,1105800,20.93
2010-04-12,26.53,26.64,26.42,26.50,1356500,20.93
2010-04-09,26.58,26.72,26.45,26.51,952800,20.94
2010-04-08,26.56,26.61,26.27,26.52,996700,20.95
2010-04-07,26.90,26.99,26.62,26.72,1026000,21.11
2010-04-06,27.11,27.17,26.88,27.01,1326300,21.33
2010-04-05,27.53,27.55,27.21,27.30,1110100,21.56
2010-04-01,27.62,28.00,27.23,27.45,1263400,21.68
2010-03-31,27.23,27.45,27.08,27.40,1176100,21.64
2010-03-30,27.71,27.76,27.32,27.42,1095000,21.66
2010-03-29,27.07,27.74,27.07,27.74,1324800,21.91
2010-03-26,27.26,27.48,26.81,27.03,922200,21.35
2010-03-25,27.27,27.52,27.07,27.10,1325400,21.41
2010-03-24,27.11,27.40,26.94,27.02,1317300,21.34
2010-03-23,26.55,27.28,26.44,27.28,1710200,21.55
2010-03-22,25.84,26.44,25.84,26.32,840600,20.74
2010-03-19,26.00,26.55,25.90,26.00,1182600,20.49
2010-03-18,26.39,26.42,26.22,26.36,616800,20.77
2010-03-17,26.29,26.41,26.07,26.39,884600,20.79
2010-03-16,26.12,26.16,25.91,26.10,924200,20.57
2010-03-15,26.00,26.12,25.82,26.05,822700,20.53
2010-03-12,25.82,25.95,25.67,25.91,587600,20.42
2010-03-11,25.53,25.80,25.42,25.77,671300,20.31
2010-03-10,25.65,25.87,25.62,25.64,1071000,20.20
2010-03-09,25.79,25.83,25.49,25.65,1171200,20.21
2010-03-08,25.93,26.01,25.76,25.84,694300,20.36
2010-03-05,25.71,25.99,25.63,25.83,1101800,20.35
2010-03-04,25.69,25.70,25.36,25.64,928900,20.20
2010-03-03,25.93,26.03,25.52,25.62,1392400,20.19
2010-03-02,26.12,26.15,25.71,25.83,1264800,20.35
2010-03-01,26.09,26.10,25.67,25.99,2079500,20.48
2010-02-26,26.12,26.24,25.81,25.88,2021800,20.39
2010-02-25,25.52,26.48,25.51,26.02,3963900,20.50
2010-02-24,23.98,24.45,23.94,24.30,2321100,19.15
2010-02-23,23.84,24.10,23.77,23.87,1868300,18.81
2010-02-22,24.28,24.44,23.69,23.87,1650900,18.81
2010-02-19,23.76,24.42,23.76,24.15,1787100,19.03
2010-02-18,23.59,23.89,23.50,23.84,1219000,18.79
2010-02-17,23.12,23.67,22.86,23.55,2993500,18.56
2010-02-16,21.85,22.41,21.69,22.40,1186600,17.65
2010-02-12,21.60,21.78,21.38,21.71,1541700,17.11
2010-02-11,21.58,21.92,21.32,21.73,1713100,17.12
2010-02-10,21.94,22.05,21.50,21.62,1576300,17.04
2010-02-09,22.04,22.18,21.78,21.94,1156800,17.29
2010-02-08,22.08,22.12,21.80,21.80,1229700,17.18
2010-02-05,22.51,22.75,21.95,22.10,2724800,17.41
2010-02-04,22.88,23.06,22.58,22.59,1385700,17.80
2010-02-03,23.15,23.43,23.05,23.11,807900,18.21
2010-02-02,22.98,23.28,22.90,23.23,985700,18.30
2010-02-01,22.97,23.14,22.86,22.98,938200,18.11
2010-01-29,23.09,23.20,22.82,22.86,1483500,18.01
2010-01-28,23.26,23.26,22.80,22.90,725100,18.04
2010-01-27,23.18,23.35,22.91,23.21,1191900,18.29
2010-01-26,23.54,23.65,23.19,23.20,771400,18.28
2010-01-25,23.92,23.96,23.40,23.57,837200,18.57
2010-01-22,24.08,24.11,23.71,23.74,1441900,18.71
2010-01-21,24.26,24.44,24.02,24.07,1311400,18.97
2010-01-20,24.53,24.56,24.16,24.30,629600,19.15
2010-01-19,24.35,24.81,24.26,24.73,886300,19.49
2010-01-15,24.75,24.93,24.25,24.38,1165700,19.21
2010-01-14,24.65,24.86,24.36,24.83,1122000,19.57
2010-01-13,24.09,24.68,24.09,24.66,926400,19.43
2010-01-12,24.14,24.43,23.95,24.04,1483900,18.94
2010-01-11,24.20,24.40,23.99,24.33,937300,19.17
2010-01-08,24.00,24.23,23.83,24.15,969100,19.03
2010-01-07,23.65,24.08,23.61,24.08,1403800,18.97
2010-01-06,22.99,23.77,22.94,23.70,1825300,18.68
2010-01-05,22.83,23.03,22.70,22.96,1035300,18.09
2010-01-04,22.89,23.06,22.68,22.89,920100,18.04
2009-12-31,23.12,23.29,22.74,22.76,638500,17.93
2009-12-30,23.23,23.31,22.89,23.00,901700,18.12
2009-12-29,23.34,23.40,23.18,23.23,637900,18.30
2009-12-28,23.40,23.50,23.19,23.23,368100,18.30
2009-12-24,23.49,23.49,23.34,23.41,206000,18.45
2009-12-23,23.45,23.53,23.26,23.39,574100,18.43
2009-12-22,23.42,23.56,23.40,23.53,727700,18.54
2009-12-21,23.35,23.59,23.30,23.40,595600,18.44
2009-12-18,23.19,23.36,22.82,23.17,1678100,18.26
2009-12-17,23.46,23.56,23.17,23.18,822600,18.27
2009-12-16,23.68,23.83,23.45,23.53,854900,18.54
2009-12-15,23.78,23.90,23.58,23.66,762900,18.64
2009-12-14,23.87,24.08,23.76,23.89,838700,18.82
2009-12-11,23.64,23.93,23.55,23.81,579100,18.76
2009-12-10,23.43,23.72,23.42,23.62,974200,18.61
2009-12-09,23.29,23.44,23.05,23.41,1216400,18.45
2009-12-08,23.76,23.76,23.24,23.35,1629100,18.40
2009-12-07,24.08,24.08,23.68,23.84,1499600,18.79
2009-12-04,23.98,24.20,23.76,24.00,1235800,18.91
2009-12-03,24.02,24.19,23.75,23.77,894800,18.73
2009-12-02,24.04,24.39,23.90,24.05,2256000,18.95
2009-12-01,24.23,24.26,23.90,24.00,1347700,18.91
2009-11-30,24.44,24.54,23.91,24.00,1459200,18.91
2009-11-27,24.43,24.73,24.14,24.52,549500,19.32
2009-11-25,24.70,24.88,24.65,24.81,748300,19.55
2009-11-24,24.78,24.78,24.37,24.62,994300,19.40
2009-11-23,24.50,24.98,24.50,24.73,836000,19.49
2009-11-20,24.39,24.61,24.19,24.33,1210900,19.17
2009-11-19,24.41,24.55,23.95,24.45,1377000,19.27
2009-11-18,25.15,25.26,24.34,24.49,1354400,19.30
2009-11-17,25.29,25.40,25.06,25.23,547500,19.88
2009-11-16,25.06,25.45,25.06,25.41,946200,20.02
2009-11-13,25.09,25.48,24.79,25.04,1198900,19.73
2009-11-12,25.49,26.05,24.94,25.00,2231300,19.70
2009-11-11,25.60,25.76,25.47,25.57,1135700,20.15
2009-11-10,25.53,25.68,25.27,25.45,1083600,20.05
2009-11-09,25.30,25.68,25.18,25.68,728300,20.24
2009-11-06,25.01,25.38,24.83,25.15,984200,19.82
2009-11-05,24.90,25.18,24.73,25.03,1025800,19.72
2009-11-04,24.74,25.07,24.56,24.63,1276800,19.41
2009-11-03,24.45,24.70,24.28,24.62,1209300,19.40
2009-11-02,24.56,24.89,24.07,24.47,2344700,19.28
2009-10-30,25.22,25.34,24.15,24.43,2766200,19.25
2009-10-29,26.51,26.60,25.15,25.37,3387600,19.99
2009-10-28,26.39,26.72,26.20,26.39,3054100,20.79
2009-10-27,26.49,26.88,26.27,26.38,2288200,20.79
2009-10-26,26.06,26.62,26.03,26.50,2020700,20.88
2009-10-23,26.35,26.51,25.91,25.98,1209300,20.47
2009-10-22,26.13,26.39,25.77,26.37,1311000,20.78
2009-10-21,26.46,26.77,25.97,25.99,1321700,20.48
2009-10-20,26.76,26.82,26.50,26.58,1038500,20.94
2009-10-19,26.83,26.88,26.53,26.86,948000,21.17
2009-10-16,26.66,26.86,26.43,26.74,895400,21.07
2009-10-15,26.73,26.95,26.56,26.92,800200,21.21
2009-10-14,26.93,27.01,26.69,26.88,887500,21.18
2009-10-13,27.21,27.21,26.73,26.77,815600,21.09
2009-10-12,27.50,27.57,27.05,27.21,528700,21.44
2009-10-09,27.23,27.50,27.17,27.50,835800,21.67
2009-10-08,26.73,27.29,26.57,27.23,984800,21.46
2009-10-07,26.72,26.85,26.48,26.53,1203200,20.91
2009-10-06,26.49,27.19,26.29,26.51,1917300,20.89
2009-10-05,25.45,26.25,25.28,26.14,2170400,20.60
2009-10-02,25.71,25.84,25.25,25.38,1325800,20.00
2009-10-01,26.41,26.52,25.75,25.89,1507200,20.40
2009-09-30,27.27,27.27,26.33,26.66,1743700,21.01
2009-09-29,27.24,27.51,26.92,27.17,894600,21.41
2009-09-28,26.80,27.33,26.69,27.22,498600,21.45
2009-09-25,26.80,26.84,26.29,26.79,1977900,21.11
2009-09-24,27.26,27.33,26.62,26.77,1117600,21.09
2009-09-23,27.69,27.69,27.08,27.12,1323400,21.37
2009-09-22,27.97,27.97,27.56,27.68,901100,21.81
2009-09-21,28.07,28.26,27.34,27.64,1649700,21.78
2009-09-18,28.55,28.70,28.03,28.27,1861900,22.28
2009-09-17,29.00,29.16,28.55,28.58,1124000,22.52
2009-09-16,29.14,29.21,28.73,29.14,787700,22.96
2009-09-15,28.89,29.05,28.54,29.02,397200,22.87
2009-09-14,28.29,29.03,28.18,28.86,760300,22.74
2009-09-11,28.19,28.54,28.19,28.43,1273800,22.40
2009-09-10,28.13,28.27,27.93,28.19,699500,22.21
2009-09-09,28.30,28.38,27.92,28.10,1404800,22.14
2009-09-08,28.76,28.76,28.21,28.34,948500,22.33
2009-09-04,28.16,28.65,27.87,28.59,1032400,22.53
2009-09-03,28.22,28.28,27.47,28.16,869600,22.19
2009-09-02,28.52,28.65,27.89,28.13,1034200,22.17
2009-09-01,29.24,29.45,28.24,28.56,1462700,22.50
2009-08-31,29.78,29.85,29.19,29.29,813600,23.08
2009-08-28,30.60,30.67,29.75,29.87,1269200,23.54
2009-08-27,30.08,30.42,29.42,30.41,1153700,23.96
2009-08-26,29.37,30.05,29.32,30.01,1228100,23.65
2009-08-25,29.38,29.83,29.15,29.51,713500,23.25
2009-08-24,29.70,29.86,29.34,29.39,507400,23.16
2009-08-21,28.31,29.68,28.31,29.55,1800300,23.28
2009-08-20,27.95,28.44,27.74,28.33,750400,22.32
2009-08-19,27.66,28.09,27.52,27.96,711400,22.03
2009-08-18,27.86,27.93,27.50,27.81,505800,21.91
2009-08-17,27.91,28.27,27.57,27.73,570500,21.85
2009-08-14,29.00,29.16,28.12,28.46,613300,22.43
2009-08-13,28.88,29.00,28.48,28.89,544000,22.76
2009-08-12,28.39,29.09,28.14,28.82,1153500,22.71
2009-08-11,28.59,28.80,28.05,28.29,887800,22.29
2009-08-10,29.48,29.58,28.52,28.85,910600,22.73
2009-08-07,29.47,29.73,29.31,29.50,687200,23.25
2009-08-06,29.44,29.69,28.98,29.20,895000,23.01
2009-08-05,29.92,30.25,29.04,29.19,1542200,23.00
2009-08-04,30.01,30.33,29.93,30.19,1182800,23.79
2009-08-03,29.21,30.25,29.15,30.09,1953300,23.71
2009-07-31,28.28,29.29,28.11,29.21,2244700,23.02
2009-07-30,30.00,30.51,29.00,29.17,3672200,22.99
2009-07-29,31.08,32.04,31.08,31.95,1895500,25.18
2009-07-28,30.27,31.44,30.27,31.39,1175800,24.73
2009-07-27,30.54,30.79,30.34,30.79,664800,24.26
2009-07-24,30.24,30.64,30.09,30.63,1312800,24.14
2009-07-23,29.99,30.55,29.66,30.42,1737400,23.97
2009-07-22,30.03,30.21,29.65,30.02,1774600,23.66
2009-07-21,30.09,30.21,29.34,30.04,1106100,23.67
2009-07-20,29.67,30.12,29.66,29.86,1296500,23.53
2009-07-17,30.38,30.38,29.58,29.78,1005000,23.47
2009-07-16,29.79,30.33,29.54,30.22,1002900,23.81
2009-07-15,29.37,29.81,29.09,29.79,1139100,23.47
2009-07-14,28.14,28.87,28.02,28.87,1190400,22.75
2009-07-13,27.83,28.16,27.26,28.16,732300,22.19
2009-07-10,27.52,28.05,27.43,27.87,534100,21.96
2009-07-09,27.50,27.97,27.28,27.87,788000,21.96
2009-07-08,27.71,27.82,27.37,27.47,1191100,21.65
2009-07-07,28.33,28.33,27.28,27.59,1263300,21.74
2009-07-06,28.18,28.57,27.92,28.41,856000,22.39
2009-07-02,28.85,28.97,28.12,28.34,973000,22.33
2009-07-01,28.84,29.42,28.34,29.23,829600,23.03
2009-06-30,29.00,29.11,28.59,28.75,1002800,22.65
2009-06-29,28.86,29.31,28.54,29.00,806400,22.85
2009-06-26,29.03,29.10,28.52,28.79,1120900,22.69
2009-06-25,27.98,29.40,27.80,29.22,1124400,23.02
2009-06-24,27.99,28.54,27.73,28.17,1136100,22.20
2009-06-23,28.07,28.11,27.42,27.84,964200,21.94
2009-06-22,28.61,28.72,28.05,28.05,833900,22.10
2009-06-19,28.34,28.92,28.30,28.79,1489200,22.69
2009-06-18,27.88,28.29,27.61,28.19,675400,22.21
2009-06-17,27.26,27.99,27.16,27.74,1068800,21.86
2009-06-16,27.65,27.94,27.22,27.27,983900,21.49
2009-06-15,27.59,27.62,27.05,27.38,1160400,21.58
2009-06-12,28.12,28.23,27.40,27.95,700900,22.02
2009-06-11,28.61,28.63,28.11,28.20,724200,22.22
2009-06-10,28.93,29.00,27.84,28.28,962300,22.28
2009-06-09,28.58,28.91,28.21,28.83,824800,22.72
2009-06-08,28.12,28.65,27.85,28.37,902100,22.36
2009-06-05,28.88,29.00,28.12,28.42,1185800,22.39
2009-06-04,28.23,28.79,27.91,28.41,1251000,22.39
2009-06-03,28.78,28.84,28.09,28.47,1147800,22.43
2009-06-02,28.56,29.19,28.48,29.11,1636900,22.94
2009-06-01,27.72,28.62,27.72,28.48,1479700,22.44
2009-05-29,26.59,27.30,26.59,27.25,1792000,21.47
2009-05-28,27.53,27.56,26.05,26.67,1586500,21.02
2009-05-27,27.91,28.10,27.27,27.30,1047600,21.51
2009-05-26,26.78,28.09,26.47,27.86,1473000,21.95
2009-05-22,27.23,27.52,26.81,27.00,1004700,21.28
2009-05-21,27.37,27.55,26.84,27.12,1095000,21.37
2009-05-20,28.07,28.84,27.84,27.93,1268100,22.01
2009-05-19,27.85,28.32,27.68,28.09,1241600,22.13
2009-05-18,27.12,28.08,26.99,28.08,1158900,22.13
2009-05-15,27.03,27.43,26.83,26.95,1482200,21.24
2009-05-14,26.61,27.18,26.39,27.03,1595000,21.30
2009-05-13,26.94,27.18,26.49,26.56,1684300,20.93
2009-05-12,28.15,28.51,27.13,27.69,1113300,21.82
2009-05-11,28.23,28.42,27.63,28.07,1816500,22.12
2009-05-08,28.41,29.05,28.10,28.81,1864600,22.70
2009-05-07,29.85,30.09,27.78,28.03,2880600,22.09
2009-05-06,30.09,30.59,29.35,29.58,2292400,23.31
2009-05-05,29.46,31.27,29.44,29.94,3610200,23.59
2009-05-04,28.74,30.02,27.95,29.49,2720000,23.24
2009-05-01,28.35,29.50,28.35,28.76,1909700,22.66
2009-04-30,27.35,29.77,27.10,28.49,2659700,22.45
2009-04-29,25.74,27.21,25.49,27.07,2505600,21.33
2009-04-28,25.36,25.63,24.96,25.47,1885300,20.07
2009-04-27,25.63,26.13,25.53,25.83,1011000,20.35
2009-04-24,25.92,26.23,25.63,25.95,1672600,20.45
2009-04-23,25.26,26.00,24.50,25.94,1347500,20.44
2009-04-22,24.98,25.86,24.77,25.27,921900,19.91
2009-04-21,24.67,25.23,24.60,25.23,1023700,19.88
2009-04-20,24.28,25.53,24.28,24.78,1472200,19.53
2009-04-17,26.39,26.45,25.77,26.35,1681500,20.76
2009-04-16,24.90,26.55,24.80,26.36,2120700,20.77
2009-04-15,24.46,24.85,24.46,24.82,1324000,19.56
2009-04-14,24.94,25.24,24.52,24.59,1477200,19.38
2009-04-13,23.92,25.43,23.92,25.27,1457700,19.91
2009-04-09,25.14,26.00,25.05,25.83,2583900,20.35
2009-04-08,24.09,24.89,24.01,24.83,1580300,19.57
2009-04-07,24.05,24.49,23.82,24.05,1700000,18.95
2009-04-06,24.55,24.78,23.77,24.59,1605400,19.38
2009-04-03,24.17,24.95,23.75,24.95,1855000,19.66
2009-04-02,22.61,24.41,22.13,24.20,3312400,19.07
2009-04-01,21.78,22.27,21.52,22.15,1732000,17.45
2009-03-31,22.49,22.54,21.71,22.17,1309300,17.47
2009-03-30,21.86,22.00,21.38,21.66,1413200,17.07
2009-03-27,22.96,23.10,22.15,22.24,1358900,17.52
2009-03-26,22.53,23.26,22.03,23.24,1540800,18.31
2009-03-25,22.46,22.90,21.74,22.40,1311000,17.65
2009-03-24,22.77,23.09,22.33,22.35,1468800,17.61
2009-03-23,21.18,22.67,21.18,22.67,1755100,17.86
2009-03-20,21.54,21.80,21.02,21.16,1926800,16.67
2009-03-19,21.90,21.99,21.32,21.69,1902600,17.09
2009-03-18,20.50,21.72,20.34,21.41,2071400,16.87
2009-03-17,20.07,20.46,20.05,20.46,1474600,16.12
2009-03-16,20.36,20.68,20.18,20.33,1299300,16.02
2009-03-13,20.15,20.23,19.60,20.18,1234400,15.90
2009-03-12,19.20,20.14,18.84,19.91,1993200,15.69
2009-03-11,18.97,19.41,18.75,19.20,1726800,15.13
2009-03-10,17.76,18.83,17.76,18.81,1910900,14.82
2009-03-09,17.60,18.00,17.46,17.64,1412700,13.90
2009-03-06,17.75,18.00,17.31,17.80,1929400,14.03
2009-03-05,17.89,18.29,17.69,17.78,2612500,14.01
2009-03-04,17.42,18.37,17.15,18.31,3623700,14.43
2009-03-03,17.60,18.51,16.91,17.07,2845300,13.45
2009-03-02,18.18,18.21,17.23,17.32,2950800,13.65
2009-02-27,18.18,18.83,17.88,18.58,3677400,14.64
2009-02-26,19.98,20.56,18.36,18.43,5358800,14.52
2009-02-25,20.86,20.94,20.28,20.59,4492300,16.22
2009-02-24,20.06,21.15,20.01,21.01,3798100,16.56
2009-02-23,20.30,20.80,19.83,19.93,4228000,15.70
2009-02-20,19.57,20.11,19.37,19.89,3115700,15.67
2009-02-19,19.91,20.21,19.75,19.82,2354900,15.62
2009-02-18,19.83,20.02,19.42,19.82,1754900,15.62
2009-02-17,19.52,20.01,18.10,19.68,1935400,15.51
2009-02-13,20.53,20.76,20.12,20.41,1474800,16.08
2009-02-12,20.33,20.56,19.88,20.56,1433300,16.20
2009-02-11,20.83,21.09,20.44,20.64,1899800,16.26
2009-02-10,21.08,21.47,20.62,20.82,2932800,16.41
2009-02-09,21.30,21.75,21.10,21.31,1190100,16.79
2009-02-06,21.00,21.51,20.78,21.41,1524500,16.87
2009-02-05,20.24,21.08,20.04,20.86,2459000,16.44
2009-02-04,20.31,20.74,20.11,20.34,1493700,16.03
2009-02-03,20.31,20.44,19.78,20.22,1665000,15.93
2009-02-02,20.25,20.61,20.01,20.44,1578100,16.11
2009-01-30,21.17,21.46,20.30,20.46,1917600,16.12
2009-01-29,21.80,21.84,21.11,21.20,1126400,16.71
2009-01-28,22.63,22.63,21.73,21.94,1773000,17.29
2009-01-27,21.79,22.19,21.59,21.84,1409800,17.21
2009-01-26,21.67,22.30,21.53,21.68,1948500,17.08
2009-01-23,21.80,21.97,21.33,21.68,1880700,17.08
2009-01-22,22.64,22.70,21.77,22.40,2229100,17.65
2009-01-21,22.53,22.91,22.00,22.81,2327700,17.97
2009-01-20,22.60,23.17,22.09,22.33,2401200,17.60
2009-01-16,23.18,23.52,22.31,22.74,1866700,17.92
2009-01-15,22.66,23.07,22.01,22.85,3133900,18.01
2009-01-14,22.94,23.44,22.52,22.72,2488500,17.90
2009-01-13,23.12,23.90,23.09,23.52,2546800,18.53
2009-01-12,23.00,23.34,22.60,22.94,1944700,18.08
2009-01-09,23.49,23.60,22.64,22.95,1756600,18.08
2009-01-08,23.41,23.64,22.81,23.54,2108800,18.55
2009-01-07,23.19,23.73,22.87,23.49,3179400,18.51
2009-01-06,24.86,25.27,23.63,23.70,6700600,18.68
2009-01-05,25.16,25.66,24.28,24.80,33036500,19.54
2009-01-02,24.62,25.18,23.85,24.79,3868500,19.53
2008-12-31,22.60,25.18,22.60,24.73,3521100,19.49
2008-12-30,21.45,23.10,21.40,22.49,3739300,17.72
2008-12-29,20.09,20.29,19.63,19.83,502000,15.63
2008-12-26,20.00,20.31,19.84,19.97,415400,15.74
2008-12-24,19.91,20.09,19.53,19.80,315700,15.60
2008-12-23,20.18,20.35,19.40,19.91,809400,15.69
2008-12-22,20.38,20.52,19.75,20.22,691700,15.93
2008-12-19,20.74,21.00,20.12,20.42,1420200,16.09
2008-12-18,20.17,20.64,19.85,20.28,1304300,15.98
2008-12-17,19.09,20.17,19.05,19.84,1349400,15.63
2008-12-16,19.14,19.55,18.87,19.47,1183400,15.34
2008-12-15,19.32,19.40,18.63,18.99,1642500,14.96
2008-12-12,18.79,19.27,18.07,19.27,1246700,15.18
2008-12-11,18.43,19.28,18.43,18.82,987600,14.83
2008-12-10,18.83,18.98,18.45,18.93,1051100,14.92
2008-12-09,19.29,19.40,18.22,18.65,1832800,14.70
2008-12-08,19.64,20.06,18.93,19.46,1415900,15.33
2008-12-05,19.26,19.57,18.57,19.57,1261500,15.42
2008-12-04,19.07,20.08,19.03,19.46,990100,15.33
2008-12-03,18.85,19.67,18.45,19.23,1278200,15.15
2008-12-02,18.05,19.39,17.30,19.28,1147600,15.19
2008-12-01,21.23,21.26,18.84,18.86,2221100,14.86
2008-11-28,20.50,21.73,20.50,21.73,418100,17.12
2008-11-26,19.51,20.93,19.12,20.83,977400,16.41
2008-11-25,19.49,20.13,19.14,20.05,1043300,15.80
2008-11-24,18.73,20.17,18.73,19.47,1699400,15.34
2008-11-21,17.61,18.48,16.71,18.48,1725200,14.56
2008-11-20,19.48,19.48,17.51,17.64,1583500,13.90
2008-11-19,20.19,20.58,19.03,19.10,1430400,15.05
2008-11-18,19.93,20.54,19.50,20.51,968900,16.16
2008-11-17,20.55,20.83,19.87,19.90,956300,15.68
2008-11-14,21.56,21.75,20.65,20.75,1046600,16.35
2008-11-13,21.06,21.63,19.32,21.52,1465100,16.96
2008-11-12,22.00,22.12,20.76,20.92,1041100,16.48
2008-11-11,23.51,23.54,22.07,22.20,1522700,17.49
2008-11-10,24.23,24.63,23.40,23.99,1704100,18.90
2008-11-07,22.96,23.95,22.96,23.88,655600,18.82
2008-11-06,23.26,24.24,22.73,22.97,1018300,18.10
2008-11-05,25.83,26.30,23.77,23.90,1263700,18.83
2008-11-04,25.48,25.71,24.63,25.19,1411800,19.85
2008-11-03,24.45,25.22,23.92,24.90,1022900,19.62
2008-10-31,22.80,24.36,22.39,24.28,1792800,19.13
2008-10-30,26.46,26.46,19.77,23.10,1411700,18.20
2008-10-29,21.83,22.63,21.52,22.05,923200,17.38
2008-10-28,20.00,21.68,19.54,21.66,1584900,17.07
2008-10-27,19.63,20.35,19.58,19.64,1079900,15.48
2008-10-24,19.72,20.57,19.72,20.14,1072400,15.87
2008-10-23,20.77,21.88,20.03,21.13,1422200,16.65
2008-10-22,22.35,22.35,20.66,20.97,2261800,16.52
2008-10-21,22.82,23.14,22.40,22.66,1766500,17.86
2008-10-20,22.38,23.25,22.11,23.10,2594400,18.20
2008-10-17,19.60,22.52,19.41,22.44,2759200,17.68
2008-10-16,19.86,20.07,18.52,19.73,2337100,15.55
2008-10-15,22.53,22.61,19.50,19.61,3109000,15.45
2008-10-14,25.55,25.55,22.46,22.50,2488600,17.73
2008-10-13,24.25,24.78,23.75,24.65,1558800,19.42
2008-10-10,24.29,26.20,22.64,23.53,2817800,18.54
2008-10-09,27.38,27.79,24.55,25.35,1864800,19.98
2008-10-08,24.07,27.78,24.00,27.33,2735600,21.54
2008-10-07,24.27,25.67,24.05,24.54,2301600,19.34
2008-10-06,24.81,25.24,23.24,24.22,2140800,19.08
2008-10-03,25.91,26.96,25.65,25.78,1881400,20.31
2008-10-02,25.32,25.84,25.00,25.30,1466200,19.94
2008-10-01,24.30,24.74,23.85,24.68,796800,19.45
2008-09-30,24.25,24.98,23.81,24.41,1496600,19.23
2008-09-29,25.22,25.28,23.50,23.89,948300,18.82
2008-09-26,25.91,25.96,25.33,25.67,532200,20.23
2008-09-25,25.65,26.26,25.46,26.01,810200,20.50
2008-09-24,25.34,25.80,24.92,25.65,641500,20.21
2008-09-23,25.95,25.96,25.27,25.36,758500,19.98
2008-09-22,27.35,27.50,25.75,25.96,670800,20.46
2008-09-19,27.47,28.50,26.87,27.46,1183100,21.64
2008-09-18,25.71,27.00,25.27,26.24,1483900,20.68
2008-09-17,25.30,26.16,25.11,25.50,1338100,20.09
2008-09-16,24.31,25.77,24.05,25.72,1320700,20.27
2008-09-15,25.81,26.50,24.92,24.93,1157200,19.64
2008-09-12,26.73,26.76,26.03,26.51,621700,20.89
2008-09-11,26.66,27.09,26.32,26.90,880500,21.20
2008-09-10,27.90,27.90,26.54,26.94,968300,21.23
2008-09-09,28.67,28.78,27.58,27.67,1053400,21.80
2008-09-08,27.64,28.53,27.41,28.45,766900,22.42
2008-09-05,27.29,27.29,26.47,26.96,587200,21.24
2008-09-04,27.74,27.74,27.14,27.30,674700,21.51
2008-09-03,28.50,28.60,27.64,27.90,860400,21.98
2008-09-02,29.30,29.74,28.43,28.52,542100,22.47
2008-08-29,29.31,29.50,28.65,28.91,441400,22.78
2008-08-28,28.61,29.35,28.61,29.31,400400,23.10
2008-08-27,27.98,28.69,27.83,28.57,331000,22.51
2008-08-26,28.20,28.49,27.86,28.13,316800,22.17
2008-08-25,28.76,28.76,28.00,28.21,332400,22.23
2008-08-22,28.65,28.91,28.58,28.82,518400,22.71
2008-08-21,28.22,28.55,27.69,28.47,539500,22.43
2008-08-20,28.75,29.09,28.45,28.68,504300,22.60
2008-08-19,29.21,29.94,28.50,28.65,728200,22.58
2008-08-18,29.98,29.98,28.85,29.30,651200,23.09
2008-08-15,29.75,30.08,29.56,30.07,485300,23.69
2008-08-14,28.85,29.89,28.66,29.65,644900,23.36
2008-08-13,28.68,29.27,28.64,29.10,586800,22.93
2008-08-12,28.87,29.20,28.11,28.87,588100,22.75
2008-08-11,28.72,29.18,28.60,29.05,475300,22.89
2008-08-08,28.20,29.09,28.02,28.93,468900,22.80
2008-08-07,28.53,28.74,28.08,28.31,599700,22.31
2008-08-06,28.77,29.00,28.38,28.68,622000,22.60
2008-08-05,28.33,28.82,27.91,28.70,906600,22.62
2008-08-04,29.17,29.17,27.92,28.03,1369700,22.09
2008-08-01,28.89,29.13,28.15,28.54,1369100,22.49
2008-07-31,28.55,29.17,28.13,29.00,1769300,22.85
2008-07-30,27.19,27.85,27.07,27.85,1087500,21.95
2008-07-29,26.80,27.14,26.52,26.99,578400,21.27
2008-07-28,26.72,26.91,26.53,26.70,862700,21.04
2008-07-25,26.32,26.60,26.18,26.53,982000,20.91
2008-07-24,26.86,27.05,26.22,26.31,2447400,20.73
2008-07-23,27.10,27.43,26.68,26.93,1798300,21.22
2008-07-22,26.28,27.01,26.21,26.89,1286000,21.19
2008-07-21,26.70,27.05,26.22,26.62,532400,20.98
2008-07-18,26.40,26.66,26.18,26.59,833900,20.95
2008-07-17,25.97,26.44,25.74,26.42,919800,20.82
2008-07-16,24.40,25.81,24.38,25.73,801000,20.27
2008-07-15,24.56,24.95,24.02,24.51,829900,19.31
2008-07-14,25.64,25.69,24.65,24.82,702600,19.56
2008-07-11,25.44,25.75,25.00,25.25,1102400,19.90
2008-07-10,25.42,25.89,25.13,25.82,1815500,20.35
2008-07-09,25.17,26.11,25.04,25.24,1399500,19.89
2008-07-08,25.54,26.07,25.04,25.28,1852600,19.92
2008-07-07,26.16,26.39,25.53,25.75,1091700,20.29
2008-07-03,25.68,26.08,25.54,26.01,1304000,20.50
2008-07-02,26.73,26.76,25.58,25.60,1247600,20.17
2008-07-01,26.40,27.06,26.17,26.41,1169200,20.81
2008-06-30,28.17,28.17,26.43,26.55,1529100,20.92
2008-06-27,28.24,28.66,27.76,28.16,637700,22.19
2008-06-26,28.88,28.89,28.13,28.31,919900,22.31
2008-06-25,29.28,29.56,28.90,29.04,664000,22.88
2008-06-24,30.02,30.18,29.13,29.19,736900,23.00
2008-06-23,30.19,30.29,29.73,30.21,970100,23.81
2008-06-20,30.17,30.49,29.85,30.21,718300,23.81
2008-06-19,30.39,30.59,30.12,30.49,658800,24.03
2008-06-18,29.67,30.40,29.67,30.37,1220300,23.93
2008-06-17,30.00,30.16,29.78,30.15,719400,23.76
2008-06-16,29.27,30.12,29.07,30.00,810600,23.64
2008-06-13,29.48,29.66,28.99,29.59,843800,23.32
2008-06-12,29.45,29.68,28.91,29.19,710900,23.00
2008-06-11,30.13,30.26,29.34,29.41,702300,23.17
2008-06-10,30.41,30.42,29.98,30.20,376900,23.80
2008-06-09,30.30,30.49,29.95,30.47,498000,24.01
2008-06-06,31.00,31.02,30.18,30.23,472900,23.82
2008-06-05,30.74,31.06,30.37,31.06,547800,24.47
2008-06-04,29.96,30.67,29.72,30.49,886000,24.03
2008-06-03,29.41,30.40,29.26,30.05,659700,23.68
2008-06-02,30.02,30.08,29.33,29.63,587200,23.35
2008-05-30,29.56,30.11,29.56,30.03,855200,23.66
2008-05-29,29.33,30.04,29.33,29.67,974200,23.38
2008-05-28,28.98,29.63,28.98,29.50,896000,23.25
2008-05-27,29.20,29.43,28.88,29.04,806100,22.88
2008-05-23,29.65,29.81,28.90,29.11,752500,22.94
2008-05-22,29.47,29.91,29.22,29.75,500600,23.44
2008-05-21,29.47,29.96,29.26,29.61,644200,23.33
2008-05-20,29.86,29.86,29.25,29.55,337900,23.28
2008-05-19,30.00,30.35,29.50,30.01,532700,23.65
2008-05-16,30.00,30.00,29.53,29.76,528300,23.45
2008-05-15,29.89,30.00,29.44,29.92,408200,23.58
2008-05-14,30.09,30.17,29.64,29.93,766100,23.58
2008-05-13,30.06,30.10,29.14,29.83,1034600,23.51
2008-05-12,29.87,30.22,29.63,30.10,414900,23.72
2008-05-09,30.40,30.40,29.79,29.92,513700,23.58
2008-05-08,30.40,30.59,30.19,30.54,535600,24.07
2008-05-07,30.97,31.28,30.17,30.37,724100,23.93
2008-05-06,29.62,30.83,29.43,30.67,941300,24.17
2008-05-05,30.04,30.26,29.53,29.58,674000,23.31
2008-05-02,30.72,31.06,29.82,30.23,1012800,23.82
2008-05-01,28.43,31.13,28.43,30.48,2095200,24.02
2008-04-30,27.83,28.00,27.47,27.47,862300,21.65
2008-04-29,27.95,27.98,27.35,27.73,657800,21.85
2008-04-28,27.70,28.03,27.44,28.02,571400,22.08
2008-04-25,27.56,27.85,27.22,27.81,588100,21.91
2008-04-24,26.95,27.60,26.65,27.49,569700,21.66
2008-04-23,27.05,27.05,26.61,26.80,516600,21.12
2008-04-22,26.90,27.21,26.65,26.91,712300,21.20
2008-04-21,26.50,27.06,26.16,27.03,643200,21.30
2008-04-18,26.50,26.93,26.24,26.46,3422400,20.85
2008-04-17,26.31,26.55,26.14,26.23,648700,20.67
2008-04-16,26.14,26.56,26.13,26.50,720900,20.88
2008-04-15,25.65,25.99,25.51,25.90,723000,20.41
2008-04-14,26.10,26.24,25.62,25.67,496200,20.23
2008-04-11,26.45,26.48,26.13,26.23,380100,20.67
2008-04-10,26.60,26.91,26.33,26.68,421600,21.02
2008-04-09,27.58,27.69,26.38,26.58,1633100,20.94
2008-04-08,26.65,27.59,26.65,27.40,1299400,21.59
2008-04-07,26.83,27.25,26.81,26.92,3909300,21.21
2008-04-04,26.72,27.00,26.49,26.80,850600,21.12
2008-04-03,26.55,26.99,26.55,26.80,1100100,21.12
2008-04-02,26.65,27.28,26.55,26.72,1270900,21.05
2008-04-01,26.55,26.92,26.25,26.47,1170500,20.86
2008-03-31,25.90,26.65,25.90,26.44,2197400,20.83
2008-03-28,25.12,25.39,25.00,25.15,729800,19.82
2008-03-27,25.02,25.44,24.98,25.12,2331000,19.79
2008-03-26,25.42,25.65,24.77,25.00,946700,19.70
2008-03-25,25.08,25.61,25.05,25.37,1449300,19.99
2008-03-24,24.55,25.33,24.55,25.01,1721500,19.71
2008-03-20,24.46,25.06,24.20,24.63,1430500,19.41
2008-03-19,25.16,25.43,24.39,24.54,1340100,19.34
2008-03-18,25.30,25.45,24.56,24.95,1569800,19.66
2008-03-17,25.53,25.71,24.85,24.95,1807900,19.66
2008-03-14,27.21,27.36,25.75,25.93,1960700,20.43
2008-03-13,26.74,27.38,26.71,27.22,949300,21.45
2008-03-12,27.29,27.58,27.15,27.23,943100,21.46
2008-03-11,27.55,27.69,26.89,27.40,1035600,21.59
2008-03-10,27.91,28.07,27.09,27.21,1034500,21.44
2008-03-07,27.53,28.17,27.47,28.10,1184100,22.14
2008-03-06,28.93,28.97,27.82,27.89,1822300,21.98
2008-03-05,28.22,29.16,27.57,29.08,2357600,22.91
2008-03-04,28.82,29.12,28.14,28.32,1349200,22.32
2008-03-03,29.88,29.88,28.88,29.27,1071000,23.06
2008-02-29,30.40,30.40,29.20,30.08,1400400,23.70
2008-02-28,31.01,31.79,29.83,30.58,3935900,24.10
2008-02-27,33.99,34.40,33.48,34.18,596900,26.93
2008-02-26,32.76,34.05,32.76,33.87,545200,26.69
2008-02-25,32.78,33.08,32.69,33.03,517700,26.03
2008-02-22,33.27,33.35,32.56,32.98,721700,25.99
2008-02-21,33.69,33.94,33.24,33.33,436800,26.26
2008-02-20,32.86,33.70,32.86,33.70,580900,26.56
2008-02-19,34.00,34.42,33.07,33.25,735000,26.20
2008-02-15,34.87,34.90,33.50,33.84,697500,26.67
2008-02-14,34.97,35.44,34.74,35.07,535500,27.63
2008-02-13,34.93,34.97,34.48,34.78,593400,27.41
2008-02-12,35.12,35.19,34.35,34.61,509600,27.27
2008-02-11,34.83,34.95,34.31,34.76,487000,27.39
2008-02-08,34.10,34.97,34.02,34.92,438700,27.52
2008-02-07,34.51,35.74,33.80,34.09,928000,26.86
2008-02-06,34.90,35.74,34.49,34.63,703000,27.29
2008-02-05,34.93,35.22,34.41,34.54,477000,27.22
2008-02-04,35.32,35.56,34.74,35.12,385100,27.67
2008-02-01,34.62,35.44,34.46,35.30,1348600,27.82
2008-01-31,33.96,34.53,33.49,34.39,624100,27.10
2008-01-30,33.57,34.48,33.35,34.06,484300,26.84
2008-01-29,33.35,33.86,33.31,33.82,367800,26.65
2008-01-28,33.30,33.55,32.71,33.35,568700,26.28
2008-01-25,33.86,33.87,33.19,33.28,514600,26.22
2008-01-24,32.46,33.60,32.29,33.36,641900,26.29
2008-01-23,31.95,32.58,31.45,32.50,567400,25.61
2008-01-22,31.17,32.85,30.76,32.24,830000,25.40
2008-01-18,32.71,33.00,31.82,32.12,523300,25.31
2008-01-17,33.49,33.80,32.24,32.32,602900,25.47
2008-01-16,32.78,33.63,32.78,33.32,479300,26.26
2008-01-15,33.11,33.50,32.97,33.06,618100,26.05
2008-01-14,34.16,34.20,33.36,33.63,511900,26.50
2008-01-11,34.06,34.33,33.66,33.77,392300,26.61
2008-01-10,34.38,34.49,33.70,34.25,672900,26.99
2008-01-09,34.70,34.70,33.81,34.23,670000,26.97
2008-01-08,35.46,35.46,34.23,34.47,751800,27.16
2008-01-07,35.50,35.50,34.39,35.06,611200,27.63
2008-01-04,35.95,36.05,34.90,35.04,401500,27.61
2008-01-03,36.02,36.05,35.48,36.04,645200,28.40
2008-01-02,36.76,37.13,35.76,35.91,417700,28.30
