Date,Open,High,Low,Close,Volume,Adj Close
2013-12-31,61.69,61.85,61.26,61.60,1446100,61.34
2013-12-30,61.33,61.97,61.19,61.77,1434500,61.51
2013-12-27,61.21,61.43,60.97,61.17,1190400,60.91
2013-12-26,61.10,61.40,60.65,61.16,919000,60.90
2013-12-24,60.78,61.26,60.71,60.86,744100,60.61
2013-12-23,60.48,61.15,60.21,60.96,1921500,60.71
2013-12-20,59.27,60.39,59.05,60.12,2873300,59.87
2013-12-19,58.54,59.30,58.51,59.15,1713700,58.90
2013-12-18,57.76,59.05,57.42,58.96,2540500,58.71
2013-12-17,57.96,58.11,57.28,57.44,1861600,57.20
2013-12-16,57.11,58.08,57.03,57.79,1810200,57.55
2013-12-13,57.20,57.43,56.74,56.82,2094700,56.58
2013-12-12,56.19,57.15,56.14,56.92,2708700,56.68
2013-12-11,56.66,56.78,55.95,56.01,2755500,55.78
2013-12-10,56.54,57.08,56.44,56.67,2048500,56.43
2013-12-09,55.81,56.99,55.73,56.81,2473100,56.57
2013-12-06,56.65,57.09,56.29,56.69,3124300,56.45
2013-12-05,55.76,56.07,55.57,55.76,3450000,55.53
2013-12-04,55.64,56.13,55.35,55.90,3497100,55.67
2013-12-03,55.34,56.31,54.83,56.03,4255800,55.80
2013-12-02,56.90,57.32,55.49,55.56,4592600,55.33
2013-11-29,71.05,71.75,70.92,71.42,1600400,56.81
2013-11-27,70.33,71.22,70.08,71.10,3449200,56.55
2013-11-26,70.11,70.51,69.74,70.33,3870900,55.94
2013-11-25,69.25,70.43,68.97,69.99,4887000,55.67
2013-11-22,68.08,68.89,67.64,68.84,3492200,54.75
2013-11-21,67.74,68.10,67.49,67.97,4741500,54.06
2013-11-20,67.64,67.98,67.13,67.73,3451000,53.87
2013-11-19,67.51,67.97,67.01,67.62,5330800,53.78
2013-11-18,68.64,69.07,67.28,67.58,3460200,53.75
2013-11-15,68.41,68.62,67.70,68.53,3091600,54.51
2013-11-14,67.78,68.11,67.28,68.00,2129100,54.09
2013-11-13,67.52,68.39,66.87,67.54,4753700,53.72
2013-11-12,67.30,67.87,66.75,67.77,3425400,53.90
2013-11-11,67.78,67.95,67.36,67.47,2010000,53.66
2013-11-08,66.60,67.71,66.56,67.70,1548700,53.85
2013-11-07,67.63,68.08,66.49,66.59,1586200,52.96
2013-11-06,67.77,68.27,67.50,67.72,1217100,53.86
2013-11-05,67.56,67.82,66.62,67.52,1345100,53.70
2013-11-04,67.99,68.04,67.40,67.70,920500,53.85
2013-11-01,67.63,68.22,66.87,67.74,1541700,53.88
2013-10-31,66.89,68.26,66.71,67.53,1855900,53.71
2013-10-30,68.13,68.30,66.70,67.09,1398800,53.36
2013-10-29,67.48,68.12,67.09,68.03,1291600,53.94
2013-10-28,67.73,67.83,67.22,67.31,1639600,53.37
2013-10-25,67.71,67.87,66.82,67.85,1994000,53.80
2013-10-24,67.62,67.82,66.68,67.65,2200000,53.64
2013-10-23,68.21,68.49,67.34,67.48,2062900,53.51
2013-10-22,68.00,68.94,67.57,68.29,3077900,54.15
2013-10-21,67.00,67.82,66.56,67.78,2907700,53.74
2013-10-18,66.72,68.33,65.31,66.85,7491000,53.01
2013-10-17,63.10,63.62,62.91,63.52,7288800,50.37
2013-10-16,64.50,64.83,62.98,63.35,4607900,50.23
2013-10-15,65.33,65.47,64.39,64.62,1613000,51.24
2013-10-14,65.27,65.88,64.65,65.68,1577100,52.08
2013-10-11,64.52,65.85,64.37,65.74,1571300,52.13
2013-10-10,63.54,64.69,63.40,64.63,2208600,51.25
2013-10-09,62.97,63.11,61.78,62.76,2506200,49.76
2013-10-08,64.23,64.58,62.67,62.82,2833000,49.81
2013-10-07,65.46,65.48,64.25,64.26,1705800,50.95
2013-10-04,64.91,66.30,64.74,66.09,1826700,52.40
2013-10-03,65.12,65.36,64.10,64.95,1864800,51.50
2013-10-02,64.86,65.19,64.47,65.18,1755000,51.68
2013-10-01,65.22,65.55,64.77,65.17,1216000,51.68
2013-09-30,64.77,65.18,64.48,64.94,2586700,51.49
2013-09-27,65.20,65.97,65.18,65.42,1175600,51.87
2013-09-26,65.96,66.03,65.35,65.62,1344000,52.03
2013-09-25,65.74,66.25,65.14,65.90,1957500,52.25
2013-09-24,64.69,66.62,64.69,65.81,2821000,52.18
2013-09-23,65.47,65.59,64.39,64.79,1401800,51.37
2013-09-20,65.29,66.03,65.24,65.50,4905200,51.94
2013-09-19,65.48,65.87,65.34,65.41,1915300,51.87
2013-09-18,64.69,65.56,64.06,65.12,1871300,51.64
2013-09-17,64.45,64.82,64.19,64.73,1201600,51.33
2013-09-16,64.71,64.80,64.08,64.53,1963000,51.17
2013-09-13,63.37,63.71,63.29,63.56,1027000,50.40
2013-09-12,63.85,64.36,63.21,63.22,1944800,50.13
2013-09-11,64.90,64.90,63.50,63.87,2489800,50.64
2013-09-10,62.96,64.86,62.95,64.81,3135500,51.22
2013-09-09,62.00,62.61,61.76,62.36,1889100,49.29
2013-09-06,61.79,62.49,60.96,61.77,1993600,48.82
2013-09-05,61.63,62.00,61.29,61.64,2208200,48.72
2013-09-04,60.50,61.57,60.38,61.56,2338400,48.65
2013-09-03,60.06,60.80,60.06,60.53,3440300,47.84
2013-08-30,59.77,59.77,58.92,59.14,1278200,46.74
2013-08-29,58.97,59.95,58.96,59.59,1197400,47.10
2013-08-28,59.36,59.59,59.16,59.22,1336200,46.81
2013-08-27,60.50,60.51,59.30,59.30,2023100,46.87
2013-08-26,61.48,62.03,61.14,61.29,1836800,48.44
2013-08-23,61.52,61.80,61.08,61.48,1413800,48.59
2013-08-22,60.53,61.63,60.39,61.32,1440100,48.46
2013-08-21,59.97,60.87,59.88,60.24,2541600,47.61
2013-08-20,60.33,60.44,59.89,60.16,2006200,47.55
2013-08-19,60.71,61.01,60.18,60.24,2252200,47.61
2013-08-16,60.09,61.34,60.09,60.93,1950200,48.16
2013-08-15,61.35,61.35,60.17,60.24,1629300,47.61
2013-08-14,61.90,62.20,61.66,61.97,1556800,48.98
2013-08-13,61.40,62.09,61.01,62.02,1836600,49.02
2013-08-12,60.75,61.68,60.54,61.37,1893600,48.50
2013-08-09,61.24,61.37,60.77,61.01,2510300,48.22
2013-08-08,61.66,61.76,61.36,61.58,1777700,48.67
2013-08-07,60.78,61.55,60.68,61.31,2307400,48.46
2013-08-06,62.00,62.00,60.67,60.88,2321800,48.12
2013-08-05,62.24,62.55,61.80,62.21,1538800,49.17
2013-08-02,61.71,62.56,61.34,62.51,2550000,49.41
2013-08-01,61.78,62.28,61.72,62.11,2359200,49.09
2013-07-31,61.27,61.78,61.00,61.05,1597500,48.25
2013-07-30,61.46,61.73,60.97,61.10,1293100,48.29
2013-07-29,60.95,61.35,60.86,60.99,1138900,48.20
2013-07-26,60.70,61.18,60.44,61.15,2004300,48.33
2013-07-25,60.33,61.33,60.28,61.16,2263700,48.34
2013-07-24,61.44,61.76,60.49,60.55,3558800,47.86
2013-07-23,61.97,62.30,60.71,61.02,3291200,48.23
2013-07-22,63.35,63.35,61.50,61.69,3955900,48.76
2013-07-19,61.92,63.33,60.64,62.95,4620000,49.75
2013-07-18,58.97,60.16,58.88,59.92,2294400,47.36
2013-07-17,58.41,59.00,58.41,58.76,1691400,46.44
2013-07-16,59.22,59.33,57.99,58.17,2556300,45.98
2013-07-15,59.44,59.58,58.91,59.33,1644200,46.89
2013-07-12,59.06,59.41,58.89,59.09,1603900,46.70
2013-07-11,58.94,59.49,58.85,59.02,2346300,46.65
2013-07-10,57.98,58.41,57.71,57.99,1234500,45.83
2013-07-09,57.67,58.37,57.34,58.03,1242300,45.86
2013-07-08,57.94,58.06,57.18,57.23,2192200,45.23
2013-07-05,56.74,57.93,56.62,57.75,2465800,45.64
2013-07-03,55.32,56.21,55.32,55.97,796000,44.24
2013-07-02,56.12,56.33,55.51,55.69,2848500,44.02
2013-07-01,55.89,56.70,55.65,56.23,3009900,44.44
2013-06-28,55.42,55.71,55.01,55.52,3430600,43.88
2013-06-27,55.13,55.70,55.00,55.49,2642500,43.86
2013-06-26,54.67,55.05,54.37,54.63,2890400,43.18
2013-06-25,54.09,54.85,53.95,54.11,2420200,42.77
2013-06-24,54.53,54.64,53.39,53.46,3302700,42.25
2013-06-21,55.45,55.93,54.73,55.04,2895600,43.50
2013-06-20,56.29,56.34,54.93,55.07,2820800,43.53
2013-06-19,57.69,57.84,56.57,56.57,2265600,44.71
2013-06-18,56.68,57.93,56.50,57.61,2974800,45.53
2013-06-17,57.06,57.12,56.24,56.60,2258100,44.73
2013-06-14,56.20,56.99,56.03,56.43,2339100,44.60
2013-06-13,55.84,56.36,55.70,56.25,2825300,44.46
2013-06-12,57.16,57.22,55.79,55.90,2310400,44.18
2013-06-11,57.04,57.31,56.60,56.65,1836000,44.61
2013-06-10,58.30,58.41,57.61,57.68,2424800,45.42
2013-06-07,57.21,58.07,57.07,58.04,4453600,45.70
2013-06-06,55.90,56.78,55.78,56.64,4124000,44.60
2013-06-05,56.75,57.29,55.75,55.83,3039200,43.96
2013-06-04,58.35,58.89,56.80,57.06,2799500,44.93
2013-06-03,57.70,58.55,57.18,58.52,2640800,46.08
2013-05-31,57.53,58.54,57.48,57.53,1931800,45.30
2013-05-30,57.32,58.36,57.13,57.82,1789800,45.53
2013-05-29,57.12,57.59,56.76,57.23,1374500,45.06
2013-05-28,57.60,58.55,57.25,57.71,1649800,45.44
2013-05-24,56.84,57.42,56.25,57.15,1462300,45.00
2013-05-23,56.62,57.71,56.41,57.17,1574500,45.02
2013-05-22,58.13,58.92,56.84,57.16,2227400,45.01
2013-05-21,58.01,58.59,57.88,58.14,1253500,45.78
2013-05-20,57.74,58.58,57.74,57.99,2549600,45.66
2013-05-17,57.20,58.28,57.03,58.04,2754100,45.70
2013-05-16,56.64,57.33,56.50,56.85,2044200,44.77
2013-05-15,57.00,57.25,56.58,56.90,2323400,44.80
2013-05-14,56.13,57.57,56.12,57.23,3004000,45.06
2013-05-13,56.09,56.23,55.57,56.03,1965500,44.12
2013-05-10,55.90,56.46,55.78,56.39,2354100,44.40
2013-05-09,55.19,56.04,55.18,55.87,3073400,43.99
2013-05-08,55.26,55.68,55.16,55.52,1531900,43.72
2013-05-07,54.67,55.49,54.60,55.35,2054100,43.58
2013-05-06,54.07,54.76,53.61,54.55,1898100,42.95
2013-05-03,53.05,54.77,52.92,54.11,3244000,42.61
2013-05-02,52.34,52.75,52.15,52.47,3449200,41.32
2013-05-01,53.49,53.77,52.03,52.23,3726500,41.13
2013-04-30,54.14,54.22,53.15,53.80,2241300,42.36
2013-04-29,54.17,54.53,53.85,54.24,1795100,42.71
2013-04-26,54.80,54.90,53.54,53.98,2985500,42.51
2013-04-25,54.29,55.20,54.12,54.79,3525800,43.14
2013-04-24,53.59,54.38,53.56,54.18,2769900,42.66
2013-04-23,53.49,54.53,52.34,53.45,5731200,42.09
2013-04-22,53.95,54.05,52.72,54.00,2635000,42.52
2013-04-19,53.85,53.97,53.36,53.90,2673800,42.44
2013-04-18,53.90,54.21,53.26,53.54,1798400,42.16
2013-04-17,54.43,54.56,53.31,53.89,2410700,42.43
2013-04-16,54.16,55.04,54.16,54.96,2603400,43.28
2013-04-15,55.74,56.03,53.76,53.76,2751600,42.33
2013-04-12,56.37,56.65,55.90,56.16,1935800,44.22
2013-04-11,56.15,57.14,56.01,56.68,2942200,44.63
2013-04-10,55.69,56.30,55.58,56.15,3001700,44.21
2013-04-09,55.03,55.68,54.94,55.61,3825200,43.79
2013-04-08,54.08,55.00,54.05,54.90,2605000,43.23
2013-04-05,53.52,54.25,53.34,54.01,3337000,42.53
2013-04-04,54.13,54.79,53.96,54.49,2922600,42.91
2013-04-03,54.19,54.86,53.81,53.92,3270400,42.46
2013-04-02,54.67,55.08,54.13,54.25,2474500,42.72
2013-04-01,55.02,55.35,54.31,54.40,2982000,42.84
2013-03-28,54.47,55.04,54.15,55.01,3320900,43.32
2013-03-27,54.56,54.95,53.99,54.36,2764000,42.80
2013-03-26,55.49,55.70,54.95,55.38,2335700,43.61
2013-03-25,55.86,56.10,54.71,55.08,2197700,43.37
2013-03-22,55.75,55.79,55.22,55.51,2127300,43.71
2013-03-21,56.06,56.14,55.30,55.60,2157100,43.78
2013-03-20,55.38,56.77,55.38,56.47,3321800,44.47
2013-03-19,55.09,55.41,54.46,55.12,1772900,43.40
2013-03-18,54.78,55.41,54.68,55.04,1140400,43.34
2013-03-15,55.57,55.75,55.18,55.39,2496100,43.62
2013-03-14,55.25,55.85,55.08,55.79,2017500,43.93
2013-03-13,55.02,55.17,54.67,55.15,1672200,43.43
2013-03-12,54.63,55.12,54.61,55.03,3197900,43.33
2013-03-11,54.12,54.88,54.09,54.83,1719700,43.17
2013-03-08,53.89,54.37,53.65,54.31,1753000,42.77
2013-03-07,53.44,54.15,53.27,53.72,2799300,42.14
2013-03-06,53.50,53.75,53.04,53.44,1377400,41.92
2013-03-05,52.45,53.30,52.31,53.24,1882800,41.76
2013-03-04,51.72,52.22,51.61,52.09,2051200,40.86
2013-03-01,52.21,52.53,51.54,51.93,1725500,40.73
2013-02-28,52.26,52.92,52.10,52.65,1941700,41.30
2013-02-27,51.47,52.57,51.26,52.36,1526100,41.07
2013-02-26,51.14,51.74,50.91,51.30,2503400,40.24
2013-02-25,52.86,53.16,50.90,50.93,2969400,39.95
2013-02-22,52.62,52.94,52.26,52.61,2695300,41.26
2013-02-21,52.58,52.75,52.06,52.25,3455000,40.98
2013-02-20,53.75,53.90,52.80,52.88,3030500,41.48
2013-02-19,53.05,53.65,52.85,53.64,3025900,42.07
2013-02-15,53.22,53.42,52.87,53.03,2654800,41.59
2013-02-14,53.23,53.57,53.02,53.03,2895200,41.59
2013-02-13,53.14,53.50,52.98,53.19,1926900,41.72
2013-02-12,53.08,53.27,52.77,53.05,2131600,41.61
2013-02-11,53.21,53.37,52.87,52.95,2245900,41.53
2013-02-08,52.13,53.45,52.07,53.43,2849300,41.91
2013-02-07,52.76,52.77,51.73,52.01,3014100,40.79
2013-02-06,52.86,52.95,52.19,52.77,2489700,41.39
2013-02-05,52.09,53.36,51.78,53.15,2991700,41.69
2013-02-04,52.19,53.24,51.74,51.80,3004600,40.63
2013-02-01,51.99,52.70,50.92,52.36,4010200,41.07
2013-01-31,51.49,51.75,51.14,51.39,2223800,40.31
2013-01-30,51.48,51.73,51.10,51.62,2094900,40.49
2013-01-29,51.21,51.52,50.92,51.47,1853800,40.37
2013-01-28,51.66,51.69,50.86,51.15,1309500,40.12
2013-01-25,51.17,51.48,50.99,51.47,2003000,40.37
2013-01-24,50.88,51.52,50.88,51.09,2812400,40.07
2013-01-23,50.69,51.00,50.62,50.84,1827900,39.88
2013-01-22,50.53,50.76,50.34,50.69,1648700,39.76
2013-01-18,51.17,51.24,50.13,50.63,2801400,39.71
2013-01-17,49.66,51.03,49.47,50.95,2467400,39.96
2013-01-16,49.52,49.65,49.28,49.47,1044400,38.80
2013-01-15,49.41,49.90,49.41,49.79,1312000,39.05
2013-01-14,49.58,49.75,49.11,49.75,1249200,39.02
2013-01-11,49.66,49.68,49.29,49.60,1015100,38.90
2013-01-10,49.50,49.70,48.96,49.62,2105900,38.92
2013-01-09,49.40,49.57,48.91,49.21,1729800,38.60
2013-01-08,48.78,49.24,48.57,49.23,2005500,38.61
2013-01-07,48.99,49.12,48.06,48.99,2038100,38.43
2013-01-04,49.06,49.85,48.97,49.77,2614600,39.04
2013-01-03,49.28,49.53,48.76,48.96,2629900,38.40
2013-01-02,49.49,49.90,48.94,49.47,4113500,38.80
2012-12-31,46.68,47.99,46.54,47.96,2251900,37.62
2012-12-28,46.81,47.40,46.76,46.88,1817900,36.77
2012-12-27,46.87,47.21,46.51,47.08,1268200,36.93
2012-12-26,47.01,47.33,46.64,46.79,1308500,36.70
2012-12-24,46.81,47.34,46.59,47.00,859600,36.86
2012-12-21,48.29,48.62,46.98,47.11,6058100,36.95
2012-12-20,48.44,48.90,48.41,48.87,2318200,38.33
2012-12-19,48.50,48.68,48.29,48.48,2172300,38.03
2012-12-18,47.33,48.32,47.19,48.23,2525600,37.83
2012-12-17,47.76,47.87,47.15,47.35,2464500,37.14
2012-12-14,47.45,47.95,47.44,47.60,2151000,37.34
2012-12-13,47.62,48.21,47.47,47.56,2612900,37.30
2012-12-12,47.74,48.06,47.53,47.69,4547700,37.41
2012-12-11,48.04,48.19,47.06,47.64,5001100,37.24
2012-12-10,49.60,50.03,47.77,47.79,8797000,37.36
2012-12-07,48.50,49.31,48.11,48.69,4844400,38.06
2012-12-06,48.42,48.42,47.56,48.20,2060600,37.68
2012-12-05,47.95,48.74,47.55,48.44,2328200,37.87
2012-12-04,47.94,48.53,47.63,47.85,2235300,37.41
2012-12-03,48.96,49.00,47.95,47.96,3238000,37.49
2012-11-30,48.70,48.88,48.30,48.78,2853900,38.13
2012-11-29,48.35,48.76,48.12,48.67,1965300,38.05
2012-11-28,47.62,48.23,47.31,48.21,2064200,37.69
2012-11-27,47.85,48.19,47.67,47.76,1719400,37.33
2012-11-26,48.00,48.20,47.76,47.91,1578200,37.45
2012-11-23,47.75,48.23,47.62,48.23,1070800,37.70
2012-11-21,47.18,47.77,47.05,47.61,1862000,37.22
2012-11-20,46.28,47.25,46.18,47.25,2640000,36.94
2012-11-19,45.78,46.57,45.68,46.44,2893800,36.30
2012-11-16,46.11,46.11,44.65,45.29,3551500,35.40
2012-11-15,45.32,45.93,45.04,45.32,3357900,35.43
2012-11-14,46.28,46.40,45.12,45.29,3840200,35.40
2012-11-13,45.44,46.48,44.93,46.09,3097300,36.03
2012-11-12,45.99,46.14,45.48,45.93,1995100,35.90
2012-11-09,46.36,46.71,45.81,45.86,3209000,35.85
2012-11-08,46.79,47.39,46.52,46.55,2651600,36.39
2012-11-07,47.46,47.53,46.63,46.84,3577800,36.62
2012-11-06,47.65,48.38,47.50,47.94,2998200,37.48
2012-11-05,46.85,47.64,46.73,47.58,1793900,37.19
2012-11-02,47.55,47.64,47.02,47.02,3185300,36.76
2012-11-01,47.01,47.92,46.82,47.19,4354300,36.89
2012-10-31,46.30,47.28,45.50,47.03,2879600,36.76
2012-10-26,46.40,46.69,46.06,46.38,1953900,36.26
2012-10-25,46.50,46.84,46.00,46.39,2131900,36.26
2012-10-24,45.85,46.71,45.47,46.12,3391400,36.05
2012-10-23,45.87,45.87,45.35,45.61,3051300,35.65
2012-10-22,46.11,47.28,46.03,46.55,3148900,36.39
2012-10-19,46.19,47.64,45.82,46.35,5596300,36.23
2012-10-18,45.70,46.39,45.50,45.66,3120600,35.69
2012-10-17,45.23,45.92,45.23,45.70,2279100,35.72
2012-10-16,44.82,45.56,44.72,45.56,2678500,35.62
2012-10-15,44.36,44.68,44.18,44.49,2407800,34.78
2012-10-12,44.44,44.79,44.12,44.31,2048700,34.64
2012-10-11,44.96,45.16,44.38,44.38,2124600,34.69
2012-10-10,44.20,44.74,43.85,44.64,3276300,34.90
2012-10-09,45.10,45.42,44.28,44.30,3566500,34.63
2012-10-08,44.82,45.25,44.52,45.23,4034800,35.36
2012-10-05,46.08,46.32,45.06,45.09,4911800,35.25
2012-10-04,45.12,46.07,45.12,45.64,3539400,35.68
2012-10-03,44.85,45.11,44.40,44.89,4016100,35.09
2012-10-02,44.77,45.14,44.27,44.73,3427900,34.97
2012-10-01,44.90,46.15,44.44,44.49,4572900,34.78
2012-09-28,44.83,45.30,44.40,44.82,4206000,35.04
2012-09-27,44.88,45.40,44.27,45.15,2484700,35.29
2012-09-26,45.00,45.05,43.86,44.68,3803400,34.93
2012-09-25,46.28,46.28,45.10,45.11,3604200,35.26
2012-09-24,46.75,46.75,46.13,46.35,3151100,36.23
2012-09-21,46.75,47.31,46.29,46.91,6528900,36.67
2012-09-20,45.41,46.46,45.37,46.40,4457300,36.27
2012-09-19,45.70,46.06,45.37,45.88,4022100,35.87
2012-09-18,45.68,46.01,45.27,45.50,4897900,35.57
2012-09-17,46.07,46.07,45.54,45.73,3218800,35.75
2012-09-14,45.98,46.79,45.78,46.18,5691000,36.10
2012-09-13,45.86,46.29,44.81,45.90,4024500,35.88
2012-09-12,46.16,46.53,45.82,45.95,2224000,35.92
2012-09-11,45.88,46.45,45.62,45.98,2908000,35.94
2012-09-10,46.15,46.55,45.88,45.89,3052100,35.75
2012-09-07,46.50,47.25,46.03,46.13,4524100,35.93
2012-09-06,45.16,46.40,45.07,46.26,4393000,36.04
2012-09-05,45.79,45.84,44.90,45.55,3863600,35.48
2012-09-04,46.05,46.49,45.06,45.85,4212900,35.72
2012-08-31,46.53,46.90,45.93,46.76,2280700,36.43
2012-08-30,46.01,46.31,45.82,46.08,2383000,35.90
2012-08-29,46.46,46.86,46.15,46.32,2393600,36.08
2012-08-28,46.30,46.81,46.15,46.26,3037200,36.04
2012-08-27,46.97,46.99,45.85,46.28,2756600,36.05
2012-08-24,46.17,47.26,46.12,46.92,2882300,36.55
2012-08-23,45.90,46.71,45.87,46.40,2424200,36.15
2012-08-22,46.49,46.88,46.01,46.11,3966500,35.92
2012-08-21,46.73,47.71,46.47,46.74,3852700,36.41
2012-08-20,46.32,46.68,46.03,46.67,2511500,36.36
2012-08-17,46.33,46.63,46.24,46.40,2951200,36.15
2012-08-16,45.47,46.45,45.28,46.30,3839000,36.07
2012-08-15,44.82,45.68,44.45,45.31,3377800,35.30
2012-08-14,45.30,45.35,44.61,44.71,2789700,34.83
2012-08-13,45.00,45.15,44.35,45.03,2525100,35.08
2012-08-10,44.43,45.21,44.24,45.08,3281800,35.12
2012-08-09,44.17,45.00,44.02,44.73,4019500,34.84
2012-08-08,43.46,44.28,43.31,44.21,2621100,34.44
2012-08-07,42.93,43.95,42.93,43.67,3730900,34.02
2012-08-06,42.70,43.06,42.53,42.73,2127800,33.29
2012-08-03,42.62,43.39,42.41,42.60,3724300,33.19
2012-08-02,41.51,42.17,41.13,41.96,2541300,32.69
2012-08-01,42.62,43.00,41.79,41.88,3290700,32.62
2012-07-31,42.20,43.03,42.14,42.41,4034400,33.04
2012-07-30,42.22,42.37,41.74,42.25,2896500,32.91
2012-07-27,40.40,42.68,40.32,42.42,4845800,33.04
2012-07-26,40.01,40.49,39.55,40.00,6302900,31.16
2012-07-25,40.21,40.53,39.34,39.54,3467000,30.80
2012-07-24,40.32,40.38,39.21,39.91,5599400,31.09
2012-07-23,39.59,40.75,39.49,40.35,3978900,31.43
2012-07-20,40.72,40.80,39.41,40.25,6580600,31.35
2012-07-19,41.78,43.17,41.20,41.47,4250100,32.30
2012-07-18,40.43,41.95,40.34,41.39,3635000,32.24
2012-07-17,39.85,40.99,39.57,40.66,3871300,31.67
2012-07-16,40.72,40.85,39.55,39.63,3435700,30.87
2012-07-13,39.80,40.99,39.74,40.96,2348800,31.91
2012-07-12,39.93,39.94,39.33,39.64,5021000,30.88
2012-07-11,40.92,41.10,39.93,40.22,3845300,31.33
2012-07-10,42.37,42.82,40.27,40.60,4575900,31.63
2012-07-09,42.47,42.74,41.99,42.52,3812200,33.12
2012-07-06,42.40,42.63,41.94,42.55,2239700,33.15
2012-07-05,42.88,43.15,42.71,42.91,2564900,33.43
2012-07-03,42.28,43.10,42.25,43.01,1647300,33.50
2012-07-02,42.38,42.58,41.64,42.41,2760100,33.04
2012-06-29,42.03,42.51,41.96,42.18,4402000,32.86
2012-06-28,39.87,41.18,39.69,41.13,4042400,32.04
2012-06-27,39.65,40.23,39.54,40.16,3048100,31.28
2012-06-26,39.08,39.64,38.71,39.40,3316200,30.69
2012-06-25,39.56,39.75,38.93,39.03,3735900,30.40
2012-06-22,39.23,40.33,38.98,40.19,4958100,31.31
2012-06-21,40.17,40.25,39.02,39.04,4373800,30.41
2012-06-20,40.27,40.34,39.64,39.83,5188500,31.03
2012-06-19,40.42,41.00,40.22,40.46,3290100,31.52
2012-06-18,39.06,40.47,38.67,40.32,4290600,31.41
2012-06-15,39.32,39.41,38.60,39.09,4736600,30.45
2012-06-14,39.68,39.82,38.86,39.21,6555700,30.54
2012-06-13,40.19,40.57,39.47,39.66,3082100,30.77
2012-06-12,39.69,40.63,39.26,40.51,3348800,31.43
2012-06-11,41.24,41.27,39.35,39.41,2800800,30.58
2012-06-08,40.42,40.95,39.81,40.79,2707300,31.65
2012-06-07,40.97,41.58,40.45,40.64,4467100,31.53
2012-06-06,40.07,40.63,39.85,40.47,3920600,31.40
2012-06-05,38.90,39.72,38.72,39.58,2616400,30.71
2012-06-04,39.91,39.97,38.24,39.11,5184000,30.34
2012-06-01,40.48,40.86,39.79,39.90,5230200,30.96
2012-05-31,41.65,41.70,40.74,41.31,6262800,32.05
2012-05-30,42.45,42.48,41.59,41.75,4149700,32.39
2012-05-29,42.70,43.18,42.49,42.93,3289700,33.31
2012-05-25,42.76,42.76,42.07,42.16,2708900,32.71
2012-05-24,42.83,42.95,41.98,42.65,2726900,33.09
2012-05-23,41.37,42.69,40.87,42.62,5195600,33.07
2012-05-22,41.67,42.51,41.48,41.79,4117500,32.42
2012-05-21,40.46,41.65,40.41,41.51,5479300,32.21
2012-05-18,40.75,41.10,39.96,40.15,3579500,31.15
2012-05-17,42.15,42.25,40.63,40.67,4941800,31.55
2012-05-16,43.01,43.24,42.10,42.14,3406100,32.69
2012-05-15,43.16,43.53,42.64,42.79,4153600,33.20
2012-05-14,42.85,43.65,42.63,43.29,4436900,33.59
2012-05-11,43.41,44.17,43.13,43.22,6936300,33.53
2012-05-10,44.87,45.32,43.48,43.62,7076600,33.84
2012-05-09,43.52,45.62,42.66,44.54,17124400,34.56
2012-05-08,42.28,42.41,41.30,42.27,5126000,32.80
2012-05-07,41.89,42.83,41.88,42.67,5172300,33.11
2012-05-04,41.79,42.07,41.52,41.97,6536900,32.56
2012-05-03,42.51,42.57,41.84,42.02,5412800,32.60
2012-05-02,42.87,42.92,42.33,42.45,6310300,32.93
2012-05-01,42.55,43.81,42.34,43.20,6427500,33.52
2012-04-30,42.49,42.97,42.38,42.52,5687500,32.99
2012-04-27,41.83,42.84,41.68,42.61,3748200,33.06
2012-04-26,41.90,41.97,41.41,41.53,3936700,32.22
2012-04-25,41.89,42.25,41.66,41.97,3902300,32.56
2012-04-24,40.46,41.89,40.42,41.46,5224700,32.17
2012-04-23,39.98,40.70,39.75,40.24,5852500,31.22
2012-04-20,39.93,41.65,39.69,40.61,8541200,31.51
2012-04-19,40.50,41.01,39.87,40.13,5559500,31.13
2012-04-18,39.86,40.77,39.60,40.49,5461900,31.41
2012-04-17,39.94,40.32,39.57,40.06,4935500,31.08
2012-04-16,39.93,40.18,39.30,39.53,3774700,30.67
2012-04-13,40.09,40.19,39.49,39.68,3449800,30.79
2012-04-12,39.03,40.38,38.97,40.23,3148600,31.21
2012-04-11,39.21,39.41,38.76,39.01,3176300,30.27
2012-04-10,39.86,40.08,38.56,38.64,4690800,29.98
2012-04-09,40.13,40.23,39.69,39.96,3947000,31.00
2012-04-05,41.02,41.39,40.80,40.94,4591900,31.76
2012-04-04,40.88,41.28,40.70,41.21,3513800,31.97
2012-04-03,41.49,41.73,40.98,41.34,2925000,32.07
2012-04-02,41.28,42.08,41.10,41.67,4193600,32.33
2012-03-30,41.57,41.85,40.87,41.35,5281800,32.08
2012-03-29,40.52,41.26,40.39,41.17,4293800,31.94
2012-03-28,41.35,41.69,40.42,40.80,4701600,31.65
2012-03-27,41.72,41.98,41.44,41.49,3584200,32.19
2012-03-26,40.93,41.79,40.93,41.63,4531600,32.30
2012-03-23,40.50,40.61,39.62,40.43,4943700,31.37
2012-03-22,40.09,40.60,39.83,40.46,4873700,31.39
2012-03-21,40.65,40.81,40.27,40.68,4290300,31.56
2012-03-20,40.54,40.72,40.04,40.54,3924200,31.45
2012-03-19,40.93,41.00,40.62,40.88,3840600,31.72
2012-03-16,40.98,41.40,40.96,41.08,6706000,31.87
2012-03-15,40.37,40.98,40.06,40.84,4543200,31.69
2012-03-14,40.69,40.89,39.54,40.35,5839000,31.31
2012-03-13,40.62,40.74,40.09,40.60,5209500,31.50
2012-03-12,39.36,40.17,39.26,40.01,5826800,31.04
2012-03-09,39.16,39.64,38.76,39.24,4873600,30.44
2012-03-08,38.63,39.50,38.60,39.25,3256200,30.45
2012-03-07,37.88,38.53,37.62,38.36,5942700,29.64
2012-03-06,38.12,38.12,37.34,37.66,6036100,29.10
2012-03-05,39.53,39.53,38.17,38.72,4672200,29.92
2012-03-02,39.97,40.50,39.54,39.70,3619700,30.67
2012-03-01,40.02,40.48,39.95,40.13,3071400,31.00
2012-02-29,40.20,40.48,39.56,39.88,5958700,30.81
2012-02-28,40.39,40.39,39.67,40.09,6216100,30.97
2012-02-27,39.99,40.54,39.37,40.33,4356900,31.16
2012-02-24,40.95,41.01,40.39,40.48,4151000,31.28
2012-02-23,40.68,40.80,40.03,40.68,4879900,31.43
2012-02-22,40.91,41.19,40.69,40.83,3910400,31.55
2012-02-21,40.95,41.20,40.36,40.99,8063600,31.67
2012-02-17,41.38,41.45,40.68,40.92,5875700,31.62
2012-02-16,39.12,41.00,39.12,40.88,7725500,31.58
2012-02-15,39.09,39.82,38.29,39.25,4781600,30.33
2012-02-14,38.64,38.99,38.24,38.90,3311500,30.05
2012-02-13,38.15,39.23,38.08,38.93,6366000,30.08
2012-02-10,37.49,38.01,37.25,37.98,5034000,29.34
2012-02-09,38.46,38.59,37.47,37.93,3854000,29.31
2012-02-08,39.15,39.60,37.85,37.99,10285900,29.35
2012-02-07,37.16,37.89,37.09,37.56,7644400,29.02
2012-02-06,37.34,37.49,37.01,37.35,3720400,28.86
2012-02-03,36.72,37.66,36.62,37.52,4859000,28.99
2012-02-02,35.37,36.64,35.36,36.26,8040200,28.01
2012-02-01,35.41,35.67,34.96,35.18,8633500,27.18
2012-01-31,36.06,36.27,34.88,34.94,5399800,27.00
2012-01-30,34.78,36.07,34.57,35.89,3767300,27.73
2012-01-27,34.90,35.29,34.60,35.16,2854000,27.17
2012-01-26,35.97,36.10,34.88,35.00,4463700,27.04
2012-01-25,34.90,35.89,34.65,35.70,4873600,27.58
2012-01-24,34.38,35.96,34.34,35.13,7703800,27.14
2012-01-23,34.06,34.88,34.01,34.66,4212700,26.78
2012-01-20,34.09,34.17,33.37,34.01,3768300,26.28
2012-01-19,34.46,34.49,33.38,34.30,5607000,26.50
2012-01-18,33.89,34.87,33.65,34.64,5244500,26.76
2012-01-17,34.34,34.53,33.73,33.81,3840800,26.12
2012-01-13,34.68,34.88,33.84,33.94,5529000,26.22
2012-01-12,33.53,35.28,33.16,35.05,6604100,27.08
2012-01-11,32.87,33.56,32.75,33.32,4397600,25.74
2012-01-10,33.15,33.80,32.90,33.13,5534400,25.60
2012-01-09,32.14,32.60,31.73,32.45,2476000,25.07
2012-01-06,32.39,32.57,31.98,32.02,3026900,24.74
2012-01-05,31.76,32.39,31.39,32.22,3411000,24.89
2012-01-04,31.96,32.32,31.63,31.86,2936500,24.62
2012-01-03,31.24,32.26,31.24,32.10,4034300,24.80
2011-12-30,30.57,30.67,30.22,30.47,1775900,23.54
2011-12-29,30.33,30.82,30.29,30.64,1795400,23.67
2011-12-28,31.13,31.18,30.03,30.28,2399200,23.39
2011-12-27,31.11,31.39,31.02,31.20,2149600,24.11
2011-12-23,31.31,31.35,31.05,31.24,2082000,24.14
2011-12-22,31.15,31.42,30.83,31.14,4014500,24.06
2011-12-21,31.40,31.55,30.62,30.92,5548800,23.89
2011-12-20,30.43,31.54,30.38,31.44,4959900,24.29
2011-12-19,30.83,30.92,29.68,29.82,3382500,23.04
2011-12-16,31.22,31.75,30.56,30.65,8236600,23.68
2011-12-15,30.86,31.03,30.49,30.97,4815900,23.93
2011-12-14,30.61,30.77,29.99,30.37,5435000,23.46
2011-12-13,32.24,32.44,30.71,30.92,4484200,23.89
2011-12-12,32.61,32.71,31.78,32.11,3302200,24.81
2011-12-09,32.38,33.38,32.27,33.18,3852600,25.54
2011-12-08,33.19,33.58,32.17,32.29,3698600,24.86
2011-12-07,33.46,33.79,32.58,33.58,5958300,25.85
2011-12-06,33.57,34.01,33.45,33.67,4345800,25.92
2011-12-05,33.91,34.78,33.89,34.18,3306700,26.31
2011-12-02,33.88,34.23,33.17,33.23,4108600,25.58
2011-12-01,32.81,33.70,32.65,33.43,5795100,25.74
2011-11-30,32.26,33.18,32.26,33.12,6231000,25.50
2011-11-29,31.08,31.78,30.86,30.92,4608400,23.80
2011-11-28,30.29,31.04,30.07,30.82,6087300,23.73
2011-11-25,29.17,29.91,29.06,29.17,1684000,22.46
2011-11-23,30.39,30.47,29.26,29.33,3957000,22.58
2011-11-22,30.91,31.12,30.37,30.77,4033600,23.69
2011-11-21,30.67,31.57,30.42,31.06,8616000,23.91
2011-11-18,30.47,31.60,30.15,31.20,5708400,24.02
2011-11-17,31.26,31.34,29.94,30.14,5514100,23.20
2011-11-16,31.30,32.33,30.98,31.50,5105200,24.25
2011-11-15,30.95,32.02,30.83,31.78,4259300,24.46
2011-11-14,31.15,31.55,30.87,31.19,3865200,24.01
2011-11-11,30.54,31.50,30.44,31.41,6055400,24.18
2011-11-10,30.60,30.76,29.75,29.98,6888000,23.08
2011-11-09,31.21,31.46,29.94,30.10,11144100,23.17
2011-11-08,32.42,32.66,31.59,32.26,5856900,24.83
2011-11-07,32.54,32.80,31.38,32.26,4994100,24.83
2011-11-04,32.70,32.71,32.01,32.46,5045500,24.99
2011-11-03,32.74,33.03,31.73,32.95,6367200,25.37
2011-11-02,31.19,32.66,30.97,32.35,8542100,24.90
2011-11-01,29.94,31.37,29.47,30.71,7923100,23.64
2011-10-31,31.64,31.84,31.01,31.13,7180000,23.96
2011-10-28,31.31,32.40,31.09,32.34,5558800,24.90
2011-10-27,31.34,32.07,30.87,31.50,7953500,24.25
2011-10-26,30.10,30.59,29.43,30.36,8565600,23.37
2011-10-25,29.22,30.05,28.59,29.62,9212900,22.80
2011-10-24,28.07,29.83,28.07,29.50,8759100,22.71
2011-10-21,27.57,27.94,27.10,27.94,9323100,21.51
2011-10-20,29.84,29.88,26.62,27.38,15891500,21.08
2011-10-19,30.32,30.77,29.59,29.73,7332200,22.89
2011-10-18,29.11,30.52,28.74,30.30,7149500,23.33
2011-10-17,30.32,30.50,28.93,29.02,4354400,22.34
2011-10-14,29.78,30.60,29.71,30.53,4314200,23.50
2011-10-13,29.49,29.55,28.81,29.28,5061900,22.54
2011-10-12,29.00,30.31,28.95,29.94,7786300,23.05
2011-10-11,28.28,28.95,28.12,28.80,8594200,22.17
2011-10-10,27.89,28.54,27.89,28.40,7995600,21.86
2011-10-07,28.46,28.48,27.50,27.74,10718300,21.35
2011-10-06,27.77,28.12,27.39,28.08,8354200,21.62
2011-10-05,27.73,28.04,27.22,27.84,9063200,21.43
2011-10-04,25.98,27.65,25.86,27.58,12394800,21.23
2011-10-03,28.00,28.31,26.43,26.48,8647000,20.38
2011-09-30,26.32,28.16,26.13,28.09,25820100,21.62
2011-09-29,32.28,32.75,31.04,31.96,4709000,24.60
2011-09-28,32.60,33.30,31.46,31.50,5163800,24.25
2011-09-27,33.38,34.17,32.49,32.71,6024200,25.18
2011-09-26,31.39,32.68,30.55,32.61,5254200,25.10
2011-09-23,30.17,31.41,29.96,31.00,5307800,23.86
2011-09-22,30.53,30.79,29.74,30.23,8835800,23.27
2011-09-21,32.97,33.76,31.77,31.79,5689000,24.47
2011-09-20,33.82,34.10,33.15,33.20,5633400,25.56
2011-09-19,34.91,34.91,33.13,33.64,8274000,25.90
2011-09-16,35.86,36.94,35.08,35.70,14354100,27.48
2011-09-15,34.12,34.92,33.38,34.89,7170500,26.86
2011-09-14,33.50,34.22,32.33,33.65,7311000,25.90
2011-09-13,32.72,33.79,32.59,33.22,5339200,25.57
2011-09-12,31.62,32.76,31.33,32.68,5700300,25.16
2011-09-09,32.74,33.04,31.78,32.27,7875800,24.84
2011-09-08,34.14,34.71,33.22,33.35,7092700,25.58
2011-09-07,33.39,34.58,33.29,34.46,7205800,26.43
2011-09-06,31.68,32.92,31.43,32.85,7308800,25.20
2011-09-02,31.60,32.62,31.43,32.38,6831200,24.84
2011-09-01,33.45,33.60,32.37,32.53,5468200,24.95
2011-08-31,33.16,34.04,33.12,33.51,6364400,25.70
2011-08-30,32.42,33.21,32.06,32.92,5370000,25.25
2011-08-29,32.08,32.70,31.95,32.56,5925700,24.98
2011-08-26,29.45,31.75,29.34,31.56,10399400,24.21
2011-08-25,30.27,30.48,29.12,29.70,9179500,22.78
2011-08-24,29.08,30.16,28.86,30.10,7661600,23.09
2011-08-23,27.47,29.11,27.11,29.11,7900900,22.33
2011-08-22,28.32,28.33,27.17,27.37,6742700,20.99
2011-08-19,27.50,28.54,27.37,27.56,7583700,21.14
2011-08-18,29.02,29.02,27.55,27.80,8750700,21.32
2011-08-17,31.11,31.18,29.84,30.02,6057500,23.03
2011-08-16,31.13,31.89,30.73,30.90,7390600,23.70
2011-08-15,30.68,31.51,30.58,31.40,7373400,24.09
2011-08-12,29.63,30.76,29.31,30.39,10026300,23.31
2011-08-11,28.48,29.58,28.05,29.10,17889500,22.32
2011-08-10,29.31,29.41,28.09,28.21,17207700,21.64
2011-08-09,29.74,30.23,28.04,30.08,22494900,23.07
2011-08-08,31.00,31.65,29.36,29.51,15402600,22.64
2011-08-05,33.39,33.53,31.21,31.86,16374200,24.44
2011-08-04,34.23,34.37,32.62,32.78,12660900,25.14
2011-08-03,35.35,35.40,34.02,34.83,10511700,26.72
2011-08-02,36.84,37.16,35.22,35.22,7245600,27.02
2011-08-01,37.87,37.91,36.73,37.27,5220000,28.59
2011-07-29,36.89,37.66,36.77,37.42,9008700,28.70
2011-07-28,37.84,38.06,37.32,37.38,8697600,28.67
2011-07-27,39.08,39.13,37.59,37.62,10286300,28.86
2011-07-26,39.73,39.97,39.12,39.60,7484000,30.38
2011-07-25,40.01,40.09,39.68,39.76,9909800,30.50
2011-07-22,40.54,41.41,40.17,40.38,8596400,30.97
2011-07-21,41.80,42.25,40.56,41.03,20228600,31.47
2011-07-20,44.80,45.33,44.61,44.77,3867100,34.34
2011-07-19,43.75,44.65,43.73,44.50,3712100,34.13
2011-07-18,44.45,44.63,43.35,43.54,5255500,33.40
2011-07-15,45.49,45.76,44.62,44.75,4205800,34.33
2011-07-14,45.96,46.57,45.10,45.23,5202100,34.69
2011-07-13,45.60,46.51,45.48,45.91,6176300,35.22
2011-07-12,44.84,45.53,44.58,45.21,4742300,34.68
2011-07-11,45.23,45.68,44.74,45.04,3260500,34.55
2011-07-08,46.04,46.43,45.62,46.02,4162100,35.30
2011-07-07,46.62,46.88,46.29,46.77,3356400,35.87
2011-07-06,45.74,46.22,45.58,46.03,3636400,35.31
2011-07-05,46.92,47.00,45.69,45.84,4814300,35.16
2011-07-01,45.47,47.22,45.29,47.06,4602200,36.10
2011-06-30,44.10,45.67,44.02,45.41,7630600,34.83
2011-06-29,43.90,44.16,43.55,43.92,4578600,33.69
2011-06-28,43.64,43.79,43.43,43.60,4160100,33.44
2011-06-27,43.21,44.06,42.91,43.53,4013400,33.39
2011-06-24,44.50,44.68,43.06,43.13,6482200,33.08
2011-06-23,43.70,44.65,43.21,44.54,7318300,34.16
2011-06-22,44.41,45.03,44.30,44.38,4131600,34.04
2011-06-21,43.93,44.79,43.85,44.68,2946800,34.27
2011-06-20,43.55,43.78,43.19,43.73,3742600,33.54
2011-06-17,44.14,44.34,43.42,43.65,4134100,33.48
2011-06-16,43.09,43.87,42.81,43.63,4670000,33.47
2011-06-15,43.33,43.73,42.81,43.00,3631000,32.98
2011-06-14,43.22,44.16,43.06,43.94,4365200,33.61
2011-06-13,44.13,44.29,42.75,42.81,5595800,32.75
2011-06-10,44.75,44.87,43.87,44.09,4750700,33.73
2011-06-09,44.96,45.13,44.72,44.93,4312300,34.37
2011-06-08,45.84,45.84,44.74,44.82,4389100,34.29
2011-06-07,46.65,46.67,45.80,45.83,3100800,35.06
2011-06-06,46.70,47.31,45.98,46.19,2824300,35.33
2011-06-03,46.97,47.37,46.68,46.86,2249200,35.85
2011-06-02,47.65,48.30,47.29,47.73,2612400,36.51
2011-06-01,49.57,49.72,47.44,47.47,3809000,36.31
2011-05-31,49.99,50.05,49.18,49.90,2326700,38.17
2011-05-27,49.33,49.59,48.97,49.53,1524600,37.89
2011-05-26,48.80,49.17,48.30,49.06,1751200,37.53
2011-05-25,47.95,49.23,47.86,48.97,2851100,37.46
2011-05-24,48.39,48.69,47.90,48.29,2609000,36.94
2011-05-23,48.38,48.49,47.76,48.16,2242300,36.84
2011-05-20,49.96,50.20,49.11,49.18,2879400,37.62
2011-05-19,49.34,50.33,49.34,50.06,3434400,38.29
2011-05-18,48.56,49.42,47.85,49.21,3963400,37.64
2011-05-17,49.36,49.45,48.17,48.45,4441000,37.06
2011-05-16,49.87,50.51,49.59,49.73,2519100,38.04
2011-05-13,50.72,50.94,49.58,50.12,2931000,38.34
2011-05-12,50.23,50.87,49.42,50.79,2480500,38.85
2011-05-11,51.83,52.06,50.03,50.36,3495400,38.52
2011-05-10,50.94,52.33,50.88,52.08,4021900,39.84
2011-05-09,50.12,51.28,50.07,50.87,2889300,38.91
2011-05-06,49.93,51.17,49.81,50.08,4002200,38.31
2011-05-05,49.68,50.51,49.08,49.25,4013500,37.67
2011-05-04,50.52,50.82,49.83,49.90,3320600,38.17
2011-05-03,50.23,51.02,49.88,50.53,3501300,38.65
2011-05-02,50.43,50.95,50.03,50.45,3623000,38.59
2011-04-29,50.88,51.08,50.45,50.50,2432000,38.63
2011-04-28,50.67,51.19,50.54,50.70,1870400,38.78
2011-04-27,50.77,51.02,49.93,50.79,3575300,38.85
2011-04-26,51.22,51.57,50.37,50.68,4261100,38.77
2011-04-25,49.95,50.34,49.65,50.18,2585600,38.39
2011-04-21,49.32,50.83,49.32,50.20,5728600,38.40
2011-04-20,47.70,49.30,47.23,48.83,5505400,37.35
2011-04-19,46.25,46.94,46.25,46.88,2067100,35.86
2011-04-18,46.28,46.33,45.63,46.19,2562300,35.33
2011-04-15,46.72,46.99,46.29,46.78,3348500,35.78
2011-04-14,47.01,47.10,46.47,46.72,2294000,35.74
2011-04-13,47.31,47.49,46.58,47.33,2785400,36.21
2011-04-12,47.78,48.00,47.01,47.07,2933800,36.01
2011-04-11,48.01,48.56,47.97,48.13,2657600,36.82
2011-04-08,48.67,48.80,47.76,47.98,2778600,36.70
2011-04-07,48.52,49.31,48.36,48.42,5372300,37.04
2011-04-06,48.02,48.11,47.46,47.82,2038300,36.58
2011-04-05,47.76,48.15,47.36,47.90,2296400,36.64
2011-04-04,48.33,48.37,47.65,47.95,2428500,36.68
2011-04-01,48.60,48.82,48.17,48.32,3010900,36.96
2011-03-31,48.48,48.74,48.29,48.31,3221200,36.95
2011-03-30,48.30,48.87,48.27,48.80,2407300,37.33
2011-03-29,47.74,48.24,47.29,48.16,1392900,36.84
2011-03-28,48.20,48.35,47.90,47.91,2015900,36.65
2011-03-25,48.16,48.54,47.86,48.18,2371600,36.86
2011-03-24,47.81,48.06,47.32,48.00,2728900,36.72
2011-03-23,47.41,47.65,46.83,47.47,1671700,36.31
2011-03-22,48.26,48.32,47.33,47.47,2668700,36.31
2011-03-21,47.15,48.34,47.02,48.18,2919900,36.86
2011-03-18,47.05,47.10,46.39,46.61,3626000,35.65
2011-03-17,46.18,46.82,45.89,46.24,2461300,35.37
2011-03-16,45.91,46.41,45.08,45.48,4800900,34.79
2011-03-15,44.55,46.40,44.11,46.09,4534300,35.26
2011-03-14,46.32,46.57,45.23,45.85,3313100,35.07
2011-03-11,45.63,46.78,45.55,46.53,2873500,35.59
2011-03-10,45.42,46.44,44.53,45.76,5388700,35.00
2011-03-09,45.77,46.17,45.12,46.13,3779400,35.29
2011-03-08,45.14,46.40,45.03,46.00,3481300,35.13
2011-03-07,45.12,45.46,44.45,45.13,4811500,34.47
2011-03-04,45.40,45.45,44.52,44.87,5338500,34.27
2011-03-03,45.01,45.66,44.64,45.33,4643500,34.62
2011-03-02,44.35,44.95,44.14,44.51,4134900,34.00
2011-03-01,45.50,45.69,44.35,44.48,5823600,33.97
2011-02-28,45.20,45.69,44.91,45.30,3191800,34.60
2011-02-25,44.85,45.21,44.53,45.18,3130200,34.51
2011-02-24,44.73,45.27,44.41,44.74,5420600,34.17
2011-02-23,45.97,46.07,43.97,44.84,7298200,34.25
2011-02-22,46.54,46.99,45.95,46.11,4988200,35.22
2011-02-18,46.85,47.38,46.83,47.10,4250200,35.97
2011-02-17,47.05,47.17,46.70,46.79,4472300,35.74
2011-02-16,47.42,47.95,46.80,47.27,3797500,36.10
2011-02-15,46.82,47.37,46.31,47.36,5282900,36.17
2011-02-14,47.49,47.70,46.97,47.10,3715100,35.97
2011-02-11,46.42,47.58,46.33,47.49,4743500,36.27
2011-02-10,45.81,46.74,45.64,46.62,7452500,35.61
2011-02-09,45.88,47.17,45.79,46.25,19828600,35.33
2011-02-08,48.68,49.07,48.06,49.03,5338000,37.45
2011-02-07,48.05,48.75,47.89,48.58,3367100,37.10
2011-02-04,47.19,47.99,46.86,47.90,3346300,36.59
2011-02-03,47.83,47.83,46.63,47.17,4041300,36.03
2011-02-02,47.43,48.33,47.43,47.77,6106700,36.49
2011-02-01,47.43,47.83,47.32,47.67,6297100,36.41
2011-01-31,46.32,47.24,46.20,47.20,4570900,36.05
2011-01-28,47.04,47.42,45.99,46.12,3062000,35.23
2011-01-27,46.72,47.15,46.38,47.00,2199600,35.90
2011-01-26,46.36,46.99,46.29,46.79,3304900,35.74
2011-01-25,46.02,46.49,45.78,46.24,3310500,35.32
2011-01-24,45.37,46.18,45.37,46.14,3539100,35.24
2011-01-21,46.02,46.33,45.43,45.62,3950400,34.84
2011-01-20,45.67,45.85,45.27,45.66,6022200,34.87
2011-01-19,46.58,46.63,46.00,46.20,3462100,35.29
2011-01-18,46.84,47.13,46.68,46.79,2900300,35.74
2011-01-14,46.83,46.93,46.13,46.82,4776500,35.76
2011-01-13,47.14,47.24,46.64,46.90,2435300,35.82
2011-01-12,46.99,47.25,46.84,47.19,3343200,36.04
2011-01-11,46.86,47.15,46.57,46.79,6175700,35.74
2011-01-10,46.23,46.67,45.95,46.55,4202800,35.55
2011-01-07,47.12,47.32,46.25,46.60,4495300,35.59
2011-01-06,47.29,47.55,46.75,46.94,3675700,35.85
2011-01-05,46.86,47.50,46.76,47.27,3929600,36.10
2011-01-04,46.78,47.31,46.45,46.99,7005400,35.89
2011-01-03,47.47,47.81,47.26,47.66,4278800,36.40
2010-12-31,47.32,47.35,46.98,47.09,1931700,35.97
2010-12-30,47.24,47.50,47.02,47.36,1768100,36.17
2010-12-29,47.15,47.47,46.74,47.33,2337400,36.15
2010-12-28,47.16,47.34,46.99,47.25,2880400,36.09
2010-12-27,46.79,47.17,46.50,47.15,1787600,36.01
2010-12-23,47.10,47.10,46.83,46.88,2738400,35.81
2010-12-22,46.90,47.21,46.90,47.09,2978200,35.97
2010-12-21,47.21,47.35,46.83,47.14,4240700,36.01
2010-12-20,47.00,47.29,46.39,47.11,3310100,35.98
2010-12-17,46.70,47.35,46.63,47.00,6787800,35.90
2010-12-16,46.09,46.51,45.71,46.47,2553200,35.49
2010-12-15,45.80,46.23,45.64,46.01,4756000,35.14
2010-12-14,44.96,45.94,44.73,45.79,4987800,34.97
2010-12-13,44.60,45.00,44.17,44.79,3763200,34.21
2010-12-10,44.11,44.60,43.97,44.41,3685200,33.92
2010-12-09,43.92,44.22,43.70,44.09,4483700,33.62
2010-12-08,43.69,43.95,43.41,43.65,3297300,33.29
2010-12-07,43.45,44.10,43.41,43.68,5366400,33.31
2010-12-06,42.73,43.20,42.38,43.02,2537100,32.81
2010-12-03,42.28,42.92,42.26,42.91,3069100,32.72
2010-12-02,42.14,42.74,41.92,42.69,3701600,32.55
2010-12-01,41.66,42.45,41.66,42.10,6764300,32.10
2010-11-30,40.52,41.31,40.34,41.00,4281000,31.27
2010-11-29,40.52,41.18,40.46,41.08,5739000,31.33
2010-11-26,40.82,41.21,40.48,40.83,1407300,31.14
2010-11-24,40.49,41.20,40.41,41.13,3799000,31.36
2010-11-23,40.58,40.69,39.87,40.16,6390700,30.63
2010-11-22,40.77,41.21,40.60,41.15,5414100,31.38
2010-11-19,40.96,41.23,40.59,40.91,6361700,31.20
2010-11-18,41.78,41.85,41.11,41.21,6643400,31.43
2010-11-17,41.69,41.69,40.57,40.89,11086300,31.18
2010-11-16,42.03,42.06,41.00,41.42,85426900,31.59
2010-11-15,42.24,42.39,41.94,42.19,12701200,32.17
2010-11-12,42.54,42.69,41.83,42.01,12176300,32.04
2010-11-11,42.59,43.00,42.35,42.92,18272900,32.73
2010-11-10,40.62,41.22,40.07,41.14,3056300,31.37
2010-11-09,41.08,41.18,40.47,40.67,2395000,31.01
2010-11-08,40.63,41.21,40.21,41.06,2915400,31.31
2010-11-05,40.48,41.10,40.26,41.03,2993900,31.29
2010-11-04,39.95,40.63,39.85,40.60,4266900,30.96
2010-11-03,39.43,39.90,39.11,39.62,3017400,30.21
2010-11-02,39.95,39.95,39.33,39.51,3182700,30.13
2010-11-01,39.50,39.95,39.39,39.66,3654300,30.24
2010-10-29,38.93,39.48,38.74,39.31,2226500,29.98
2010-10-28,39.73,39.74,38.90,39.09,2073600,29.81
2010-10-27,39.27,39.50,38.87,39.35,2016700,30.01
2010-10-26,39.51,39.87,38.95,39.68,5395100,30.26
2010-10-25,39.54,40.13,39.37,39.87,4033800,30.40
2010-10-22,38.54,39.50,38.02,39.35,5944100,30.01
2010-10-21,38.53,39.11,38.34,38.96,5185600,29.71
2010-10-20,38.03,38.66,38.03,38.43,2573900,29.31
2010-10-19,38.50,38.63,37.85,37.99,4299100,28.97
2010-10-18,38.76,39.02,38.49,38.84,2552300,29.62
2010-10-15,39.22,39.34,38.35,38.74,4365500,29.54
2010-10-14,38.97,39.40,38.65,38.80,4660500,29.59
2010-10-13,38.98,39.35,38.67,39.07,4877600,29.79
2010-10-12,38.34,38.74,37.94,38.60,4640000,29.44
2010-10-11,38.77,38.90,38.48,38.60,1549900,29.44
2010-10-08,38.28,38.85,38.14,38.65,3694500,29.47
2010-10-07,38.20,38.50,38.00,38.38,5144300,29.27
2010-10-06,37.31,38.25,37.25,38.17,5970200,29.11
2010-10-05,36.74,37.46,36.30,37.16,4035000,28.34
2010-10-04,35.98,36.78,35.64,36.06,3095400,27.50
2010-10-01,36.14,36.19,35.70,35.91,2315400,27.38
2010-09-30,35.84,36.40,35.50,35.71,2564900,27.23
2010-09-29,35.40,35.80,35.22,35.72,3252000,27.24
2010-09-28,34.86,35.66,34.28,35.56,4151700,27.12
2010-09-27,35.28,35.28,34.57,34.88,3313900,26.60
2010-09-24,35.40,35.67,35.18,35.29,3737900,26.91
2010-09-23,35.19,35.41,34.75,34.87,2553000,26.59
2010-09-22,35.79,36.13,35.31,35.64,2773000,27.18
2010-09-21,35.63,36.21,35.57,35.95,2625500,27.41
2010-09-20,34.94,35.78,34.71,35.69,2857800,27.22
2010-09-17,34.62,34.96,34.38,34.89,4365400,26.61
2010-09-16,33.62,34.56,33.62,34.50,4020200,26.31
2010-09-15,34.28,34.36,33.81,33.85,3442800,25.81
2010-09-14,34.68,34.89,34.39,34.57,3383000,26.36
2010-09-13,35.01,35.22,34.75,34.87,1464800,26.59
2010-09-10,34.26,34.86,34.21,34.59,3503300,26.38
2010-09-09,34.82,34.88,33.99,34.21,2785500,26.03
2010-09-08,34.10,34.69,34.10,34.39,2159400,26.17
2010-09-07,34.55,34.55,34.01,34.13,2132700,25.97
2010-09-03,34.60,35.09,34.39,34.67,1569100,26.38
2010-09-02,33.86,34.31,33.62,34.31,2924200,26.11
2010-09-01,32.81,34.06,32.81,33.69,5931200,25.64
2010-08-31,33.05,33.26,32.42,32.53,4580600,24.76
2010-08-30,33.76,33.94,33.11,33.14,2646700,25.22
2010-08-27,33.52,34.07,32.90,33.85,3223600,25.76
2010-08-26,33.73,33.96,33.24,33.33,2232400,25.36
2010-08-25,33.23,33.50,32.91,33.45,5074900,25.46
2010-08-24,34.14,34.33,33.50,33.58,4140300,25.55
2010-08-23,35.39,35.59,34.66,34.71,2128200,26.41
2010-08-20,35.29,35.32,34.89,35.22,1966700,26.80
2010-08-19,35.92,36.22,35.29,35.55,1605100,27.05
2010-08-18,36.09,36.39,35.55,36.13,2628900,27.50
2010-08-17,35.53,36.40,35.22,36.08,4323000,27.46
2010-08-16,35.03,35.46,34.83,35.10,2250900,26.71
2010-08-13,35.18,35.61,35.07,35.29,2984600,26.86
2010-08-12,34.66,35.55,34.66,35.26,2602900,26.83
2010-08-11,36.25,36.25,35.34,35.39,4317600,26.93
2010-08-10,37.03,37.28,36.57,36.94,3417500,28.11
2010-08-09,37.84,38.02,37.37,37.58,2382600,28.60
2010-08-06,37.56,37.97,37.31,37.59,2813200,28.61
2010-08-05,37.85,38.25,37.68,38.15,2336200,29.03
2010-08-04,37.64,38.00,37.56,37.98,1971600,28.90
2010-08-03,37.67,37.99,37.31,37.50,2308100,28.54
2010-08-02,38.06,38.34,37.62,38.00,3130500,28.92
2010-07-30,36.88,37.70,36.78,37.46,3505300,28.51
2010-07-29,37.92,38.18,37.11,37.45,4414900,28.50
2010-07-28,37.79,38.09,37.56,37.74,3279400,28.72
2010-07-27,38.28,38.37,37.57,38.04,3367100,28.95
2010-07-26,37.18,38.24,37.14,38.11,3955500,29.00
2010-07-23,35.38,37.38,34.76,37.29,5926700,28.38
2010-07-22,36.39,37.07,36.39,36.80,6476400,28.01
2010-07-21,36.00,36.59,35.72,36.06,4138100,27.44
2010-07-20,34.41,35.81,34.29,35.72,3881400,27.18
2010-07-19,34.38,35.13,34.15,34.98,4572400,26.62
2010-07-16,34.86,35.02,34.25,34.37,7030400,26.16
2010-07-15,34.82,35.04,34.16,34.93,3524000,26.58
2010-07-14,34.72,35.21,34.35,34.97,3245000,26.61
2010-07-13,34.12,35.14,34.12,35.08,5220400,26.70
2010-07-12,33.95,34.31,33.64,33.90,3971700,25.80
2010-07-09,34.06,34.28,33.66,34.04,5661700,25.91
2010-07-08,34.19,34.44,33.92,34.25,6065600,26.06
2010-07-07,33.51,34.13,33.38,34.06,7294900,25.92
2010-07-06,33.84,34.48,33.23,33.48,5702100,25.48
2010-07-02,33.82,34.12,33.26,33.32,4537200,25.36
2010-07-01,34.83,34.83,33.11,33.68,8277300,25.63
2010-06-30,35.44,35.78,34.42,34.49,5637200,26.25
2010-06-29,36.40,36.52,35.02,35.28,8074700,26.85
2010-06-28,37.97,38.04,36.95,37.01,5320300,28.17
2010-06-25,38.15,38.37,37.32,38.00,29662800,28.92
2010-06-24,38.32,38.65,37.73,38.25,5247000,29.11
2010-06-23,39.15,39.31,38.12,38.59,7253800,29.37
2010-06-22,40.05,40.33,38.90,39.03,4318000,29.70
2010-06-21,39.88,40.65,39.68,39.99,5315900,30.43
2010-06-18,39.29,39.71,39.00,39.42,3761000,30.00
2010-06-17,39.79,39.89,38.77,39.25,3670200,29.87
2010-06-16,39.14,39.86,39.13,39.56,4812100,30.11
2010-06-15,38.54,39.69,38.48,39.64,5341400,30.17
2010-06-14,37.99,38.83,37.99,38.08,3583500,28.98
2010-06-11,36.63,37.75,36.63,37.71,3261900,28.70
2010-06-10,37.00,37.46,36.63,37.30,4063900,28.39
2010-06-09,36.86,37.19,36.05,36.21,4668800,27.50
2010-06-08,36.30,36.60,35.69,36.47,5894000,27.70
2010-06-07,37.23,37.52,36.20,36.30,6409200,27.57
2010-06-04,38.39,38.66,37.02,37.23,4028100,28.28
2010-06-03,38.68,39.29,38.65,39.17,4850800,29.75
2010-06-02,37.65,38.51,37.28,38.51,4208200,29.25
2010-06-01,36.78,38.27,36.78,37.48,6660300,28.47
2010-05-28,37.93,37.93,36.96,37.31,3455000,28.34
2010-05-27,37.00,37.77,36.93,37.68,4254200,28.62
2010-05-26,36.08,36.83,35.93,36.13,4862700,27.44
2010-05-25,34.77,35.76,34.36,35.66,5717600,27.09
2010-05-24,35.70,36.39,35.56,35.70,4647100,27.12
2010-05-21,34.89,36.04,34.69,35.88,5794700,27.25
2010-05-20,36.20,36.38,35.13,35.50,5765700,26.96
2010-05-19,37.84,38.23,36.65,37.05,6445400,28.14
2010-05-18,38.07,38.98,37.85,38.01,6498600,28.87
2010-05-17,38.91,39.00,37.81,38.74,6153000,29.42
2010-05-14,39.66,39.66,38.37,38.75,4737300,29.43
2010-05-13,39.30,40.60,39.08,40.01,6851800,30.39
2010-05-12,38.55,39.63,38.48,39.61,8442600,30.09
2010-05-11,37.04,38.42,36.97,38.11,5861600,28.95
2010-05-10,37.02,38.11,36.40,37.61,7791000,28.57
2010-05-07,35.98,37.11,34.89,35.24,10943900,26.77
2010-05-06,36.93,37.71,33.96,36.20,13388200,27.50
2010-05-05,36.11,37.88,35.76,37.35,10518400,28.37
2010-05-04,37.38,37.41,36.39,36.61,4900700,27.81
2010-05-03,37.16,38.10,37.14,38.05,3728500,28.90
2010-04-30,37.22,38.00,36.74,36.98,4411400,28.09
2010-04-29,36.94,37.38,36.79,37.26,4861800,28.30
2010-04-28,36.96,37.19,36.37,36.55,5544400,27.76
2010-04-27,37.79,37.99,36.50,36.69,5580400,27.87
2010-04-26,37.33,38.42,37.07,37.84,6600600,28.74
2010-04-23,36.80,37.23,35.70,37.10,19558600,28.18
2010-04-22,38.04,39.41,37.51,39.00,6717300,29.62
2010-04-21,38.09,38.26,37.90,38.24,6552400,29.05
2010-04-20,37.61,38.30,37.61,38.05,6756900,28.90
2010-04-19,36.92,37.29,36.60,37.26,3752700,28.30
2010-04-16,37.76,37.98,36.99,37.16,4670500,28.22
2010-04-15,37.26,38.07,37.09,37.82,6051100,28.73
2010-04-14,37.29,37.43,37.01,37.35,3918100,28.37
2010-04-13,37.44,37.44,36.79,37.00,4876100,28.10
2010-04-12,37.90,37.95,37.24,37.45,6435900,28.44
2010-04-09,36.95,37.37,36.67,37.33,4948600,28.35
2010-04-08,36.24,36.91,36.06,36.81,5533400,27.96
2010-04-07,36.21,36.82,36.11,36.66,6331700,27.84
2010-04-06,36.01,36.58,35.96,36.44,3987800,27.68
2010-04-05,35.65,36.40,35.65,36.30,3282600,27.57
2010-04-01,35.20,35.98,35.18,35.55,2867500,27.00
2010-03-31,34.74,35.11,34.63,34.87,2908600,26.49
2010-03-30,34.82,35.60,34.70,34.88,3987600,26.49
2010-03-29,34.82,35.10,34.61,34.65,2349200,26.32
2010-03-26,34.54,34.92,34.36,34.64,4377700,26.31
2010-03-25,35.16,35.63,34.52,34.52,5135400,26.22
2010-03-24,35.95,36.07,34.81,34.90,5154400,26.51
2010-03-23,35.52,36.21,35.52,36.15,3535300,27.46
2010-03-22,34.53,35.66,34.41,35.61,3876900,27.05
2010-03-19,34.87,35.63,34.52,34.87,5161100,26.49
2010-03-18,35.27,35.45,34.89,35.33,3468500,26.83
2010-03-17,35.71,35.87,35.07,35.19,5221500,26.73
2010-03-16,35.15,35.90,35.00,35.70,4917400,27.12
2010-03-15,34.54,35.08,34.40,34.94,3814500,26.54
2010-03-12,34.67,35.00,34.50,34.81,6952800,26.44
2010-03-11,33.77,34.76,33.59,34.72,6187500,26.37
2010-03-10,33.85,34.06,33.55,33.89,2846700,25.74
2010-03-09,33.72,34.34,33.69,33.84,3393500,25.70
2010-03-08,33.93,34.15,33.63,34.03,2947400,25.85
2010-03-05,33.51,34.12,33.46,33.94,4133700,25.78
2010-03-04,33.95,34.02,33.01,33.18,7314000,25.20
2010-03-03,33.00,34.05,32.98,33.65,6214900,25.56
2010-03-02,32.95,32.98,32.63,32.83,6998600,24.94
2010-03-01,31.94,32.83,31.92,32.69,5600300,24.83
2010-02-26,31.99,32.05,31.59,31.91,4566700,24.24
2010-02-25,31.96,32.11,31.47,31.99,6557200,24.30
2010-02-24,32.57,32.67,31.95,32.40,5519500,24.61
2010-02-23,33.02,33.26,32.28,32.51,6039200,24.69
2010-02-22,33.43,33.60,33.21,33.27,3509700,25.27
2010-02-19,33.10,33.58,32.90,33.36,3145000,25.34
2010-02-18,32.50,33.40,32.30,33.24,4331000,25.25
2010-02-17,31.94,32.80,31.67,32.53,5326000,24.71
2010-02-16,31.44,31.99,31.19,31.88,4717100,24.21
2010-02-12,30.98,31.64,30.12,31.26,21771900,23.74
2010-02-11,33.38,34.07,33.08,33.98,5212200,25.76
2010-02-10,33.54,33.98,33.19,33.39,4700700,25.31
2010-02-09,34.01,34.91,33.47,33.56,5546900,25.44
2010-02-08,32.82,33.50,32.31,32.88,2819300,24.92
2010-02-05,32.98,33.09,31.92,32.91,6557400,24.95
2010-02-04,34.28,34.28,33.01,33.06,3715500,25.06
2010-02-03,34.24,34.85,34.13,34.54,2680100,26.18
2010-02-02,33.31,34.79,33.15,34.49,6393500,26.14
2010-02-01,33.06,33.36,32.63,33.03,5709800,25.04
2010-01-29,33.40,33.62,32.45,32.46,5131800,24.60
2010-01-28,33.91,34.00,32.76,33.29,4560500,25.23
2010-01-27,34.48,34.50,33.19,33.88,7332400,25.68
2010-01-26,34.88,35.10,34.18,34.76,4777700,26.35
2010-01-25,35.53,35.79,35.00,35.01,3773100,26.54
2010-01-22,36.59,36.78,35.23,35.24,4073800,26.71
2010-01-21,37.39,37.44,36.56,36.67,5283600,27.80
2010-01-20,37.21,37.28,36.45,37.24,5023600,28.23
2010-01-19,36.98,37.82,36.91,37.49,6178100,28.42
2010-01-15,37.02,37.26,36.73,37.06,3362200,28.09
2010-01-14,36.60,37.03,36.52,36.99,1948900,28.04
2010-01-13,36.78,36.85,36.42,36.68,2899200,27.80
2010-01-12,37.12,37.23,36.44,36.72,3134700,27.83
2010-01-11,36.87,37.86,36.74,37.51,4246200,28.43
2010-01-08,35.83,36.68,35.66,36.61,3080100,27.75
2010-01-07,35.65,36.50,35.43,35.99,3964200,27.28
2010-01-06,35.89,35.98,35.39,35.63,3274300,27.01
2010-01-05,36.10,36.26,35.64,35.89,2522700,27.20
2010-01-04,36.00,36.45,35.90,36.25,2965200,27.48
2009-12-31,36.23,36.23,35.74,35.74,1038100,27.09
2009-12-30,35.99,36.35,35.97,36.13,1306900,27.39
2009-12-29,36.25,36.60,36.16,36.23,1359900,27.46
2009-12-28,36.35,36.52,36.08,36.29,908500,27.51
2009-12-24,36.31,36.74,36.31,36.39,361800,27.58
2009-12-23,35.80,36.39,35.66,36.23,1242700,27.46
2009-12-22,36.10,36.43,35.90,35.94,1380800,27.24
2009-12-21,35.74,36.50,35.74,36.09,2277500,27.36
2009-12-18,36.16,36.37,35.56,35.62,2368900,27.00
2009-12-17,35.87,36.07,35.69,35.97,2324200,27.26
2009-12-16,36.68,36.75,36.07,36.27,1815700,27.49
2009-12-15,36.31,36.73,36.00,36.42,2869400,27.61
2009-12-14,35.81,36.60,35.61,36.50,2730900,27.67
2009-12-11,35.49,35.82,35.35,35.63,1474600,27.01
2009-12-10,35.32,35.58,35.03,35.35,3415000,26.79
2009-12-09,34.86,35.11,34.37,34.93,1933800,26.48
2009-12-08,35.30,35.49,34.77,34.97,2641000,26.51
2009-12-07,35.64,35.87,35.49,35.64,2446600,27.01
2009-12-04,36.13,36.16,35.05,35.78,3199600,27.12
2009-12-03,36.01,36.53,35.45,35.54,2974200,26.94
2009-12-02,35.78,36.33,35.66,35.91,3654000,27.22
2009-12-01,35.72,36.23,35.68,35.91,3511300,27.22
2009-11-30,35.14,35.54,34.82,35.37,2708500,26.81
2009-11-27,34.59,35.46,34.36,35.24,2298100,26.71
2009-11-25,35.52,36.09,35.39,35.82,2965900,27.15
2009-11-24,36.06,36.25,35.34,35.57,4220300,26.96
2009-11-23,36.41,37.00,36.00,36.18,3337800,27.42
2009-11-20,36.01,36.30,35.85,36.00,3185200,27.29
2009-11-19,36.28,36.65,35.91,36.38,4399000,27.58
2009-11-18,36.64,37.17,36.59,36.70,4040000,27.82
2009-11-17,36.83,37.00,36.48,36.60,5492300,27.74
2009-11-16,36.86,37.60,36.86,37.23,4613900,28.22
2009-11-13,36.03,37.05,35.75,36.86,8017100,27.94
2009-11-12,35.44,36.57,35.37,36.05,8510300,27.33
2009-11-11,35.41,35.71,34.95,35.65,7114400,27.02
2009-11-10,34.86,35.83,34.86,35.21,6278200,26.69
2009-11-09,34.15,35.25,34.01,35.23,5276500,26.65
2009-11-06,33.47,34.00,33.25,33.84,4118500,25.60
2009-11-05,33.08,33.68,33.00,33.67,3680500,25.47
2009-11-04,33.20,33.74,32.61,32.69,4576100,24.73
2009-11-03,31.43,33.07,31.43,32.94,5207600,24.92
2009-11-02,31.61,32.56,31.20,31.86,3574000,24.10
2009-10-30,32.38,32.74,31.33,31.59,4359700,23.90
2009-10-29,32.12,32.75,31.89,32.38,4876600,24.49
2009-10-28,32.38,32.46,31.51,31.63,7515700,23.93
2009-10-27,33.95,34.29,32.45,32.54,8195300,24.62
2009-10-26,35.24,35.26,33.73,33.86,6035300,25.61
2009-10-23,36.71,37.19,34.63,34.81,10833800,26.33
2009-10-22,34.74,35.47,33.93,35.35,8160100,26.74
2009-10-21,34.30,35.37,34.29,34.66,6211400,26.22
2009-10-20,34.25,34.84,33.63,34.48,5856700,26.08
2009-10-19,33.64,34.59,33.64,33.95,5446400,25.68
2009-10-16,33.94,34.59,33.56,33.69,5419400,25.49
2009-10-15,34.62,34.74,33.88,34.27,6584200,25.92
2009-10-14,33.50,35.03,33.50,34.88,9667100,26.39
2009-10-13,32.75,33.38,32.69,33.27,6286400,25.17
2009-10-12,32.45,33.08,32.38,32.89,6422500,24.88
2009-10-09,31.57,32.41,31.40,32.36,4024500,24.48
2009-10-08,31.44,31.78,31.03,31.64,6610100,23.93
2009-10-07,30.77,31.17,30.67,31.05,4746900,23.49
2009-10-06,30.72,31.15,30.49,30.87,4601900,23.35
2009-10-05,29.78,30.60,29.78,30.43,3913200,23.02
2009-10-02,29.36,30.10,28.77,29.70,7969200,22.47
2009-10-01,30.55,30.84,29.95,30.02,6353600,22.71
2009-09-30,31.10,31.31,30.56,30.67,6071300,23.20
2009-09-29,31.30,31.50,30.94,31.08,5061300,23.51
2009-09-28,30.89,31.37,30.70,31.16,3660800,23.57
2009-09-25,30.49,31.01,30.40,30.81,4624500,23.31
2009-09-24,31.25,31.53,30.31,30.69,5458400,23.22
2009-09-23,31.86,31.93,31.15,31.20,3526200,23.60
2009-09-22,31.60,31.98,31.50,31.85,4313600,24.09
2009-09-21,31.69,31.91,31.44,31.47,3170400,23.81
2009-09-18,32.41,32.52,31.66,32.08,5126300,24.27
2009-09-17,32.66,32.95,32.19,32.37,4287800,24.49
2009-09-16,32.54,32.89,32.22,32.74,4949500,24.77
2009-09-15,32.40,32.69,32.06,32.52,6901200,24.60
2009-09-14,31.70,32.35,31.69,32.26,3787900,24.40
2009-09-11,31.86,32.37,31.86,32.09,7354200,24.28
2009-09-10,31.68,31.95,31.36,31.95,9056800,24.17
2009-09-09,31.55,31.95,31.34,31.78,8021000,24.04
2009-09-08,31.81,32.00,31.54,31.61,4819600,23.91
2009-09-04,30.84,31.36,30.82,31.24,3454500,23.63
2009-09-03,30.56,30.95,30.43,30.89,2711200,23.37
2009-09-02,30.35,30.73,30.16,30.28,3790900,22.91
2009-09-01,30.61,31.43,29.99,30.46,6499600,23.04
2009-08-31,30.91,30.98,30.50,30.89,4595400,23.37
2009-08-28,31.25,31.41,30.70,31.06,3979200,23.50
2009-08-27,30.85,31.18,30.62,31.05,5903600,23.49
2009-08-26,30.81,31.00,30.27,30.78,3239600,23.28
2009-08-25,30.87,31.37,30.80,31.00,4947200,23.45
2009-08-24,31.00,31.42,30.56,30.94,6637100,23.41
2009-08-21,30.53,31.46,30.44,31.02,6944200,23.47
2009-08-20,29.00,30.33,29.00,30.08,8643300,22.75
2009-08-19,28.55,29.20,28.30,29.02,4685400,21.95
2009-08-18,28.33,29.92,28.33,28.96,5970700,21.91
2009-08-17,28.20,28.54,27.83,28.29,5466800,21.40
2009-08-14,29.81,29.81,28.65,28.91,5848400,21.87
2009-08-13,29.11,29.88,29.01,29.70,14814500,22.41
2009-08-12,28.23,29.27,28.14,29.03,6581100,21.91
2009-08-11,28.36,28.50,27.53,28.04,5283100,21.16
2009-08-10,28.42,28.76,28.27,28.62,6640700,21.60
2009-08-07,29.41,29.42,28.47,28.81,6001800,21.74
2009-08-06,29.03,29.32,28.67,29.00,5629600,21.89
2009-08-05,29.00,29.16,28.11,28.99,4994200,21.88
2009-08-04,28.76,29.22,28.50,29.02,9431800,21.90
2009-08-03,29.07,29.39,28.89,29.03,8134200,21.91
2009-07-31,28.54,29.22,28.42,28.88,4784000,21.80
2009-07-30,28.30,29.03,28.05,28.69,7293500,21.65
2009-07-29,27.76,27.87,27.25,27.75,5180600,20.94
2009-07-28,27.42,27.99,27.16,27.94,10494500,21.09
2009-07-27,27.33,27.73,27.00,27.31,6860500,20.61
2009-07-24,25.36,27.65,25.35,27.48,16190300,20.74
2009-07-23,23.24,24.27,23.12,24.08,7135200,18.17
2009-07-22,23.11,23.55,23.00,23.32,5467700,17.60
2009-07-21,23.03,23.61,22.73,23.31,9670900,17.59
2009-07-20,21.94,22.83,21.91,22.76,6189700,17.18
2009-07-17,21.72,21.88,21.43,21.69,4932500,16.37
2009-07-16,21.14,21.79,21.04,21.71,6055600,16.38
2009-07-15,20.73,21.37,20.65,21.32,7068600,16.09
2009-07-14,20.21,20.55,20.06,20.43,5196600,15.42
2009-07-13,20.00,20.39,19.57,20.39,5641500,15.39
2009-07-10,19.48,19.95,19.48,19.88,4245100,15.00
2009-07-09,20.15,20.46,19.65,19.76,6257300,14.91
2009-07-08,20.16,20.49,19.57,19.85,7674200,14.98
2009-07-07,20.36,20.80,20.07,20.16,9519300,15.21
2009-07-06,20.77,20.77,19.77,20.33,8044400,15.34
2009-07-02,20.96,21.40,20.77,20.80,4595800,15.70
2009-07-01,21.25,21.57,21.04,21.40,11978800,16.15
2009-06-30,20.99,21.39,20.68,20.90,97592100,15.77
2009-06-29,21.38,21.69,20.99,21.20,12793300,16.00
2009-06-26,21.82,21.82,20.95,21.35,34258600,16.11
2009-06-25,21.32,21.96,20.97,21.90,13289700,16.53
2009-06-24,20.99,21.35,20.79,20.96,10520000,15.82
2009-06-23,20.57,20.95,20.43,20.60,8702600,15.55
2009-06-22,21.36,21.53,20.53,20.53,6891200,15.49
2009-06-19,21.62,21.90,21.40,21.70,9712300,16.38
2009-06-18,21.39,21.52,21.07,21.32,6311800,16.09
2009-06-17,21.71,21.92,21.21,21.49,6962400,16.22
2009-06-16,22.48,22.55,21.57,21.81,8066800,16.46
2009-06-15,22.64,22.86,22.06,22.33,6903900,16.85
2009-06-12,22.74,23.06,22.44,23.06,6070500,17.40
2009-06-11,22.58,23.12,22.44,22.87,6879900,17.26
2009-06-10,22.96,23.23,22.03,22.42,9624700,16.92
2009-06-09,22.75,23.20,22.47,22.83,7843700,17.23
2009-06-08,22.43,23.00,22.12,22.77,7120300,17.18
2009-06-05,22.65,23.04,22.34,22.78,12735000,17.19
2009-06-04,20.92,22.36,20.92,22.01,12609700,16.61
2009-06-03,21.31,21.59,20.76,21.11,8806300,15.93
2009-06-02,21.74,21.99,21.13,21.51,6399500,16.23
2009-06-01,20.81,22.17,20.51,21.67,9972800,16.35
2009-05-29,20.41,20.41,19.52,20.23,10189700,15.27
2009-05-28,20.59,20.80,19.60,20.25,7773400,15.28
2009-05-27,21.29,21.49,20.33,20.45,6419600,15.43
2009-05-26,20.92,21.68,20.78,21.26,8789000,16.04
2009-05-22,21.17,21.71,20.83,21.15,3266400,15.96
2009-05-21,21.52,21.66,20.63,21.07,4845300,15.90
2009-05-20,22.35,22.98,21.71,21.86,4797500,16.50
2009-05-19,21.81,22.32,21.44,22.07,4755500,16.66
2009-05-18,20.69,21.88,20.62,21.79,5723000,16.44
2009-05-15,20.31,21.27,20.28,20.55,6480700,15.51
2009-05-14,20.01,20.73,19.86,20.40,4804800,15.40
2009-05-13,20.82,20.87,19.54,20.11,9460200,15.18
2009-05-12,22.46,22.46,20.57,21.37,6200700,16.13
2009-05-11,22.81,23.17,22.12,22.36,6868400,16.74
2009-05-08,22.24,23.38,22.24,23.25,7341900,17.41
2009-05-07,23.88,24.02,21.38,21.69,8748300,16.24
2009-05-06,23.58,23.67,22.19,23.55,9602800,17.63
2009-05-05,23.15,23.35,22.57,23.23,6442100,17.39
2009-05-04,21.80,23.25,21.49,23.19,8748000,17.36
2009-05-01,21.73,22.33,21.41,21.90,7973900,16.39
2009-04-30,22.41,23.14,21.50,21.77,8790700,16.30
2009-04-29,20.82,22.27,20.82,21.96,10524500,16.44
2009-04-28,21.07,21.25,20.38,20.54,10019200,15.38
2009-04-27,21.29,22.19,21.03,21.24,7835600,15.90
2009-04-24,20.04,22.11,20.04,21.86,13947900,16.36
2009-04-23,19.38,20.11,18.93,20.06,10291500,15.02
2009-04-22,18.09,19.95,17.79,19.35,23034600,14.49
2009-04-21,15.64,16.88,15.64,16.73,6836700,12.52
2009-04-20,16.96,17.09,15.95,16.06,7225600,12.02
2009-04-17,17.18,17.63,16.80,17.35,6778400,12.99
2009-04-16,16.15,17.28,15.97,16.94,8974400,12.68
2009-04-15,15.85,16.21,15.83,16.19,4560500,12.12
2009-04-14,16.47,16.58,15.78,15.92,5868400,11.92
2009-04-13,16.47,16.68,15.96,16.53,4957000,12.37
2009-04-09,15.75,16.70,15.75,16.62,7655300,12.44
2009-04-08,15.47,15.48,15.11,15.41,4887500,11.54
2009-04-07,16.00,16.00,15.25,15.31,8508400,11.46
2009-04-06,16.45,16.50,15.81,16.30,9227900,12.20
2009-04-03,16.09,16.60,15.61,16.54,11878900,12.38
2009-04-02,14.94,16.56,14.66,16.00,16615400,11.98
2009-04-01,13.68,14.74,13.65,14.52,21321500,10.87
2009-03-31,13.41,14.20,13.25,13.80,20193100,10.33
2009-03-30,14.57,14.79,13.75,13.98,4205000,10.47
2009-03-27,15.30,15.35,14.84,14.95,3597700,11.19
2009-03-26,15.07,15.71,14.98,15.60,5479700,11.68
2009-03-25,15.14,15.76,14.32,14.91,7019000,11.16
2009-03-24,15.07,15.28,14.61,14.95,5184000,11.19
2009-03-23,14.31,15.27,14.31,15.27,6569800,11.43
2009-03-20,14.89,14.97,13.87,13.91,9037300,10.41
2009-03-19,14.85,15.00,14.40,14.78,5613700,11.06
2009-03-18,14.16,14.79,13.58,14.62,6975000,10.94
2009-03-17,13.98,14.10,13.23,14.09,9129500,10.55
2009-03-16,14.11,14.29,13.85,13.93,6001400,10.43
2009-03-13,14.05,14.18,13.59,13.87,4573100,10.38
2009-03-12,13.99,13.99,13.41,13.93,7261400,10.43
2009-03-11,13.71,14.17,13.40,13.99,8632200,10.47
2009-03-10,12.49,13.41,12.40,13.40,7128600,10.03
2009-03-09,11.65,12.59,11.56,12.18,9778700,9.12
2009-03-06,12.28,12.64,11.46,11.84,8695800,8.86
2009-03-05,12.83,13.30,12.03,12.16,8001100,9.10
2009-03-04,13.15,13.53,12.90,13.31,7949100,9.96
2009-03-03,13.24,13.50,12.26,12.66,11148400,9.48
2009-03-02,13.94,14.00,12.96,12.99,6906000,9.72
2009-02-27,14.26,14.77,14.16,14.18,7287800,10.62
2009-02-26,15.12,15.44,14.60,14.64,5108200,10.96
2009-02-25,15.24,15.53,14.73,14.87,6642800,11.13
2009-02-24,14.84,15.64,14.64,15.54,6388000,11.63
2009-02-23,16.01,16.10,14.67,14.71,6202600,11.01
2009-02-20,15.70,16.17,15.35,15.83,9429000,11.85
2009-02-19,16.81,17.08,15.92,16.05,6328900,12.02
2009-02-18,16.48,16.98,16.22,16.59,8250900,12.42
2009-02-17,16.64,16.91,16.24,16.30,8038400,12.20
2009-02-13,16.80,17.92,16.80,17.39,6823700,13.02
2009-02-12,17.41,17.43,16.26,16.99,6682000,12.72
2009-02-11,17.17,17.93,16.61,17.55,12392900,13.14
2009-02-10,16.78,17.08,15.34,15.59,7769400,11.54
2009-02-09,16.46,17.06,16.37,16.99,5759900,12.57
2009-02-06,16.10,16.70,16.03,16.44,8927800,12.17
2009-02-05,16.05,16.35,15.30,16.10,7821600,11.91
2009-02-04,16.34,16.85,16.12,16.19,7708400,11.98
2009-02-03,16.11,16.23,15.78,16.09,5404200,11.91
2009-02-02,16.08,16.25,15.70,15.92,5376900,11.78
2009-01-30,16.89,16.98,16.12,16.21,6279600,11.99
2009-01-29,17.41,17.58,16.55,16.73,6004900,12.38
2009-01-28,17.25,18.25,17.17,17.78,8990400,13.16
2009-01-27,16.72,17.20,16.54,16.89,6448400,12.50
2009-01-26,16.68,17.18,16.28,16.61,5145900,12.29
2009-01-23,16.11,16.97,16.06,16.68,7577600,12.34
2009-01-22,16.78,17.10,16.12,16.62,7295400,12.30
2009-01-21,17.55,17.55,16.76,17.05,9613300,12.62
2009-01-20,18.00,18.00,17.15,17.22,6027800,12.74
2009-01-16,18.29,18.36,17.31,18.00,5419200,13.32
2009-01-15,17.44,18.14,16.88,17.92,8335600,13.26
2009-01-14,17.96,18.15,17.31,17.50,5664500,12.95
2009-01-13,18.28,18.70,17.94,18.21,6295600,13.47
2009-01-12,19.52,19.88,18.30,18.42,8640800,13.63
2009-01-09,20.01,20.20,19.25,20.02,6198100,14.81
2009-01-08,19.12,20.19,19.01,19.93,5828100,14.75
2009-01-07,19.02,19.79,18.90,19.41,7571300,14.36
2009-01-06,19.03,19.32,18.45,18.96,7551600,14.03
2009-01-05,18.75,19.20,18.40,18.88,4008400,13.97
2009-01-02,17.72,18.91,17.38,18.82,4220900,13.93
2008-12-31,17.11,17.87,17.01,17.35,4171900,12.84
2008-12-30,16.14,17.09,16.14,17.09,3801300,12.65
2008-12-29,16.60,16.60,15.88,16.24,3857400,12.02
2008-12-26,16.33,16.71,16.31,16.66,1916400,12.33
2008-12-24,16.12,16.40,15.95,16.30,1093700,12.06
2008-12-23,15.95,16.37,15.77,15.99,5283400,11.83
2008-12-22,16.51,16.51,15.71,16.04,6100900,11.87
2008-12-19,15.83,16.53,15.80,16.33,7292500,12.08
2008-12-18,15.90,16.36,15.25,15.59,7769400,11.54
2008-12-17,15.58,16.60,15.45,16.35,4383300,12.10
2008-12-16,15.35,15.96,14.88,15.89,6112700,11.76
2008-12-15,15.85,15.91,14.86,15.14,4141200,11.20
2008-12-12,14.94,15.77,14.43,15.63,6354000,11.57
2008-12-11,16.54,16.55,15.05,15.31,5856300,11.33
2008-12-10,16.32,17.03,16.21,16.67,4758400,12.34
2008-12-09,16.05,16.94,15.69,16.14,5569100,11.94
2008-12-08,15.95,16.89,15.95,16.28,7711500,12.05
2008-12-05,14.32,15.53,14.25,15.44,4449400,11.43
2008-12-04,14.95,15.62,14.25,14.60,4246100,10.80
2008-12-03,14.59,15.26,14.25,15.19,6978500,11.24
2008-12-02,14.84,15.08,14.22,14.96,7751600,11.07
2008-12-01,15.20,15.28,14.52,14.52,8053300,10.74
2008-11-28,14.90,16.04,14.74,15.68,2679000,11.60
2008-11-26,13.54,14.89,13.28,14.80,5088800,10.95
2008-11-25,14.25,14.71,13.20,13.86,5641800,10.26
2008-11-24,13.40,14.39,13.15,14.11,7267300,10.44
2008-11-21,12.77,12.89,11.75,12.84,9151300,9.50
2008-11-20,13.81,13.83,11.97,12.08,11375900,8.94
2008-11-19,14.92,15.25,13.71,13.77,4610400,10.19
2008-11-18,15.17,15.51,14.37,15.01,6016300,11.11
2008-11-17,15.00,15.91,14.74,15.05,6773600,11.14
2008-11-14,15.90,16.24,14.73,15.11,5779400,11.18
2008-11-13,14.94,16.28,14.18,16.28,6803400,12.05
2008-11-12,15.75,15.84,14.75,14.85,6361100,10.99
2008-11-11,16.58,16.67,15.56,16.02,5653000,11.72
2008-11-10,18.10,18.25,16.67,16.91,4273800,12.37
2008-11-07,16.51,17.17,16.20,17.00,4069300,12.44
2008-11-06,17.75,17.96,16.09,16.20,6455300,11.85
2008-11-05,18.43,19.22,17.67,17.91,3991200,13.10
2008-11-04,18.27,18.80,17.57,18.72,6059500,13.70
2008-11-03,18.42,18.80,17.70,17.82,4202700,13.04
2008-10-31,18.19,19.10,17.95,18.45,6851300,13.50
2008-10-30,17.72,18.49,17.56,18.21,8852200,13.32
2008-10-29,17.84,17.95,16.98,17.02,7077400,12.45
2008-10-28,16.52,17.95,15.54,17.95,7966100,13.13
2008-10-27,16.70,17.21,15.99,16.01,6319400,11.71
2008-10-24,16.50,17.63,15.91,17.07,6124500,12.49
2008-10-23,19.27,19.50,17.35,18.14,10296000,13.27
2008-10-22,19.74,19.87,18.20,18.78,7036400,13.74
2008-10-21,20.17,20.85,19.78,20.21,4742300,14.79
2008-10-20,20.87,21.23,19.88,20.52,4923600,15.01
2008-10-17,19.73,21.54,18.54,20.57,10043100,15.05
2008-10-16,19.56,20.40,17.95,19.52,10816400,14.28
2008-10-15,21.55,22.15,19.36,19.48,7690100,14.25
2008-10-14,23.24,27.35,21.83,22.20,12853700,16.24
2008-10-13,21.10,23.42,21.10,23.30,6772900,17.05
2008-10-10,20.25,21.71,17.86,20.17,15926900,14.76
2008-10-09,24.76,24.76,20.92,20.96,7516600,15.34
2008-10-08,23.52,24.85,22.69,24.18,9518500,17.69
2008-10-07,26.56,27.00,23.96,24.01,5565300,17.57
2008-10-06,26.65,26.84,24.04,25.98,7843900,19.01
2008-10-03,28.10,29.16,27.23,27.38,7029400,20.03
2008-10-02,29.29,29.29,27.39,27.55,6951100,20.16
2008-10-01,30.48,30.60,29.25,29.46,6658700,21.55
2008-09-30,30.01,31.35,29.86,31.17,6128600,22.81
2008-09-29,31.52,31.64,29.18,29.86,6892600,21.85
2008-09-26,31.88,32.22,31.22,32.02,3432100,23.43
2008-09-25,32.99,33.16,32.28,32.49,3836000,23.77
2008-09-24,32.81,32.92,31.72,32.63,4369900,23.87
2008-09-23,34.10,34.61,32.38,32.61,4529400,23.86
2008-09-22,35.95,36.15,34.00,34.09,3259400,24.94
2008-09-19,37.07,38.07,32.55,36.43,8328100,26.65
2008-09-18,33.21,34.67,31.27,34.54,7086100,25.27
2008-09-17,33.43,33.91,32.31,32.36,7261300,23.68
2008-09-16,33.49,34.73,33.09,34.14,6275700,24.98
2008-09-15,34.89,35.38,34.02,34.18,4893600,25.01
2008-09-12,35.03,35.95,34.72,35.95,4742800,26.30
2008-09-11,34.77,35.52,33.91,35.37,4012500,25.88
2008-09-10,34.43,35.41,34.25,35.01,5327300,25.62
2008-09-09,36.09,36.26,34.07,34.07,6154300,24.93
2008-09-08,36.88,36.93,35.63,35.91,4166500,26.27
2008-09-05,35.03,35.65,34.62,35.48,3687200,25.96
2008-09-04,36.25,36.31,34.75,35.24,7662300,25.78
2008-09-03,36.51,36.91,36.22,36.57,5008100,26.76
2008-09-02,37.32,37.73,36.05,36.51,5254200,26.71
2008-08-29,37.55,37.71,36.93,36.93,2433600,27.02
2008-08-28,36.98,37.75,36.97,37.49,3426000,27.43
2008-08-27,36.45,36.90,36.35,36.82,2605900,26.94
2008-08-26,36.80,36.93,36.05,36.33,3015000,26.58
2008-08-25,37.95,37.97,36.48,36.76,3534100,26.90
2008-08-22,38.50,38.52,37.74,37.96,3264200,27.77
2008-08-21,37.76,38.41,37.55,38.26,3931700,27.99
2008-08-20,38.20,38.48,37.32,38.15,3290100,27.91
2008-08-19,38.92,39.15,37.81,38.00,4302100,27.80
2008-08-18,40.39,40.77,38.72,39.25,4695100,28.72
2008-08-15,39.69,41.14,39.69,40.17,5023000,29.39
2008-08-14,38.82,39.49,38.31,39.40,4073800,28.83
2008-08-13,39.41,39.41,38.36,39.06,4032100,28.58
2008-08-12,39.94,40.22,39.48,39.67,3190800,28.89
2008-08-11,39.31,40.34,38.83,40.11,5217800,29.21
2008-08-08,37.21,39.70,37.01,39.38,6895300,28.68
2008-08-07,37.74,37.84,37.10,37.25,4091900,27.13
2008-08-06,36.58,38.57,36.58,38.22,5052000,27.84
2008-08-05,36.65,37.05,36.55,36.69,4041300,26.72
2008-08-04,36.80,37.33,36.16,36.38,2983600,26.50
2008-08-01,38.07,38.52,36.85,36.92,11579600,26.89
2008-07-31,36.66,37.53,35.83,36.00,5463700,26.22
2008-07-30,37.14,37.61,36.46,36.97,3673100,26.93
2008-07-29,35.75,36.99,35.70,36.94,2925200,26.90
2008-07-28,36.24,36.70,35.74,35.74,2696500,26.03
2008-07-25,36.94,37.01,36.01,36.30,2615500,26.44
2008-07-24,37.20,37.57,35.82,36.22,4874000,26.38
2008-07-23,36.08,37.13,35.70,37.11,4628700,27.03
2008-07-22,36.05,36.20,35.40,36.10,5932800,26.29
2008-07-21,36.00,36.18,35.65,36.15,3073900,26.33
2008-07-18,37.00,37.31,35.90,36.00,3891000,26.22
2008-07-17,35.00,36.94,35.00,36.81,5337600,26.81
2008-07-16,34.25,35.19,33.90,35.13,6320200,25.59
2008-07-15,34.80,35.00,33.56,34.46,6384800,25.10
2008-07-14,35.09,35.23,34.32,35.01,3806000,25.50
2008-07-11,35.07,35.45,34.16,34.73,3897700,25.30
2008-07-10,35.57,35.83,34.78,35.41,5042300,25.79
2008-07-09,36.64,38.19,35.50,35.50,6065500,25.86
2008-07-08,36.57,37.23,35.56,36.53,9686400,26.61
2008-07-07,37.15,37.53,36.37,36.85,5964200,26.84
2008-07-03,35.85,37.16,35.85,36.65,3369200,26.69
2008-07-02,36.95,37.14,35.57,35.62,7814800,25.94
2008-07-01,37.00,37.04,36.08,37.04,7581700,26.98
2008-06-30,36.88,37.71,36.62,37.43,4692400,27.26
2008-06-27,37.13,37.61,36.54,36.87,6713900,26.85
2008-06-26,38.13,38.93,36.95,37.07,7208800,27.00
2008-06-25,38.89,39.12,38.20,38.27,6930400,27.87
2008-06-24,39.52,39.52,38.66,38.81,5295400,28.27
2008-06-23,39.21,39.46,38.77,39.39,5053600,28.69
2008-06-20,39.16,39.33,38.71,38.94,7330000,28.36
2008-06-19,38.47,39.66,38.32,39.38,9054300,28.68
2008-06-18,38.89,38.89,38.21,38.56,6641300,28.08
2008-06-17,39.50,39.72,38.88,38.94,6462600,28.36
2008-06-16,40.37,40.37,39.33,39.51,4066100,28.78
2008-06-13,38.98,40.24,38.70,39.76,5816700,28.96
2008-06-12,38.65,39.64,38.41,38.65,6210900,28.15
2008-06-11,39.99,40.02,38.07,38.07,11085300,27.73
2008-06-10,39.50,40.60,39.49,39.97,8637400,29.11
2008-06-09,42.32,42.57,39.25,39.58,20957900,28.83
2008-06-06,44.23,44.46,42.45,42.70,6004900,31.10
2008-06-05,43.60,44.02,42.97,43.83,4003300,31.92
2008-06-04,43.31,43.82,42.99,43.20,2805200,31.46
2008-06-03,43.65,44.20,43.13,43.52,4743400,31.70
2008-06-02,43.95,43.99,43.01,43.40,3599500,31.61
2008-05-30,43.94,44.41,43.64,44.04,3438700,32.08
2008-05-29,43.90,44.12,43.07,43.81,3422800,31.91
2008-05-28,43.50,44.00,43.11,43.92,3378800,31.99
2008-05-27,42.87,43.26,42.32,43.12,3440300,31.41
2008-05-23,43.15,43.15,42.11,42.77,3439800,31.15
2008-05-22,44.00,44.20,43.08,43.27,3178500,31.52
2008-05-21,44.48,45.11,43.76,43.91,3486000,31.98
2008-05-20,45.87,45.87,44.39,44.70,4360000,32.56
2008-05-19,46.00,46.66,45.67,45.97,4668900,33.48
2008-05-16,45.57,45.92,45.11,45.85,4095900,33.39
2008-05-15,44.37,44.87,44.06,44.74,2756900,32.59
2008-05-14,44.36,45.09,44.21,44.43,3304200,32.36
2008-05-13,44.05,44.54,43.68,44.43,3726900,32.36
2008-05-12,42.56,44.11,42.35,43.86,3450600,31.81
2008-05-09,42.52,42.79,42.10,42.52,3163000,30.84
2008-05-08,43.22,43.31,42.50,42.83,3773100,31.07
2008-05-07,43.72,44.09,42.88,42.98,4911800,31.18
2008-05-06,43.77,43.91,43.12,43.76,3792400,31.74
2008-05-05,43.66,44.47,43.25,44.06,3834300,31.96
2008-05-02,45.46,45.86,44.50,44.99,2704500,32.63
2008-05-01,44.65,45.17,43.89,44.93,4003000,32.59
2008-04-30,43.25,45.49,42.56,44.38,10532700,32.19
2008-04-29,43.74,44.11,42.43,42.56,5474400,30.87
2008-04-28,43.10,44.18,43.10,43.81,4885500,31.78
2008-04-25,43.00,43.57,42.41,43.10,4692300,31.26
2008-04-24,43.80,44.00,42.47,42.89,5450300,31.11
2008-04-23,44.75,44.90,43.24,43.59,5619700,31.62
2008-04-22,46.00,46.00,44.47,44.87,2391500,32.55
2008-04-21,45.68,46.08,45.30,45.93,2661000,33.32
2008-04-18,45.90,46.65,45.63,45.90,3256300,33.29
2008-04-17,45.42,45.42,44.39,45.13,4145900,32.74
2008-04-16,44.02,45.76,44.02,45.64,3750300,33.10
2008-04-15,43.59,43.77,42.72,43.56,3765200,31.60
2008-04-14,43.40,43.64,42.92,43.16,2425400,31.31
2008-04-11,43.80,43.80,42.92,43.24,3998100,31.36
2008-04-10,43.95,44.61,43.44,44.42,3458200,32.22
2008-04-09,45.09,45.19,43.81,44.19,3507600,32.05
2008-04-08,45.55,45.55,44.56,44.89,4444300,32.56
2008-04-07,46.84,46.84,45.55,45.78,5194700,33.21
2008-04-04,45.81,46.74,45.39,46.58,4907700,33.79
2008-04-03,45.50,45.96,45.43,45.66,4331500,33.12
2008-04-02,46.51,46.78,45.54,45.86,4998900,33.26
2008-04-01,44.97,46.48,44.68,46.48,4152100,33.71
2008-03-31,43.88,44.80,43.74,44.58,4836800,32.34
2008-03-28,43.79,44.21,43.35,43.82,3731300,31.78
2008-03-27,44.44,44.44,42.95,43.50,4840800,31.55
2008-03-26,45.00,45.00,43.65,44.24,3514300,32.09
2008-03-25,43.93,45.25,43.71,45.07,4393300,32.69
2008-03-24,43.10,44.13,43.05,43.99,3163000,31.91
2008-03-20,42.50,43.19,41.95,43.01,5216700,31.20
2008-03-19,44.62,44.80,42.46,42.50,5219500,30.83
2008-03-18,43.68,44.60,43.03,44.49,4977700,32.27
2008-03-17,42.04,43.57,41.60,43.00,6496300,31.19
2008-03-14,44.51,44.73,42.35,43.15,6432100,31.30
2008-03-13,43.19,44.46,42.33,44.28,4574600,32.12
2008-03-12,43.36,44.50,43.34,43.72,5172200,31.71
2008-03-11,42.07,43.08,41.65,43.08,6196000,31.25
2008-03-10,42.90,42.95,41.13,41.22,6024600,29.90
2008-03-07,42.23,43.43,41.87,42.87,7308200,31.10
2008-03-06,42.78,43.02,42.27,42.65,5437300,30.94
2008-03-05,42.10,43.00,41.96,42.91,7198700,31.12
2008-03-04,42.50,42.69,41.12,42.08,7102400,30.52
2008-03-03,41.93,42.70,41.42,42.66,8560100,30.94
2008-02-29,42.03,42.68,41.18,41.86,8501200,30.36
2008-02-28,42.24,43.16,42.00,43.04,7298200,31.22
2008-02-27,40.95,43.29,40.88,42.47,7863600,30.81
2008-02-26,40.21,41.71,39.90,41.28,8257300,29.94
2008-02-25,39.32,40.45,38.74,40.39,6147400,29.30
2008-02-22,39.41,39.49,38.36,39.37,2881900,28.56
2008-02-21,39.39,39.99,38.93,39.14,3268700,28.39
2008-02-20,39.28,39.47,38.68,39.32,5869300,28.52
2008-02-19,39.67,40.35,39.36,39.54,4501900,28.68
2008-02-15,39.47,39.47,38.53,39.31,7994800,28.51
2008-02-14,40.69,40.69,39.38,39.57,11113500,28.70
2008-02-13,39.12,39.99,38.91,39.99,7184800,29.01
2008-02-12,37.60,39.21,37.60,38.57,10398100,27.85
2008-02-11,37.19,37.51,36.53,37.42,7426700,27.02
2008-02-08,38.14,38.23,37.18,37.38,5800500,26.99
2008-02-07,38.39,38.96,37.75,38.27,5539400,27.63
2008-02-06,38.62,39.85,38.46,38.68,6549700,27.93
2008-02-05,38.25,38.79,37.69,38.36,5687700,27.69
2008-02-04,39.20,39.37,38.64,39.19,4511900,28.29
2008-02-01,39.80,39.80,37.93,39.20,9491100,28.30
2008-01-31,38.36,39.76,37.71,39.49,10509900,28.51
2008-01-30,39.63,39.94,38.75,39.04,7308100,28.19
2008-01-29,39.40,40.06,39.31,39.72,9469600,28.68
2008-01-28,38.73,39.23,37.50,39.08,4970300,28.21
2008-01-25,39.48,39.99,38.52,38.75,5823000,27.98
2008-01-24,39.48,39.57,38.47,38.86,6110700,28.06
2008-01-23,36.31,39.38,35.58,39.25,9044000,28.34
2008-01-22,34.74,38.02,34.46,37.48,6924900,27.06
2008-01-18,37.89,38.09,36.19,37.14,4747700,26.81
2008-01-17,39.64,40.04,36.71,36.77,6474900,26.55
2008-01-16,39.67,40.43,38.73,39.29,5712100,28.37
2008-01-15,39.77,40.80,39.35,39.93,4732100,28.83
2008-01-14,40.89,41.57,40.50,41.40,4909400,29.89
2008-01-11,40.15,41.18,39.98,40.49,8126600,29.23
2008-01-10,39.88,40.94,39.06,40.44,7988600,29.20
2008-01-09,39.98,40.50,38.15,39.25,12071100,28.34
2008-01-08,41.20,41.49,39.56,39.98,12713300,28.86
2008-01-07,42.79,43.18,40.78,41.07,9791800,29.65
2008-01-04,43.99,44.08,42.49,42.61,7491700,30.76
2008-01-03,45.13,45.13,44.20,44.28,4038300,31.97
2008-01-02,46.43,46.57,44.70,44.90,4363900,32.42
