Date,Open,High,Low,Close,Volume,Adj Close
2013-12-31,58.00,58.60,58.00,58.49,1120200,58.31
2013-12-30,57.58,58.49,57.54,57.99,1275800,57.81
2013-12-27,56.99,58.03,56.69,57.86,1721300,57.68
2013-12-26,56.47,57.05,56.42,56.74,983100,56.56
2013-12-24,55.75,56.44,55.48,56.36,599800,56.18
2013-12-23,54.77,55.78,54.74,55.58,1177300,55.41
2013-12-20,54.21,54.60,54.15,54.45,1874100,54.28
2013-12-19,54.32,54.42,53.48,54.08,1210700,53.91
2013-12-18,53.47,54.27,52.83,54.01,1865900,53.84
2013-12-17,53.93,54.04,52.98,53.52,1717500,53.35
2013-12-16,53.65,54.47,53.28,54.08,1422400,53.91
2013-12-13,53.50,53.97,53.16,53.53,1403800,53.36
2013-12-12,52.61,53.69,52.39,53.52,2714900,53.35
2013-12-11,54.50,55.22,52.45,53.15,7675100,52.98
2013-12-10,55.95,56.98,55.85,56.24,1787400,56.06
2013-12-09,55.93,56.48,55.69,55.93,1518300,55.76
2013-12-06,56.23,56.45,55.80,55.98,885400,55.81
2013-12-05,56.06,57.30,55.31,55.53,2206700,55.36
2013-12-04,55.51,56.92,55.33,56.08,1959900,55.90
2013-12-03,54.86,55.56,54.74,55.55,1034600,55.38
2013-12-02,56.22,56.27,55.26,55.41,1366800,55.24
2013-11-29,55.90,57.05,55.72,56.56,879400,56.21
2013-11-27,55.53,55.96,55.30,55.71,639000,55.36
2013-11-26,55.43,55.55,54.96,55.27,628900,54.93
2013-11-25,55.41,56.08,55.31,55.48,732200,55.14
2013-11-22,54.94,55.18,54.56,55.12,881400,54.78
2013-11-21,55.50,55.62,54.64,54.80,1144100,54.46
2013-11-20,55.49,55.79,54.49,55.28,1325300,54.94
2013-11-19,56.39,56.49,55.05,55.29,1277400,54.95
2013-11-18,56.94,56.97,56.11,56.35,1064600,56.00
2013-11-15,56.75,56.98,55.83,56.79,1769100,56.44
2013-11-14,56.98,56.99,56.14,56.72,957300,56.37
2013-11-13,55.81,56.98,55.78,56.92,1099900,56.57
2013-11-12,56.34,56.82,55.91,56.33,1202100,55.98
2013-11-11,57.17,57.40,56.03,56.28,1645900,55.93
2013-11-08,57.98,58.19,57.20,57.60,1128500,57.24
2013-11-07,57.55,59.35,57.49,58.00,2992900,57.64
2013-11-06,57.81,57.94,57.17,57.50,1130600,57.14
2013-11-05,57.65,57.80,56.96,57.44,841200,57.08
2013-11-04,57.06,58.12,57.05,57.77,1075700,57.41
2013-11-01,56.63,56.76,55.90,56.65,1357600,56.30
2013-10-31,56.86,57.44,56.75,56.75,1490400,56.40
2013-10-30,57.70,57.80,56.88,57.20,1880000,56.84
2013-10-29,58.42,58.50,56.87,57.78,2551600,57.42
2013-10-28,57.90,58.74,57.81,58.70,3112400,58.34
2013-10-25,57.13,58.96,56.81,58.09,3486800,57.73
2013-10-24,54.54,57.35,54.54,57.12,4591000,56.77
2013-10-23,52.98,54.77,52.82,54.60,2628400,54.26
2013-10-22,54.13,54.69,53.74,54.49,1707400,54.15
2013-10-21,54.38,54.40,53.56,53.88,1131700,53.55
2013-10-18,52.82,54.45,52.60,54.20,2321600,53.86
2013-10-17,51.67,52.72,51.52,52.69,1746200,52.36
2013-10-16,52.01,52.19,51.51,51.86,1087400,51.54
2013-10-15,51.78,52.48,51.29,51.50,1418900,51.18
2013-10-14,50.99,52.12,50.67,52.03,1010300,51.71
2013-10-11,51.34,51.70,51.04,51.29,964700,50.97
2013-10-10,51.63,51.90,51.19,51.41,1144500,51.09
2013-10-09,50.28,51.41,50.07,51.03,1302200,50.71
2013-10-08,51.50,51.50,50.12,50.24,1692400,49.93
2013-10-07,51.20,51.78,51.13,51.22,1139300,50.90
2013-10-04,51.13,52.26,51.13,51.93,967000,51.61
2013-10-03,51.98,52.05,50.96,51.24,1368700,50.92
2013-10-02,51.30,52.01,51.07,51.94,1514200,51.62
2013-10-01,51.34,52.09,50.79,51.61,1753700,51.29
2013-09-30,50.65,51.47,50.47,51.04,1724100,50.72
2013-09-27,51.48,51.74,50.97,51.21,1802500,50.89
2013-09-26,52.37,52.50,51.40,51.75,1961900,51.43
2013-09-25,53.53,53.76,52.22,52.24,2186900,51.92
2013-09-24,52.76,53.89,52.76,53.48,1411600,53.15
2013-09-23,52.90,53.19,52.36,52.89,1102000,52.56
2013-09-20,53.83,53.95,52.86,52.91,1509500,52.58
2013-09-19,53.86,54.74,53.55,53.90,1476200,53.57
2013-09-18,52.66,54.06,52.01,53.55,2454800,53.22
2013-09-17,53.38,53.60,52.79,52.96,2048300,52.63
2013-09-16,54.79,54.88,53.71,53.78,1108300,53.45
2013-09-13,53.68,53.92,53.27,53.80,1042900,53.47
2013-09-12,53.84,54.19,53.40,53.49,1305500,53.16
2013-09-11,54.37,54.60,53.64,54.29,1188500,53.95
2013-09-10,54.07,54.73,53.84,54.35,3271100,54.01
2013-09-09,51.55,53.64,51.48,53.20,3349400,52.87
2013-09-06,51.05,51.73,50.42,51.00,1638700,50.68
2013-09-05,49.78,51.18,49.70,50.86,1792200,50.54
2013-09-04,49.46,50.08,49.27,49.90,1645100,49.59
2013-09-03,49.67,50.12,49.07,49.56,2247100,49.25
2013-08-30,48.99,49.24,48.69,49.12,2162100,48.82
2013-08-29,48.65,50.29,48.52,49.18,3590300,48.70
2013-08-28,49.23,50.48,48.07,48.89,8420700,48.41
2013-08-27,52.39,52.42,51.12,51.31,2051900,50.81
2013-08-26,52.65,54.24,52.63,52.87,2305000,52.35
2013-08-23,52.77,52.85,52.03,52.45,1278400,51.94
2013-08-22,51.00,52.62,50.96,52.48,1559000,51.97
2013-08-21,51.65,51.65,50.55,50.61,1255100,50.12
2013-08-20,51.18,52.28,50.25,51.96,1911600,51.45
2013-08-19,52.15,52.15,51.10,51.15,1272200,50.65
2013-08-16,52.53,52.93,52.19,52.26,1210200,51.75
2013-08-15,51.94,52.83,51.41,52.68,1515500,52.17
2013-08-14,52.61,53.22,52.37,52.59,1279000,52.08
2013-08-13,52.35,53.09,52.32,52.54,2095900,52.03
2013-08-12,50.86,52.12,50.72,51.84,1885900,51.33
2013-08-09,49.54,51.71,49.32,51.10,2716500,50.60
2013-08-08,48.72,49.93,48.59,49.51,1554800,49.03
2013-08-07,48.69,48.77,48.13,48.32,1117700,47.85
2013-08-06,49.59,49.69,48.69,48.79,1272900,48.31
2013-08-05,50.23,50.48,49.36,49.84,1358000,49.35
2013-08-02,49.90,50.51,49.42,50.48,1334000,49.99
2013-08-01,49.94,50.50,49.70,50.01,1770500,49.52
2013-07-31,49.69,50.26,49.19,49.50,1712400,49.02
2013-07-30,48.80,49.71,48.57,49.42,1993200,48.94
2013-07-29,48.82,49.12,48.34,48.68,1200700,48.21
2013-07-26,48.23,48.84,48.10,48.83,1125400,48.35
2013-07-25,48.19,49.09,48.01,48.49,2515900,48.02
2013-07-24,50.23,50.34,47.83,48.37,3939600,47.90
2013-07-23,50.82,51.30,50.00,50.09,2024200,49.60
2013-07-22,50.48,51.28,50.36,50.39,1287700,49.90
2013-07-19,50.27,50.61,49.90,50.26,1416100,49.77
2013-07-18,50.84,51.26,50.23,50.34,2072700,49.85
2013-07-17,52.31,52.99,50.67,50.90,3057700,50.40
2013-07-16,51.82,52.24,51.65,52.18,1338800,51.67
2013-07-15,51.65,51.84,51.33,51.58,918300,51.08
2013-07-12,51.08,51.78,50.88,51.56,1654700,51.06
2013-07-11,50.36,51.91,50.23,51.38,1966000,50.88
2013-07-10,49.48,50.01,49.30,49.32,1693900,48.84
2013-07-09,49.50,50.00,49.38,49.48,1697500,49.00
2013-07-08,49.04,49.20,48.58,49.12,1630800,48.64
2013-07-05,48.63,48.83,47.96,48.82,1499300,48.34
2013-07-03,48.30,48.56,48.03,48.34,1083500,47.87
2013-07-02,48.70,49.10,48.26,48.35,1407800,47.88
2013-07-01,48.82,49.07,48.12,48.82,2060200,48.34
2013-06-28,49.14,49.91,48.51,48.53,4778600,48.06
2013-06-27,49.30,49.66,48.93,49.44,2470000,48.96
2013-06-26,50.62,50.62,48.95,48.99,2525300,48.51
2013-06-25,50.36,50.94,49.96,50.10,1910000,49.61
2013-06-24,49.57,50.18,48.52,49.70,3228600,49.22
2013-06-21,51.45,51.58,49.90,50.30,2706200,49.81
2013-06-20,52.09,52.12,50.85,51.12,3148300,50.62
2013-06-19,53.25,54.12,52.95,52.96,2040800,52.44
2013-06-18,52.34,53.22,52.12,53.04,1872800,52.52
2013-06-17,52.94,53.07,51.99,52.41,2104500,51.90
2013-06-14,53.84,54.02,52.36,52.86,1588200,52.34
2013-06-13,52.00,53.96,51.98,53.84,1536700,53.32
2013-06-12,52.76,52.98,51.75,51.97,1212600,51.46
2013-06-11,52.19,52.87,51.51,52.28,1096100,51.77
2013-06-10,53.69,53.85,52.55,52.77,1642200,52.26
2013-06-07,53.49,53.80,52.71,53.67,1599300,53.15
2013-06-06,52.83,53.50,52.47,53.04,1412900,52.52
2013-06-05,53.32,53.48,52.50,52.87,2256000,52.35
2013-06-04,53.66,54.59,53.64,54.05,1865200,53.52
2013-06-03,54.28,54.55,52.55,53.76,2863100,53.24
2013-05-31,54.86,55.36,54.07,54.08,2306800,53.55
2013-05-30,54.80,57.10,53.53,55.61,4227700,54.89
2013-05-29,54.59,56.23,54.26,55.08,2479600,54.37
2013-05-28,56.29,56.30,54.77,54.79,1774500,54.09
2013-05-24,56.10,56.10,54.71,55.42,1885000,54.71
2013-05-23,55.45,56.39,55.06,56.11,2035600,55.39
2013-05-22,58.50,58.60,56.53,56.82,2843200,56.09
2013-05-21,58.90,59.61,58.29,58.95,2582700,58.19
2013-05-20,56.70,58.93,56.58,58.81,2482600,58.05
2013-05-17,56.73,57.03,56.42,56.74,1798900,56.01
2013-05-16,56.03,57.53,55.71,56.58,2113800,55.85
2013-05-15,56.34,56.88,55.75,56.11,1906300,55.39
2013-05-14,57.65,57.73,56.03,56.74,2952400,56.01
2013-05-13,59.41,59.42,57.11,57.57,2280900,56.83
2013-05-10,60.61,60.74,58.99,59.71,1758800,58.94
2013-05-09,61.42,61.67,60.45,60.62,1911500,59.84
2013-05-08,60.28,61.75,60.17,61.48,2305900,60.69
2013-05-07,58.99,60.50,58.80,60.20,2250200,59.43
2013-05-06,57.73,59.16,57.18,58.71,1232800,57.96
2013-05-03,56.09,57.78,56.09,57.63,1708800,56.89
2013-05-02,54.80,55.43,54.53,55.25,1458600,54.54
2013-05-01,56.18,56.18,54.46,54.61,1617100,53.91
2013-04-30,57.07,57.07,55.70,56.52,1473200,55.79
2013-04-29,57.01,57.54,56.11,57.19,1191300,56.45
2013-04-26,57.15,57.16,56.26,56.60,1082500,55.87
2013-04-25,56.69,57.87,56.36,57.31,1716000,56.57
2013-04-24,55.30,56.45,55.04,56.16,1637900,55.44
2013-04-23,54.78,55.88,54.18,55.16,1474000,54.45
2013-04-22,54.27,54.88,52.89,54.48,1895700,53.78
2013-04-19,53.80,54.55,53.38,54.21,1793100,53.51
2013-04-18,53.56,54.10,52.51,53.62,1454400,52.93
2013-04-17,53.64,54.00,53.04,53.43,2014700,52.74
2013-04-16,53.43,54.51,53.37,54.30,2668800,53.60
2013-04-15,53.53,54.38,52.35,52.71,3979700,52.03
2013-04-12,54.70,54.77,52.10,54.47,6665300,53.77
2013-04-11,57.21,57.22,54.71,54.84,7088800,54.13
2013-04-10,58.38,58.47,56.74,57.24,2458300,56.50
2013-04-09,57.01,58.50,56.40,58.15,2386600,57.40
2013-04-08,56.59,57.20,55.78,56.83,978300,56.10
2013-04-05,55.78,56.76,55.32,56.73,2040100,56.00
2013-04-04,56.02,56.96,55.68,56.74,1829300,56.01
2013-04-03,56.64,56.84,55.45,56.01,3113900,55.29
2013-04-02,57.94,58.08,57.07,57.28,1618000,56.54
2013-04-01,59.45,59.51,57.20,57.75,1631300,57.01
2013-03-28,59.95,60.09,59.15,59.52,1843100,58.75
2013-03-27,58.29,60.24,58.11,60.00,1954300,59.23
2013-03-26,58.16,59.02,57.72,58.86,1692500,58.10
2013-03-25,58.60,58.69,57.23,57.81,1927000,57.07
2013-03-22,58.57,58.88,58.03,58.41,1341500,57.66
2013-03-21,58.44,58.88,58.03,58.29,2054100,57.54
2013-03-20,59.70,59.71,57.71,58.72,3116300,57.96
2013-03-19,61.82,61.83,58.78,59.03,2939400,58.27
2013-03-18,61.21,62.32,60.89,61.81,1096500,61.02
2013-03-15,61.41,62.58,61.40,62.13,1747100,61.33
2013-03-14,61.69,62.08,60.95,61.69,2295000,60.90
2013-03-13,61.22,61.87,60.89,61.54,1476700,60.75
2013-03-12,61.67,61.85,60.41,61.28,1866000,60.49
2013-03-11,63.02,63.06,61.27,61.74,2958300,60.95
2013-03-08,62.30,63.49,62.13,63.13,1841600,62.32
2013-03-07,62.09,62.64,61.57,61.80,2086200,61.01
2013-03-06,62.00,62.62,61.64,62.05,1689900,61.25
2013-03-05,60.66,61.67,60.66,61.62,2064000,60.83
2013-03-04,61.42,61.51,59.24,60.18,2845700,59.41
2013-03-01,62.59,63.33,61.33,62.06,2113000,61.26
2013-02-28,64.10,65.69,63.34,63.34,2914100,62.53
2013-02-27,61.52,64.00,60.01,63.45,4246500,62.46
2013-02-26,60.00,60.72,59.02,59.96,2367500,59.03
2013-02-25,63.40,63.49,59.63,59.70,2811700,58.77
2013-02-22,63.23,63.38,62.10,63.02,1857600,62.04
2013-02-21,63.84,63.84,62.23,62.77,3593100,61.79
2013-02-20,65.21,68.21,64.25,65.25,9256300,64.23
2013-02-19,63.14,64.58,62.90,63.54,3220800,62.55
2013-02-15,63.21,64.17,62.30,62.86,3313700,61.88
2013-02-14,62.58,63.33,62.52,62.73,1861000,61.75
2013-02-13,62.29,63.41,62.16,62.82,1515600,61.84
2013-02-12,62.05,62.50,61.63,62.13,1116300,61.16
2013-02-11,61.55,62.07,60.84,61.94,1025600,60.97
2013-02-08,61.06,61.82,61.00,61.45,1104300,60.49
2013-02-07,62.45,62.81,60.25,61.19,2495600,60.24
2013-02-06,62.79,63.46,61.89,62.33,1987800,61.36
2013-02-05,63.13,63.58,62.71,63.15,1154100,62.17
2013-02-04,63.50,63.51,62.57,62.72,1536600,61.74
2013-02-01,63.80,65.20,63.70,64.15,2358500,63.15
2013-01-31,62.28,63.62,62.13,63.17,2103800,62.19
2013-01-30,62.95,63.29,62.27,62.35,1315700,61.38
2013-01-29,62.67,63.98,62.43,62.90,2912400,61.92
2013-01-28,63.09,63.68,62.42,62.66,3454000,61.68
2013-01-25,65.94,66.00,62.95,63.26,5189600,62.27
2013-01-24,66.53,67.62,65.21,65.94,2465600,64.91
2013-01-23,67.94,68.05,66.21,66.56,2784400,65.52
2013-01-22,68.98,69.00,67.03,68.74,2462200,67.67
2013-01-18,68.87,69.19,67.87,69.01,1425800,67.93
2013-01-17,68.13,68.98,67.70,68.23,1440900,67.17
2013-01-16,68.00,68.25,67.54,67.70,1205600,66.65
2013-01-15,67.93,68.50,67.90,68.40,885400,67.33
2013-01-14,68.13,68.70,67.90,68.22,1054900,67.16
2013-01-11,68.64,69.00,67.96,68.13,1560600,67.07
2013-01-10,68.66,68.90,67.84,68.70,1784200,67.63
2013-01-09,67.41,68.69,67.14,67.97,2200400,66.91
2013-01-08,67.72,67.72,66.19,67.06,1968800,66.02
2013-01-07,65.40,67.21,64.86,66.97,1715100,65.93
2013-01-04,65.22,66.19,65.12,65.84,1098600,64.81
2013-01-03,65.73,66.40,64.81,65.18,1570400,64.16
2013-01-02,65.70,66.90,64.76,66.00,2795400,64.97
2012-12-31,61.32,63.92,61.25,63.78,1698200,62.79
2012-12-28,61.48,61.94,61.37,61.48,1105500,60.52
2012-12-27,62.42,62.63,61.56,62.20,1464800,61.23
2012-12-26,62.42,63.33,62.13,62.23,858800,61.26
2012-12-24,62.04,62.47,61.66,62.42,552500,61.45
2012-12-21,61.46,62.76,61.30,62.52,2489700,61.55
2012-12-20,62.79,63.22,62.19,63.11,1119700,62.13
2012-12-19,62.66,63.45,62.46,62.57,1824400,61.60
2012-12-18,61.11,62.46,61.11,62.37,1965100,61.40
2012-12-17,61.92,62.00,60.34,61.02,2039000,60.07
2012-12-14,60.28,62.79,60.21,61.64,3549900,60.68
2012-12-13,60.01,61.33,59.54,60.40,2180100,59.46
2012-12-12,57.90,61.25,57.01,60.17,6916600,59.23
2012-12-11,58.02,58.66,57.55,57.87,2316300,56.97
2012-12-10,57.43,58.29,56.96,57.92,1605800,57.02
2012-12-07,57.01,57.79,56.75,57.43,1587600,56.54
2012-12-06,56.60,56.75,55.56,56.45,1285500,55.57
2012-12-05,55.77,57.66,55.60,56.63,2424000,55.75
2012-12-04,56.29,56.93,55.18,55.57,2094000,54.70
2012-12-03,57.39,57.73,56.08,56.18,1039000,55.30
2012-11-30,57.05,57.27,56.48,56.99,1576200,56.10
2012-11-29,56.88,57.90,56.88,57.28,1439700,56.22
2012-11-28,55.25,56.43,54.65,56.31,1766900,55.26
2012-11-27,57.00,57.45,55.50,55.68,1889300,54.64
2012-11-26,56.66,57.01,56.15,57.01,1161800,55.95
2012-11-23,56.34,57.14,56.17,57.13,777000,56.07
2012-11-21,55.71,56.73,55.25,55.66,1304000,54.63
2012-11-20,57.25,57.67,55.01,55.95,2490700,54.91
2012-11-19,55.96,57.31,55.85,57.07,2132400,56.01
2012-11-16,55.48,55.48,53.83,54.88,1836100,53.86
2012-11-15,55.26,56.10,54.25,55.34,2748100,54.31
2012-11-14,57.89,58.17,55.10,55.25,2056400,54.22
2012-11-13,57.73,58.69,57.57,57.63,1492500,56.56
2012-11-12,57.98,58.84,57.26,58.32,1708500,57.24
2012-11-09,57.19,58.65,56.91,57.56,2020200,56.49
2012-11-08,59.59,59.98,56.60,57.65,2844700,56.58
2012-11-07,61.90,62.20,59.23,59.43,4580700,58.33
2012-11-06,64.13,64.61,63.32,63.72,1735600,62.54
2012-11-05,63.62,64.40,63.32,63.86,1138100,62.67
2012-11-02,66.77,67.00,63.90,63.99,1972500,62.80
2012-11-01,63.77,66.13,63.33,66.03,3094600,64.80
2012-10-31,61.85,63.55,61.85,62.45,1606400,61.29
2012-10-26,60.16,63.30,59.30,61.55,6714500,60.41
2012-10-25,60.34,60.63,58.61,59.74,1965700,58.63
2012-10-24,61.21,61.60,59.55,59.74,1595500,58.63
2012-10-23,61.61,61.68,59.90,60.80,1673600,59.67
2012-10-22,61.89,64.13,61.00,62.93,2939800,61.76
2012-10-19,62.21,62.54,61.50,62.21,3200100,61.05
2012-10-18,61.68,63.00,61.36,62.94,2767700,61.77
2012-10-17,61.27,62.49,60.67,61.82,1851300,60.67
2012-10-16,60.55,61.39,60.22,60.88,1790000,59.75
2012-10-15,58.75,60.10,58.44,60.01,1658400,58.89
2012-10-12,58.53,59.88,58.07,58.44,1422800,57.35
2012-10-11,56.89,59.37,56.50,58.56,3215300,57.47
2012-10-10,57.08,57.70,55.78,56.19,2801500,55.15
2012-10-09,57.42,59.45,57.19,57.72,2955800,56.65
2012-10-08,56.71,57.74,56.26,57.34,1024300,56.27
2012-10-05,58.16,58.63,56.79,57.15,1580100,56.09
2012-10-04,56.42,57.57,55.95,57.55,2018100,56.48
2012-10-03,56.40,56.67,55.84,56.01,1245900,54.97
2012-10-02,56.48,57.16,55.91,56.27,2105900,55.22
2012-10-01,56.64,57.83,55.73,56.12,2683500,55.08
2012-09-28,57.00,57.01,55.40,56.06,3261300,55.02
2012-09-27,57.31,58.20,56.50,57.35,3212300,56.28
2012-09-26,56.88,57.10,54.46,56.37,4065300,55.32
2012-09-25,59.52,59.53,56.66,56.88,5223600,55.82
2012-09-24,60.79,61.34,59.42,60.17,3414200,59.05
2012-09-21,61.45,61.72,59.40,59.41,2482000,58.31
2012-09-20,60.58,61.12,58.87,60.71,2457200,59.58
2012-09-19,61.16,62.89,61.00,62.14,2610400,60.98
2012-09-18,60.01,61.48,59.76,61.24,2008600,60.10
2012-09-17,61.88,62.00,60.08,60.31,1828300,59.19
2012-09-14,61.30,63.68,61.30,61.60,4384800,60.45
2012-09-13,56.60,60.00,55.35,58.98,3527500,57.88
2012-09-12,56.95,57.50,55.80,56.69,1381000,55.64
2012-09-11,55.58,57.10,55.55,56.47,1629800,55.42
2012-09-10,56.21,57.29,55.07,55.20,2674600,54.17
2012-09-07,53.84,57.08,53.84,56.63,3503000,55.58
2012-09-06,51.85,53.30,51.40,53.09,2964900,52.10
2012-09-05,51.48,52.05,50.75,51.20,1987000,50.25
2012-09-04,53.14,53.30,50.88,51.65,2259300,50.69
2012-08-31,52.66,53.71,51.76,53.38,2594100,52.39
2012-08-30,53.54,54.16,51.72,51.97,3871300,51.00
2012-08-29,51.16,55.09,49.65,54.43,11990600,53.25
2012-08-28,54.13,54.74,52.72,53.07,3562000,51.92
2012-08-27,55.85,56.08,54.20,54.37,2113700,53.19
2012-08-24,56.50,57.20,55.50,55.59,2071100,54.38
2012-08-23,56.84,57.48,56.50,56.84,2030600,55.60
2012-08-22,57.42,58.22,56.32,57.87,3185500,56.61
2012-08-21,57.17,59.30,56.95,57.91,2675700,56.65
2012-08-20,55.55,57.09,55.52,57.09,1707300,55.85
2012-08-17,56.27,56.93,55.60,55.90,1759000,54.68
2012-08-16,54.83,56.18,54.30,55.98,1903100,54.76
2012-08-15,54.13,54.83,52.90,54.47,1543700,53.29
2012-08-14,56.33,56.69,54.41,54.58,1400200,53.39
2012-08-13,56.94,57.20,55.26,55.86,1596500,54.65
2012-08-10,56.39,57.39,56.00,57.24,2162200,56.00
2012-08-09,56.28,57.38,55.84,56.74,2258000,55.51
2012-08-08,54.77,57.36,54.31,56.17,3083200,54.95
2012-08-07,52.65,55.60,52.57,55.06,2845300,53.86
2012-08-06,50.94,52.87,50.55,52.45,1735300,51.31
2012-08-03,49.95,51.70,49.61,50.58,1795000,49.48
2012-08-02,49.24,49.92,48.20,48.77,2118300,47.71
2012-08-01,52.33,52.54,49.36,49.54,3430000,48.46
2012-07-31,52.12,53.00,51.55,51.94,2138800,50.81
2012-07-30,52.78,53.32,51.31,52.22,1339600,51.08
2012-07-27,50.71,53.44,50.57,53.01,2206700,51.86
2012-07-26,52.19,52.74,49.80,51.27,2979800,50.16
2012-07-25,50.98,51.75,49.52,50.99,2856500,49.88
2012-07-24,51.56,51.99,49.26,49.74,1865900,48.66
2012-07-23,50.27,51.67,49.00,51.33,1745300,50.21
2012-07-20,52.09,53.24,51.43,51.54,1562000,50.42
2012-07-19,52.18,53.84,52.15,52.90,2546400,51.75
2012-07-18,50.14,52.49,49.72,51.83,1854700,50.70
2012-07-17,49.40,50.73,48.55,50.55,2044800,49.45
2012-07-16,50.26,50.35,48.72,49.13,2037500,48.06
2012-07-13,49.13,50.96,49.10,50.59,2128700,49.49
2012-07-12,48.88,49.35,47.69,48.93,3255400,47.87
2012-07-11,50.45,50.65,48.87,49.45,3333800,48.37
2012-07-10,53.91,54.67,50.06,50.58,3566400,49.48
2012-07-09,55.00,55.49,53.29,53.52,1819500,52.36
2012-07-06,56.11,56.20,54.80,55.26,1351300,54.06
2012-07-05,55.34,58.56,55.34,57.13,1892200,55.89
2012-07-03,54.38,56.25,54.38,56.21,1920800,54.99
2012-07-02,56.27,56.72,53.73,54.35,2253500,53.17
2012-06-29,55.30,57.24,54.85,56.73,3276400,55.50
2012-06-28,51.39,54.01,51.30,53.93,2110100,52.76
2012-06-27,52.49,52.55,51.39,51.91,2323500,50.78
2012-06-26,52.23,52.65,50.90,51.91,2320300,50.78
2012-06-25,53.40,53.70,52.00,52.11,2243100,50.98
2012-06-22,55.02,55.24,53.77,54.23,1602700,53.05
2012-06-21,56.78,57.16,54.77,54.82,1985900,53.63
2012-06-20,57.86,58.00,55.80,56.73,1845900,55.50
2012-06-19,56.13,58.50,56.13,57.88,1766300,56.62
2012-06-18,55.25,56.12,54.76,55.94,1259600,54.72
2012-06-15,55.93,56.30,55.20,55.84,2130100,54.63
2012-06-14,55.10,56.15,54.41,55.51,1592200,54.30
2012-06-13,56.60,56.94,54.53,54.92,2298900,53.73
2012-06-12,55.81,57.13,55.48,57.06,1531800,55.82
2012-06-11,59.13,59.40,55.11,55.26,2031100,54.06
2012-06-08,56.80,58.31,55.73,58.12,1604000,56.86
2012-06-07,59.64,60.28,57.14,57.33,2286300,56.08
2012-06-06,56.91,58.50,56.75,58.05,2337000,56.79
2012-06-05,55.12,56.80,54.92,56.14,2384800,54.92
2012-06-04,55.59,55.71,53.25,54.53,3071000,53.34
2012-06-01,54.03,56.90,53.48,55.69,4929500,54.48
2012-05-31,54.41,56.44,53.30,55.86,8699600,54.65
2012-05-30,60.88,60.88,58.84,59.05,3458100,57.59
2012-05-29,61.63,63.95,61.56,62.32,2664100,60.78
2012-05-25,59.28,60.55,59.00,60.21,1935600,58.73
2012-05-24,64.12,64.19,59.30,59.74,3660100,58.27
2012-05-23,62.38,64.19,61.00,64.00,2052200,62.42
2012-05-22,64.96,65.43,62.60,63.28,3441700,61.72
2012-05-21,60.95,64.66,60.94,64.59,2867700,63.00
2012-05-18,59.67,62.13,59.49,60.64,3336800,59.15
2012-05-17,60.62,60.77,58.68,59.11,2899700,57.65
2012-05-16,61.78,63.21,60.72,60.77,2986700,59.27
2012-05-15,63.36,63.60,60.46,60.88,2648200,59.38
2012-05-14,63.81,64.18,62.68,63.67,1872900,62.10
2012-05-11,64.12,65.95,63.89,64.91,1414600,63.31
2012-05-10,65.69,66.25,64.32,64.74,1768600,63.14
2012-05-09,65.00,66.20,64.11,64.68,2744100,63.09
2012-05-08,65.32,66.24,63.15,66.17,2778100,64.54
2012-05-07,66.35,67.00,65.68,66.01,2287100,64.38
2012-05-04,67.90,67.96,66.19,66.52,2834700,64.88
2012-05-03,70.63,70.63,68.16,68.59,1955500,66.90
2012-05-02,69.86,70.86,68.75,70.60,2859700,68.86
2012-05-01,70.55,71.49,70.16,70.65,2688400,68.91
2012-04-30,71.17,71.23,70.38,70.77,1997000,69.03
2012-04-27,72.53,72.95,71.57,71.60,2232200,69.84
2012-04-26,70.56,72.61,70.37,72.23,2504600,70.45
2012-04-25,72.04,72.10,70.01,70.76,3661700,69.02
2012-04-24,72.02,72.78,71.20,71.77,1878200,70.00
2012-04-23,73.10,73.10,71.00,71.96,2563200,70.19
2012-04-20,75.71,76.43,74.07,74.09,1915700,72.26
2012-04-19,76.21,77.63,74.64,75.33,2102200,73.47
2012-04-18,75.97,77.12,75.75,76.26,1512500,74.38
2012-04-17,75.39,77.14,74.71,76.28,1916000,74.40
2012-04-16,75.67,76.74,73.70,74.13,1825000,72.30
2012-04-13,76.14,76.50,74.51,74.69,1899600,72.85
2012-04-12,73.53,77.17,73.53,76.81,2320800,74.92
2012-04-11,73.85,74.51,72.56,73.49,2078900,71.68
2012-04-10,72.71,75.18,71.76,72.04,3293200,70.26
2012-04-09,73.41,73.73,72.23,72.88,1818200,71.08
2012-04-05,75.33,76.31,74.75,75.03,2714900,73.18
2012-04-04,73.83,76.15,73.52,75.39,3477800,73.53
2012-04-03,75.45,76.27,73.75,74.21,2339100,72.38
2012-04-02,73.05,76.72,73.02,75.35,3289400,73.49
2012-03-30,73.52,74.38,72.12,73.50,2106700,71.69
2012-03-29,70.94,73.24,70.67,73.05,2929500,71.25
2012-03-28,73.30,73.40,70.14,71.43,4869900,69.67
2012-03-27,75.61,75.75,73.79,73.87,2179200,72.05
2012-03-26,76.20,76.65,74.66,75.63,2209300,73.77
2012-03-23,74.50,75.99,74.12,75.19,1812600,73.34
2012-03-22,75.43,76.43,74.04,74.60,2950300,72.76
2012-03-21,76.00,77.10,75.10,76.52,2064500,74.63
2012-03-20,77.98,77.98,74.56,75.92,4465700,74.05
2012-03-19,79.86,81.09,78.92,79.36,1656500,77.40
2012-03-16,79.01,80.44,78.87,80.25,2848600,78.27
2012-03-15,77.38,78.89,76.50,78.57,3414300,76.63
2012-03-14,81.71,82.01,78.01,78.64,2826800,76.70
2012-03-13,79.46,82.02,79.20,82.01,2513400,79.99
2012-03-12,80.12,80.31,78.10,78.73,1919800,76.79
2012-03-09,81.56,81.59,79.41,80.31,2080600,78.33
2012-03-08,80.82,81.35,78.50,81.04,2544700,79.04
2012-03-07,79.02,80.38,78.20,79.44,2351800,77.48
2012-03-06,79.99,80.16,78.02,78.45,3828400,76.52
2012-03-05,85.29,85.29,81.44,82.35,3881500,80.32
2012-03-02,87.37,88.13,84.30,85.80,3123900,83.69
2012-03-01,87.88,89.00,87.10,87.50,3575600,85.34
2012-02-29,92.40,93.10,85.49,86.96,6007100,84.65
2012-02-28,91.43,93.15,90.73,91.77,2107600,89.33
2012-02-27,89.87,91.89,88.97,91.01,1301100,88.59
2012-02-24,91.99,92.34,90.34,90.65,1434200,88.24
2012-02-23,92.65,92.65,90.66,91.48,1774800,89.05
2012-02-22,90.89,94.00,90.57,92.34,4487200,89.88
2012-02-21,88.73,91.22,88.59,90.00,3090100,87.61
2012-02-17,85.68,88.70,85.60,88.22,3100300,85.87
2012-02-16,84.50,85.61,83.89,85.06,2005000,82.80
2012-02-15,85.85,86.26,83.55,84.07,2261900,81.83
2012-02-14,86.00,86.96,84.50,85.45,1960900,83.18
2012-02-13,85.24,86.72,84.17,86.60,2334800,84.30
2012-02-10,84.78,84.82,83.00,83.75,2878400,81.52
2012-02-09,89.21,89.22,85.76,86.05,4181600,83.76
2012-02-08,92.78,92.99,89.32,89.70,3030400,87.31
2012-02-07,94.61,94.84,92.14,92.76,2192800,90.29
2012-02-06,94.96,95.84,94.06,95.58,1276500,93.04
2012-02-03,92.70,95.98,92.70,95.71,2080200,93.16
2012-02-02,91.82,92.44,90.30,91.49,1148600,89.06
2012-02-01,91.71,92.72,90.25,91.27,1412900,88.84
2012-01-31,92.79,93.69,90.25,90.69,1210000,88.28
2012-01-30,92.05,92.73,90.28,92.39,1403000,89.93
2012-01-27,91.99,94.10,91.68,93.12,1426000,90.64
2012-01-26,94.07,96.00,91.61,92.15,3040300,89.70
2012-01-25,89.09,93.57,88.43,93.03,3725100,90.55
2012-01-24,85.30,90.00,85.22,89.14,2701100,86.77
2012-01-23,85.29,87.05,85.00,86.49,1586500,84.19
2012-01-20,85.72,86.17,84.90,85.36,1306800,83.09
2012-01-19,84.21,86.10,84.09,85.75,1423400,83.47
2012-01-18,81.14,84.00,80.62,83.86,1649600,81.63
2012-01-17,84.24,85.00,81.36,81.40,1716600,79.23
2012-01-13,82.74,83.70,81.89,82.74,1360700,80.54
2012-01-12,81.91,84.63,81.21,84.02,1545800,81.78
2012-01-11,81.48,82.53,81.10,82.21,1237400,80.02
2012-01-10,79.88,82.84,79.80,81.89,2330400,79.71
2012-01-09,77.78,78.88,77.40,78.17,1435100,76.09
2012-01-06,78.10,78.20,76.90,77.21,980600,75.16
2012-01-05,77.64,78.39,76.86,77.86,1240200,75.79
2012-01-04,75.86,79.00,75.25,78.16,2301000,76.08
2012-01-03,77.48,78.66,75.95,76.05,2286600,74.03
2011-12-30,75.12,75.61,74.60,74.97,983400,72.98
2011-12-29,74.17,75.70,74.17,75.50,755100,73.49
2011-12-28,76.33,76.60,73.90,74.29,917400,72.31
2011-12-27,77.36,77.43,75.91,76.05,735900,74.03
2011-12-23,77.26,77.61,76.00,77.35,971500,75.29
2011-12-22,76.04,77.25,75.73,76.69,1182800,74.65
2011-12-21,76.81,77.00,74.03,75.51,1154400,73.50
2011-12-20,74.50,76.89,74.30,76.62,1579400,74.58
2011-12-19,76.20,76.74,72.59,73.05,1460100,71.11
2011-12-16,74.93,77.77,74.50,75.17,2388600,73.17
2011-12-15,77.35,77.35,73.78,74.21,3107000,72.24
2011-12-14,80.46,81.10,73.62,75.44,6581300,73.43
2011-12-13,87.01,87.68,83.12,84.55,1505400,82.30
2011-12-12,86.86,87.63,84.91,86.52,1269300,84.22
2011-12-09,87.55,89.32,86.22,89.04,1214800,86.67
2011-12-08,90.00,90.93,86.87,87.31,1285900,84.99
2011-12-07,89.71,90.78,88.32,90.35,1058200,87.95
2011-12-06,89.81,90.90,88.95,90.37,1173000,87.97
2011-12-05,92.22,92.39,89.59,89.65,3125700,87.26
2011-12-02,92.14,92.95,89.88,90.16,2023800,87.76
2011-12-01,90.97,91.76,89.50,91.29,1564600,88.86
2011-11-30,86.76,91.30,86.59,91.28,2990700,88.68
2011-11-29,85.00,85.11,82.62,82.67,1405000,80.32
2011-11-28,81.59,85.00,81.33,84.72,1863200,82.31
2011-11-25,78.55,81.26,78.50,78.78,600300,76.54
2011-11-23,80.99,81.29,79.10,79.27,1510400,77.01
2011-11-22,83.02,83.56,80.57,81.21,1524500,78.90
2011-11-21,83.75,83.90,81.45,83.30,1745400,80.93
2011-11-18,86.33,86.82,84.23,85.88,1732900,83.43
2011-11-17,88.55,89.25,84.95,85.81,2542100,83.37
2011-11-16,84.71,91.97,84.19,88.64,5595500,86.12
2011-11-15,84.70,86.35,83.89,86.06,1491400,83.61
2011-11-14,85.20,86.80,83.75,84.89,1254900,82.47
2011-11-11,83.47,85.40,82.97,85.17,1792200,82.74
2011-11-10,85.04,85.25,81.05,82.06,3538300,79.72
2011-11-09,86.32,86.75,83.00,83.56,2221700,81.18
2011-11-08,89.84,89.87,86.64,89.01,2278400,86.48
2011-11-07,89.35,90.10,86.53,89.04,1518600,86.50
2011-11-04,88.93,90.40,87.35,89.69,1864600,87.14
2011-11-03,88.83,90.29,87.13,89.99,1928200,87.43
2011-11-02,86.66,87.78,85.05,87.28,1592600,84.79
2011-11-01,84.39,86.55,83.10,84.74,2292000,82.33
2011-10-31,89.77,90.00,87.18,87.20,2401800,84.72
2011-10-28,91.36,92.30,89.92,91.19,2382000,88.59
2011-10-27,91.16,93.84,91.03,92.07,3836000,89.45
2011-10-26,86.99,88.36,84.30,87.59,2171000,85.10
2011-10-25,85.78,87.21,84.41,85.32,2144800,82.89
2011-10-24,84.23,87.40,83.95,86.67,3090900,84.20
2011-10-21,78.97,81.92,78.91,81.82,2100000,79.49
2011-10-20,77.69,78.19,75.05,77.68,2476700,75.47
2011-10-19,79.35,80.14,77.23,77.76,1854000,75.55
2011-10-18,74.68,80.61,74.51,79.85,3120800,77.58
2011-10-17,79.64,79.72,75.10,75.71,2451900,73.55
2011-10-14,77.89,79.23,77.35,78.82,1587000,76.58
2011-10-13,77.43,78.00,74.85,76.64,2274600,74.46
2011-10-12,76.45,78.50,75.42,77.01,2783500,74.82
2011-10-11,71.69,75.93,71.25,75.44,3231000,73.29
2011-10-10,69.89,73.07,69.64,73.06,2157500,70.98
2011-10-07,69.59,70.25,66.85,68.03,2219900,66.09
2011-10-06,66.30,70.21,65.75,69.32,2787500,67.35
2011-10-05,61.95,66.95,61.67,66.35,3217900,64.46
2011-10-04,58.77,61.87,57.48,61.66,3703500,59.90
2011-10-03,61.58,63.21,60.43,60.49,2643000,58.77
2011-09-30,64.10,65.11,62.28,62.38,2581400,60.60
2011-09-29,68.47,68.87,63.67,65.92,2407300,64.04
2011-09-28,70.26,70.50,66.01,66.19,1929300,64.31
2011-09-27,67.94,71.75,67.85,69.59,3291000,67.61
2011-09-26,65.58,66.31,62.22,66.13,3109900,64.25
2011-09-23,62.27,66.55,62.20,65.01,2475300,63.16
2011-09-22,67.12,67.38,62.26,63.81,4547700,61.99
2011-09-21,74.25,74.40,70.44,70.44,3568800,68.43
2011-09-20,80.37,80.37,75.56,75.87,2388000,73.71
2011-09-19,79.89,80.60,77.71,79.93,1506000,77.65
2011-09-16,82.47,82.78,80.82,81.40,1629000,79.08
2011-09-15,81.93,82.78,80.64,82.14,1499600,79.80
2011-09-14,79.82,81.92,76.90,80.49,2038200,78.20
2011-09-13,77.55,80.24,77.16,79.30,1847400,77.04
2011-09-12,76.83,78.44,74.52,76.86,2760200,74.67
2011-09-09,80.36,81.30,77.64,78.53,1763400,76.29
2011-09-08,82.16,83.93,80.75,81.50,1897700,79.18
2011-09-07,81.82,83.31,81.04,83.11,1690800,80.74
2011-09-06,76.22,80.18,75.65,79.90,2069500,77.62
2011-09-02,80.07,80.85,78.08,79.39,1749000,77.13
2011-09-01,83.73,84.41,81.39,82.06,3160100,79.72
2011-08-31,86.80,88.45,82.17,83.45,5039800,81.07
2011-08-30,80.62,83.29,79.85,82.54,2541400,80.02
2011-08-29,77.54,81.06,77.54,80.82,1944400,78.35
2011-08-26,72.31,76.34,71.63,75.96,1959100,73.64
2011-08-25,75.75,76.50,72.94,73.33,1577500,71.09
2011-08-24,72.73,75.41,71.66,75.33,2126800,73.03
2011-08-23,70.40,72.86,69.54,72.65,2912000,70.43
2011-08-22,73.64,73.85,69.14,69.60,2828100,67.47
2011-08-19,71.15,75.19,70.63,71.29,2581500,69.11
2011-08-18,76.63,76.97,71.81,72.63,2836200,70.41
2011-08-17,80.27,81.77,78.67,79.41,1431400,76.99
2011-08-16,80.68,80.99,78.65,79.80,1861200,77.36
2011-08-15,81.13,83.13,80.66,81.98,1866600,79.48
2011-08-12,79.86,81.84,78.19,80.49,1855500,78.03
2011-08-11,75.66,80.48,75.37,78.86,2167000,76.45
2011-08-10,76.02,78.76,74.11,75.20,2855400,72.90
2011-08-09,73.82,78.82,71.50,78.68,3788600,76.28
2011-08-08,75.60,78.56,71.70,71.70,3383100,69.51
2011-08-05,82.61,84.00,75.57,79.56,4045700,77.13
2011-08-04,86.99,87.15,81.20,81.41,2900000,78.92
2011-08-03,89.14,89.50,85.15,88.71,2171700,86.00
2011-08-02,91.89,93.16,88.63,88.75,2112200,86.04
2011-08-01,95.56,95.99,91.76,93.03,1858800,90.19
2011-07-29,92.74,94.91,90.54,93.92,1971300,91.05
2011-07-28,94.61,95.85,93.38,93.67,1510200,90.81
2011-07-27,97.30,97.39,93.50,94.36,1862800,91.48
2011-07-26,100.05,100.06,97.81,98.03,1159700,95.04
2011-07-25,99.12,101.10,98.86,100.21,972700,97.15
2011-07-22,98.00,101.00,97.56,99.85,1882700,96.80
2011-07-21,97.80,101.44,97.79,100.32,2244400,97.26
2011-07-20,99.00,99.00,96.21,97.09,1506900,94.13
2011-07-19,97.76,99.30,97.42,98.52,1647300,95.51
2011-07-18,96.61,96.73,94.10,96.67,1949900,93.72
2011-07-15,95.82,97.42,93.68,97.31,2787000,94.34
2011-07-14,95.85,98.50,94.00,95.41,3117700,92.50
2011-07-13,94.77,97.24,94.58,94.87,2465600,91.97
2011-07-12,94.40,95.96,93.48,93.78,1331800,90.92
2011-07-11,95.97,96.09,93.40,94.47,1398800,91.59
2011-07-08,96.98,97.80,95.90,97.25,1265800,94.28
2011-07-07,97.93,99.31,97.93,98.91,1533700,95.89
2011-07-06,96.80,97.94,96.03,96.72,1522400,93.77
2011-07-05,96.64,96.99,95.20,96.70,1320000,93.75
2011-07-01,94.95,97.53,93.69,97.14,1975900,94.17
2011-06-30,90.72,95.73,90.23,95.24,2939500,92.33
2011-06-29,90.19,91.89,89.27,90.11,1526400,87.36
2011-06-28,87.30,90.32,87.30,89.89,988600,87.15
2011-06-27,86.52,87.57,85.71,87.11,941700,84.45
2011-06-24,87.74,88.18,86.27,86.65,1557800,84.00
2011-06-23,85.30,87.80,83.99,87.74,1692200,85.06
2011-06-22,87.54,89.62,87.40,87.50,1336000,84.83
2011-06-21,85.50,88.84,85.04,88.06,2283500,85.37
2011-06-20,83.17,84.87,82.73,84.79,1356100,82.20
2011-06-17,85.10,85.10,82.71,83.37,1579700,80.82
2011-06-16,84.68,85.96,82.61,83.46,1746300,80.91
2011-06-15,86.36,87.20,84.43,84.45,1894000,81.87
2011-06-14,86.06,87.87,85.25,87.44,2108400,84.77
2011-06-13,87.82,88.21,84.50,84.85,2381200,82.26
2011-06-10,90.03,90.32,87.07,87.48,2256300,84.81
2011-06-09,89.36,90.90,89.31,90.28,1858500,87.52
2011-06-08,89.14,89.73,88.25,89.30,1492900,86.57
2011-06-07,90.45,90.85,88.98,89.44,1699900,86.71
2011-06-06,88.91,90.63,88.75,90.04,2282300,87.29
2011-06-03,89.34,91.25,88.50,88.78,2478400,86.07
2011-06-02,88.23,91.89,87.86,90.51,4747700,87.75
2011-06-01,89.51,89.82,86.06,86.06,2024800,83.26
2011-05-31,90.39,90.85,88.26,89.65,1751400,86.74
2011-05-27,88.56,89.82,88.45,89.20,1230900,86.30
2011-05-26,87.15,88.88,86.25,88.45,1190700,85.57
2011-05-25,85.79,87.99,85.18,87.27,2071000,84.43
2011-05-24,88.16,88.52,85.64,85.96,2006000,83.17
2011-05-23,88.01,88.41,86.02,87.54,2200000,84.69
2011-05-20,89.90,91.47,88.93,90.35,2150800,87.41
2011-05-19,89.93,90.92,89.58,90.18,1868200,87.25
2011-05-18,86.89,89.19,85.85,89.02,1350700,86.13
2011-05-17,87.97,88.12,85.50,86.19,1954300,83.39
2011-05-16,87.80,89.83,87.45,88.36,2869900,85.49
2011-05-13,88.49,89.91,86.78,87.48,1797200,84.64
2011-05-12,88.28,88.99,86.36,87.96,2200000,85.10
2011-05-11,92.27,92.72,88.55,89.03,2000000,86.14
2011-05-10,92.94,93.10,91.24,92.80,1160500,89.78
2011-05-09,89.66,92.72,89.13,92.07,1628700,89.08
2011-05-06,91.16,92.09,89.27,89.49,3332100,86.58
2011-05-05,93.43,94.69,89.60,89.78,3300000,86.86
2011-05-04,96.00,96.23,92.44,94.69,2175900,91.61
2011-05-03,100.43,100.66,95.19,96.39,2791100,93.26
2011-05-02,101.24,102.12,100.50,100.88,1713700,97.60
2011-04-29,100.13,102.17,100.11,100.95,2260500,97.67
2011-04-28,99.73,100.46,98.43,99.85,832700,96.60
2011-04-27,100.11,100.11,96.92,99.57,1010900,96.33
2011-04-26,98.35,100.40,97.40,99.86,1400000,96.61
2011-04-25,98.31,98.34,96.75,97.50,676900,94.33
2011-04-21,97.53,99.15,97.50,98.46,802400,95.26
2011-04-20,96.24,97.17,95.25,96.84,1182800,93.69
2011-04-19,93.74,94.38,92.82,94.28,1343800,91.22
2011-04-18,95.37,95.37,92.21,93.31,1938600,90.28
2011-04-15,95.97,97.62,95.58,96.86,1588400,93.71
2011-04-14,94.16,96.30,93.49,95.97,1637400,92.85
2011-04-13,94.82,95.45,93.93,94.80,2157600,91.72
2011-04-12,95.27,95.63,92.42,93.39,2294200,90.35
2011-04-11,99.05,99.42,95.28,95.96,1332100,92.84
2011-04-08,99.37,100.31,98.09,98.92,1115500,95.70
2011-04-07,98.63,100.58,98.00,98.81,1339800,95.60
2011-04-06,101.81,101.81,98.81,99.01,1689500,95.79
2011-04-05,101.84,102.00,99.16,100.82,3049500,97.54
2011-04-04,103.33,103.33,101.44,102.36,1325500,99.03
2011-04-01,99.54,103.44,98.80,101.60,3484400,98.30
2011-03-31,95.35,98.81,95.34,98.81,2078300,95.60
2011-03-30,95.60,95.71,94.18,95.29,1613500,92.19
2011-03-29,94.65,95.49,93.58,94.49,1508300,91.42
2011-03-28,96.28,96.94,94.75,94.87,1174700,91.79
2011-03-25,96.05,97.75,95.61,96.01,1385400,92.89
2011-03-24,94.42,95.89,93.36,95.58,1212600,92.47
2011-03-23,92.65,93.88,91.35,93.48,1295700,90.44
2011-03-22,94.84,95.00,92.51,92.97,1850800,89.95
2011-03-21,94.51,94.93,93.76,94.78,1337000,91.70
2011-03-18,92.74,93.77,91.78,91.96,2281200,88.97
2011-03-17,90.34,91.94,90.06,91.20,1727600,88.24
2011-03-16,90.01,92.16,88.00,88.75,2242200,85.87
2011-03-15,87.89,90.24,86.77,89.56,2034700,86.65
2011-03-14,90.05,91.86,88.96,90.61,1742100,87.66
2011-03-11,87.26,91.06,86.75,90.56,1700500,87.62
2011-03-10,89.83,90.00,87.23,88.40,2467600,85.53
2011-03-09,93.32,93.43,90.74,92.24,2201100,89.24
2011-03-08,93.93,94.46,92.06,93.69,1547400,90.64
2011-03-07,97.14,97.27,92.81,93.82,1721300,90.77
2011-03-04,96.97,97.62,95.62,96.61,1361700,93.47
2011-03-03,95.42,97.44,95.36,97.33,2818400,94.17
2011-03-02,94.00,96.87,91.67,94.32,6897700,91.25
2011-03-01,98.53,98.84,95.15,97.17,3861500,93.84
2011-02-28,96.43,97.38,94.08,97.38,3193500,94.05
2011-02-25,94.79,96.53,93.58,93.93,25692000,90.71
2011-02-24,93.07,94.82,92.14,93.40,1732800,90.20
2011-02-23,96.38,96.38,91.05,93.04,2534800,89.85
2011-02-22,98.72,100.23,96.38,96.52,1885700,93.21
2011-02-18,98.16,100.58,97.64,100.03,2085100,96.60
2011-02-17,98.65,98.80,97.10,98.07,2264300,94.71
2011-02-16,94.63,97.00,94.20,96.88,1398100,93.56
2011-02-15,95.38,95.40,93.51,94.07,893300,90.85
2011-02-14,94.44,96.30,94.41,95.74,1350200,92.46
2011-02-11,92.03,94.16,91.67,93.89,1126100,90.67
2011-02-10,91.48,93.53,91.24,92.65,679000,89.48
2011-02-09,93.22,93.42,91.40,91.97,1058800,88.82
2011-02-08,94.00,94.01,92.32,93.53,1352000,90.33
2011-02-07,92.57,94.29,92.54,93.99,1877100,90.77
2011-02-04,90.41,92.65,89.85,92.53,1289400,89.36
2011-02-03,90.52,90.57,88.37,90.16,754300,87.07
2011-02-02,89.75,90.99,89.14,90.29,932600,87.20
2011-02-01,88.51,90.72,87.82,89.84,1407600,86.76
2011-01-31,85.55,88.38,85.55,87.18,1186800,84.19
2011-01-28,87.53,87.87,84.60,85.35,971800,82.43
2011-01-27,89.50,89.65,86.82,87.14,1608200,84.16
2011-01-26,85.65,88.70,85.60,88.26,2278700,85.24
2011-01-25,85.89,85.92,83.80,85.09,2159100,82.18
2011-01-24,86.12,86.50,84.65,86.01,1353700,83.06
2011-01-21,88.05,88.97,85.60,85.77,1569100,82.83
2011-01-20,89.67,89.67,86.55,87.52,1776500,84.52
2011-01-19,92.63,92.82,90.50,90.88,1356400,87.77
2011-01-18,91.24,93.50,91.04,93.21,2323600,90.02
2011-01-14,89.61,91.29,89.02,91.18,1333200,88.06
2011-01-13,89.26,90.10,88.65,89.70,855800,86.63
2011-01-12,89.49,89.65,88.19,89.43,892200,86.37
2011-01-11,87.69,88.99,87.59,88.71,1038000,85.67
2011-01-10,86.01,87.93,85.11,87.26,1263000,84.27
2011-01-07,86.86,87.68,84.45,86.19,1075500,83.24
2011-01-06,87.77,87.95,86.29,86.54,853200,83.58
2011-01-05,87.58,88.33,86.71,87.50,1591200,84.50
2011-01-04,89.00,89.39,86.65,88.46,1484100,85.43
2011-01-03,87.75,90.46,87.70,88.87,1660400,85.83
2010-12-31,87.00,87.24,86.12,86.75,527100,83.78
2010-12-30,87.00,88.21,86.70,86.99,618900,84.01
2010-12-29,87.36,87.79,86.96,87.02,654100,84.04
2010-12-28,86.27,87.71,86.27,87.00,1489400,84.02
2010-12-27,86.75,86.88,85.60,86.07,692400,83.12
2010-12-23,86.47,87.34,86.35,86.93,657300,83.95
2010-12-22,87.45,87.59,86.26,86.75,761200,83.78
2010-12-21,87.00,88.05,85.77,87.59,1496600,84.59
2010-12-20,85.67,86.93,85.10,86.63,1206700,83.66
2010-12-17,85.57,85.64,84.40,85.55,2501400,82.62
2010-12-16,85.33,86.25,83.84,85.44,2261000,82.51
2010-12-15,83.60,87.11,83.44,85.78,6469900,82.84
2010-12-14,80.91,81.51,79.75,80.21,1902600,77.46
2010-12-13,79.85,81.61,79.71,80.60,1927900,77.84
2010-12-10,78.70,79.27,77.76,79.08,1234800,76.37
2010-12-09,79.58,79.86,77.90,78.36,1205700,75.68
2010-12-08,78.99,80.00,77.30,78.66,1734100,75.97
2010-12-07,81.57,81.85,78.62,79.14,1678700,76.43
2010-12-06,79.37,80.83,79.02,80.50,999300,77.74
2010-12-03,78.44,79.64,78.28,79.48,795400,76.76
2010-12-02,79.15,79.98,78.69,78.83,1496500,76.13
2010-12-01,77.80,80.00,77.60,79.35,1654200,76.46
2010-11-30,75.53,76.70,75.01,76.32,1319300,73.54
2010-11-29,75.50,76.41,75.05,76.32,1111000,73.54
2010-11-26,77.57,78.06,75.91,76.31,832400,73.53
2010-11-24,75.97,78.54,75.96,78.08,1522100,75.24
2010-11-23,76.20,76.25,74.36,75.27,1900400,72.53
2010-11-22,76.66,77.42,75.54,77.15,2009000,74.34
2010-11-19,75.64,76.52,74.88,76.45,1624900,73.67
2010-11-18,76.51,76.56,75.11,75.58,2037300,72.83
2010-11-17,74.71,75.45,73.74,75.06,2161600,72.33
2010-11-16,76.00,76.48,73.74,74.52,4584200,71.81
2010-11-15,77.00,79.45,76.40,77.77,7968400,74.94
2010-11-12,73.71,74.45,71.97,72.38,1032000,69.75
2010-11-11,73.58,75.69,73.06,74.84,1042400,72.12
2010-11-10,74.23,74.60,72.68,74.44,1363400,71.73
2010-11-09,75.69,76.72,73.70,74.17,995800,71.47
2010-11-08,74.99,76.30,74.69,75.11,1022800,72.38
2010-11-05,74.14,75.43,73.87,75.33,1447700,72.59
2010-11-04,72.00,74.25,72.00,74.24,1927900,71.54
2010-11-03,71.17,71.61,69.58,70.84,1090200,68.26
2010-11-02,71.95,72.18,71.21,71.48,723200,68.88
2010-11-01,71.32,72.45,70.76,71.34,1311700,68.74
2010-10-29,69.93,71.87,69.61,70.95,1027500,68.37
2010-10-28,69.64,70.46,68.76,69.72,891300,67.18
2010-10-27,68.41,69.19,67.72,69.16,1543900,66.64
2010-10-26,69.87,70.82,68.78,69.40,1240300,66.88
2010-10-25,70.17,71.07,69.66,70.38,1357400,67.82
2010-10-22,69.87,69.90,68.13,69.31,2813300,66.79
2010-10-21,71.83,72.62,69.75,71.41,1547800,68.81
2010-10-20,69.70,71.85,69.21,71.38,1342400,68.78
2010-10-19,70.87,71.00,68.59,69.14,1925400,66.62
2010-10-18,72.73,73.24,71.58,72.21,1024100,69.58
2010-10-15,73.12,73.30,70.94,72.62,1659600,69.98
2010-10-14,72.71,73.72,72.11,72.60,1362600,69.96
2010-10-13,72.27,73.08,71.84,72.82,2220200,70.17
2010-10-12,72.98,72.98,71.29,72.57,1182100,69.93
2010-10-11,73.30,73.69,72.57,73.12,1101200,70.46
2010-10-08,71.03,73.94,71.02,72.99,1563200,70.33
2010-10-07,71.42,71.92,69.50,70.96,977700,68.38
2010-10-06,70.62,71.98,70.22,71.39,1274000,68.79
2010-10-05,69.65,70.85,69.21,70.51,1826500,67.95
2010-10-04,69.99,70.45,67.85,68.50,1448300,66.01
2010-10-01,71.16,71.33,69.73,70.02,2016100,67.47
2010-09-30,71.66,72.00,69.45,70.32,1882300,67.76
2010-09-29,70.55,71.30,70.43,70.83,1304900,68.25
2010-09-28,70.32,70.92,68.80,70.71,2042300,68.14
2010-09-27,69.93,71.15,69.75,70.81,1528100,68.23
2010-09-24,69.01,70.70,68.90,70.46,1920200,67.90
2010-09-23,68.80,69.25,67.76,67.87,1501200,65.40
2010-09-22,68.98,70.55,68.53,69.59,2054700,67.06
2010-09-21,68.99,69.52,68.11,68.97,1782400,66.46
2010-09-20,67.78,69.38,67.26,68.99,2166000,66.48
2010-09-17,66.20,67.45,65.46,67.23,1756600,64.78
2010-09-16,66.03,67.20,65.83,66.06,1309400,63.66
2010-09-15,65.39,66.43,64.40,66.20,1313100,63.79
2010-09-14,66.03,66.73,65.46,65.65,1388100,63.26
2010-09-13,65.98,66.74,65.69,66.59,1638800,64.17
2010-09-10,64.60,66.21,64.00,64.86,1462800,62.50
2010-09-09,65.79,66.30,64.06,64.60,1744200,62.25
2010-09-08,62.02,65.75,62.02,65.32,2849300,62.94
2010-09-07,62.26,62.54,61.41,61.99,2198700,59.73
2010-09-03,63.38,64.01,62.33,62.98,2061400,60.69
2010-09-02,60.75,62.90,60.13,62.50,3039700,60.23
2010-09-01,57.35,60.33,56.71,60.16,4363600,57.97
2010-08-31,55.46,57.41,55.33,56.72,1664800,54.49
2010-08-30,56.50,56.95,55.73,55.90,1072700,53.70
2010-08-27,54.48,56.94,53.13,56.83,2140100,54.59
2010-08-26,55.85,56.49,53.70,53.89,1904500,51.77
2010-08-25,55.57,55.59,53.55,55.11,2195000,52.94
2010-08-24,57.07,57.66,55.86,56.38,1408100,54.16
2010-08-23,59.98,60.46,57.74,57.90,1121100,55.62
2010-08-20,59.08,59.79,58.39,59.63,1186300,57.28
2010-08-19,60.15,60.85,58.94,59.69,1400900,57.34
2010-08-18,60.09,61.07,59.46,60.57,1095100,58.19
2010-08-17,59.30,61.95,59.10,60.39,1678100,58.01
2010-08-16,56.59,58.73,56.05,58.41,1320600,56.11
2010-08-13,56.54,57.31,56.00,56.63,891000,54.40
2010-08-12,55.87,57.52,55.37,56.82,1087800,54.58
2010-08-11,58.25,58.37,56.50,56.85,1351500,54.61
2010-08-10,59.89,60.20,58.55,59.91,1183100,57.55
2010-08-09,61.14,61.57,60.50,60.92,1158600,58.52
2010-08-06,59.76,61.00,59.30,60.83,1077600,58.44
2010-08-05,60.00,61.26,59.95,60.70,1191100,58.31
2010-08-04,60.80,60.95,59.66,60.61,1207000,58.22
2010-08-03,60.41,60.78,59.20,60.29,1180000,57.92
2010-08-02,60.61,61.35,60.41,60.72,1582800,58.33
2010-07-30,57.05,59.58,56.89,59.37,1640500,57.03
2010-07-29,59.01,59.65,57.05,58.05,1091900,55.77
2010-07-28,57.64,58.99,57.32,58.71,1550300,56.40
2010-07-27,59.83,60.07,57.19,58.10,2301200,55.81
2010-07-26,60.46,60.75,58.79,59.45,2310700,57.11
2010-07-23,58.04,60.62,58.02,60.50,2777200,58.12
2010-07-22,57.34,58.50,57.21,57.72,2397300,55.45
2010-07-21,57.65,58.68,56.16,56.38,2692900,54.16
2010-07-20,53.88,56.98,53.61,56.92,2316600,54.68
2010-07-19,54.19,55.19,53.18,54.85,1979300,52.69
2010-07-16,54.62,54.62,53.24,53.49,1789400,51.39
2010-07-15,55.37,55.46,53.48,54.85,2080500,52.69
2010-07-14,55.49,56.17,54.66,55.47,1700900,53.29
2010-07-13,54.42,56.18,53.95,55.84,3094000,53.64
2010-07-12,53.71,54.00,52.42,53.27,2267500,51.17
2010-07-09,52.50,54.16,52.02,53.93,1876600,51.81
2010-07-08,52.98,53.00,51.27,52.44,2487100,50.38
2010-07-07,50.38,52.33,50.30,52.25,3104300,50.19
2010-07-06,52.18,52.88,50.05,50.59,2780700,48.60
2010-07-02,50.65,52.44,50.17,50.84,3629800,48.84
2010-07-01,50.37,50.68,48.05,49.77,3055800,47.81
2010-06-30,50.46,52.14,49.85,50.09,2542500,48.12
2010-06-29,52.12,52.46,49.85,50.44,5383600,48.46
2010-06-28,55.99,55.99,53.73,54.08,2727300,51.95
2010-06-25,55.17,56.18,53.75,55.94,2672700,53.74
2010-06-24,55.39,55.39,53.93,54.66,2785300,52.51
2010-06-23,56.05,56.26,54.10,55.63,2028900,53.44
2010-06-22,56.88,57.69,55.27,55.36,2149700,53.18
2010-06-21,57.34,58.56,56.00,56.44,2982600,54.22
2010-06-18,55.60,56.03,54.92,55.64,2417700,53.45
2010-06-17,57.10,57.56,54.71,55.46,3403000,53.28
2010-06-16,55.90,57.45,55.79,56.96,2040300,54.72
2010-06-15,56.00,57.53,55.89,57.32,2016300,55.06
2010-06-14,56.06,57.34,55.10,55.33,3815500,53.15
2010-06-11,53.70,55.50,53.50,54.57,2663500,52.42
2010-06-10,53.20,54.83,53.02,54.81,2754700,52.65
2010-06-09,51.08,53.36,50.89,51.32,3440400,49.30
2010-06-08,48.78,50.50,48.63,50.38,3205400,48.40
2010-06-07,51.32,51.72,48.81,48.98,3431000,47.05
2010-06-04,52.40,54.60,50.51,50.71,5817200,48.71
2010-06-03,56.05,57.69,52.55,53.81,9447200,51.69
2010-06-02,50.34,52.68,49.50,52.45,3585300,50.39
2010-06-01,49.80,51.48,48.40,48.44,3261900,46.37
2010-05-28,52.46,52.79,50.11,51.00,1886100,48.82
2010-05-27,51.98,53.00,51.40,52.58,1924800,50.33
2010-05-26,49.83,53.08,49.45,49.87,4461900,47.73
2010-05-25,45.21,49.00,44.71,48.70,2687900,46.61
2010-05-24,48.75,49.10,47.58,47.63,1849900,45.59
2010-05-21,44.72,48.83,44.25,48.77,3953300,46.68
2010-05-20,46.11,47.70,44.78,45.76,4147000,43.80
2010-05-19,48.86,49.09,45.78,48.10,3842500,46.04
2010-05-18,50.81,51.68,49.31,49.66,2477400,47.53
2010-05-17,52.22,53.34,48.58,49.82,3050800,47.69
2010-05-14,53.54,53.72,49.71,52.03,3998100,49.80
2010-05-13,54.47,55.85,54.00,54.47,1745800,52.14
2010-05-12,53.41,54.96,53.17,54.82,1972700,52.47
2010-05-11,52.14,53.99,51.65,53.32,2651100,51.04
2010-05-10,53.00,53.77,45.36,53.28,2977500,51.00
2010-05-07,51.16,51.91,48.29,49.53,3772000,47.41
2010-05-06,53.35,54.00,46.27,51.36,3555600,49.16
2010-05-05,52.34,55.65,50.49,54.00,4078700,51.69
2010-05-04,55.74,55.90,53.11,54.10,3474500,51.78
2010-05-03,57.02,57.49,54.79,57.05,2989600,54.61
2010-04-30,61.50,61.97,56.79,56.80,3395900,54.37
2010-04-29,61.49,61.70,60.29,61.48,2110700,58.85
2010-04-28,61.18,62.25,60.40,60.92,2399300,58.31
2010-04-27,63.41,63.48,60.25,60.54,2795200,57.95
2010-04-26,62.29,64.79,62.20,63.70,3677000,60.97
2010-04-23,60.07,61.72,59.88,61.45,3474100,58.82
2010-04-22,59.47,61.73,58.83,61.54,2060400,58.90
2010-04-21,60.91,60.95,59.21,60.50,1612000,57.91
2010-04-20,60.32,61.49,60.18,60.86,2169100,58.25
2010-04-19,60.00,61.09,58.21,59.58,3169800,57.03
2010-04-16,63.04,63.31,59.41,60.48,4716100,57.89
2010-04-15,63.73,65.93,63.33,63.45,3862300,60.73
2010-04-14,61.90,63.82,61.24,63.70,3020900,60.97
2010-04-13,61.50,62.57,60.76,61.25,2371300,58.63
2010-04-12,61.68,62.92,60.51,61.54,3209000,58.90
2010-04-09,59.70,60.57,59.12,60.51,1730800,57.92
2010-04-08,58.61,59.30,57.66,59.18,1788400,56.65
2010-04-07,60.40,60.67,58.58,59.01,2333000,56.48
2010-04-06,60.67,61.04,59.91,60.74,1719100,58.14
2010-04-05,59.21,60.75,59.14,60.70,1945600,58.10
2010-04-01,57.60,58.90,57.49,58.52,2280000,56.01
2010-03-31,58.00,58.25,56.51,56.59,2419500,54.17
2010-03-30,58.23,58.69,57.66,58.43,1648800,55.93
2010-03-29,57.79,58.59,57.65,58.08,2587500,55.59
2010-03-26,56.98,58.07,56.33,57.09,2062200,54.65
2010-03-25,58.47,59.19,56.80,56.87,2256900,54.43
2010-03-24,57.70,58.74,57.57,57.77,2475900,55.30
2010-03-23,56.37,58.35,56.00,58.16,3316000,55.67
2010-03-22,54.21,56.36,54.11,56.22,2832700,53.81
2010-03-19,56.27,56.75,54.42,55.00,3583700,52.64
2010-03-18,56.85,57.17,55.57,56.49,2400000,54.07
2010-03-17,57.89,58.32,56.91,57.04,2801100,54.60
2010-03-16,57.02,57.86,56.88,57.83,1730300,55.35
2010-03-15,57.01,57.39,56.07,56.90,2902400,54.46
2010-03-12,57.63,58.24,57.15,57.47,2136200,55.01
2010-03-11,56.85,57.53,55.91,57.44,2815700,54.98
2010-03-10,57.38,57.75,56.80,57.31,3332400,54.86
2010-03-09,55.65,57.39,55.45,56.83,3348000,54.40
2010-03-08,56.07,56.40,55.37,56.24,3501000,53.83
2010-03-05,55.00,56.00,54.81,55.85,2605700,53.46
2010-03-04,55.17,55.59,53.71,54.35,3160200,52.02
2010-03-03,54.02,56.39,53.62,54.51,8919800,52.18
2010-03-02,52.52,52.57,51.53,51.67,3576000,49.29
2010-03-01,51.35,52.00,51.20,51.90,4184900,49.51
2010-02-26,50.59,51.08,49.79,50.79,2925700,48.45
2010-02-25,48.62,50.38,47.55,50.23,2619800,47.92
2010-02-24,49.19,50.38,49.10,49.52,2576200,47.24
2010-02-23,49.68,50.34,47.88,48.70,3131500,46.46
2010-02-22,50.83,51.19,49.91,49.96,2859300,47.66
2010-02-19,50.26,50.80,49.29,50.20,4086000,47.89
2010-02-18,49.56,51.27,49.11,51.01,4275800,48.66
2010-02-17,51.12,51.70,49.53,49.86,4259400,47.56
2010-02-16,48.25,49.19,47.75,49.17,3155500,46.91
2010-02-12,46.63,47.53,45.71,47.28,2615600,45.10
2010-02-11,45.31,47.87,44.88,47.46,2730400,45.27
2010-02-10,45.81,46.19,44.71,45.29,1838000,43.20
2010-02-09,45.74,46.85,45.15,45.73,2696900,43.62
2010-02-08,44.86,45.82,43.82,44.51,2422700,42.46
2010-02-05,44.32,44.85,42.45,44.54,4708600,42.49
2010-02-04,46.79,46.86,44.35,44.47,4497000,42.42
2010-02-03,47.77,49.04,47.50,47.79,2936700,45.59
2010-02-02,47.54,48.20,46.25,48.08,3274500,45.87
2010-02-01,46.52,47.50,46.12,47.05,2848100,44.88
2010-01-29,47.41,48.98,45.47,45.74,4440600,43.63
2010-01-28,48.25,48.63,45.82,47.10,3744600,44.93
2010-01-27,47.10,48.17,46.30,48.06,5148200,45.85
2010-01-26,48.50,49.01,47.28,47.70,5860700,45.50
2010-01-25,50.70,50.90,48.55,48.68,4129300,46.44
2010-01-22,52.09,52.95,49.14,49.63,7993700,47.34
2010-01-21,57.70,57.70,53.22,54.05,6017300,51.56
2010-01-20,58.74,58.86,57.30,58.08,2259400,55.40
2010-01-19,58.23,60.32,58.06,59.93,2367900,57.17
2010-01-15,59.90,60.49,57.83,58.45,3136000,55.76
2010-01-14,60.58,60.94,59.80,60.08,2246000,57.31
2010-01-13,58.93,61.29,57.46,60.96,6637300,58.15
2010-01-12,58.38,58.38,56.78,57.20,3044200,54.57
2010-01-11,60.39,60.87,58.75,58.91,3735100,56.20
2010-01-08,57.22,60.00,57.22,59.76,4328200,57.01
2010-01-07,56.40,57.65,55.95,57.55,2492500,54.90
2010-01-06,56.69,57.56,56.07,56.74,2882100,54.13
2010-01-05,55.81,56.99,55.35,56.97,2631800,54.35
2010-01-04,52.53,56.00,52.53,55.96,4453000,53.38
2009-12-31,52.61,52.72,51.51,51.57,1490900,49.19
2009-12-30,52.23,52.89,51.80,52.53,2180800,50.11
2009-12-29,53.74,54.32,52.22,52.33,2673100,49.92
2009-12-28,54.48,54.60,53.39,53.67,1895200,51.20
2009-12-24,54.97,54.97,54.02,54.25,1022100,51.75
2009-12-23,54.25,54.84,53.25,54.56,1650000,52.05
2009-12-22,53.59,54.35,53.05,54.19,2344500,51.69
2009-12-21,52.43,53.66,51.89,53.50,3137400,51.04
2009-12-18,52.61,52.86,50.90,51.82,4485600,49.43
2009-12-17,53.04,53.82,52.36,52.49,2635200,50.07
2009-12-16,55.91,57.00,53.56,54.18,6258900,51.68
2009-12-15,54.30,56.32,54.22,55.37,3979700,52.82
2009-12-14,53.19,54.21,52.54,54.15,2076700,51.66
2009-12-11,52.43,52.65,51.71,52.32,1203700,49.91
2009-12-10,52.38,53.10,51.79,52.14,1838500,49.74
2009-12-09,51.00,52.25,50.08,52.12,2176600,49.72
2009-12-08,51.85,51.92,50.69,50.88,3101200,48.54
2009-12-07,52.68,53.63,52.40,52.81,2102900,50.38
2009-12-04,54.83,55.00,52.00,53.00,2644900,50.56
2009-12-03,54.27,54.98,53.36,53.42,1982100,50.96
2009-12-02,54.95,55.50,53.08,53.80,3036400,51.32
2009-12-01,54.60,55.60,54.11,55.18,3245200,52.47
2009-11-30,53.39,53.81,52.57,53.54,3011300,50.91
2009-11-27,52.65,54.65,52.25,53.52,1591000,50.89
2009-11-25,54.15,55.60,53.24,55.44,2360600,52.72
2009-11-24,53.71,53.78,52.42,53.42,2864100,50.80
2009-11-23,55.50,56.20,53.22,53.61,3030400,50.98
2009-11-20,54.16,54.57,53.02,54.03,2163800,51.38
2009-11-19,55.33,55.55,53.60,54.86,3076200,52.17
2009-11-18,56.91,56.98,55.62,56.00,2808200,53.25
2009-11-17,57.34,57.64,55.86,56.85,4096700,54.06
2009-11-16,57.64,59.27,57.30,58.84,3474500,55.95
2009-11-13,55.19,56.90,55.00,56.78,2490200,53.99
2009-11-12,56.92,56.94,54.61,54.79,3047100,52.10
2009-11-11,57.30,57.98,56.39,57.16,2929500,54.35
2009-11-10,56.51,57.70,55.32,56.16,3407700,53.40
2009-11-09,55.02,57.30,55.00,56.97,3792800,54.17
2009-11-06,54.08,55.67,53.52,54.10,3148200,51.44
2009-11-05,52.65,55.18,52.32,55.17,3571000,52.46
2009-11-04,54.16,54.55,51.58,51.81,4586500,49.27
2009-11-03,51.20,53.63,50.51,53.41,3613900,50.79
2009-11-02,51.06,52.81,49.98,51.74,4080200,49.20
2009-10-30,53.05,53.42,49.93,50.41,4359900,47.94
2009-10-29,51.68,53.83,51.55,53.43,3160400,50.81
2009-10-28,53.46,54.11,50.81,50.93,3965500,48.43
2009-10-27,55.10,55.92,53.25,53.52,3874600,50.89
2009-10-26,56.55,57.89,54.69,55.11,3731900,52.40
2009-10-23,57.48,59.30,56.41,56.55,5894700,53.77
2009-10-22,54.95,55.69,53.31,55.40,3811300,52.68
2009-10-21,54.43,56.94,53.70,55.25,3611300,52.54
2009-10-20,56.67,56.89,53.12,54.71,4389200,52.02
2009-10-19,52.81,55.30,52.56,55.02,4484000,52.32
2009-10-16,51.83,52.47,50.73,52.04,2096200,49.49
2009-10-15,51.74,52.53,50.97,52.24,3066400,49.68
2009-10-14,50.57,52.42,49.84,52.22,4187000,49.66
2009-10-13,49.66,49.75,48.81,49.52,4426600,47.09
2009-10-12,51.69,52.19,50.44,50.56,2604700,48.08
2009-10-09,50.33,51.30,49.74,51.30,2177700,48.78
2009-10-08,49.66,51.29,48.81,50.68,4669600,48.19
2009-10-07,48.16,48.98,47.76,48.86,2129300,46.46
2009-10-06,48.70,49.50,47.10,48.43,3722900,46.05
2009-10-05,45.76,47.64,45.70,47.48,3392800,45.15
2009-10-02,44.96,46.15,43.80,45.16,3668500,42.94
2009-10-01,48.39,48.47,46.19,46.25,3692200,43.98
2009-09-30,49.85,50.58,47.83,48.94,3658800,46.54
2009-09-29,48.63,49.49,47.95,49.19,3700700,46.78
2009-09-28,46.60,48.44,46.10,48.41,3625200,46.03
2009-09-25,45.87,46.82,45.44,46.30,2459900,44.03
2009-09-24,48.21,48.25,45.53,46.33,3679400,44.06
2009-09-23,49.58,49.87,47.90,47.93,3641000,45.58
2009-09-22,48.23,49.87,48.13,49.54,3306600,47.11
2009-09-21,46.32,48.09,46.25,47.55,3593100,45.22
2009-09-18,48.67,48.68,46.55,47.45,3175200,45.12
2009-09-17,47.04,48.60,46.75,48.18,4797000,45.81
2009-09-16,46.05,47.87,46.05,46.99,5215100,44.68
2009-09-15,43.67,45.54,43.41,45.15,4743500,42.93
2009-09-14,40.78,43.32,40.59,43.29,4152700,41.16
2009-09-11,41.26,42.20,40.82,41.78,3841800,39.73
2009-09-10,39.98,41.03,39.35,40.97,3122700,38.96
2009-09-09,39.10,40.22,38.86,39.89,3818900,37.93
2009-09-08,38.69,39.34,38.31,39.27,4117100,37.34
2009-09-04,37.10,38.04,36.60,37.60,2690200,35.75
2009-09-03,36.10,36.90,35.32,36.86,4227500,35.05
2009-09-02,37.66,38.24,35.38,35.44,8686200,33.70
2009-09-01,38.27,40.11,37.30,37.31,4163500,35.31
2009-08-31,38.73,38.94,37.95,38.85,4139600,36.77
2009-08-28,39.95,40.19,38.65,39.34,1786600,37.23
2009-08-27,39.17,39.89,38.27,39.52,2083200,37.40
2009-08-26,40.22,40.25,39.00,39.44,1927800,37.33
2009-08-25,40.72,41.49,40.21,40.46,2823300,38.29
2009-08-24,40.25,41.15,39.88,40.14,2930900,37.99
2009-08-21,39.57,40.00,38.88,39.95,2866900,37.81
2009-08-20,39.23,39.35,38.18,38.81,3652900,36.73
2009-08-19,38.27,40.26,38.07,39.92,3194100,37.78
2009-08-18,38.35,39.47,38.22,39.35,2444900,37.24
2009-08-17,38.24,39.02,37.70,37.87,3420500,35.84
2009-08-14,42.05,42.20,39.80,40.47,4132700,38.30
2009-08-13,42.85,43.39,41.81,42.59,2767900,40.31
2009-08-12,41.24,42.76,40.27,42.09,3011200,39.84
2009-08-11,41.66,41.80,40.21,40.36,2937200,38.20
2009-08-10,42.00,42.87,42.00,42.51,2665000,40.23
2009-08-07,42.26,43.29,41.30,42.88,3158000,40.58
2009-08-06,40.99,41.50,39.60,41.00,3788200,38.80
2009-08-05,40.74,41.26,40.05,40.78,3593600,38.60
2009-08-04,38.17,40.78,38.09,40.25,4988100,38.09
2009-08-03,38.90,39.20,38.09,38.66,2372500,36.59
2009-07-31,36.51,37.70,36.23,37.18,2260200,35.19
2009-07-30,36.85,37.40,36.33,36.58,3124000,34.62
2009-07-29,36.61,36.69,35.46,35.73,2947300,33.82
2009-07-28,38.31,38.35,37.00,37.57,2624900,35.56
2009-07-27,38.40,39.28,38.10,39.04,2226800,36.95
2009-07-24,38.65,39.38,37.53,38.54,3036600,36.48
2009-07-23,37.25,40.00,37.02,40.00,4085200,37.86
2009-07-22,36.69,37.81,36.30,37.47,3951300,35.46
2009-07-21,38.89,38.99,36.03,36.81,4018200,34.84
2009-07-20,36.60,37.69,36.06,36.91,2526200,34.93
2009-07-17,35.60,36.61,35.24,35.92,2924700,34.00
2009-07-16,35.29,35.75,34.50,35.66,3703600,33.75
2009-07-15,33.71,34.98,33.38,34.44,2568400,32.60
2009-07-14,32.76,33.26,31.89,32.59,2141200,30.84
2009-07-13,31.41,32.62,30.41,32.61,2801200,30.86
2009-07-10,31.09,31.74,30.62,31.14,1992200,29.47
2009-07-09,32.40,32.72,31.45,31.56,2462900,29.87
2009-07-08,31.77,32.49,30.19,31.27,4288200,29.60
2009-07-07,33.89,33.93,32.11,32.19,2757500,30.47
2009-07-06,33.38,33.65,32.30,33.59,3434100,31.79
2009-07-02,35.16,35.32,34.25,34.33,3001700,32.49
2009-07-01,36.30,37.69,36.18,36.25,3020700,34.31
2009-06-30,36.77,37.21,35.25,35.72,3488800,33.81
2009-06-29,36.99,37.75,36.57,36.80,2848100,34.83
2009-06-26,36.85,37.03,35.89,36.55,2735700,34.59
2009-06-25,35.57,37.07,35.10,36.72,3737300,34.75
2009-06-24,35.50,37.96,35.50,36.28,7768600,34.34
2009-06-23,32.93,35.52,32.90,35.19,5246800,33.31
2009-06-22,35.94,35.94,32.90,32.94,4772200,31.18
2009-06-19,36.70,37.19,36.35,36.60,3210500,34.64
2009-06-18,36.12,36.64,34.82,36.11,3727200,34.18
2009-06-17,36.07,36.72,33.83,36.03,6606600,34.10
2009-06-16,38.26,39.28,35.88,36.36,6103600,34.41
2009-06-15,39.05,39.07,37.59,38.05,5227100,36.01
2009-06-12,40.50,40.62,39.78,40.38,3749900,38.22
2009-06-11,41.34,41.85,40.51,41.36,3539700,39.15
2009-06-10,42.00,42.25,40.31,41.27,5308100,39.06
2009-06-09,40.57,41.99,40.51,41.00,5512900,38.80
2009-06-08,39.98,39.98,38.04,39.81,5899500,37.68
2009-06-05,38.98,40.92,38.97,40.63,8304400,38.45
2009-06-04,36.70,38.59,36.64,38.36,6350300,36.31
2009-06-03,35.19,36.75,34.47,36.11,10812300,34.18
2009-06-02,36.74,37.83,35.31,35.60,5818300,33.53
2009-06-01,36.14,37.30,35.51,36.72,4696000,34.58
2009-05-29,33.95,35.05,33.62,34.47,4242800,32.46
2009-05-28,32.93,33.53,31.94,33.09,3164400,31.16
2009-05-27,32.31,34.25,31.76,32.68,5615800,30.78
2009-05-26,29.51,32.50,29.04,32.30,4709700,30.42
2009-05-22,29.71,30.20,28.95,29.23,1746000,27.53
2009-05-21,30.70,30.78,28.86,29.21,3400700,27.51
2009-05-20,31.40,33.13,31.11,31.34,3700500,29.52
2009-05-19,31.49,31.58,30.39,31.18,2765800,29.37
2009-05-18,28.30,30.79,28.30,30.79,2999600,29.00
2009-05-15,28.19,28.98,27.92,28.19,2301900,26.55
2009-05-14,26.90,28.80,26.75,28.18,2638000,26.54
2009-05-13,28.00,28.32,27.50,27.51,3125700,25.91
2009-05-12,30.16,30.19,28.00,29.08,2515300,27.39
2009-05-11,29.40,29.98,28.75,29.34,2801000,27.63
2009-05-08,29.44,30.65,28.41,30.56,4414700,28.78
2009-05-07,31.93,32.59,28.10,28.45,6427900,26.79
2009-05-06,30.49,32.13,30.11,31.49,4887900,29.66
2009-05-05,29.78,30.43,28.89,29.85,4324900,28.11
2009-05-04,28.50,30.36,28.50,30.07,6641900,28.32
2009-05-01,25.60,27.75,25.40,27.21,3862100,25.63
2009-04-30,25.10,26.46,24.95,25.50,5421900,24.02
2009-04-29,23.53,24.77,23.28,24.40,3535200,22.98
2009-04-28,23.52,23.72,22.85,23.12,2271000,21.77
2009-04-27,23.37,24.34,23.06,23.88,3467500,22.49
2009-04-24,23.98,24.91,23.51,23.75,4849600,22.37
2009-04-23,23.62,23.76,22.62,23.32,2466700,21.96
2009-04-22,22.82,24.55,22.67,23.61,4131500,22.24
2009-04-21,22.20,23.57,21.38,23.20,4010500,21.85
2009-04-20,23.36,23.65,22.32,22.68,2983100,21.36
2009-04-17,24.96,25.00,24.05,24.41,2629500,22.99
2009-04-16,24.65,25.27,23.93,25.04,3275900,23.58
2009-04-15,23.98,25.08,23.66,24.56,2831500,23.13
2009-04-14,24.58,25.85,24.02,24.27,2639400,22.86
2009-04-13,24.80,25.50,23.95,25.20,2664300,23.73
2009-04-09,23.19,25.38,23.16,25.07,4467500,23.61
2009-04-08,22.35,22.83,21.88,22.43,2785700,21.12
2009-04-07,23.46,23.46,22.10,22.32,2928700,21.02
2009-04-06,24.48,24.48,23.14,24.01,4104700,22.61
2009-04-03,22.96,24.28,22.58,24.01,3581400,22.61
2009-04-02,22.65,23.34,22.28,22.86,5218100,21.53
2009-04-01,20.73,21.85,20.29,21.57,4227400,20.31
2009-03-31,21.55,21.91,21.15,21.30,2474600,20.06
2009-03-30,22.17,22.17,20.60,21.16,4280200,19.93
2009-03-27,23.72,24.30,23.26,23.45,3755500,22.09
2009-03-26,23.28,24.36,23.28,24.26,5252100,22.85
2009-03-25,24.06,24.39,21.92,23.14,4731200,21.79
2009-03-24,23.82,24.68,23.18,24.01,4761800,22.61
2009-03-23,23.47,24.33,23.07,24.30,4105700,22.89
2009-03-20,23.38,24.00,21.71,22.20,4344800,20.91
2009-03-19,24.33,24.48,23.20,23.86,4984800,22.47
2009-03-18,21.07,23.42,21.07,23.30,6908700,21.94
2009-03-17,20.76,21.72,19.88,21.71,4433200,20.45
2009-03-16,20.88,21.75,20.53,20.78,4004900,19.57
2009-03-13,21.11,21.29,19.48,20.46,4278200,19.27
2009-03-12,19.74,20.74,19.30,20.66,4017400,19.46
2009-03-11,20.25,20.84,19.16,19.75,4388800,18.60
2009-03-10,18.76,20.00,18.56,19.64,5167800,18.50
2009-03-09,17.20,18.80,17.10,18.05,5879100,17.00
2009-03-06,16.91,17.88,16.91,17.58,9297400,16.56
2009-03-05,17.72,17.75,16.11,16.69,7025900,15.72
2009-03-04,17.17,18.52,16.85,17.55,13346900,16.53
2009-03-03,16.03,16.45,15.38,15.85,4892100,14.93
2009-03-02,17.03,17.17,15.53,15.75,6023000,14.67
2009-02-27,16.79,18.15,16.56,17.46,4190300,16.26
2009-02-26,17.78,18.26,17.22,17.24,3556100,16.06
2009-02-25,18.41,18.67,16.90,17.56,4177100,16.35
2009-02-24,17.01,18.55,16.50,18.41,5381000,17.15
2009-02-23,19.30,19.49,16.65,16.73,5308600,15.58
2009-02-20,19.08,19.33,17.70,18.96,5487500,17.66
2009-02-19,19.37,19.61,18.64,18.78,3012900,17.49
2009-02-18,19.36,19.88,18.39,19.02,4114600,17.71
2009-02-17,20.04,20.19,19.03,19.16,4019500,17.84
2009-02-13,21.10,21.96,20.93,21.03,2631000,19.59
2009-02-12,21.42,21.59,20.02,21.29,3908100,19.83
2009-02-11,22.39,23.55,21.35,22.02,3168400,20.51
2009-02-10,23.82,24.72,22.02,22.21,4606800,20.68
2009-02-09,23.89,24.96,23.50,24.13,3089100,22.47
2009-02-06,22.33,24.44,22.24,23.88,4484400,22.24
2009-02-05,20.62,22.25,20.39,22.16,4337900,20.64
2009-02-04,20.95,22.45,20.01,20.98,3561100,19.54
2009-02-03,20.53,20.94,20.21,20.86,2396800,19.43
2009-02-02,20.40,20.90,19.55,20.38,3227100,18.98
2009-01-30,21.67,22.21,20.41,20.83,3470000,19.40
2009-01-29,22.70,22.89,21.48,21.84,3351900,20.34
2009-01-28,22.00,24.04,21.90,23.09,5079200,21.50
2009-01-27,20.69,22.15,20.50,21.29,4038300,19.83
2009-01-26,20.64,21.30,19.85,20.29,4279000,18.90
2009-01-23,20.10,21.95,19.75,21.29,3567300,19.83
2009-01-22,22.01,22.35,20.58,20.97,4502700,19.53
2009-01-21,21.24,23.10,21.14,23.04,2529000,21.46
2009-01-20,22.85,23.30,21.04,21.33,3150200,19.87
2009-01-16,23.56,24.09,21.91,23.17,2307100,21.58
2009-01-15,23.07,23.53,21.62,22.99,2852100,21.41
2009-01-14,22.80,23.22,22.23,22.68,3022700,21.12
2009-01-13,22.55,23.82,22.50,23.63,2033900,22.01
2009-01-12,24.95,25.00,22.31,22.67,3007500,21.11
2009-01-09,25.74,25.90,24.25,24.96,2087500,23.25
2009-01-08,25.34,25.60,24.38,25.52,2463400,23.77
2009-01-07,26.27,27.21,25.18,25.32,3765200,23.58
2009-01-06,26.30,28.06,26.14,27.21,4266500,25.34
2009-01-05,25.33,26.38,24.31,25.65,3660100,23.89
2009-01-02,22.95,25.23,22.68,25.05,2774900,23.33
2008-12-31,21.45,23.38,21.45,22.89,2507100,21.32
2008-12-30,21.83,22.10,21.47,21.99,2398000,20.48
2008-12-29,22.00,22.07,21.25,21.72,2284400,20.23
2008-12-26,21.66,22.03,21.28,21.95,1041000,20.44
2008-12-24,21.59,21.78,21.28,21.66,499400,20.17
2008-12-23,21.47,22.80,21.43,21.71,2504400,20.22
2008-12-22,23.90,24.09,21.35,22.00,2532200,20.49
2008-12-19,23.52,24.14,23.11,23.76,3997000,22.13
2008-12-18,25.25,25.85,22.67,23.11,5992800,21.52
2008-12-17,24.05,26.50,23.23,25.51,8605400,23.76
2008-12-16,22.73,23.49,21.64,22.66,3773100,21.10
2008-12-15,22.54,23.73,21.71,22.06,3312400,20.55
2008-12-12,20.65,22.67,20.65,22.12,2897300,20.60
2008-12-11,21.70,24.14,21.30,22.01,4420900,20.50
2008-12-10,22.26,22.69,20.90,22.00,4151500,20.49
2008-12-09,20.61,23.14,20.31,21.23,3475600,19.77
2008-12-08,19.89,22.06,19.70,21.69,5086900,20.20
2008-12-05,16.96,19.00,16.78,18.70,5538400,17.42
2008-12-04,19.50,19.72,16.95,17.46,5052300,16.26
2008-12-03,19.62,21.38,19.05,20.23,4384900,18.84
2008-12-02,20.24,21.30,20.01,21.03,2817600,19.42
2008-12-01,22.43,22.50,19.86,19.92,3536600,18.40
2008-11-28,23.10,23.63,22.10,23.29,1183600,21.51
2008-11-26,19.94,23.65,19.14,23.33,3252000,21.55
2008-11-25,19.90,20.93,19.00,20.66,3816400,19.08
2008-11-24,18.02,19.66,18.01,19.32,3586400,17.84
2008-11-21,15.79,17.57,15.79,17.55,6006400,16.21
2008-11-20,18.01,18.06,14.30,15.21,6714300,14.05
2008-11-19,21.38,21.38,18.34,18.45,4503800,17.04
2008-11-18,22.64,22.89,20.24,21.31,5626100,19.68
2008-11-17,24.44,24.70,22.65,22.69,3503200,20.96
2008-11-14,26.14,27.42,24.66,25.18,2316600,23.26
2008-11-13,23.18,26.63,22.55,26.54,4151400,24.51
2008-11-12,25.00,25.18,23.01,23.55,2530400,21.75
2008-11-11,26.27,27.24,25.60,25.92,2688700,23.94
2008-11-10,27.80,28.76,26.05,26.90,2932400,24.84
2008-11-07,25.60,26.74,25.22,26.07,2032700,24.08
2008-11-06,27.50,27.54,24.81,25.22,3460100,23.29
2008-11-05,31.15,31.30,28.29,28.39,3955700,26.22
2008-11-04,27.34,33.16,27.34,32.26,3231400,29.79
2008-11-03,28.85,29.80,27.47,28.14,2043500,25.99
2008-10-31,28.13,29.81,27.18,28.98,3040900,26.77
2008-10-30,27.14,28.57,26.48,28.43,3440900,26.26
2008-10-29,23.93,27.88,22.80,25.80,5028300,23.83
2008-10-28,21.85,24.44,19.89,24.17,3737100,22.32
2008-10-27,21.46,22.56,20.01,20.90,3922200,19.30
2008-10-24,19.78,21.94,19.06,21.24,3164900,19.62
2008-10-23,22.70,22.90,20.72,22.21,5789400,20.51
2008-10-22,25.60,25.79,21.01,21.78,6346400,20.12
2008-10-21,27.94,29.14,26.66,26.73,3224900,24.69
2008-10-20,27.62,28.74,25.69,28.71,4789200,26.52
2008-10-17,24.01,29.06,23.11,26.62,6223300,24.59
2008-10-16,27.22,27.48,22.39,24.80,10375900,22.90
2008-10-15,30.61,30.73,25.99,25.99,3818700,24.00
2008-10-14,35.99,36.24,30.95,31.85,3561500,29.42
2008-10-13,30.95,34.32,30.11,34.21,2834700,31.60
2008-10-10,29.72,31.54,25.70,28.88,5336300,26.67
2008-10-09,33.03,34.82,30.51,30.97,3589000,28.60
2008-10-08,31.17,34.60,30.01,32.20,5676800,29.74
2008-10-07,38.25,39.69,33.40,33.71,3730500,31.13
2008-10-06,35.26,37.69,30.47,37.24,4449700,34.39
2008-10-03,39.96,41.45,37.08,37.22,3388700,34.38
2008-10-02,40.86,41.01,37.59,38.71,5090300,35.75
2008-10-01,44.70,44.70,41.17,41.25,2873000,38.10
2008-09-30,41.56,45.14,39.90,45.14,3156800,41.69
2008-09-29,46.07,46.37,35.82,39.93,6376100,36.88
2008-09-26,48.66,49.61,46.50,47.62,2584400,43.98
2008-09-25,50.67,51.33,49.42,50.41,2336100,46.56
2008-09-24,53.06,53.88,50.00,50.62,2441700,46.75
2008-09-23,53.52,54.47,50.51,52.67,2789900,48.65
2008-09-22,54.94,56.07,53.10,53.16,2796700,49.10
2008-09-19,54.65,56.04,51.25,54.78,4150300,50.59
2008-09-18,50.46,51.92,48.04,51.55,3220900,47.61
2008-09-17,51.00,51.75,47.90,48.50,3978000,44.79
2008-09-16,48.02,52.31,46.71,51.61,4089500,47.67
2008-09-15,49.25,51.90,48.05,49.79,3969300,45.99
2008-09-12,51.00,53.12,49.56,52.55,4424700,48.53
2008-09-11,45.64,50.29,45.49,50.15,7326100,46.32
2008-09-10,44.01,46.16,43.94,44.97,5551200,41.53
2008-09-09,45.70,46.26,42.10,43.68,7685100,40.34
2008-09-08,52.85,53.12,46.67,46.86,4993200,43.28
2008-09-05,50.33,52.13,49.36,51.44,5872800,47.51
2008-09-04,53.73,54.43,50.46,50.74,7059400,46.86
2008-09-03,61.00,62.25,51.76,53.05,12859200,49.00
2008-09-02,69.98,70.06,65.61,65.75,3607200,60.56
2008-08-29,72.26,72.93,70.38,71.04,865900,65.44
2008-08-28,70.78,73.33,70.23,72.34,1557300,66.63
2008-08-27,68.44,71.57,68.44,71.26,1425500,65.64
2008-08-26,68.88,68.97,67.77,68.54,1106400,63.13
2008-08-25,69.34,69.70,67.97,68.68,1246300,63.26
2008-08-22,70.85,70.85,68.94,69.50,1489200,64.02
2008-08-21,67.37,71.65,67.35,71.28,2764100,65.66
2008-08-20,68.52,68.52,66.27,66.95,1754800,61.67
2008-08-19,66.79,67.96,65.30,67.01,1585500,61.72
2008-08-18,66.69,67.95,65.14,65.81,1076000,60.62
2008-08-15,66.28,67.34,65.35,66.22,1066300,61.00
2008-08-14,67.85,67.85,65.87,66.97,1708500,61.69
2008-08-13,64.80,67.43,63.79,67.20,2229800,61.90
2008-08-12,65.59,66.46,64.86,65.40,1799000,60.24
2008-08-11,67.66,68.04,65.62,66.02,2304500,60.81
2008-08-08,66.78,67.75,64.52,67.05,1933700,61.76
2008-08-07,66.70,68.11,66.04,67.19,2329200,61.89
2008-08-06,64.05,67.20,63.43,66.77,2049200,61.50
2008-08-05,64.92,65.94,64.04,65.21,3299800,60.07
2008-08-04,71.59,71.68,64.36,64.68,3397600,59.58
2008-08-01,73.23,74.13,71.35,71.74,1916900,66.08
2008-07-31,75.67,76.26,72.22,72.22,2597800,66.52
2008-07-30,72.08,76.68,71.53,76.31,2916900,70.29
2008-07-29,71.67,72.85,70.95,72.01,2104000,66.33
2008-07-28,70.68,71.84,69.63,70.93,2992500,65.34
2008-07-25,67.12,71.14,67.11,71.05,3402900,65.45
2008-07-24,67.90,68.62,65.68,66.44,2701800,61.20
2008-07-23,68.61,69.08,65.83,68.14,3046100,62.77
2008-07-22,72.16,72.29,68.05,68.97,2990800,63.53
2008-07-21,71.10,72.74,70.18,72.21,3482300,66.51
2008-07-18,74.50,74.50,70.32,70.78,3002500,65.20
2008-07-17,75.52,76.74,72.00,73.37,3147500,67.58
2008-07-16,74.68,75.67,72.73,75.47,2282100,69.52
2008-07-15,77.81,77.97,73.35,74.55,3446400,68.67
2008-07-14,74.52,77.65,73.51,77.07,2742700,70.99
2008-07-11,71.99,74.42,70.50,74.00,2683800,68.16
2008-07-10,73.03,74.66,71.55,73.22,2030600,67.44
2008-07-09,72.01,75.45,71.94,72.75,2635300,67.01
2008-07-08,72.14,72.14,69.22,71.16,2544600,65.55
2008-07-07,71.39,73.33,69.93,72.43,3138200,66.72
2008-07-03,69.84,71.38,69.03,70.30,2247000,64.76
2008-07-02,78.23,78.65,71.11,71.35,3519900,65.72
2008-07-01,75.48,77.70,74.33,77.54,2379000,71.42
2008-06-30,76.84,77.36,75.80,75.83,1881300,69.85
2008-06-27,75.34,77.73,75.01,76.76,1843900,70.71
2008-06-26,78.01,79.16,75.10,76.00,2141900,70.01
2008-06-25,80.01,81.94,77.50,78.78,2524200,72.57
2008-06-24,81.67,82.77,80.03,80.17,1882300,73.85
2008-06-23,81.53,83.50,81.27,82.46,1751900,75.96
2008-06-20,82.17,83.32,80.35,81.09,2145600,74.69
2008-06-19,82.26,83.80,81.86,83.05,1812900,76.50
2008-06-18,84.00,84.92,81.72,82.49,2149900,75.98
2008-06-17,85.66,85.68,83.94,84.22,1788200,77.58
2008-06-16,85.34,85.34,84.19,84.90,2052200,78.20
2008-06-13,83.02,85.62,82.53,85.38,2165500,78.65
2008-06-12,84.28,84.28,81.50,82.08,2262700,75.61
2008-06-11,85.09,86.45,82.40,82.41,3077900,75.91
2008-06-10,87.05,87.93,84.60,85.42,1578000,78.68
2008-06-09,88.29,88.38,86.16,88.02,2781900,81.08
2008-06-06,88.27,90.00,87.54,87.54,3342800,80.64
2008-06-05,84.00,88.38,83.63,88.18,2886200,81.22
2008-06-04,83.13,85.04,82.29,83.00,1786700,76.45
2008-06-03,83.70,84.90,81.58,83.17,2148700,76.61
2008-06-02,83.87,84.95,81.75,82.59,2740200,75.94
2008-05-30,82.52,85.80,81.59,84.23,4643500,77.45
2008-05-29,82.17,82.75,77.88,80.44,5452100,73.96
2008-05-28,75.65,77.88,74.92,77.88,2014500,71.61
2008-05-27,76.40,76.90,74.91,75.69,2062900,69.59
2008-05-23,77.33,78.27,75.50,76.91,1433000,70.72
2008-05-22,77.82,79.46,77.31,77.47,1699800,71.23
2008-05-21,79.79,81.87,77.67,77.93,2017100,71.65
2008-05-20,78.78,80.25,77.61,80.16,1813400,73.70
2008-05-19,80.03,82.48,79.61,79.72,1801000,73.30
2008-05-16,80.46,82.25,80.46,81.93,2119800,75.33
2008-05-15,77.73,80.35,77.52,80.30,1921200,73.83
2008-05-14,79.00,79.19,76.93,77.00,1948300,70.80
2008-05-13,79.84,80.27,77.79,79.28,2045500,72.89
2008-05-12,79.30,80.35,77.20,79.96,1536700,73.52
2008-05-09,77.83,79.31,77.35,78.99,1525300,72.63
2008-05-08,76.44,77.65,75.87,77.50,1870600,71.26
2008-05-07,77.84,79.20,75.53,75.67,2547700,69.58
2008-05-06,75.00,79.25,74.76,79.08,3207400,72.71
2008-05-05,77.38,79.05,77.14,78.64,1663000,72.31
2008-05-02,75.08,77.61,74.96,76.97,1955600,70.77
2008-05-01,73.54,74.69,71.53,74.04,1923100,68.08
2008-04-30,74.13,75.31,73.27,74.25,1712000,68.27
2008-04-29,76.49,76.73,73.10,73.82,1787600,67.87
2008-04-28,76.07,77.67,75.67,76.90,1683100,70.71
2008-04-25,74.00,75.85,72.64,75.69,1988400,69.59
2008-04-24,75.20,75.65,72.04,73.40,2079100,67.49
2008-04-23,74.11,75.51,73.46,75.11,1339600,69.06
2008-04-22,75.50,76.00,72.50,73.69,1755600,67.75
2008-04-21,76.13,76.50,74.64,75.90,1648700,69.79
2008-04-18,74.70,77.19,74.31,76.71,3424700,70.53
2008-04-17,73.49,74.17,71.65,73.00,1968800,67.12
2008-04-16,71.40,73.82,70.89,73.65,2405600,67.72
2008-04-15,70.57,71.77,69.26,70.78,1878200,65.08
2008-04-14,68.41,69.79,68.19,69.10,1112600,63.53
2008-04-11,70.70,70.70,68.35,68.66,1375000,63.13
2008-04-10,69.50,71.97,68.78,71.00,1736000,65.28
2008-04-09,70.00,71.22,68.81,69.58,1510100,63.98
2008-04-08,69.67,70.55,68.95,70.25,1747600,64.59
2008-04-07,69.61,71.28,68.71,69.14,2052400,63.57
2008-04-04,69.23,70.12,68.67,69.12,1971700,63.55
2008-04-03,67.01,69.49,66.16,68.74,2226400,63.20
2008-04-02,65.62,67.46,64.72,66.53,1737700,61.17
2008-04-01,65.75,66.29,62.76,65.63,2629900,60.34
2008-03-31,65.61,66.70,64.07,65.16,1460700,59.91
2008-03-28,67.26,67.26,64.96,65.29,1202900,60.03
2008-03-27,66.64,67.02,65.20,65.65,1533600,60.36
2008-03-26,66.11,67.08,65.15,66.21,1851700,60.88
2008-03-25,65.44,67.28,63.92,66.46,1766300,61.11
2008-03-24,62.07,65.96,62.05,64.78,1933100,59.56
2008-03-20,64.17,64.37,60.50,62.04,4140100,57.04
2008-03-19,69.40,70.69,64.37,64.37,2947900,59.19
2008-03-18,67.70,69.64,66.98,69.40,1926600,63.81
2008-03-17,67.04,68.57,65.00,66.52,2856800,61.16
2008-03-14,71.41,72.00,67.57,68.80,2514100,63.26
2008-03-13,68.40,71.15,67.65,70.55,3044900,64.87
2008-03-12,69.55,71.00,68.54,69.47,3256100,63.87
2008-03-11,66.96,69.40,66.34,69.35,3786000,63.76
2008-03-10,67.00,67.28,63.66,63.83,2489100,58.69
2008-03-07,68.26,68.65,65.75,66.50,3498900,61.14
2008-03-06,66.00,70.86,65.95,69.11,5311600,63.54
2008-03-05,64.87,66.11,63.50,65.80,3362000,60.50
2008-03-04,65.40,66.13,63.55,65.09,2519600,59.85
2008-03-03,66.25,67.75,65.37,66.47,1748900,61.12
2008-02-29,68.36,68.67,65.67,66.37,2338900,60.89
2008-02-28,67.58,69.72,67.57,69.15,1654000,63.44
2008-02-27,68.48,68.91,66.82,68.13,1905800,62.50
2008-02-26,68.49,70.56,68.21,68.99,2222800,63.29
2008-02-25,68.02,69.49,67.52,69.09,1577600,63.38
2008-02-22,68.05,69.08,66.04,68.01,1457600,62.39
2008-02-21,68.35,69.50,67.56,67.72,2494400,62.12
2008-02-20,65.40,68.77,65.02,68.17,2670200,62.54
2008-02-19,64.99,67.08,64.87,65.88,2472600,60.44
2008-02-15,64.04,65.55,62.50,63.68,2403200,58.42
2008-02-14,66.00,66.93,64.30,64.46,1992800,59.13
2008-02-13,66.91,67.00,65.45,66.55,2195900,61.05
2008-02-12,66.93,68.19,65.28,65.84,2329800,60.40
2008-02-11,64.23,65.88,63.96,65.37,2036500,59.97
2008-02-08,64.59,66.00,63.46,64.06,2230700,58.77
2008-02-07,61.82,65.31,60.70,64.58,2507000,59.24
2008-02-06,62.52,64.15,61.67,62.21,1640400,57.07
2008-02-05,64.10,64.48,61.51,61.52,2274200,56.44
2008-02-04,65.96,66.73,64.63,65.00,2479100,59.63
2008-02-01,63.63,65.10,63.00,64.50,2434900,59.17
2008-01-31,59.18,63.62,58.21,63.05,2694700,57.84
2008-01-30,60.00,62.33,59.00,60.30,1940700,55.32
2008-01-29,59.58,61.33,59.14,60.37,2240000,55.38
2008-01-28,57.22,59.98,56.42,59.50,2584400,54.58
2008-01-25,57.18,59.41,56.20,56.99,2667600,52.28
2008-01-24,52.71,56.54,52.01,54.79,2525000,50.26
2008-01-23,52.00,53.55,47.97,52.63,3428100,48.28
2008-01-22,51.34,55.31,50.00,54.60,3132800,50.09
2008-01-18,53.39,56.25,52.63,55.05,2857100,50.50
2008-01-17,58.22,59.57,53.12,53.58,3220200,49.15
2008-01-16,60.56,61.91,57.07,58.20,2633700,53.39
2008-01-15,61.51,63.92,60.94,61.01,2463500,55.97
2008-01-14,60.68,62.36,59.80,62.21,1717700,57.07
2008-01-11,61.40,62.42,59.11,60.01,1569600,55.05
2008-01-10,59.38,62.79,57.97,61.90,2261300,56.79
2008-01-09,61.01,62.00,57.74,60.19,2819400,55.22
2008-01-08,60.93,63.50,60.50,61.31,2039100,56.24
2008-01-07,62.10,62.70,59.01,60.10,2097700,55.13
2008-01-04,63.73,64.01,60.50,61.57,1934500,56.48
2008-01-03,64.48,65.55,64.12,64.76,1372700,59.41
2008-01-02,65.48,65.93,63.47,64.49,1759900,59.16
