Date,Open,High,Low,Close,Volume,Adj Close
2013-12-31,19.94,20.01,19.71,19.75,2668500,19.55
2013-12-30,19.92,20.06,19.92,19.93,1605500,19.73
2013-12-27,20.24,20.28,20.03,20.13,1411700,19.70
2013-12-26,20.66,20.74,20.11,20.26,1642000,19.83
2013-12-24,20.16,20.26,20.04,20.11,958700,19.68
2013-12-23,20.33,20.37,20.06,20.12,2452700,19.69
2013-12-20,20.17,20.32,20.05,20.21,4768700,19.78
2013-12-19,20.44,20.44,20.09,20.22,2925200,19.79
2013-12-18,20.17,20.50,19.73,20.47,4232300,20.03
2013-12-17,19.92,20.27,19.83,20.10,4762100,19.67
2013-12-16,19.97,20.12,19.81,19.91,3230100,19.49
2013-12-13,20.29,20.53,20.02,20.02,3202100,19.59
2013-12-12,20.19,20.40,20.06,20.20,3658300,19.77
2013-12-11,20.83,20.92,20.18,20.19,4346400,19.76
2013-12-10,21.09,21.21,20.85,20.86,2456900,20.41
2013-12-09,20.98,21.15,20.85,21.11,2127000,20.66
2013-12-06,20.88,21.03,20.77,20.98,3185700,20.53
2013-12-05,20.61,20.83,20.47,20.73,2348500,20.29
2013-12-04,20.49,20.80,20.40,20.70,2557900,20.26
2013-12-03,20.53,20.79,20.50,20.66,2773700,20.22
2013-12-02,20.58,20.75,20.27,20.66,5420600,20.22
2013-11-29,20.90,20.92,20.61,20.62,1386500,20.18
2013-11-27,21.00,21.06,20.86,20.88,2221700,20.43
2013-11-26,20.90,21.02,20.79,20.87,4387600,20.42
2013-11-25,20.98,21.00,20.79,20.84,2261500,20.40
2013-11-22,20.99,20.99,20.76,20.91,3186000,20.46
2013-11-21,20.90,21.02,20.82,20.96,3176200,20.51
2013-11-20,21.10,21.36,20.79,20.88,2363700,20.43
2013-11-19,21.12,21.21,20.91,21.11,2482500,20.66
2013-11-18,21.24,21.37,21.11,21.17,2654800,20.72
2013-11-15,21.04,21.18,20.97,21.18,5489300,20.73
2013-11-14,21.01,21.29,21.01,21.12,2652500,20.67
2013-11-13,20.80,20.93,20.71,20.92,2495100,20.47
2013-11-12,21.14,21.14,20.71,20.85,2807000,20.40
2013-11-11,20.97,21.14,20.93,21.04,2061900,20.59
2013-11-08,20.99,21.05,20.63,21.00,3428500,20.55
2013-11-07,21.46,21.46,21.05,21.12,3025500,20.67
2013-11-06,21.41,21.74,21.33,21.38,3474700,20.92
2013-11-05,21.52,21.59,21.29,21.36,5522900,20.90
2013-11-04,21.67,21.83,21.59,21.66,5195200,21.20
2013-11-01,21.53,21.70,21.32,21.56,4011700,21.10
2013-10-31,21.60,21.77,21.37,21.48,5679800,21.02
2013-10-30,21.50,21.75,21.26,21.65,8955400,21.19
2013-10-29,21.55,21.55,21.25,21.47,7680100,21.01
2013-10-28,21.59,21.63,21.34,21.60,4445200,21.14
2013-10-25,21.33,21.68,21.23,21.61,6388900,21.15
2013-10-24,21.06,21.27,21.03,21.22,4720100,20.77
2013-10-23,20.97,21.08,20.88,21.03,4003600,20.58
2013-10-22,20.81,21.10,20.75,21.03,2573700,20.58
2013-10-21,20.88,20.90,20.65,20.74,3177200,20.30
2013-10-18,21.03,21.06,20.75,20.86,3993400,20.41
2013-10-17,20.74,21.03,20.59,20.93,2838500,20.48
2013-10-16,20.40,20.79,20.36,20.78,2310200,20.34
2013-10-15,20.53,20.59,20.22,20.29,3372300,19.86
2013-10-14,20.24,20.54,20.23,20.52,4619400,20.08
2013-10-11,20.16,20.41,19.98,20.39,4310300,19.95
2013-10-10,19.76,20.19,19.65,20.19,3955600,19.76
2013-10-09,19.35,19.68,19.27,19.58,5441600,19.16
2013-10-08,19.60,19.67,19.22,19.25,4762800,18.84
2013-10-07,19.42,19.68,19.34,19.60,3695000,19.18
2013-10-04,19.71,19.78,19.52,19.58,2902900,19.16
2013-10-03,20.14,20.19,19.62,19.69,3434200,19.27
2013-10-02,20.50,20.79,20.07,20.18,3329100,19.75
2013-10-01,19.96,20.38,19.90,20.17,4220500,19.74
2013-09-30,20.26,20.42,20.12,20.18,4749200,19.54
2013-09-27,20.36,20.46,20.22,20.37,2190600,19.73
2013-09-26,20.21,20.45,20.19,20.42,2593000,19.78
2013-09-25,20.31,20.45,20.10,20.19,3840100,19.55
2013-09-24,20.51,20.56,20.22,20.26,3819300,19.62
2013-09-23,20.58,20.73,20.43,20.49,2977600,19.84
2013-09-20,21.16,21.16,20.62,20.63,4740700,19.98
2013-09-19,21.00,21.37,20.99,21.11,4444600,20.44
2013-09-18,20.69,20.95,20.32,20.94,8734600,20.28
2013-09-17,20.75,20.89,20.64,20.64,1840700,19.99
2013-09-16,20.73,20.83,20.60,20.71,2466400,20.06
2013-09-13,20.21,20.43,20.18,20.25,2526200,19.61
2013-09-12,20.49,20.68,20.22,20.23,3665500,19.59
2013-09-11,20.39,20.47,20.11,20.47,3626300,19.82
2013-09-10,20.45,20.57,20.19,20.33,2983400,19.69
2013-09-09,20.21,20.41,20.06,20.38,3672600,19.74
2013-09-06,20.02,20.21,19.98,20.10,3537100,19.47
2013-09-05,20.25,20.32,19.79,19.83,2925800,19.20
2013-09-04,19.86,20.36,19.80,20.29,2678600,19.65
2013-09-03,20.23,20.30,19.68,19.89,4865700,19.26
2013-08-30,20.26,20.32,19.99,20.03,3128500,19.40
2013-08-29,20.14,20.22,20.03,20.21,2229800,19.57
2013-08-28,20.30,20.33,20.09,20.16,2155400,19.52
2013-08-27,20.26,20.50,20.13,20.25,3151800,19.61
2013-08-26,20.59,20.62,20.41,20.48,3107200,19.83
2013-08-23,20.54,20.62,20.41,20.57,3747700,19.92
2013-08-22,20.46,20.56,20.25,20.51,2261700,19.86
2013-08-21,20.49,20.66,20.10,20.37,4216900,19.73
2013-08-20,20.16,20.75,19.89,20.57,4100700,19.92
2013-08-19,20.52,20.58,20.08,20.10,3721600,19.47
2013-08-16,21.24,21.33,20.50,20.50,5441800,19.85
2013-08-15,21.57,21.60,21.16,21.29,2360400,20.62
2013-08-14,21.64,21.81,21.62,21.73,1558200,21.04
2013-08-13,21.86,21.94,21.60,21.68,2337200,21.00
2013-08-12,22.07,22.12,21.86,21.88,2229800,21.19
2013-08-09,22.16,22.30,22.01,22.13,3420300,21.43
2013-08-08,22.04,22.12,21.74,22.08,2851500,21.38
2013-08-07,21.96,22.02,21.72,21.96,1933000,21.27
2013-08-06,22.18,22.32,21.89,21.98,3152900,21.29
2013-08-05,22.44,22.52,22.17,22.19,2119100,21.49
2013-08-02,22.74,22.95,22.47,22.50,2556600,21.79
2013-08-01,22.66,22.89,22.54,22.84,5245600,22.12
2013-07-31,22.60,22.91,22.16,22.55,6172500,21.84
2013-07-30,22.71,22.80,22.35,22.40,4560700,21.69
2013-07-29,22.63,22.78,22.54,22.62,1601400,21.91
2013-07-26,22.60,22.73,22.41,22.71,1130700,21.99
2013-07-25,22.49,22.70,22.48,22.69,1658100,21.97
2013-07-24,23.20,23.24,22.42,22.55,2185700,21.84
2013-07-23,23.11,23.23,23.00,23.15,1275400,22.42
2013-07-22,22.92,23.15,22.85,23.12,1849800,22.39
2013-07-19,22.98,23.07,22.90,22.97,2675100,22.25
2013-07-18,22.58,22.97,22.56,22.96,2131700,22.24
2013-07-17,22.63,22.68,22.44,22.56,1942600,21.85
2013-07-16,22.52,22.60,22.40,22.51,2393400,21.80
2013-07-15,22.35,22.60,22.29,22.50,1195400,21.79
2013-07-12,22.39,22.56,22.22,22.34,2175500,21.64
2013-07-11,22.26,22.54,22.26,22.47,2549700,21.76
2013-07-10,22.03,22.03,21.73,21.96,2557800,21.27
2013-07-09,21.79,22.10,21.76,22.03,2153500,21.34
2013-07-08,21.49,21.78,21.44,21.68,4086700,21.00
2013-07-05,21.57,21.57,21.03,21.38,2348300,20.71
2013-07-03,21.53,21.53,21.25,21.44,1858900,20.76
2013-07-02,21.08,21.57,21.06,21.57,4740600,20.89
2013-07-01,21.30,21.43,21.03,21.06,2849000,20.40
2013-06-28,21.60,21.69,21.29,21.43,3841000,20.55
2013-06-27,21.21,21.63,21.17,21.63,3631300,20.74
2013-06-26,21.12,21.30,21.00,21.05,4478400,20.19
2013-06-25,20.99,21.21,20.69,20.91,6507700,20.05
2013-06-24,20.58,21.21,20.25,20.76,4867300,19.91
2013-06-21,20.83,21.02,20.49,20.84,5281000,19.99
2013-06-20,21.41,21.41,20.47,20.59,5960500,19.75
2013-06-19,22.31,22.36,21.52,21.58,4437500,20.69
2013-06-18,22.10,22.32,21.91,22.27,5222300,21.36
2013-06-17,21.98,22.12,21.95,22.06,3827600,21.16
2013-06-14,22.02,22.14,21.94,22.01,4157900,21.11
2013-06-13,21.69,22.11,21.64,22.08,4926000,21.17
2013-06-12,21.94,21.96,21.61,21.69,4194900,20.80
2013-06-11,22.04,22.18,21.81,21.84,4576700,20.94
2013-06-10,22.18,22.35,22.00,22.19,7319800,21.28
2013-06-07,22.09,22.15,21.65,22.13,2660800,21.22
2013-06-06,21.27,22.00,21.21,21.99,4736300,21.09
2013-06-05,21.81,21.96,21.31,21.35,6179200,20.47
2013-06-04,22.13,22.17,21.82,21.83,3191100,20.93
2013-06-03,22.15,22.27,21.92,22.13,6749300,21.22
2013-05-31,22.10,22.37,22.02,22.15,6458100,21.24
2013-05-30,22.55,22.71,22.16,22.19,2780000,21.28
2013-05-29,22.66,22.70,22.18,22.55,3379200,21.62
2013-05-28,23.36,23.44,22.64,22.82,4127100,21.88
2013-05-24,23.23,23.32,23.00,23.15,2831400,22.20
2013-05-23,23.44,23.45,22.98,23.38,4051900,22.42
2013-05-22,24.17,24.48,23.52,23.67,3163700,22.70
2013-05-21,24.21,24.37,24.15,24.19,2243700,23.20
2013-05-20,24.21,24.27,24.02,24.12,3769200,23.13
2013-05-17,24.20,24.32,24.15,24.22,8496500,23.23
2013-05-16,24.65,24.67,24.06,24.15,7269400,23.16
2013-05-15,24.75,24.80,24.49,24.67,7265800,23.66
2013-05-14,24.90,24.97,24.74,24.77,3343800,23.75
2013-05-13,24.92,25.05,24.85,24.86,2884100,23.84
2013-05-10,24.88,25.08,24.75,24.97,2811500,23.95
2013-05-09,25.09,25.09,24.78,24.81,2447800,23.79
2013-05-08,24.88,25.06,24.77,25.00,1938800,23.97
2013-05-07,24.69,24.95,24.66,24.87,2414200,23.85
2013-05-06,24.32,24.69,24.22,24.69,2869100,23.68
2013-05-03,24.27,24.60,24.20,24.56,3494000,23.55
2013-05-02,23.67,24.34,23.43,24.16,2982700,23.17
2013-05-01,23.74,23.88,23.55,23.67,3163800,22.70
2013-04-30,23.46,23.78,23.35,23.78,2686700,22.80
2013-04-29,23.16,23.51,23.06,23.48,2169000,22.52
2013-04-26,23.16,23.23,23.04,23.10,1287900,22.15
2013-04-25,23.14,23.26,22.80,23.14,2281300,22.19
2013-04-24,23.00,23.12,22.89,22.99,1691800,22.05
2013-04-23,22.95,23.00,22.73,22.97,2396400,22.03
2013-04-22,22.96,23.00,22.73,22.80,1934400,21.86
2013-04-19,22.64,22.93,22.54,22.89,1992100,21.95
2013-04-18,22.58,22.68,22.38,22.55,2630900,21.62
2013-04-17,22.95,22.97,22.45,22.51,4393200,21.59
2013-04-16,22.87,23.12,22.75,23.03,3469900,22.09
2013-04-15,23.09,23.27,22.73,22.75,3417300,21.82
2013-04-12,23.30,23.41,23.19,23.24,2722800,22.29
2013-04-11,23.24,23.58,23.24,23.36,2747400,22.40
2013-04-10,23.23,23.26,23.13,23.23,3704100,22.28
2013-04-09,23.03,23.41,22.83,23.19,5022800,22.24
2013-04-08,22.59,23.02,22.56,23.00,1963400,22.06
2013-04-05,22.48,22.63,22.37,22.60,2873200,21.67
2013-04-04,22.50,22.76,22.45,22.75,2638200,21.82
2013-04-03,22.65,22.68,22.33,22.43,2427300,21.51
2013-04-02,22.48,22.55,22.37,22.54,2450500,21.62
2013-04-01,22.20,22.35,22.04,22.35,2203600,21.43
2013-03-28,22.29,22.42,22.17,22.40,3726700,21.28
2013-03-27,22.04,22.22,21.97,22.21,3302700,21.10
2013-03-26,22.32,22.33,22.10,22.17,2782600,21.06
2013-03-25,22.46,22.49,22.15,22.18,2833800,21.07
2013-03-22,22.16,22.43,22.00,22.31,2274800,21.19
2013-03-21,22.08,22.26,22.07,22.10,2524600,20.99
2013-03-20,22.07,22.21,21.95,22.21,2223400,21.10
2013-03-19,21.94,22.05,21.81,21.96,2487600,20.86
2013-03-18,21.95,22.03,21.84,21.93,2441200,20.83
2013-03-15,21.97,22.08,21.86,22.07,2277800,20.97
2013-03-14,21.93,22.16,21.92,22.06,1656400,20.96
2013-03-13,22.00,22.06,21.82,21.90,2657800,20.80
2013-03-12,21.97,21.99,21.84,21.95,2801100,20.85
2013-03-11,22.01,22.11,21.87,21.96,2738200,20.86
2013-03-08,22.20,22.24,21.98,22.07,1721900,20.97
2013-03-07,22.21,22.30,22.02,22.10,2225100,20.99
2013-03-06,22.22,22.27,21.98,22.24,2054300,21.13
2013-03-05,22.08,22.27,21.93,22.21,1908400,21.10
2013-03-04,21.78,22.05,21.74,21.95,3415200,20.85
2013-03-01,21.67,21.82,21.54,21.80,2255000,20.71
2013-02-28,21.78,21.94,21.71,21.77,4914400,20.68
2013-02-27,21.46,21.98,21.42,21.76,6993200,20.67
2013-02-26,21.28,21.48,21.18,21.42,2452400,20.35
2013-02-25,21.77,21.84,21.18,21.18,2524200,20.12
2013-02-22,21.43,21.75,21.43,21.71,2323700,20.62
2013-02-21,21.52,21.60,21.27,21.35,2344000,20.28
2013-02-20,21.87,21.98,21.52,21.52,3086300,20.44
2013-02-19,21.75,21.92,21.67,21.92,2947100,20.82
2013-02-15,21.59,21.81,21.53,21.71,4532100,20.62
2013-02-14,21.53,21.59,21.42,21.54,2617400,20.46
2013-02-13,21.67,21.71,21.46,21.54,3449100,20.46
2013-02-12,21.48,21.69,21.40,21.51,4412500,20.43
2013-02-11,21.55,21.57,21.40,21.43,2148900,20.36
2013-02-08,21.23,21.59,21.16,21.55,2854900,20.47
2013-02-07,21.30,21.31,21.07,21.21,2609500,20.15
2013-02-06,20.98,21.27,20.84,21.25,3005300,20.19
2013-02-05,21.10,21.11,20.96,21.02,3441500,19.97
2013-02-04,20.90,21.09,20.90,21.04,4438200,19.99
2013-02-01,20.93,21.07,20.81,21.05,4820300,20.00
2013-01-31,20.73,20.83,20.65,20.77,3886200,19.73
2013-01-30,20.78,20.83,20.63,20.78,2712800,19.74
2013-01-29,20.74,20.89,20.68,20.82,3140600,19.78
2013-01-28,20.72,20.81,20.59,20.78,3650400,19.74
2013-01-25,20.39,20.77,20.31,20.70,10023900,19.66
2013-01-24,20.15,20.38,20.14,20.36,4031500,19.34
2013-01-23,20.07,20.23,20.05,20.14,3481100,19.13
2013-01-22,19.84,20.15,19.84,20.11,3396300,19.10
2013-01-18,19.89,19.94,19.74,19.87,2982000,18.88
2013-01-17,19.78,19.93,19.74,19.83,4464700,18.84
2013-01-16,19.63,19.75,19.61,19.74,2607000,18.75
2013-01-15,19.75,19.88,19.69,19.84,2265900,18.85
2013-01-14,19.81,19.89,19.72,19.77,1268000,18.78
2013-01-11,19.76,19.82,19.67,19.80,1787600,18.81
2013-01-10,19.82,19.89,19.68,19.81,2533000,18.82
2013-01-09,19.76,19.81,19.66,19.76,1835900,18.77
2013-01-08,19.81,19.84,19.63,19.77,1684500,18.78
2013-01-07,19.71,19.85,19.65,19.85,1448900,18.86
2013-01-04,19.63,19.80,19.55,19.80,3114700,18.81
2013-01-03,19.56,19.71,19.41,19.63,3007500,18.65
2013-01-02,19.64,19.66,19.43,19.53,2732300,18.55
2012-12-31,19.01,19.34,18.92,19.32,2615500,18.35
2012-12-28,19.19,19.25,19.02,19.05,1669200,18.10
2012-12-27,19.44,19.52,19.14,19.43,1881000,18.26
2012-12-26,19.52,19.57,19.37,19.46,1686300,18.29
2012-12-24,19.45,19.53,19.34,19.50,870100,18.32
2012-12-21,19.55,19.66,19.43,19.45,4632900,18.28
2012-12-20,19.39,19.66,19.31,19.66,2347700,18.47
2012-12-19,19.49,19.53,19.33,19.36,4746000,18.19
2012-12-18,19.34,19.49,19.28,19.48,3854800,18.31
2012-12-17,19.37,19.38,19.18,19.29,2964300,18.13
2012-12-14,19.18,19.33,19.16,19.29,4109200,18.13
2012-12-13,19.32,19.33,19.10,19.21,3622000,18.05
2012-12-12,19.45,19.49,19.24,19.33,3886000,18.16
2012-12-11,19.48,19.55,19.34,19.41,2395400,18.24
2012-12-10,19.60,19.60,19.35,19.42,3434000,18.25
2012-12-07,19.74,19.83,19.59,19.60,5188600,18.42
2012-12-06,19.51,19.81,19.46,19.71,6718500,18.52
2012-12-05,19.44,19.66,19.35,19.54,4903500,18.36
2012-12-04,19.24,19.56,19.24,19.48,3445200,18.31
2012-12-03,19.34,19.41,19.21,19.28,2423000,18.12
2012-11-30,19.00,19.26,19.00,19.26,4146800,18.10
2012-11-29,18.95,19.04,18.82,19.00,2555300,17.85
2012-11-28,18.81,18.96,18.67,18.84,2795500,17.70
2012-11-27,19.04,19.12,18.78,18.89,3376800,17.75
2012-11-26,19.05,19.33,18.97,19.17,2682200,18.01
2012-11-23,19.10,19.24,18.99,19.17,790800,18.01
2012-11-21,18.90,19.03,18.74,19.01,2358500,17.86
2012-11-20,18.75,18.91,18.62,18.91,2309700,17.77
2012-11-19,18.73,19.00,18.70,18.81,3929700,17.68
2012-11-16,18.27,18.60,18.19,18.56,3614700,17.44
2012-11-15,18.31,18.46,18.11,18.27,2346900,17.17
2012-11-14,18.73,18.75,18.26,18.32,2665200,17.22
2012-11-13,18.75,18.85,18.61,18.70,3468400,17.57
2012-11-12,18.92,19.01,18.76,18.87,2176600,17.73
2012-11-09,18.87,19.14,18.81,18.94,4236900,17.80
2012-11-08,19.31,19.38,18.93,18.94,3495900,17.80
2012-11-07,19.45,19.48,19.21,19.36,4448200,18.19
2012-11-06,19.49,19.63,19.31,19.47,3200900,18.30
2012-11-05,19.61,19.62,19.20,19.43,2994700,18.26
2012-11-02,19.68,19.78,19.58,19.59,5466200,18.41
2012-11-01,19.51,19.63,19.37,19.51,4653100,18.33
2012-10-31,19.63,19.74,19.40,19.52,5379100,18.34
2012-10-26,19.80,19.82,19.46,19.63,2956600,18.45
2012-10-25,20.08,20.16,19.56,19.78,3013800,18.59
2012-10-24,20.11,20.23,19.87,19.94,2830600,18.74
2012-10-23,20.27,20.30,19.98,20.00,3927500,18.79
2012-10-22,20.52,20.62,20.24,20.47,2089900,19.24
2012-10-19,20.81,20.95,20.51,20.58,2625900,19.34
2012-10-18,20.59,20.87,20.56,20.85,2533000,19.59
2012-10-17,20.57,20.63,20.42,20.61,3316000,19.37
2012-10-16,20.54,20.62,20.50,20.57,2525900,19.33
2012-10-15,20.29,20.44,20.10,20.44,2373700,19.21
2012-10-12,20.29,20.49,20.23,20.27,2824100,19.05
2012-10-11,20.42,20.48,20.32,20.32,2743900,19.10
2012-10-10,20.21,20.31,20.10,20.25,2283400,19.03
2012-10-09,20.19,20.32,20.17,20.20,2468800,18.98
2012-10-08,20.15,20.24,20.08,20.19,2155400,18.97
2012-10-05,20.18,20.42,20.12,20.25,3548100,19.03
2012-10-04,20.24,20.28,20.00,20.11,3251600,18.90
2012-10-03,19.92,20.22,19.91,20.13,3809300,18.92
2012-10-02,19.86,19.99,19.76,19.88,2616000,18.68
2012-10-01,20.24,20.29,19.64,19.82,3627000,18.63
2012-09-28,20.24,20.42,20.11,20.27,4977600,18.87
2012-09-27,20.31,20.58,20.26,20.34,2650700,18.93
2012-09-26,20.29,20.44,20.20,20.23,2847800,18.83
2012-09-25,20.61,20.69,20.25,20.25,3681300,18.85
2012-09-24,20.61,20.74,20.44,20.59,2004600,19.17
2012-09-21,20.72,20.86,20.61,20.63,3869900,19.20
2012-09-20,20.78,20.81,20.50,20.71,5159300,19.28
2012-09-19,20.83,20.96,20.76,20.90,4351300,19.46
2012-09-18,21.12,21.12,20.75,20.82,3291000,19.38
2012-09-17,20.99,21.15,20.95,21.00,1715500,19.55
2012-09-14,20.91,21.16,20.84,21.03,3190000,19.58
2012-09-13,20.57,20.88,20.48,20.83,2630700,19.39
2012-09-12,20.60,20.71,20.50,20.54,1958700,19.12
2012-09-11,20.49,20.58,20.36,20.56,2199200,19.14
2012-09-10,20.55,20.55,20.37,20.41,1664100,19.00
2012-09-07,20.60,20.60,20.45,20.48,3909500,19.07
2012-09-06,20.50,20.60,20.46,20.56,2511500,19.14
2012-09-05,20.50,20.50,20.24,20.37,2479800,18.96
2012-09-04,20.33,20.49,20.10,20.49,2217200,19.07
2012-08-31,20.47,20.48,20.19,20.32,3818500,18.92
2012-08-30,20.24,20.42,20.15,20.35,3121600,18.94
2012-08-29,20.35,20.40,20.27,20.36,1851600,18.95
2012-08-28,20.30,20.41,20.21,20.35,2844600,18.94
2012-08-27,20.40,20.45,20.30,20.32,2160500,18.92
2012-08-24,20.15,20.35,20.06,20.32,1762100,18.92
2012-08-23,20.30,20.30,20.08,20.17,2671100,18.78
2012-08-22,20.30,20.39,20.07,20.32,3686400,18.92
2012-08-21,20.23,20.44,20.16,20.38,5804900,18.97
2012-08-20,20.24,20.31,20.09,20.23,3330200,18.83
2012-08-17,20.13,20.33,20.05,20.31,3502600,18.91
2012-08-16,19.90,20.09,19.78,20.07,3717800,18.68
2012-08-15,19.70,19.84,19.63,19.84,2259000,18.47
2012-08-14,19.67,19.75,19.63,19.67,2684800,18.31
2012-08-13,19.58,19.74,19.51,19.67,2073700,18.31
2012-08-10,19.41,19.59,19.38,19.56,1733000,18.21
2012-08-09,19.40,19.61,19.38,19.52,2194800,18.17
2012-08-08,19.59,19.66,19.35,19.42,2306600,18.08
2012-08-07,19.93,19.94,19.61,19.63,2589000,18.27
2012-08-06,20.00,20.00,19.78,19.81,2648100,18.44
2012-08-03,19.91,20.00,19.85,19.94,3438600,18.56
2012-08-02,19.66,19.75,19.36,19.73,4620500,18.37
2012-08-01,19.57,20.09,19.57,19.81,5011900,18.44
2012-07-31,19.39,19.50,19.32,19.49,3154600,18.14
2012-07-30,19.25,19.47,19.19,19.39,2053200,18.05
2012-07-27,19.05,19.39,19.00,19.28,4322200,17.95
2012-07-26,19.08,19.23,18.77,18.93,3324200,17.62
2012-07-25,18.83,18.88,18.64,18.78,6823500,17.48
2012-07-24,18.99,19.08,18.67,18.80,7327900,17.50
2012-07-23,18.83,18.97,18.76,18.90,3316700,17.59
2012-07-20,19.11,19.24,19.00,19.05,5508400,17.73
2012-07-19,19.45,19.54,19.11,19.24,3801800,17.91
2012-07-18,19.49,19.58,19.34,19.40,4906600,18.06
2012-07-17,19.59,19.69,19.26,19.56,2888200,18.21
2012-07-16,19.30,19.50,19.21,19.43,3646300,18.09
2012-07-13,19.17,19.35,19.12,19.28,2636000,17.95
2012-07-12,19.03,19.31,18.95,19.11,3392300,17.79
2012-07-11,19.12,19.32,18.93,19.24,4243400,17.91
2012-07-10,19.36,19.44,18.93,19.04,2920400,17.72
2012-07-09,19.16,19.31,19.09,19.28,2772700,17.95
2012-07-06,18.80,19.31,18.72,19.25,3341700,17.92
2012-07-05,18.98,19.13,18.92,19.00,2114200,17.69
2012-07-03,18.94,19.21,18.88,19.07,1416500,17.75
2012-07-02,18.77,18.98,18.62,18.98,2580800,17.67
2012-06-29,18.84,19.03,18.74,19.03,3227100,17.54
2012-06-28,18.16,18.45,18.13,18.45,4554100,17.00
2012-06-27,18.33,18.33,18.16,18.25,3122700,16.82
2012-06-26,18.28,18.39,18.12,18.26,2742000,16.83
2012-06-25,18.30,18.34,18.16,18.22,2464300,16.79
2012-06-22,18.59,18.67,18.35,18.44,2480700,16.99
2012-06-21,18.81,18.84,18.40,18.52,3656600,17.07
2012-06-20,18.77,18.88,18.60,18.76,3721700,17.29
2012-06-19,18.68,18.90,18.62,18.74,2785200,17.27
2012-06-18,18.48,18.86,18.47,18.63,3883100,17.17
2012-06-15,18.55,18.68,18.44,18.63,3022400,17.17
2012-06-14,18.15,18.56,18.12,18.47,2598400,17.02
2012-06-13,18.11,18.35,18.00,18.10,2509100,16.68
2012-06-12,17.91,18.19,17.78,18.18,3615700,16.76
2012-06-11,18.66,18.74,17.84,17.85,3134700,16.45
2012-06-08,18.16,18.45,18.13,18.45,2159600,17.00
2012-06-07,18.50,18.57,18.16,18.22,2703200,16.79
2012-06-06,17.90,18.29,17.77,18.29,3462200,16.86
2012-06-05,17.25,17.80,17.24,17.74,2874400,16.35
2012-06-04,17.52,17.53,17.16,17.37,2618100,16.01
2012-06-01,17.54,17.73,17.44,17.45,3412700,16.08
2012-05-31,17.83,18.11,17.60,17.95,3895900,16.54
2012-05-30,18.18,18.23,17.81,17.82,2738500,16.42
2012-05-29,18.22,18.44,18.18,18.41,2055900,16.97
2012-05-25,18.20,18.26,17.96,18.09,1399600,16.67
2012-05-24,18.16,18.32,17.92,18.18,2275800,16.76
2012-05-23,18.07,18.14,17.82,18.11,3900000,16.69
2012-05-22,18.19,18.30,18.04,18.15,4154400,16.73
2012-05-21,17.85,18.13,17.74,18.09,4448600,16.67
2012-05-18,18.19,18.26,17.72,17.79,3448600,16.40
2012-05-17,18.86,18.88,18.13,18.13,3563300,16.71
2012-05-16,19.37,19.37,18.76,18.82,2855500,17.34
2012-05-15,19.27,19.38,19.09,19.21,3224100,17.70
2012-05-14,19.40,19.52,19.24,19.24,2673500,17.73
2012-05-11,19.43,19.72,19.30,19.61,2374300,18.07
2012-05-10,19.78,19.78,19.38,19.52,2331000,17.99
2012-05-09,19.47,19.78,19.29,19.54,2895700,18.01
2012-05-08,19.67,19.76,19.45,19.72,1932400,18.17
2012-05-07,19.41,19.89,19.32,19.81,3829500,18.26
2012-05-04,19.48,19.60,19.29,19.49,1976600,17.96
2012-05-03,19.68,19.95,19.55,19.60,2131800,18.06
2012-05-02,19.58,19.82,19.43,19.72,2303300,18.17
2012-05-01,19.42,19.96,19.36,19.76,2828300,18.21
2012-04-30,19.32,19.43,19.16,19.41,2492400,17.89
2012-04-27,19.39,19.44,19.20,19.35,2582100,17.83
2012-04-26,19.23,19.40,19.15,19.35,1898900,17.83
2012-04-25,19.05,19.30,18.95,19.27,3085200,17.76
2012-04-24,18.54,18.90,18.53,18.89,2124500,17.41
2012-04-23,18.59,18.68,18.36,18.51,1893700,17.06
2012-04-20,18.64,18.91,18.58,18.80,2325900,17.33
2012-04-19,18.58,18.68,18.41,18.57,2472500,17.11
2012-04-18,18.55,18.73,18.50,18.55,2488300,17.10
2012-04-17,18.57,18.76,18.37,18.69,2867000,17.23
2012-04-16,18.22,18.50,18.12,18.44,2732900,16.99
2012-04-13,18.23,18.33,18.06,18.11,2225100,16.69
2012-04-12,18.06,18.33,17.94,18.33,2269900,16.89
2012-04-11,17.99,18.13,17.85,18.00,3701400,16.59
2012-04-10,18.14,18.24,17.78,17.79,5306000,16.40
2012-04-09,18.14,18.34,18.07,18.20,3760500,16.77
2012-04-05,18.66,18.69,18.30,18.39,4889200,16.95
2012-04-04,18.88,18.95,18.71,18.71,5018700,17.24
2012-04-03,19.22,19.32,18.95,19.06,4080200,17.57
2012-04-02,19.19,19.31,19.09,19.23,4250000,17.72
2012-03-30,19.40,19.55,19.24,19.26,6140000,17.58
2012-03-29,19.31,19.36,19.03,19.28,4723300,17.59
2012-03-28,19.51,19.54,19.17,19.48,3048800,17.78
2012-03-27,19.48,19.61,19.33,19.52,2470300,17.81
2012-03-26,19.43,19.50,19.27,19.44,2891600,17.74
2012-03-23,19.21,19.32,19.00,19.20,3854300,17.52
2012-03-22,19.32,19.40,18.99,19.17,3920800,17.49
2012-03-21,19.52,19.65,19.41,19.51,3371600,17.80
2012-03-20,19.55,19.64,19.44,19.46,6096900,17.76
2012-03-19,19.59,19.90,19.50,19.76,6411000,18.03
2012-03-16,19.54,19.70,19.45,19.61,8761400,17.89
2012-03-15,19.34,19.59,19.21,19.46,5732300,17.76
2012-03-14,18.94,19.28,18.88,19.26,5446000,17.58
2012-03-13,18.47,19.00,18.26,18.99,6134200,17.33
2012-03-12,18.08,18.44,17.97,18.32,5578200,16.72
2012-03-09,18.31,18.31,18.07,18.17,4624200,16.58
2012-03-08,18.44,18.46,18.13,18.18,3577700,16.59
2012-03-07,18.30,18.40,18.18,18.36,2912900,16.75
2012-03-06,18.52,18.66,18.20,18.24,5933900,16.64
2012-03-05,18.64,18.92,18.62,18.87,2104900,17.22
2012-03-02,18.75,18.93,18.66,18.77,2131300,17.13
2012-03-01,18.40,18.70,18.38,18.70,3035700,17.06
2012-02-29,18.43,18.60,18.32,18.41,3507500,16.80
2012-02-28,18.66,18.70,18.38,18.43,2887500,16.82
2012-02-27,18.51,18.73,18.40,18.62,2426500,16.99
2012-02-24,18.75,18.77,18.51,18.70,1820600,17.06
2012-02-23,18.46,18.74,18.31,18.73,2637400,17.09
2012-02-22,18.52,18.67,18.40,18.50,3074300,16.88
2012-02-21,18.80,18.82,18.46,18.58,2792200,16.95
2012-02-17,18.90,18.95,18.67,18.77,2149200,17.13
2012-02-16,18.55,18.83,18.45,18.78,3070100,17.14
2012-02-15,18.62,18.62,18.26,18.44,3700000,16.83
2012-02-14,18.77,18.77,18.44,18.54,3660400,16.92
2012-02-13,18.53,18.83,18.45,18.83,4054600,17.18
2012-02-10,18.37,18.51,18.24,18.39,4314500,16.78
2012-02-09,18.88,18.94,18.31,18.65,3891400,17.02
2012-02-08,18.62,18.88,18.59,18.86,3357500,17.21
2012-02-07,18.66,18.78,18.51,18.60,2533600,16.97
2012-02-06,18.86,18.91,18.62,18.76,2031300,17.12
2012-02-03,18.73,18.94,18.61,18.89,4714500,17.24
2012-02-02,18.33,18.57,18.13,18.52,4110200,16.90
2012-02-01,18.38,18.52,18.18,18.27,3880900,16.67
2012-01-31,18.35,18.47,18.16,18.25,4127400,16.65
2012-01-30,18.16,18.32,18.10,18.29,3745600,16.69
2012-01-27,18.56,18.61,18.22,18.36,5379300,16.75
2012-01-26,18.93,19.00,18.69,18.71,5402300,17.07
2012-01-25,18.41,18.86,18.25,18.80,6085000,17.16
2012-01-24,18.15,18.53,18.05,18.50,4715100,16.88
2012-01-23,18.10,18.33,17.99,18.27,5264600,16.67
2012-01-20,17.68,18.12,17.58,18.12,4653000,16.53
2012-01-19,17.60,17.75,17.41,17.68,2759800,16.13
2012-01-18,17.40,17.59,17.38,17.52,2361200,15.99
2012-01-17,17.42,17.55,17.25,17.37,3546900,15.85
2012-01-13,16.98,17.26,16.85,17.22,4247100,15.71
2012-01-12,17.41,17.53,16.91,17.15,4318500,15.65
2012-01-11,16.58,17.18,16.54,17.09,4441000,15.60
2012-01-10,16.45,16.66,16.43,16.63,2809400,15.18
2012-01-09,16.58,16.73,16.27,16.27,3224200,14.85
2012-01-06,16.63,16.69,16.43,16.45,2986800,15.01
2012-01-05,16.31,16.70,16.24,16.64,2280700,15.18
2012-01-04,16.56,16.58,16.21,16.36,3015700,14.93
2012-01-03,16.69,17.02,16.42,16.62,4141400,15.17
2011-12-30,16.38,16.53,16.23,16.24,3380600,14.82
2011-12-29,16.59,16.61,16.44,16.52,3448100,14.90
2011-12-28,16.65,16.67,16.38,16.49,3040300,14.87
2011-12-27,16.84,16.84,16.55,16.65,3554800,15.02
2011-12-23,17.04,17.08,16.85,16.90,1643700,15.24
2011-12-22,16.62,17.07,16.59,16.89,3865600,15.24
2011-12-21,16.60,16.62,16.29,16.50,3432600,14.88
2011-12-20,16.30,16.72,16.29,16.57,3727900,14.95
2011-12-19,16.25,16.29,15.99,16.01,2794700,14.44
2011-12-16,15.84,16.16,15.83,16.13,5304800,14.55
2011-12-15,15.73,15.87,15.62,15.74,2178200,14.20
2011-12-14,15.36,15.70,15.30,15.50,3100000,13.98
2011-12-13,15.74,15.90,15.29,15.44,2458400,13.93
2011-12-12,15.80,15.83,15.49,15.63,2566100,14.10
2011-12-09,15.69,16.22,15.68,16.04,2763300,14.47
2011-12-08,16.01,16.03,15.59,15.63,3198600,14.10
2011-12-07,15.76,16.21,15.64,16.12,3294500,14.54
2011-12-06,15.76,15.96,15.57,15.81,2937400,14.26
2011-12-05,15.86,15.93,15.60,15.76,3028700,14.22
2011-12-02,15.73,16.03,15.54,15.59,3904600,14.06
2011-12-01,15.72,15.74,15.43,15.59,3201900,14.06
2011-11-30,15.50,15.80,15.36,15.77,5711900,14.23
2011-11-29,15.17,15.18,14.79,14.89,2960800,13.43
2011-11-28,15.23,15.26,14.93,15.09,3473800,13.61
2011-11-25,14.63,15.04,14.56,14.72,1284500,13.28
2011-11-23,15.13,15.13,14.60,14.60,4048400,13.17
2011-11-22,15.31,15.45,15.18,15.26,3198300,13.77
2011-11-21,15.50,15.58,15.24,15.30,4265000,13.80
2011-11-18,15.75,15.80,15.53,15.76,3224200,14.22
2011-11-17,15.88,16.00,15.50,15.62,4511600,14.09
2011-11-16,15.96,16.18,15.86,15.92,3768300,14.36
2011-11-15,15.93,16.24,15.83,16.12,3786100,14.54
2011-11-14,16.17,16.29,15.89,16.01,3871100,14.44
2011-11-11,16.35,16.43,16.16,16.30,8058700,14.70
2011-11-10,16.58,16.64,16.03,16.08,8258900,14.50
2011-11-09,16.87,16.93,16.28,16.33,5025100,14.73
2011-11-08,17.40,17.47,16.88,17.29,4182800,15.60
2011-11-07,17.29,17.57,17.01,17.22,3232600,15.53
2011-11-04,17.20,17.39,16.93,17.32,2789400,15.62
2011-11-03,17.46,17.59,16.90,17.44,4476800,15.73
2011-11-02,16.89,17.41,16.84,17.35,4815700,15.65
2011-11-01,16.85,17.10,16.61,16.62,5719000,14.99
2011-10-31,17.62,17.79,17.42,17.47,3913700,15.76
2011-10-28,17.78,17.93,17.40,17.90,4234200,16.15
2011-10-27,17.61,17.82,17.13,17.67,8771700,15.94
2011-10-26,17.04,17.05,16.50,16.84,4500700,15.19
2011-10-25,16.69,16.91,16.37,16.71,4940000,15.07
2011-10-24,16.33,16.86,16.26,16.77,3968800,15.13
2011-10-21,15.81,16.32,15.67,16.32,4668600,14.72
2011-10-20,15.22,15.60,14.94,15.57,4800900,14.04
2011-10-19,15.53,15.56,14.99,15.12,4537900,13.64
2011-10-18,14.91,15.58,14.88,15.51,4598100,13.99
2011-10-17,15.39,15.42,14.83,14.89,5352100,13.43
2011-10-14,15.30,15.53,15.07,15.49,3740500,13.97
2011-10-13,14.92,15.23,14.51,15.06,3695100,13.58
2011-10-12,14.90,15.40,14.75,15.09,3806700,13.61
2011-10-11,14.91,15.04,14.58,14.66,3904100,13.22
2011-10-10,14.96,15.10,14.78,15.08,4694200,13.60
2011-10-07,15.14,15.14,14.42,14.58,5037800,13.15
2011-10-06,14.62,15.14,14.41,15.05,4828500,13.58
2011-10-05,14.85,14.89,13.91,14.63,4496400,13.20
2011-10-04,14.27,14.81,13.55,14.80,8690300,13.35
2011-10-03,14.65,14.91,14.09,14.11,4833600,12.73
2011-09-30,15.40,15.65,15.00,15.03,4436300,13.40
2011-09-29,15.69,15.79,15.41,15.66,5162800,13.96
2011-09-28,15.92,16.03,15.32,15.37,4324800,13.70
2011-09-27,16.20,16.25,15.71,15.82,4023000,14.10
2011-09-26,15.27,15.65,15.07,15.62,4754200,13.92
2011-09-23,14.79,15.25,14.68,15.22,4058500,13.56
2011-09-22,14.94,15.31,14.54,14.83,6243500,13.22
2011-09-21,16.60,16.60,15.40,15.41,4547600,13.73
2011-09-20,16.68,16.86,16.51,16.60,2928100,14.79
2011-09-19,16.55,16.78,16.43,16.59,3406700,14.79
2011-09-16,16.77,16.95,16.38,16.93,4509700,15.09
2011-09-15,16.64,16.75,16.44,16.75,3690100,14.93
2011-09-14,16.45,16.57,16.02,16.42,3734900,14.63
2011-09-13,16.31,16.48,16.10,16.32,2853300,14.54
2011-09-12,15.90,16.27,15.83,16.26,3496200,14.49
2011-09-09,16.62,16.75,15.98,16.19,5040500,14.43
2011-09-08,17.07,17.23,16.77,16.88,3042800,15.04
2011-09-07,16.57,17.13,16.38,17.13,3975900,15.27
2011-09-06,16.05,16.61,16.01,16.31,4104200,14.54
2011-09-02,16.85,17.23,16.61,16.63,4642900,14.82
2011-09-01,17.76,17.86,17.24,17.30,3578200,15.42
2011-08-31,17.50,17.78,17.19,17.70,5134100,15.77
2011-08-30,17.15,17.42,16.88,17.30,3270300,15.42
2011-08-29,16.96,17.25,16.86,17.25,2693300,15.37
2011-08-26,16.43,16.86,16.09,16.63,7965300,14.82
2011-08-25,16.87,17.13,16.25,16.60,5442800,14.79
2011-08-24,16.41,16.74,16.20,16.70,7095000,14.88
2011-08-23,16.40,16.53,16.20,16.46,6924500,14.67
2011-08-22,16.57,16.67,16.10,16.26,4259700,14.49
2011-08-19,16.10,16.57,16.01,16.20,6883800,14.44
2011-08-18,16.68,16.82,16.12,16.34,7184700,14.56
2011-08-17,17.46,17.64,17.00,17.27,3477700,15.39
2011-08-16,17.45,17.65,17.19,17.30,4113800,15.42
2011-08-15,17.03,17.72,16.94,17.72,4456300,15.79
2011-08-12,17.31,17.53,16.75,16.86,4303900,15.03
2011-08-11,16.16,17.46,15.96,17.09,8269900,15.23
2011-08-10,15.81,16.76,15.70,15.87,11485000,14.14
2011-08-09,15.00,16.31,14.90,16.29,10884800,14.52
2011-08-08,15.85,15.99,14.60,14.64,11533400,13.05
2011-08-05,16.85,16.85,15.78,16.09,10118500,14.34
2011-08-04,17.60,17.66,16.55,16.59,7239000,14.79
2011-08-03,18.04,18.10,17.40,17.85,6504900,15.91
2011-08-02,18.55,18.67,18.03,18.04,3775900,16.08
2011-08-01,19.23,19.32,18.59,18.72,4022500,16.68
2011-07-29,18.93,19.18,18.67,19.03,5393700,16.96
2011-07-28,19.28,19.42,19.02,19.09,4524700,17.01
2011-07-27,19.94,19.94,19.25,19.25,5642400,17.16
2011-07-26,20.10,20.15,19.90,19.99,3247700,17.82
2011-07-25,20.11,20.26,19.94,20.04,4048100,17.86
2011-07-22,20.14,20.31,20.05,20.30,3420900,18.09
2011-07-21,19.99,20.26,19.94,20.09,5150100,17.90
2011-07-20,19.75,19.92,19.66,19.82,3400000,17.66
2011-07-19,19.34,19.76,19.32,19.72,3079900,17.58
2011-07-18,19.30,19.36,19.08,19.19,3664400,17.10
2011-07-15,19.19,19.38,19.03,19.35,3864000,17.25
2011-07-14,19.30,19.30,18.97,19.08,5311700,17.00
2011-07-13,19.40,19.47,19.18,19.20,5966300,17.11
2011-07-12,19.06,19.60,19.06,19.34,5550800,17.24
2011-07-11,19.20,19.34,19.08,19.15,3597500,17.07
2011-07-08,19.11,19.53,19.11,19.50,5804700,17.38
2011-07-07,19.21,19.45,19.18,19.37,3674400,17.26
2011-07-06,18.93,19.11,18.81,19.08,4276500,17.00
2011-07-05,18.74,18.99,18.68,18.97,3836600,16.91
2011-07-01,18.46,18.77,18.38,18.73,3666000,16.69
2011-06-30,18.75,18.82,18.54,18.64,3872200,16.45
2011-06-29,18.54,18.68,18.36,18.66,3227300,16.47
2011-06-28,18.32,18.44,18.14,18.44,3117400,16.28
2011-06-27,18.14,18.35,18.07,18.26,3059500,16.12
2011-06-24,18.04,18.21,17.89,18.08,3964000,15.96
2011-06-23,17.86,18.19,17.73,18.04,7113900,15.92
2011-06-22,18.09,18.45,18.03,18.27,4803000,16.13
2011-06-21,18.15,18.20,17.93,18.16,4900500,16.03
2011-06-20,17.65,18.17,17.65,18.02,5684700,15.90
2011-06-17,17.59,17.74,17.38,17.73,5306500,15.65
2011-06-16,17.24,17.48,17.16,17.42,6353600,15.38
2011-06-15,17.26,17.31,17.01,17.16,8778500,15.15
2011-06-14,17.42,17.46,17.33,17.39,7174900,15.35
2011-06-13,17.27,17.45,17.16,17.19,6919300,15.17
2011-06-10,17.66,17.72,17.19,17.23,7069800,15.21
2011-06-09,18.19,18.19,17.67,17.67,6028100,15.60
2011-06-08,18.30,18.47,18.05,18.11,5478700,15.98
2011-06-07,18.22,18.60,18.18,18.34,4408400,16.19
2011-06-06,18.68,18.73,18.09,18.10,5237000,15.98
2011-06-03,18.17,18.77,18.17,18.68,3773000,16.49
2011-06-02,18.66,18.82,18.38,18.43,4526600,16.27
2011-06-01,19.45,19.47,18.60,18.66,5314400,16.47
2011-05-31,19.13,19.55,19.07,19.51,5677100,17.22
2011-05-27,19.19,19.21,19.04,19.16,1790100,16.91
2011-05-26,18.88,19.11,18.75,19.09,2807700,16.85
2011-05-25,18.79,19.02,18.61,18.91,2577500,16.69
2011-05-24,18.91,18.97,18.75,18.84,2355700,16.63
2011-05-23,18.69,18.96,18.69,18.83,2587500,16.62
2011-05-20,19.40,19.40,18.94,18.98,3096200,16.75
2011-05-19,19.44,19.50,19.21,19.41,2247700,17.13
2011-05-18,19.15,19.33,19.00,19.32,2901800,17.05
2011-05-17,19.09,19.22,18.96,19.08,3332900,16.84
2011-05-16,18.95,19.26,18.89,19.14,2835400,16.89
2011-05-13,19.18,19.25,18.92,18.98,3414900,16.75
2011-05-12,19.20,19.30,18.90,19.14,6000000,16.89
2011-05-11,19.38,19.46,19.11,19.24,3852300,16.98
2011-05-10,19.29,19.69,19.29,19.64,2721800,17.33
2011-05-09,19.11,19.30,19.02,19.27,2666700,17.01
2011-05-06,19.50,19.52,19.00,19.07,2987000,16.83
2011-05-05,18.50,19.48,18.50,19.34,5329900,17.07
2011-05-04,19.41,19.63,19.26,19.40,3671400,17.12
2011-05-03,19.64,19.80,19.12,19.39,3443700,17.11
2011-05-02,19.71,19.80,19.50,19.66,3044200,17.35
2011-04-29,19.48,19.67,19.15,19.54,3154500,17.25
2011-04-28,18.98,19.53,18.89,19.45,3709300,17.17
2011-04-27,18.98,19.02,18.87,18.99,5027300,16.76
2011-04-26,18.82,18.95,18.69,18.89,4600000,16.67
2011-04-25,18.65,18.79,18.57,18.74,2735000,16.54
2011-04-21,18.62,18.80,18.46,18.67,5107100,16.48
2011-04-20,18.50,18.68,18.42,18.57,4997700,16.39
2011-04-19,18.05,18.30,18.05,18.29,4225500,16.14
2011-04-18,17.79,18.07,17.79,18.05,4886200,15.93
2011-04-15,17.77,18.12,17.74,18.05,3361700,15.93
2011-04-14,17.34,17.76,17.28,17.72,3591100,15.64
2011-04-13,17.53,17.61,17.33,17.46,2558100,15.41
2011-04-12,17.48,17.69,17.44,17.46,2836600,15.41
2011-04-11,17.58,17.75,17.57,17.58,3786600,15.52
2011-04-08,17.75,17.86,17.48,17.54,2879800,15.48
2011-04-07,17.92,17.97,17.65,17.68,4970100,15.60
2011-04-06,17.99,18.05,17.89,17.99,2836600,15.88
2011-04-05,17.93,18.08,17.88,17.92,2275600,15.82
2011-04-04,17.98,18.08,17.84,17.94,2302000,15.83
2011-04-01,18.30,18.30,17.79,17.91,4240300,15.81
2011-03-31,18.10,18.40,18.09,18.34,2965400,16.03
2011-03-30,18.02,18.23,17.86,18.17,3012000,15.88
2011-03-29,17.69,17.93,17.51,17.91,1975200,15.65
2011-03-28,17.75,17.86,17.59,17.72,2608400,15.49
2011-03-25,17.72,17.93,17.66,17.75,2509800,15.51
2011-03-24,17.65,17.75,17.38,17.68,2748700,15.45
2011-03-23,17.77,17.84,17.43,17.55,3122100,15.34
2011-03-22,17.85,17.94,17.74,17.84,2654100,15.59
2011-03-21,17.91,17.94,17.75,17.81,2068800,15.57
2011-03-18,17.74,17.88,17.56,17.68,3624200,15.45
2011-03-17,17.45,17.52,17.23,17.46,2970700,15.26
2011-03-16,17.55,17.60,16.98,17.18,5557100,15.01
2011-03-15,17.14,17.78,17.14,17.60,3297800,15.38
2011-03-14,17.86,17.97,17.69,17.71,2591000,15.48
2011-03-11,17.92,18.13,17.75,18.05,3869000,15.77
2011-03-10,18.18,18.21,17.86,17.89,4440400,15.64
2011-03-09,18.32,18.54,18.11,18.44,2085800,16.12
2011-03-08,18.16,18.52,18.13,18.34,2876100,16.03
2011-03-07,18.24,18.33,17.95,18.15,2479800,15.86
2011-03-04,18.34,18.37,18.03,18.19,3313300,15.90
2011-03-03,18.36,18.50,18.14,18.36,4345200,16.05
2011-03-02,18.49,18.58,18.11,18.17,4620300,15.88
2011-03-01,19.40,19.50,18.46,18.50,6519600,16.17
2011-02-28,18.94,19.47,18.90,19.38,4518000,16.94
2011-02-25,18.44,18.90,18.44,18.88,4054200,16.50
2011-02-24,18.50,18.60,18.16,18.36,3587700,16.05
2011-02-23,18.63,18.78,18.38,18.53,2834900,16.19
2011-02-22,18.54,18.84,18.47,18.61,3004100,16.26
2011-02-18,18.86,18.90,18.62,18.79,4061900,16.42
2011-02-17,18.65,18.90,18.65,18.85,2014100,16.47
2011-02-16,18.48,18.74,18.42,18.73,2645900,16.37
2011-02-15,18.48,18.58,18.28,18.38,3491900,16.06
2011-02-14,18.58,18.66,18.49,18.55,3449900,16.21
2011-02-11,18.62,18.70,18.50,18.56,5442100,16.22
2011-02-10,18.66,18.96,18.49,18.66,5741700,16.31
2011-02-09,18.65,18.85,18.62,18.84,2765400,16.47
2011-02-08,18.72,18.79,18.63,18.68,4246400,16.33
2011-02-07,18.41,18.77,18.33,18.72,4706800,16.36
2011-02-04,18.50,18.55,18.21,18.38,4340400,16.06
2011-02-03,18.43,18.55,18.25,18.51,3935200,16.18
2011-02-02,18.21,18.50,18.14,18.43,3937600,16.11
2011-02-01,18.21,18.31,17.96,18.28,3907800,15.98
2011-01-31,17.92,18.15,17.92,18.09,5051900,15.81
2011-01-28,18.10,18.22,17.82,17.83,4570300,15.58
2011-01-27,18.06,18.17,17.96,18.05,4273300,15.77
2011-01-26,17.96,17.98,17.68,17.98,8824900,15.71
2011-01-25,17.78,17.94,17.65,17.87,4878100,15.62
2011-01-24,17.75,17.91,17.66,17.85,3009900,15.60
2011-01-21,17.88,17.88,17.70,17.71,3305500,15.48
2011-01-20,17.82,18.00,17.70,17.74,4375500,15.50
2011-01-19,18.00,18.06,17.71,17.78,4177500,15.54
2011-01-18,17.99,18.12,17.89,18.04,4692500,15.77
2011-01-14,17.89,18.14,17.88,18.08,5359500,15.80
2011-01-13,17.88,17.99,17.83,17.90,5828600,15.64
2011-01-12,17.77,18.01,17.66,17.93,8798800,15.67
2011-01-11,17.96,18.00,17.52,17.61,5751500,15.39
2011-01-10,17.98,18.08,17.83,17.83,5020500,15.58
2011-01-07,18.23,18.29,17.95,18.07,5445800,15.79
2011-01-06,18.29,18.37,18.04,18.09,5004600,15.81
2011-01-05,17.92,18.25,17.92,18.25,5065800,15.95
2011-01-04,18.41,18.43,17.92,17.99,6009500,15.72
2011-01-03,18.27,18.40,18.14,18.37,5779100,16.05
2010-12-31,18.07,18.41,17.98,18.04,4562200,15.77
2010-12-30,18.00,18.16,17.92,18.08,3210200,15.80
2010-12-29,17.99,18.14,17.89,18.11,3099400,15.67
2010-12-28,17.82,18.00,17.69,17.92,3572200,15.51
2010-12-27,17.30,17.78,17.23,17.77,2788500,15.38
2010-12-23,17.44,17.55,17.31,17.35,2033000,15.01
2010-12-22,17.41,17.66,17.40,17.41,3083900,15.06
2010-12-21,17.23,17.46,17.12,17.43,4449600,15.08
2010-12-20,16.95,17.21,16.94,17.14,4931000,14.83
2010-12-17,16.64,17.02,16.64,16.91,10004300,14.63
2010-12-16,16.57,16.71,16.45,16.62,2137300,14.38
2010-12-15,16.68,16.91,16.45,16.54,3045900,14.31
2010-12-14,17.12,17.20,16.69,16.76,3027300,14.50
2010-12-13,17.20,17.29,17.07,17.10,2504800,14.80
2010-12-10,17.10,17.27,17.03,17.15,2958800,14.84
2010-12-09,17.45,17.51,16.96,17.02,5925900,14.73
2010-12-08,17.73,17.75,17.15,17.38,4357800,15.04
2010-12-07,17.77,17.81,17.61,17.66,6566300,15.28
2010-12-06,17.24,17.57,17.09,17.53,6884500,15.17
2010-12-03,17.20,17.34,17.03,17.28,4346600,14.95
2010-12-02,16.88,17.33,16.83,17.25,4783200,14.93
2010-12-01,16.94,16.94,16.59,16.84,4945600,14.57
2010-11-30,16.54,16.82,16.48,16.66,3914000,14.42
2010-11-29,16.47,16.82,16.42,16.78,3669500,14.52
2010-11-26,16.62,16.75,16.54,16.62,1002500,14.38
2010-11-24,16.47,16.83,16.43,16.81,3765700,14.55
2010-11-23,16.17,16.33,15.99,16.31,4614700,14.11
2010-11-22,16.51,16.54,16.28,16.39,3568300,14.18
2010-11-19,16.15,16.37,16.03,16.37,3742900,14.16
2010-11-18,16.07,16.36,16.04,16.23,4851200,14.04
2010-11-17,15.67,15.97,15.67,15.86,5517200,13.72
2010-11-16,16.38,16.51,15.61,15.68,7420900,13.57
2010-11-15,17.03,17.15,16.50,16.51,5586100,14.29
2010-11-12,17.11,17.38,16.87,16.94,4829700,14.66
2010-11-11,17.28,17.42,17.09,17.25,3079100,14.93
2010-11-10,17.53,17.71,17.26,17.59,4314900,15.22
2010-11-09,18.24,18.28,17.35,17.49,7385300,15.13
2010-11-08,18.11,18.17,17.73,18.14,3670700,15.70
2010-11-05,17.66,18.22,17.61,18.08,4443900,15.64
2010-11-04,18.22,18.40,16.90,17.61,10965600,15.24
2010-11-03,17.14,17.28,16.85,16.93,4148700,14.65
2010-11-02,17.36,17.46,16.98,17.06,5191000,14.76
2010-11-01,17.31,17.50,17.07,17.20,3246900,14.88
2010-10-29,17.13,17.38,17.13,17.21,3375000,14.89
2010-10-28,17.13,17.28,16.88,17.23,2420800,14.91
2010-10-27,16.97,17.11,16.90,17.04,3486900,14.74
2010-10-26,17.18,17.21,16.99,17.07,2930000,14.77
2010-10-25,17.50,17.50,17.22,17.27,3384900,14.94
2010-10-22,17.39,17.49,17.29,17.33,2840800,15.00
2010-10-21,17.37,17.48,17.27,17.38,5929200,15.04
2010-10-20,16.82,17.42,16.80,17.30,4728600,14.97
2010-10-19,16.83,17.10,16.72,16.80,4086300,14.54
2010-10-18,17.01,17.14,16.95,17.11,4258400,14.80
2010-10-15,16.94,17.11,16.82,17.03,7364800,14.74
2010-10-14,16.89,17.01,16.58,16.74,3715600,14.48
2010-10-13,17.00,17.16,16.87,16.96,3542000,14.68
2010-10-12,16.77,16.95,16.67,16.90,3630000,14.62
2010-10-11,16.81,16.96,16.74,16.78,3145100,14.52
2010-10-08,16.86,16.93,16.71,16.82,4267700,14.55
2010-10-07,16.91,17.00,16.76,16.80,6049400,14.54
2010-10-06,16.62,16.83,16.54,16.81,7091000,14.55
2010-10-05,16.48,16.76,16.22,16.66,6469500,14.42
2010-10-04,15.76,16.30,15.75,16.27,7027000,14.08
2010-10-01,15.75,15.89,15.64,15.79,6037600,13.66
2010-09-30,15.92,16.10,15.59,15.74,7041400,13.48
2010-09-29,16.06,16.13,15.67,15.75,5776800,13.49
2010-09-28,16.26,16.28,15.92,16.19,6502000,13.87
2010-09-27,16.64,16.64,16.16,16.20,3619200,13.87
2010-09-24,16.35,16.70,16.35,16.65,4306200,14.26
2010-09-23,16.49,16.69,16.08,16.10,9112600,13.79
2010-09-22,16.69,16.93,16.53,16.67,10993700,14.28
2010-09-21,16.83,17.05,16.69,16.79,14539900,14.38
2010-09-20,16.10,16.84,16.10,16.80,5765400,14.39
2010-09-17,15.97,16.16,15.82,16.14,5242700,13.82
2010-09-16,15.97,16.02,15.84,15.91,3396700,13.63
2010-09-15,15.80,16.00,15.74,16.00,2715300,13.70
2010-09-14,15.78,16.00,15.69,15.88,2859400,13.60
2010-09-13,15.82,15.89,15.62,15.86,2312300,13.58
2010-09-10,15.43,15.69,15.32,15.55,2136100,13.32
2010-09-09,15.77,15.83,15.30,15.43,2383400,13.22
2010-09-08,15.63,15.73,15.43,15.52,2763500,13.29
2010-09-07,15.66,15.77,15.52,15.54,2792300,13.31
2010-09-03,15.76,15.88,15.61,15.85,2472800,13.58
2010-09-02,15.26,15.64,15.14,15.59,3914000,13.35
2010-09-01,15.17,15.32,15.05,15.30,6501300,13.10
2010-08-31,14.80,14.99,14.67,14.91,4288600,12.77
2010-08-30,14.88,15.06,14.81,14.81,4118300,12.68
2010-08-27,14.76,14.97,14.35,14.95,4109700,12.80
2010-08-26,14.68,14.85,14.52,14.67,5014800,12.56
2010-08-25,14.08,14.69,14.08,14.61,4182000,12.51
2010-08-24,14.11,14.42,14.00,14.23,3681400,12.19
2010-08-23,14.51,14.56,14.34,14.38,2593500,12.32
2010-08-20,14.36,14.48,14.25,14.38,2946200,12.32
2010-08-19,15.03,15.08,14.44,14.49,4550700,12.41
2010-08-18,15.09,15.25,15.01,15.13,4018300,12.96
2010-08-17,14.85,15.21,14.66,15.11,4897700,12.94
2010-08-16,14.48,14.75,14.29,14.68,3896900,12.57
2010-08-13,14.53,14.83,14.50,14.58,4833300,12.49
2010-08-12,14.44,14.66,14.41,14.55,6740300,12.46
2010-08-11,14.61,14.93,14.55,14.65,5714300,12.55
2010-08-10,15.06,15.16,14.81,15.00,4135400,12.85
2010-08-09,15.22,15.27,15.01,15.25,3101300,13.06
2010-08-06,15.15,15.29,14.85,15.06,5035900,12.90
2010-08-05,15.07,15.47,15.04,15.32,4649700,13.12
2010-08-04,15.14,15.28,14.98,15.20,4673300,13.02
2010-08-03,15.35,15.36,14.99,15.11,5404000,12.94
2010-08-02,15.36,15.62,15.27,15.48,5688800,13.26
2010-07-30,14.88,15.19,14.80,15.07,5743300,12.91
2010-07-29,15.29,15.37,14.94,15.13,4512200,12.96
2010-07-28,15.02,15.56,15.02,15.14,6545600,12.97
2010-07-27,15.32,15.34,14.86,15.07,6786000,12.91
2010-07-26,14.67,15.22,14.56,15.16,4534700,12.98
2010-07-23,14.37,14.76,14.20,14.73,6776500,12.62
2010-07-22,13.85,14.48,13.85,14.40,7903300,12.33
2010-07-21,14.11,14.11,13.58,13.65,6417100,11.69
2010-07-20,13.38,13.97,13.32,13.95,5680500,11.95
2010-07-19,13.38,13.70,13.17,13.67,5006300,11.71
2010-07-16,13.88,13.95,13.26,13.37,7258700,11.45
2010-07-15,14.09,14.13,13.60,14.07,4481800,12.05
2010-07-14,13.97,14.14,13.75,14.01,4554500,12.00
2010-07-13,13.88,14.19,13.84,14.11,6649800,12.08
2010-07-12,13.59,13.74,13.42,13.68,3694500,11.72
2010-07-09,13.34,13.61,13.34,13.60,4762300,11.65
2010-07-08,13.49,13.60,13.18,13.45,7573400,11.52
2010-07-07,12.73,13.35,12.68,13.34,7811700,11.43
2010-07-06,13.45,13.51,12.51,12.66,7602900,10.84
2010-07-02,13.39,13.46,12.85,13.03,5686900,11.16
2010-07-01,13.47,13.56,12.95,13.34,6349400,11.43
2010-06-30,13.56,13.90,13.39,13.44,7432400,11.51
2010-06-29,14.13,14.14,13.44,13.56,6881600,11.61
2010-06-28,14.78,14.89,14.42,14.52,4137600,12.30
2010-06-25,14.39,14.78,14.26,14.69,7651600,12.44
2010-06-24,14.56,14.65,14.24,14.28,8704100,12.10
2010-06-23,14.73,14.85,14.46,14.69,7603600,12.44
2010-06-22,15.15,15.34,14.64,14.65,6902800,12.41
2010-06-21,15.38,15.62,15.13,15.21,5467500,12.88
2010-06-18,15.03,15.22,14.82,15.17,7683100,12.85
2010-06-17,15.04,15.13,14.69,14.96,6313600,12.67
2010-06-16,15.14,15.25,14.92,15.00,4889400,12.71
2010-06-15,14.95,15.33,14.74,15.29,4274600,12.95
2010-06-14,14.69,15.00,14.58,14.83,6220400,12.56
2010-06-11,14.26,14.57,14.19,14.54,5008300,12.32
2010-06-10,13.98,14.51,13.89,14.49,5255500,12.27
2010-06-09,13.81,14.20,13.64,13.72,7096200,11.62
2010-06-08,13.37,13.71,13.03,13.69,8184400,11.60
2010-06-07,13.42,13.73,13.33,13.43,7708600,11.38
2010-06-04,14.09,14.34,13.23,13.31,9312800,11.27
2010-06-03,14.44,14.56,14.24,14.41,3883600,12.21
2010-06-02,14.22,14.50,14.00,14.48,5403600,12.27
2010-06-01,14.13,14.54,13.99,14.07,6537800,11.92
2010-05-28,14.50,14.66,14.24,14.30,5265600,12.11
2010-05-27,14.12,14.58,13.94,14.56,5832300,12.33
2010-05-26,14.08,14.33,13.68,13.80,7806000,11.69
2010-05-25,13.34,13.89,13.07,13.86,6320500,11.74
2010-05-24,14.31,14.36,13.77,13.81,4513200,11.70
2010-05-21,13.56,14.30,13.43,14.28,8631800,12.10
2010-05-20,14.35,14.44,13.78,13.80,9100800,11.69
2010-05-19,14.94,15.37,14.33,14.69,7038500,12.44
2010-05-18,15.83,15.99,14.97,15.03,6703200,12.73
2010-05-17,15.74,16.13,15.20,15.60,7713400,13.21
2010-05-14,15.92,16.06,15.57,15.73,7947200,13.32
2010-05-13,16.55,16.65,16.17,16.20,6268300,13.72
2010-05-12,16.49,16.71,16.36,16.60,5663000,14.06
2010-05-11,16.08,16.59,15.87,16.40,8574500,13.89
2010-05-10,15.86,16.39,15.81,16.35,10292600,13.85
2010-05-07,15.11,15.66,14.65,15.01,9778700,12.71
2010-05-06,15.21,15.66,13.71,15.05,12436800,12.75
2010-05-05,15.40,15.67,15.14,15.30,5199600,12.96
2010-05-04,15.88,16.01,15.47,15.70,7613800,13.30
2010-05-03,15.76,16.18,15.74,16.11,5866700,13.65
2010-04-30,16.21,16.48,15.57,15.59,6446800,13.21
2010-04-29,15.64,16.30,15.64,16.29,5965200,13.80
2010-04-28,15.54,15.70,15.32,15.49,5330900,13.12
2010-04-27,15.76,16.00,15.34,15.36,5839200,13.01
2010-04-26,15.75,16.14,15.75,15.91,4692800,13.48
2010-04-23,15.75,15.91,15.57,15.75,4559500,13.34
2010-04-22,15.18,15.77,15.05,15.70,5520600,13.30
2010-04-21,15.11,15.51,15.06,15.31,7471700,12.97
2010-04-20,15.34,15.34,14.92,15.12,9806800,12.81
2010-04-19,15.01,15.31,14.81,15.15,10497800,12.83
2010-04-16,15.59,15.77,15.11,15.13,11120800,12.82
2010-04-15,16.28,16.30,15.58,15.65,7215700,13.26
2010-04-14,16.66,16.72,16.23,16.29,6227600,13.80
2010-04-13,16.15,16.59,16.15,16.50,5268800,13.98
2010-04-12,16.42,16.51,16.16,16.16,4679200,13.69
2010-04-09,16.15,16.47,16.09,16.40,5508700,13.89
2010-04-08,15.96,16.22,15.87,16.09,5031600,13.63
2010-04-07,16.47,16.55,15.92,15.99,6464900,13.54
2010-04-06,16.00,16.55,15.94,16.53,5386800,14.00
2010-04-05,15.75,16.13,15.74,16.06,6218500,13.60
2010-04-01,15.79,15.88,15.58,15.74,5960700,13.33
2010-03-31,15.89,15.94,15.63,15.64,6898000,13.25
2010-03-30,16.17,16.21,15.97,16.04,5245900,13.45
2010-03-29,16.19,16.21,15.94,16.16,4428800,13.55
2010-03-26,16.10,16.23,15.88,16.10,5636200,13.50
2010-03-25,15.99,16.44,15.98,16.06,4768700,13.47
2010-03-24,15.64,15.99,15.62,15.88,4129500,13.32
2010-03-23,15.84,15.90,15.54,15.69,5477500,13.16
2010-03-22,15.48,15.85,15.36,15.79,3763000,13.24
2010-03-19,15.57,15.76,15.45,15.57,5361000,13.06
2010-03-18,15.91,15.91,15.60,15.64,5784900,13.12
2010-03-17,15.63,16.05,15.55,15.90,4893100,13.33
2010-03-16,15.17,15.63,15.11,15.57,5046100,13.06
2010-03-15,15.02,15.19,14.86,15.09,3570200,12.65
2010-03-12,15.01,15.20,14.96,15.12,2874400,12.68
2010-03-11,14.69,14.95,14.56,14.93,3013800,12.52
2010-03-10,14.75,14.87,14.57,14.75,3404800,12.37
2010-03-09,14.69,14.93,14.54,14.68,4133600,12.31
2010-03-08,14.61,14.85,14.60,14.75,3082600,12.37
2010-03-05,14.13,14.66,14.01,14.61,5533700,12.25
2010-03-04,14.05,14.09,13.94,14.04,4368300,11.77
2010-03-03,14.00,14.14,13.89,14.00,5604600,11.74
2010-03-02,14.07,14.12,13.94,14.02,6764400,11.76
2010-03-01,13.95,14.10,13.87,14.00,5630000,11.74
2010-02-26,13.98,14.09,13.88,13.89,8049900,11.65
2010-02-25,13.61,14.01,13.48,13.95,4946300,11.70
2010-02-24,13.51,13.80,13.44,13.80,4363800,11.57
2010-02-23,13.57,13.68,13.38,13.44,4255600,11.27
2010-02-22,13.70,13.80,13.59,13.64,3401100,11.44
2010-02-19,13.70,13.79,13.49,13.71,4500400,11.50
2010-02-18,13.34,13.86,13.34,13.74,5191000,11.52
2010-02-17,13.33,13.57,13.23,13.42,4424500,11.25
2010-02-16,12.95,13.26,12.88,13.23,4421200,11.09
2010-02-12,12.63,12.84,12.50,12.82,4772900,10.75
2010-02-11,12.78,12.85,12.54,12.73,5017700,10.68
2010-02-10,12.83,13.00,12.50,12.76,3429100,10.70
2010-02-09,12.75,12.89,12.56,12.80,10005000,10.73
2010-02-08,12.95,13.11,12.58,12.60,6487100,10.57
2010-02-05,12.66,13.19,12.63,12.97,12127900,10.88
2010-02-04,12.57,12.91,12.49,12.66,13464900,10.62
2010-02-03,12.97,13.07,12.54,12.66,5976900,10.62
2010-02-02,12.95,13.09,12.76,13.01,5560300,10.91
2010-02-01,12.72,12.93,12.66,12.93,4483900,10.84
2010-01-29,12.69,12.84,12.46,12.62,7352600,10.58
2010-01-28,12.99,12.99,12.40,12.59,6152800,10.56
2010-01-27,12.85,12.90,12.52,12.83,7591500,10.76
2010-01-26,12.98,13.10,12.79,12.84,6222000,10.77
2010-01-25,13.28,13.28,12.80,13.05,6171300,10.94
2010-01-22,13.28,13.53,12.96,13.04,9154100,10.94
2010-01-21,13.67,13.75,13.25,13.27,9368400,11.13
2010-01-20,13.65,13.67,13.40,13.61,7683500,11.41
2010-01-19,13.37,13.86,13.33,13.81,8136700,11.58
2010-01-15,13.88,13.99,13.54,13.62,7874900,11.42
2010-01-14,14.11,14.19,13.80,13.97,5803100,11.72
2010-01-13,13.72,14.39,13.68,14.19,7826300,11.90
2010-01-12,13.75,14.06,13.67,13.74,9849400,11.52
2010-01-11,14.06,14.17,13.88,14.13,5671400,11.85
2010-01-08,14.05,14.18,13.78,13.93,5637000,11.68
2010-01-07,13.58,14.14,13.58,14.11,6926200,11.83
2010-01-06,13.59,13.76,13.51,13.65,6165600,11.45
2010-01-05,13.58,13.72,13.41,13.59,5996200,11.40
2010-01-04,13.62,13.88,13.56,13.66,6263800,11.46
2009-12-31,13.98,14.00,13.42,13.53,5256500,11.35
2009-12-30,13.79,13.93,13.58,13.93,3161000,11.68
2009-12-29,14.07,14.22,13.77,13.85,2907900,11.48
2009-12-28,14.06,14.21,13.86,13.98,2718300,11.59
2009-12-24,13.79,13.99,13.62,13.97,2051600,11.58
2009-12-23,13.48,13.88,13.36,13.66,4446300,11.32
2009-12-22,13.04,13.45,13.04,13.44,4001900,11.14
2009-12-21,12.96,13.18,12.83,13.17,5772800,10.92
2009-12-18,12.61,12.83,12.46,12.83,6918800,10.63
2009-12-17,12.41,12.60,12.32,12.45,4082100,10.32
2009-12-16,12.33,12.62,12.30,12.50,6300300,10.36
2009-12-15,12.34,12.57,12.30,12.50,8226500,10.36
2009-12-14,12.21,12.60,12.17,12.52,9886800,10.38
2009-12-11,12.41,12.52,12.23,12.50,8799100,10.36
2009-12-10,12.50,12.54,12.18,12.26,9935500,10.16
2009-12-09,12.68,12.68,12.38,12.41,13858600,10.29
2009-12-08,12.39,12.69,12.23,12.51,35167100,10.37
2009-12-07,13.57,13.79,12.97,13.08,9365200,10.84
2009-12-04,13.04,13.64,13.04,13.59,15481600,11.26
2009-12-03,12.45,13.17,12.45,12.76,9597000,10.58
2009-12-02,12.26,12.87,12.13,12.80,7526400,10.61
2009-12-01,12.43,12.50,12.13,12.25,7216200,10.15
2009-11-30,11.91,12.35,11.83,12.32,7809500,10.21
2009-11-27,11.76,12.13,11.76,11.85,3304500,9.82
2009-11-25,12.06,12.35,12.06,12.29,4048200,10.19
2009-11-24,12.45,12.45,12.00,12.06,5402000,10.00
2009-11-23,12.49,12.79,12.29,12.36,5681100,10.25
2009-11-20,12.37,12.48,12.21,12.40,5003200,10.28
2009-11-19,12.58,12.58,12.27,12.45,7051200,10.32
2009-11-18,12.60,12.75,12.49,12.69,7801900,10.52
2009-11-17,12.77,13.00,12.57,12.57,6059100,10.42
2009-11-16,12.55,13.02,12.55,12.79,8172800,10.60
2009-11-13,12.55,12.84,12.33,12.45,8362900,10.32
2009-11-12,12.73,12.81,12.46,12.48,4457900,10.34
2009-11-11,12.73,12.88,12.48,12.80,5955400,10.61
2009-11-10,12.80,12.80,12.27,12.50,5538100,10.36
2009-11-09,12.20,12.82,12.03,12.81,10026800,10.62
2009-11-06,11.85,12.12,11.80,11.95,7641100,9.91
2009-11-05,12.34,12.38,11.54,12.03,16230600,9.97
2009-11-04,13.15,13.29,12.45,12.48,10703000,10.34
2009-11-03,12.58,13.01,12.39,12.97,8068900,10.75
2009-11-02,12.51,13.02,12.30,12.78,8312700,10.59
2009-10-30,12.73,13.00,12.22,12.64,13055900,10.48
2009-10-29,12.43,13.04,12.34,12.98,7505400,10.76
2009-10-28,12.66,13.05,12.15,12.20,11399700,10.11
2009-10-27,13.60,13.67,12.70,12.80,11329800,10.61
2009-10-26,13.73,14.20,13.46,13.53,6195800,11.22
2009-10-23,14.05,14.06,13.55,13.66,7139000,11.32
2009-10-22,13.60,14.01,13.49,14.01,10741000,11.61
2009-10-21,12.96,14.08,12.96,13.59,11272600,11.26
2009-10-20,13.45,13.46,12.97,13.11,4850500,10.87
2009-10-19,13.20,13.49,13.19,13.39,5948100,11.10
2009-10-16,13.36,13.49,13.08,13.16,5338600,10.91
2009-10-15,13.36,13.67,13.22,13.66,6927600,11.32
2009-10-14,12.89,13.59,12.87,13.51,9816900,11.20
2009-10-13,12.70,12.75,12.33,12.62,6352600,10.46
2009-10-12,12.80,12.89,12.60,12.77,4590000,10.59
2009-10-09,12.51,12.70,12.25,12.70,6116800,10.53
2009-10-08,12.32,12.68,12.30,12.58,5296600,10.43
2009-10-07,12.17,12.36,11.87,12.20,5866900,10.11
2009-10-06,12.24,12.50,11.99,12.24,9192800,10.15
2009-10-05,11.90,12.22,11.80,12.10,5717300,10.03
2009-10-02,11.69,12.24,11.54,11.73,9702800,9.72
2009-10-01,12.93,13.03,11.99,12.02,10844400,9.96
2009-09-30,13.34,13.47,12.83,13.04,12418300,10.76
2009-09-29,13.81,13.82,13.24,13.32,6238200,10.99
2009-09-28,13.11,13.77,13.07,13.76,7607700,11.35
2009-09-25,12.90,13.41,12.68,13.02,8001000,10.74
2009-09-24,13.87,14.15,12.93,12.95,10605600,10.68
2009-09-23,14.94,15.01,13.80,13.80,9367400,11.39
2009-09-22,14.59,14.94,14.39,14.89,8936400,12.29
2009-09-21,14.76,14.93,14.41,14.46,8650400,11.93
2009-09-18,15.32,15.46,14.79,14.94,17550000,12.33
2009-09-17,14.80,15.87,14.72,15.26,18944300,12.59
2009-09-16,14.25,15.30,14.20,14.85,19744900,12.25
2009-09-15,13.39,14.23,13.03,14.15,23554900,11.68
2009-09-14,12.83,13.35,12.72,13.35,10056000,11.01
2009-09-11,13.00,13.28,12.77,13.04,9500400,10.76
2009-09-10,12.62,13.00,12.37,12.97,6634000,10.70
2009-09-09,12.30,12.74,12.12,12.66,8099100,10.45
2009-09-08,11.91,12.27,11.86,12.27,8204900,10.12
2009-09-04,11.50,11.69,11.19,11.69,4505400,9.65
2009-09-03,11.41,11.50,11.01,11.49,7379500,9.48
2009-09-02,11.75,11.75,11.23,11.26,10306600,9.29
2009-09-01,12.50,12.56,11.77,11.83,10414300,9.76
2009-08-31,12.52,12.63,12.20,12.55,11589600,10.35
2009-08-28,12.30,12.74,12.23,12.69,8284500,10.47
2009-08-27,12.42,12.55,12.06,12.43,10222800,10.26
2009-08-26,12.26,12.49,11.94,12.45,7942200,10.27
2009-08-25,11.61,12.48,11.60,12.29,8875900,10.14
2009-08-24,12.16,12.33,11.88,11.91,7182200,9.83
2009-08-21,11.86,12.19,11.51,12.05,9725600,9.94
2009-08-20,10.61,11.46,10.61,11.41,6192300,9.41
2009-08-19,10.57,10.72,10.47,10.63,5153300,8.77
2009-08-18,10.44,10.98,10.44,10.82,5332400,8.93
2009-08-17,10.64,10.82,10.40,10.45,6901600,8.62
2009-08-14,11.25,11.34,10.82,11.16,6690200,9.21
2009-08-13,11.69,11.80,11.38,11.48,6678700,9.47
2009-08-12,11.28,11.84,11.21,11.54,6679700,9.52
2009-08-11,11.63,11.75,11.28,11.32,7558800,9.34
2009-08-10,11.97,12.17,11.57,11.80,8169200,9.74
2009-08-07,11.51,12.51,11.31,12.03,9791000,9.93
2009-08-06,11.44,11.91,11.19,11.33,12425100,9.35
2009-08-05,10.46,11.36,10.44,11.36,14505100,9.37
2009-08-04,10.05,11.09,9.89,10.85,15817400,8.95
2009-08-03,9.94,10.13,9.89,10.09,9654600,8.33
2009-07-31,9.48,9.97,9.31,9.84,8730600,8.12
2009-07-30,9.22,9.82,9.09,9.57,11323100,7.90
2009-07-29,9.01,9.19,8.93,9.07,6654200,7.48
2009-07-28,9.35,9.35,9.14,9.19,5762100,7.58
2009-07-27,9.16,9.51,9.05,9.45,7435500,7.80
2009-07-24,9.05,9.23,8.70,9.16,7882900,7.56
2009-07-23,8.82,9.33,8.62,9.15,12678400,7.55
2009-07-22,8.43,8.84,8.36,8.64,4659500,7.13
2009-07-21,8.66,8.75,8.37,8.59,6537300,7.09
2009-07-20,8.28,8.71,8.28,8.65,10373500,7.14
2009-07-17,9.18,9.19,8.16,8.22,13245500,6.78
2009-07-16,9.26,9.28,8.96,9.19,6436200,7.58
2009-07-15,8.95,9.56,8.85,9.35,11391100,7.71
2009-07-14,8.77,8.91,8.54,8.84,7877000,7.29
2009-07-13,8.71,8.91,8.44,8.88,11130600,7.33
2009-07-10,8.45,8.66,8.16,8.61,8528300,7.10
2009-07-09,9.00,9.06,8.45,8.48,11605800,7.00
2009-07-08,9.32,9.41,8.58,8.83,15499500,7.29
2009-07-07,9.78,9.78,9.21,9.26,8094100,7.64
2009-07-06,9.05,9.72,9.05,9.72,9126500,8.02
2009-07-02,10.05,10.05,9.34,9.34,6960900,7.71
2009-07-01,10.11,10.28,9.92,10.20,4060600,8.42
2009-06-30,9.95,10.06,9.73,10.05,5220900,8.24
2009-06-29,10.00,10.14,9.65,9.88,6104000,8.10
2009-06-26,9.93,10.06,9.73,9.97,7547500,8.18
2009-06-25,9.62,9.96,9.55,9.96,5744100,8.17
2009-06-24,9.51,9.86,9.34,9.76,7232400,8.00
2009-06-23,9.33,9.63,9.21,9.44,7062400,7.74
2009-06-22,9.94,10.02,9.21,9.27,10426200,7.60
2009-06-19,10.14,10.22,9.96,10.17,9114800,8.34
2009-06-18,10.08,10.08,9.68,10.00,6484300,8.20
2009-06-17,10.22,10.37,9.88,9.96,7171300,8.17
2009-06-16,10.47,10.76,10.15,10.26,7818100,8.41
2009-06-15,11.26,11.26,10.26,10.39,9938800,8.52
2009-06-12,11.16,11.42,10.97,11.35,5985600,9.31
2009-06-11,11.38,11.55,11.00,11.07,6777100,9.08
2009-06-10,11.99,12.15,11.12,11.44,9947900,9.38
2009-06-09,12.18,12.33,11.74,11.88,6557900,9.74
2009-06-08,12.37,12.49,12.04,12.28,5880700,10.07
2009-06-05,12.76,12.98,12.22,12.40,7339200,10.17
2009-06-04,12.23,12.70,12.05,12.62,9994300,10.35
2009-06-03,12.08,12.24,11.94,12.16,5017200,9.97
2009-06-02,12.14,12.54,12.06,12.16,9021000,9.97
2009-06-01,11.85,12.77,11.60,12.38,11742000,10.15
2009-05-29,11.62,11.70,11.17,11.69,9623900,9.59
2009-05-28,11.65,11.76,11.19,11.57,10219400,9.49
2009-05-27,11.95,11.95,11.39,11.47,13394600,9.41
2009-05-26,10.94,12.00,10.75,11.91,14604300,9.77
2009-05-22,11.33,11.52,10.95,11.00,7218100,9.02
2009-05-21,11.00,11.50,10.71,11.29,10621400,9.26
2009-05-20,11.29,11.80,11.12,11.22,12549300,9.20
2009-05-19,11.21,11.41,10.82,11.05,9638100,9.06
2009-05-18,10.30,11.50,10.17,11.38,12496600,9.33
2009-05-15,10.57,10.70,9.86,10.06,9454300,8.25
2009-05-14,9.99,10.85,9.86,10.67,11098800,8.75
2009-05-13,10.90,10.90,10.05,10.17,9882000,8.34
2009-05-12,11.55,11.67,10.85,11.15,10068300,9.14
2009-05-11,11.53,11.76,11.32,11.40,11168400,9.35
2009-05-08,11.35,12.28,11.06,12.09,17454600,9.92
2009-05-07,12.33,12.33,10.73,11.07,12746500,9.08
2009-05-06,11.81,12.21,11.42,12.09,12442000,9.92
2009-05-05,12.23,12.35,11.32,11.51,10868500,9.44
2009-05-04,11.36,12.46,11.35,12.46,15365600,10.22
2009-05-01,11.95,11.99,10.96,11.15,11899200,9.14
2009-04-30,11.63,12.36,11.48,12.02,17683200,9.86
2009-04-29,10.95,11.78,10.81,11.33,13248000,9.29
2009-04-28,10.49,11.17,10.43,10.80,9614600,8.86
2009-04-27,11.36,11.56,10.38,10.76,11731800,8.82
2009-04-24,10.80,12.05,10.55,11.67,15031800,9.57
2009-04-23,10.45,10.82,10.04,10.77,11761500,8.83
2009-04-22,10.51,11.12,10.28,10.30,14355000,8.45
2009-04-21,9.52,11.24,9.28,11.02,18342300,9.04
2009-04-20,10.81,10.90,9.81,9.90,14786300,8.12
2009-04-17,10.90,11.67,10.50,11.08,13676600,9.09
2009-04-16,10.33,11.64,9.70,10.90,18046400,8.94
2009-04-15,9.38,10.30,9.15,10.21,16629400,8.37
2009-04-14,10.05,10.53,8.97,9.07,16371900,7.44
2009-04-13,9.85,10.48,9.70,10.17,12645700,8.34
2009-04-09,9.16,10.37,8.81,10.28,21536800,8.43
2009-04-08,8.52,8.99,8.40,8.94,19263500,7.33
2009-04-07,9.27,9.38,8.52,8.56,17008600,7.02
2009-04-06,9.06,9.65,8.75,9.33,23525500,7.65
2009-04-03,8.68,9.45,8.02,9.40,97657300,7.71
2009-04-02,7.47,7.64,7.03,7.49,14621300,6.14
2009-04-01,7.64,7.80,7.22,7.22,9865400,5.56
2009-03-31,6.99,7.94,6.98,7.62,11896200,5.87
2009-03-30,7.19,7.37,6.96,6.97,8456200,5.37
2009-03-27,7.91,8.04,7.43,7.65,7504100,5.89
2009-03-26,7.82,8.18,7.52,8.08,10978200,6.22
2009-03-25,8.28,8.45,6.93,7.66,12308400,5.90
2009-03-24,8.28,8.84,7.74,7.94,10532700,6.12
2009-03-23,7.76,8.75,7.33,8.47,16513100,6.52
2009-03-20,8.54,8.56,7.08,7.30,13732500,5.62
2009-03-19,9.34,9.45,8.28,8.39,10281300,6.46
2009-03-18,8.27,9.26,7.91,9.11,10995000,7.02
2009-03-17,7.91,8.41,7.27,8.38,13383100,6.45
2009-03-16,9.60,9.60,7.87,7.91,10877900,6.09
2009-03-13,9.50,9.56,8.86,9.18,7353200,7.07
2009-03-12,8.66,9.57,8.26,9.44,15883900,7.27
2009-03-11,9.02,9.19,8.45,8.60,11675400,6.62
2009-03-10,7.59,9.05,7.38,9.01,16258600,6.94
2009-03-09,7.03,7.43,6.64,7.43,9283300,5.72
2009-03-06,7.29,7.40,6.33,7.01,14839700,5.40
2009-03-05,7.93,8.03,7.09,7.21,11619000,5.55
2009-03-04,8.22,8.55,7.89,8.25,9905900,6.35
2009-03-03,8.09,8.40,7.54,8.06,9393300,6.21
2009-03-02,8.26,8.72,7.88,8.04,12016200,6.19
2009-02-27,8.71,9.20,8.71,8.85,9848600,6.82
2009-02-26,9.47,10.02,8.98,9.05,8763300,6.97
2009-02-25,9.50,9.89,8.76,9.42,11065800,7.26
2009-02-24,8.76,9.71,8.60,9.63,12335700,7.42
2009-02-23,10.13,10.27,8.77,8.79,10037100,6.77
2009-02-20,8.76,10.02,8.64,10.01,10953000,7.71
2009-02-19,9.97,10.23,9.06,9.20,9724000,7.09
2009-02-18,9.72,9.84,9.25,9.79,8965300,7.54
2009-02-17,10.00,10.34,9.40,9.49,11063600,7.31
2009-02-13,11.57,11.58,10.37,10.40,10390800,8.01
2009-02-12,11.61,11.82,10.65,11.70,10029200,9.01
2009-02-11,11.97,12.23,10.73,11.78,10036800,9.07
2009-02-10,13.20,13.45,11.37,11.66,9789700,8.98
2009-02-09,12.96,13.50,12.69,13.45,5367200,10.36
2009-02-06,12.39,13.64,12.13,13.38,8674200,10.31
2009-02-05,12.15,13.40,10.85,12.10,12410500,9.32
2009-02-04,13.94,14.52,13.40,13.45,7894100,10.36
2009-02-03,14.05,14.22,13.56,13.85,7993300,10.67
2009-02-02,14.12,14.20,13.18,14.11,9376500,10.87
2009-01-30,15.86,16.00,14.08,14.38,7792600,11.08
2009-01-29,16.49,16.78,15.27,15.43,7687600,11.88
2009-01-28,16.53,17.32,16.18,17.24,8115900,13.28
2009-01-27,15.87,16.13,15.29,15.68,4300600,12.08
2009-01-26,15.61,16.31,15.07,15.56,4866600,11.98
2009-01-23,14.57,15.79,14.27,15.61,5134600,12.02
2009-01-22,15.77,16.37,14.89,15.10,11079200,11.63
2009-01-21,14.89,16.78,14.11,16.71,9231400,12.87
2009-01-20,16.77,16.77,14.65,14.74,9629700,11.35
2009-01-16,16.53,17.14,15.70,17.07,7507700,13.15
2009-01-15,15.61,16.92,14.65,16.06,11160900,12.37
2009-01-14,16.14,16.54,15.41,15.81,9281100,12.18
2009-01-13,16.06,17.12,15.95,16.70,8332200,12.86
2009-01-12,18.02,18.02,16.04,16.36,7530800,12.60
2009-01-09,19.72,19.99,17.75,17.90,8983900,13.79
2009-01-08,19.57,20.15,18.99,19.85,6925800,15.29
2009-01-07,20.14,20.90,19.40,20.08,6190000,15.47
2009-01-06,19.23,20.88,18.88,20.45,8402300,15.75
2009-01-05,18.04,19.29,18.01,18.80,7062100,14.48
2009-01-02,18.48,19.26,17.63,18.20,6012500,14.02
2008-12-31,17.73,18.34,17.57,18.28,6157800,14.08
2008-12-30,17.76,17.91,17.07,17.77,4228800,13.69
2008-12-29,18.48,18.53,17.29,17.77,4760500,13.35
2008-12-26,19.17,19.69,17.60,18.50,2610300,13.90
2008-12-24,18.67,19.00,18.34,19.00,1249300,14.27
2008-12-23,18.16,19.33,18.13,18.65,5125900,14.01
2008-12-22,18.88,18.98,17.38,18.50,7480700,13.90
2008-12-19,18.08,18.85,17.24,18.85,7446600,14.16
2008-12-18,18.12,19.57,16.92,17.54,10438300,13.17
2008-12-17,17.11,20.02,17.02,18.86,8450700,14.17
2008-12-16,15.16,17.95,14.95,17.69,11358900,13.29
2008-12-15,16.76,16.76,14.51,15.14,5611900,11.37
2008-12-12,14.47,15.99,14.03,15.99,12643900,12.01
2008-12-11,17.52,17.91,14.45,14.91,12057800,11.20
2008-12-10,16.49,18.70,16.22,18.20,6744400,13.67
2008-12-09,18.28,18.50,16.00,16.29,8531400,12.24
2008-12-08,16.48,18.78,16.47,18.75,10065200,14.08
2008-12-05,14.40,16.49,14.02,16.28,10811100,12.23
2008-12-04,14.17,16.04,13.28,14.61,11473400,10.97
2008-12-03,13.20,15.14,12.81,14.73,12277700,11.06
2008-12-02,12.23,14.11,11.54,13.93,16259600,10.46
2008-12-01,13.87,14.38,11.50,11.87,12411100,8.92
2008-11-28,14.91,15.24,14.09,14.15,4019500,10.63
2008-11-26,14.30,15.12,13.22,15.02,10533100,11.28
2008-11-25,15.73,16.17,13.00,14.31,11352700,10.75
2008-11-24,11.61,15.08,11.60,15.08,14807400,11.33
2008-11-21,11.66,13.10,9.56,11.28,17487700,8.47
2008-11-20,12.30,13.32,10.37,11.26,18337700,8.46
2008-11-19,16.82,16.83,12.53,12.77,14624200,9.59
2008-11-18,16.91,17.37,15.81,16.94,9551900,12.72
2008-11-17,17.00,17.63,16.38,16.99,6874000,12.76
2008-11-14,18.50,18.88,16.95,17.25,6632100,12.96
2008-11-13,17.42,19.72,16.02,19.16,11615100,14.39
2008-11-12,18.45,18.85,16.85,17.26,9332100,12.96
2008-11-11,18.92,20.29,18.12,19.33,5896100,14.52
2008-11-10,21.10,21.31,18.57,19.00,6867800,14.27
2008-11-07,20.12,21.21,19.50,21.01,5652700,15.78
2008-11-06,19.97,20.71,19.00,20.00,5496700,15.02
2008-11-05,22.20,22.47,19.00,20.59,11113800,15.47
2008-11-04,21.79,23.30,21.04,23.30,5852300,17.50
2008-11-03,22.62,22.89,21.40,21.47,3284100,16.13
2008-10-31,20.94,22.73,20.74,22.58,7732600,16.96
2008-10-30,21.53,21.53,20.41,21.05,5877200,15.81
2008-10-29,22.48,22.48,20.26,20.77,8087000,15.60
2008-10-28,18.60,22.56,17.64,22.56,10353000,16.95
2008-10-27,17.95,19.49,17.50,17.62,6776300,13.23
2008-10-24,17.67,20.47,16.65,18.50,8678500,13.90
2008-10-23,19.92,20.43,16.86,19.05,12543600,14.31
2008-10-22,22.03,22.33,19.00,19.78,7742000,14.86
2008-10-21,23.24,24.03,22.43,22.57,4109500,16.95
2008-10-20,24.61,24.87,22.47,23.27,5388400,17.48
2008-10-17,24.00,25.79,23.35,24.63,4693400,18.50
2008-10-16,25.15,25.65,23.40,25.17,7361000,18.91
2008-10-15,25.83,27.08,24.00,24.74,6329500,18.58
2008-10-14,32.10,32.30,25.23,27.36,7039700,20.55
2008-10-13,30.65,30.97,28.92,30.60,5852300,22.98
2008-10-10,24.49,30.32,23.41,29.78,11634000,22.37
2008-10-09,28.19,29.56,25.43,25.43,7382200,19.10
2008-10-08,26.48,29.20,25.74,27.61,7107200,20.74
2008-10-07,30.38,30.60,27.44,27.67,8186400,20.78
2008-10-06,30.00,31.67,29.27,30.31,9314300,22.77
2008-10-03,34.34,35.16,30.76,31.36,6926600,23.55
2008-10-02,35.71,35.76,33.89,34.31,4153300,25.77
2008-10-01,36.32,37.06,35.38,36.14,3092400,27.15
2008-09-30,38.09,38.63,36.39,36.94,5088800,27.42
2008-09-29,37.57,38.63,35.72,36.55,5087300,27.13
2008-09-26,36.32,38.52,36.01,38.38,3152600,28.48
2008-09-25,37.15,37.83,36.44,37.29,3446800,27.68
2008-09-24,37.67,37.89,36.29,36.70,3931000,27.24
2008-09-23,39.74,40.15,36.74,37.22,4625100,27.62
2008-09-22,42.76,42.99,37.71,38.26,4647100,28.40
2008-09-19,42.08,47.80,38.88,42.95,11201200,31.88
2008-09-18,36.32,40.69,33.83,40.69,8176100,30.20
2008-09-17,36.76,37.60,35.52,35.77,5555800,26.55
2008-09-16,35.68,37.82,35.01,37.55,6641800,27.87
2008-09-15,37.68,38.51,36.24,36.24,6335500,26.90
2008-09-12,38.25,38.95,37.31,38.87,3564000,28.85
2008-09-11,37.00,38.48,36.75,38.29,5648300,28.42
2008-09-10,37.04,37.61,36.76,37.26,15098600,27.65
2008-09-09,38.37,38.98,37.10,37.60,6746600,27.91
2008-09-08,39.00,40.14,38.68,39.93,5978500,29.63
2008-09-05,36.66,37.91,36.50,37.81,3000100,28.06
2008-09-04,37.15,37.87,36.95,37.24,3698100,27.64
2008-09-03,37.02,37.77,36.59,37.75,2265100,28.02
2008-09-02,37.59,38.19,36.44,37.18,2278300,27.59
2008-08-29,37.45,37.79,37.01,37.14,1669700,27.56
2008-08-28,36.21,37.85,35.28,37.83,2118200,28.08
2008-08-27,34.92,36.04,34.56,35.76,1289000,26.54
2008-08-26,34.78,35.49,34.29,35.29,1250500,26.19
2008-08-25,36.71,36.71,34.79,34.88,1834200,25.89
2008-08-22,34.79,36.82,34.79,36.44,2373500,27.04
2008-08-21,34.20,35.02,34.12,34.67,1655100,25.73
2008-08-20,34.98,35.25,34.18,35.03,1960000,26.00
2008-08-19,35.51,35.59,34.49,34.75,2544300,25.79
2008-08-18,36.49,37.54,35.69,36.04,2015500,26.75
2008-08-15,36.63,37.16,36.05,37.06,1869200,27.50
2008-08-14,34.74,36.70,34.74,36.46,1690900,27.06
2008-08-13,36.18,36.31,34.72,35.46,2458400,26.32
2008-08-12,37.19,37.31,36.00,36.46,2252900,27.06
2008-08-11,36.28,38.20,35.87,37.41,2726300,27.76
2008-08-08,34.71,36.85,34.71,36.57,2506600,27.14
2008-08-07,36.67,37.24,34.86,35.28,3171200,26.18
2008-08-06,36.73,37.59,35.94,37.39,2496900,27.75
2008-08-05,35.15,36.92,34.85,36.74,3614000,27.27
2008-08-04,35.16,35.20,34.47,34.70,2325900,25.75
2008-08-01,35.12,35.42,33.99,34.95,2200600,25.94
2008-07-31,35.06,35.85,34.49,35.29,2425300,26.19
2008-07-30,36.04,36.86,34.31,35.70,3168900,26.50
2008-07-29,33.89,36.26,33.88,36.09,4218700,26.78
2008-07-28,34.60,35.53,33.54,33.83,2895200,25.11
2008-07-25,33.81,35.07,33.45,34.69,2879600,25.75
2008-07-24,36.94,37.42,33.49,33.81,4223400,25.09
2008-07-23,34.55,37.71,34.55,36.97,4437400,27.44
2008-07-22,33.85,35.76,33.28,35.65,4263500,26.46
2008-07-21,34.15,34.71,33.77,34.39,2768400,25.52
2008-07-18,34.23,34.46,33.37,34.24,2656300,25.41
2008-07-17,33.95,34.71,32.26,34.14,5986000,25.34
2008-07-16,30.29,32.56,29.63,32.36,6333300,24.02
2008-07-15,30.65,31.60,29.54,30.20,7484500,22.41
2008-07-14,33.56,33.56,30.87,30.99,3429200,23.00
2008-07-11,31.50,33.25,31.35,32.62,4321200,24.21
2008-07-10,31.87,33.31,31.37,32.87,3253800,24.39
2008-07-09,34.31,34.76,31.95,32.05,3820600,23.79
2008-07-08,31.71,35.51,31.43,34.71,6334100,25.76
2008-07-07,34.15,34.67,32.35,32.60,3593800,24.19
2008-07-03,34.35,34.43,33.73,34.06,1759900,25.28
2008-07-02,34.90,34.90,33.77,33.81,4687400,25.09
2008-07-01,33.91,34.00,32.81,33.90,3176400,25.16
2008-06-30,34.77,35.21,34.20,34.52,2093500,25.32
2008-06-27,35.14,35.48,34.48,34.77,2382900,25.51
2008-06-26,35.97,36.28,34.87,34.92,1507600,25.62
2008-06-25,35.95,37.21,35.87,36.59,1710600,26.84
2008-06-24,35.29,36.20,34.58,35.64,1939300,26.14
2008-06-23,36.37,36.47,35.21,35.27,1890100,25.87
2008-06-20,36.77,37.15,36.07,36.37,2383100,26.68
2008-06-19,36.01,37.27,35.50,37.24,2365500,27.32
2008-06-18,36.26,36.62,35.57,35.91,1742900,26.34
2008-06-17,38.41,38.77,36.67,36.70,1281700,26.92
2008-06-16,37.38,38.21,36.93,38.10,1586300,27.95
2008-06-13,37.74,37.90,36.69,37.79,1500200,27.72
2008-06-12,36.83,37.35,36.50,37.20,2224900,27.29
2008-06-11,37.29,37.77,36.50,36.52,1684700,26.79
2008-06-10,37.01,37.84,36.34,37.67,1806000,27.63
2008-06-09,38.07,38.47,37.19,37.19,2087000,27.28
2008-06-06,39.45,39.95,37.71,37.89,2134800,27.79
2008-06-05,39.31,40.29,39.07,40.18,1187700,29.47
2008-06-04,38.45,39.40,38.26,39.06,1608600,28.65
2008-06-03,38.65,38.91,38.02,38.61,1757800,28.32
2008-06-02,39.33,39.33,37.83,38.15,1720100,27.99
2008-05-30,40.03,40.50,39.05,39.35,1564700,28.87
2008-05-29,39.04,40.09,39.04,40.05,1424000,29.38
2008-05-28,39.32,39.40,38.76,39.40,900800,28.90
2008-05-27,39.02,39.55,38.70,39.08,1359500,28.67
2008-05-23,39.00,39.39,38.68,38.77,1517500,28.44
2008-05-22,39.59,39.97,39.13,39.31,1831900,28.84
2008-05-21,41.10,41.38,39.59,39.59,1464800,29.04
2008-05-20,41.08,41.46,40.53,40.89,1519700,30.00
2008-05-19,40.81,41.37,40.64,41.12,881300,30.16
2008-05-16,41.29,41.41,40.60,40.87,987200,29.98
2008-05-15,41.17,41.42,40.65,41.42,1147200,30.38
2008-05-14,41.16,41.74,40.88,41.45,873500,30.41
2008-05-13,40.65,41.07,40.29,40.88,699000,29.99
2008-05-12,39.75,40.94,39.64,40.79,1226600,29.92
2008-05-09,39.44,40.06,38.88,39.49,1255100,28.97
2008-05-08,40.22,40.38,39.55,39.79,1091500,29.19
2008-05-07,41.65,41.89,39.86,39.99,1582900,29.34
2008-05-06,40.74,41.60,40.71,41.60,2273500,30.52
2008-05-05,41.05,41.49,40.50,41.39,920300,30.36
2008-05-02,41.14,42.22,41.02,41.24,1862400,30.25
2008-05-01,39.84,41.51,39.50,40.98,2165200,30.06
2008-04-30,40.92,41.43,39.91,39.91,1504200,29.28
2008-04-29,41.55,41.76,40.55,40.63,1219600,29.80
2008-04-28,42.25,42.30,41.34,41.79,1749300,30.66
2008-04-25,41.59,42.14,41.14,42.09,1583600,30.88
2008-04-24,39.71,41.50,39.58,41.37,1676400,30.35
2008-04-23,39.09,39.97,38.79,39.73,2474800,29.14
2008-04-22,38.90,39.16,38.51,38.87,2386700,28.51
2008-04-21,40.34,40.43,38.93,38.93,1718100,28.56
2008-04-18,40.88,41.53,40.23,40.57,1619000,29.76
2008-04-17,40.14,40.34,39.67,40.30,1201300,29.56
2008-04-16,38.85,40.50,38.83,40.35,1951300,29.60
2008-04-15,38.24,38.52,37.89,38.42,1570900,28.18
2008-04-14,38.08,38.69,37.78,37.81,2280900,27.74
2008-04-11,38.40,38.70,37.95,37.99,1838500,27.87
2008-04-10,38.34,39.26,38.08,38.85,1469400,28.50
2008-04-09,39.40,39.66,38.60,38.61,1632900,28.32
2008-04-08,40.57,40.57,39.49,39.66,2697400,29.09
2008-04-07,41.03,41.28,40.24,40.79,1677600,29.92
2008-04-04,41.81,41.99,40.74,40.80,1704700,29.93
2008-04-03,40.76,41.93,40.25,41.93,1659900,30.76
2008-04-02,41.31,41.51,40.36,40.67,2226200,29.83
2008-04-01,39.85,41.41,39.65,41.33,2847000,30.02
2008-03-31,38.73,40.13,38.64,39.17,3367700,28.46
2008-03-28,37.79,39.01,37.79,38.76,3116500,28.16
2008-03-27,39.27,39.49,38.10,38.24,1851700,27.78
2008-03-26,38.99,39.47,38.54,38.66,1608400,28.09
2008-03-25,39.38,39.65,38.54,39.36,2359600,28.59
2008-03-24,38.54,40.18,38.43,39.44,2568200,28.65
2008-03-20,36.27,38.48,35.95,38.30,3363000,27.82
2008-03-19,36.81,37.03,35.90,36.00,2594200,26.15
2008-03-18,35.21,36.16,34.33,36.16,3439100,26.27
2008-03-17,32.50,34.19,32.01,33.83,2673200,24.58
2008-03-14,34.81,35.30,32.90,33.65,3454600,24.45
2008-03-13,34.40,35.19,33.52,34.81,2899500,25.29
2008-03-12,35.55,36.32,34.88,34.95,2609000,25.39
2008-03-11,34.05,35.76,33.61,35.54,2961000,25.82
2008-03-10,34.02,34.23,33.12,33.22,1692900,24.13
2008-03-07,32.97,34.32,32.63,34.05,2453300,24.74
2008-03-06,34.20,34.31,33.24,33.35,2480900,24.23
2008-03-05,34.49,34.88,33.91,34.47,2468000,25.04
2008-03-04,33.63,34.48,33.32,34.25,2355200,24.88
2008-03-03,33.79,33.92,33.14,33.89,3217300,24.62
2008-02-29,34.22,34.47,33.62,33.77,1853100,24.53
2008-02-28,35.00,35.15,34.51,34.67,1898600,25.19
2008-02-27,35.16,35.92,34.81,35.32,1580700,25.66
2008-02-26,35.21,35.58,34.53,35.37,2471300,25.70
2008-02-25,33.76,35.24,33.33,35.17,2945600,25.55
2008-02-22,33.41,33.91,32.78,33.90,2400900,24.63
2008-02-21,33.89,34.26,33.07,33.22,2729700,24.13
2008-02-20,32.81,33.93,32.72,33.82,2755200,24.57
2008-02-19,34.39,34.63,32.84,33.22,2266800,24.13
2008-02-15,33.75,34.32,33.31,34.05,1802800,24.74
2008-02-14,34.66,34.85,33.81,33.94,1593800,24.66
2008-02-13,35.20,35.67,34.27,34.72,1666600,25.22
2008-02-12,33.61,35.00,33.61,35.00,1839300,25.43
2008-02-11,34.02,34.24,33.31,33.49,1609100,24.33
2008-02-08,35.98,35.98,33.60,34.15,2563200,24.81
2008-02-07,34.79,36.50,34.79,36.35,2141600,26.41
2008-02-06,34.95,35.96,34.18,34.92,3094500,25.37
2008-02-05,36.04,36.95,35.26,35.26,2167800,25.62
2008-02-04,36.87,37.23,36.34,36.62,1651300,26.60
2008-02-01,35.70,37.60,35.64,37.37,2146800,27.15
2008-01-31,34.63,36.28,34.13,35.85,2547900,26.04
2008-01-30,35.73,36.89,34.92,35.12,2283500,25.51
2008-01-29,36.29,36.39,35.14,35.59,1417400,25.85
2008-01-28,34.84,36.00,34.40,35.96,2773000,26.12
2008-01-25,35.38,36.19,34.53,34.84,2619100,25.31
2008-01-24,35.60,35.94,34.24,35.15,5605400,25.54
2008-01-23,31.37,35.55,31.01,35.52,5657200,25.80
2008-01-22,29.71,32.47,29.00,32.38,4634400,23.52
2008-01-18,31.16,31.69,30.02,30.70,2911800,22.30
2008-01-17,31.37,31.96,30.81,30.92,2954200,22.46
2008-01-16,30.27,32.12,29.92,31.33,3256200,22.76
2008-01-15,31.38,31.38,30.21,30.47,2835100,22.14
2008-01-14,32.85,33.23,30.59,31.85,3135800,23.14
2008-01-11,32.84,33.80,31.50,32.58,2656000,23.67
2008-01-10,32.11,33.61,31.01,33.08,3774600,24.03
2008-01-09,32.95,33.24,31.72,32.87,4019900,23.88
2008-01-08,34.37,35.31,32.89,32.91,2483600,23.91
2008-01-07,33.91,34.42,33.00,34.26,2357300,24.89
2008-01-04,34.91,35.00,33.62,33.77,2995400,24.53
2008-01-03,36.44,36.76,35.27,35.34,1794900,25.67
2008-01-02,36.44,36.99,35.86,36.43,1571400,26.47
