Date,Open,High,Low,Close,Volume,Adj Close
2013-12-31,105.73,105.74,104.16,104.46,1321000,103.67
2013-12-30,105.10,105.97,104.95,105.93,1006400,105.13
2013-12-27,105.22,105.80,105.00,105.10,669300,104.30
2013-12-26,104.80,105.13,104.41,104.99,643000,104.19
2013-12-24,104.70,105.18,104.45,104.79,386800,104.00
2013-12-23,105.29,105.39,104.43,104.54,1078500,103.75
2013-12-20,104.67,105.61,104.17,105.18,2019700,104.38
2013-12-19,104.33,105.08,104.04,104.38,1552600,103.59
2013-12-18,103.25,105.18,102.71,105.14,1779300,104.34
2013-12-17,103.78,103.99,102.53,102.75,1769900,101.97
2013-12-16,104.39,104.89,103.85,104.03,1443300,103.24
2013-12-13,104.02,104.34,103.36,103.92,989300,103.13
2013-12-12,105.12,105.26,103.74,103.83,1550300,103.04
2013-12-11,105.16,106.17,104.97,105.38,1650300,104.58
2013-12-10,105.42,105.50,104.58,104.91,1620500,104.12
2013-12-09,105.85,106.23,105.38,105.83,1289800,105.03
2013-12-06,104.75,105.60,104.73,105.58,1850700,104.78
2013-12-05,104.03,104.30,103.42,103.90,2074900,103.11
2013-12-04,105.00,105.13,104.04,104.20,2694000,103.41
2013-12-03,106.59,106.74,105.51,106.48,3001300,104.87
2013-12-02,108.86,109.40,107.04,107.15,2323200,105.53
2013-11-29,108.25,109.54,108.14,109.16,1481500,107.51
2013-11-27,108.22,108.39,107.51,108.22,1210200,106.58
2013-11-26,108.44,108.89,108.13,108.13,1697100,106.49
2013-11-25,108.99,109.37,108.16,108.36,1031100,106.72
2013-11-22,107.74,109.29,107.74,109.00,6458800,107.35
2013-11-21,108.05,108.53,107.71,107.92,4700500,106.29
2013-11-20,107.84,108.87,107.57,107.82,1259800,106.19
2013-11-19,107.74,108.15,107.39,107.88,1971000,106.25
2013-11-18,109.00,109.44,107.59,108.00,2535900,106.37
2013-11-15,111.54,111.68,108.28,109.26,3320000,107.61
2013-11-14,109.10,109.91,108.85,109.71,1285200,108.05
2013-11-13,107.74,108.85,107.57,108.84,1172800,107.19
2013-11-12,107.89,108.40,107.47,108.21,1218000,106.57
2013-11-11,108.03,108.75,107.83,107.96,913200,106.33
2013-11-08,107.88,108.10,106.72,108.03,1661200,106.40
2013-11-07,109.66,109.68,107.73,107.88,1580200,106.25
2013-11-06,108.96,109.72,108.34,109.63,1237300,107.97
2013-11-05,108.54,109.04,108.05,108.81,996900,107.16
2013-11-04,108.05,108.88,107.54,108.85,1239000,107.20
2013-11-01,107.87,108.29,107.27,108.01,1528400,106.38
2013-10-31,107.89,108.39,107.15,108.00,1377600,106.37
2013-10-30,108.33,108.56,107.01,107.90,1688200,106.27
2013-10-29,107.42,108.21,107.01,108.17,2199700,106.53
2013-10-28,105.51,107.84,105.27,107.31,2419200,105.69
2013-10-25,104.00,105.56,103.62,105.51,1455000,103.91
2013-10-24,104.72,105.05,104.17,104.21,1776800,102.63
2013-10-23,102.22,105.32,102.19,104.96,2895500,103.37
2013-10-22,102.43,103.48,100.83,102.97,3609500,101.41
2013-10-21,98.83,98.88,98.00,98.83,1912600,97.34
2013-10-18,99.63,99.63,98.49,99.18,1794700,97.68
2013-10-17,97.65,99.24,97.54,99.04,1453600,97.54
2013-10-16,97.03,98.40,96.86,98.00,1532900,96.52
2013-10-15,96.91,96.97,96.34,96.55,1302800,95.09
2013-10-14,96.45,96.97,96.22,96.96,1484600,95.49
2013-10-11,95.85,97.01,95.30,96.95,1186600,95.48
2013-10-10,94.99,95.94,94.57,95.93,1246300,94.48
2013-10-09,93.55,95.00,93.20,94.28,2058700,92.85
2013-10-08,93.51,94.12,93.12,93.19,2014000,91.78
2013-10-07,93.81,94.65,93.55,93.86,984900,92.44
2013-10-04,94.38,94.79,94.03,94.26,1182600,92.83
2013-10-03,94.26,94.73,93.31,94.44,1768300,93.01
2013-10-02,94.23,94.27,93.20,94.26,1456400,92.83
2013-10-01,93.49,94.62,93.42,94.38,1366100,92.95
2013-09-30,94.40,94.89,93.78,94.22,1775600,92.79
2013-09-27,95.17,95.34,94.09,94.79,989000,93.36
2013-09-26,94.91,95.53,94.75,95.46,916700,94.02
2013-09-25,95.67,96.10,94.60,94.69,1664800,93.26
2013-09-24,95.75,96.01,95.30,95.37,1259200,93.93
2013-09-23,96.16,96.28,95.26,95.79,1198500,94.34
2013-09-20,97.09,97.20,96.19,96.20,1675600,94.74
2013-09-19,97.91,97.98,96.68,97.20,1515600,95.73
2013-09-18,96.40,97.73,96.05,97.71,1412700,96.23
2013-09-17,96.44,96.87,96.03,96.36,1000000,94.90
2013-09-16,96.55,96.95,96.20,96.43,1086500,94.97
2013-09-13,95.16,95.92,95.04,95.69,1175600,94.24
2013-09-12,94.57,95.45,94.39,94.85,1355500,93.42
2013-09-11,93.69,94.59,93.23,94.56,1265400,93.13
2013-09-10,94.10,94.52,93.28,93.90,1276800,92.48
2013-09-09,93.03,93.61,92.80,93.61,1537100,92.19
2013-09-06,92.52,93.59,92.00,93.06,1553600,91.65
2013-09-05,92.39,92.45,91.60,92.27,1309700,90.87
2013-09-04,92.45,92.71,91.44,92.49,1508500,91.09
2013-09-03,94.16,94.22,92.45,92.64,1846500,90.44
2013-08-30,93.21,93.59,92.77,93.48,1701400,91.26
2013-08-29,92.20,93.31,92.00,92.95,1203200,90.74
2013-08-28,93.32,93.35,92.50,92.53,1399300,90.33
2013-08-27,93.67,94.05,92.72,93.53,1858600,91.31
2013-08-26,95.93,96.08,94.51,94.53,1018000,92.29
2013-08-23,95.99,96.24,95.51,95.89,1073600,93.61
2013-08-22,94.12,96.31,93.60,95.61,2072100,93.34
2013-08-21,94.85,94.93,94.01,94.08,1220200,91.85
2013-08-20,94.60,95.66,94.40,94.99,1227300,92.74
2013-08-19,94.90,94.93,94.21,94.60,1477300,92.35
2013-08-16,95.56,95.61,94.88,94.94,2132900,92.69
2013-08-15,96.51,96.70,95.74,95.80,1523000,93.53
2013-08-14,97.94,98.24,96.60,96.78,1751800,94.48
2013-08-13,98.39,98.97,97.80,98.14,1082100,95.81
2013-08-12,98.09,98.41,97.45,98.30,1035300,95.97
2013-08-09,98.42,98.92,98.01,98.53,1194700,96.19
2013-08-08,99.14,99.16,97.83,98.57,1363500,96.23
2013-08-07,99.33,99.55,98.62,98.96,1147100,96.61
2013-08-06,99.26,99.92,99.13,99.74,1202900,97.37
2013-08-05,99.27,99.69,99.02,99.32,1229700,96.96
2013-08-02,98.67,99.64,98.16,99.61,1809200,97.25
2013-08-01,99.44,99.99,98.25,98.79,1819800,96.44
2013-07-31,97.91,99.27,97.91,98.80,1939500,96.45
2013-07-30,98.54,98.98,97.70,97.96,1106700,95.63
2013-07-29,98.19,98.69,97.91,98.14,935100,95.81
2013-07-26,98.34,98.59,97.44,98.39,1328900,96.05
2013-07-25,97.82,98.79,97.63,98.47,1196700,96.13
2013-07-24,98.18,98.30,97.67,97.85,1606600,95.53
2013-07-23,97.68,98.36,96.58,98.20,2351900,95.87
2013-07-22,97.46,98.91,96.14,97.68,3239300,95.36
2013-07-19,98.94,99.49,98.16,99.49,2921600,97.13
2013-07-18,99.75,100.02,98.79,98.91,2242500,96.56
2013-07-17,100.67,100.81,99.52,99.64,1403700,97.27
2013-07-16,99.89,100.27,99.52,100.19,2159300,97.81
2013-07-15,99.89,100.21,99.07,100.12,1385800,97.74
2013-07-12,99.42,99.93,99.25,99.88,1148800,97.51
2013-07-11,99.48,99.85,98.92,99.65,1732700,97.28
2013-07-10,98.72,98.97,98.00,98.59,1848800,96.25
2013-07-09,98.69,99.08,98.32,98.53,1137600,96.19
2013-07-08,97.93,98.59,97.54,98.07,1545000,95.74
2013-07-05,97.43,97.58,96.09,97.39,929300,95.08
2013-07-03,96.84,97.41,96.03,97.03,940400,94.73
2013-07-02,97.38,97.91,96.64,97.04,1253100,94.74
2013-07-01,96.88,98.05,96.88,97.17,1482000,94.86
2013-06-28,97.00,97.54,96.43,97.14,2486300,94.83
2013-06-27,97.48,98.19,97.15,97.32,1685800,95.01
2013-06-26,96.41,97.30,96.27,96.99,2136900,94.69
2013-06-25,95.70,96.06,94.41,95.60,1906100,93.33
2013-06-24,94.64,96.05,93.76,95.09,2368200,92.83
2013-06-21,95.73,96.42,94.83,95.78,3771400,93.51
2013-06-20,95.88,95.88,93.81,94.66,5431000,92.41
2013-06-19,98.99,99.40,96.46,96.50,2330800,94.21
2013-06-18,99.68,99.68,98.87,99.44,1659300,97.08
2013-06-17,98.31,99.59,98.30,99.54,1937300,97.18
2013-06-14,97.57,98.75,97.47,97.86,2252500,95.54
2013-06-13,96.93,98.05,96.57,97.57,2494200,95.25
2013-06-12,98.77,98.95,96.79,96.81,2280800,94.51
2013-06-11,96.98,98.51,96.56,97.95,1925000,95.62
2013-06-10,97.09,97.61,96.18,97.57,2071200,95.25
2013-06-07,97.18,98.00,96.56,97.12,2011500,94.81
2013-06-06,95.41,96.35,94.57,96.35,3159800,94.06
2013-06-05,96.68,96.68,95.68,95.71,1933000,93.44
2013-06-04,96.61,98.09,96.49,97.58,2996400,94.47
2013-06-03,97.00,97.12,95.51,96.70,4349900,93.62
2013-05-31,100.00,100.16,96.82,96.83,4043200,93.75
2013-05-30,99.76,100.96,99.63,100.31,2080200,97.12
2013-05-29,103.82,103.88,99.43,99.49,4739100,96.32
2013-05-28,104.26,104.62,103.86,104.53,6975900,101.20
2013-05-24,102.51,103.53,102.02,103.51,6421800,100.21
2013-05-23,101.31,103.25,101.09,102.54,6763000,99.27
2013-05-22,101.75,103.03,101.58,102.15,2398600,98.90
2013-05-21,103.01,103.01,101.49,101.91,2979000,98.67
2013-05-20,104.13,104.17,102.65,102.87,1749100,99.59
2013-05-17,103.85,104.39,103.28,104.35,2576400,101.03
2013-05-16,104.28,104.35,103.51,103.75,2212700,100.45
2013-05-15,104.64,104.76,104.15,104.62,2537300,101.29
2013-05-14,103.94,105.07,103.87,105.06,1439100,101.71
2013-05-13,103.46,104.00,102.97,103.71,1281500,100.41
2013-05-10,102.94,103.45,102.54,103.43,1950400,100.14
2013-05-09,104.23,104.41,102.64,102.97,2527600,99.69
2013-05-08,104.43,104.62,103.73,104.27,1581800,100.95
2013-05-07,104.60,104.92,104.16,104.51,1632600,101.18
2013-05-06,105.11,105.38,103.93,104.47,1774900,101.14
2013-05-03,105.05,105.68,104.09,105.38,2423000,102.02
2013-05-02,103.46,105.00,103.27,104.55,2375300,101.22
2013-05-01,103.25,104.55,102.96,103.29,2609700,100.00
2013-04-30,102.99,103.32,102.54,103.19,1750200,99.90
2013-04-29,103.07,103.61,102.80,103.31,2240400,100.02
2013-04-26,103.55,104.09,102.98,103.12,2318000,99.84
2013-04-25,104.13,104.13,103.32,103.46,2058400,100.17
2013-04-24,105.16,105.40,103.31,103.40,3413500,100.11
2013-04-23,105.80,106.24,104.26,105.49,4466100,102.13
2013-04-22,105.23,105.72,104.61,105.59,3502300,102.23
2013-04-19,105.00,106.54,103.88,106.10,4551100,102.72
2013-04-18,100.64,102.48,100.64,101.36,2618200,98.13
2013-04-17,101.28,101.68,100.33,100.66,1850300,97.45
2013-04-16,100.81,102.03,100.44,101.58,1739100,98.35
2013-04-15,100.90,101.84,100.19,100.21,1778000,97.02
2013-04-12,100.87,101.68,100.64,101.23,1384100,98.01
2013-04-11,100.36,101.21,100.07,101.12,2230100,97.90
2013-04-10,99.62,100.45,99.44,100.30,1726400,97.11
2013-04-09,99.40,99.56,98.75,99.31,1551200,96.15
2013-04-08,99.12,99.45,98.23,99.45,1423700,96.28
2013-04-05,97.61,99.71,97.35,99.31,2858800,96.15
2013-04-04,98.15,98.61,97.85,98.47,1818100,95.33
2013-04-03,99.88,100.00,97.55,97.89,2766300,94.77
2013-04-02,98.29,99.89,97.81,99.79,2590500,96.61
2013-04-01,97.57,98.11,97.30,97.93,1558200,94.81
2013-03-28,96.67,97.99,96.47,97.98,2360800,94.86
2013-03-27,96.75,97.16,96.37,96.91,1949700,93.82
2013-03-26,94.99,97.38,94.99,97.32,3397400,94.22
2013-03-25,95.90,95.95,94.44,94.54,2853000,91.53
2013-03-22,95.00,95.90,94.96,95.66,1702200,92.61
2013-03-21,95.31,95.35,94.31,94.93,2710800,91.91
2013-03-20,94.04,95.75,94.03,95.54,2748200,92.50
2013-03-19,92.90,94.00,92.89,93.90,1862500,90.91
2013-03-18,92.20,93.21,91.91,92.90,2171700,89.94
2013-03-15,93.52,93.98,92.66,93.26,3310200,90.29
2013-03-14,93.64,94.07,93.60,93.78,1873100,90.79
2013-03-13,94.00,94.24,93.30,93.40,2112900,90.43
2013-03-12,93.68,94.42,93.62,94.08,1919600,91.08
2013-03-11,94.23,94.68,93.79,93.88,2221200,90.89
2013-03-08,94.32,94.38,93.62,94.19,2315500,91.19
2013-03-07,94.80,95.22,93.97,93.97,2030800,90.98
2013-03-06,95.25,95.45,94.40,94.64,1661200,91.63
2013-03-05,95.36,96.50,95.36,95.87,1919300,92.03
2013-03-04,94.30,95.05,94.17,95.04,1566900,91.24
2013-03-01,94.22,94.56,93.75,94.30,2323200,90.53
2013-02-28,95.18,95.91,94.28,94.28,2814200,90.51
2013-02-27,94.00,95.47,93.74,95.19,1838600,91.38
2013-02-26,94.36,95.04,93.82,94.22,3877100,90.45
2013-02-25,94.61,95.90,94.24,94.24,4724100,90.47
2013-02-22,91.88,94.51,91.88,94.50,4713600,90.72
2013-02-21,91.51,92.27,91.13,91.86,1779500,88.18
2013-02-20,92.21,92.67,91.73,91.74,2464700,88.07
2013-02-19,91.33,92.22,91.31,92.21,2391600,88.52
2013-02-15,90.43,91.27,90.26,91.20,2202100,87.55
2013-02-14,89.87,90.54,89.79,90.19,1813900,86.58
2013-02-13,89.85,90.08,89.38,89.89,1889900,86.29
2013-02-12,90.54,90.58,89.75,89.90,1961300,86.30
2013-02-11,90.24,90.92,90.21,90.40,1838000,86.78
2013-02-08,90.98,91.57,90.63,90.90,1652300,87.26
2013-02-07,90.78,91.16,90.44,90.98,1850000,87.34
2013-02-06,89.86,90.93,89.36,90.90,1949800,87.26
2013-02-05,89.71,90.80,89.69,90.24,2199600,86.63
2013-02-04,89.42,89.90,89.22,89.30,1583200,85.73
2013-02-01,89.88,90.19,89.68,90.01,3088600,86.41
2013-01-31,88.20,89.60,87.52,89.51,4262100,85.93
2013-01-30,88.10,88.89,87.91,88.15,1921900,84.62
2013-01-29,86.59,88.45,86.59,88.14,2978500,84.61
2013-01-28,86.46,86.99,86.26,86.80,2061200,83.33
2013-01-25,87.61,87.69,86.03,86.26,3212300,82.81
2013-01-24,87.00,87.24,86.14,86.58,2436700,83.11
2013-01-23,86.86,87.62,86.86,87.00,1660000,83.52
2013-01-22,86.84,87.30,86.55,87.20,1386800,83.71
2013-01-18,86.48,86.85,86.00,86.82,1584300,83.35
2013-01-17,85.73,86.67,85.59,86.33,1200600,82.87
2013-01-16,85.68,85.68,85.19,85.49,1240300,82.07
2013-01-15,85.66,86.00,85.31,85.70,1496300,82.27
2013-01-14,85.24,85.84,85.05,85.65,1292500,82.22
2013-01-11,85.10,85.28,84.71,85.10,1258900,81.69
2013-01-10,84.79,85.08,84.45,84.93,1914600,81.53
2013-01-09,84.31,84.86,84.03,84.61,1844500,81.22
2013-01-08,84.28,84.58,83.92,84.03,2408500,80.67
2013-01-07,85.92,85.94,84.38,84.46,2676600,81.08
2013-01-04,86.18,86.38,85.59,86.36,1703200,82.90
2013-01-03,86.50,86.50,85.70,86.01,1798000,82.57
2013-01-02,85.37,86.40,85.00,86.38,2590000,82.92
2012-12-31,82.79,84.45,82.71,84.43,1700500,81.05
2012-12-28,83.64,84.06,83.12,83.13,1204300,79.80
2012-12-27,83.49,84.01,83.18,83.93,1491000,80.57
2012-12-26,83.77,84.09,83.27,83.49,1347900,80.15
2012-12-24,83.67,83.99,83.61,83.79,724800,80.44
2012-12-21,84.73,85.00,83.90,84.05,4249400,80.69
2012-12-20,85.05,85.40,84.69,84.95,1451800,81.55
2012-12-19,86.16,86.27,84.94,85.00,1390900,81.60
2012-12-18,85.52,86.43,85.18,86.16,2374200,82.71
2012-12-17,85.18,85.60,85.02,85.52,1903700,82.10
2012-12-14,85.58,85.99,84.89,85.05,2059900,81.65
2012-12-13,85.50,86.21,85.44,85.78,1509500,82.35
2012-12-12,86.00,86.06,85.32,85.50,1827200,82.08
2012-12-11,85.90,86.10,85.56,85.78,1549000,82.35
2012-12-10,85.74,85.90,85.39,85.71,1419500,82.28
2012-12-07,85.05,85.93,85.04,85.91,1358600,82.47
2012-12-06,84.89,85.18,84.57,84.99,1417700,81.59
2012-12-05,85.20,85.50,84.69,84.84,1778900,81.44
2012-12-04,85.52,86.00,85.15,85.81,2656800,81.67
2012-12-03,85.83,86.10,85.31,85.69,1878200,81.55
2012-11-30,85.73,86.02,85.46,85.72,3019500,81.58
2012-11-29,86.02,86.24,85.45,85.67,2232100,81.53
2012-11-28,85.70,86.31,85.46,86.03,2251300,81.87
2012-11-27,86.57,86.83,85.52,85.58,2119000,81.45
2012-11-26,87.00,87.00,86.22,86.38,1740000,82.21
2012-11-23,86.47,87.34,86.35,87.34,697100,83.12
2012-11-21,86.44,86.47,85.77,86.28,1104400,82.11
2012-11-20,85.89,86.29,85.52,86.22,1897000,82.06
2012-11-19,85.50,86.22,85.41,86.00,2360500,81.85
2012-11-16,84.07,85.03,83.81,85.03,2861000,80.92
2012-11-15,83.85,84.16,83.40,83.83,1987100,79.78
2012-11-14,84.55,84.74,83.59,83.86,2435300,79.81
2012-11-13,83.38,84.75,83.38,84.39,2172600,80.31
2012-11-12,83.12,83.76,82.77,83.64,1445900,79.60
2012-11-09,82.50,83.50,82.50,83.13,1810500,79.11
2012-11-08,82.79,83.71,82.60,82.60,1741800,78.61
2012-11-07,83.07,83.38,82.15,83.09,1958300,79.08
2012-11-06,83.31,83.75,83.07,83.43,1143600,79.40
2012-11-05,83.04,83.36,82.86,83.13,1353300,79.11
2012-11-02,84.26,84.47,83.27,83.34,1823800,79.31
2012-11-01,83.39,84.17,83.06,83.76,2048400,79.71
2012-10-31,82.76,83.54,82.60,83.45,2631300,79.42
2012-10-26,82.87,83.01,82.27,82.75,2137400,78.75
2012-10-25,84.46,84.97,82.42,82.84,3642200,78.84
2012-10-24,86.43,86.88,84.01,84.22,3280900,80.15
2012-10-23,85.97,86.43,85.26,85.94,1920200,81.79
2012-10-22,86.69,86.84,85.90,86.54,1785600,82.36
2012-10-19,87.50,87.62,86.58,86.88,2052100,82.68
2012-10-18,87.30,87.80,87.03,87.68,1309400,83.45
2012-10-17,86.75,87.55,86.64,87.44,1053200,83.22
2012-10-16,86.37,86.72,86.20,86.66,1213200,82.47
2012-10-15,85.62,86.56,85.54,86.27,1037900,82.10
2012-10-12,86.12,86.47,85.50,85.65,1137400,81.51
2012-10-11,86.41,86.43,85.82,85.99,945900,81.84
2012-10-10,86.20,86.81,85.90,85.99,1065400,81.84
2012-10-09,86.68,86.85,86.04,86.07,1531000,81.91
2012-10-08,86.83,86.92,86.45,86.65,1038800,82.46
2012-10-05,87.09,87.15,86.71,86.89,1144800,82.69
2012-10-04,86.51,87.00,86.51,86.79,1247400,82.60
2012-10-03,86.65,86.67,86.14,86.45,1632400,82.27
2012-10-02,86.71,86.91,86.08,86.37,1616900,82.20
2012-10-01,85.78,86.64,85.61,86.43,1759200,82.26
2012-09-28,85.58,85.87,85.02,85.78,1820800,81.64
2012-09-27,85.52,85.92,85.08,85.69,1587300,81.55
2012-09-26,85.50,85.85,85.31,85.36,1591200,81.24
2012-09-25,85.80,86.19,85.50,85.50,2113400,81.37
2012-09-24,85.20,85.75,84.81,85.60,1714000,81.47
2012-09-21,85.18,85.50,85.06,85.32,3454900,81.20
2012-09-20,84.38,85.16,84.38,85.00,2269600,80.89
2012-09-19,83.63,84.37,83.63,84.37,2070100,80.29
2012-09-18,82.91,83.63,82.83,83.63,1730600,79.59
2012-09-17,82.65,83.11,82.23,83.02,1927000,79.01
2012-09-14,83.29,83.39,81.89,82.68,3332000,78.69
2012-09-13,82.05,83.34,82.05,83.27,2367900,79.25
2012-09-12,82.43,82.81,82.15,82.34,1565100,78.36
2012-09-11,82.47,82.77,82.03,82.35,1703100,78.37
2012-09-10,82.90,82.91,82.23,82.37,1911700,78.39
2012-09-07,83.76,84.00,82.66,82.93,2155400,78.92
2012-09-06,82.87,83.63,82.87,83.62,1926500,79.58
2012-09-05,82.89,83.32,82.60,82.60,3264100,78.61
2012-09-04,83.78,84.39,83.37,83.73,3487400,78.98
2012-08-31,83.70,83.90,83.28,83.60,1777600,78.86
2012-08-30,83.39,83.58,82.49,83.48,2156300,78.75
2012-08-29,83.67,83.77,83.42,83.49,1282200,78.76
2012-08-28,83.44,83.96,83.44,83.67,1036800,78.92
2012-08-27,83.60,83.87,83.60,83.62,980000,78.88
2012-08-24,83.30,84.00,83.30,83.66,1310000,78.92
2012-08-23,83.73,83.97,83.33,83.42,1194400,78.69
2012-08-22,84.03,84.30,83.63,83.85,2047800,79.09
2012-08-21,84.24,84.50,84.03,84.17,2048700,79.40
2012-08-20,83.82,84.20,83.68,84.08,2096600,79.31
2012-08-17,83.48,84.05,83.26,83.95,2114800,79.19
2012-08-16,82.90,83.58,82.80,83.45,1888600,78.72
2012-08-15,82.88,83.40,82.55,83.03,1453300,78.32
2012-08-14,82.83,82.99,82.45,82.94,2251500,78.24
2012-08-13,82.69,82.89,82.43,82.49,2100100,77.81
2012-08-10,82.75,83.06,82.66,82.82,2219600,78.12
2012-08-09,83.00,83.25,82.67,82.85,2704100,78.15
2012-08-08,82.50,83.66,82.50,83.25,4878700,78.53
2012-08-07,84.01,84.19,81.29,82.72,7005300,78.03
2012-08-06,85.45,85.63,83.51,83.71,4893800,78.96
2012-08-03,87.60,88.25,85.19,85.35,4753300,80.51
2012-08-02,87.32,87.58,86.37,86.88,2962900,81.95
2012-08-01,87.10,87.73,86.89,87.17,3354100,82.23
2012-07-31,87.74,87.90,86.89,86.91,2583900,81.98
2012-07-30,87.12,88.00,86.90,87.93,2426000,82.94
2012-07-27,85.78,87.69,85.26,87.32,3236700,82.37
2012-07-26,84.00,86.25,83.88,85.72,2840100,80.86
2012-07-25,83.49,84.06,83.22,83.40,2483100,78.67
2012-07-24,84.64,84.74,83.06,83.49,3287500,78.76
2012-07-23,84.40,85.10,84.40,84.70,2266700,79.90
2012-07-20,85.33,85.78,84.64,84.83,3258200,80.02
2012-07-19,86.08,86.24,85.45,85.88,1815500,81.01
2012-07-18,85.72,86.25,85.54,86.07,1617800,81.19
2012-07-17,85.72,86.14,85.26,85.82,2005400,80.95
2012-07-16,84.91,85.74,84.91,85.20,1442000,80.37
2012-07-13,84.47,85.35,84.39,85.21,1603500,80.38
2012-07-12,84.30,84.58,84.03,84.33,2259300,79.55
2012-07-11,84.70,84.90,84.16,84.35,2117500,79.57
2012-07-10,84.50,84.77,84.21,84.77,1901600,79.96
2012-07-09,83.91,84.35,83.75,84.30,1518000,79.52
2012-07-06,83.75,84.23,83.60,83.91,1323300,79.15
2012-07-05,84.11,84.21,83.81,84.10,1590200,79.33
2012-07-03,84.00,84.18,83.79,84.00,1460600,79.24
2012-07-02,83.45,83.90,83.05,83.90,1915900,79.14
2012-06-29,82.99,83.77,82.39,83.77,2431800,79.02
2012-06-28,81.66,82.59,81.30,82.56,1898900,77.88
2012-06-27,81.97,82.32,81.78,81.86,1855800,77.22
2012-06-26,81.26,81.90,80.91,81.67,2120500,77.04
2012-06-25,81.00,81.31,80.80,81.00,1612100,76.41
2012-06-22,81.31,81.59,80.87,81.38,1995400,76.76
2012-06-21,81.74,81.83,80.61,80.71,2852400,76.13
2012-06-20,82.69,82.84,81.45,81.61,4427900,76.98
2012-06-19,82.96,83.33,82.59,83.21,2298800,78.49
2012-06-18,82.44,82.79,82.20,82.79,1691100,78.09
2012-06-15,82.71,82.93,82.36,82.48,3262200,77.80
2012-06-14,81.88,82.58,81.49,82.57,2464900,77.89
2012-06-13,81.28,81.72,80.95,81.65,2234300,77.02
2012-06-12,81.28,81.51,80.83,81.51,2447000,76.89
2012-06-11,81.46,81.68,81.02,81.14,2508700,76.54
2012-06-08,80.55,81.34,80.40,81.20,2339700,76.60
2012-06-07,80.50,80.80,80.19,80.60,4336500,76.03
2012-06-06,78.85,80.25,78.67,80.23,4340400,75.68
2012-06-05,78.77,79.27,78.26,79.25,3796800,74.06
2012-06-04,78.33,78.89,77.80,78.86,2478000,73.69
2012-06-01,78.89,79.00,78.17,78.28,2331700,73.15
2012-05-31,79.35,79.75,79.14,79.35,2320700,74.15
2012-05-30,79.37,79.92,79.21,79.26,2103000,74.07
2012-05-29,79.63,79.87,79.34,79.76,8095200,74.53
2012-05-25,79.04,79.71,79.04,79.46,7274300,74.25
2012-05-24,78.48,79.35,78.44,79.21,7736200,74.02
2012-05-23,78.49,78.80,78.05,78.49,1940800,73.35
2012-05-22,78.64,79.07,78.49,78.68,1865300,73.52
2012-05-21,78.86,78.88,78.20,78.64,2510800,73.49
2012-05-18,79.10,79.57,78.65,78.83,2459400,73.67
2012-05-17,79.89,79.94,79.01,79.01,1981100,73.83
2012-05-16,79.88,80.00,79.58,79.76,2952600,74.53
2012-05-15,79.61,79.84,79.15,79.69,2612300,74.47
2012-05-14,79.18,79.75,79.18,79.53,2292700,74.32
2012-05-11,79.73,79.78,79.35,79.39,1670600,74.19
2012-05-10,79.88,79.93,79.53,79.74,2443800,74.52
2012-05-09,78.56,79.80,78.50,79.54,4025700,74.33
2012-05-08,78.69,79.21,78.61,78.88,3222700,73.71
2012-05-07,78.01,79.20,78.01,79.00,2742900,73.82
2012-05-04,78.61,79.00,78.24,78.29,2379000,73.16
2012-05-03,78.26,79.02,78.26,78.74,3010800,73.58
2012-05-02,77.86,78.66,77.74,78.54,3557600,73.39
2012-05-01,77.91,78.88,77.85,78.28,3352000,73.15
2012-04-30,77.90,78.52,77.81,78.47,3420400,73.33
2012-04-27,79.08,79.08,78.53,78.68,2582800,73.52
2012-04-26,78.53,79.25,78.47,79.04,2346700,73.86
2012-04-25,78.68,79.21,78.42,78.73,3541100,73.57
2012-04-24,76.65,78.73,76.57,78.70,5559000,73.54
2012-04-23,75.89,76.75,75.51,76.65,3374100,71.63
2012-04-20,76.03,77.09,75.90,76.47,3886600,71.46
2012-04-19,75.63,75.77,74.98,75.27,2269500,70.34
2012-04-18,75.36,75.76,75.32,75.66,1990100,70.70
2012-04-17,74.86,75.50,74.68,75.50,2441400,70.55
2012-04-16,74.48,74.94,74.39,74.73,1938300,69.83
2012-04-13,74.09,74.79,74.01,74.35,1997500,69.48
2012-04-12,73.92,74.25,73.56,74.17,1545200,69.31
2012-04-11,74.16,74.16,73.63,73.94,1850000,69.10
2012-04-10,73.92,74.03,73.33,73.53,2006100,68.71
2012-04-09,74.06,74.23,73.87,74.03,1431400,69.18
2012-04-05,74.12,74.41,73.82,74.37,1558300,69.50
2012-04-04,74.28,74.71,74.15,74.22,2702200,69.36
2012-04-03,74.51,74.74,74.26,74.44,1933400,69.56
2012-04-02,73.76,74.84,73.71,74.57,2433000,69.68
2012-03-30,73.93,74.39,73.84,73.89,3023500,69.05
2012-03-29,73.77,73.95,73.24,73.84,2446900,69.00
2012-03-28,73.60,73.92,73.48,73.90,2072600,69.06
2012-03-27,73.83,73.93,73.65,73.68,1628900,68.85
2012-03-26,73.29,73.73,73.17,73.70,2249800,68.87
2012-03-23,73.47,73.57,73.00,73.13,1607600,68.34
2012-03-22,73.30,73.53,73.12,73.36,1850500,68.55
2012-03-21,73.33,73.64,73.25,73.42,1447300,68.61
2012-03-20,72.64,73.48,72.64,73.39,1757300,68.58
2012-03-19,72.83,73.15,72.57,73.01,1446400,68.23
2012-03-16,72.91,73.00,72.64,72.92,2336300,68.14
2012-03-15,72.77,73.10,72.51,72.92,2064800,68.14
2012-03-14,73.00,73.26,72.54,72.81,2005900,68.04
2012-03-13,72.36,73.07,72.36,73.05,2303600,68.26
2012-03-12,71.67,72.29,71.67,72.21,2065900,67.48
2012-03-09,71.91,71.99,71.64,71.77,1700800,67.07
2012-03-08,71.76,72.00,71.58,71.79,2038800,67.09
2012-03-07,71.91,71.91,71.26,71.44,3520000,66.76
2012-03-06,72.46,72.85,72.40,72.60,2610400,67.15
2012-03-05,72.36,72.78,72.35,72.66,1994800,67.21
2012-03-02,72.42,72.57,72.15,72.35,1799600,66.92
2012-03-01,72.76,73.00,71.86,72.17,2651300,66.75
2012-02-29,72.19,73.11,72.16,72.88,3635100,67.41
2012-02-28,71.98,72.33,71.76,72.23,2047400,66.81
2012-02-27,71.50,71.97,71.48,71.85,1749900,66.46
2012-02-24,71.85,71.85,71.31,71.81,2136700,66.42
2012-02-23,71.07,72.01,71.06,71.90,1919100,66.50
2012-02-22,71.72,71.72,70.94,71.23,2513500,65.88
2012-02-21,71.57,71.74,71.18,71.40,1841100,66.04
2012-02-17,71.80,71.91,71.30,71.57,2238200,66.20
2012-02-16,71.50,71.72,71.25,71.43,2116800,66.07
2012-02-15,71.29,71.53,71.04,71.20,2525200,65.86
2012-02-14,71.55,71.89,71.24,71.63,2337700,66.25
2012-02-13,71.88,72.00,71.65,71.74,1479400,66.36
2012-02-10,71.67,71.72,71.37,71.56,2070200,66.19
2012-02-09,71.70,71.90,71.40,71.88,1698400,66.49
2012-02-08,71.92,71.99,71.50,71.70,1930400,66.32
2012-02-07,72.02,72.27,71.74,71.74,2616500,66.36
2012-02-06,72.16,72.65,72.06,72.20,1833100,66.78
2012-02-03,72.59,72.73,72.06,72.23,1889300,66.81
2012-02-02,72.26,72.44,71.95,72.31,1799300,66.88
2012-02-01,71.63,72.31,71.57,72.05,2391200,66.64
2012-01-31,71.47,71.83,71.30,71.56,2160300,66.19
2012-01-30,70.97,71.61,70.50,71.34,3040600,65.99
2012-01-27,71.98,72.09,71.09,71.13,2457200,65.79
2012-01-26,71.85,72.43,71.66,71.98,2641000,66.58
2012-01-25,71.55,72.20,71.27,71.87,4094300,66.48
2012-01-24,71.96,72.74,70.80,72.27,6234700,66.85
2012-01-23,73.82,73.91,73.26,73.52,2847800,68.00
2012-01-20,74.15,74.25,73.25,73.83,3047800,68.29
2012-01-19,74.00,74.20,73.64,74.16,2517400,68.59
2012-01-18,73.70,74.06,73.52,73.97,2380200,68.42
2012-01-17,73.26,73.79,73.22,73.65,2752400,68.12
2012-01-13,72.68,72.90,72.33,72.70,1978400,67.24
2012-01-12,72.53,72.94,72.36,72.84,2085700,67.37
2012-01-11,72.87,73.10,72.43,72.53,2610200,67.09
2012-01-10,73.18,73.26,72.77,72.88,2716400,67.41
2012-01-09,72.83,72.91,72.45,72.71,1968000,67.25
2012-01-06,72.72,72.89,72.43,72.63,2159900,67.18
2012-01-05,73.00,73.17,72.50,72.79,2473200,67.33
2012-01-04,73.29,73.50,72.79,72.99,2292500,67.51
2012-01-03,73.96,73.98,73.18,73.22,2377600,67.73
2011-12-30,73.55,73.77,73.30,73.56,1391800,68.04
2011-12-29,73.67,74.06,73.57,74.00,1230900,68.45
2011-12-28,73.89,73.99,73.34,73.38,1439000,67.87
2011-12-27,73.69,74.00,73.38,73.82,1046500,68.28
2011-12-23,73.20,73.76,72.97,73.73,1433400,68.20
2011-12-22,73.06,73.23,72.67,72.92,1616800,67.45
2011-12-21,72.82,73.10,72.56,73.05,2445900,67.57
2011-12-20,71.70,72.69,71.43,72.60,2921200,67.15
2011-12-19,71.27,71.85,71.04,71.19,1596100,65.85
2011-12-16,71.53,71.62,70.90,71.28,3528200,65.93
2011-12-15,70.54,71.40,70.35,71.25,2229900,65.90
2011-12-14,70.21,70.58,70.11,70.21,1982600,64.94
2011-12-13,69.96,70.78,69.96,70.12,2592600,64.86
2011-12-12,69.96,70.20,69.44,69.91,1708800,64.66
2011-12-09,69.89,70.35,69.89,70.14,2003000,64.88
2011-12-08,70.44,70.57,69.66,69.82,2042300,64.58
2011-12-07,69.93,70.80,69.73,70.62,2175800,65.32
2011-12-06,70.53,71.08,70.23,70.79,2432600,64.83
2011-12-05,71.47,71.56,70.20,70.42,2772200,64.49
2011-12-02,71.75,71.77,70.60,70.73,2548100,64.78
2011-12-01,71.24,71.62,71.03,71.30,2745500,65.30
2011-11-30,70.94,71.51,70.75,71.47,3245500,65.45
2011-11-29,69.62,69.97,69.41,69.75,2590500,63.88
2011-11-28,69.57,69.90,69.40,69.67,2024500,63.80
2011-11-25,68.30,69.12,68.27,68.69,1093000,62.91
2011-11-23,69.00,69.08,68.30,68.52,2479900,62.75
2011-11-22,69.56,69.85,69.12,69.40,1812000,63.56
2011-11-21,69.16,69.65,69.00,69.45,8893600,63.60
2011-11-18,70.38,70.64,70.01,70.10,3202300,64.20
2011-11-17,70.15,70.55,69.55,70.03,3041300,64.13
2011-11-16,70.81,71.10,70.27,70.30,2024500,64.38
2011-11-15,71.23,71.50,70.87,71.38,1456300,65.37
2011-11-14,70.85,71.30,70.56,71.17,2169800,65.18
2011-11-11,70.91,71.18,70.86,71.10,1725400,65.11
2011-11-10,70.41,70.58,69.80,70.45,1644400,64.52
2011-11-09,70.15,70.39,69.41,69.77,2138400,63.90
2011-11-08,70.66,70.96,70.02,70.88,1702100,64.91
2011-11-07,69.50,70.22,69.28,70.19,1293300,64.28
2011-11-04,69.34,69.73,69.00,69.71,1580300,63.84
2011-11-03,69.50,69.78,68.95,69.69,1858600,63.82
2011-11-02,69.36,69.50,68.61,69.10,1764400,63.28
2011-11-01,68.71,69.38,68.52,68.70,3143600,62.92
2011-10-31,70.00,70.44,69.65,69.71,2798600,63.84
2011-10-28,70.97,71.08,70.27,70.37,2182400,64.45
2011-10-27,70.95,71.38,70.10,71.02,3769600,65.04
2011-10-26,70.25,70.30,69.30,70.28,3210200,64.36
2011-10-25,69.76,70.57,69.50,69.55,3544700,63.69
2011-10-24,70.89,70.89,69.06,69.65,7416400,63.79
2011-10-21,72.30,73.23,72.19,73.00,3262100,66.85
2011-10-20,71.73,72.19,71.56,71.70,2212400,65.66
2011-10-19,71.55,71.98,71.42,71.57,1670300,65.54
2011-10-18,71.00,72.30,70.61,71.78,2185200,65.74
2011-10-17,71.61,72.20,71.13,71.22,1633500,65.22
2011-10-14,71.79,72.16,71.40,71.91,1905800,65.86
2011-10-13,71.59,71.86,71.03,71.40,1897000,65.39
2011-10-12,71.59,72.28,71.30,71.99,3119300,65.93
2011-10-11,71.35,71.66,71.08,71.45,2237800,65.43
2011-10-10,71.50,71.69,70.99,71.66,2404900,65.63
2011-10-07,71.10,71.44,70.48,70.96,2807800,64.99
2011-10-06,70.29,71.01,69.84,70.98,3078400,65.00
2011-10-05,70.71,70.94,69.91,70.34,4323400,64.42
2011-10-04,69.91,70.53,69.02,70.38,5000000,64.45
2011-10-03,71.09,71.38,70.53,70.66,4438700,64.71
2011-09-30,71.05,71.65,70.97,71.01,3991200,65.03
2011-09-29,70.59,71.35,70.49,71.23,4618000,65.23
2011-09-28,70.22,70.99,69.73,69.82,3266700,63.94
2011-09-27,71.07,71.78,70.82,71.18,3345000,65.19
2011-09-26,70.13,70.85,70.00,70.80,2891600,64.84
2011-09-23,69.25,70.00,68.48,69.97,3526400,64.08
2011-09-22,68.22,69.37,67.83,69.20,5510900,63.37
2011-09-21,70.50,70.89,69.24,69.29,3226000,63.46
2011-09-20,69.98,70.91,69.79,70.45,3187500,64.52
2011-09-19,68.86,70.00,68.84,69.89,2977100,64.01
2011-09-16,68.91,69.88,68.79,69.78,3264500,63.91
2011-09-15,68.48,68.76,68.06,68.76,2490200,62.97
2011-09-14,67.91,68.86,67.06,68.21,2324800,62.47
2011-09-13,67.21,67.69,66.73,67.50,2056700,61.82
2011-09-12,66.89,67.38,66.29,67.25,2833800,61.59
2011-09-09,67.81,67.85,66.84,67.23,2737900,61.57
2011-09-08,68.39,69.12,68.08,68.11,3371500,62.38
2011-09-07,68.23,68.67,67.95,68.48,2595600,62.71
2011-09-06,67.10,68.36,66.95,68.26,3309300,61.87
2011-09-02,67.90,68.59,67.75,68.13,2217100,61.75
2011-09-01,69.05,69.63,68.74,68.78,2934100,62.34
2011-08-31,68.65,69.39,68.64,69.16,4244600,62.69
2011-08-30,68.05,68.78,67.55,68.52,3330600,62.11
2011-08-29,68.21,68.49,67.94,68.43,5922300,62.03
2011-08-26,67.04,67.94,66.19,67.83,3674800,61.48
2011-08-25,67.99,68.00,67.04,67.30,7887000,61.00
2011-08-24,67.12,68.00,66.85,67.93,3010600,61.57
2011-08-23,66.33,67.29,66.02,67.26,3388400,60.97
2011-08-22,66.19,66.30,65.15,65.77,2907800,59.62
2011-08-19,65.25,66.12,65.11,65.35,3247300,59.23
2011-08-18,65.32,65.74,64.66,65.59,3951500,59.45
2011-08-17,66.18,66.68,65.52,65.97,2782400,59.80
2011-08-16,65.91,66.42,65.58,66.09,3019300,59.91
2011-08-15,65.56,66.20,65.25,66.10,2954000,59.91
2011-08-12,65.14,65.39,64.31,65.14,3133500,59.04
2011-08-11,62.95,65.22,62.70,64.60,4452700,58.55
2011-08-10,64.09,64.51,62.41,62.57,7772400,56.71
2011-08-09,63.55,64.40,61.00,64.24,6577600,58.23
2011-08-08,63.31,64.20,62.79,62.86,6416200,56.98
2011-08-05,63.90,64.41,62.64,64.07,4699200,58.07
2011-08-04,64.15,64.40,63.02,63.04,4111100,57.14
2011-08-03,64.59,64.59,63.73,64.55,2647700,58.51
2011-08-02,64.86,65.10,64.40,64.53,2170800,58.49
2011-08-01,65.88,65.95,64.80,65.17,2264000,59.07
2011-07-29,65.45,65.99,65.15,65.36,2231000,59.24
2011-07-28,66.31,66.53,65.64,65.80,1711900,59.64
2011-07-27,66.85,66.97,66.07,66.20,2151400,60.00
2011-07-26,66.72,67.90,66.72,66.93,3154000,60.67
2011-07-25,67.33,67.93,66.42,66.48,3769600,60.26
2011-07-22,67.75,67.95,67.30,67.90,2605100,61.55
2011-07-21,67.12,67.99,67.11,67.81,2122800,61.46
2011-07-20,67.02,67.41,66.83,66.97,1769600,60.70
2011-07-19,66.51,67.01,66.28,66.83,2048900,60.58
2011-07-18,66.93,66.93,66.23,66.38,2278300,60.17
2011-07-15,66.62,67.19,66.47,67.10,3413300,60.82
2011-07-14,66.84,66.84,66.24,66.38,2308800,60.17
2011-07-13,66.93,67.20,66.58,66.74,1567500,60.49
2011-07-12,66.79,67.24,66.53,66.71,1894000,60.47
2011-07-11,66.24,66.94,66.08,66.60,2518400,60.37
2011-07-08,66.39,66.62,66.11,66.62,2215300,60.39
2011-07-07,66.75,67.00,66.62,66.71,2325900,60.47
2011-07-06,66.64,66.96,66.36,66.41,2492300,60.20
2011-07-05,67.16,67.35,66.51,66.52,2374100,60.29
2011-07-01,66.35,66.98,66.26,66.90,2162400,60.64
2011-06-30,66.34,66.61,66.10,66.56,1825500,60.33
2011-06-29,66.02,66.42,65.91,66.17,1972300,59.98
2011-06-28,65.72,65.75,65.31,65.72,1706700,59.57
2011-06-27,65.29,65.80,65.29,65.42,1350200,59.30
2011-06-24,66.11,66.29,65.17,65.36,2267100,59.24
2011-06-23,66.13,66.16,65.40,66.08,2093400,59.90
2011-06-22,66.72,66.99,66.33,66.41,1658100,60.20
2011-06-21,67.03,67.15,66.61,66.85,1551500,60.59
2011-06-20,66.25,66.92,66.19,66.78,1999200,60.53
2011-06-17,65.96,66.32,65.88,66.22,4221900,60.02
2011-06-16,65.15,65.83,65.13,65.72,2128400,59.57
2011-06-15,65.23,65.59,64.82,65.16,2614800,59.06
2011-06-14,65.05,65.95,64.96,65.60,2396600,59.46
2011-06-13,64.92,65.22,64.59,64.90,2698700,58.83
2011-06-10,65.27,65.37,64.57,64.62,2511800,58.57
2011-06-09,65.75,65.98,65.35,65.43,1948400,59.31
2011-06-08,65.40,65.80,65.15,65.46,2461500,59.33
2011-06-07,66.32,66.37,65.90,65.90,2151600,59.10
2011-06-06,66.03,66.44,65.81,66.15,2850700,59.32
2011-06-03,66.26,66.30,65.54,66.02,3342300,59.21
2011-06-02,67.58,67.58,66.33,66.90,2654700,60.00
2011-06-01,68.14,68.27,67.46,67.50,2402100,60.53
2011-05-31,68.09,68.38,67.81,68.30,2865300,61.25
2011-05-27,67.87,67.95,67.46,67.66,1327800,60.68
2011-05-26,67.59,67.87,66.96,67.71,1876500,60.72
2011-05-25,68.18,68.27,67.27,67.62,2550200,60.64
2011-05-24,67.94,68.49,67.85,68.35,2351000,61.30
2011-05-23,67.85,68.12,67.79,67.94,1427500,60.93
2011-05-20,68.36,68.44,68.03,68.18,1511300,61.14
2011-05-19,68.21,68.49,68.10,68.43,1437600,61.37
2011-05-18,68.35,68.36,67.91,68.29,1345600,61.24
2011-05-17,68.10,68.49,68.07,68.35,1724800,61.30
2011-05-16,68.00,68.43,67.91,68.09,1460300,61.06
2011-05-13,68.33,68.49,67.91,68.29,1862700,61.24
2011-05-12,67.47,68.49,67.41,68.40,2321800,61.34
2011-05-11,67.67,67.91,67.24,67.48,2200500,60.52
2011-05-10,67.15,67.78,67.13,67.67,1894300,60.69
2011-05-09,66.94,67.45,66.73,67.20,2083000,60.26
2011-05-06,67.24,67.37,66.60,66.88,2259200,59.98
2011-05-05,66.59,67.25,66.43,66.83,2467500,59.93
2011-05-04,66.90,67.30,66.60,67.24,3236200,60.30
2011-05-03,65.94,66.97,65.94,66.96,2574900,60.05
2011-05-02,66.18,66.30,65.95,66.26,2264000,59.42
2011-04-29,65.60,66.39,65.57,66.06,2421400,59.24
2011-04-28,64.91,65.70,64.63,65.58,2620700,58.81
2011-04-27,65.15,65.21,64.79,65.00,2581400,58.29
2011-04-26,64.33,65.25,64.04,64.81,4100000,58.12
2011-04-25,64.47,64.90,63.40,64.24,7261700,57.61
2011-04-21,66.26,66.50,65.82,66.05,2117000,59.23
2011-04-20,66.00,66.36,65.87,66.27,2100300,59.43
2011-04-19,65.60,65.95,65.48,65.82,2149400,59.03
2011-04-18,65.20,65.94,65.01,65.75,3252000,58.96
2011-04-15,65.44,65.72,64.72,65.59,2399000,58.82
2011-04-14,65.00,65.55,65.00,65.37,2281800,58.62
2011-04-13,65.81,65.81,65.15,65.23,3282200,58.50
2011-04-12,65.25,66.15,65.25,65.70,3114200,58.92
2011-04-11,65.58,65.77,65.43,65.43,2436600,58.68
2011-04-08,65.65,65.85,65.28,65.43,1977700,58.68
2011-04-07,65.60,65.70,65.23,65.53,3023100,58.77
2011-04-06,65.67,66.06,65.51,65.73,3070000,58.95
2011-04-05,65.93,65.93,65.33,65.38,2738100,58.63
2011-04-04,65.94,66.00,65.42,65.86,3496000,59.06
2011-04-01,65.05,65.62,65.05,65.38,2437600,58.63
2011-03-31,65.77,65.95,65.16,65.27,2597500,58.53
2011-03-30,65.59,65.98,65.59,65.77,2168600,58.98
2011-03-29,65.21,65.55,65.12,65.40,2182100,58.65
2011-03-28,65.23,65.49,64.40,65.22,2108700,58.49
2011-03-25,65.18,65.27,64.79,65.10,2272700,58.38
2011-03-24,64.91,65.30,64.59,65.24,2495800,58.51
2011-03-23,64.91,65.39,64.58,64.85,2283100,58.16
2011-03-22,65.19,65.55,64.91,65.01,2212500,58.30
2011-03-21,64.60,65.33,64.53,65.18,2653800,58.45
2011-03-18,64.39,64.62,63.88,64.29,3620300,57.65
2011-03-17,63.76,63.96,63.64,63.79,2651700,57.21
2011-03-16,63.64,63.80,63.06,63.26,3559900,56.73
2011-03-15,63.58,63.99,63.51,63.77,3272200,57.19
2011-03-14,64.47,64.54,64.04,64.37,2267600,57.73
2011-03-11,64.61,64.98,64.35,64.65,1968800,57.98
2011-03-10,64.46,65.02,64.41,64.88,3559900,58.18
2011-03-09,64.60,64.88,64.08,64.75,1949400,58.07
2011-03-08,64.40,64.80,64.26,64.60,2195100,57.93
2011-03-07,64.87,64.98,64.10,64.29,3638800,57.65
2011-03-04,65.30,65.41,64.35,64.77,3668100,58.09
2011-03-03,64.86,65.35,64.58,65.23,2808600,58.50
2011-03-02,64.85,64.87,64.38,64.45,3391900,57.80
2011-03-01,65.61,66.20,65.44,65.47,2771600,58.09
2011-02-28,65.08,66.00,65.04,65.90,3653700,58.47
2011-02-25,64.87,65.09,64.79,65.08,2599300,57.74
2011-02-24,65.13,65.18,64.44,64.82,3042000,57.51
2011-02-23,65.13,65.54,65.13,65.21,2467700,57.85
2011-02-22,65.06,65.67,65.00,65.06,3263400,57.72
2011-02-18,65.34,65.69,65.22,65.66,2452600,58.25
2011-02-17,64.95,65.42,64.89,65.37,2351900,58.00
2011-02-16,64.92,65.13,64.73,65.06,2409000,57.72
2011-02-15,65.08,65.24,64.76,64.96,2402400,57.63
2011-02-14,65.50,65.50,65.00,65.06,2605800,57.72
2011-02-11,64.72,66.00,64.70,65.85,2569400,58.42
2011-02-10,65.01,65.48,64.68,64.99,2191800,57.66
2011-02-09,65.00,65.25,64.83,65.08,2154600,57.74
2011-02-08,64.98,65.21,64.75,65.07,2456200,57.73
2011-02-07,65.04,65.11,64.71,64.94,3793700,57.61
2011-02-04,64.83,65.02,64.45,65.01,4989100,57.68
2011-02-03,64.00,65.05,64.00,64.82,4341200,57.51
2011-02-02,64.44,64.52,63.76,63.98,2886700,56.76
2011-02-01,64.84,64.92,64.18,64.52,2832700,57.24
2011-01-31,64.93,65.05,64.62,64.73,2131800,57.43
2011-01-28,65.27,65.51,64.66,64.73,2572500,57.43
2011-01-27,64.86,65.34,64.86,65.13,2874900,57.78
2011-01-26,65.22,65.50,65.10,65.13,3179100,57.78
2011-01-25,65.97,66.66,65.33,65.61,6960400,58.21
2011-01-24,64.54,64.54,63.72,63.97,3370900,56.75
2011-01-21,64.81,64.88,63.95,64.28,3155700,57.03
2011-01-20,64.11,64.90,64.08,64.54,2742600,57.26
2011-01-19,63.87,64.17,63.50,64.05,2222600,56.83
2011-01-18,63.79,63.96,63.55,63.88,1762400,56.67
2011-01-14,63.70,63.75,63.35,63.64,1715500,56.46
2011-01-13,63.96,63.96,63.44,63.60,2023400,56.43
2011-01-12,62.78,63.89,62.77,63.87,2758800,56.67
2011-01-11,62.89,62.96,62.61,62.78,1651400,55.70
2011-01-10,62.84,63.10,62.62,62.91,1837700,55.81
2011-01-07,63.04,63.10,62.67,62.99,1919600,55.88
2011-01-06,63.18,63.36,62.79,63.02,2478000,55.91
2011-01-05,62.97,63.21,62.56,63.11,2857500,55.99
2011-01-04,62.85,63.04,62.33,62.90,3082900,55.80
2011-01-03,63.18,63.22,62.60,62.63,2938200,55.57
2010-12-31,63.00,63.26,62.98,63.04,885200,55.93
2010-12-30,63.01,63.32,62.65,63.04,1037600,55.93
2010-12-29,63.48,63.50,63.10,63.16,1175200,56.04
2010-12-28,63.05,63.43,62.93,63.38,1152000,56.23
2010-12-27,63.16,63.24,62.93,63.15,939400,56.03
2010-12-23,63.35,63.40,63.18,63.22,1077100,56.09
2010-12-22,62.99,63.19,62.78,63.19,1271800,56.06
2010-12-21,63.43,63.50,62.88,63.03,1816200,55.92
2010-12-20,62.78,63.25,62.72,63.05,2571600,55.94
2010-12-17,62.14,62.78,62.01,62.74,3261400,55.66
2010-12-16,62.08,62.29,61.80,62.23,2132900,55.21
2010-12-15,62.05,62.30,61.92,61.99,1971800,55.00
2010-12-14,61.73,62.30,61.73,62.01,1947500,55.02
2010-12-13,61.93,62.03,61.47,61.64,2623700,54.69
2010-12-10,61.86,62.24,61.68,61.70,2482200,54.74
2010-12-09,61.94,62.10,61.71,61.98,2218500,54.99
2010-12-08,61.27,62.01,61.22,61.93,2382900,54.94
2010-12-07,62.13,62.15,61.75,61.94,3464700,54.37
2010-12-06,62.02,62.19,61.66,61.68,2546300,54.14
2010-12-03,61.62,62.23,61.62,62.01,2911000,54.43
2010-12-02,62.53,62.74,61.61,61.68,9498200,54.14
2010-12-01,62.35,62.88,62.26,62.46,3788700,54.82
2010-11-30,61.35,62.17,61.35,61.89,4951300,54.32
2010-11-29,61.29,61.67,61.06,61.53,2048100,54.01
2010-11-26,61.28,62.17,61.25,61.64,1557800,54.10
2010-11-24,61.63,61.70,61.10,61.29,2649100,53.80
2010-11-23,62.02,62.02,61.41,61.46,2261500,53.95
2010-11-22,61.78,62.12,61.45,62.12,2484500,54.53
2010-11-19,62.13,62.26,61.63,61.84,2898800,54.28
2010-11-18,62.05,62.33,61.83,62.10,2285400,54.51
2010-11-17,61.48,61.88,61.44,61.67,1931400,54.13
2010-11-16,62.12,62.28,61.29,61.53,2921800,54.01
2010-11-15,62.37,62.47,62.13,62.18,1541900,54.58
2010-11-12,61.68,62.04,61.66,62.02,2811200,54.44
2010-11-11,61.76,62.29,61.75,62.15,2361600,54.55
2010-11-10,62.25,62.40,61.80,61.86,3373700,54.30
2010-11-09,62.71,62.71,61.99,62.16,3695600,54.56
2010-11-08,62.93,63.03,62.57,62.82,1740700,55.14
2010-11-05,63.00,63.09,62.50,63.03,2646600,55.32
2010-11-04,63.21,63.25,62.85,62.98,2840300,55.28
2010-11-03,62.98,63.00,62.47,62.97,2330400,55.27
2010-11-02,62.51,63.06,62.14,62.95,3664200,55.25
2010-11-01,63.34,63.37,62.00,62.17,4234300,54.57
2010-10-29,62.45,63.37,62.41,63.34,3671900,55.60
2010-10-28,62.67,62.83,62.30,62.54,3855600,54.89
2010-10-27,62.80,63.07,62.10,62.35,5288300,54.73
2010-10-26,64.89,64.90,62.41,62.61,10718300,54.96
2010-10-25,66.86,66.98,66.37,66.47,2717500,58.34
2010-10-22,66.56,66.92,66.31,66.56,1855600,58.42
2010-10-21,66.83,67.07,66.58,66.86,1523700,58.69
2010-10-20,66.20,66.97,66.17,66.58,1792100,58.44
2010-10-19,66.48,66.49,65.40,66.07,4041300,57.99
2010-10-18,66.47,66.86,66.41,66.81,3153500,58.64
2010-10-15,66.58,66.72,66.27,66.38,2407900,58.26
2010-10-14,66.64,66.87,66.06,66.44,2612000,58.32
2010-10-13,66.83,67.23,66.65,66.82,1867100,58.65
2010-10-12,66.50,66.90,66.18,66.69,1654000,58.54
2010-10-11,66.23,66.74,66.12,66.33,1282900,58.22
2010-10-08,66.22,66.61,66.08,66.45,1679500,58.33
2010-10-07,66.34,66.34,65.84,66.08,1657800,58.00
2010-10-06,65.47,66.21,65.45,66.04,2520300,57.97
2010-10-05,65.59,65.77,65.19,65.51,2207800,57.50
2010-10-04,65.07,65.56,64.99,65.18,1833100,57.21
2010-10-01,65.07,65.53,64.86,65.03,2124400,57.08
2010-09-30,65.30,65.40,64.78,65.05,2940300,57.10
2010-09-29,64.72,65.17,64.41,65.06,3066700,57.11
2010-09-28,65.45,65.45,64.71,64.72,3981900,56.81
2010-09-27,66.01,66.08,65.29,65.32,3393500,57.33
2010-09-24,66.42,66.60,66.01,66.05,3486000,57.98
2010-09-23,66.46,66.81,66.10,66.48,1413800,58.35
2010-09-22,66.54,67.05,66.51,66.76,2964800,58.60
2010-09-21,66.88,66.88,66.21,66.51,3650600,58.38
2010-09-20,66.71,67.24,66.70,66.91,3045400,58.73
2010-09-17,66.66,66.93,66.35,66.37,3214100,58.26
2010-09-16,66.30,66.72,66.26,66.59,2782700,58.45
2010-09-15,66.48,66.68,66.26,66.61,2166800,58.47
2010-09-14,66.38,66.67,66.32,66.46,1782100,58.34
2010-09-13,66.64,66.86,66.32,66.49,1466500,58.36
2010-09-10,66.17,66.39,66.00,66.26,1391900,58.16
2010-09-09,66.34,66.41,65.92,66.12,1804700,58.04
2010-09-08,65.69,66.51,65.51,66.08,2743800,58.00
2010-09-07,65.95,66.60,65.95,66.35,2788400,57.66
2010-09-03,66.11,66.18,65.55,66.18,2167700,57.51
2010-09-02,65.40,65.96,65.40,65.89,2331700,57.26
2010-09-01,64.73,65.50,64.55,65.39,3200800,56.83
2010-08-31,64.09,64.59,63.90,64.40,2902900,55.96
2010-08-30,64.43,64.61,64.00,64.16,2041700,55.76
2010-08-27,64.22,64.49,63.75,64.46,1986500,56.02
2010-08-26,64.52,64.64,63.95,64.09,2401900,55.70
2010-08-25,64.59,64.89,64.22,64.48,2799900,56.03
2010-08-24,64.39,65.16,64.39,64.72,3082700,56.24
2010-08-23,65.04,65.36,64.94,64.96,2491000,56.45
2010-08-20,64.38,64.85,64.38,64.71,1985500,56.23
2010-08-19,65.02,65.26,64.45,64.79,2352300,56.30
2010-08-18,65.03,65.47,64.80,65.28,3384900,56.73
2010-08-17,65.16,65.49,64.80,64.92,3136300,56.42
2010-08-16,64.65,65.11,64.29,65.11,2584300,56.58
2010-08-13,65.07,65.18,64.73,64.81,2243900,56.32
2010-08-12,64.69,65.32,64.54,65.23,3358200,56.69
2010-08-11,65.32,65.71,65.08,65.12,2796400,56.59
2010-08-10,65.59,66.25,65.52,66.02,2824700,57.37
2010-08-09,65.37,65.96,65.28,65.87,2328800,57.24
2010-08-06,65.02,65.29,64.50,65.29,2023900,56.74
2010-08-05,65.12,65.42,65.01,65.31,2173000,56.76
2010-08-04,64.97,65.50,64.83,65.34,2238200,56.78
2010-08-03,64.81,65.05,64.60,64.80,2599800,56.31
2010-08-02,64.55,65.15,64.35,65.13,2892800,56.60
2010-07-30,63.65,64.33,63.59,64.12,2878100,55.72
2010-07-29,64.54,64.73,63.21,63.94,2433400,55.56
2010-07-28,64.95,65.00,63.60,64.41,2288700,55.97
2010-07-27,64.23,65.01,63.87,64.91,3192800,56.41
2010-07-26,63.86,64.19,63.42,64.13,1975800,55.73
2010-07-23,62.75,64.16,62.68,63.64,2999600,55.30
2010-07-22,62.78,63.42,62.68,62.96,2704100,54.71
2010-07-21,63.67,63.67,62.06,62.36,2871100,54.19
2010-07-20,62.22,63.47,62.13,63.45,3173300,55.14
2010-07-19,62.40,62.66,62.24,62.62,2712000,54.42
2010-07-16,62.27,62.55,61.81,62.06,2747600,53.93
2010-07-15,62.41,62.63,62.03,62.53,2144600,54.34
2010-07-14,62.15,62.46,62.03,62.33,2104400,54.17
2010-07-13,62.44,62.60,62.10,62.37,1799100,54.20
2010-07-12,61.68,61.98,61.51,61.93,2006600,53.82
2010-07-09,61.76,61.99,61.38,61.70,2070500,53.62
2010-07-08,61.60,61.91,61.49,61.91,2519000,53.80
2010-07-07,60.32,61.39,60.00,61.29,3059900,53.26
2010-07-06,60.99,61.15,59.62,60.19,3868900,52.31
2010-07-02,60.91,61.01,60.45,60.49,2097600,52.57
2010-07-01,60.58,60.72,59.90,60.64,3589600,52.70
2010-06-30,61.02,61.49,60.47,60.63,3237500,52.69
2010-06-29,61.13,61.68,60.74,60.97,3828800,52.98
2010-06-28,61.82,62.02,61.17,61.76,2340000,53.67
2010-06-25,62.06,62.14,61.40,61.47,4379700,53.42
2010-06-24,62.11,62.39,61.76,61.89,3360500,53.78
2010-06-23,62.31,62.53,61.97,62.33,2352600,54.17
2010-06-22,62.69,63.15,62.31,62.37,2512000,54.20
2010-06-21,63.33,63.49,62.47,62.69,2110500,54.48
2010-06-18,63.30,63.39,62.73,62.78,2553900,54.56
2010-06-17,63.17,63.24,62.51,63.13,2392400,54.86
2010-06-16,62.77,63.18,62.70,62.83,2605000,54.60
2010-06-15,62.74,63.06,62.63,63.03,2421300,54.77
2010-06-14,62.51,62.86,62.42,62.45,2536500,54.27
2010-06-11,61.96,62.20,61.41,62.15,2294900,54.01
2010-06-10,62.33,62.64,62.07,62.22,2885100,54.07
2010-06-09,61.79,62.16,61.43,61.77,2956000,53.68
2010-06-08,60.88,61.73,60.74,61.66,3759700,53.58
2010-06-07,60.19,61.25,60.19,60.88,4194600,52.91
2010-06-04,60.73,60.83,59.98,60.18,6271200,52.30
2010-06-03,61.24,61.45,60.92,61.28,2505000,53.25
2010-06-02,60.64,61.10,60.01,61.10,3102100,53.10
2010-06-01,60.42,61.88,60.11,61.12,4701200,52.54
2010-05-28,61.36,61.37,60.60,60.70,3015200,52.18
2010-05-27,60.88,61.19,60.53,61.18,2341800,52.59
2010-05-26,60.85,61.18,60.21,60.25,3116400,51.79
2010-05-25,60.24,60.69,59.57,60.55,4467800,52.05
2010-05-24,61.39,61.65,60.94,60.98,2717400,52.42
2010-05-21,60.51,61.65,60.02,61.62,4582800,52.97
2010-05-20,61.01,62.12,60.94,61.23,5906000,52.64
2010-05-19,61.80,62.41,61.29,62.00,4221000,53.30
2010-05-18,62.65,62.84,61.85,62.00,3571300,53.30
2010-05-17,61.81,62.45,61.45,62.29,2974200,53.55
2010-05-14,61.96,62.20,61.39,61.61,2750700,52.96
2010-05-13,62.85,62.91,62.14,62.18,2338300,53.45
2010-05-12,62.99,63.10,62.29,62.80,3518100,53.98
2010-05-11,62.63,63.24,62.48,62.79,3222500,53.98
2010-05-10,62.42,63.14,62.31,62.93,6533800,54.10
2010-05-07,60.91,61.26,60.16,61.00,8649400,52.44
2010-05-06,61.36,61.82,59.78,61.09,6548300,52.51
2010-05-05,61.13,62.02,61.13,61.52,3273300,52.88
2010-05-04,60.78,61.42,60.54,61.19,4255700,52.60
2010-05-03,61.34,61.48,60.94,61.15,2483100,52.57
2010-04-30,61.43,62.04,61.25,61.26,2975900,52.66
2010-04-29,61.31,61.62,60.84,61.28,2413200,52.68
2010-04-28,61.03,61.41,60.53,61.02,2818000,52.45
2010-04-27,60.87,61.47,60.69,60.72,3805200,52.20
2010-04-26,61.55,61.55,60.65,60.94,3846900,52.39
2010-04-23,62.28,62.28,60.51,60.93,4286600,52.38
2010-04-22,62.68,62.75,61.60,62.12,3411300,53.40
2010-04-21,62.69,63.04,62.50,62.95,2797100,54.11
2010-04-20,62.42,62.57,61.97,62.53,3139800,53.75
2010-04-19,61.68,62.19,61.68,62.15,3304600,53.43
2010-04-16,61.31,62.23,61.31,61.82,2748100,53.14
2010-04-15,61.10,61.90,60.97,61.59,2455100,52.94
2010-04-14,61.12,61.34,60.78,61.24,2618900,52.64
2010-04-13,61.37,61.42,60.90,61.06,2436400,52.49
2010-04-12,61.94,62.00,61.18,61.39,2420500,52.77
2010-04-09,61.32,61.68,61.10,61.68,1870000,53.02
2010-04-08,61.37,61.62,61.18,61.33,2358600,52.72
2010-04-07,61.85,61.98,61.39,61.54,2845100,52.90
2010-04-06,62.25,62.44,61.65,62.20,2370100,53.47
2010-04-05,62.85,62.88,62.09,62.26,2332700,53.52
2010-04-01,63.18,63.18,61.98,62.50,3240500,53.73
2010-03-31,62.92,63.13,62.51,62.88,2035500,54.05
2010-03-30,63.33,63.44,62.95,63.14,1604300,54.28
2010-03-29,62.88,63.42,62.71,63.22,2052100,54.35
2010-03-26,63.07,63.30,62.50,62.81,2598200,53.99
2010-03-25,63.11,63.35,62.58,63.04,3214400,54.19
2010-03-24,63.49,63.49,62.70,62.89,1952400,54.06
2010-03-23,63.28,63.60,62.85,63.51,3225200,54.60
2010-03-22,61.46,63.06,61.46,63.00,4773400,54.16
2010-03-19,61.43,61.59,61.08,61.43,3714700,52.81
2010-03-18,61.02,61.34,60.82,61.29,2946600,52.69
2010-03-17,60.61,61.02,60.25,60.93,2897100,52.38
2010-03-16,59.78,60.54,59.75,60.53,4344300,52.03
2010-03-15,60.15,60.35,59.86,60.35,2505100,51.88
2010-03-12,59.81,60.22,59.58,60.08,3690000,51.65
2010-03-11,59.62,59.75,59.23,59.71,3012600,51.33
2010-03-10,60.10,60.10,59.25,59.48,3764000,51.13
2010-03-09,60.01,60.32,59.99,60.01,2145400,51.59
2010-03-08,60.21,60.26,59.70,60.12,2692300,51.68
2010-03-05,60.24,60.46,59.78,60.11,2982400,51.67
2010-03-04,60.30,60.45,59.61,60.04,3115600,51.61
2010-03-03,59.95,60.39,59.90,60.02,2595900,51.60
2010-03-02,59.94,60.60,59.18,60.34,6422800,51.30
2010-03-01,61.44,61.44,60.54,60.75,3103900,51.65
2010-02-26,60.64,61.05,60.33,60.74,2662600,51.64
2010-02-25,60.02,60.44,59.57,60.40,2574200,51.35
2010-02-24,60.58,60.63,60.10,60.30,2964900,51.27
2010-02-23,59.80,60.62,59.60,60.38,3110400,51.34
2010-02-22,60.38,60.63,59.80,59.90,2405700,50.93
2010-02-19,60.35,60.59,59.90,60.25,2128600,51.23
2010-02-18,59.30,60.54,59.25,60.40,2238700,51.35
2010-02-17,59.41,59.64,59.25,59.35,2582600,50.46
2010-02-16,59.00,59.26,58.70,59.26,2782100,50.38
2010-02-12,58.95,59.15,58.54,58.86,2622600,50.04
2010-02-11,59.10,59.40,58.72,59.19,2252700,50.33
2010-02-10,59.47,59.61,58.66,58.93,2516900,50.10
2010-02-09,59.46,59.94,59.06,59.62,2277900,50.69
2010-02-08,59.16,59.58,58.58,58.95,2727200,50.12
2010-02-05,59.22,59.53,58.25,58.96,3078200,50.13
2010-02-04,60.01,60.25,59.18,59.23,2515200,50.36
2010-02-03,60.59,60.59,59.77,60.39,3336100,51.35
2010-02-02,59.67,60.87,59.27,60.68,3177900,51.59
2010-02-01,59.93,59.93,59.01,59.51,3274500,50.60
2010-01-29,59.48,60.18,59.08,59.39,3658900,50.50
2010-01-28,59.82,60.08,59.07,59.11,4226800,50.26
2010-01-27,60.12,60.45,59.19,59.50,3795800,50.59
2010-01-26,60.75,60.75,59.78,60.11,3995900,51.11
2010-01-25,60.75,60.80,59.75,60.45,2948400,51.40
2010-01-22,59.90,61.48,59.58,60.23,4188900,51.21
2010-01-21,62.23,62.52,61.00,61.11,3384500,51.96
2010-01-20,62.61,62.61,61.22,62.09,2669100,52.79
2010-01-19,62.38,63.25,62.31,62.80,3209200,53.39
2010-01-15,62.84,62.96,62.13,62.22,3538200,52.90
2010-01-14,63.68,63.68,62.91,63.02,1936100,53.58
2010-01-13,63.27,63.70,63.00,63.62,1825700,54.09
2010-01-12,62.53,63.41,62.40,63.02,2451600,53.58
2010-01-11,62.69,62.70,61.20,62.63,2870100,53.25
2010-01-08,62.87,62.96,61.79,62.71,2942800,53.32
2010-01-07,63.68,63.68,62.62,63.11,3113000,53.66
2010-01-06,64.35,64.35,63.48,63.53,2352500,54.02
2010-01-05,64.31,64.62,63.66,64.32,2364200,54.69
2010-01-04,64.29,64.52,63.59,64.27,1567500,54.64
2009-12-31,64.29,64.42,63.66,63.71,1212600,54.17
2009-12-30,64.35,64.75,64.25,64.39,1044000,54.75
2009-12-29,64.36,64.83,64.26,64.41,1235700,54.76
2009-12-28,64.06,64.39,63.87,64.38,951100,54.74
2009-12-24,64.40,64.54,63.75,64.01,656200,54.42
2009-12-23,64.48,64.48,63.95,64.24,1589900,54.62
2009-12-22,64.66,64.83,63.90,64.23,1663800,54.61
2009-12-21,63.51,64.73,63.51,64.49,1890200,54.83
2009-12-18,64.29,64.47,62.78,63.33,3551200,53.85
2009-12-17,64.95,64.95,64.00,64.09,2500200,54.49
2009-12-16,65.23,65.63,64.84,64.96,1972900,55.23
2009-12-15,65.16,65.28,64.75,65.01,2009700,55.27
2009-12-14,65.00,65.32,64.87,65.03,1810400,55.29
2009-12-11,64.98,65.24,64.58,64.71,2806800,55.02
2009-12-10,64.27,65.06,64.04,64.61,2529900,54.93
2009-12-09,64.31,64.37,63.41,64.12,3641700,54.52
2009-12-08,64.99,65.16,64.49,64.91,2207500,55.19
2009-12-07,65.44,65.44,64.57,65.19,2771400,55.43
2009-12-04,66.57,66.81,65.72,65.87,2462700,56.00
2009-12-03,66.91,66.93,65.91,66.03,1957300,56.14
2009-12-02,66.42,67.03,66.26,66.79,2167400,56.79
2009-12-01,66.58,66.99,66.40,66.82,2106600,56.30
2009-11-30,65.69,66.27,65.16,65.97,2336800,55.59
2009-11-27,65.24,66.20,64.76,65.56,1167400,55.24
2009-11-25,65.89,66.10,65.72,66.01,1882600,55.62
2009-11-24,65.85,65.99,65.17,65.76,1865900,55.41
2009-11-23,64.98,66.07,64.96,65.68,2813800,55.34
2009-11-20,64.71,64.90,64.29,64.75,1752600,54.56
2009-11-19,64.83,64.93,64.18,64.75,1653500,54.56
2009-11-18,65.13,65.91,64.51,65.13,3331000,54.88
2009-11-17,64.56,65.38,64.56,65.28,2630800,55.00
2009-11-16,64.07,64.83,64.02,64.83,2859900,54.63
2009-11-13,63.66,64.04,63.14,64.04,2555700,53.96
2009-11-12,63.93,64.14,63.38,63.58,1821500,53.57
2009-11-11,64.42,64.49,63.65,64.01,2562400,53.93
2009-11-10,64.07,64.45,63.86,64.26,1967600,54.15
2009-11-09,63.71,64.14,63.43,64.10,3103800,54.01
2009-11-06,63.19,63.71,62.89,63.71,2155700,53.68
2009-11-05,63.10,63.68,62.72,63.55,2960000,53.55
2009-11-04,62.09,63.00,62.09,62.65,3297800,52.79
2009-11-03,62.50,62.50,61.53,62.00,2665500,52.24
2009-11-02,61.23,62.75,61.20,62.74,3722700,52.86
2009-10-30,61.79,62.10,60.98,61.16,3229600,51.53
2009-10-29,61.43,61.78,60.93,61.73,2327400,52.01
2009-10-28,61.37,62.07,60.98,61.03,3135600,51.42
2009-10-27,61.63,61.94,61.08,61.53,3061000,51.84
2009-10-26,61.82,62.45,61.09,61.47,2931500,51.79
2009-10-23,63.06,63.23,61.16,61.57,5624200,51.88
2009-10-22,61.92,63.57,61.79,63.09,6523200,53.16
2009-10-21,59.54,60.50,59.54,59.69,3403100,50.29
2009-10-20,59.59,60.00,59.24,59.56,3011100,50.18
2009-10-19,59.08,59.94,58.84,59.65,1741900,50.26
2009-10-16,59.20,59.82,58.79,59.07,2612400,49.77
2009-10-15,58.65,59.45,58.65,59.38,2063200,50.03
2009-10-14,59.33,59.35,58.73,58.88,2338400,49.61
2009-10-13,59.38,59.52,58.76,59.01,1810100,49.72
2009-10-12,59.27,59.95,59.10,59.53,1653000,50.16
2009-10-09,58.92,59.27,58.72,59.26,1353100,49.93
2009-10-08,58.79,59.11,58.65,59.06,3304200,49.76
2009-10-07,58.85,58.91,58.22,58.68,2249700,49.44
2009-10-06,58.49,58.93,58.34,58.82,3192100,49.56
2009-10-05,58.97,59.05,57.67,58.34,3465400,49.16
2009-10-02,58.22,58.97,57.91,58.87,3076500,49.60
2009-10-01,58.90,58.90,58.02,58.21,3355900,49.05
2009-09-30,57.64,59.26,57.60,58.98,4828500,49.70
2009-09-29,58.71,58.71,57.60,57.62,2489300,48.55
2009-09-28,57.78,58.80,57.59,58.47,1775700,49.27
2009-09-25,57.72,58.29,57.60,57.70,2057300,48.62
2009-09-24,58.22,58.60,57.86,57.88,2371000,48.77
2009-09-23,57.72,58.87,57.43,58.12,3444300,48.97
2009-09-22,57.75,57.84,57.38,57.63,1860000,48.56
2009-09-21,57.80,57.80,57.29,57.50,1943700,48.45
2009-09-18,57.31,58.07,57.15,57.88,3107200,48.77
2009-09-17,57.51,57.62,57.10,57.16,3147100,48.16
2009-09-16,57.76,57.85,57.38,57.50,4038100,48.45
2009-09-15,58.02,58.03,57.54,57.69,3143600,48.61
2009-09-14,58.32,58.46,57.90,58.04,2789300,48.90
2009-09-11,58.52,58.76,58.18,58.50,1995200,49.29
2009-09-10,58.01,58.56,57.84,58.45,2257800,49.25
2009-09-09,57.79,58.08,57.62,57.93,2256100,48.81
2009-09-08,58.36,58.36,57.54,57.82,3546000,48.72
2009-09-04,58.31,58.31,57.85,58.20,1954900,49.04
2009-09-03,58.47,58.48,57.52,58.04,1654800,48.90
2009-09-02,58.62,58.88,58.07,58.30,2639600,49.12
2009-09-01,60.46,60.47,59.00,59.10,2681100,49.29
2009-08-31,59.58,60.48,59.58,60.46,2303800,50.43
2009-08-28,59.88,60.18,59.40,59.76,1695700,49.84
2009-08-27,60.17,60.26,59.49,59.80,1584800,49.88
2009-08-26,59.57,60.25,59.38,60.16,2349600,50.18
2009-08-25,59.26,59.75,59.11,59.56,1842200,49.68
2009-08-24,59.60,59.75,59.06,59.27,2096700,49.43
2009-08-21,59.05,59.67,58.67,59.53,2394300,49.65
2009-08-20,58.99,59.09,58.35,58.82,1917600,49.06
2009-08-19,58.10,58.97,58.08,58.95,2023300,49.17
2009-08-18,58.38,58.49,57.92,58.44,1850900,48.74
2009-08-17,58.44,58.58,58.15,58.38,2260600,48.69
2009-08-14,58.96,59.24,58.46,58.94,2624200,49.16
2009-08-13,58.33,58.91,58.04,58.91,2566600,49.13
2009-08-12,58.05,58.83,57.78,58.41,1769700,48.72
2009-08-11,57.48,58.28,57.48,58.12,1956900,48.47
2009-08-10,57.47,57.86,57.20,57.79,1896000,48.20
2009-08-07,58.06,58.18,57.41,57.56,2980700,48.01
2009-08-06,58.63,58.89,57.64,57.81,1779400,48.22
2009-08-05,58.90,58.94,58.14,58.54,2117900,48.82
2009-08-04,58.05,59.23,58.05,59.15,2534500,49.33
2009-08-03,58.82,58.82,57.66,58.27,2248700,48.60
2009-07-31,58.37,59.16,58.30,58.45,2181200,48.75
2009-07-30,58.66,58.97,57.92,58.37,2418300,48.68
2009-07-29,58.47,59.17,58.18,58.58,2080100,48.86
2009-07-28,58.34,58.95,58.16,58.83,2608200,49.07
2009-07-27,57.85,58.57,57.77,58.55,2221200,48.83
2009-07-24,57.41,58.33,57.38,58.02,2470400,48.39
2009-07-23,55.90,57.94,55.61,57.80,5173600,48.21
2009-07-22,54.15,54.80,54.11,54.46,2325300,45.42
2009-07-21,54.99,55.25,53.86,54.29,2213700,45.28
2009-07-20,54.66,54.88,54.04,54.83,1587400,45.73
2009-07-17,54.45,54.61,54.25,54.47,1486100,45.43
2009-07-16,53.87,54.52,53.69,54.38,2111500,45.36
2009-07-15,53.50,53.97,53.04,53.96,2430600,45.00
2009-07-14,52.94,53.19,52.71,53.08,2927700,44.27
2009-07-13,52.10,53.25,51.98,53.14,2354400,44.32
2009-07-10,52.27,52.38,51.71,51.95,1906400,43.33
2009-07-09,52.74,52.78,51.91,52.14,2520200,43.49
2009-07-08,53.00,53.04,52.41,52.54,2731600,43.82
2009-07-07,53.05,53.39,52.70,52.85,2813200,44.08
2009-07-06,52.77,53.52,52.77,53.26,2672200,44.42
2009-07-02,53.23,53.42,52.65,52.93,2654900,44.15
2009-07-01,52.57,53.98,52.42,53.79,2531900,44.86
2009-06-30,53.12,53.22,52.09,52.43,2252000,43.73
2009-06-29,52.49,53.22,52.02,53.22,2167700,44.39
2009-06-26,52.71,52.95,51.75,52.35,5323100,43.66
2009-06-25,51.70,52.80,51.17,52.75,3078100,44.00
2009-06-24,51.40,51.92,51.26,51.77,3097300,43.18
2009-06-23,51.27,51.53,50.99,51.12,2443100,42.64
2009-06-22,50.42,51.40,50.42,51.06,2728700,42.59
2009-06-19,51.58,51.58,50.58,50.67,3311400,42.26
2009-06-18,51.15,51.60,51.14,51.33,2403200,42.81
2009-06-17,51.00,51.62,50.82,50.97,3139900,42.51
2009-06-16,51.53,51.53,50.76,50.86,2985400,42.42
2009-06-15,51.51,51.95,51.00,51.42,2852400,42.89
2009-06-12,52.16,52.95,52.15,52.73,1480400,43.98
2009-06-11,52.50,52.97,52.37,52.42,1916200,43.72
2009-06-10,52.97,53.12,51.98,52.49,2073500,43.78
2009-06-09,53.04,53.09,52.34,52.58,2295900,43.85
2009-06-08,52.16,53.18,52.16,52.78,3102300,44.02
2009-06-05,52.97,53.09,52.12,52.41,1999900,43.71
2009-06-04,53.00,53.14,52.36,52.65,1899600,43.91
2009-06-03,53.13,53.58,52.62,52.99,2206700,44.20
2009-06-02,53.53,54.31,53.12,53.89,3037200,44.45
2009-06-01,52.31,53.61,51.97,53.48,2907400,44.11
2009-05-29,51.68,51.89,50.98,51.89,2365000,42.80
2009-05-28,51.10,51.67,50.73,51.56,2191500,42.52
2009-05-27,52.57,52.69,50.97,51.13,2289300,42.17
2009-05-26,51.10,52.57,50.88,52.57,2667800,43.36
2009-05-22,50.84,51.65,50.79,51.15,1686600,42.19
2009-05-21,50.99,51.28,50.35,50.79,2185300,41.89
2009-05-20,51.49,51.98,51.28,51.39,1970800,42.38
2009-05-19,51.96,52.03,51.13,51.19,3346600,42.22
2009-05-18,50.88,52.05,50.64,52.04,2548500,42.92
2009-05-15,50.53,51.00,50.33,50.49,2940100,41.64
2009-05-14,51.65,51.77,50.50,50.54,2560000,41.68
2009-05-13,51.60,52.00,51.28,51.53,2258800,42.50
2009-05-12,51.89,52.05,51.30,51.90,2253900,42.80
2009-05-11,51.59,52.00,51.27,51.65,2448800,42.60
2009-05-08,52.11,52.39,51.55,51.95,2898600,42.85
2009-05-07,51.30,51.80,50.92,51.71,3671300,42.65
2009-05-06,50.35,51.14,49.87,50.98,2988300,42.05
2009-05-05,50.16,50.35,49.75,49.92,1769500,41.17
2009-05-04,49.99,50.33,49.68,50.33,2399000,41.51
2009-05-01,49.24,49.79,49.01,49.75,2061900,41.03
2009-04-30,50.11,50.43,48.91,49.14,3095700,40.53
2009-04-29,50.29,50.37,49.32,49.61,2334400,40.92
2009-04-28,49.19,50.33,49.19,49.84,2102400,41.11
2009-04-27,49.56,49.86,49.09,49.60,3164000,40.91
2009-04-24,49.50,49.60,48.60,49.31,2923500,40.67
2009-04-23,49.65,49.87,48.65,49.37,3455900,40.72
2009-04-22,49.79,50.39,49.01,49.78,3027300,41.06
2009-04-21,49.79,50.72,49.46,49.95,2276300,41.20
2009-04-20,49.78,50.75,49.64,49.92,3101700,41.17
2009-04-17,50.01,50.55,49.40,50.24,3259900,41.44
2009-04-16,49.37,49.94,48.76,49.78,1871800,41.06
2009-04-15,48.17,49.24,47.99,49.13,2008000,40.52
2009-04-14,47.98,48.63,47.75,48.29,2412300,39.83
2009-04-13,47.93,48.55,47.52,48.30,2641600,39.84
2009-04-09,47.96,48.53,47.53,48.20,2699100,39.75
2009-04-08,48.06,48.30,47.24,47.72,3007300,39.36
2009-04-07,48.37,48.92,47.93,47.98,2849200,39.57
2009-04-06,48.68,49.27,48.44,48.99,2527700,40.40
2009-04-03,49.35,49.53,48.44,49.00,2540900,40.41
2009-04-02,48.28,49.72,47.57,49.26,3888200,40.63
2009-04-01,45.65,47.46,45.19,47.32,3306300,39.03
2009-03-31,46.82,46.82,45.79,46.11,4086400,38.03
2009-03-30,46.69,47.16,46.00,46.39,2302900,38.26
2009-03-27,46.71,47.82,46.71,47.54,2518100,39.21
2009-03-26,47.12,47.23,46.34,47.17,2816000,38.90
2009-03-25,46.51,47.09,45.93,46.65,3853200,38.47
2009-03-24,46.25,47.23,46.07,46.15,3592000,38.06
2009-03-23,46.82,46.83,45.65,46.83,5176100,38.62
2009-03-20,46.54,46.99,45.81,45.98,3439100,37.92
2009-03-19,47.45,47.55,46.12,46.50,2615900,38.35
2009-03-18,46.68,47.84,46.34,47.04,2853600,38.80
2009-03-17,46.90,47.24,46.37,46.87,2688000,38.66
2009-03-16,46.46,47.59,46.35,46.78,2884700,38.58
2009-03-13,45.29,46.30,45.02,46.02,2700500,37.96
2009-03-12,44.27,45.11,43.78,45.02,3133600,37.13
2009-03-11,44.76,45.09,43.95,44.26,3446600,36.50
2009-03-10,44.06,44.54,43.58,44.32,3450800,36.55
2009-03-09,43.52,43.98,43.06,43.41,2760500,35.80
2009-03-06,44.48,44.99,43.05,43.92,3664600,36.22
2009-03-05,45.81,45.81,43.73,44.17,3695900,36.43
2009-03-04,46.02,46.69,45.11,46.10,3106600,38.02
2009-03-03,45.96,46.48,45.15,46.10,4710900,37.53
2009-03-02,46.88,46.96,45.80,45.87,3265400,37.34
2009-02-27,46.43,47.52,46.03,47.11,3495000,38.35
2009-02-26,47.91,47.97,46.65,46.66,2961900,37.98
2009-02-25,48.03,48.37,46.97,47.54,3115500,38.70
2009-02-24,47.29,48.38,47.01,48.17,3775400,39.21
2009-02-23,48.34,48.41,46.92,47.01,2806300,38.27
2009-02-20,48.03,48.64,47.53,47.99,2950000,39.06
2009-02-19,48.41,49.16,48.41,48.77,2881700,39.70
2009-02-18,49.02,49.30,48.12,48.43,2454300,39.42
2009-02-17,48.92,49.96,48.50,48.80,3179500,39.72
2009-02-13,50.25,50.97,49.69,49.76,2392100,40.51
2009-02-12,50.11,50.44,49.00,50.44,2814300,41.06
2009-02-11,49.67,50.35,49.44,50.25,2455700,40.90
2009-02-10,50.68,51.03,49.02,49.32,3348500,40.15
2009-02-09,51.22,51.64,50.52,50.98,2477500,41.50
2009-02-06,51.13,52.00,50.00,51.48,4604100,41.91
2009-02-05,50.64,51.56,49.28,51.29,3583100,41.75
2009-02-04,51.87,51.87,50.29,50.56,2477300,41.16
2009-02-03,51.05,51.73,50.10,51.52,3547100,41.94
2009-02-02,51.06,51.42,50.37,50.98,2780200,41.50
2009-01-30,52.33,52.67,50.94,51.47,3514100,41.90
2009-01-29,51.98,53.00,51.90,52.34,2919200,42.61
2009-01-28,52.84,52.84,51.56,52.17,3804900,42.47
2009-01-27,51.86,52.50,51.38,52.09,3024400,42.40
2009-01-26,50.96,52.59,50.77,51.66,5170300,42.05
2009-01-23,53.00,53.08,51.51,51.99,4118900,42.32
2009-01-22,52.21,53.48,51.58,53.31,3779800,43.40
2009-01-21,52.32,52.86,51.29,52.76,2837900,42.95
2009-01-20,53.22,53.90,51.98,52.04,3392900,42.36
2009-01-16,52.98,53.50,52.76,53.22,4995000,43.32
2009-01-15,51.18,52.64,50.81,52.39,3097800,42.65
2009-01-14,51.51,52.04,51.00,51.36,2656400,41.81
2009-01-13,51.78,52.67,51.30,52.23,4485600,42.52
2009-01-12,50.46,50.76,49.88,50.56,2324700,41.16
2009-01-09,50.87,51.45,49.99,50.45,3659900,41.07
2009-01-08,51.49,51.71,50.65,51.16,2762900,41.65
2009-01-07,52.01,52.73,51.35,51.62,3781800,42.02
2009-01-06,53.18,53.90,52.25,52.75,2432500,42.94
2009-01-05,53.51,53.74,52.60,52.98,2316700,43.13
2009-01-02,53.00,53.90,52.58,53.65,2365900,43.67
2008-12-31,52.70,53.06,51.97,52.74,2461100,42.93
2008-12-30,52.32,52.77,51.80,52.70,1331200,42.90
2008-12-29,52.15,52.15,51.27,51.91,1169400,42.26
2008-12-26,52.49,52.49,51.82,52.04,761000,42.36
2008-12-24,51.55,52.36,51.34,52.14,733700,42.44
2008-12-23,52.92,52.92,51.10,51.25,1967300,41.72
2008-12-22,51.19,52.63,50.62,52.44,2694600,42.69
2008-12-19,52.70,53.29,51.03,51.11,4693000,41.60
2008-12-18,50.92,53.29,50.85,52.68,3646500,42.88
2008-12-17,51.93,52.45,50.62,50.74,3835500,41.30
2008-12-16,52.05,52.66,51.78,52.40,3614100,42.65
2008-12-15,51.73,52.26,50.98,51.80,2798600,42.17
2008-12-12,51.24,51.86,50.27,51.53,2281000,41.95
2008-12-11,51.75,53.13,51.33,51.48,2428100,41.91
2008-12-10,52.18,53.04,51.35,51.85,3136000,42.21
2008-12-09,55.00,55.25,51.62,51.86,4161000,42.22
2008-12-08,56.07,56.26,54.71,55.21,3225300,44.94
2008-12-05,54.12,55.07,53.57,54.95,3799000,44.73
2008-12-04,55.94,56.34,54.22,54.71,2756000,44.54
2008-12-03,56.12,56.88,55.07,56.11,3617700,45.67
2008-12-02,55.73,57.16,55.01,57.13,2737700,46.03
2008-12-01,57.05,57.12,54.95,55.02,2730800,44.33
2008-11-28,56.17,57.98,56.17,57.79,1159600,46.56
2008-11-26,56.11,56.75,55.20,56.33,3255300,45.39
2008-11-25,58.42,58.79,56.11,56.89,3662600,45.84
2008-11-24,56.40,58.04,55.48,56.94,3804500,45.88
2008-11-21,55.09,55.60,52.79,55.56,5242300,44.77
2008-11-20,55.66,57.48,53.67,54.07,5162000,43.57
2008-11-19,57.83,58.91,55.94,56.08,3176300,45.19
2008-11-18,56.81,58.15,55.59,58.15,3034000,46.85
2008-11-17,56.77,58.50,56.23,56.81,2156300,45.78
2008-11-14,58.30,59.84,56.79,57.37,3109900,46.23
2008-11-13,56.82,59.07,54.61,58.92,4755400,47.48
2008-11-12,56.76,57.45,56.14,56.53,2790200,45.55
2008-11-11,57.74,58.51,56.76,57.59,2334100,46.40
2008-11-10,59.02,59.54,57.20,58.28,3153600,46.96
2008-11-07,57.99,58.33,56.85,57.94,2912300,46.69
2008-11-06,58.01,59.59,57.28,57.47,3102400,46.31
2008-11-05,61.17,61.82,58.87,59.11,3047600,47.63
2008-11-04,61.98,62.05,60.83,61.88,2608900,49.86
2008-11-03,61.12,61.89,60.65,60.83,2325200,49.01
2008-10-31,60.52,62.19,60.50,61.29,2902900,49.38
2008-10-30,61.46,61.50,59.14,60.94,4171500,49.10
2008-10-29,59.90,61.84,58.89,59.09,3772100,47.61
2008-10-28,56.24,60.07,54.29,59.97,5147700,48.32
2008-10-27,54.96,56.60,54.01,55.21,4119500,44.49
2008-10-24,54.99,56.26,54.01,55.01,4260700,44.32
2008-10-23,57.99,58.05,54.78,57.18,5278000,46.07
2008-10-22,59.19,59.23,55.83,57.22,6009500,46.11
2008-10-21,61.90,62.90,61.01,61.67,4547500,49.69
2008-10-20,59.31,62.09,59.31,62.00,3457700,49.96
2008-10-17,59.49,61.45,56.56,59.99,4709600,48.34
2008-10-16,56.57,61.05,55.00,60.17,7336700,48.48
2008-10-15,59.40,59.60,56.00,56.18,3768900,45.27
2008-10-14,61.55,62.63,58.57,60.00,4622300,48.35
2008-10-13,58.77,60.19,57.51,60.11,4057300,48.43
2008-10-10,54.47,59.63,54.01,56.62,8298400,45.62
2008-10-09,62.53,62.53,56.78,57.01,6459000,45.94
2008-10-08,61.00,62.69,60.00,61.93,7180700,49.90
2008-10-07,62.97,63.62,61.17,61.35,4357800,49.43
2008-10-06,62.56,64.05,61.24,62.46,5287700,50.33
2008-10-03,66.31,66.31,64.09,64.39,4808000,51.88
2008-10-02,65.23,66.37,64.47,65.45,4024700,52.74
2008-10-01,64.42,65.32,63.85,65.21,2606500,52.54
2008-09-30,64.40,64.87,63.04,64.84,4316400,52.25
2008-09-29,65.42,66.13,63.59,63.59,4250900,51.24
2008-09-26,63.86,66.18,63.86,66.07,3156900,53.24
2008-09-25,64.37,65.16,64.01,64.46,2747800,51.94
2008-09-24,63.55,64.51,62.92,63.85,1913500,51.45
2008-09-23,64.01,64.99,63.41,63.49,2413000,51.16
2008-09-22,65.52,65.69,63.65,64.00,3262100,51.57
2008-09-19,65.89,66.32,64.26,66.06,5793900,53.23
2008-09-18,65.05,65.39,63.68,64.73,4806300,52.16
2008-09-17,64.33,65.55,63.97,64.37,5414000,51.87
2008-09-16,63.96,65.03,63.50,64.66,3685100,52.10
2008-09-15,63.42,65.81,63.42,64.35,2916700,51.85
2008-09-12,64.00,64.61,63.62,64.58,2951000,52.04
2008-09-11,63.58,64.40,63.40,64.32,3517700,51.83
2008-09-10,65.06,65.28,64.24,64.36,3360900,51.86
2008-09-09,64.99,66.66,64.56,65.23,6316700,52.56
2008-09-08,62.99,64.19,62.68,63.90,2975200,51.49
2008-09-05,61.27,62.31,61.05,62.19,2067100,50.11
2008-09-04,61.96,62.25,61.24,61.27,2319000,49.37
2008-09-03,62.51,63.24,61.82,62.19,2816800,50.11
2008-09-02,62.51,63.28,61.90,62.88,2524800,50.20
2008-08-29,62.47,62.78,61.64,61.68,2316800,49.24
2008-08-28,61.41,62.84,61.06,62.72,2128200,50.07
2008-08-27,61.02,61.39,60.68,61.17,1482200,48.83
2008-08-26,60.68,61.27,60.48,61.04,1958000,48.73
2008-08-25,61.75,61.88,60.76,60.94,1532400,48.65
2008-08-22,61.16,62.12,60.95,62.03,1746300,49.52
2008-08-21,60.38,61.05,60.00,60.99,1877200,48.69
2008-08-20,61.98,61.98,60.73,60.99,2960900,48.69
2008-08-19,62.61,62.73,61.80,62.09,1855700,49.57
2008-08-18,62.96,63.29,62.39,62.76,1602100,50.10
2008-08-15,62.44,63.05,62.10,62.92,2116600,50.23
2008-08-14,61.27,62.43,61.22,62.43,2021800,49.84
2008-08-13,61.99,62.26,60.70,61.65,2249600,49.22
2008-08-12,61.08,62.30,60.99,62.03,2825200,49.52
2008-08-11,61.40,61.61,60.53,61.38,2722300,49.00
2008-08-08,58.55,61.45,58.33,61.42,2492800,49.03
2008-08-07,60.28,60.63,58.22,58.43,3109700,46.65
2008-08-06,60.43,60.88,60.15,60.58,1744500,48.36
2008-08-05,58.95,60.60,58.79,60.57,2353700,48.35
2008-08-04,57.91,59.30,57.88,58.94,1799000,47.05
2008-08-01,58.16,58.32,57.40,57.85,2144200,46.18
2008-07-31,58.07,58.50,57.61,57.83,2799500,46.17
2008-07-30,57.61,58.77,57.51,58.34,3800100,46.57
2008-07-29,56.33,57.47,56.22,57.46,2551200,45.87
2008-07-28,55.97,56.68,55.85,56.10,2336500,44.79
2008-07-25,55.56,56.49,55.56,55.99,2571300,44.70
2008-07-24,56.53,56.88,55.35,55.35,2748500,44.19
2008-07-23,55.99,56.84,55.77,56.69,2731500,45.26
2008-07-22,54.69,55.88,54.69,55.70,4092100,44.47
2008-07-21,55.28,55.28,54.75,54.97,3008200,43.88
2008-07-18,55.48,55.48,54.73,54.99,4103900,43.90
2008-07-17,54.90,55.57,54.29,55.33,4852600,44.17
2008-07-16,54.69,55.00,54.18,54.73,4321600,43.69
2008-07-15,54.25,57.68,50.42,55.01,10962200,43.92
2008-07-14,59.86,60.11,58.62,58.80,2678600,46.94
2008-07-11,59.50,59.85,59.00,59.32,2495700,47.36
2008-07-10,60.09,60.20,59.41,60.00,2251700,47.90
2008-07-09,60.54,60.55,59.84,59.90,2094100,47.82
2008-07-08,59.70,60.60,59.26,60.54,2718200,48.33
2008-07-07,60.95,60.99,59.30,59.53,3214900,47.52
2008-07-03,60.02,60.82,60.02,60.81,1639000,48.55
2008-07-02,60.18,60.61,59.62,59.65,2695300,47.62
2008-07-01,59.78,60.06,59.18,59.92,2438600,47.84
2008-06-30,60.07,60.24,59.53,59.78,2866500,47.72
2008-06-27,61.09,61.34,59.81,59.87,2406200,47.80
2008-06-26,61.57,61.96,60.89,60.91,2045800,48.63
2008-06-25,61.65,62.62,61.50,62.14,2255600,49.61
2008-06-24,61.00,62.02,60.58,61.76,2546400,49.30
2008-06-23,61.39,61.84,60.86,61.23,1606500,48.88
2008-06-20,62.01,62.27,61.03,61.18,2840700,48.84
2008-06-19,62.00,62.61,61.81,62.35,2364800,49.78
2008-06-18,61.93,62.69,61.93,62.10,2172800,49.58
2008-06-17,62.30,62.51,62.09,62.28,1635800,49.72
2008-06-16,62.09,62.21,61.32,61.99,2331000,49.49
2008-06-13,62.60,62.86,62.16,62.62,1393200,49.99
2008-06-12,61.98,62.76,61.97,62.25,1764400,49.70
2008-06-11,62.13,62.55,61.75,61.83,2155700,49.36
2008-06-10,61.75,62.99,61.69,62.55,2718000,49.94
2008-06-09,62.46,62.46,61.84,62.07,2017400,49.55
2008-06-06,62.93,63.23,62.10,62.11,2475800,49.58
2008-06-05,63.20,63.45,62.92,63.29,1521900,50.53
2008-06-04,62.77,63.39,62.53,63.10,1737600,50.37
2008-06-03,63.13,63.42,62.96,63.08,3420200,49.90
2008-06-02,63.68,63.68,62.52,62.98,2098000,49.82
2008-05-30,64.50,64.50,63.80,63.80,1921100,50.46
2008-05-29,63.57,64.44,63.41,64.22,1688900,50.80
2008-05-28,63.57,63.72,63.12,63.44,1623900,50.18
2008-05-27,62.94,63.63,62.89,63.46,2246100,50.20
2008-05-23,63.29,63.63,62.70,62.79,1745000,49.67
2008-05-22,63.16,63.77,62.96,63.70,1951800,50.39
2008-05-21,63.71,64.09,62.92,63.04,2357200,49.86
2008-05-20,63.76,64.00,63.55,63.72,2300900,50.40
2008-05-19,63.32,63.87,63.32,63.76,1747400,50.43
2008-05-16,63.86,63.86,63.16,63.42,2165900,50.16
2008-05-15,63.13,63.71,62.68,63.64,2198200,50.34
2008-05-14,63.75,63.75,63.00,63.09,2542600,49.90
2008-05-13,63.10,63.54,63.00,63.34,2540300,50.10
2008-05-12,62.60,62.92,61.94,62.65,2511600,49.56
2008-05-09,62.94,62.94,62.29,62.35,2452900,49.32
2008-05-08,63.45,63.48,62.81,63.08,2213300,49.90
2008-05-07,64.25,64.51,63.16,63.20,3436600,49.99
2008-05-06,64.24,64.75,63.93,64.57,2236800,51.07
2008-05-05,64.83,64.83,64.05,64.39,1997400,50.93
2008-05-02,65.01,65.31,64.22,64.63,2526300,51.12
2008-05-01,63.84,64.75,63.84,64.74,1803100,51.21
2008-04-30,64.12,64.61,63.77,63.99,3057700,50.62
2008-04-29,63.94,64.15,63.65,63.86,1861600,50.51
2008-04-28,63.90,64.24,63.43,63.91,1660200,50.55
2008-04-25,64.17,64.17,63.11,63.77,1490100,50.44
2008-04-24,64.20,64.34,63.44,63.73,1837000,50.41
2008-04-23,64.35,64.50,63.77,63.99,2119000,50.62
2008-04-22,64.97,64.97,64.00,64.37,2601300,50.92
2008-04-21,64.48,64.55,63.45,64.03,2561000,50.65
2008-04-18,63.93,64.18,63.13,63.34,3219700,50.10
2008-04-17,63.56,63.83,63.00,63.12,2164100,49.93
2008-04-16,64.40,64.40,63.25,63.62,2042500,50.32
2008-04-15,64.19,64.19,63.56,63.86,1313400,50.51
2008-04-14,63.23,64.28,63.23,63.91,1367500,50.55
2008-04-11,63.20,64.00,63.20,63.38,2298100,50.13
2008-04-10,63.52,63.75,63.23,63.46,3174600,50.20
2008-04-09,64.01,64.07,63.22,63.46,3256200,50.20
2008-04-08,64.91,64.93,64.49,64.75,1831200,51.22
2008-04-07,65.55,65.55,64.67,65.00,1905400,51.41
2008-04-04,65.71,65.71,65.00,65.28,2482100,51.64
2008-04-03,65.42,65.59,64.55,65.28,1412000,51.64
2008-04-02,65.21,65.88,65.13,65.57,1902900,51.86
2008-04-01,64.83,65.50,64.64,65.50,2208300,51.81
2008-03-31,64.19,64.77,63.65,64.55,1994000,51.06
2008-03-28,64.45,64.49,63.69,64.08,1876000,50.69
2008-03-27,65.27,65.30,64.30,64.32,1580400,50.88
2008-03-26,65.11,65.29,64.67,65.00,2435900,51.41
2008-03-25,64.87,65.51,64.62,65.43,1620000,51.75
2008-03-24,65.10,65.25,64.60,64.96,2467400,51.38
2008-03-20,64.54,65.74,64.33,64.97,2491200,51.39
2008-03-19,64.97,65.54,64.42,64.46,3267400,50.99
2008-03-18,64.00,64.46,63.41,64.46,3247800,50.99
2008-03-17,62.83,63.68,62.76,63.27,4498300,50.05
2008-03-14,64.00,64.00,62.57,62.99,3250100,49.82
2008-03-13,63.39,63.82,62.70,63.64,2440400,50.34
2008-03-12,63.96,64.17,63.09,63.15,2449500,49.95
2008-03-11,64.11,64.39,63.48,63.94,2425200,50.58
2008-03-10,63.45,64.03,63.45,63.62,2050400,50.32
2008-03-07,63.80,64.08,63.17,63.52,4887900,50.24
2008-03-06,64.40,64.45,63.88,63.93,2948300,50.57
2008-03-05,64.55,64.89,64.05,64.47,3404100,50.99
2008-03-04,65.12,65.24,64.35,64.99,2830000,50.95
2008-03-03,65.22,65.55,64.84,65.55,2129400,51.39
2008-02-29,65.22,65.65,65.03,65.18,2242400,51.10
2008-02-28,65.84,66.33,65.46,65.76,2201300,51.55
2008-02-27,65.76,66.57,65.68,66.21,2343000,51.90
2008-02-26,65.06,66.14,64.88,65.95,2136300,51.70
2008-02-25,65.05,65.68,65.05,65.50,2398800,51.35
2008-02-22,64.20,65.13,64.12,65.04,3305900,50.99
2008-02-21,64.20,64.69,63.90,64.14,3475900,50.28
2008-02-20,63.58,64.27,63.53,64.26,3128900,50.38
2008-02-19,65.03,65.03,63.89,64.01,2551700,50.18
2008-02-15,64.03,64.43,63.70,64.43,3166000,50.51
2008-02-14,65.19,65.28,63.94,64.15,3993500,50.29
2008-02-13,66.03,66.38,65.02,65.31,4266700,51.20
2008-02-12,64.98,65.81,64.67,65.61,4603200,51.43
2008-02-11,64.60,64.87,64.22,64.71,3283300,50.73
2008-02-08,64.84,65.09,64.30,64.57,2247700,50.62
2008-02-07,65.20,65.63,64.61,65.06,2670200,51.00
2008-02-06,65.76,65.91,64.92,65.30,2338700,51.19
2008-02-05,65.01,65.95,65.01,65.44,2594500,51.30
2008-02-04,66.90,66.90,65.80,66.04,1917700,51.77
2008-02-01,65.50,67.11,65.50,67.04,3403400,52.55
2008-01-31,63.73,65.88,63.73,65.63,3034200,51.45
2008-01-30,65.04,65.59,64.30,64.52,2616500,50.58
2008-01-29,64.28,65.84,64.10,65.44,3758000,51.30
2008-01-28,64.29,64.79,63.49,63.91,3620000,50.10
2008-01-25,64.92,64.92,63.40,64.08,3653800,50.23
2008-01-24,64.00,65.16,62.48,64.43,3568800,50.51
2008-01-23,62.96,64.88,62.96,64.44,4658400,50.52
2008-01-22,62.84,65.31,62.16,64.54,6060400,50.59
2008-01-18,66.10,66.25,64.87,65.06,3740800,51.00
2008-01-17,67.00,67.00,65.75,65.85,2780900,51.62
2008-01-16,67.03,67.46,66.54,66.64,3386800,52.24
2008-01-15,66.83,67.68,66.62,67.20,2465200,52.68
2008-01-14,67.23,67.72,66.81,67.52,2144200,52.93
2008-01-11,67.91,68.32,66.45,66.77,3849200,52.34
2008-01-10,69.00,69.39,68.38,68.40,3472100,53.62
2008-01-09,68.52,69.50,68.35,69.50,3791400,54.48
2008-01-08,69.24,69.50,68.09,68.30,2903300,53.54
2008-01-07,69.26,69.69,68.93,69.49,2645800,54.47
2008-01-04,69.06,69.38,68.65,68.97,3164900,54.07
2008-01-03,68.67,69.56,68.67,69.18,2484200,54.23
2008-01-02,69.08,69.49,68.55,68.82,2049300,53.95
