Date,Open,High,Low,Close,Volume,Adj Close
2013-12-31,53.91,54.21,53.72,53.91,1720000,53.42
2013-12-30,53.67,54.12,53.60,53.94,1629100,53.45
2013-12-27,53.79,53.94,53.56,53.71,1490400,53.22
2013-12-26,53.34,53.71,53.22,53.63,1399800,53.14
2013-12-24,53.33,53.49,53.06,53.32,1103100,52.83
2013-12-23,53.65,54.00,53.51,53.95,2257000,52.94
2013-12-20,53.29,54.05,53.20,54.00,5544200,52.99
2013-12-19,53.42,53.50,52.91,53.18,4173500,52.18
2013-12-18,53.22,53.42,52.41,53.34,4538600,52.34
2013-12-17,52.70,52.75,52.30,52.44,2791800,51.46
2013-12-16,52.72,53.30,52.60,52.84,2000100,51.85
2013-12-13,53.25,53.27,52.47,52.61,3145200,51.62
2013-12-12,53.63,53.69,52.67,52.93,3206200,51.94
2013-12-11,53.86,54.14,53.63,53.73,2138500,52.72
2013-12-10,54.72,54.78,53.67,54.06,3160200,53.04
2013-12-09,54.58,54.92,54.30,54.50,3941000,53.48
2013-12-06,53.05,53.60,53.04,53.55,2363100,52.54
2013-12-05,52.88,52.98,52.45,52.66,2183400,51.67
2013-12-04,52.87,52.99,52.31,52.81,2522000,51.82
2013-12-03,52.91,53.32,52.86,53.03,2365500,52.03
2013-12-02,53.36,53.41,52.76,53.10,2398400,52.10
2013-11-29,53.39,53.69,53.03,53.12,1443100,52.12
2013-11-27,53.10,53.59,53.00,53.39,2600400,52.39
2013-11-26,52.97,53.59,52.80,53.17,3702800,52.17
2013-11-25,52.99,52.99,52.60,52.68,2034900,51.69
2013-11-22,52.13,52.90,52.12,52.72,2390900,51.73
2013-11-21,52.69,52.82,52.09,52.50,3584600,51.51
2013-11-20,53.59,53.59,52.29,52.59,3899400,51.60
2013-11-19,52.96,53.11,52.68,52.87,2975800,51.88
2013-11-18,53.31,53.94,52.80,52.94,2952600,51.95
2013-11-15,53.07,53.13,52.51,53.05,3306900,52.05
2013-11-14,52.71,53.18,52.58,53.02,2716400,52.02
2013-11-13,52.37,52.53,51.97,52.52,3175800,51.53
2013-11-12,52.39,52.50,51.84,51.96,4313600,50.98
2013-11-11,52.61,52.80,52.12,52.38,3177500,51.40
2013-11-08,53.50,53.55,52.37,52.73,6687700,51.74
2013-11-07,54.25,54.38,53.26,53.44,2959000,52.44
2013-11-06,54.30,54.50,54.07,54.37,2193200,53.35
2013-11-05,54.38,54.51,54.09,54.11,2137100,53.09
2013-11-04,54.66,55.03,54.45,54.58,2370000,53.55
2013-11-01,54.51,55.14,54.33,54.63,3638200,53.60
2013-10-31,54.79,54.79,53.08,54.38,5739700,53.36
2013-10-30,55.75,55.93,55.22,55.44,1804900,54.40
2013-10-29,55.68,55.80,55.00,55.79,2396700,54.74
2013-10-28,54.62,55.73,54.62,55.51,2705100,54.47
2013-10-25,54.91,54.97,54.52,54.96,1508600,53.93
2013-10-24,54.64,54.82,54.30,54.61,1464300,53.58
2013-10-23,54.35,54.98,54.16,54.42,1583600,53.40
2013-10-22,54.54,54.95,54.01,54.73,2024600,53.70
2013-10-21,53.71,54.03,53.24,54.01,1646100,53.00
2013-10-18,53.81,53.99,53.62,53.69,2282100,52.68
2013-10-17,52.61,53.88,52.61,53.78,2283400,52.77
2013-10-16,52.45,53.10,52.37,53.06,2611200,52.06
2013-10-15,52.10,52.32,51.72,52.11,3185900,51.13
2013-10-14,52.20,52.50,52.10,52.36,3085600,51.38
2013-10-11,52.42,52.89,52.29,52.34,3024500,51.36
2013-10-10,52.36,52.94,52.25,52.57,2955200,51.58
2013-10-09,52.55,52.79,51.77,51.88,3463000,50.91
2013-10-08,53.79,53.82,52.71,53.07,3671600,51.56
2013-10-07,52.71,54.36,52.71,53.85,8603200,52.32
2013-10-04,52.51,53.46,52.42,53.22,9195800,51.70
2013-10-03,52.86,53.03,52.12,52.46,2071000,50.97
2013-10-02,52.59,53.08,52.10,53.06,2565300,51.55
2013-10-01,52.46,53.00,52.28,52.96,2041000,51.45
2013-09-30,52.39,52.82,52.08,52.48,2637800,50.98
2013-09-27,52.88,53.10,52.25,52.88,1792300,51.37
2013-09-26,52.90,53.06,52.32,53.04,1944200,51.53
2013-09-25,53.10,53.32,52.44,52.64,2445100,51.14
2013-09-24,54.11,54.11,52.95,53.04,3026800,51.53
2013-09-23,54.10,54.28,53.57,53.98,1722200,52.44
2013-09-20,53.93,54.45,53.80,54.03,15053400,52.49
2013-09-19,55.50,55.51,53.80,53.98,3974600,52.44
2013-09-18,55.17,55.65,54.38,55.53,2434400,53.95
2013-09-17,54.80,55.20,54.58,55.00,1491800,53.43
2013-09-16,54.68,55.17,54.58,54.79,2053300,53.23
2013-09-13,53.74,54.28,53.33,54.24,1962700,52.69
2013-09-12,53.53,53.64,53.29,53.40,2077300,51.88
2013-09-11,53.00,53.73,53.00,53.64,2828100,52.11
2013-09-10,54.31,54.40,52.64,53.12,4583000,51.61
2013-09-09,53.51,54.44,53.24,54.23,3474000,52.69
2013-09-06,53.43,53.81,52.58,53.21,2791400,51.69
2013-09-05,52.84,53.26,52.68,52.89,1990000,51.38
2013-09-04,52.20,53.20,52.10,52.94,2591600,51.43
2013-09-03,52.49,53.13,52.01,52.36,2393800,50.87
2013-08-30,51.97,52.25,51.53,51.77,1966500,50.30
2013-08-29,51.23,52.29,51.22,51.93,2582400,50.45
2013-08-28,51.75,52.00,51.20,51.57,2697200,50.10
2013-08-27,51.67,52.31,51.53,51.94,3203400,50.46
2013-08-26,53.09,53.09,51.69,52.08,3153500,50.60
2013-08-23,52.99,53.38,52.77,52.82,2790600,51.32
2013-08-22,52.32,53.29,52.27,53.02,1946700,51.51
2013-08-21,52.58,52.76,51.99,52.27,2543800,50.78
2013-08-20,52.45,53.61,52.19,52.63,3293400,51.13
2013-08-19,52.42,52.50,51.91,52.11,4050000,50.63
2013-08-16,53.26,53.34,52.53,52.77,3824600,51.27
2013-08-15,54.62,54.69,53.37,53.50,3706600,51.98
2013-08-14,56.12,56.19,54.55,55.17,3755300,53.60
2013-08-13,55.77,56.37,55.45,56.04,1802400,54.44
2013-08-12,56.00,56.59,55.47,55.55,2284700,53.97
2013-08-09,56.41,56.41,55.76,56.26,1569800,54.66
2013-08-08,55.55,56.47,55.28,56.21,2664000,54.61
2013-08-07,56.25,56.50,55.13,55.20,2392000,53.63
2013-08-06,56.16,56.84,56.16,56.70,2249700,55.08
2013-08-05,56.71,57.05,56.35,56.45,2447300,54.84
2013-08-02,57.05,57.75,56.01,57.50,3352600,55.86
2013-08-01,57.08,57.48,56.78,57.14,2303300,55.51
2013-07-31,56.47,56.94,56.06,56.58,1819500,54.97
2013-07-30,56.51,57.13,56.49,56.64,1659200,55.03
2013-07-29,56.75,57.00,56.37,56.49,1944100,54.88
2013-07-26,56.44,56.70,55.68,56.45,2491100,54.84
2013-07-25,56.18,57.07,56.13,56.86,1749000,55.24
2013-07-24,57.35,57.68,56.07,56.44,2145100,54.83
2013-07-23,58.40,58.40,57.08,57.20,1935900,55.57
2013-07-22,58.44,58.76,57.93,58.29,2309200,56.63
2013-07-19,57.54,57.97,56.70,57.66,2281300,56.02
2013-07-18,57.35,58.05,56.67,57.18,2098600,55.55
2013-07-17,57.45,57.71,57.25,57.35,2000000,55.72
2013-07-16,57.75,57.84,57.34,57.47,1763900,55.83
2013-07-15,56.50,57.75,56.48,57.63,1935100,55.99
2013-07-12,56.82,57.19,56.44,56.69,2164800,55.07
2013-07-11,56.73,56.87,56.46,56.68,2213100,55.07
2013-07-10,55.51,56.33,55.39,56.06,1667600,54.46
2013-07-09,55.68,56.00,55.28,55.38,2006300,53.80
2013-07-08,55.63,55.97,54.64,55.03,2973600,53.46
2013-07-05,56.00,56.05,55.08,55.24,2019700,53.67
2013-07-03,55.01,55.58,54.89,55.51,1141700,53.93
2013-07-02,55.26,56.07,54.90,55.53,2817500,53.95
2013-07-01,55.75,56.25,54.85,54.98,2478000,53.41
2013-06-28,54.89,56.00,54.89,55.87,11861400,54.28
2013-06-27,54.54,55.75,54.54,55.32,2224800,53.74
2013-06-26,54.65,55.13,53.67,54.34,3588900,52.79
2013-06-25,54.35,55.14,54.04,54.69,3547600,52.65
2013-06-24,53.33,54.22,52.91,53.82,3300400,51.81
2013-06-21,53.30,53.84,52.80,53.46,6135400,51.46
2013-06-20,55.10,55.15,52.91,52.99,4797800,51.01
2013-06-19,56.65,56.74,55.30,55.33,3301200,53.26
2013-06-18,55.90,56.73,55.88,56.65,1909500,54.53
2013-06-17,55.82,56.47,55.46,55.93,2012600,53.84
2013-06-14,55.79,56.48,55.27,55.68,2897500,53.60
2013-06-13,53.60,56.12,53.55,55.99,4916700,53.90
2013-06-12,54.50,54.60,53.44,53.45,2318200,51.45
2013-06-11,54.34,54.48,53.54,54.14,2292500,52.12
2013-06-10,54.48,54.52,53.68,54.51,2545600,52.47
2013-06-07,54.07,54.47,53.22,54.37,3110800,52.34
2013-06-06,53.48,54.04,52.94,53.74,2814400,51.73
2013-06-05,54.18,54.31,53.21,53.30,2809200,51.31
2013-06-04,55.13,55.47,53.71,54.40,4318400,52.37
2013-06-03,55.14,55.39,53.63,54.94,4384700,52.89
2013-05-31,55.47,55.69,54.80,55.13,4868200,53.07
2013-05-30,56.53,56.86,55.39,55.41,2712100,53.34
2013-05-29,57.30,57.54,56.61,56.71,2428900,54.59
2013-05-28,57.38,57.84,56.99,57.54,2341800,55.39
2013-05-24,56.38,57.14,56.00,57.01,1725500,54.88
2013-05-23,56.47,57.15,56.33,56.90,3383900,54.77
2013-05-22,56.56,57.26,56.25,56.95,5880400,54.82
2013-05-21,56.27,57.09,56.13,56.61,4148100,54.49
2013-05-20,56.13,56.27,55.39,56.24,2688000,54.14
2013-05-17,55.74,56.13,54.97,56.11,2762000,54.01
2013-05-16,55.82,55.82,54.97,55.52,2265900,53.45
2013-05-15,54.62,55.26,54.20,55.20,1588700,53.14
2013-05-14,54.30,54.81,53.95,54.77,2098400,52.72
2013-05-13,55.27,55.35,54.21,54.40,2899300,52.37
2013-05-10,55.19,55.54,55.05,55.22,3125700,53.16
2013-05-09,55.50,55.57,54.73,55.05,2787600,52.99
2013-05-08,54.93,55.13,54.24,55.02,4018800,52.96
2013-05-07,53.31,55.69,53.24,54.85,6666100,52.80
2013-05-06,53.07,53.65,52.61,53.39,3583200,51.39
2013-05-03,53.00,54.10,52.37,53.11,6136800,51.13
2013-05-02,51.16,51.89,50.04,50.53,4545000,48.64
2013-05-01,51.19,51.41,50.78,51.07,2059700,49.16
2013-04-30,51.40,51.73,51.08,51.49,2757600,49.57
2013-04-29,51.27,52.06,51.25,51.57,2589400,49.64
2013-04-26,51.46,51.70,50.77,50.92,2547100,49.02
2013-04-25,50.90,51.31,50.69,51.28,2325200,49.36
2013-04-24,51.25,51.52,50.63,50.68,2494900,48.79
2013-04-23,50.87,51.23,50.37,51.19,2325900,49.28
2013-04-22,50.59,50.81,50.03,50.64,2121100,48.75
2013-04-19,49.86,50.72,49.86,50.35,2228000,48.47
2013-04-18,50.50,50.78,49.79,50.09,2957600,48.22
2013-04-17,51.11,51.23,50.13,50.42,3009500,48.54
2013-04-16,51.04,51.56,50.75,51.49,2330500,49.57
2013-04-15,51.74,51.88,50.71,50.72,3783400,48.82
2013-04-12,51.22,52.11,50.97,52.07,3352700,50.12
2013-04-11,51.61,51.93,50.89,51.00,4265100,49.09
2013-04-10,50.95,51.43,50.93,51.36,2983500,49.44
2013-04-09,51.75,52.21,50.51,50.70,3074800,48.81
2013-04-08,51.41,51.80,51.00,51.73,3032400,49.80
2013-04-05,51.50,51.54,51.14,51.24,3207500,49.33
2013-04-04,51.66,52.01,51.53,51.85,1665700,49.91
2013-04-03,52.49,52.49,51.40,51.66,3133100,49.73
2013-04-02,51.99,52.51,51.64,52.37,3030300,50.41
2013-04-01,51.38,52.10,51.26,51.89,2814200,49.95
2013-03-28,51.31,51.70,51.14,51.53,3159500,49.60
2013-03-27,51.11,51.45,50.81,51.37,2593300,49.45
2013-03-26,51.07,51.38,50.86,51.36,2888400,49.44
2013-03-25,51.51,51.95,51.00,51.25,12234600,48.37
2013-03-22,51.85,52.29,51.03,51.19,13842000,48.32
2013-03-21,51.31,51.90,51.25,51.66,3650500,48.76
2013-03-20,51.05,51.57,50.93,51.51,4237600,48.62
2013-03-19,50.88,50.90,50.20,50.58,2762900,47.74
2013-03-18,49.94,50.83,49.85,50.65,3136200,47.81
2013-03-15,50.16,50.65,49.93,50.27,21024900,47.45
2013-03-14,50.79,50.85,50.27,50.47,3559100,47.64
2013-03-13,50.49,50.84,49.95,50.74,3736800,47.89
2013-03-12,50.11,50.63,49.93,50.55,4667100,47.71
2013-03-11,49.95,50.33,49.79,49.99,4027800,47.18
2013-03-08,49.37,50.00,49.23,49.71,3251200,46.92
2013-03-07,49.37,49.39,48.88,49.04,2681200,46.29
2013-03-06,49.57,49.75,49.11,49.19,2838600,46.43
2013-03-05,49.43,49.50,49.00,49.19,4323800,46.43
2013-03-04,48.40,49.17,48.40,49.15,3591500,46.39
2013-03-01,48.25,48.66,47.81,48.57,3231400,45.84
2013-02-28,47.81,48.91,47.73,48.48,4529100,45.76
2013-02-27,47.29,47.87,47.11,47.67,2741000,44.99
2013-02-26,46.92,47.40,46.80,47.27,3662500,44.62
2013-02-25,47.77,47.79,46.73,46.74,3112700,44.12
2013-02-22,47.05,47.54,46.85,47.46,3041800,44.79
2013-02-21,47.23,47.34,46.65,46.85,3304400,44.22
2013-02-20,47.58,47.61,47.17,47.23,4175400,44.58
2013-02-19,47.21,47.80,47.21,47.37,5348800,44.71
2013-02-15,47.30,47.45,47.00,47.17,6103000,44.52
2013-02-14,47.40,47.65,46.87,47.16,5690600,44.51
2013-02-13,47.20,47.20,46.56,46.77,2007200,44.14
2013-02-12,47.49,47.50,47.05,47.24,1682300,44.59
2013-02-11,46.94,47.40,46.91,47.29,1849200,44.63
2013-02-08,46.93,47.06,46.50,46.90,2068100,44.27
2013-02-07,47.07,47.23,46.42,46.66,2579200,44.04
2013-02-06,47.00,47.45,46.87,47.01,2315200,44.37
2013-02-05,46.54,47.44,46.48,47.02,2533500,44.38
2013-02-04,46.78,46.86,46.17,46.40,2706000,43.79
2013-02-01,46.62,46.85,46.16,46.60,2150500,43.98
2013-01-31,46.50,46.71,46.18,46.22,3676400,43.62
2013-01-30,47.14,47.31,46.66,46.72,2197200,44.10
2013-01-29,47.01,47.38,46.83,47.05,1634200,44.41
2013-01-28,47.50,47.59,46.89,47.00,2386500,44.36
2013-01-25,47.34,47.53,46.99,47.14,2430500,44.49
2013-01-24,46.89,46.98,46.48,46.91,2985600,44.28
2013-01-23,47.13,47.20,46.65,46.74,2155900,44.12
2013-01-22,47.11,47.43,46.28,47.09,3119600,44.45
2013-01-18,47.00,47.09,46.59,47.05,2591800,44.41
2013-01-17,46.80,47.11,46.73,46.92,2474900,44.29
2013-01-16,46.76,47.10,46.43,46.51,4238100,43.90
2013-01-15,46.78,46.94,46.18,46.71,2681300,44.09
2013-01-14,46.64,46.97,46.36,46.85,2330300,44.22
2013-01-11,46.20,46.44,45.86,46.37,2190000,43.77
2013-01-10,46.55,46.67,45.84,46.01,3333500,43.43
2013-01-09,45.61,46.50,45.61,46.39,2541900,43.79
2013-01-08,46.02,46.06,45.56,45.62,3346900,43.06
2013-01-07,45.20,46.07,45.15,46.03,3330100,43.45
2013-01-04,45.66,46.05,45.16,45.37,3283100,42.82
2013-01-03,45.70,45.74,45.21,45.58,2841700,43.02
2013-01-02,46.49,46.50,45.38,45.76,4343500,43.19
2012-12-31,44.18,45.48,44.16,45.47,3517500,42.92
2012-12-28,44.36,44.60,44.15,44.41,2344800,41.92
2012-12-27,44.43,44.51,44.08,44.39,3377700,41.90
2012-12-26,45.41,45.44,44.61,44.65,2234200,41.67
2012-12-24,45.66,45.86,45.34,45.45,1289900,42.42
2012-12-21,46.00,46.43,45.49,45.53,4946400,42.49
2012-12-20,46.54,46.65,46.30,46.43,2879100,43.33
2012-12-19,46.40,46.60,46.05,46.36,2989200,43.27
2012-12-18,46.44,46.63,46.10,46.55,3283100,43.44
2012-12-17,46.64,46.65,45.99,46.33,3182900,43.24
2012-12-14,46.22,46.63,46.11,46.62,2688700,43.51
2012-12-13,46.13,46.24,45.70,46.01,3084600,42.94
2012-12-12,44.91,46.08,44.90,45.70,4532000,42.65
2012-12-11,44.32,44.99,44.32,44.83,4059500,41.84
2012-12-10,44.52,45.21,44.27,44.32,2144100,41.36
2012-12-07,45.39,45.40,44.46,44.67,3143400,41.69
2012-12-06,45.64,45.99,45.12,45.15,3546800,42.14
2012-12-05,45.91,46.60,45.67,45.78,3685500,42.73
2012-12-04,45.65,45.89,45.36,45.70,3727000,42.65
2012-12-03,45.26,45.87,45.10,45.69,3715400,42.64
2012-11-30,45.13,46.37,45.11,45.24,6090300,42.22
2012-11-29,45.96,46.01,45.50,45.94,2938300,42.87
2012-11-28,44.92,45.91,44.27,45.82,3388800,42.76
2012-11-27,44.31,45.47,44.10,45.33,3829900,42.31
2012-11-26,45.00,45.18,44.06,44.31,3627800,41.35
2012-11-23,44.41,45.30,44.41,45.28,806000,42.26
2012-11-21,44.81,45.14,44.40,44.51,1885600,41.54
2012-11-20,44.90,44.90,44.45,44.88,1751500,41.89
2012-11-19,44.47,45.00,44.28,44.89,2864400,41.89
2012-11-16,43.81,44.31,43.46,44.19,3576800,41.24
2012-11-15,44.08,44.46,43.50,43.92,2993300,40.99
2012-11-14,44.15,44.96,43.67,44.34,4481900,41.38
2012-11-13,43.81,44.26,43.65,43.96,3198800,41.03
2012-11-12,43.62,44.28,43.25,43.94,3004800,41.01
2012-11-09,43.82,44.28,43.40,43.66,3350200,40.75
2012-11-08,44.80,45.09,43.69,43.77,4163500,40.85
2012-11-07,45.50,45.57,44.31,44.57,4212600,41.60
2012-11-06,45.20,45.29,44.69,44.70,3821300,41.72
2012-11-05,44.47,44.82,44.40,44.77,2746300,41.78
2012-11-02,45.22,45.39,44.53,44.56,3751300,41.59
2012-11-01,45.38,45.65,45.02,45.13,3277400,42.12
2012-10-31,45.62,46.20,44.80,45.46,3979000,42.43
2012-10-26,45.84,45.84,45.11,45.30,3235900,42.28
2012-10-25,45.84,46.17,45.42,45.91,2825100,42.85
2012-10-24,46.08,46.62,45.21,45.52,4924400,42.48
2012-10-23,46.22,46.43,45.94,46.21,4141800,43.13
2012-10-22,46.20,46.85,46.15,46.62,4607700,43.51
2012-10-19,46.42,46.50,45.90,46.03,4863600,42.96
2012-10-18,46.67,46.78,45.91,46.40,5681500,43.30
2012-10-17,47.40,47.74,46.55,46.65,3948700,43.54
2012-10-16,46.90,47.26,46.32,47.25,5934900,44.10
2012-10-15,47.17,47.68,46.78,46.96,7890200,43.83
2012-10-12,46.67,47.41,46.05,47.10,7384000,43.96
2012-10-11,47.00,47.04,45.44,46.46,12664700,43.36
2012-10-10,47.28,47.53,46.20,46.35,9671700,43.26
2012-10-09,46.70,47.29,45.95,47.00,7724400,43.86
2012-10-08,47.92,48.00,46.50,46.59,6450000,43.48
2012-10-05,46.55,47.76,46.50,47.57,8998600,44.40
2012-10-04,45.50,46.68,45.50,46.63,7550100,43.52
2012-10-03,45.55,47.76,44.83,44.87,26426900,41.88
2012-10-02,44.45,46.14,44.44,45.42,12314500,42.39
2012-10-01,45.57,45.62,42.00,44.10,12031400,41.16
2012-09-28,45.05,46.50,44.20,44.63,3148600,41.65
2012-09-27,44.94,45.14,44.01,44.78,2144200,41.79
2012-09-26,45.80,45.91,44.75,44.75,1608500,41.76
2012-09-25,46.00,46.13,45.20,45.25,1135400,42.23
2012-09-24,46.50,46.50,45.08,46.00,1702400,42.93
2012-09-21,47.30,47.30,45.16,45.98,3876800,42.91
2012-09-20,45.94,46.90,45.50,46.45,4425700,43.35
2012-09-19,45.74,46.38,45.50,46.00,2803500,42.93
2012-09-18,45.82,45.99,45.00,45.67,1161500,42.62
2012-09-17,44.00,45.57,43.06,45.10,1300600,42.09
