Date,Open,High,Low,Close,Volume,Adj Close
2013-12-31,122.88,123.89,122.70,123.83,508200,123.47
2013-12-30,122.04,122.65,121.25,122.33,327400,121.98
2013-12-27,123.45,124.10,121.45,122.04,390500,121.69
2013-12-26,123.10,123.96,122.82,123.67,352500,123.10
2013-12-24,122.04,123.98,121.96,123.09,447100,122.52
2013-12-23,122.25,122.63,121.26,122.28,501300,121.71
2013-12-20,121.30,122.16,120.23,121.73,1144100,121.17
2013-12-19,120.41,120.76,118.93,120.60,552300,120.04
2013-12-18,117.92,120.89,117.35,120.80,832500,120.24
2013-12-17,118.72,118.77,117.04,117.48,664500,116.94
2013-12-16,116.05,119.19,116.05,118.80,658900,118.25
2013-12-13,117.00,118.55,117.00,117.44,654800,116.90
2013-12-12,116.90,117.44,116.16,117.05,586000,116.51
2013-12-11,119.33,119.40,116.41,117.01,706400,116.47
2013-12-10,119.75,122.13,118.97,119.03,996600,118.48
2013-12-09,118.03,120.22,117.80,119.88,1047600,119.33
2013-12-06,118.94,119.92,118.02,118.15,828000,117.60
2013-12-05,119.79,120.30,117.95,118.09,842700,117.54
2013-12-04,120.12,121.10,118.23,119.98,553800,119.42
2013-12-03,121.27,121.68,120.17,121.02,435300,120.46
2013-12-02,121.41,122.40,120.65,121.83,490400,121.27
2013-11-29,121.52,122.51,120.87,121.02,211100,120.46
2013-11-27,121.88,122.38,121.28,121.43,343800,120.87
2013-11-26,122.01,122.62,121.35,121.55,393500,120.99
2013-11-25,121.62,122.74,121.58,121.98,554800,121.42
2013-11-22,122.46,122.46,121.07,121.80,550400,121.24
2013-11-21,121.80,122.96,121.00,122.14,497800,121.57
2013-11-20,121.60,122.11,120.60,121.18,549500,120.62
2013-11-19,124.43,124.88,121.13,121.52,637100,120.96
2013-11-18,125.05,125.50,123.79,124.40,713500,123.82
2013-11-15,125.18,125.95,123.88,125.02,483700,124.44
2013-11-14,125.38,125.96,124.56,125.20,284500,124.62
2013-11-13,123.16,125.19,123.01,125.04,504000,124.46
2013-11-12,123.86,124.18,122.98,123.83,474100,123.26
2013-11-11,123.20,124.68,123.03,124.00,336700,123.43
2013-11-08,122.17,123.32,121.70,123.32,384300,122.75
2013-11-07,124.86,125.33,122.18,122.49,739300,121.92
2013-11-06,124.94,125.86,123.38,124.52,905200,123.94
2013-11-05,123.76,124.90,123.29,124.60,584100,124.02
2013-11-04,123.50,124.15,122.93,124.06,528800,123.49
2013-11-01,121.99,123.32,121.50,122.61,523800,122.04
2013-10-31,121.38,122.48,120.91,121.52,656500,120.96
2013-10-30,123.79,124.16,121.40,121.91,674400,121.35
2013-10-29,123.22,123.94,123.08,123.63,458300,123.06
2013-10-28,123.30,123.77,122.26,122.77,673500,122.20
2013-10-25,124.44,124.45,122.99,123.49,823900,122.92
2013-10-24,124.02,124.55,122.94,124.46,751400,123.88
2013-10-23,120.89,123.91,120.65,123.66,1440000,123.09
2013-10-22,118.50,120.92,118.35,120.77,1115200,120.21
2013-10-21,117.62,118.12,115.93,118.05,866000,117.50
2013-10-18,116.05,118.88,114.51,117.35,1398200,116.81
2013-10-17,112.65,113.24,112.02,113.16,973000,112.64
2013-10-16,112.03,113.30,111.24,113.24,848700,112.72
2013-10-15,112.59,113.10,111.03,111.44,635500,110.92
2013-10-14,112.73,113.33,112.25,112.73,629700,112.21
2013-10-11,113.00,113.76,112.39,113.29,450700,112.77
2013-10-10,110.95,113.51,110.95,113.10,519300,112.58
2013-10-09,110.75,110.75,107.84,109.87,1252500,109.36
2013-10-08,110.95,112.58,110.67,110.71,1123100,110.20
2013-10-07,111.10,111.78,110.32,111.08,449200,110.57
2013-10-04,109.99,112.42,109.09,111.99,633400,111.47
2013-10-03,110.42,110.96,108.77,110.39,903700,109.88
2013-10-02,110.44,111.27,109.90,111.06,970700,110.55
2013-10-01,109.40,111.70,109.14,111.49,389100,110.97
2013-09-30,108.73,109.84,108.41,109.36,545300,108.85
2013-09-27,109.98,110.47,109.41,110.11,404900,109.60
2013-09-26,109.96,110.43,109.32,110.39,425200,109.88
2013-09-25,111.35,111.47,109.72,109.83,452600,109.32
2013-09-24,110.30,111.75,109.84,111.13,529800,110.62
2013-09-23,111.15,111.44,110.03,110.39,607500,109.88
2013-09-20,112.25,112.97,111.24,111.42,618700,110.90
2013-09-19,112.78,113.24,111.64,112.24,937600,111.72
2013-09-18,111.13,113.20,111.13,112.75,1158500,112.23
2013-09-17,111.57,112.05,110.78,111.43,580900,110.91
2013-09-16,112.35,112.44,110.91,111.20,739000,110.69
2013-09-13,109.74,110.84,109.24,110.29,373600,109.78
2013-09-12,111.32,111.46,109.13,109.73,454700,109.22
2013-09-11,111.33,112.00,110.29,111.05,1476500,110.54
2013-09-10,110.57,111.92,109.92,111.85,438700,111.33
2013-09-09,108.33,109.80,107.96,109.72,325100,109.21
2013-09-06,108.59,109.21,107.24,108.05,275200,107.55
2013-09-05,107.65,108.83,107.42,108.39,248200,107.89
2013-09-04,105.83,108.35,105.66,108.08,390400,107.37
2013-09-03,106.63,107.46,105.24,105.99,322900,105.29
2013-08-30,107.29,107.48,105.10,105.42,383400,104.72
2013-08-29,105.15,107.29,104.95,106.94,644900,106.23
2013-08-28,105.30,105.82,104.02,105.31,496400,104.61
2013-08-27,106.30,107.11,105.18,105.34,568600,104.64
2013-08-26,108.44,108.99,107.26,107.70,508000,106.99
2013-08-23,108.58,108.64,107.36,108.50,479600,107.78
2013-08-22,106.26,108.71,105.99,108.54,456800,107.82
2013-08-21,107.18,107.18,105.26,105.84,530000,105.14
2013-08-20,105.82,107.64,105.16,107.12,638100,106.41
2013-08-19,106.38,106.50,105.42,105.75,463100,105.05
2013-08-16,105.54,106.82,105.01,106.52,486300,105.82
2013-08-15,106.06,106.24,104.54,105.79,510800,105.09
2013-08-14,108.02,108.93,106.81,107.14,527200,106.43
2013-08-13,108.01,109.52,107.28,109.21,699900,108.49
2013-08-12,107.00,108.22,106.81,108.01,481500,107.30
2013-08-09,107.69,108.49,107.20,108.10,571500,107.39
2013-08-08,107.45,108.19,106.89,107.82,792700,107.11
2013-08-07,107.19,107.79,106.24,106.42,643000,105.72
2013-08-06,108.85,109.42,107.27,107.76,794300,107.05
2013-08-05,110.06,110.82,108.46,108.89,818300,108.17
2013-08-02,110.71,111.57,109.58,110.06,923300,109.33
2013-08-01,109.47,112.05,109.32,110.71,1082200,109.98
2013-07-31,108.04,109.19,107.19,107.75,731100,107.04
2013-07-30,108.73,108.86,107.36,107.89,654600,107.18
2013-07-29,109.74,110.12,108.02,108.17,769100,107.46
2013-07-26,110.13,110.56,108.54,110.13,1022500,109.40
2013-07-25,110.60,111.47,108.80,110.23,1082700,109.50
2013-07-24,113.32,113.57,110.63,110.81,1162900,110.08
2013-07-23,115.96,116.31,113.24,113.25,1111000,112.50
2013-07-22,118.68,118.68,115.49,115.82,718400,115.05
2013-07-19,117.45,118.30,114.95,118.30,1111800,117.52
2013-07-18,114.16,116.93,113.90,116.87,728600,116.10
2013-07-17,114.48,115.49,113.54,114.02,506600,113.27
2013-07-16,114.39,115.42,113.34,113.78,641400,113.03
2013-07-15,114.01,115.42,113.92,114.24,821000,113.49
2013-07-12,112.90,115.20,112.30,113.81,852200,113.06
2013-07-11,114.20,114.50,112.53,113.27,1141700,112.52
2013-07-10,114.46,115.49,111.45,112.77,1272500,112.02
2013-07-09,112.95,115.00,112.78,114.95,816400,114.19
2013-07-08,112.62,113.31,111.29,112.51,865300,111.77
2013-07-05,110.51,113.07,110.51,112.59,657500,111.85
2013-07-03,109.71,110.68,109.05,109.97,575300,109.24
2013-07-02,107.99,110.08,107.99,109.99,1133500,109.26
2013-07-01,108.29,109.55,107.45,108.42,722400,107.70
2013-06-28,107.42,107.43,105.46,105.96,848200,105.26
2013-06-27,108.71,109.11,106.96,107.68,781000,106.97
2013-06-26,107.49,108.68,106.54,107.87,636700,107.16
2013-06-25,105.11,107.10,104.22,106.74,662700,106.03
2013-06-24,104.96,104.96,102.03,103.67,936400,102.99
2013-06-21,108.76,108.96,106.44,107.07,1035600,106.36
2013-06-20,109.14,109.91,107.83,107.99,909700,107.28
2013-06-19,112.09,112.34,110.41,110.43,469400,109.70
2013-06-18,110.26,112.41,109.43,112.18,339900,111.44
2013-06-17,111.60,111.69,109.08,109.98,581100,109.25
2013-06-14,111.12,112.45,110.23,110.60,514600,109.87
2013-06-13,107.53,111.75,106.94,111.45,784600,110.71
2013-06-12,110.63,110.97,107.18,107.53,620600,106.82
2013-06-11,109.02,111.21,108.36,109.34,511500,108.62
2013-06-10,110.75,110.94,109.20,110.23,476700,109.50
2013-06-07,109.10,111.30,108.82,110.47,514100,109.74
2013-06-06,105.98,108.40,105.06,108.36,600900,107.64
2013-06-05,108.03,108.79,105.96,106.13,931400,105.22
2013-06-04,109.50,111.16,108.23,108.85,585500,107.91
2013-06-03,111.15,111.24,107.84,109.68,916900,108.73
2013-05-31,111.37,113.62,110.70,110.70,920000,109.75
2013-05-30,112.13,112.97,111.61,112.03,571400,111.06
2013-05-29,112.89,113.61,111.56,112.07,660400,111.10
2013-05-28,113.21,114.66,112.62,113.82,1097900,112.84
2013-05-24,111.75,112.65,110.05,111.37,1059400,110.41
2013-05-23,109.24,112.00,107.50,112.00,17341100,111.03
2013-05-22,113.34,114.11,109.69,110.27,1273700,109.32
2013-05-21,114.70,116.07,113.58,113.78,759900,112.80
2013-05-20,116.39,117.34,114.25,114.70,1227700,113.71
2013-05-17,117.37,118.29,116.43,117.16,1050100,116.15
2013-05-16,117.14,118.88,115.61,116.19,1036500,115.19
2013-05-15,116.04,117.14,115.29,117.14,635000,116.13
2013-05-14,111.59,116.38,111.39,116.34,1317500,115.34
2013-05-13,109.83,112.17,109.18,111.46,786300,110.50
2013-05-10,109.26,110.18,108.81,109.93,733800,108.98
2013-05-09,110.10,110.73,108.80,109.26,574800,108.32
2013-05-08,109.26,110.61,109.22,109.96,1216500,109.01
2013-05-07,109.66,110.50,109.25,109.86,1063100,108.91
2013-05-06,110.34,110.62,108.36,109.23,820900,108.29
2013-05-03,106.35,111.63,106.35,110.15,1101300,109.20
2013-05-02,104.09,106.45,104.05,105.56,839100,104.65
2013-05-01,108.30,109.28,103.57,103.82,1096800,102.93
2013-04-30,107.74,109.07,106.62,109.07,1003700,108.13
2013-04-29,106.77,107.84,106.29,107.64,566700,106.71
2013-04-26,107.25,107.43,106.10,106.64,411900,105.72
2013-04-25,107.27,108.38,107.01,107.34,637300,106.41
2013-04-24,106.90,107.43,106.19,106.75,666400,105.83
2013-04-23,106.27,107.46,105.76,106.91,734700,105.99
2013-04-22,106.49,107.27,103.53,105.60,975000,104.69
2013-04-19,100.58,107.09,100.58,106.46,1133100,105.54
2013-04-18,104.48,104.86,102.44,103.37,1541600,102.48
2013-04-17,102.91,104.79,102.02,103.74,922800,102.85
2013-04-16,103.18,104.00,102.19,103.62,868000,102.73
2013-04-15,106.17,106.17,101.39,101.86,1593200,100.98
2013-04-12,106.84,107.89,106.66,107.77,492800,106.84
2013-04-11,107.68,108.10,106.80,107.21,579700,106.29
2013-04-10,106.21,107.52,105.88,107.51,641700,106.58
2013-04-09,106.69,106.98,104.75,105.78,479600,104.87
2013-04-08,104.57,106.62,104.49,106.43,604400,105.51
2013-04-05,101.59,104.85,100.35,104.73,1016500,103.83
2013-04-04,104.40,105.13,103.01,104.00,1056500,103.10
2013-04-03,105.70,106.68,102.75,104.46,1537800,103.56
2013-04-02,109.02,110.38,105.51,105.83,1339600,104.92
2013-04-01,110.87,111.16,108.41,108.57,700600,107.63
2013-03-28,107.63,112.25,107.34,110.90,1431300,109.94
2013-03-27,108.78,108.79,106.42,107.74,1614900,106.81
2013-03-26,107.44,109.54,107.33,109.51,1009300,108.57
2013-03-25,107.54,108.56,106.21,106.71,743400,105.79
2013-03-22,107.11,108.26,106.51,107.56,583200,106.63
2013-03-21,108.56,108.72,106.52,106.59,803200,105.67
2013-03-20,108.57,109.20,107.67,108.98,541900,108.04
2013-03-19,108.10,108.85,106.44,107.91,394800,106.98
2013-03-18,106.66,109.44,106.20,107.99,754600,107.06
2013-03-15,108.39,108.93,107.36,107.98,859900,107.05
2013-03-14,107.24,108.72,106.69,108.58,810900,107.64
2013-03-13,106.12,107.34,105.66,107.02,750000,106.10
2013-03-12,106.14,107.13,104.94,106.09,752100,105.18
2013-03-11,105.39,106.82,104.99,106.04,476200,105.13
2013-03-08,104.61,105.45,103.23,105.32,692100,104.41
2013-03-07,105.02,105.02,102.63,103.61,789600,102.72
2013-03-06,105.67,106.83,104.06,104.34,615600,103.23
2013-03-05,104.54,106.35,103.60,105.64,993300,104.51
2013-03-04,101.96,104.92,101.77,103.89,981900,102.78
2013-03-01,102.00,102.50,99.76,102.02,1667800,100.93
2013-02-28,104.25,104.31,102.67,102.97,1449400,101.87
2013-02-27,99.00,107.32,98.55,103.94,3279800,102.83
2013-02-26,97.03,98.37,96.23,97.84,843700,96.80
2013-02-25,99.34,99.34,96.53,96.54,661400,95.51
2013-02-22,98.06,98.78,97.09,98.78,577900,97.73
2013-02-21,97.15,98.13,96.35,97.77,984700,96.73
2013-02-20,99.13,99.29,97.43,97.54,967700,96.50
2013-02-19,98.07,99.08,97.90,99.08,649600,98.02
2013-02-15,97.34,98.34,97.04,97.77,556400,96.73
2013-02-14,96.84,97.76,96.43,97.61,664900,96.57
2013-02-13,95.88,97.63,95.88,97.36,1084000,96.32
2013-02-12,95.50,96.25,95.16,95.87,575300,94.85
2013-02-11,95.16,95.58,94.33,95.36,678800,94.34
2013-02-08,95.54,95.89,93.90,95.09,640500,94.08
2013-02-07,94.39,95.32,94.26,95.20,952100,94.18
2013-02-06,94.38,94.98,94.00,94.79,719100,93.78
2013-02-05,94.13,95.30,93.90,94.68,687100,93.67
2013-02-04,93.68,94.88,93.45,93.89,728600,92.89
2013-02-01,93.62,94.50,93.53,94.34,754800,93.33
2013-01-31,92.74,93.79,91.89,93.11,1160700,92.12
2013-01-30,94.40,94.45,92.37,92.85,1388100,91.86
2013-01-29,94.15,95.13,93.90,94.82,753600,93.81
2013-01-28,94.30,94.49,93.13,94.48,672800,93.47
2013-01-25,94.19,94.46,93.07,94.02,708500,93.02
2013-01-24,92.34,94.33,91.79,93.79,1035600,92.79
2013-01-23,91.96,94.45,91.13,92.42,1841700,91.43
2013-01-22,88.85,92.05,88.85,91.67,2254000,90.69
2013-01-18,87.79,87.93,86.56,87.63,974500,86.70
2013-01-17,87.32,88.00,86.83,87.87,782700,86.93
2013-01-16,86.49,86.75,85.70,86.57,677100,85.65
2013-01-15,84.81,87.19,84.66,86.90,1012000,85.97
2013-01-14,85.76,86.46,85.30,85.69,730800,84.78
2013-01-11,85.30,85.99,84.97,85.54,632000,84.63
2013-01-10,86.68,86.81,84.93,85.40,1001000,84.49
2013-01-09,86.33,86.80,85.95,86.19,870800,85.27
2013-01-08,86.13,86.39,84.52,85.75,1036400,84.84
2013-01-07,86.76,87.19,85.46,86.42,1903100,85.50
2013-01-04,87.94,89.24,87.33,88.82,1325800,87.87
2013-01-03,85.60,88.38,85.60,87.63,1564000,86.70
2013-01-02,85.48,86.83,85.29,86.14,825200,85.22
2012-12-31,81.67,83.80,81.56,83.48,640000,82.59
2012-12-28,81.93,82.73,81.77,82.06,491900,81.19
2012-12-27,82.67,82.84,81.50,82.40,678700,81.52
2012-12-26,83.20,83.49,82.48,82.55,443600,81.67
2012-12-24,83.41,83.56,82.47,83.21,340000,82.32
2012-12-21,82.65,84.16,81.91,83.82,1608800,82.93
2012-12-20,82.11,83.81,81.49,83.76,1220200,82.87
2012-12-19,82.03,82.66,80.58,81.82,1322400,80.95
2012-12-18,81.98,82.84,80.34,82.21,1756200,81.33
2012-12-17,81.48,82.52,80.45,82.49,1503800,81.61
2012-12-14,81.78,82.86,81.41,81.89,965300,81.02
2012-12-13,81.42,82.05,81.10,81.81,842200,80.94
2012-12-12,81.28,81.88,80.90,81.36,939200,80.49
2012-12-11,80.53,81.40,79.97,80.82,708000,79.96
2012-12-10,79.66,80.33,79.66,80.33,768100,79.47
2012-12-07,78.79,79.99,78.50,79.78,862500,78.93
2012-12-06,77.92,78.84,76.87,78.60,1130400,77.76
2012-12-05,77.00,77.83,76.18,77.32,495000,76.30
2012-12-04,76.41,77.48,76.08,76.73,472300,75.72
2012-12-03,78.24,78.70,76.00,76.41,797400,75.40
2012-11-30,78.89,79.00,76.88,78.15,904800,77.12
2012-11-29,79.83,80.00,78.01,78.73,795000,77.69
2012-11-28,79.18,79.58,78.06,79.50,702500,78.45
2012-11-27,79.22,80.02,78.54,79.31,871100,78.27
2012-11-26,77.17,79.68,77.12,79.60,1222100,78.55
2012-11-23,77.00,77.61,76.64,77.61,414500,76.59
2012-11-21,75.75,76.80,75.17,76.33,652000,75.33
2012-11-20,75.83,77.03,75.41,75.64,952400,74.64
2012-11-19,75.23,76.02,74.43,75.89,859300,74.89
2012-11-16,74.21,74.93,72.80,73.85,1063400,72.88
2012-11-15,74.50,75.47,73.30,74.10,1243000,73.13
2012-11-14,77.61,78.33,74.25,74.47,1249000,73.49
2012-11-13,76.87,78.80,76.75,77.44,627900,76.42
2012-11-12,77.25,78.07,76.66,77.31,488000,76.29
2012-11-09,78.11,78.31,76.67,76.91,977600,75.90
2012-11-08,79.61,79.99,78.13,78.50,615900,77.47
2012-11-07,80.93,81.68,79.24,79.67,692300,78.62
2012-11-06,81.63,82.60,81.03,82.20,409800,81.12
2012-11-05,81.10,82.06,80.80,81.38,664400,80.31
2012-11-02,83.98,83.98,81.03,81.10,582000,80.03
2012-11-01,80.33,83.42,80.00,83.42,1329900,82.32
2012-10-31,81.43,81.43,79.88,80.46,725300,79.40
2012-10-26,80.00,81.80,79.95,81.25,1399300,80.18
2012-10-25,79.45,80.07,79.16,80.03,809800,78.98
2012-10-24,79.29,79.99,78.23,79.07,1253700,78.03
2012-10-23,77.61,78.56,76.54,78.56,685500,77.53
2012-10-22,77.75,79.21,76.70,78.36,884500,77.33
2012-10-19,77.47,81.43,77.47,78.43,1919700,77.40
2012-10-18,77.47,78.34,76.78,77.38,903600,76.36
2012-10-17,77.01,78.11,76.06,77.67,863800,76.65
2012-10-16,75.61,77.70,75.47,77.35,1015900,76.33
2012-10-15,74.56,75.22,74.00,74.70,829200,73.72
2012-10-12,74.41,75.17,74.05,75.15,523900,74.16
2012-10-11,74.95,75.93,74.23,74.44,587000,73.46
2012-10-10,73.55,74.74,73.42,74.53,1018500,73.55
2012-10-09,76.18,76.93,74.44,74.84,756800,73.86
2012-10-08,76.02,76.96,75.41,76.40,517700,75.39
2012-10-05,75.52,76.59,75.38,76.28,826500,75.28
2012-10-04,74.31,75.74,74.14,75.22,1087800,74.23
2012-10-03,75.58,75.73,73.30,73.73,2058500,72.76
2012-10-02,76.17,76.61,74.76,75.35,729000,74.36
2012-10-01,75.80,76.47,75.06,75.74,918700,74.74
2012-09-28,76.45,76.49,75.51,75.78,1135000,74.78
2012-09-27,75.92,77.44,75.50,76.96,763800,75.95
2012-09-26,76.10,76.45,75.00,75.36,625700,74.37
2012-09-25,77.50,77.73,76.18,76.36,814700,75.36
2012-09-24,75.55,77.34,75.05,77.08,911800,76.07
2012-09-21,78.74,79.61,75.64,76.00,1322000,75.00
2012-09-20,77.24,77.71,75.50,76.90,1584600,75.89
2012-09-19,78.91,79.99,76.81,79.12,1747400,78.08
2012-09-18,81.19,81.26,79.56,79.75,1061600,78.70
2012-09-17,83.28,83.31,81.10,81.24,1049000,80.17
2012-09-14,81.97,83.95,81.71,83.63,855800,82.53
2012-09-13,81.67,81.88,80.31,81.54,698900,80.47
2012-09-12,80.23,81.83,80.23,81.76,510200,80.68
2012-09-11,80.00,81.29,79.94,80.68,841600,79.62
2012-09-10,79.51,80.22,79.49,79.74,436900,78.69
2012-09-07,80.00,80.00,79.06,79.82,809900,78.77
2012-09-06,76.90,79.70,76.47,79.69,1206800,78.64
2012-09-05,77.60,77.99,75.63,76.76,1198500,75.56
2012-09-04,77.20,77.99,76.06,77.77,618400,76.55
2012-08-31,77.64,77.64,76.46,77.33,433500,76.12
2012-08-30,77.11,77.46,76.41,76.93,472500,75.72
2012-08-29,77.95,77.95,76.77,77.63,605200,76.41
2012-08-28,77.18,77.89,76.73,77.72,482700,76.50
2012-08-27,77.87,77.87,76.79,77.16,455400,75.95
2012-08-24,76.70,77.87,76.39,77.70,535600,76.48
2012-08-23,77.76,78.24,76.40,76.77,865600,75.57
2012-08-22,78.08,78.66,77.57,78.18,538200,76.96
2012-08-21,77.73,78.99,77.32,78.42,1056900,77.19
2012-08-20,77.88,78.45,76.73,77.63,831500,76.41
2012-08-17,76.60,77.86,76.40,77.77,731800,76.55
2012-08-16,76.45,77.22,75.86,76.60,648000,75.40
2012-08-15,75.16,76.44,74.96,76.22,785100,75.03
2012-08-14,74.65,75.49,74.24,75.38,1263200,74.20
2012-08-13,73.82,74.15,73.31,73.99,496000,72.83
2012-08-10,73.13,74.34,72.55,74.16,359700,73.00
2012-08-09,73.60,74.25,72.98,73.38,344400,72.23
2012-08-08,73.33,74.36,73.22,73.58,536900,72.43
2012-08-07,74.05,75.88,73.40,73.46,909400,72.31
2012-08-06,74.03,74.96,73.35,73.39,588300,72.24
2012-08-03,73.33,74.55,73.02,74.13,799800,72.97
2012-08-02,70.78,72.53,70.50,71.48,474200,70.36
2012-08-01,73.22,73.59,71.25,71.29,611500,70.17
2012-07-31,73.65,74.32,72.26,72.80,852500,71.66
2012-07-30,74.51,74.75,72.82,73.57,652500,72.42
2012-07-27,72.82,75.26,72.72,74.66,1013300,73.49
2012-07-26,72.30,72.96,71.71,72.36,727600,71.23
2012-07-25,69.80,71.12,69.29,70.80,1050900,69.69
2012-07-24,69.56,70.30,68.73,69.59,704500,68.50
2012-07-23,69.39,70.00,68.69,69.65,672400,68.56
2012-07-20,70.95,71.65,70.51,70.79,767300,69.68
2012-07-19,69.11,72.90,69.02,71.86,1614900,70.73
2012-07-18,68.85,70.24,68.43,68.68,1067100,67.60
2012-07-17,67.98,69.09,65.86,68.85,2194200,67.77
2012-07-16,69.99,70.18,68.59,68.85,930500,67.77
2012-07-13,68.48,70.28,68.39,70.09,785300,68.99
2012-07-12,68.38,68.85,67.40,68.25,953100,67.18
2012-07-11,69.28,70.09,68.27,68.66,816100,67.58
2012-07-10,70.54,71.38,68.94,69.40,627100,68.31
2012-07-09,69.65,70.54,69.32,70.27,468000,69.17
2012-07-06,70.13,70.36,69.32,69.89,497300,68.80
2012-07-05,69.22,71.88,68.79,70.91,1275000,69.80
2012-07-03,68.86,69.49,68.58,69.27,526100,68.18
2012-07-02,69.87,69.91,68.01,68.59,941800,67.52
2012-06-29,69.08,69.57,68.94,69.56,935300,68.47
2012-06-28,66.15,67.96,65.76,67.85,756300,66.79
2012-06-27,67.44,67.59,66.10,66.64,776200,65.60
2012-06-26,66.87,67.77,66.24,67.16,865100,66.11
2012-06-25,66.44,67.01,65.04,66.71,1359400,65.67
2012-06-22,68.79,68.79,67.12,67.70,1458200,66.64
2012-06-21,70.40,70.54,68.61,68.84,804200,67.76
2012-06-20,71.40,71.41,69.09,70.49,1016600,69.39
2012-06-19,71.62,72.38,71.11,71.54,956900,70.42
2012-06-18,67.79,71.65,67.50,71.43,1125500,70.31
2012-06-15,67.06,68.54,66.73,68.29,970200,67.22
2012-06-14,66.64,67.27,65.72,66.71,710200,65.67
2012-06-13,66.81,68.02,66.27,66.70,588800,65.66
2012-06-12,66.66,67.71,66.37,67.26,538200,66.21
2012-06-11,68.02,68.11,66.08,66.18,744100,65.14
2012-06-08,66.53,67.30,65.27,67.13,930600,66.08
2012-06-07,67.16,69.23,66.39,66.80,1668400,65.75
2012-06-06,63.93,66.10,63.93,66.05,1236400,64.82
2012-06-05,62.13,63.80,61.72,63.19,944800,62.02
2012-06-04,63.14,64.06,61.36,62.54,886800,61.38
2012-06-01,64.33,64.76,62.94,63.26,1224800,62.09
2012-05-31,64.22,66.54,64.20,65.98,2285800,64.75
2012-05-30,65.65,65.74,63.30,63.64,1420000,62.46
2012-05-29,66.83,67.29,65.95,66.64,1101200,65.40
2012-05-25,66.78,67.04,65.64,66.44,1020100,65.21
2012-05-24,68.73,68.99,66.55,67.19,1074700,65.94
2012-05-23,66.85,68.65,66.15,68.35,873000,67.08
2012-05-22,67.36,68.75,67.02,67.86,1179900,66.60
2012-05-21,64.99,67.37,64.81,67.29,1474300,66.04
2012-05-18,65.63,66.70,64.61,64.72,2241300,63.52
2012-05-17,70.07,70.18,65.41,65.42,2623900,64.21
2012-05-16,70.64,71.82,69.82,69.89,860000,68.59
2012-05-15,70.25,70.97,69.98,70.22,1091400,68.92
2012-05-14,70.86,70.86,70.10,70.18,1288700,68.88
2012-05-11,71.91,73.35,71.47,71.66,1180700,70.33
2012-05-10,74.74,74.97,72.26,72.63,1141500,71.28
2012-05-09,74.43,75.04,73.55,73.76,983100,72.39
2012-05-08,74.77,75.39,73.50,75.30,1308900,73.90
2012-05-07,74.85,75.70,74.50,75.34,852700,73.94
2012-05-04,75.92,76.00,74.62,75.10,978900,73.71
2012-05-03,78.04,78.49,76.16,76.33,838500,74.91
2012-05-02,76.50,77.43,75.58,77.29,1347600,75.85
2012-05-01,77.00,79.50,77.00,78.30,941300,76.85
2012-04-30,78.17,78.32,76.46,77.02,813700,75.59
2012-04-27,78.31,79.17,77.17,78.36,1081100,76.90
2012-04-26,76.72,77.97,76.22,77.50,1270600,76.06
2012-04-25,75.75,77.65,75.26,77.34,1445000,75.90
2012-04-24,71.09,75.31,70.92,75.09,2220200,73.70
2012-04-23,70.60,70.95,68.88,70.86,1547400,69.54
2012-04-20,71.86,72.34,71.28,71.41,1087300,70.08
2012-04-19,73.42,73.64,70.88,71.37,1005300,70.04
2012-04-18,73.59,74.47,73.08,73.65,686600,72.28
2012-04-17,73.26,74.27,72.77,74.02,597900,72.65
2012-04-16,73.27,73.49,72.36,72.81,781600,71.46
2012-04-13,72.35,73.25,71.87,72.59,711800,71.24
2012-04-12,69.79,73.22,69.79,72.74,1015300,71.39
2012-04-11,70.28,70.48,69.51,69.73,1101100,68.24
2012-04-10,71.55,71.60,68.71,69.21,1283800,67.73
2012-04-09,71.07,72.41,70.77,71.76,750700,70.23
2012-04-05,71.97,72.94,71.82,72.60,851000,71.05
2012-04-04,72.43,72.76,71.47,72.19,705900,70.65
2012-04-03,72.65,73.33,71.80,73.27,919000,71.71
2012-04-02,71.16,73.46,70.48,72.64,970400,71.09
2012-03-30,71.42,72.11,71.10,71.69,843700,70.16
2012-03-29,70.84,71.03,69.20,70.67,894300,69.16
2012-03-28,71.72,71.97,70.58,71.55,605300,70.02
2012-03-27,71.81,72.30,71.33,71.84,863500,70.31
2012-03-26,71.51,71.80,70.78,71.47,1367900,69.95
2012-03-23,71.59,71.59,70.25,70.45,839600,68.95
2012-03-22,72.37,72.37,70.61,71.18,723300,69.66
2012-03-21,72.30,73.80,71.80,73.34,1030100,71.78
2012-03-20,73.05,73.08,71.60,71.97,702100,70.44
2012-03-19,74.41,74.66,73.63,73.69,752200,72.12
2012-03-16,74.01,74.98,73.65,74.67,1324100,73.08
2012-03-15,70.02,74.29,70.02,73.51,1495400,71.94
2012-03-14,71.44,71.73,69.94,70.02,870500,68.53
2012-03-13,69.26,71.40,69.06,71.38,1312400,69.86
2012-03-12,68.93,69.28,68.50,68.73,738300,67.27
2012-03-09,70.25,70.36,69.05,69.25,741800,67.77
2012-03-08,69.76,70.37,68.68,70.02,904800,68.53
2012-03-07,68.12,69.39,68.00,69.03,672600,67.56
2012-03-06,67.65,68.30,66.95,67.99,1158600,66.54
2012-03-05,69.74,69.74,68.24,68.70,1080500,67.24
2012-03-02,70.84,70.91,69.28,69.75,475800,68.26
2012-03-01,69.63,70.94,69.51,70.81,798800,69.30
2012-02-29,69.57,69.96,68.98,69.58,1113900,68.10
2012-02-28,69.68,69.82,68.84,69.50,871500,68.02
2012-02-27,68.70,69.94,68.41,69.33,671900,67.85
2012-02-24,68.10,69.89,67.93,69.24,822300,67.76
2012-02-23,66.88,68.15,66.60,68.00,784300,66.55
2012-02-22,66.22,67.06,66.02,66.99,770900,65.56
2012-02-21,66.27,67.19,65.93,66.63,792300,65.21
2012-02-17,67.18,67.89,66.13,66.24,1093400,64.83
2012-02-16,66.89,67.31,66.19,66.75,1215300,65.33
2012-02-15,70.07,70.21,66.32,66.93,1326800,65.50
2012-02-14,69.33,69.92,68.71,69.60,647500,68.12
2012-02-13,69.19,69.72,68.24,69.61,804000,68.13
2012-02-10,68.90,69.02,68.00,68.42,1144900,66.96
2012-02-09,69.45,70.57,68.86,69.49,1105900,68.01
2012-02-08,69.17,69.66,68.10,69.09,619700,67.62
2012-02-07,69.71,69.77,68.65,69.17,590400,67.70
2012-02-06,70.28,70.28,69.35,69.77,537900,68.28
2012-02-03,69.79,71.15,69.53,70.51,1044300,69.01
2012-02-02,68.85,69.39,68.48,68.72,832800,67.26
2012-02-01,69.78,70.72,68.40,68.69,1203900,67.23
2012-01-31,69.89,70.37,68.45,68.64,1012600,67.18
2012-01-30,67.77,70.00,67.57,69.21,1054200,67.73
2012-01-27,67.39,68.86,67.19,68.60,855000,67.14
2012-01-26,67.97,68.89,67.30,67.56,913900,66.12
2012-01-25,66.82,67.57,66.03,67.38,2138000,65.94
2012-01-24,65.95,68.33,64.07,66.84,4906600,65.42
2012-01-23,73.15,74.10,71.52,72.32,925500,70.78
2012-01-20,73.61,73.76,72.06,73.39,945500,71.83
2012-01-19,72.98,74.77,72.67,73.76,1471800,72.19
2012-01-18,71.91,72.55,71.18,71.69,893200,70.16
2012-01-17,73.23,73.27,71.42,71.80,669800,70.27
2012-01-13,71.79,72.20,70.39,72.04,741300,70.50
2012-01-12,72.85,73.01,71.65,72.59,659700,71.04
2012-01-11,72.65,72.96,72.00,72.43,752500,70.89
2012-01-10,72.46,73.90,72.33,72.60,1296600,71.05
2012-01-09,70.16,71.40,69.87,71.28,671800,69.76
2012-01-06,69.96,71.12,69.60,69.68,927100,68.19
2012-01-05,69.88,70.28,69.09,69.96,919900,68.47
2012-01-04,68.49,70.56,68.08,70.25,972600,68.75
2012-01-03,69.39,70.08,68.43,68.71,1123500,67.25
2011-12-30,67.86,68.73,67.63,68.01,555900,66.56
2011-12-29,66.97,68.03,66.67,67.94,460700,66.49
2011-12-28,67.82,67.82,66.41,66.63,520100,65.21
2011-12-27,67.71,68.40,67.29,67.70,485500,66.26
2011-12-23,67.34,68.10,67.02,67.83,634700,66.38
2011-12-22,65.51,67.17,65.45,67.15,996900,65.72
2011-12-21,64.47,65.53,63.50,65.43,1035400,64.04
2011-12-20,63.94,65.21,63.94,64.83,888100,63.45
2011-12-19,64.12,64.87,62.64,62.82,1065500,61.48
2011-12-16,62.67,64.22,62.59,63.81,2560500,62.45
2011-12-15,62.85,62.94,61.64,62.24,1328100,60.91
2011-12-14,63.27,63.52,61.22,61.90,1330400,60.58
2011-12-13,66.01,66.50,63.52,64.06,897400,62.69
2011-12-12,65.50,65.91,64.50,65.45,670700,64.05
2011-12-09,66.15,66.55,65.07,66.38,1485300,64.97
2011-12-08,66.36,66.99,65.17,65.71,1091100,64.31
2011-12-07,67.35,67.58,66.33,66.85,1098600,65.43
2011-12-06,69.07,69.49,66.88,67.79,1020200,66.35
2011-12-05,68.96,69.88,68.62,69.17,1159100,67.70
2011-12-02,69.79,69.99,67.59,67.86,1015000,66.41
2011-12-01,67.50,69.04,67.21,68.77,1598400,67.30
2011-11-30,69.62,70.48,67.99,68.03,5348300,66.58
2011-11-29,66.66,68.00,65.92,67.12,2083400,65.69
2011-11-28,65.48,66.95,64.74,66.10,2256600,64.69
2011-11-25,63.44,63.44,62.42,62.81,702000,61.47
2011-11-23,64.24,64.24,63.32,63.43,1141700,62.08
2011-11-22,66.01,67.10,64.62,65.00,2092500,63.61
2011-11-21,66.50,67.20,64.35,66.03,1991600,64.62
2011-11-18,66.79,68.41,66.18,68.02,1402400,66.57
2011-11-17,66.50,67.53,65.41,66.36,1580100,64.95
2011-11-16,66.98,68.50,66.26,66.49,1387400,65.07
2011-11-15,65.50,67.86,65.30,67.21,875300,65.78
2011-11-14,66.40,66.73,65.42,65.99,1079400,64.58
2011-11-11,65.64,67.89,65.56,67.23,835900,65.80
2011-11-10,64.60,65.37,63.49,64.67,1111500,63.29
2011-11-09,64.21,65.09,62.84,63.59,1162100,62.23
2011-11-08,66.84,67.00,64.47,66.25,1087400,64.84
2011-11-07,66.53,66.90,64.74,66.45,1190800,65.03
2011-11-04,64.95,66.51,63.46,66.32,1337200,64.91
2011-11-03,64.65,66.12,63.98,65.93,1596700,64.52
2011-11-02,63.54,64.09,62.22,63.66,1037700,62.30
2011-11-01,60.55,63.45,60.37,62.21,1515500,60.88
2011-10-31,63.94,64.69,63.15,63.17,807200,61.82
2011-10-28,65.01,65.64,64.55,65.03,1328800,63.64
2011-10-27,63.54,65.76,63.54,65.32,2312100,63.93
2011-10-26,61.67,62.07,59.88,61.65,1294100,60.34
2011-10-25,60.75,61.54,59.32,60.47,1365800,59.18
2011-10-24,60.00,61.66,59.72,61.47,1598800,60.16
2011-10-21,61.08,61.08,57.70,59.54,1569800,58.27
2011-10-20,58.24,59.32,56.09,57.33,1964400,56.11
2011-10-19,58.46,59.00,57.50,57.82,914300,56.59
2011-10-18,56.96,58.94,56.21,58.40,1362800,57.16
2011-10-17,57.76,57.98,56.32,56.61,1471200,55.40
2011-10-14,58.10,58.73,57.21,58.36,998100,57.12
2011-10-13,57.07,57.46,56.06,57.18,953200,55.96
2011-10-12,57.65,59.67,57.36,57.95,1203600,56.71
2011-10-11,55.67,57.81,55.07,56.95,1403800,55.74
2011-10-10,55.90,56.48,55.10,56.45,1066600,55.25
2011-10-07,55.64,56.22,53.93,54.55,980100,53.39
2011-10-06,53.92,55.99,53.65,55.22,1553300,54.04
2011-10-05,51.50,54.23,51.04,53.92,1263800,52.77
2011-10-04,47.80,51.34,47.12,51.26,1700000,50.17
2011-10-03,49.49,50.93,48.57,48.58,1814700,47.54
2011-09-30,51.04,51.50,49.93,49.96,1462000,48.90
2011-09-29,51.24,52.34,50.76,52.27,1362800,51.16
2011-09-28,51.94,53.23,49.93,50.04,1241500,48.97
2011-09-27,52.03,54.05,51.34,51.58,1371200,50.48
2011-09-26,50.16,50.49,48.05,50.42,1027300,49.35
2011-09-23,48.41,49.45,47.98,49.41,1018900,48.36
2011-09-22,47.42,49.58,46.89,48.46,1765300,47.43
2011-09-21,51.83,52.42,49.66,49.69,1827700,48.63
2011-09-20,53.16,54.78,52.04,52.06,1393300,50.95
2011-09-19,53.07,53.54,51.99,52.70,1109200,51.58
2011-09-16,54.79,55.96,54.15,54.71,1159700,53.54
2011-09-15,54.34,54.51,52.96,54.35,948700,53.19
2011-09-14,52.77,54.20,50.80,53.39,1167700,52.25
2011-09-13,50.39,53.15,50.39,52.62,1923900,51.50
2011-09-12,48.63,50.00,48.27,49.71,953700,48.65
2011-09-09,50.64,51.68,49.24,49.62,1072900,48.56
2011-09-08,51.84,52.67,51.11,51.31,858200,50.22
2011-09-07,51.78,52.67,51.44,52.39,654000,51.27
2011-09-06,48.68,50.70,48.63,50.56,840200,49.48
2011-09-02,50.83,52.04,50.12,50.98,1144400,49.89
2011-09-01,54.12,54.30,52.42,52.78,1351900,51.66
2011-08-31,55.26,57.07,53.91,54.16,1575800,53.01
2011-08-30,53.07,54.82,52.87,54.54,1429800,53.38
2011-08-29,51.71,53.46,51.71,53.33,1183600,52.19
2011-08-26,47.38,50.73,46.20,50.68,1618600,49.60
2011-08-25,49.27,49.57,47.60,47.80,671500,46.78
2011-08-24,47.78,49.02,47.34,48.94,890900,47.90
2011-08-23,46.62,48.04,45.63,48.03,1161500,47.01
2011-08-22,47.60,48.07,46.00,46.23,1590600,45.24
2011-08-19,46.83,48.15,45.95,46.00,2089300,45.02
2011-08-18,51.78,51.86,46.61,47.47,3076000,46.46
2011-08-17,54.02,55.08,53.17,53.96,889900,52.81
2011-08-16,54.99,55.46,53.55,53.65,2282400,52.51
2011-08-15,55.16,56.19,54.28,56.02,1214100,54.83
2011-08-12,53.93,54.89,52.97,54.47,1135200,53.31
2011-08-11,51.29,54.08,50.82,53.22,1112800,52.09
2011-08-10,50.73,53.20,50.51,51.06,1555000,49.97
2011-08-09,49.41,52.36,48.38,52.33,2497100,51.21
2011-08-08,49.10,50.62,47.25,47.86,2679900,46.84
2011-08-05,53.68,53.99,49.26,52.13,2599300,51.02
2011-08-04,56.55,57.42,52.56,52.73,1719500,51.61
2011-08-03,56.88,57.55,55.09,57.48,1490100,56.25
2011-08-02,58.80,59.74,56.64,56.72,1710100,55.51
2011-08-01,60.42,60.89,58.34,59.39,1610400,58.12
2011-07-29,57.76,59.51,57.20,59.35,1068100,58.08
2011-07-28,58.94,60.37,58.82,59.13,877100,57.87
2011-07-27,60.60,60.82,58.64,58.83,1083600,57.58
2011-07-26,62.14,62.29,60.92,61.16,1379900,59.86
2011-07-25,61.07,62.76,60.90,62.22,1531000,60.89
2011-07-22,60.09,62.17,59.55,61.74,1500200,60.42
2011-07-21,59.41,61.65,59.28,61.37,2385800,60.06
2011-07-20,58.74,59.11,58.18,59.06,1232600,57.80
2011-07-19,57.43,58.34,57.38,58.30,611600,57.06
2011-07-18,56.92,57.16,55.78,56.88,609000,55.67
2011-07-15,57.35,57.58,56.22,57.07,723900,55.85
2011-07-14,58.28,58.69,56.55,57.04,797700,55.82
2011-07-13,57.59,58.69,57.06,58.04,1492700,56.80
2011-07-12,57.75,58.16,56.74,56.85,1200900,55.64
2011-07-11,58.66,58.88,57.51,57.92,915000,56.69
2011-07-08,61.00,61.00,59.36,59.54,1126300,58.27
2011-07-07,62.66,62.78,61.81,61.98,1309000,60.66
2011-07-06,60.34,62.15,59.98,61.87,1375000,60.55
2011-07-05,60.66,60.89,59.83,60.56,910300,59.27
2011-07-01,59.47,60.87,59.23,60.61,1173800,59.32
2011-06-30,57.76,59.50,57.61,59.33,1669600,58.07
2011-06-29,57.64,58.10,56.93,57.55,1060500,56.32
2011-06-28,56.08,57.63,55.99,57.17,616100,55.95
2011-06-27,55.59,56.13,54.97,55.91,664000,54.72
2011-06-24,56.07,56.88,55.26,55.59,902800,54.41
2011-06-23,55.00,56.09,54.64,56.00,1044300,54.81
2011-06-22,56.27,57.11,55.85,55.87,713300,54.68
2011-06-21,54.60,56.79,54.60,56.72,1313600,55.51
2011-06-20,53.19,54.37,53.12,54.00,807500,52.85
2011-06-17,52.72,53.60,52.09,53.53,1529800,52.39
2011-06-16,52.15,53.56,51.64,52.02,1467200,50.91
2011-06-15,52.31,53.06,52.08,52.23,755200,51.12
2011-06-14,52.55,53.20,52.50,52.96,1062200,51.83
2011-06-13,52.32,53.18,51.47,51.81,1168000,50.71
2011-06-10,54.71,54.93,52.30,52.37,1541800,51.25
2011-06-09,54.52,55.22,54.47,54.91,623700,53.74
2011-06-08,55.14,55.20,54.09,54.30,682700,53.14
2011-06-07,56.16,56.16,55.36,55.44,1015500,54.26
2011-06-06,56.42,57.07,55.79,55.83,795000,54.64
2011-06-03,56.85,57.34,56.27,56.57,859800,55.36
2011-06-02,56.64,58.18,56.62,58.03,831900,56.79
2011-06-01,58.90,59.07,56.25,56.37,696200,55.17
2011-05-31,59.25,59.42,58.03,58.89,953800,57.63
2011-05-27,58.80,59.17,58.37,58.48,803100,57.23
2011-05-26,57.31,58.60,56.96,58.50,863000,57.25
2011-05-25,55.57,57.80,55.47,57.60,993600,56.37
2011-05-24,55.60,56.04,55.33,55.75,766600,54.56
2011-05-23,55.86,56.00,54.89,55.53,733800,54.35
2011-05-20,56.48,57.59,56.01,56.80,1003500,55.59
2011-05-19,56.39,57.30,56.13,56.67,885900,55.46
2011-05-18,54.36,56.15,54.17,55.97,484100,54.78
2011-05-17,54.04,55.13,53.70,54.45,983600,53.29
2011-05-16,54.21,55.28,54.06,54.39,785300,53.23
2011-05-13,55.81,56.12,54.09,54.66,702300,53.49
2011-05-12,55.39,56.06,54.86,55.69,338000,54.50
2011-05-11,56.99,57.32,55.40,55.57,592300,54.39
2011-05-10,56.86,57.44,56.81,57.28,385000,56.06
2011-05-09,56.62,56.98,56.15,56.63,508200,55.42
2011-05-06,56.74,57.18,56.09,56.44,797100,55.24
2011-05-05,55.76,56.71,55.25,55.92,1130000,54.73
2011-05-04,56.95,57.30,55.68,56.24,2645300,55.04
2011-05-03,57.68,57.68,56.44,57.07,868600,55.85
2011-05-02,58.41,58.92,57.82,57.90,842200,56.67
2011-04-29,58.20,58.61,57.72,58.11,1336100,56.87
2011-04-28,56.26,58.50,56.21,58.10,1503100,56.86
2011-04-27,55.20,56.33,55.20,56.20,1063700,55.00
2011-04-26,53.74,55.69,53.60,55.21,1100000,54.03
2011-04-25,53.35,53.59,52.83,53.41,732600,52.27
2011-04-21,54.03,55.16,52.91,53.00,1334100,51.87
2011-04-20,53.32,53.44,51.55,51.98,1433500,50.87
2011-04-19,51.65,52.41,51.50,52.33,764700,51.21
2011-04-18,51.53,51.75,50.27,51.42,1213900,50.32
2011-04-15,52.16,52.82,51.52,52.60,736300,51.48
2011-04-14,51.58,52.06,51.14,51.84,539100,50.74
2011-04-13,51.77,52.04,51.18,51.99,728000,50.88
2011-04-12,51.23,52.32,51.04,51.27,577200,50.18
2011-04-11,52.00,52.21,51.20,51.53,782000,50.43
2011-04-08,53.39,53.39,51.47,52.01,741100,50.90
2011-04-07,53.76,54.03,53.01,53.12,530600,51.99
2011-04-06,54.82,54.82,53.25,53.80,584800,52.65
2011-04-05,54.80,55.26,54.31,54.36,660800,53.20
2011-04-04,54.65,55.10,54.28,55.06,993500,53.89
2011-04-01,54.84,55.20,54.01,54.47,929500,53.31
2011-03-31,53.86,54.53,53.68,54.45,1074500,53.29
2011-03-30,54.84,55.00,54.03,54.07,926000,52.92
2011-03-29,54.15,54.70,53.66,54.49,733800,53.33
2011-03-28,54.25,54.90,54.12,54.35,746800,53.19
2011-03-25,53.92,54.74,53.71,54.23,661800,53.07
2011-03-24,52.49,54.00,52.00,53.83,1338800,52.68
2011-03-23,52.16,52.63,51.57,52.20,775700,51.09
2011-03-22,52.60,53.37,52.40,52.43,1551700,51.31
2011-03-21,51.75,52.99,51.50,52.93,843000,51.80
2011-03-18,52.20,52.25,50.46,50.71,1321900,49.63
2011-03-17,51.46,52.20,50.96,51.40,635700,50.30
2011-03-16,51.04,52.18,50.33,50.55,1114700,49.47
2011-03-15,49.25,51.37,48.06,51.07,1605200,49.98
2011-03-14,52.33,52.89,50.89,51.23,1013900,50.14
2011-03-11,51.72,53.42,51.16,53.03,1108900,51.90
2011-03-10,53.00,53.24,51.62,51.87,1442500,50.76
2011-03-09,53.95,54.87,53.48,54.15,677100,53.00
2011-03-08,52.93,54.45,52.42,54.25,639300,53.09
2011-03-07,54.31,54.57,52.32,52.84,862400,51.71
2011-03-04,54.10,54.15,53.23,53.95,783200,52.80
2011-03-03,53.35,54.20,52.65,54.06,951200,52.91
2011-03-02,52.39,53.37,52.25,52.73,1087500,51.61
2011-03-01,54.24,54.45,52.00,52.31,767700,51.20
2011-02-28,54.33,54.93,53.61,53.84,1117400,52.69
2011-02-25,53.03,54.11,53.00,54.09,915500,52.94
2011-02-24,52.48,53.09,51.85,52.64,1075900,51.52
2011-02-23,53.44,53.57,51.18,52.62,1018000,51.50
2011-02-22,54.83,55.30,53.17,53.37,883600,52.23
2011-02-18,56.33,56.36,55.04,55.47,461400,54.29
2011-02-17,56.41,56.47,55.53,56.11,759000,54.91
2011-02-16,56.20,56.98,55.98,56.51,1284000,55.31
2011-02-15,54.80,56.18,54.60,56.04,1285100,54.85
2011-02-14,54.75,55.38,54.51,54.94,476200,53.77
2011-02-11,53.61,55.32,53.18,54.75,1066800,53.58
2011-02-10,51.61,54.16,51.60,53.84,1440900,52.69
2011-02-09,50.84,51.99,50.70,51.99,1699900,50.88
2011-02-08,51.20,51.39,50.56,51.08,486300,49.99
2011-02-07,51.43,51.89,51.13,51.18,565600,50.09
2011-02-04,51.37,51.49,50.62,51.11,396100,50.02
2011-02-03,51.57,52.06,50.83,51.18,695300,50.09
2011-02-02,51.85,52.49,51.43,51.60,1455200,50.50
2011-02-01,50.65,52.36,50.55,51.85,1384200,50.74
2011-01-31,49.07,50.19,49.07,49.98,860300,48.91
2011-01-28,49.24,51.27,48.76,48.87,1635400,47.83
2011-01-27,48.43,49.78,47.95,49.49,1762400,48.44
2011-01-26,47.67,48.66,47.31,48.42,1723800,47.39
2011-01-25,47.90,48.81,47.14,47.29,1781400,46.28
2011-01-24,47.73,48.15,47.38,48.06,929400,47.04
2011-01-21,48.84,49.20,47.60,47.71,1036500,46.69
2011-01-20,49.24,49.33,47.59,48.49,1281900,47.46
2011-01-19,52.04,52.29,49.27,49.80,1338200,48.74
2011-01-18,52.06,52.31,51.40,52.31,1030200,51.20
2011-01-14,51.86,52.15,51.68,52.04,348100,50.93
2011-01-13,51.48,52.23,51.27,51.86,469100,50.75
2011-01-12,51.98,51.99,50.88,51.38,1673900,50.28
2011-01-11,52.67,52.72,51.10,51.43,609400,50.33
2011-01-10,50.86,52.50,50.76,52.17,1322900,51.06
2011-01-07,50.52,51.46,50.52,51.25,916500,50.16
2011-01-06,49.87,50.68,49.87,50.42,1524700,49.35
2011-01-05,48.53,50.02,48.35,49.96,2295700,48.90
2011-01-04,48.71,49.17,48.56,48.82,1115500,47.78
2011-01-03,48.29,49.49,48.29,48.62,860800,47.58
2010-12-31,48.06,48.31,47.83,47.86,387300,46.84
2010-12-30,47.93,48.38,47.92,48.13,223600,47.10
2010-12-29,47.64,48.15,47.58,48.06,271600,47.04
2010-12-28,48.12,48.15,47.29,47.56,377200,46.55
2010-12-27,47.50,48.18,47.33,48.03,223800,47.01
2010-12-23,48.23,48.41,47.62,47.77,329700,46.75
2010-12-22,48.43,48.49,47.88,48.20,354100,47.17
2010-12-21,47.95,48.60,47.78,48.27,653700,47.24
2010-12-20,48.20,48.26,47.07,47.49,761000,46.48
2010-12-17,48.13,48.31,47.69,48.02,951000,47.00
2010-12-16,47.65,48.40,47.05,48.25,605200,47.22
2010-12-15,47.69,49.41,47.25,47.43,1198700,46.42
2010-12-14,48.19,48.60,47.50,47.78,842800,46.76
2010-12-13,49.42,49.48,47.82,47.94,1646700,46.92
2010-12-10,49.73,50.07,49.27,49.98,728300,48.91
2010-12-09,48.92,49.79,48.73,49.57,761200,48.51
2010-12-08,49.19,49.80,48.37,48.50,858700,47.47
2010-12-07,49.82,49.87,48.87,48.98,1133700,47.94
2010-12-06,49.06,49.38,48.57,48.97,802500,47.93
2010-12-03,48.28,49.48,48.28,49.29,986300,48.24
2010-12-02,47.98,48.75,47.96,48.47,887600,47.44
2010-12-01,48.34,48.78,47.85,47.98,1194800,46.96
2010-11-30,47.38,47.79,47.12,47.34,1164900,46.33
2010-11-29,47.41,48.10,47.06,48.00,1125900,46.98
2010-11-26,47.21,48.01,46.99,47.84,338900,46.82
2010-11-24,46.24,47.81,46.24,47.70,1000100,46.68
2010-11-23,45.97,46.15,45.31,45.72,914200,44.75
2010-11-22,46.50,47.43,46.33,46.76,997000,45.76
2010-11-19,46.11,47.01,45.67,46.90,912200,45.90
2010-11-18,45.27,46.87,45.27,46.21,1226400,45.23
2010-11-17,44.22,44.97,43.59,44.65,1042300,43.70
2010-11-16,44.76,45.10,43.45,44.00,1186100,43.06
2010-11-15,45.20,45.67,44.97,45.19,782600,44.23
2010-11-12,45.50,45.94,44.50,44.74,697000,43.79
2010-11-11,45.29,46.23,45.08,46.03,1032100,45.05
2010-11-10,45.20,45.86,44.85,45.86,1341300,44.88
2010-11-09,46.91,47.00,45.01,45.21,1210000,44.25
2010-11-08,46.63,47.14,46.16,46.84,1177400,45.84
2010-11-05,45.78,46.59,45.55,46.53,1451300,45.54
2010-11-04,45.71,46.58,45.26,45.85,2301800,44.87
2010-11-03,44.40,45.06,44.11,45.04,1193100,44.08
2010-11-02,44.34,44.57,43.91,44.30,755100,43.36
2010-11-01,44.09,44.73,43.39,43.75,755800,42.82
2010-10-29,43.50,44.11,43.50,43.82,702100,42.89
2010-10-28,43.59,44.50,43.08,43.78,1263100,42.85
2010-10-27,43.40,43.69,42.67,43.37,1390100,42.45
2010-10-26,41.49,44.91,41.00,43.61,2977000,42.68
2010-10-25,42.25,42.99,41.81,41.94,1199500,41.05
2010-10-22,41.88,42.33,41.67,42.06,603700,41.16
2010-10-21,42.32,42.84,41.18,41.84,1504400,40.95
2010-10-20,40.96,42.87,40.96,42.22,1306000,41.32
2010-10-19,40.90,41.56,40.50,40.85,888400,39.98
2010-10-18,41.51,41.81,41.23,41.57,676100,40.68
2010-10-15,41.62,41.99,40.77,41.42,1133300,40.54
2010-10-14,41.49,41.69,40.89,41.27,1227300,40.39
2010-10-13,40.12,41.94,40.07,41.50,2204300,40.62
2010-10-12,39.39,39.85,38.64,39.65,1072100,38.80
2010-10-11,39.63,40.00,39.32,39.54,597800,38.70
2010-10-08,38.51,39.87,38.16,39.47,1040300,38.63
2010-10-07,38.94,38.94,37.96,38.55,909500,37.73
2010-10-06,38.30,38.96,38.15,38.72,899900,37.89
2010-10-05,37.32,38.53,37.23,38.32,1331700,37.50
2010-10-04,37.19,37.62,36.27,36.84,852800,36.05
2010-10-01,37.61,37.80,36.17,37.26,1826900,36.47
2010-09-30,38.41,38.41,37.21,37.41,1371600,36.61
2010-09-29,38.13,38.47,37.88,38.10,999800,37.29
2010-09-28,38.67,38.67,37.71,38.40,640400,37.58
2010-09-27,39.04,39.08,38.57,38.62,662300,37.80
2010-09-24,38.60,39.28,38.56,39.14,836500,38.31
2010-09-23,37.80,38.38,37.39,37.93,1152200,37.12
2010-09-22,38.44,38.83,37.83,38.24,655700,37.42
2010-09-21,38.60,39.10,38.42,38.64,948400,37.82
2010-09-20,38.83,39.14,38.37,38.52,1266500,37.70
2010-09-17,38.30,38.84,37.89,38.56,1207400,37.74
2010-09-16,38.63,39.10,37.82,38.08,876600,37.27
2010-09-15,38.72,39.04,38.36,38.66,753900,37.84
2010-09-14,39.13,39.48,38.67,38.73,1002400,37.90
2010-09-13,38.87,39.30,38.66,39.14,1053900,38.31
2010-09-10,37.83,38.45,37.69,38.18,771600,37.37
2010-09-09,38.58,38.64,37.63,37.80,1195000,36.99
2010-09-08,37.10,38.44,37.10,38.09,1633200,37.28
2010-09-07,36.88,37.06,36.24,36.92,965600,36.13
2010-09-03,36.93,37.69,36.54,37.16,1363100,36.37
2010-09-02,35.63,36.35,35.40,36.24,1374400,35.47
2010-09-01,34.16,35.64,34.09,35.39,1499100,34.64
2010-08-31,32.75,33.99,32.16,33.57,1926300,32.85
2010-08-30,33.67,33.98,32.81,32.84,592500,32.14
2010-08-27,33.37,33.89,32.53,33.77,1288300,33.05
2010-08-26,33.50,33.91,32.76,33.02,1869800,32.32
2010-08-25,31.98,33.62,31.93,33.33,2061400,32.62
2010-08-24,32.07,32.75,31.73,32.38,1620000,31.69
2010-08-23,33.90,34.10,32.69,32.75,1159900,32.05
2010-08-20,33.63,33.81,32.43,33.71,2115400,32.99
2010-08-19,34.84,34.93,33.30,33.78,1302800,33.06
2010-08-18,34.90,35.30,34.52,35.06,642100,34.31
2010-08-17,34.94,35.19,34.75,34.90,1417600,34.16
2010-08-16,34.20,34.54,34.00,34.39,993000,33.66
2010-08-13,34.47,34.67,34.23,34.44,1106700,33.71
2010-08-12,34.86,34.87,33.63,34.46,3385400,33.73
2010-08-11,36.88,36.88,35.13,35.62,863800,34.86
2010-08-10,37.58,37.72,37.00,37.45,549600,36.65
2010-08-09,38.23,38.52,37.81,38.17,738600,37.36
2010-08-06,37.55,38.16,37.23,37.75,856700,36.95
2010-08-05,37.52,38.29,37.31,38.16,778500,37.35
2010-08-04,37.37,38.08,37.22,37.92,848000,37.11
2010-08-03,36.89,37.64,36.24,37.21,1244400,36.42
2010-08-02,37.45,37.75,37.00,37.29,1646600,36.50
2010-07-30,36.36,37.17,35.96,36.70,1127500,35.92
2010-07-29,37.17,37.29,36.13,36.71,1723200,35.93
2010-07-28,37.08,37.52,36.61,36.72,1479300,35.94
2010-07-27,36.77,39.48,36.74,37.15,4054800,36.36
2010-07-26,38.51,39.51,38.18,39.45,1210400,38.61
2010-07-23,37.37,38.48,37.27,38.35,894700,37.53
2010-07-22,36.64,37.80,36.64,37.45,1274800,36.65
2010-07-21,35.87,37.07,35.70,36.00,2294700,35.23
2010-07-20,33.80,35.59,33.76,35.49,1036800,34.73
2010-07-19,34.78,35.11,33.76,34.46,1298800,33.73
2010-07-16,36.69,36.71,34.57,34.72,1857900,33.98
2010-07-15,36.21,37.20,35.62,37.05,1329600,36.26
2010-07-14,37.50,37.50,35.29,36.27,3089300,35.50
2010-07-13,37.79,38.09,36.96,37.41,1158900,36.61
2010-07-12,37.20,37.68,36.55,37.08,866600,36.29
2010-07-09,37.09,37.61,36.83,37.24,732200,36.45
2010-07-08,36.83,37.22,36.27,37.14,1103500,36.35
2010-07-07,34.38,36.35,34.38,36.27,1284300,35.50
2010-07-06,35.76,35.90,34.12,34.38,1555300,33.65
2010-07-02,36.30,36.50,34.71,34.94,936000,34.20
2010-07-01,36.54,37.05,34.64,36.10,1625900,35.33
2010-06-30,36.96,37.65,36.19,36.35,849300,35.58
2010-06-29,37.87,37.97,36.75,37.15,1270600,36.36
2010-06-28,38.98,39.40,38.50,38.63,900100,37.81
2010-06-25,38.50,39.39,37.85,39.29,1541300,38.45
2010-06-24,38.37,39.04,37.66,38.12,1519300,37.31
2010-06-23,38.77,38.95,37.82,38.76,1355200,37.93
2010-06-22,40.98,41.08,38.46,38.58,1651000,37.76
2010-06-21,41.70,41.99,40.43,40.78,1177400,39.91
2010-06-18,41.30,41.48,40.88,41.11,867000,40.23
2010-06-17,41.19,41.37,39.59,41.20,1173400,40.32
2010-06-16,40.00,41.69,40.00,40.81,1524200,39.94
2010-06-15,39.40,40.49,39.27,40.43,898300,39.57
2010-06-14,39.71,40.39,39.16,39.24,1088800,38.40
2010-06-11,37.68,39.49,37.62,39.22,935400,38.38
2010-06-10,37.72,38.78,37.67,38.45,1264100,37.63
2010-06-09,36.90,38.34,36.63,36.88,1432400,36.09
2010-06-08,36.27,36.89,35.46,36.47,1592400,35.69
2010-06-07,36.98,37.70,36.06,36.06,1688800,35.29
2010-06-04,37.66,38.25,36.45,36.75,1799100,35.97
2010-06-03,39.42,40.06,38.28,38.84,1564700,38.01
2010-06-02,38.29,39.40,38.06,39.40,1149900,38.56
2010-06-01,37.99,39.31,37.60,38.08,1673400,37.27
2010-05-28,38.81,39.17,37.64,38.17,1609700,37.36
2010-05-27,37.86,38.80,37.16,38.80,1541700,37.97
2010-05-26,36.87,37.54,36.35,36.79,1654100,36.01
2010-05-25,34.69,36.17,34.18,36.05,2260700,35.28
2010-05-24,35.90,36.48,35.14,35.99,2575300,35.22
2010-05-21,33.00,35.41,32.61,34.88,2370700,34.14
2010-05-20,35.15,35.45,33.69,33.77,2393100,33.05
2010-05-19,37.45,37.79,35.51,36.55,2113400,35.77
2010-05-18,38.38,39.24,37.25,37.62,1655500,36.82
2010-05-17,39.01,39.34,37.25,37.78,2117300,36.97
2010-05-14,39.77,39.85,38.47,38.85,1520900,38.02
2010-05-13,40.66,41.43,39.94,40.22,1492700,39.36
2010-05-12,39.34,40.89,39.24,40.68,1809100,39.81
2010-05-11,38.11,39.66,38.11,39.09,1789200,38.26
2010-05-10,38.01,38.76,37.61,38.72,2500800,37.89
2010-05-07,37.31,37.91,35.50,35.93,2689500,35.16
2010-05-06,39.23,39.84,34.61,37.70,2411500,36.90
2010-05-05,39.15,40.12,37.80,39.24,1555100,38.40
2010-05-04,41.46,41.46,39.44,39.74,2392000,38.89
2010-05-03,40.89,42.32,40.89,41.78,1727700,40.89
2010-04-30,41.35,42.11,40.50,40.55,2019300,39.69
2010-04-29,39.93,41.87,39.89,41.41,5130400,40.53
2010-04-28,40.49,40.51,38.76,39.41,1708300,38.57
2010-04-27,39.60,41.37,39.40,40.10,2795500,39.25
2010-04-26,38.14,39.48,38.14,39.26,1364900,38.42
2010-04-23,37.91,38.36,37.60,38.28,538900,37.46
2010-04-22,37.40,38.08,36.73,37.96,824500,37.15
2010-04-21,37.87,38.26,37.73,37.92,619800,37.11
2010-04-20,37.62,38.24,37.58,37.80,668700,36.99
2010-04-19,37.93,38.02,36.92,37.34,864700,36.54
2010-04-16,38.97,39.10,37.47,38.18,973600,37.37
2010-04-15,38.85,39.69,38.74,39.07,1615500,38.24
2010-04-14,38.54,39.00,38.43,38.90,886700,38.07
2010-04-13,38.00,38.29,37.46,38.23,1103600,37.42
2010-04-12,38.42,38.42,37.72,37.95,785900,37.14
2010-04-09,38.39,38.45,37.89,38.37,972200,37.55
2010-04-08,36.62,38.22,36.51,38.14,1421000,37.33
2010-04-07,37.21,37.23,36.60,36.95,1287600,36.16
2010-04-06,37.16,37.19,36.68,37.15,977200,36.36
2010-04-05,36.78,37.36,36.56,37.09,665300,36.30
2010-04-01,36.51,36.89,36.30,36.54,718600,35.76
2010-03-31,36.46,36.71,35.87,36.17,784600,35.40
2010-03-30,36.40,36.74,36.26,36.54,540100,35.76
2010-03-29,36.30,36.81,36.18,36.43,600600,35.65
2010-03-26,35.80,36.39,35.61,36.20,968600,35.43
2010-03-25,36.11,36.59,35.53,35.57,869300,34.81
2010-03-24,35.77,35.96,35.36,35.76,711000,35.00
2010-03-23,36.18,36.23,35.44,35.94,601600,35.17
2010-03-22,35.42,36.29,35.30,36.17,554900,35.40
2010-03-19,35.75,36.07,35.16,35.75,1046300,34.99
2010-03-18,36.02,36.91,35.77,35.91,1148900,35.14
2010-03-17,36.20,36.54,35.93,36.10,1085700,35.33
2010-03-16,35.79,36.33,35.70,36.33,1024700,35.56
2010-03-15,35.75,35.83,35.38,35.57,1308600,34.81
2010-03-12,36.20,36.22,35.67,35.75,1952000,34.99
2010-03-11,36.06,36.44,35.77,36.00,1656400,35.23
2010-03-10,36.45,36.82,35.69,35.99,2444800,35.22
2010-03-09,35.26,36.30,35.26,35.89,923600,35.13
2010-03-08,35.39,35.81,35.03,35.55,651200,34.79
2010-03-05,35.09,35.61,35.06,35.45,1005300,34.69
2010-03-04,34.82,35.06,34.63,34.88,602900,34.14
2010-03-03,35.06,35.24,34.52,34.68,947300,33.94
2010-03-02,35.52,35.88,35.07,35.11,1150700,34.36
2010-03-01,34.44,35.50,34.44,35.41,1048400,34.66
2010-02-26,35.00,35.00,34.08,34.30,1289400,33.57
2010-02-25,33.78,35.07,33.34,34.99,1136100,34.24
2010-02-24,34.42,34.67,34.04,34.32,887200,33.59
2010-02-23,34.82,35.03,34.19,34.39,1155000,33.66
2010-02-22,34.00,34.93,33.87,34.87,1443000,34.13
2010-02-19,33.01,34.03,33.01,33.92,805400,33.20
2010-02-18,33.15,33.17,32.79,33.15,665100,32.44
2010-02-17,33.27,33.40,32.60,33.06,690800,32.36
2010-02-16,32.81,33.32,32.28,33.08,1318000,32.37
2010-02-12,31.60,32.84,31.17,32.39,2512700,31.70
2010-02-11,30.42,32.34,30.42,31.93,1970600,31.25
2010-02-10,30.23,30.61,30.09,30.44,764800,29.79
2010-02-09,30.52,30.67,30.07,30.33,607500,29.68
2010-02-08,30.25,30.76,29.77,29.96,682800,29.32
2010-02-05,29.96,30.38,29.52,30.27,1704900,29.62
2010-02-04,30.87,30.87,29.79,29.86,1249800,29.22
2010-02-03,30.64,31.40,30.40,31.12,1521900,30.46
2010-02-02,30.79,31.03,30.52,30.79,816300,30.13
2010-02-01,29.87,30.88,29.87,30.78,819600,30.12
2010-01-29,31.32,31.56,29.54,29.70,2066100,29.07
2010-01-28,31.40,32.00,31.19,31.19,1993500,30.53
2010-01-27,30.96,31.46,30.72,31.35,682000,30.68
2010-01-26,30.72,31.27,30.36,31.13,666800,30.47
2010-01-25,31.43,31.43,30.78,30.79,1149100,30.13
2010-01-22,31.06,31.90,30.97,31.01,770900,30.35
2010-01-21,32.14,32.86,31.51,31.52,1046700,30.85
2010-01-20,32.23,32.36,31.40,32.19,1091100,31.50
2010-01-19,32.96,32.97,32.61,32.78,518000,32.08
2010-01-15,33.24,33.38,32.55,32.92,785100,32.22
2010-01-14,33.51,33.86,33.17,33.42,457700,32.71
2010-01-13,33.69,33.76,33.00,33.53,615800,32.82
2010-01-12,33.63,33.86,33.23,33.52,694000,32.81
2010-01-11,34.13,34.24,33.41,34.01,1036500,33.29
2010-01-08,32.29,34.02,32.29,33.86,1005000,33.14
2010-01-07,32.04,32.80,31.80,32.41,1076500,31.72
2010-01-06,33.24,33.59,31.87,32.05,2627400,31.37
2010-01-05,33.64,34.44,33.50,34.31,1129300,33.58
2010-01-04,33.49,33.87,33.42,33.65,613500,32.93
2009-12-31,33.93,33.93,33.28,33.29,612500,32.58
2009-12-30,33.83,34.15,33.57,33.83,377200,33.11
2009-12-29,34.12,34.15,33.83,34.11,453600,33.38
2009-12-28,34.24,34.24,33.58,33.91,488200,33.19
2009-12-24,34.32,34.57,33.92,34.05,307100,33.32
2009-12-23,33.36,34.31,33.19,34.13,778800,33.40
2009-12-22,32.94,33.24,32.71,33.18,842200,32.47
2009-12-21,31.99,32.99,31.95,32.65,841200,31.95
2009-12-18,31.25,31.68,31.14,31.68,1167700,31.00
2009-12-17,31.26,31.53,30.50,31.17,1499700,30.51
2009-12-16,31.92,32.29,31.50,31.62,1198100,30.95
2009-12-15,30.78,31.86,30.45,31.62,1110200,30.95
2009-12-14,29.90,31.06,29.79,30.90,1096000,30.24
2009-12-11,29.53,29.74,29.39,29.61,561400,28.98
2009-12-10,28.80,29.47,28.60,29.39,700400,28.76
2009-12-09,28.74,28.79,28.35,28.58,437600,27.97
2009-12-08,29.11,29.15,28.63,28.80,919600,28.19
2009-12-07,29.49,29.63,29.30,29.43,451900,28.80
2009-12-04,29.53,29.95,29.21,29.56,632000,28.93
2009-12-03,29.70,29.87,29.00,29.04,460000,28.42
2009-12-02,29.34,29.75,29.23,29.50,632500,28.87
2009-12-01,29.11,29.40,28.92,29.24,696400,28.62
2009-11-30,28.23,28.68,28.09,28.63,869000,28.02
2009-11-27,27.87,28.66,27.75,28.36,490900,27.76
2009-11-25,28.91,29.04,28.47,29.00,532600,28.38
2009-11-24,28.73,28.89,28.16,28.77,946300,28.16
2009-11-23,28.85,29.04,28.46,28.59,707600,27.98
2009-11-20,28.20,28.71,28.15,28.37,505800,27.77
2009-11-19,28.94,28.96,28.20,28.37,911700,27.77
2009-11-18,29.40,29.47,29.11,29.26,507400,28.64
2009-11-17,29.21,29.46,28.80,29.36,1034500,28.73
2009-11-16,29.35,29.49,29.06,29.28,872700,28.66
2009-11-13,28.54,29.00,28.52,28.92,617200,28.30
2009-11-12,29.50,29.74,28.33,28.49,1442500,27.88
2009-11-11,29.24,29.78,29.19,29.59,974000,28.96
2009-11-10,28.86,29.13,28.61,28.93,1094800,28.31
2009-11-09,28.31,29.06,28.22,28.95,1465900,28.33
2009-11-06,27.48,28.07,27.35,27.93,1144700,27.33
2009-11-05,26.78,27.87,26.45,27.83,1730400,27.24
2009-11-04,26.07,26.78,25.95,26.46,2325100,25.90
2009-11-03,26.24,26.37,24.97,25.79,4746400,25.24
2009-11-02,24.37,25.01,23.73,24.08,2101000,23.57
2009-10-30,24.47,24.88,24.05,24.23,1966100,23.71
2009-10-29,24.82,25.32,22.57,24.58,4136600,24.06
2009-10-28,25.42,26.09,24.55,24.59,2546200,24.07
2009-10-27,26.71,27.00,25.34,25.41,1778200,24.87
2009-10-26,26.80,27.60,26.53,26.69,1199500,26.12
2009-10-23,27.95,27.95,26.36,26.80,2409600,26.23
2009-10-22,27.57,27.98,26.63,27.92,1489600,27.32
2009-10-21,28.29,28.76,27.43,27.50,1056000,26.91
2009-10-20,28.77,28.79,28.02,28.44,709500,27.83
2009-10-19,28.85,29.50,28.71,28.78,2356000,28.17
2009-10-16,28.37,28.84,28.08,28.66,759000,28.05
2009-10-15,28.52,28.88,28.26,28.69,910100,28.08
2009-10-14,27.80,29.08,27.80,28.99,2173700,28.37
2009-10-13,28.00,28.07,27.10,27.36,776400,26.78
2009-10-12,27.65,28.09,27.53,28.01,956500,27.41
2009-10-09,27.15,27.50,26.92,27.50,762900,26.91
2009-10-08,26.61,27.50,26.40,27.12,1717600,26.54
2009-10-07,25.99,26.51,25.71,26.17,1111700,25.61
2009-10-06,25.93,26.46,25.66,26.00,777500,25.45
2009-10-05,25.26,25.75,25.00,25.61,1688800,25.06
2009-10-02,25.08,25.40,24.53,25.12,1497500,24.58
2009-10-01,26.66,26.80,25.50,25.55,1405800,25.01
2009-09-30,26.82,27.00,26.22,26.49,1792900,25.93
2009-09-29,26.46,26.91,26.46,26.75,1287400,26.18
2009-09-28,25.93,26.91,25.88,26.56,1149000,25.99
2009-09-25,25.93,26.23,25.61,25.91,1123900,25.36
2009-09-24,26.87,26.99,25.45,26.05,1276300,25.49
2009-09-23,27.47,27.53,26.67,26.68,942700,26.11
2009-09-22,27.72,28.00,27.21,27.26,1399200,26.68
2009-09-21,27.85,27.85,26.95,27.43,1089900,26.85
2009-09-18,28.22,28.41,27.75,28.11,1149300,27.51
2009-09-17,28.66,29.19,28.10,28.11,1335600,27.51
2009-09-16,28.28,28.80,27.74,28.65,2888900,28.04
2009-09-15,28.03,28.10,27.52,27.78,2891900,27.19
2009-09-14,27.38,28.34,27.22,28.16,1779600,27.56
2009-09-11,28.10,28.52,27.09,27.56,2332700,26.97
2009-09-10,26.69,27.99,26.69,27.94,1694900,27.34
2009-09-09,26.24,27.00,25.83,26.78,2217700,26.21
2009-09-08,26.18,26.80,26.10,26.14,1861200,25.58
2009-09-04,25.01,26.05,24.83,26.00,2019300,25.45
2009-09-03,23.89,25.06,23.87,25.00,1594300,24.47
2009-09-02,23.96,24.25,23.62,23.79,1442600,23.28
2009-09-01,23.85,24.50,23.67,23.92,1884800,23.41
2009-08-31,24.78,24.78,23.66,23.90,1946700,23.39
2009-08-28,23.70,25.17,23.70,24.99,2306400,24.46
2009-08-27,23.14,23.67,22.50,23.62,979900,23.12
2009-08-26,23.33,23.35,22.78,23.18,1087400,22.69
2009-08-25,23.45,23.97,23.03,23.31,1452100,22.81
2009-08-24,23.67,23.95,22.99,23.17,2120700,22.68
2009-08-21,23.50,24.12,23.25,24.00,835800,23.49
2009-08-20,22.59,23.38,22.57,23.20,702800,22.71
2009-08-19,22.34,23.23,22.20,22.72,1642600,22.24
2009-08-18,22.16,22.79,22.16,22.69,1158700,22.21
2009-08-17,22.44,22.48,21.87,22.10,1201000,21.63
2009-08-14,23.33,23.40,22.70,23.33,1246100,22.83
2009-08-13,23.00,23.38,22.62,23.36,755100,22.86
2009-08-12,22.35,23.14,22.13,22.80,1153300,22.31
2009-08-11,22.59,22.76,21.92,22.34,1138000,21.86
2009-08-10,23.04,23.50,22.56,22.68,1263700,22.20
2009-08-07,22.44,23.30,22.20,23.18,1919200,22.69
2009-08-06,22.02,22.48,21.80,22.03,1868900,21.56
2009-08-05,22.46,22.55,21.61,21.97,1393900,21.50
2009-08-04,21.35,22.62,21.25,22.35,2342700,21.87
2009-08-03,20.63,21.88,20.63,21.57,1747300,21.11
2009-07-31,21.02,21.02,20.17,20.31,2564100,19.88
2009-07-30,20.16,21.39,19.91,21.03,2928400,20.58
2009-07-29,19.87,19.91,19.09,19.66,1792000,19.24
2009-07-28,20.69,21.06,19.72,19.99,1579300,19.56
2009-07-27,20.25,20.92,20.25,20.81,1164300,20.37
2009-07-24,19.95,20.58,19.74,20.35,1561900,19.92
2009-07-23,19.19,20.24,19.09,20.19,2315700,19.76
2009-07-22,18.13,19.15,18.00,18.99,1777400,18.59
2009-07-21,19.11,19.32,17.90,18.28,2047000,17.89
2009-07-20,18.65,19.15,18.43,18.73,1693600,18.33
2009-07-17,17.51,18.42,17.51,18.36,2019200,17.97
2009-07-16,16.84,17.69,16.68,17.54,1376900,17.17
2009-07-15,16.42,17.12,16.42,16.99,1584500,16.63
2009-07-14,15.67,16.24,15.63,16.19,1287300,15.84
2009-07-13,15.44,15.64,14.77,15.63,1096900,15.30
2009-07-10,14.95,15.58,14.79,15.46,1162700,15.13
2009-07-09,15.24,15.70,15.08,15.15,1637400,14.83
2009-07-08,15.00,15.41,14.75,15.14,2117700,14.82
2009-07-07,15.69,15.73,14.81,14.90,1522600,14.58
2009-07-06,15.80,15.97,15.20,15.68,1275200,15.35
2009-07-02,16.39,16.39,15.83,15.97,828900,15.63
2009-07-01,16.19,16.87,16.19,16.63,2127100,16.28
2009-06-30,15.98,16.38,15.77,16.11,1273400,15.77
2009-06-29,16.31,16.45,15.94,16.05,1583300,15.71
2009-06-26,16.32,16.51,16.15,16.32,2354500,15.97
2009-06-25,15.71,16.67,15.70,16.56,1731800,16.21
2009-06-24,15.39,16.30,15.27,15.77,2023700,15.43
2009-06-23,15.58,15.79,14.84,15.24,2042800,14.92
2009-06-22,16.39,16.45,15.41,15.44,2260100,15.11
2009-06-19,16.75,16.96,16.42,16.60,1540300,16.25
2009-06-18,16.79,17.04,16.30,16.57,1679000,16.22
2009-06-17,17.53,17.53,16.53,16.94,2412600,16.58
2009-06-16,17.15,17.98,17.06,17.50,3291600,17.13
2009-06-15,17.73,17.73,16.75,16.96,2509200,16.60
2009-06-12,16.50,17.95,16.50,17.94,4449300,17.56
2009-06-11,16.15,16.65,16.09,16.60,2872200,16.25
2009-06-10,16.25,16.42,15.82,16.09,1655300,15.75
2009-06-09,16.11,16.40,16.00,16.15,2049000,15.81
2009-06-08,15.96,16.21,15.39,15.96,1779500,15.62
2009-06-05,16.36,16.45,15.81,15.97,1754300,15.63
2009-06-04,15.94,16.26,15.66,16.11,2617800,15.77
2009-06-03,16.34,16.34,15.62,15.88,1546500,15.54
2009-06-02,16.75,17.08,16.37,16.56,3260500,16.21
2009-06-01,16.90,17.18,16.67,16.81,2130200,16.45
2009-05-29,15.75,16.49,15.67,16.49,1970200,16.14
2009-05-28,15.72,15.81,15.04,15.65,1877500,15.32
2009-05-27,16.29,16.50,15.44,15.49,1843500,15.16
2009-05-26,15.56,16.54,15.53,16.33,1688700,15.98
2009-05-22,15.80,16.08,15.50,15.77,1044800,15.43
2009-05-21,15.92,15.93,15.40,15.66,2273500,15.33
2009-05-20,16.39,16.99,16.08,16.11,2066400,15.77
2009-05-19,15.72,16.85,15.71,16.19,4000600,15.84
2009-05-18,14.97,15.32,14.57,15.16,1246600,14.84
2009-05-15,14.44,15.15,14.44,14.79,1501200,14.47
2009-05-14,14.19,14.88,14.19,14.55,1835800,14.24
2009-05-13,15.32,15.32,14.30,14.36,1886800,14.05
2009-05-12,15.80,16.11,15.16,15.57,1289200,15.24
2009-05-11,16.59,16.64,15.66,15.74,1572500,15.40
2009-05-08,16.39,17.13,16.10,17.01,2331900,16.65
2009-05-07,16.51,16.90,15.94,16.10,1903300,15.76
2009-05-06,16.41,16.62,15.82,16.28,1760800,15.93
2009-05-05,16.65,16.84,15.89,16.26,1957300,15.91
2009-05-04,15.64,16.85,15.60,16.60,2335500,16.25
2009-05-01,15.24,15.82,14.71,15.39,1557100,15.06
2009-04-30,14.98,15.28,14.60,15.25,3568800,14.92
2009-04-29,15.25,15.45,14.58,14.75,4599000,14.44
2009-04-28,15.11,15.41,14.78,14.91,1688000,14.59
2009-04-27,16.27,16.27,15.06,15.31,2716900,14.98
2009-04-24,16.52,16.88,16.31,16.70,1515700,16.34
2009-04-23,15.91,16.51,15.65,16.25,1517400,15.90
2009-04-22,15.95,16.52,15.61,15.90,1843500,15.56
2009-04-21,15.39,16.26,15.32,16.07,1541300,15.73
2009-04-20,16.69,16.69,15.47,15.49,1465000,15.16
2009-04-17,16.63,17.48,16.41,16.85,1497100,16.49
2009-04-16,16.43,16.73,16.07,16.55,1349400,16.20
2009-04-15,15.04,16.70,15.04,16.22,3033700,15.87
2009-04-14,15.28,15.61,14.90,15.13,918400,14.81
2009-04-13,15.08,15.76,14.60,15.48,1465300,15.15
2009-04-09,14.38,15.48,14.36,15.30,2114200,14.97
2009-04-08,13.73,14.05,13.43,14.02,1410400,13.72
2009-04-07,13.75,13.93,13.44,13.52,1629500,13.23
2009-04-06,14.08,14.09,13.66,14.04,1413400,13.74
2009-04-03,13.84,14.25,13.84,14.20,1572200,13.90
2009-04-02,13.01,14.29,12.94,13.80,2655300,13.51
2009-04-01,12.55,12.71,12.25,12.62,1740500,12.35
2009-03-31,12.72,13.07,12.50,12.71,1304300,12.44
2009-03-30,13.50,13.52,12.64,12.76,1287400,12.49
2009-03-27,14.33,14.38,13.86,13.97,1533900,13.67
2009-03-26,13.78,14.47,13.51,14.46,3043300,14.15
2009-03-25,13.77,14.00,12.47,13.06,2202900,12.78
2009-03-24,14.64,14.64,13.30,13.59,3084100,13.30
2009-03-23,14.18,14.87,13.91,14.87,2193000,14.55
2009-03-20,14.77,14.77,13.47,13.52,2001100,13.23
2009-03-19,15.17,15.22,14.63,14.71,1945500,14.40
2009-03-18,14.90,15.23,14.41,15.03,3182200,14.71
2009-03-17,14.64,15.06,14.25,14.92,2122400,14.60
2009-03-16,14.81,15.59,14.50,14.70,2938500,14.39
2009-03-13,14.64,14.81,14.21,14.38,1563100,14.07
2009-03-12,14.01,14.55,13.48,14.45,2523700,14.14
2009-03-11,14.22,14.27,13.69,13.99,2479600,13.69
2009-03-10,13.75,14.17,13.57,14.17,2324800,13.87
2009-03-09,13.30,13.98,13.14,13.41,1854900,13.12
2009-03-06,13.58,13.99,13.13,13.53,3067400,13.24
2009-03-05,14.48,14.73,13.15,13.47,3123200,13.18
2009-03-04,15.04,15.30,14.65,14.91,3370800,14.59
2009-03-03,15.97,16.14,14.67,14.82,3613200,14.50
2009-03-02,17.06,17.17,15.66,15.92,3463400,15.58
2009-02-27,17.91,18.34,17.10,17.69,2144400,17.31
2009-02-26,18.28,18.62,17.86,18.27,2090200,17.88
2009-02-25,18.69,18.75,17.59,18.23,2658800,17.84
2009-02-24,17.73,19.05,17.50,18.77,2330300,18.37
2009-02-23,18.73,19.20,17.37,17.48,2523300,17.11
2009-02-20,18.55,19.20,17.81,18.80,2549300,18.40
2009-02-19,19.43,19.69,18.50,18.70,2036600,18.30
2009-02-18,18.84,19.23,18.38,19.14,1989400,18.73
2009-02-17,18.85,19.22,18.33,18.77,1755500,18.37
2009-02-13,19.59,20.30,19.50,19.73,1153600,19.31
2009-02-12,19.22,19.68,18.69,19.62,1773200,19.20
2009-02-11,19.49,20.03,19.02,19.47,991900,19.06
2009-02-10,20.87,21.28,19.39,19.64,1283800,19.22
2009-02-09,21.39,21.50,20.66,21.03,1108300,20.58
2009-02-06,20.08,21.67,19.79,21.46,1612300,21.00
2009-02-05,19.36,19.96,19.07,19.75,2251500,19.33
2009-02-04,20.05,20.94,19.44,19.61,1866800,19.19
2009-02-03,18.68,20.27,18.58,20.09,2193200,19.66
2009-02-02,17.87,18.64,17.36,18.51,1833300,18.12
2009-01-30,18.55,18.84,17.92,18.16,1588300,17.77
2009-01-29,18.90,18.90,18.08,18.46,1662900,18.07
2009-01-28,18.06,18.98,17.90,18.96,1892600,18.56
2009-01-27,16.58,17.79,16.50,17.68,1539500,17.30
2009-01-26,16.83,17.50,16.00,16.78,1717600,16.42
2009-01-23,16.41,17.38,15.87,16.90,1474700,16.54
2009-01-22,16.24,17.06,15.85,16.56,2079500,16.21
2009-01-21,16.00,16.81,15.58,16.48,2217400,16.13
2009-01-20,17.20,17.20,15.56,15.98,3445600,15.64
2009-01-16,18.34,18.68,17.35,17.79,1502900,17.41
2009-01-15,17.94,18.41,16.85,17.93,1665800,17.55
2009-01-14,18.69,18.92,17.64,18.13,1571800,17.74
2009-01-13,19.85,20.57,18.96,19.26,1532200,18.85
2009-01-12,21.39,21.39,19.61,20.16,1740100,19.73
2009-01-09,21.54,21.83,20.41,21.38,1587400,20.92
2009-01-08,21.25,21.88,20.83,21.52,1602400,21.06
2009-01-07,22.62,22.66,21.14,21.40,1267400,20.94
2009-01-06,21.70,23.54,21.70,23.01,2469200,22.52
2009-01-05,20.30,22.07,20.00,21.49,1955300,21.03
2009-01-02,19.02,20.76,19.00,20.39,1723500,19.96
2008-12-31,18.20,19.32,18.00,19.05,1685600,18.64
2008-12-30,18.11,18.32,17.89,18.17,1190700,17.78
2008-12-29,18.34,18.47,17.54,17.91,826700,17.53
2008-12-26,18.17,18.55,17.99,18.47,474400,18.08
2008-12-24,17.83,18.34,17.57,18.15,397600,17.76
2008-12-23,18.62,19.09,17.71,17.87,779400,17.49
2008-12-22,18.98,19.19,17.90,18.54,1403600,18.14
2008-12-19,19.35,19.83,18.78,19.02,1537100,18.61
2008-12-18,20.33,20.37,18.84,19.38,2313600,18.97
2008-12-17,17.27,20.46,17.10,20.20,4294400,19.77
2008-12-16,16.73,16.98,15.71,16.84,3430800,16.48
2008-12-15,17.28,17.67,15.83,16.59,3455600,16.24
2008-12-12,18.24,18.59,16.78,17.58,3119300,17.21
2008-12-11,20.23,20.41,18.46,18.93,968400,18.53
2008-12-10,19.68,20.58,19.54,20.36,945200,19.93
2008-12-09,20.47,20.54,18.92,19.49,1195600,19.07
2008-12-08,19.41,20.83,19.41,20.61,1927900,20.17
2008-12-05,18.34,18.96,17.35,18.81,1125900,18.41
2008-12-04,19.09,19.78,17.92,18.52,1308600,18.13
2008-12-03,18.40,19.75,18.11,19.41,1482600,19.00
2008-12-02,19.83,19.83,18.20,19.01,1812000,18.60
2008-12-01,21.12,21.26,19.42,19.45,1362200,19.04
2008-11-28,21.87,22.04,20.89,21.92,728700,21.45
2008-11-26,19.59,22.10,19.32,21.88,2238200,21.41
2008-11-25,20.02,20.40,19.47,20.07,2561900,19.64
2008-11-24,19.20,20.12,18.46,19.71,2121700,19.29
2008-11-21,17.96,18.41,16.75,18.31,2563800,17.92
2008-11-20,19.15,19.36,17.29,17.50,1814300,17.13
2008-11-19,20.81,21.02,19.05,19.19,1907700,18.78
2008-11-18,22.48,22.79,20.55,20.92,1765700,20.47
2008-11-17,21.91,23.38,20.48,22.41,2068500,21.93
2008-11-14,25.43,25.43,22.65,22.74,2089500,22.26
2008-11-13,24.35,26.00,21.84,25.94,1785700,25.39
2008-11-12,26.25,26.34,23.93,24.11,1721300,23.60
2008-11-11,27.00,27.96,25.89,26.92,1189300,26.35
2008-11-10,28.99,29.75,27.00,27.33,1046000,26.75
2008-11-07,27.66,28.41,27.05,28.15,921500,27.55
2008-11-06,28.07,28.58,27.19,27.56,1178900,26.97
2008-11-05,30.67,31.21,28.01,28.35,1364800,27.75
2008-11-04,31.31,31.83,30.52,31.20,1033300,30.53
2008-11-03,30.84,31.48,30.19,30.58,1223400,29.93
2008-10-31,28.81,31.46,28.06,30.87,1614700,30.21
2008-10-30,30.23,30.93,27.97,28.72,1419900,28.11
2008-10-29,26.03,31.19,26.01,29.31,3124200,28.69
2008-10-28,26.34,26.65,22.60,26.10,5025900,25.54
2008-10-27,26.65,27.31,25.64,25.64,1412600,25.09
2008-10-24,24.45,28.12,24.45,27.01,2144100,26.43
2008-10-23,28.28,28.70,25.07,27.04,2236800,26.46
2008-10-22,29.80,29.84,27.20,28.07,1195300,27.47
2008-10-21,30.40,31.60,29.81,30.01,1091800,29.37
2008-10-20,30.76,32.02,30.11,30.93,1431000,30.27
2008-10-17,29.35,32.62,28.77,30.29,1303500,29.64
2008-10-16,29.30,30.42,27.27,30.02,1362300,29.38
2008-10-15,32.26,32.80,29.11,29.22,1502200,28.60
2008-10-14,34.38,35.71,31.89,33.43,2718800,32.72
2008-10-13,30.11,32.72,29.65,32.72,1329300,32.02
2008-10-10,29.00,30.69,25.59,28.67,4179200,28.06
2008-10-09,33.65,35.30,29.62,30.69,1767800,30.04
2008-10-08,31.98,34.46,31.78,33.07,2235800,32.37
2008-10-07,35.33,35.47,33.17,33.27,1777900,32.56
2008-10-06,35.07,35.07,31.46,34.57,2156600,33.83
2008-10-03,36.45,39.36,35.67,36.17,2028200,35.40
2008-10-02,42.94,43.00,35.34,35.85,3099800,35.09
2008-10-01,44.11,44.38,42.77,43.61,1038400,42.68
2008-09-30,43.99,44.69,42.69,44.36,2322900,43.41
2008-09-29,46.75,46.75,41.62,42.79,1465200,41.88
2008-09-26,46.50,47.75,45.80,47.57,1827100,46.56
2008-09-25,47.56,48.10,46.92,47.35,905900,46.34
2008-09-24,49.57,49.71,46.53,47.30,1086500,46.29
2008-09-23,49.63,50.97,48.60,49.56,1357000,48.50
2008-09-22,50.82,51.45,49.41,49.64,1129900,48.58
2008-09-19,49.88,54.50,49.88,51.17,2201300,50.08
2008-09-18,45.76,48.47,44.91,48.12,1576000,47.09
2008-09-17,45.91,46.84,44.27,45.16,1474400,44.20
2008-09-16,45.30,46.72,44.58,46.63,1816700,45.64
2008-09-15,45.74,48.47,44.59,46.39,1421200,45.40
2008-09-12,46.25,47.29,45.38,47.22,872400,46.21
2008-09-11,45.56,46.65,45.07,46.52,1339900,45.53
2008-09-10,45.28,46.70,44.68,46.04,1000500,45.06
2008-09-09,46.95,47.17,44.50,44.97,1298000,44.01
2008-09-08,48.30,49.04,46.13,46.83,1039400,45.83
2008-09-05,46.25,47.13,44.52,46.96,1700000,45.96
2008-09-04,48.52,48.52,45.84,46.60,1635100,45.61
2008-09-03,51.04,51.04,48.57,48.94,996900,47.90
2008-09-02,52.54,53.97,50.55,51.02,1248400,49.93
2008-08-29,51.35,52.32,51.05,51.43,1325100,50.33
2008-08-28,50.50,51.52,50.00,51.41,874400,50.31
2008-08-27,49.53,50.28,49.00,50.27,673700,49.20
2008-08-26,49.47,49.87,48.60,49.49,788700,48.44
2008-08-25,50.21,50.30,48.24,49.49,1058700,48.44
2008-08-22,50.39,50.80,49.87,50.53,608800,49.45
2008-08-21,48.91,50.28,48.78,49.98,899700,48.91
2008-08-20,49.66,49.91,48.70,49.33,1039100,48.28
2008-08-19,49.46,49.91,48.70,49.35,942000,48.30
2008-08-18,50.87,51.03,49.44,49.82,1298000,48.76
2008-08-15,50.90,50.90,49.69,50.48,1125800,49.40
2008-08-14,50.83,51.68,50.06,50.54,1724200,49.46
2008-08-13,51.84,51.84,48.56,51.06,2606100,49.97
2008-08-12,53.52,53.61,51.00,51.89,1464600,50.78
2008-08-11,52.99,54.11,52.28,53.63,2073200,52.49
2008-08-08,51.00,53.00,50.81,52.80,1418600,51.67
2008-08-07,51.39,52.08,50.48,51.20,2087900,50.11
2008-08-06,51.48,52.11,51.01,51.70,3575500,50.60
2008-08-05,53.24,53.71,50.13,51.50,3498100,50.40
2008-08-04,53.83,54.13,52.68,53.01,1636200,51.88
2008-08-01,55.00,55.71,52.16,53.30,2559300,52.16
2008-07-31,53.39,55.90,53.22,55.00,3220000,53.83
2008-07-30,51.96,53.16,49.93,52.84,3052000,51.71
2008-07-29,47.87,51.37,47.87,51.26,1843800,50.17
2008-07-28,47.94,48.81,47.28,47.65,1626800,46.63
2008-07-25,47.96,48.74,46.75,48.00,1983400,46.98
2008-07-24,49.73,49.91,47.73,47.92,1952500,46.90
2008-07-23,49.19,50.29,48.80,49.61,1994500,48.55
2008-07-22,46.24,49.55,46.24,48.67,1559200,47.63
2008-07-21,46.93,47.25,46.21,46.59,1372300,45.60
2008-07-18,47.18,47.25,45.81,46.48,1336900,45.49
2008-07-17,47.41,47.78,46.35,46.96,2307400,45.96
2008-07-16,44.46,47.14,44.12,47.04,1723600,46.04
2008-07-15,42.68,44.49,40.97,44.05,1521900,43.11
2008-07-14,44.29,44.98,43.06,43.49,1467600,42.56
2008-07-11,43.00,44.77,42.30,43.88,933700,42.94
2008-07-10,42.89,44.30,42.66,43.51,1032700,42.58
2008-07-09,44.26,44.85,42.61,42.95,894900,42.03
2008-07-08,41.28,44.20,40.88,44.03,1121300,43.09
2008-07-07,41.44,42.02,40.38,41.16,1149100,40.28
2008-07-03,40.70,41.70,40.05,41.14,664200,40.26
2008-07-02,42.65,42.74,40.31,40.52,1524100,39.66
2008-07-01,43.50,43.50,41.33,42.54,1324900,41.63
2008-06-30,43.57,44.83,43.00,43.99,1150200,43.05
2008-06-27,42.92,43.62,42.44,43.53,906100,42.60
2008-06-26,44.13,44.48,42.61,43.07,1006900,42.15
2008-06-25,44.08,44.87,43.87,44.54,827200,43.59
2008-06-24,46.32,46.32,43.76,44.01,2043900,43.07
2008-06-23,47.84,48.17,46.36,46.45,705600,45.46
2008-06-20,48.00,48.47,46.96,47.52,853300,46.51
2008-06-19,47.47,48.33,46.77,48.25,689200,47.22
2008-06-18,46.28,47.78,46.03,47.35,1076200,46.34
2008-06-17,48.28,48.38,46.60,46.60,669400,45.61
2008-06-16,46.91,48.47,46.75,48.03,980900,47.01
2008-06-13,46.44,47.47,46.26,47.01,663600,46.01
2008-06-12,45.51,46.75,45.51,46.02,824700,45.04
2008-06-11,48.40,48.40,45.22,46.31,2076100,45.32
2008-06-10,48.81,49.20,48.25,48.88,587500,47.84
2008-06-09,49.44,49.50,48.44,49.18,757200,48.13
2008-06-06,50.18,50.18,48.55,48.67,809800,47.63
2008-06-05,49.04,50.66,49.03,50.66,797400,49.58
2008-06-04,47.93,49.25,47.64,48.73,854900,47.69
2008-06-03,49.16,49.36,47.59,48.20,994400,47.17
2008-06-02,49.92,50.24,48.52,48.93,694700,47.89
2008-05-30,49.87,50.17,49.33,49.96,763100,48.90
2008-05-29,49.01,49.98,48.53,49.68,976900,48.62
2008-05-28,48.20,49.60,48.19,49.00,747500,47.96
2008-05-27,46.75,48.00,46.55,47.88,839900,46.86
2008-05-23,47.00,47.00,45.54,46.31,561200,45.32
2008-05-22,48.10,48.24,46.63,47.11,863600,46.11
2008-05-21,48.69,49.68,47.85,48.10,1652700,47.07
2008-05-20,47.67,48.64,47.02,48.46,815900,47.43
2008-05-19,47.21,49.13,46.69,47.74,3984600,46.72
2008-05-16,48.12,48.12,46.83,47.00,956700,46.00
2008-05-15,48.00,48.26,47.26,47.63,1104400,46.61
2008-05-14,47.55,48.65,47.24,47.93,1573100,46.91
2008-05-13,46.89,47.48,46.54,47.33,1168200,46.32
2008-05-12,46.03,46.78,45.50,46.78,645200,45.78
2008-05-09,46.25,46.74,45.60,45.90,877000,44.92
2008-05-08,45.84,47.04,45.58,47.04,711100,46.04
2008-05-07,47.12,47.41,45.43,45.75,926500,44.77
2008-05-06,46.75,47.18,45.76,47.07,1003600,46.07
2008-05-05,47.59,47.60,45.87,46.74,1339800,45.74
2008-05-02,47.80,48.00,46.26,46.79,995000,45.79
2008-05-01,45.43,47.60,45.14,47.49,2093700,46.48
2008-04-30,43.81,45.58,43.58,45.08,1680800,44.12
2008-04-29,43.87,44.25,43.28,43.61,555700,42.68
2008-04-28,43.61,44.65,43.17,43.85,844900,42.92
2008-04-25,42.26,43.94,42.18,43.66,1298900,42.73
2008-04-24,42.51,43.90,40.79,42.05,1643400,41.15
2008-04-23,41.62,41.93,40.52,41.52,927000,40.64
2008-04-22,42.99,43.00,41.54,41.80,1145300,40.91
2008-04-21,43.59,43.94,42.79,43.26,890200,42.34
2008-04-18,42.92,43.77,42.76,43.45,997900,42.52
2008-04-17,43.21,43.21,42.15,42.35,1006500,41.45
2008-04-16,40.93,43.50,40.93,43.09,2228100,42.17
2008-04-15,40.10,40.80,39.81,40.54,1390300,39.68
2008-04-14,39.59,40.48,39.58,39.76,1095500,38.91
2008-04-11,39.11,40.22,39.01,39.67,1004500,38.82
2008-04-10,39.49,39.93,39.11,39.48,577400,38.64
2008-04-09,40.80,41.08,39.45,39.58,868600,38.74
2008-04-08,40.79,41.48,40.46,40.97,1464300,40.10
2008-04-07,40.29,41.70,39.96,41.03,1526900,40.16
2008-04-04,39.47,40.35,39.47,40.13,2161300,39.27
2008-04-03,40.44,41.08,40.38,41.05,1177100,40.18
2008-04-02,41.01,41.79,40.42,40.80,1527100,39.93
2008-04-01,40.50,40.80,39.15,40.71,1707900,39.84
2008-03-31,39.49,40.39,38.65,40.11,1393700,39.26
2008-03-28,39.15,40.14,38.92,39.37,1180600,38.53
2008-03-27,40.52,40.78,38.89,39.15,1180600,38.32
2008-03-26,41.00,41.18,39.96,40.48,1332300,39.62
2008-03-25,39.68,41.55,39.00,41.16,2349700,40.28
2008-03-24,37.89,40.00,37.89,39.46,1431500,38.62
2008-03-20,36.52,37.91,36.04,37.75,1510100,36.95
2008-03-19,37.67,37.67,36.21,36.60,2312000,35.82
2008-03-18,35.48,36.87,34.99,36.84,735100,36.05
2008-03-17,34.18,35.18,33.87,34.66,949900,33.92
2008-03-14,36.16,36.16,34.40,34.86,765400,34.12
2008-03-13,34.93,35.97,34.07,35.79,756800,35.03
2008-03-12,35.15,36.00,34.98,35.40,969900,34.65
2008-03-11,34.70,35.24,34.31,35.15,678200,34.40
2008-03-10,34.45,35.20,33.85,33.98,668400,33.26
2008-03-07,34.49,35.48,34.30,34.56,774300,33.82
2008-03-06,35.70,35.92,34.80,34.92,922400,34.18
2008-03-05,35.81,36.53,35.40,35.98,1542000,35.21
2008-03-04,35.80,35.96,35.00,35.73,1034100,34.97
2008-03-03,35.74,36.18,35.40,36.18,831600,35.41
2008-02-29,36.56,36.72,35.68,35.80,771600,35.04
2008-02-28,37.41,37.56,36.73,36.97,511700,36.18
2008-02-27,38.40,38.54,37.24,37.54,664300,36.74
2008-02-26,37.79,39.01,37.79,38.80,740900,37.97
2008-02-25,37.52,37.89,36.54,37.86,684900,37.05
2008-02-22,37.30,37.48,36.42,37.47,665700,36.67
2008-02-21,37.80,38.18,36.86,37.05,529300,36.26
2008-02-20,37.50,37.81,36.85,37.65,1372100,36.85
2008-02-19,38.77,38.80,37.14,37.60,838400,36.80
2008-02-15,38.63,39.10,37.50,38.30,796500,37.48
2008-02-14,39.14,39.72,38.62,38.86,1251800,38.03
2008-02-13,38.03,39.36,38.03,39.16,1604900,38.33
2008-02-12,38.02,38.63,37.42,37.79,786200,36.98
2008-02-11,38.31,38.40,36.96,37.76,982300,36.96
2008-02-08,37.00,38.11,37.00,37.94,694100,37.13
2008-02-07,36.45,37.39,36.16,37.06,865200,36.27
2008-02-06,37.74,37.87,36.32,36.45,1032600,35.67
2008-02-05,37.15,39.10,36.68,37.46,2067200,36.66
2008-02-04,38.00,38.12,36.74,36.82,754100,36.04
2008-02-01,36.00,38.16,35.79,38.03,1432500,37.22
2008-01-31,34.95,36.49,34.57,35.89,1227500,35.13
2008-01-30,35.10,36.18,34.94,35.39,817800,34.64
2008-01-29,34.90,35.38,34.64,35.10,805800,34.35
2008-01-28,34.14,34.81,33.55,34.81,698100,34.07
2008-01-25,35.01,35.24,34.00,34.20,1105000,33.47
2008-01-24,32.69,35.64,32.62,34.57,2669800,33.83
2008-01-23,30.71,32.62,30.10,32.60,1445800,31.91
2008-01-22,29.31,31.75,29.00,31.42,1247800,30.75
2008-01-18,30.34,40.00,30.10,30.88,1417400,30.22
2008-01-17,31.53,31.86,29.80,29.88,976200,29.24
2008-01-16,30.93,31.83,30.78,31.42,568000,30.75
2008-01-15,31.15,31.19,30.58,30.88,657800,30.22
2008-01-14,31.02,31.71,31.00,31.58,627800,30.91
2008-01-11,31.25,31.25,29.95,30.87,849300,30.21
2008-01-10,30.76,31.83,30.25,31.45,905000,30.78
2008-01-09,29.43,31.17,29.43,31.04,1002500,30.38
2008-01-08,30.79,31.18,29.50,29.50,844700,28.87
2008-01-07,31.38,31.53,30.21,30.64,1111200,29.99
2008-01-04,32.16,32.22,30.90,31.06,797300,30.40
2008-01-03,33.46,33.66,32.43,32.52,429300,31.83
2008-01-02,34.26,34.81,33.37,33.47,386100,32.76
