Date,Open,High,Low,Close,Volume,Adj Close
2013-12-31,59.33,59.54,58.65,58.89,737600,58.29
2013-12-30,59.16,59.42,59.09,59.35,393500,58.75
2013-12-27,59.35,59.35,58.60,59.17,446400,58.57
2013-12-26,59.70,60.00,59.07,59.44,426700,58.84
2013-12-24,59.33,59.57,59.25,59.40,266200,58.80
2013-12-23,59.33,59.75,59.18,59.36,972700,58.76
2013-12-20,58.66,59.11,58.43,58.96,1561600,58.36
2013-12-19,59.33,59.46,58.29,58.64,651300,58.05
2013-12-18,58.93,59.72,57.71,59.54,1218900,58.94
2013-12-17,58.37,59.22,58.26,58.71,973500,58.12
2013-12-16,58.51,58.87,58.12,58.49,618400,57.90
2013-12-13,58.72,59.32,58.21,58.51,1005600,57.92
2013-12-12,58.53,58.78,57.95,58.50,1272000,57.91
2013-12-11,60.01,60.27,58.62,58.65,1078200,58.06
2013-12-10,60.28,60.58,59.81,60.01,712800,59.40
2013-12-09,60.48,60.76,59.93,60.34,1161700,59.73
2013-12-06,59.70,60.55,59.52,60.49,1314900,59.88
2013-12-05,58.21,59.35,57.97,59.28,1820900,58.68
2013-12-04,56.79,58.51,56.00,58.36,1858400,57.77
2013-12-03,56.51,57.33,56.01,57.27,1090300,56.69
2013-12-02,57.08,57.16,56.46,56.74,857100,56.17
2013-11-29,57.77,57.77,56.92,56.94,348000,56.36
2013-11-27,57.06,57.58,56.93,57.57,599900,56.99
2013-11-26,57.25,57.39,56.77,56.85,1081800,56.27
2013-11-25,57.58,57.83,57.16,57.30,541400,56.72
2013-11-22,57.70,57.74,57.24,57.67,372500,57.09
2013-11-21,57.45,57.69,57.13,57.68,561400,57.10
2013-11-20,57.81,58.62,57.09,57.38,614900,56.80
2013-11-19,58.00,58.89,57.31,57.79,609700,57.21
2013-11-18,58.81,58.90,58.17,58.25,875900,57.66
2013-11-15,57.89,58.92,57.63,58.89,2019100,58.29
2013-11-14,57.70,58.28,57.54,58.01,753800,57.42
2013-11-13,56.57,57.27,56.18,57.15,595500,56.57
2013-11-12,56.90,57.16,56.33,56.68,525000,56.11
2013-11-11,56.76,57.15,56.49,56.91,504900,56.33
2013-11-08,56.53,56.67,55.57,56.56,814000,55.99
2013-11-07,57.85,57.88,56.82,56.95,785700,56.37
2013-11-06,58.86,59.11,58.07,58.36,774900,57.16
2013-11-05,59.32,59.81,58.64,58.85,726200,57.64
2013-11-04,60.01,60.36,59.20,59.77,877400,58.54
2013-11-01,59.27,60.00,58.71,59.93,1654300,58.69
2013-10-31,58.60,59.40,58.41,59.21,1527600,57.99
2013-10-30,58.65,58.71,57.95,58.51,979200,57.30
2013-10-29,57.92,59.05,57.85,58.56,994700,57.35
2013-10-28,59.61,59.61,58.54,59.10,695400,57.88
2013-10-25,59.72,60.43,59.00,59.76,917800,58.53
2013-10-24,59.01,59.54,58.66,59.51,493200,58.28
2013-10-23,58.90,59.36,58.64,59.07,541000,57.85
2013-10-22,58.47,59.27,58.06,59.24,638600,58.02
2013-10-21,59.06,59.08,58.07,58.32,761200,57.12
2013-10-18,59.31,59.39,58.64,59.09,762200,57.87
2013-10-17,57.90,59.32,57.68,59.20,854700,57.98
2013-10-16,56.19,57.85,56.01,57.79,1561600,56.60
2013-10-15,56.48,56.84,55.87,55.88,1291500,54.73
2013-10-14,55.92,56.75,55.86,56.59,960100,55.42
2013-10-11,56.23,56.42,55.72,56.25,1521300,55.09
2013-10-10,55.63,56.36,55.60,56.23,1288900,55.07
2013-10-09,55.33,55.83,55.19,55.25,801100,54.11
2013-10-08,55.84,56.12,55.27,55.32,821500,54.18
2013-10-07,55.24,56.22,55.13,55.80,1353700,54.65
2013-10-04,56.26,56.49,55.41,55.68,878700,54.53
2013-10-03,56.99,57.10,55.93,56.29,988900,55.13
2013-10-02,56.69,57.45,56.59,57.05,744600,55.87
2013-10-01,56.39,57.55,56.36,56.91,1306500,55.74
2013-09-30,56.84,57.40,56.28,56.44,954800,55.28
2013-09-27,57.55,57.75,56.83,57.26,632900,56.08
2013-09-26,57.11,57.81,57.05,57.80,620000,56.61
2013-09-25,57.61,57.91,56.68,57.06,635100,55.88
2013-09-24,57.99,58.12,57.39,57.47,867100,56.28
2013-09-23,58.02,58.63,57.67,57.91,432900,56.71
2013-09-20,59.43,60.01,58.08,58.12,1175800,56.92
2013-09-19,60.03,60.52,59.56,59.61,610200,58.38
2013-09-18,57.98,60.00,57.22,59.96,780500,58.72
2013-09-17,58.04,58.42,57.75,57.98,385500,56.78
2013-09-16,58.06,58.93,57.78,58.08,386700,56.88
2013-09-13,57.17,57.40,56.95,57.20,403500,56.02
2013-09-12,57.37,57.91,56.80,57.00,493400,55.82
2013-09-11,57.30,57.43,56.74,57.33,578800,56.15
2013-09-10,57.85,58.34,56.87,57.30,704600,56.12
2013-09-09,56.83,57.67,56.54,57.67,788200,56.48
2013-09-06,56.63,57.40,56.56,56.61,986000,55.44
2013-09-05,56.31,56.74,55.73,55.98,695900,54.82
2013-09-04,55.63,56.66,55.30,56.44,685900,55.28
2013-09-03,56.63,56.63,55.19,55.73,863100,54.58
2013-08-30,56.60,57.09,56.08,56.28,925300,55.12
2013-08-29,56.04,56.60,55.72,56.57,658800,55.40
2013-08-28,56.22,56.42,55.73,56.10,464800,54.94
2013-08-27,55.96,56.53,55.45,56.17,519600,55.01
2013-08-26,56.78,56.78,56.32,56.55,507000,55.38
2013-08-23,56.38,56.74,55.84,56.72,642300,55.55
2013-08-22,56.27,56.65,55.57,56.45,579100,55.29
2013-08-21,56.65,56.88,55.76,56.05,967500,54.89
2013-08-20,55.66,57.35,55.66,56.77,947300,55.60
2013-08-19,56.77,56.98,55.53,55.57,882100,54.42
2013-08-16,58.02,58.07,56.38,56.72,2734600,55.55
2013-08-15,59.65,59.65,58.21,58.56,956900,56.78
2013-08-14,60.22,60.36,59.79,59.98,686900,58.16
2013-08-13,61.40,61.50,59.85,60.14,1469900,58.32
2013-08-12,61.43,61.72,61.30,61.49,645400,59.62
2013-08-09,61.51,62.06,61.44,61.81,1042300,59.93
2013-08-08,62.07,62.23,61.49,61.78,646100,59.91
2013-08-07,62.24,62.49,61.49,61.88,847900,60.00
2013-08-06,61.16,62.89,61.16,62.35,2166300,60.46
2013-08-05,61.87,62.35,61.08,61.12,1164000,59.27
2013-08-02,62.08,62.54,61.56,61.85,1316800,59.97
2013-08-01,62.42,62.57,61.84,62.14,1014600,60.25
2013-07-31,63.54,63.60,61.45,62.05,959400,60.17
2013-07-30,63.74,65.15,63.27,63.51,564600,61.58
2013-07-29,63.66,63.84,63.20,63.34,730700,61.42
2013-07-26,64.02,64.21,62.99,63.63,707500,61.70
2013-07-25,64.07,64.49,63.87,64.28,557600,62.33
2013-07-24,65.89,65.89,63.83,64.26,673800,62.31
2013-07-23,65.80,66.12,65.23,65.93,456200,63.93
2013-07-22,65.35,65.79,65.17,65.69,330200,63.70
2013-07-19,65.33,65.47,64.82,65.35,427500,63.37
2013-07-18,64.88,65.34,64.77,65.33,568200,63.35
2013-07-17,64.89,65.00,64.43,64.86,838700,62.89
2013-07-16,64.64,64.84,64.20,64.48,700000,62.52
2013-07-15,63.76,64.81,63.35,64.49,882100,62.53
2013-07-12,63.92,64.37,63.19,63.78,1018900,61.85
2013-07-11,63.59,64.36,63.58,64.13,697900,62.18
2013-07-10,62.92,62.96,61.97,62.80,594600,60.89
2013-07-09,62.46,63.32,62.13,62.96,766400,61.05
2013-07-08,61.47,62.38,61.47,62.04,838700,60.16
2013-07-05,61.51,61.70,59.95,61.40,575800,59.54
2013-07-03,61.25,61.58,60.66,61.18,489100,59.32
2013-07-02,60.54,61.73,60.54,61.72,1141100,59.85
2013-07-01,61.34,61.57,60.43,60.54,574800,58.70
2013-06-28,60.79,61.34,60.24,60.97,1030300,59.12
2013-06-27,60.72,61.37,60.63,61.01,758600,59.16
2013-06-26,59.87,60.75,59.83,60.52,1491300,58.68
2013-06-25,58.46,59.66,58.16,59.38,1039200,57.58
2013-06-24,57.90,59.17,56.68,57.84,812900,56.09
2013-06-21,58.43,58.95,57.38,58.45,1329000,56.68
2013-06-20,60.19,60.28,57.73,57.98,1026200,56.22
2013-06-19,62.70,62.85,60.58,60.79,553200,58.95
2013-06-18,62.49,63.09,61.87,62.70,613000,60.80
2013-06-17,62.44,62.75,62.11,62.40,876800,60.51
2013-06-14,62.63,63.29,61.95,62.25,1177400,60.36
2013-06-13,61.14,62.93,60.85,62.80,1020300,60.89
2013-06-12,61.83,62.10,60.65,60.76,489800,58.92
2013-06-11,62.19,62.46,61.45,61.58,670000,59.71
2013-06-10,63.21,63.21,62.43,62.69,1089700,60.79
2013-06-07,63.18,63.34,62.25,62.75,1393100,60.85
2013-06-06,61.58,62.82,61.42,62.82,2110100,60.91
2013-06-05,62.54,62.98,61.35,61.61,1378200,59.74
2013-06-04,64.06,64.32,62.68,62.69,1634900,60.79
2013-06-03,64.58,64.79,63.67,63.94,1088600,62.00
2013-05-31,65.47,66.28,64.90,64.91,1604200,62.94
2013-05-30,66.07,66.81,65.57,65.86,926200,63.86
2013-05-29,65.83,66.20,64.36,65.85,1203300,63.85
2013-05-28,67.65,67.74,66.08,66.43,1013000,64.41
2013-05-24,66.76,67.00,65.83,66.86,760100,64.83
2013-05-23,68.04,68.05,66.90,67.09,742800,65.05
2013-05-22,70.65,71.44,68.21,68.63,1286700,66.55
2013-05-21,70.97,71.12,70.45,70.65,1394300,68.51
2013-05-20,70.41,70.99,70.40,70.84,1088400,68.69
2013-05-17,70.06,70.60,69.92,70.41,752100,68.27
2013-05-16,70.46,70.92,69.78,70.05,593700,67.92
2013-05-15,70.04,70.70,69.71,70.70,963000,68.56
2013-05-14,70.46,70.72,70.04,70.34,1032700,68.21
2013-05-13,70.15,70.40,69.77,70.34,793700,68.21
2013-05-10,69.85,70.47,69.77,70.24,771800,68.11
2013-05-09,69.80,70.29,69.50,69.66,2207100,67.55
2013-05-08,69.90,70.86,69.68,70.00,30212500,67.88
2013-05-07,70.77,70.83,70.04,70.65,1846000,67.94
2013-05-06,72.01,72.19,70.07,70.81,2827700,68.10
2013-05-03,69.48,70.69,69.32,70.42,974100,67.72
2013-05-02,70.31,70.31,68.99,69.04,906400,66.40
2013-05-01,69.92,70.36,68.57,68.79,875300,66.16
2013-04-30,69.66,70.05,69.25,70.05,1172900,67.37
2013-04-29,69.12,69.56,68.80,69.56,551700,66.90
2013-04-26,68.34,68.89,68.33,68.80,942500,66.17
2013-04-25,67.69,68.53,67.03,68.45,729500,65.83
2013-04-24,67.25,67.64,66.99,67.63,485000,65.04
2013-04-23,67.07,67.35,66.58,67.16,598200,64.59
2013-04-22,67.38,67.39,66.41,66.72,489200,64.16
2013-04-19,66.38,67.34,65.92,67.18,517300,64.61
2013-04-18,66.44,66.49,65.86,66.18,618500,63.65
2013-04-17,67.08,67.08,65.76,66.41,768200,63.87
2013-04-16,66.48,67.46,65.71,67.42,583900,64.84
2013-04-15,67.23,67.64,65.97,65.99,794300,63.46
2013-04-12,67.05,67.54,66.93,67.54,680900,64.95
2013-04-11,66.42,67.39,66.42,67.16,1156000,64.59
2013-04-10,65.83,66.65,65.61,66.64,797500,64.09
2013-04-09,65.89,65.89,65.26,65.54,524500,63.03
2013-04-08,64.98,65.85,64.55,65.78,662800,63.26
2013-04-05,64.39,65.14,64.24,65.06,646100,62.57
2013-04-04,64.47,65.24,64.41,65.15,1011600,62.65
2013-04-03,65.14,66.29,64.15,64.23,694400,61.77
2013-04-02,64.72,65.05,64.46,64.64,1158000,62.16
2013-04-01,64.91,65.15,64.32,64.50,1009100,62.03
2013-03-28,63.86,64.47,63.48,64.38,841600,61.91
2013-03-27,63.38,63.86,63.01,63.82,682100,61.38
2013-03-26,63.48,63.78,63.39,63.71,538900,61.27
2013-03-25,63.03,63.40,62.96,63.21,598400,60.79
2013-03-22,62.50,63.24,62.50,62.87,762500,60.46
2013-03-21,62.26,62.94,62.15,62.43,431500,60.04
2013-03-20,62.17,62.60,61.97,62.57,502300,60.17
2013-03-19,62.37,62.54,61.62,62.05,536000,59.67
2013-03-18,62.14,62.54,62.01,62.30,792000,59.91
2013-03-15,62.40,62.72,61.95,62.61,1058700,60.21
2013-03-14,61.89,62.39,61.80,62.38,411900,59.99
2013-03-13,61.99,62.06,61.46,61.99,460600,59.62
2013-03-12,62.00,62.13,61.62,61.97,569900,59.60
2013-03-11,62.00,62.21,61.87,62.21,566400,59.83
2013-03-08,62.16,62.28,61.85,62.01,564900,59.64
2013-03-07,61.77,62.36,61.67,62.09,1100200,59.71
2013-03-06,61.56,61.96,60.87,61.86,998500,59.49
2013-03-05,60.92,61.41,60.55,61.35,755400,59.00
2013-03-04,60.08,60.83,59.98,60.65,560800,58.33
2013-03-01,59.91,60.31,59.29,60.11,947900,57.81
2013-02-28,60.32,60.65,60.02,60.11,1190000,57.81
2013-02-27,59.77,60.78,59.62,60.31,557000,58.00
2013-02-26,59.86,60.25,59.28,59.72,1069100,57.43
2013-02-25,60.91,61.01,59.59,59.59,836500,57.31
2013-02-22,60.69,61.01,60.45,60.50,562900,58.18
2013-02-21,60.89,61.22,60.11,60.51,905800,58.19
2013-02-20,61.58,61.90,60.87,60.88,927100,58.55
2013-02-19,61.65,62.03,61.52,62.03,1182200,59.10
2013-02-15,61.75,61.93,61.36,61.53,958500,58.62
2013-02-14,61.86,61.95,61.57,61.62,459100,58.71
2013-02-13,61.82,62.20,61.59,61.88,1029300,58.95
2013-02-12,61.06,62.01,60.97,61.87,1235900,58.94
2013-02-11,61.70,61.87,61.36,61.52,380000,58.61
2013-02-08,61.52,61.71,60.96,61.64,694200,58.73
2013-02-07,61.64,61.99,61.45,61.50,1130100,58.59
2013-02-06,60.36,61.97,60.23,61.51,1679500,58.60
2013-02-05,60.55,60.65,59.91,60.05,1082100,57.21
2013-02-04,59.97,60.74,59.97,60.43,1072500,57.57
2013-02-01,59.95,60.46,59.66,60.46,939700,57.60
2013-01-31,59.68,59.99,59.47,59.72,1200600,56.90
2013-01-30,59.87,59.99,59.46,59.83,718500,57.00
2013-01-29,59.60,59.99,59.46,59.99,903200,57.15
2013-01-28,59.33,59.76,59.14,59.70,569700,56.88
2013-01-25,59.45,59.48,58.91,59.34,635900,56.53
2013-01-24,58.90,59.31,58.83,59.28,849200,56.48
2013-01-23,59.01,59.42,58.87,59.00,671000,56.21
2013-01-22,58.55,59.49,58.55,59.21,875700,56.41
2013-01-18,58.22,58.63,57.97,58.61,649300,55.84
2013-01-17,58.16,58.45,58.07,58.08,625600,55.33
2013-01-16,58.30,58.35,58.01,58.08,405700,55.33
2013-01-15,58.04,58.42,57.91,58.37,607800,55.61
2013-01-14,58.16,58.23,57.84,58.02,556800,55.28
2013-01-11,58.01,58.13,57.66,57.94,740500,55.20
2013-01-10,58.59,58.83,57.89,58.18,976600,55.43
2013-01-09,59.26,59.33,58.71,58.79,517900,56.01
2013-01-08,58.80,59.06,58.66,59.06,647500,56.27
2013-01-07,58.96,59.11,58.65,58.78,566900,56.00
2013-01-04,59.01,59.13,58.65,59.00,534900,56.21
2013-01-03,58.85,59.40,58.51,58.98,909100,56.19
2013-01-02,59.27,59.29,58.58,58.80,924100,56.02
2012-12-31,57.43,58.43,57.35,58.30,516100,55.54
2012-12-28,57.97,58.21,57.58,57.60,462700,54.88
2012-12-27,58.20,58.51,57.64,58.19,455700,55.44
2012-12-26,58.46,58.46,57.92,58.13,571400,55.38
2012-12-24,58.45,58.77,58.17,58.46,352700,55.70
2012-12-21,57.85,58.54,57.79,58.48,1694900,55.71
2012-12-20,57.79,58.43,57.74,58.40,685100,55.64
2012-12-19,58.13,58.33,57.73,57.73,730800,55.00
2012-12-18,57.56,58.06,57.46,58.06,684800,55.31
2012-12-17,58.12,58.19,57.32,57.57,1210200,54.85
2012-12-14,58.08,58.08,57.60,57.85,580600,55.11
2012-12-13,58.28,58.48,57.77,58.01,693400,55.27
2012-12-12,58.32,58.54,58.01,58.40,869800,55.64
2012-12-11,58.27,58.71,57.97,58.32,703000,55.56
2012-12-10,57.96,58.40,57.70,58.11,949500,55.36
2012-12-07,57.91,58.04,57.58,57.90,671000,55.16
2012-12-06,57.46,57.97,57.41,57.88,568600,55.14
2012-12-05,57.48,57.56,56.83,57.34,694100,54.63
2012-12-04,56.99,57.57,56.88,57.50,633800,54.78
2012-12-03,56.78,57.20,56.62,57.09,752400,54.39
2012-11-30,56.13,56.68,55.88,56.50,1453300,53.83
2012-11-29,56.11,56.19,55.51,56.00,983200,53.35
2012-11-28,56.41,56.41,55.58,55.83,1060600,53.19
2012-11-27,56.70,56.91,55.78,56.43,817700,53.76
2012-11-26,56.55,57.33,56.29,56.86,990700,54.17
2012-11-23,56.87,57.35,56.65,56.97,209300,54.28
2012-11-21,56.35,56.67,56.07,56.57,646800,53.89
2012-11-20,55.96,56.28,55.57,56.25,547300,53.59
2012-11-19,55.99,56.29,55.51,55.97,685300,53.32
2012-11-16,54.67,55.52,54.60,55.38,885800,52.76
2012-11-15,55.11,55.65,54.32,54.68,517500,52.09
2012-11-14,56.20,56.34,55.11,55.24,863200,52.63
2012-11-13,55.51,56.43,55.24,56.12,670500,53.47
2012-11-12,56.26,56.26,55.49,55.90,373700,53.26
2012-11-09,55.80,56.37,55.45,56.00,557200,53.35
2012-11-08,56.73,56.79,56.00,56.00,615100,53.35
2012-11-07,56.88,57.11,56.14,56.69,1363200,54.01
2012-11-06,57.52,57.72,57.24,57.36,1391200,54.09
2012-11-05,57.50,57.58,56.79,57.38,504600,54.11
2012-11-02,57.03,57.79,56.98,57.54,1239800,54.26
2012-11-01,57.13,57.16,56.21,56.91,1742500,53.67
2012-10-31,57.38,57.38,55.74,57.00,2348200,53.76
2012-10-26,56.94,57.22,56.20,57.06,1007800,53.81
2012-10-25,56.85,57.17,55.89,56.90,889300,53.66
2012-10-24,57.12,57.52,56.48,56.64,744700,53.42
2012-10-23,57.15,57.62,56.68,56.94,1163200,53.70
2012-10-22,59.22,59.22,57.34,57.58,1436800,54.30
2012-10-19,59.27,59.74,58.74,58.91,748500,55.56
2012-10-18,59.28,59.61,59.06,59.22,993000,55.85
2012-10-17,59.54,59.59,58.97,59.33,728800,55.95
2012-10-16,59.53,60.03,59.51,59.67,367900,56.27
2012-10-15,58.99,59.48,58.67,59.42,537400,56.04
2012-10-12,58.68,59.09,58.55,59.03,1180000,55.67
2012-10-11,59.07,59.25,58.60,58.63,1177200,55.29
2012-10-10,58.43,58.77,58.05,58.77,868400,55.42
2012-10-09,58.46,58.80,58.13,58.37,949100,55.05
2012-10-08,58.25,58.49,58.05,58.48,745800,55.15
2012-10-05,58.38,58.84,58.15,58.43,627500,55.10
2012-10-04,58.46,58.74,57.73,58.30,1045700,54.98
2012-10-03,57.41,58.39,57.41,58.21,869300,54.90
2012-10-02,56.97,57.46,56.67,57.42,909800,54.15
2012-10-01,57.67,57.67,55.95,56.72,1252000,53.49
2012-09-28,57.20,57.41,56.81,57.23,1233600,53.97
2012-09-27,57.40,57.74,57.17,57.35,966500,54.09
2012-09-26,57.39,57.60,57.11,57.30,1015200,54.04
2012-09-25,58.59,58.83,57.32,57.34,962000,54.08
2012-09-24,58.51,59.22,58.37,58.43,679200,55.10
2012-09-21,59.50,59.51,58.65,58.92,1176100,55.57
2012-09-20,59.75,59.75,58.76,59.19,1313500,55.82
2012-09-19,60.46,60.70,59.88,60.25,770100,56.82
2012-09-18,60.95,61.10,60.16,60.48,664500,57.04
2012-09-17,61.28,61.80,61.03,61.03,546400,57.56
2012-09-14,61.17,61.60,61.02,61.34,668500,57.85
2012-09-13,60.55,61.26,60.47,61.02,696100,57.55
2012-09-12,60.61,61.49,60.28,60.55,1011300,57.10
2012-09-11,60.37,60.85,59.84,60.60,792000,57.15
2012-09-10,60.63,60.81,60.21,60.37,918000,56.93
2012-09-07,60.41,61.05,60.24,60.82,1001800,57.36
2012-09-06,60.30,60.50,60.09,60.37,853200,56.93
2012-09-05,59.96,60.12,59.59,59.99,757200,56.58
2012-09-04,59.62,60.04,59.30,59.94,1098100,56.53
2012-08-31,59.89,59.89,59.05,59.57,1016900,56.18
2012-08-30,59.43,59.67,59.08,59.53,732500,56.14
2012-08-29,59.86,60.43,59.74,59.79,617400,56.39
2012-08-28,59.74,60.03,59.56,59.79,892400,56.39
2012-08-27,59.69,60.08,59.50,59.92,1185400,56.51
2012-08-24,58.74,60.02,58.25,59.65,2617800,56.25
2012-08-23,57.25,58.87,56.91,58.80,1329800,55.45
2012-08-22,57.39,57.66,56.72,57.36,1062000,54.09
2012-08-21,57.61,57.92,57.30,57.39,753900,54.12
2012-08-20,57.72,57.83,57.07,57.61,829000,54.33
2012-08-17,57.55,57.80,57.22,57.72,705400,54.43
2012-08-16,57.46,57.57,56.93,57.56,748600,54.28
2012-08-15,57.52,58.03,57.41,57.78,484600,53.97
2012-08-14,57.48,57.76,57.40,57.60,783800,53.80
2012-08-13,57.29,57.57,57.20,57.38,1328100,53.60
2012-08-10,57.19,57.33,57.10,57.27,632000,53.50
2012-08-09,57.46,57.71,56.99,57.15,979300,53.38
2012-08-08,57.96,58.17,57.27,57.43,723200,53.65
2012-08-07,59.07,59.07,58.15,58.20,1083500,54.36
2012-08-06,58.90,59.06,58.65,58.98,1015400,55.09
2012-08-03,58.73,58.87,58.22,58.71,801100,54.84
2012-08-02,57.91,58.19,57.47,58.14,1002600,54.31
2012-08-01,58.75,59.94,58.11,58.17,1468500,54.34
2012-07-31,58.29,58.85,57.93,58.41,1902400,54.56
2012-07-30,58.47,58.85,58.16,58.33,717000,54.49
2012-07-27,58.19,58.76,58.14,58.36,1340300,54.51
2012-07-26,57.28,58.01,57.18,58.00,1357700,54.18
2012-07-25,57.03,57.05,56.02,56.60,676600,52.87
2012-07-24,56.77,57.24,56.29,56.85,1072800,53.10
2012-07-23,56.15,56.76,56.09,56.63,663400,52.90
2012-07-20,56.98,57.36,56.59,57.11,1067800,53.35
2012-07-19,58.37,58.44,57.18,57.43,957000,53.65
2012-07-18,58.45,58.89,58.05,58.23,899600,54.39
2012-07-17,58.84,59.11,58.01,58.73,1385500,54.86
2012-07-16,58.69,58.99,58.59,58.65,884500,54.78
2012-07-13,58.75,59.21,58.50,58.82,935800,54.94
2012-07-12,58.56,58.95,57.95,58.58,1250100,54.72
2012-07-11,59.15,59.17,58.48,58.92,664500,55.04
2012-07-10,60.02,60.24,58.74,59.07,672600,55.18
2012-07-09,59.68,59.84,59.35,59.83,599500,55.89
2012-07-06,59.28,59.74,59.02,59.68,1094200,55.75
2012-07-05,59.96,60.39,59.74,60.15,788500,56.19
2012-07-03,59.59,60.40,59.33,60.11,512700,56.15
2012-07-02,59.26,59.60,58.95,59.54,742300,55.62
2012-06-29,58.58,59.23,58.25,59.05,1265600,55.16
2012-06-28,56.69,57.65,56.41,57.51,863200,53.72
2012-06-27,56.90,57.14,56.43,56.99,740500,53.23
2012-06-26,56.58,57.12,56.47,56.71,1014200,52.97
2012-06-25,56.28,56.89,56.17,56.59,761000,52.86
2012-06-22,57.27,57.50,56.49,56.92,1714200,53.17
2012-06-21,57.77,57.86,57.00,57.06,1442900,53.30
2012-06-20,57.45,57.98,56.97,57.73,1550700,53.93
2012-06-19,56.73,57.88,56.68,57.53,1462300,53.74
2012-06-18,55.85,57.15,55.67,56.82,840500,53.08
2012-06-15,55.87,56.51,55.58,56.17,1686100,52.47
2012-06-14,55.10,56.03,55.04,55.94,1544800,52.25
2012-06-13,55.26,55.56,54.62,54.91,2088000,51.29
2012-06-12,55.49,55.85,54.60,55.30,1378500,51.66
2012-06-11,57.87,57.91,55.19,55.26,1025200,51.62
2012-06-08,56.14,57.27,55.99,57.27,915800,53.50
2012-06-07,57.58,57.81,55.99,56.09,1130000,52.39
2012-06-06,56.90,57.27,56.34,57.00,1439100,53.24
2012-06-05,55.04,56.62,54.81,56.25,1100300,52.54
2012-06-04,55.54,55.55,54.37,55.12,1215400,51.49
2012-06-01,55.72,56.68,55.31,55.38,1240400,51.73
2012-05-31,56.89,57.77,56.34,57.05,1318700,53.29
2012-05-30,58.42,58.42,56.95,56.99,883000,53.23
2012-05-29,58.20,59.14,58.01,58.89,708300,55.01
2012-05-25,58.16,58.48,57.60,57.96,523900,54.14
2012-05-24,57.34,58.32,57.26,58.30,835900,54.46
2012-05-23,57.50,57.79,56.51,57.59,755000,53.79
2012-05-22,57.22,58.26,57.08,57.77,897300,53.96
2012-05-21,56.16,57.22,55.72,56.92,1151000,53.17
2012-05-18,57.00,57.24,55.64,55.86,947300,52.18
2012-05-17,58.97,59.29,56.87,56.89,1108500,53.14
2012-05-16,59.48,59.65,58.64,58.84,772200,54.96
2012-05-15,59.74,59.90,59.08,59.35,1244400,55.44
2012-05-14,59.68,60.37,59.29,59.61,1399500,55.68
2012-05-11,59.94,60.81,59.75,60.80,1169400,56.79
2012-05-10,60.60,60.86,59.65,60.68,1369500,56.68
2012-05-09,60.13,60.89,60.01,60.37,1050200,56.39
2012-05-08,61.33,61.33,60.24,60.63,1251400,56.63
2012-05-07,61.77,62.14,61.45,61.95,912400,57.35
2012-05-04,61.99,62.14,61.75,61.96,1058500,57.36
2012-05-03,62.53,62.66,61.85,62.15,733600,57.54
2012-05-02,61.60,62.83,61.24,62.29,1109000,57.67
2012-05-01,61.68,62.65,61.58,61.99,894600,57.39
2012-04-30,61.88,61.96,61.21,61.57,948800,57.00
2012-04-27,62.34,62.39,61.66,61.90,1128200,57.31
2012-04-26,61.63,62.47,61.42,62.24,846900,57.62
2012-04-25,61.20,61.83,60.96,61.80,1442600,57.21
2012-04-24,59.55,60.71,59.51,60.55,1259900,56.06
2012-04-23,58.85,59.44,58.69,59.41,1067200,55.00
2012-04-20,58.69,59.83,58.69,59.54,519900,55.12
2012-04-19,58.68,58.94,58.06,58.50,552500,54.16
2012-04-18,58.67,59.05,58.40,58.62,453600,54.27
2012-04-17,59.05,59.32,58.65,58.93,875700,54.56
2012-04-16,58.34,59.01,58.01,58.75,725500,54.39
2012-04-13,58.12,58.42,57.62,57.86,687400,53.57
2012-04-12,57.32,58.18,57.01,58.18,684100,53.86
2012-04-11,56.75,57.24,56.26,57.13,1085000,52.89
2012-04-10,57.36,57.41,55.96,56.15,1616600,51.98
2012-04-09,56.83,57.56,56.70,57.37,734400,53.11
2012-04-05,57.33,57.86,57.17,57.76,753700,53.47
2012-04-04,57.36,57.54,56.84,57.53,827600,53.26
2012-04-03,57.54,57.94,57.42,57.86,941800,53.57
2012-04-02,57.59,58.06,57.44,57.80,914600,53.51
2012-03-30,57.27,58.09,57.08,57.75,1123000,53.47
2012-03-29,56.63,57.16,56.16,57.00,823500,52.77
2012-03-28,56.95,57.03,56.36,56.98,1035100,52.75
2012-03-27,56.54,57.29,56.36,57.15,864100,52.91
2012-03-26,56.33,56.49,55.85,56.41,621700,52.22
2012-03-23,55.42,55.99,55.05,55.63,464300,51.50
2012-03-22,56.11,56.17,54.93,55.43,690300,51.32
2012-03-21,56.33,56.99,56.17,56.57,799900,52.37
2012-03-20,56.03,56.56,55.74,56.31,758900,52.13
2012-03-19,56.00,56.72,55.71,56.31,750100,52.13
2012-03-16,55.52,56.33,55.52,56.01,1120500,51.85
2012-03-15,55.60,56.21,55.26,56.00,844200,51.85
2012-03-14,55.42,55.83,55.08,55.54,735600,51.42
2012-03-13,54.70,55.55,54.70,55.46,927400,51.35
2012-03-12,54.43,54.76,54.12,54.27,759000,50.24
2012-03-09,55.02,55.10,54.28,54.43,1117000,50.39
2012-03-08,55.87,55.87,54.48,54.94,1385000,50.86
2012-03-07,54.36,55.42,53.99,55.36,915800,51.25
2012-03-06,54.56,54.82,53.94,54.12,812100,50.10
2012-03-05,54.80,55.22,54.36,55.14,491200,51.05
2012-03-02,54.83,55.18,54.53,54.90,574200,50.83
2012-03-01,54.05,54.80,53.77,54.79,801000,50.72
2012-02-29,53.71,54.38,53.64,53.99,880700,49.98
2012-02-28,54.49,54.49,53.27,53.53,731400,49.56
2012-02-27,53.82,54.46,53.28,54.36,571600,50.33
2012-02-24,54.15,54.49,53.51,54.34,896500,50.31
2012-02-23,53.45,54.09,53.18,54.00,713900,49.99
2012-02-22,54.08,54.69,53.26,53.40,862000,49.44
2012-02-21,55.69,55.69,54.14,54.42,764700,50.38
2012-02-17,56.19,56.19,55.10,55.47,878200,51.35
2012-02-16,55.47,56.51,55.39,56.44,1116100,51.74
2012-02-15,55.00,55.84,54.78,55.57,906000,50.95
2012-02-14,55.64,55.67,54.45,54.86,523300,50.29
2012-02-13,55.69,56.05,55.46,55.81,599900,51.17
2012-02-10,54.55,55.42,54.50,55.02,559400,50.44
2012-02-09,55.54,55.74,54.60,55.15,984800,50.56
2012-02-08,55.55,55.99,55.25,55.57,746200,50.95
2012-02-07,55.27,55.64,55.02,55.50,1261500,50.88
2012-02-06,55.09,55.22,54.49,55.20,712800,50.61
2012-02-03,55.52,55.97,54.60,55.12,1668200,50.53
2012-02-02,54.80,55.22,54.45,55.06,919400,50.48
2012-02-01,54.71,55.09,54.55,54.64,1122700,50.09
2012-01-31,54.79,54.79,53.80,54.30,1635900,49.78
2012-01-30,54.62,54.69,54.02,54.43,831800,49.90
2012-01-27,55.39,55.49,54.56,55.01,804000,50.43
2012-01-26,54.82,55.44,54.71,55.29,747500,50.69
2012-01-25,54.05,54.96,53.95,54.85,878800,50.29
2012-01-24,53.76,54.36,53.71,54.13,610900,49.63
2012-01-23,54.48,54.73,53.69,54.01,1201700,49.52
2012-01-20,53.14,54.52,52.75,54.50,1288400,49.96
2012-01-19,52.80,53.68,52.70,53.23,879600,48.80
2012-01-18,52.54,53.17,52.31,52.65,619500,48.27
2012-01-17,52.56,52.79,52.06,52.30,641500,47.95
2012-01-13,51.87,52.28,51.58,52.00,523800,47.67
2012-01-12,52.42,53.16,51.43,52.16,778600,47.82
2012-01-11,52.06,53.13,51.76,52.95,859300,48.54
2012-01-10,51.99,52.45,51.91,52.14,742800,47.80
2012-01-09,52.26,52.43,51.19,51.32,646100,47.05
2012-01-06,51.79,52.17,51.03,51.68,850800,47.38
2012-01-05,50.18,51.50,49.85,51.37,567100,47.10
2012-01-04,50.67,50.67,49.67,50.30,644700,46.11
2012-01-03,51.64,52.00,50.19,50.95,785500,46.71
2011-12-30,50.91,51.43,50.59,50.60,489600,46.39
2011-12-29,50.65,51.00,50.45,50.81,393800,46.58
2011-12-28,51.23,51.23,50.29,50.39,453400,46.20
2011-12-27,51.02,51.30,50.71,51.05,608100,46.80
2011-12-23,50.67,51.29,50.62,51.18,277000,46.92
2011-12-22,50.53,51.16,50.48,50.63,712500,46.42
2011-12-21,50.33,50.48,49.76,50.30,656400,46.11
2011-12-20,49.21,50.41,49.21,50.25,1147400,46.07
2011-12-19,49.57,49.69,48.29,48.35,981400,44.33
2011-12-16,48.99,49.59,48.64,49.20,1653700,45.11
2011-12-15,48.75,49.18,48.23,48.70,749900,44.65
2011-12-14,48.20,48.96,48.01,48.31,677500,44.29
2011-12-13,49.46,49.87,48.08,48.47,624700,44.44
2011-12-12,49.36,49.58,48.74,49.11,644000,45.02
2011-12-09,48.81,50.41,48.78,49.96,784400,45.80
2011-12-08,49.82,49.82,48.60,48.80,633000,44.74
2011-12-07,49.46,50.36,48.75,50.19,627500,46.01
2011-12-06,49.55,49.97,49.08,49.66,550700,45.53
2011-12-05,49.57,50.13,48.99,49.59,741800,45.46
2011-12-02,49.03,49.80,48.77,48.86,527500,44.79
2011-12-01,49.84,49.85,48.57,48.61,936200,44.56
2011-11-30,49.29,50.15,48.90,50.10,1618200,45.93
2011-11-29,48.05,48.23,47.29,47.72,828500,43.75
2011-11-28,47.70,47.99,47.14,47.82,1054300,43.84
2011-11-25,45.89,47.03,45.62,46.04,259600,42.21
2011-11-23,47.68,47.68,45.92,45.93,680000,42.11
2011-11-22,48.05,48.51,47.16,48.12,964600,44.12
2011-11-21,48.78,48.93,47.70,47.84,1326300,43.86
2011-11-18,48.65,49.14,48.25,49.04,801300,44.96
2011-11-17,49.00,49.43,48.00,48.23,790500,44.22
2011-11-16,49.74,50.32,49.07,49.15,768600,45.06
2011-11-15,49.15,50.60,48.97,50.15,812200,45.98
2011-11-14,50.00,50.03,48.99,49.17,1071200,45.08
2011-11-11,49.34,50.55,48.86,50.45,708600,46.25
2011-11-10,49.02,49.11,48.14,48.71,1062200,44.66
2011-11-09,49.68,50.20,48.31,48.62,1238400,44.57
2011-11-08,49.50,51.15,48.46,51.04,1018200,46.79
2011-11-07,50.20,51.13,49.28,49.96,987400,45.30
2011-11-04,50.42,50.50,49.47,50.24,937700,45.55
2011-11-03,50.55,51.27,49.05,50.93,1342300,46.18
2011-11-02,50.00,50.65,49.13,50.16,1612000,45.48
2011-11-01,48.92,49.86,47.62,47.77,1717800,43.31
2011-10-31,49.05,50.42,48.46,49.76,1491400,45.12
2011-10-28,49.68,50.29,49.43,50.00,952500,45.33
2011-10-27,50.04,50.49,48.50,49.73,2652500,45.09
2011-10-26,48.56,48.96,47.22,48.72,1316900,44.17
2011-10-25,48.12,48.51,47.35,48.04,1236500,43.56
2011-10-24,47.29,48.85,46.98,48.39,1619700,43.87
2011-10-21,45.54,47.39,45.41,47.26,1534500,42.85
2011-10-20,44.48,45.03,43.30,44.94,1251500,40.75
2011-10-19,44.44,44.74,43.91,44.32,1797300,40.18
2011-10-18,42.90,44.88,42.57,44.56,1450600,40.40
2011-10-17,44.15,44.26,42.73,42.86,1317300,38.86
2011-10-14,44.51,44.74,43.97,44.53,1372600,40.38
2011-10-13,43.61,44.08,42.86,43.85,1627700,39.76
2011-10-12,43.30,44.78,43.12,43.90,1337000,39.80
2011-10-11,43.36,43.87,42.58,42.86,1075400,38.86
2011-10-10,42.55,43.74,42.35,43.70,1270600,39.62
2011-10-07,43.05,43.30,41.35,41.51,1426900,37.64
2011-10-06,41.10,42.96,40.86,42.90,1378300,38.90
2011-10-05,40.57,41.58,38.72,41.23,1466400,37.38
2011-10-04,39.74,40.82,38.64,40.61,3200000,36.82
2011-10-03,42.25,42.82,40.16,40.21,2344200,36.46
2011-09-30,43.64,44.22,42.60,42.63,1409200,38.65
2011-09-29,44.55,44.62,43.49,44.37,1119900,40.23
2011-09-28,45.77,45.98,43.48,43.58,1246300,39.51
2011-09-27,45.60,46.73,45.17,45.61,1270600,41.35
2011-09-26,44.54,44.61,43.09,44.47,918100,40.32
2011-09-23,43.18,44.29,42.77,44.08,1185400,39.97
2011-09-22,42.57,43.64,42.36,43.31,1803900,39.27
2011-09-21,46.55,46.64,43.76,43.85,1231900,39.76
2011-09-20,46.86,47.32,46.38,46.53,1251000,42.19
2011-09-19,46.85,47.59,46.66,46.73,1156100,42.37
2011-09-16,47.47,48.28,46.45,48.05,1472300,43.57
2011-09-15,47.37,47.80,46.70,47.80,1248900,43.34
2011-09-14,46.32,47.17,45.15,46.87,1167500,42.50
2011-09-13,45.67,46.10,45.01,46.00,863800,41.71
2011-09-12,43.92,45.63,43.92,45.61,1471100,41.35
2011-09-09,46.34,46.73,44.48,45.06,1878700,40.86
2011-09-08,46.89,47.45,46.30,46.94,982500,42.56
2011-09-07,45.73,47.18,45.27,47.13,1613700,42.73
2011-09-06,44.02,45.18,43.99,44.83,1780100,40.65
2011-09-02,46.04,46.50,45.59,45.67,1931900,41.41
2011-09-01,49.16,49.21,47.21,47.28,1480700,42.87
2011-08-31,48.51,49.43,48.05,49.04,1123100,44.46
2011-08-30,47.91,48.63,46.92,48.23,858900,43.73
2011-08-29,46.75,48.14,46.64,48.08,1074000,43.59
2011-08-26,45.35,46.34,44.29,46.04,1705100,41.74
2011-08-25,47.64,48.04,45.66,45.83,853500,41.55
2011-08-24,46.74,47.30,45.85,47.26,1570000,42.85
2011-08-23,46.01,46.87,45.49,46.84,1061200,42.47
2011-08-22,46.60,46.86,45.22,45.79,1344300,41.52
2011-08-19,46.13,47.22,44.77,45.28,1949100,41.06
2011-08-18,47.80,48.78,46.36,46.95,1918200,42.57
2011-08-17,50.44,50.73,49.57,49.80,1279600,45.15
2011-08-16,50.30,51.21,49.94,50.52,1409800,45.35
2011-08-15,49.50,51.24,49.43,51.02,1507000,45.80
2011-08-12,49.87,49.97,48.35,49.00,1570500,43.99
2011-08-11,45.98,50.39,45.81,49.33,2203100,44.28
2011-08-10,44.96,47.56,44.61,45.58,2635800,40.92
2011-08-09,42.83,46.21,42.17,46.15,2559800,41.43
2011-08-08,44.38,44.73,41.96,41.97,3318500,37.68
2011-08-05,47.86,47.99,44.83,45.94,2054400,41.24
2011-08-04,49.01,49.05,47.34,47.36,2707000,42.52
2011-08-03,50.50,50.50,48.50,49.67,1578200,44.59
2011-08-02,52.27,52.48,50.35,50.50,1239500,45.33
2011-08-01,53.79,54.09,52.08,52.59,1042200,47.21
2011-07-29,52.60,53.40,51.00,53.13,1167900,47.70
2011-07-28,52.80,53.92,52.36,53.43,1109700,47.97
2011-07-27,53.93,54.04,52.82,52.85,949900,47.44
2011-07-26,54.35,54.66,53.98,54.29,566600,48.74
2011-07-25,54.25,54.82,53.88,54.32,521100,48.76
2011-07-22,55.07,55.07,54.69,54.86,472300,49.25
2011-07-21,54.95,55.28,54.86,55.07,756500,49.44
2011-07-20,54.40,54.92,54.19,54.67,708700,49.08
2011-07-19,53.67,54.29,53.41,54.19,767300,48.65
2011-07-18,53.65,53.78,52.64,53.21,596300,47.77
2011-07-15,53.25,54.01,53.04,53.92,586400,48.40
2011-07-14,54.08,54.34,52.81,53.18,931900,47.74
2011-07-13,54.49,54.97,53.80,53.84,915600,48.33
2011-07-12,54.23,55.17,53.98,54.10,990100,48.57
2011-07-11,55.44,55.71,54.29,54.31,648700,48.76
2011-07-08,55.31,56.24,54.98,56.20,497200,50.45
2011-07-07,55.85,56.50,55.54,56.10,995400,50.36
2011-07-06,54.66,55.53,54.39,55.40,720500,49.73
2011-07-05,54.16,54.87,53.86,54.79,905000,49.19
2011-07-01,53.56,54.30,53.44,54.18,888800,48.64
2011-06-30,53.36,53.94,52.82,53.50,1087100,48.03
2011-06-29,52.76,53.47,52.43,53.16,798200,47.72
2011-06-28,52.00,52.74,51.65,52.69,655300,47.30
2011-06-27,51.42,52.27,51.38,51.95,668800,46.64
2011-06-24,51.19,51.68,50.77,51.49,1133600,46.22
2011-06-23,50.80,51.44,49.90,51.08,1011100,45.86
2011-06-22,51.59,52.28,51.41,51.50,711700,46.23
2011-06-21,51.67,52.07,51.29,51.68,658400,46.39
2011-06-20,50.35,51.43,50.35,51.33,746100,46.08
2011-06-17,50.63,50.88,50.05,50.54,1034000,45.37
2011-06-16,49.40,50.28,49.34,50.00,812100,44.89
2011-06-15,50.57,50.64,48.78,49.32,2096600,44.28
2011-06-14,50.75,51.23,50.42,50.96,805700,45.75
2011-06-13,49.96,50.64,49.57,50.17,637100,45.04
2011-06-10,50.84,51.00,49.80,49.91,963300,44.81
2011-06-09,52.31,52.54,51.02,51.05,982700,45.83
2011-06-08,52.14,53.61,51.91,52.23,1494100,46.89
2011-06-07,52.25,52.91,51.86,52.29,735100,46.94
2011-06-06,52.80,53.09,51.90,51.93,816200,46.62
2011-06-03,51.60,53.13,51.46,52.84,936700,47.44
2011-06-02,53.24,53.73,52.12,52.26,709300,46.91
2011-06-01,54.00,54.32,52.81,53.26,1567500,47.81
2011-05-31,53.52,54.65,53.01,54.37,1201300,48.81
2011-05-27,53.00,53.28,52.74,52.89,771300,47.48
2011-05-26,51.73,52.88,51.53,52.78,553400,47.38
2011-05-25,51.84,52.14,51.33,51.87,952400,46.56
2011-05-24,51.67,52.21,51.67,52.00,1262300,46.68
2011-05-23,51.26,51.79,51.26,51.64,1259100,46.36
2011-05-20,52.36,52.51,51.88,52.15,1670800,46.82
2011-05-19,52.21,52.60,52.00,52.33,960100,46.98
2011-05-18,51.27,52.08,50.87,52.02,695900,46.70
2011-05-17,50.87,51.34,50.46,51.17,907800,45.94
2011-05-16,50.80,51.88,50.52,51.06,752900,45.84
2011-05-13,51.47,51.65,50.63,50.66,797600,45.48
2011-05-12,51.31,51.72,50.97,51.33,866000,46.08
2011-05-11,52.14,52.14,51.29,51.60,1031500,46.32
2011-05-10,51.25,52.21,51.08,52.17,923700,46.83
2011-05-09,49.99,51.11,49.67,51.08,886900,45.86
2011-05-06,51.31,51.57,49.74,49.97,895400,44.86
2011-05-05,50.54,51.66,49.88,50.79,882900,45.15
2011-05-04,51.65,51.74,50.63,50.67,796300,45.04
2011-05-03,52.63,53.21,51.02,51.70,832900,45.96
2011-05-02,53.00,53.49,52.24,52.77,733300,46.91
2011-04-29,52.86,52.96,51.85,52.82,987000,46.95
2011-04-28,51.79,52.97,51.76,52.66,896400,46.81
2011-04-27,51.70,51.95,50.97,51.87,830500,46.11
2011-04-26,50.88,51.63,50.50,51.56,821700,45.83
2011-04-25,50.64,51.19,50.56,50.82,644900,45.17
2011-04-21,50.40,50.66,49.99,50.61,901900,44.99
2011-04-20,50.74,50.74,49.85,50.35,961900,44.76
2011-04-19,49.46,50.34,49.46,49.96,850800,44.41
2011-04-18,49.16,49.54,48.88,49.38,844300,43.89
2011-04-15,49.23,49.91,49.04,49.88,870200,44.34
2011-04-14,47.76,49.20,47.56,49.14,1044300,43.68
2011-04-13,48.24,48.41,47.90,48.13,782200,42.78
2011-04-12,47.40,48.09,47.40,47.95,1158600,42.62
2011-04-11,47.66,48.31,47.32,47.65,720600,42.36
2011-04-08,48.38,48.52,47.40,47.67,717000,42.37
2011-04-07,48.74,48.79,47.73,47.99,940400,42.66
2011-04-06,49.27,49.29,48.53,48.93,516100,43.49
2011-04-05,48.56,49.39,48.35,48.96,705300,43.52
2011-04-04,49.14,49.42,48.19,48.48,991800,43.09
2011-04-01,49.74,50.21,48.77,49.11,815100,43.65
2011-03-31,48.73,49.54,48.71,49.53,993500,44.03
2011-03-30,48.10,49.05,47.91,48.89,810000,43.46
2011-03-29,47.63,48.00,46.82,47.74,763000,42.44
2011-03-28,48.13,48.17,47.61,47.72,520700,42.42
2011-03-25,47.61,48.54,47.15,48.01,576300,42.68
2011-03-24,47.27,47.62,46.44,47.49,773300,42.21
2011-03-23,47.83,47.85,46.76,47.06,1197800,41.83
2011-03-22,48.84,48.93,47.72,47.89,468900,42.57
2011-03-21,48.51,49.04,48.30,48.83,720700,43.40
2011-03-18,47.30,48.33,46.85,47.87,1484900,42.55
2011-03-17,47.30,47.65,46.52,46.84,867400,41.64
2011-03-16,46.88,46.90,46.01,46.46,1417700,41.30
2011-03-15,45.88,47.91,45.69,47.41,934200,42.14
2011-03-14,47.85,48.01,47.14,47.25,740800,42.00
2011-03-11,47.07,48.33,46.99,48.24,560400,42.88
2011-03-10,47.11,47.71,46.83,47.37,828400,42.11
2011-03-09,47.99,48.27,47.46,47.79,1125200,42.48
2011-03-08,47.84,48.29,47.05,47.98,1856000,42.65
2011-03-07,48.70,48.83,47.25,47.61,1588500,42.32
2011-03-04,49.30,49.58,48.16,48.36,1022800,42.99
2011-03-03,49.01,49.77,48.97,49.37,878800,43.88
2011-03-02,48.70,49.07,47.93,48.56,881200,43.16
2011-03-01,50.64,50.80,48.59,48.73,1264000,43.32
2011-02-28,49.03,50.78,48.96,50.64,1532100,45.01
2011-02-25,47.45,48.64,47.21,48.62,1038200,43.22
2011-02-24,47.77,47.86,46.44,47.06,1055900,41.83
2011-02-23,48.58,48.76,47.43,47.75,1075500,42.44
2011-02-22,48.78,49.38,48.32,48.53,671100,43.14
2011-02-18,49.63,49.75,49.03,49.27,596900,43.80
2011-02-17,49.45,49.85,49.11,49.51,426400,44.01
2011-02-16,49.75,50.28,49.40,49.77,638300,43.80
2011-02-15,48.86,49.77,48.74,49.50,579100,43.56
2011-02-14,49.47,49.50,48.77,49.28,480700,43.36
2011-02-11,48.61,49.44,48.40,49.37,767800,43.44
2011-02-10,48.43,49.08,48.33,48.80,1068500,42.94
2011-02-09,48.52,48.98,48.27,48.75,1002900,42.90
2011-02-08,48.59,49.49,48.59,48.73,982200,42.88
2011-02-07,48.52,49.20,48.31,48.79,915600,42.93
2011-02-04,49.06,49.06,48.21,48.39,569900,42.58
2011-02-03,48.25,49.07,48.04,48.92,744400,43.05
2011-02-02,48.29,48.67,48.01,48.15,1135400,42.37
2011-02-01,49.09,49.16,48.29,48.54,1073200,42.71
2011-01-31,48.09,48.93,48.09,48.66,1207400,42.82
2011-01-28,48.84,49.16,47.89,47.91,1184600,42.16
2011-01-27,48.15,49.05,48.08,48.94,1157600,43.06
2011-01-26,47.21,47.87,46.69,47.63,1122900,41.91
2011-01-25,45.95,47.03,45.86,47.00,1141600,41.36
2011-01-24,46.39,46.82,46.19,46.34,963200,40.78
2011-01-21,46.74,46.97,46.21,46.31,1038000,40.75
2011-01-20,46.30,47.12,46.28,46.42,1180100,40.85
2011-01-19,47.73,47.98,46.30,46.60,952500,41.01
2011-01-18,47.28,48.02,46.82,47.97,1389100,42.21
2011-01-14,46.72,47.32,46.58,47.14,937900,41.48
2011-01-13,46.88,47.50,46.48,46.93,818800,41.30
2011-01-12,47.28,47.46,46.20,46.79,1030700,41.17
2011-01-11,47.05,47.25,46.04,46.80,761800,41.18
2011-01-10,46.21,47.17,45.98,46.84,904500,41.22
2011-01-07,46.59,47.08,45.98,46.43,1091600,40.86
2011-01-06,47.35,47.49,46.26,46.30,1333100,40.74
2011-01-05,46.94,47.74,46.94,47.23,1143700,41.56
2011-01-04,48.27,48.59,46.74,47.08,1608800,41.43
2011-01-03,47.76,48.39,47.60,48.06,1102100,42.29
2010-12-31,47.39,47.59,47.11,47.37,972400,41.68
2010-12-30,47.30,47.68,47.13,47.52,569500,41.82
2010-12-29,46.76,47.46,46.39,47.16,1170800,41.50
2010-12-28,46.63,47.04,46.21,46.72,620500,41.11
2010-12-27,45.62,46.62,45.51,46.62,795100,41.02
2010-12-23,46.46,46.51,45.65,45.69,776900,40.20
2010-12-22,46.53,46.88,46.16,46.31,1189900,40.75
2010-12-21,46.02,46.98,45.63,46.35,1435700,40.79
2010-12-20,45.94,46.05,45.25,45.71,1500400,40.22
2010-12-17,43.82,45.20,43.50,45.10,2505500,39.69
2010-12-16,43.63,44.10,43.08,43.61,1617000,38.37
2010-12-15,44.05,44.56,43.46,43.48,1397200,38.26
2010-12-14,45.00,45.43,43.69,44.14,1594200,38.84
2010-12-13,45.29,45.54,44.83,45.00,1331000,39.60
2010-12-10,44.75,45.23,44.63,44.94,1781300,39.55
2010-12-09,46.10,46.18,44.55,44.63,2032600,39.27
2010-12-08,47.27,47.51,45.40,45.75,2237300,40.26
2010-12-07,48.51,48.63,46.93,47.18,1712300,41.52
2010-12-06,48.06,48.37,47.24,47.96,1152800,42.20
2010-12-03,47.52,48.33,47.32,48.24,1363200,42.45
2010-12-02,46.81,47.81,46.36,47.80,1727600,42.06
2010-12-01,47.07,47.14,45.96,46.67,1833800,41.07
2010-11-30,46.35,47.21,46.11,46.34,2142000,40.78
2010-11-29,46.00,46.98,45.85,46.88,1332000,41.25
2010-11-26,45.66,46.64,45.65,46.32,595000,40.76
2010-11-24,45.34,46.13,45.04,46.12,965200,40.58
2010-11-23,44.67,45.24,44.51,44.77,1265600,39.40
2010-11-22,44.97,45.61,44.89,45.31,1241400,39.87
2010-11-19,44.89,45.32,44.00,45.20,1002800,39.77
2010-11-18,44.36,45.22,44.28,44.91,1522200,39.52
2010-11-17,43.44,43.83,43.23,43.63,1129900,38.39
2010-11-16,45.10,45.10,42.67,43.12,1823400,37.94
2010-11-15,46.22,46.22,45.35,45.37,1196300,39.92
2010-11-12,46.44,46.77,45.57,45.73,1594900,40.24
2010-11-11,46.48,47.34,46.35,46.77,1572100,41.16
2010-11-10,46.35,47.00,45.88,46.91,1209700,41.28
2010-11-09,48.97,49.36,45.81,46.27,1754400,40.72
2010-11-08,49.06,49.75,48.39,49.00,1066200,42.68
2010-11-05,48.89,49.86,48.71,49.40,1732800,43.03
2010-11-04,46.87,49.32,46.75,49.03,2846800,42.70
2010-11-03,45.65,46.74,45.60,46.18,2061100,40.22
2010-11-02,45.88,45.89,45.19,45.73,1340600,39.83
2010-11-01,44.84,45.87,44.67,45.35,1203100,39.50
2010-10-29,43.63,44.82,43.58,44.58,1012000,38.83
2010-10-28,44.37,44.66,43.17,43.74,632200,38.10
2010-10-27,44.00,44.62,43.53,44.03,1106600,38.35
2010-10-26,44.60,44.90,44.14,44.33,821800,38.61
2010-10-25,45.08,45.59,44.93,45.00,695300,39.19
2010-10-22,45.08,45.08,44.43,44.63,627400,38.87
2010-10-21,45.19,45.86,43.85,44.93,604000,39.13
2010-10-20,43.99,45.41,43.85,44.99,1000800,39.19
2010-10-19,43.86,44.58,43.47,43.85,1130500,38.19
2010-10-18,43.52,44.53,43.34,44.44,1233700,38.71
2010-10-15,43.92,43.94,43.15,43.45,1013400,37.84
2010-10-14,44.35,44.47,43.17,43.50,1502000,37.89
2010-10-13,44.54,44.97,44.25,44.52,1249000,38.78
2010-10-12,43.50,44.19,43.22,44.10,1019600,38.41
2010-10-11,43.70,43.91,43.34,43.56,1141700,37.94
2010-10-08,43.68,43.83,43.36,43.64,1173400,38.01
2010-10-07,44.11,44.11,43.41,43.63,1134000,38.00
2010-10-06,44.69,44.75,43.47,43.82,1399700,38.17
2010-10-05,44.93,45.13,44.07,44.84,1110300,39.05
2010-10-04,43.53,44.55,43.53,44.55,1258200,38.80
2010-10-01,43.17,43.91,42.71,43.87,1489700,38.21
2010-09-30,42.73,43.20,41.80,42.95,2487200,37.41
2010-09-29,42.81,42.85,42.23,42.42,940800,36.95
2010-09-28,42.69,43.29,42.09,42.95,1085800,37.41
2010-09-27,43.28,43.37,42.51,42.91,811800,37.37
2010-09-24,42.82,43.44,42.64,43.27,1277900,37.69
2010-09-23,43.28,43.68,41.75,42.08,1365400,36.65
2010-09-22,44.86,45.15,43.68,43.87,1042700,38.21
2010-09-21,45.10,45.63,44.75,45.01,1542100,39.20
2010-09-20,43.65,45.50,43.40,45.12,1622600,39.30
2010-09-17,43.32,43.39,42.70,43.34,1109900,37.75
2010-09-16,43.11,43.76,42.91,43.03,758400,37.48
2010-09-15,42.94,43.65,42.62,43.28,880900,37.70
2010-09-14,42.88,43.51,42.55,43.05,1300900,37.50
2010-09-13,42.86,43.29,42.59,43.00,1265300,37.45
2010-09-10,42.50,42.56,42.02,42.21,964800,36.76
2010-09-09,43.73,43.91,42.13,42.34,749000,36.88
2010-09-08,42.92,43.46,42.81,42.91,775200,37.37
2010-09-07,43.61,43.76,42.62,42.67,1203700,37.16
2010-09-03,44.00,44.46,43.49,44.00,1333900,38.32
2010-09-02,43.33,43.92,42.68,43.62,2039400,37.99
2010-09-01,42.21,43.51,41.87,43.24,2390800,37.66
2010-08-31,40.26,41.49,39.95,41.41,1744000,36.07
2010-08-30,40.64,41.32,40.27,40.32,1143200,35.12
2010-08-27,40.43,40.85,39.06,40.81,1051200,35.54
2010-08-26,40.20,40.48,39.54,39.97,1208700,34.81
2010-08-25,38.93,40.11,38.85,39.96,1047900,34.80
2010-08-24,38.68,39.79,38.39,39.36,826000,34.28
2010-08-23,40.02,40.15,39.31,39.46,745100,34.37
2010-08-20,39.70,39.99,39.29,39.79,790200,34.66
2010-08-19,40.56,40.65,39.65,39.86,1745200,34.72
2010-08-18,40.63,40.91,39.69,40.66,1466300,35.41
2010-08-17,39.64,41.25,39.30,40.82,1503700,35.12
2010-08-16,39.00,39.56,38.56,39.07,1506600,33.61
2010-08-13,39.26,39.90,38.91,39.29,1314400,33.80
2010-08-12,39.07,39.81,38.69,39.35,1884300,33.85
2010-08-11,40.28,41.12,39.26,39.79,1850200,34.23
2010-08-10,41.61,42.08,40.88,41.41,1659700,35.63
2010-08-09,42.04,42.67,41.23,41.75,1780500,35.92
2010-08-06,40.71,41.81,40.54,41.73,1250200,35.90
2010-08-05,41.65,42.39,41.35,41.39,1363000,35.61
2010-08-04,42.60,42.69,41.79,42.19,1726100,36.30
2010-08-03,43.04,43.13,42.18,42.31,1391100,36.40
2010-08-02,42.36,43.66,41.93,43.32,1765400,37.27
2010-07-30,40.20,41.68,39.99,41.45,1302400,35.66
2010-07-29,41.42,41.53,40.28,41.04,1054300,35.31
2010-07-28,40.52,41.65,40.41,40.95,1231000,35.23
2010-07-27,41.75,42.12,40.32,40.67,1223200,34.99
2010-07-26,40.21,41.89,39.97,41.39,1588300,35.61
2010-07-23,39.23,40.17,38.45,40.12,1604800,34.52
2010-07-22,38.80,39.88,38.46,39.57,1934600,34.04
2010-07-21,39.48,39.62,37.86,38.09,1699100,32.77
2010-07-20,37.91,39.37,37.64,39.06,1863900,33.60
2010-07-19,37.51,38.97,37.21,38.64,1488600,33.24
2010-07-16,39.11,39.11,37.03,37.51,2183800,32.27
2010-07-15,39.60,39.68,38.38,39.40,938000,33.90
2010-07-14,39.65,40.43,39.15,39.67,1312700,34.13
2010-07-13,39.76,40.50,39.45,40.00,1704900,34.41
2010-07-12,39.35,39.46,38.59,39.08,1133100,33.62
2010-07-09,38.80,39.62,38.65,39.58,1000800,34.05
2010-07-08,39.27,39.66,37.98,38.92,1772300,33.48
2010-07-07,35.95,38.73,35.94,38.69,2296400,33.29
2010-07-06,37.49,37.93,35.50,35.95,2406400,30.93
2010-07-02,37.59,37.68,36.34,36.59,1660500,31.48
2010-07-01,37.27,37.52,35.74,37.21,2039200,32.01
2010-06-30,37.22,38.60,37.13,37.32,1954300,32.11
2010-06-29,38.37,38.49,36.87,37.24,2006100,32.04
2010-06-28,40.47,40.47,39.20,39.33,1156000,33.84
2010-06-25,39.25,40.57,38.77,40.27,1865000,34.64
2010-06-24,40.04,40.40,38.75,38.95,1856600,33.51
2010-06-23,40.34,41.02,39.37,40.37,1311400,34.73
2010-06-22,42.56,42.90,40.49,40.52,1586300,34.86
2010-06-21,43.65,43.83,41.97,42.27,1520200,36.37
2010-06-18,42.74,43.07,41.77,42.91,2168500,36.92
2010-06-17,42.33,42.53,41.38,42.05,1269200,36.18
2010-06-16,42.92,43.12,41.75,42.06,1507900,36.18
2010-06-15,41.91,43.38,41.67,43.22,1242100,37.18
2010-06-14,41.54,42.31,41.00,41.61,1542600,35.80
2010-06-11,39.22,41.05,38.92,40.96,1761000,35.24
2010-06-10,39.28,40.30,38.78,39.94,2676900,34.36
2010-06-09,38.13,39.33,37.84,38.30,2643900,32.95
2010-06-08,37.05,37.74,35.82,37.60,2160600,32.35
2010-06-07,38.00,38.75,36.89,36.99,2492400,31.82
2010-06-04,39.05,39.87,37.57,37.81,2699000,32.53
2010-06-03,40.31,40.82,39.50,40.29,2019400,34.66
2010-06-02,40.37,40.54,39.18,40.35,2548400,34.71
2010-06-01,40.63,41.65,39.76,39.93,1853900,34.35
2010-05-28,41.46,42.33,40.88,41.36,2007600,35.58
2010-05-27,40.74,41.56,39.62,41.43,3058800,35.64
2010-05-26,39.60,40.74,38.77,39.25,6906600,33.77
2010-05-25,38.55,39.20,37.71,38.97,4674200,33.53
2010-05-24,40.25,41.34,39.84,40.15,2167500,34.54
2010-05-21,38.54,40.72,37.88,40.33,2824800,34.70
2010-05-20,40.16,40.92,39.03,39.48,2934900,33.96
2010-05-19,42.00,42.91,40.21,41.54,2091100,35.74
2010-05-18,44.39,44.48,41.75,42.37,1955100,36.45
2010-05-17,43.59,44.59,41.80,43.54,1986100,37.46
2010-05-14,43.76,44.13,42.75,43.31,2223300,37.26
2010-05-13,45.40,45.73,44.02,44.34,2006600,38.15
2010-05-12,44.81,46.09,44.66,45.49,2257000,39.14
2010-05-11,43.15,45.20,42.80,44.38,1917300,38.18
2010-05-10,43.12,44.18,42.84,44.12,3167400,37.96
2010-05-07,41.47,42.81,39.76,40.75,4243400,35.06
2010-05-06,43.16,43.83,37.94,41.60,3564300,35.79
2010-05-05,42.94,44.55,42.36,44.12,2677400,37.53
2010-05-04,45.26,45.26,43.95,44.45,3492700,37.81
2010-05-03,45.19,47.19,44.89,46.50,2072100,39.55
2010-04-30,45.60,46.71,44.21,44.71,3752900,38.03
2010-04-29,44.17,46.10,44.12,45.61,2780500,38.79
2010-04-28,43.74,43.94,42.86,43.52,2019400,37.02
2010-04-27,44.89,45.56,43.14,43.18,2674500,36.73
2010-04-26,44.96,45.73,44.83,45.49,2715100,38.69
2010-04-23,43.32,45.28,42.59,45.00,6151200,38.27
2010-04-22,41.49,43.24,41.47,43.24,3532400,36.78
2010-04-21,40.74,41.99,40.74,41.83,2423800,35.58
2010-04-20,40.41,40.99,40.00,40.74,1859000,34.65
2010-04-19,39.47,40.70,39.31,40.14,2676300,34.14
2010-04-16,40.76,41.05,39.62,39.83,5965100,33.88
2010-04-15,40.93,40.98,40.00,40.90,28270100,34.79
2010-04-14,44.03,44.09,43.15,43.73,1399800,37.19
2010-04-13,41.77,43.64,41.68,43.51,2482100,37.01
2010-04-12,42.00,42.31,41.42,41.90,1648700,35.64
2010-04-09,41.05,42.18,40.95,41.99,1857400,35.71
2010-04-08,40.22,40.71,40.01,40.29,1213200,34.27
2010-04-07,42.26,42.50,40.19,40.47,1516300,34.42
2010-04-06,40.09,42.64,39.94,42.47,2537300,36.12
2010-04-05,39.06,40.53,38.94,40.43,1088000,34.39
2010-04-01,38.67,38.92,38.17,38.77,942400,32.98
2010-03-31,38.80,39.08,38.08,38.31,1241500,32.58
2010-03-30,39.80,39.80,38.71,38.92,736800,33.10
2010-03-29,39.38,40.08,39.17,39.63,1060200,33.71
2010-03-26,39.90,40.50,39.17,39.28,1206800,33.41
2010-03-25,39.69,40.79,39.55,39.61,1436600,33.69
2010-03-24,39.00,39.46,38.98,39.20,3124400,33.34
2010-03-23,40.09,40.09,39.01,39.26,1592200,33.39
2010-03-22,39.15,40.31,38.95,40.02,1265500,34.04
2010-03-19,39.40,40.17,39.22,39.40,1511300,33.51
2010-03-18,40.74,41.05,40.04,40.08,1472100,34.09
2010-03-17,41.18,41.34,40.64,41.07,1470100,34.93
2010-03-16,39.16,41.20,39.02,40.95,2930300,34.83
2010-03-15,39.17,39.35,38.26,39.11,1081100,33.27
2010-03-12,38.91,39.60,38.40,39.19,1088800,33.33
2010-03-11,38.28,38.73,37.65,38.61,1930500,32.84
2010-03-10,38.67,38.99,38.04,38.14,1605800,32.44
2010-03-09,38.51,39.61,38.27,38.60,1776000,32.83
2010-03-08,38.35,38.98,38.06,38.81,1118100,33.01
2010-03-05,36.66,38.85,36.66,38.58,2319600,32.81
2010-03-04,36.35,36.70,36.17,36.44,1351700,30.99
2010-03-03,36.92,37.28,36.24,36.30,1105100,30.88
2010-03-02,36.12,36.94,36.12,36.79,2296400,31.29
2010-03-01,35.90,36.02,35.47,35.93,1115200,30.56
2010-02-26,35.82,36.06,35.09,35.64,1329200,30.31
2010-02-25,34.37,35.98,34.26,35.87,1658000,30.51
2010-02-24,33.80,35.24,33.50,35.10,2642100,29.85
2010-02-23,33.24,33.98,33.14,33.67,2114600,28.64
2010-02-22,33.85,33.90,33.30,33.37,1576000,28.38
2010-02-19,34.04,34.29,33.56,33.64,1761800,28.61
2010-02-18,33.41,34.31,33.12,34.06,2456700,28.97
2010-02-17,32.01,33.88,32.01,33.68,2907500,28.65
2010-02-16,31.25,32.07,30.95,32.00,2111200,27.22
2010-02-12,29.73,31.02,29.42,30.85,2402100,26.24
2010-02-11,29.75,30.11,29.30,29.97,2445200,25.49
2010-02-10,30.42,31.21,30.03,30.57,1745900,25.95
2010-02-09,31.16,31.18,30.18,30.50,2653000,25.89
2010-02-08,31.12,31.49,30.58,30.58,1750000,25.96
2010-02-05,30.30,31.37,30.17,31.31,2322900,26.58
2010-02-04,30.86,31.01,30.16,30.17,2672400,25.61
2010-02-03,31.75,31.92,30.78,31.28,1220100,26.55
2010-02-02,31.70,32.66,31.19,32.00,2436900,27.16
2010-02-01,31.11,31.71,30.99,31.45,1600800,26.70
2010-01-29,31.36,31.85,30.27,30.85,2141100,26.19
2010-01-28,32.10,32.13,30.70,31.09,1367800,26.39
2010-01-27,31.22,32.09,30.76,31.94,1798500,27.11
2010-01-26,32.20,32.57,31.32,31.37,1480500,26.63
2010-01-25,32.17,32.47,31.18,32.40,1368400,27.50
2010-01-22,32.32,33.04,31.44,31.55,1868900,26.78
2010-01-21,33.90,34.00,32.27,32.38,2137500,27.49
2010-01-20,33.67,34.35,33.50,33.70,2116100,28.61
2010-01-19,32.79,34.32,32.78,34.14,1765100,28.98
2010-01-15,33.18,33.31,32.66,32.78,1367200,27.83
2010-01-14,32.83,33.47,32.38,33.27,1555100,28.24
2010-01-13,32.26,33.11,31.97,32.99,1559000,28.00
2010-01-12,32.50,32.97,31.94,32.23,1709900,27.36
2010-01-11,33.33,33.50,32.80,32.93,1460000,27.95
2010-01-08,33.59,33.59,32.26,32.84,2171300,27.88
2010-01-07,33.38,33.69,32.64,33.47,2887600,28.41
2010-01-06,34.51,34.86,33.20,33.34,2776000,28.30
2010-01-05,34.53,34.75,34.08,34.43,2701000,29.23
2010-01-04,36.38,37.11,34.47,34.84,2642400,29.58
2009-12-31,35.84,36.70,35.31,35.95,2274900,30.52
2009-12-30,36.26,36.30,35.31,35.81,2205500,30.40
2009-12-29,37.69,38.05,36.26,36.39,2181100,30.89
2009-12-28,37.04,38.22,36.99,37.62,2064700,31.94
2009-12-24,36.40,37.10,36.34,37.00,832500,31.41
2009-12-23,34.21,38.07,34.21,36.50,6157500,30.98
2009-12-22,33.49,34.29,33.42,34.27,1907700,29.09
2009-12-21,32.90,33.48,32.85,33.40,1776800,28.35
2009-12-18,32.15,33.00,32.10,32.89,3396800,27.92
2009-12-17,31.57,32.29,31.32,32.15,1932000,27.29
2009-12-16,32.03,32.24,31.71,31.94,1407900,27.11
2009-12-15,31.74,32.20,31.26,31.70,1136600,26.91
2009-12-14,31.29,32.10,30.88,31.97,1946600,27.14
2009-12-11,30.64,31.28,30.10,31.21,1141800,26.49
2009-12-10,30.09,30.32,29.71,30.23,1524600,25.66
2009-12-09,29.66,30.16,29.11,29.87,1379500,25.36
2009-12-08,29.46,30.08,29.26,29.66,1469800,25.18
2009-12-07,30.19,30.61,29.54,29.67,1780500,25.19
2009-12-04,30.55,31.33,29.70,30.34,2729200,25.76
2009-12-03,30.09,30.89,29.69,29.84,2721800,25.33
2009-12-02,30.04,30.34,29.53,29.89,2960500,25.37
2009-12-01,30.00,30.15,29.38,29.90,1973100,25.38
2009-11-30,28.51,29.95,28.07,29.76,3209800,25.26
2009-11-27,28.61,28.87,28.13,28.44,881800,24.14
2009-11-25,29.96,30.38,29.13,29.38,1689800,24.94
2009-11-24,29.81,29.94,29.47,29.69,1884200,25.20
2009-11-23,30.76,31.45,29.63,29.90,2479800,25.38
2009-11-20,30.40,30.58,29.85,30.02,1961100,25.48
2009-11-19,31.56,31.60,30.49,30.63,2201500,26.00
2009-11-18,31.94,32.35,31.63,32.00,2789500,27.16
2009-11-17,32.29,33.02,31.80,31.85,1450800,27.04
2009-11-16,32.77,33.09,32.13,32.60,2021100,27.67
2009-11-13,32.69,32.94,32.24,32.50,1550600,27.59
2009-11-12,32.54,33.26,32.32,32.50,2037800,27.59
2009-11-11,31.74,32.68,31.53,32.58,1941500,27.66
2009-11-10,31.60,31.96,31.07,31.25,1771900,26.53
2009-11-09,30.13,31.88,30.04,31.85,1937400,27.04
2009-11-06,30.50,30.83,29.62,29.99,1656900,25.41
2009-11-05,30.52,31.30,29.46,30.91,1980100,26.19
2009-11-04,31.17,31.35,29.77,29.79,3008100,25.24
2009-11-03,29.14,30.59,28.65,30.54,2392600,25.87
2009-11-02,29.72,30.39,28.16,29.53,2612700,25.02
2009-10-30,29.23,30.00,28.33,29.80,4837500,25.25
2009-10-29,28.08,29.66,28.08,29.57,3425500,25.05
2009-10-28,29.71,30.35,27.98,28.08,3343500,23.79
2009-10-27,30.79,30.87,29.63,29.76,2189000,25.21
2009-10-26,31.18,31.94,30.47,30.62,2527400,25.94
2009-10-23,31.36,31.53,30.67,31.02,2607500,26.28
2009-10-22,30.35,31.09,29.50,31.06,8754900,26.31
2009-10-21,29.25,30.84,29.25,29.81,2239400,25.25
2009-10-20,29.55,29.69,28.78,29.47,2235700,24.97
2009-10-19,29.26,29.68,28.87,29.55,1476000,25.03
2009-10-16,29.58,29.85,28.72,29.16,1683100,24.70
2009-10-15,29.87,30.34,29.57,30.02,1531200,25.43
2009-10-14,29.63,30.23,29.28,29.84,2369700,25.28
2009-10-13,28.73,29.48,28.24,29.04,1918500,24.60
2009-10-12,30.18,30.50,29.51,29.96,1575000,25.38
2009-10-09,29.91,30.55,29.40,29.99,1808100,25.41
2009-10-08,28.86,30.20,28.72,30.11,2484800,25.51
2009-10-07,28.26,28.76,27.73,28.45,1301000,24.10
2009-10-06,29.45,30.15,28.17,28.48,2118400,24.13
2009-10-05,28.05,29.34,27.89,28.87,2098600,24.46
2009-10-02,27.31,29.09,26.67,27.88,3673800,23.62
2009-10-01,29.85,30.47,27.76,27.92,3616500,23.65
2009-09-30,31.22,31.47,29.62,30.33,2860100,25.70
2009-09-29,32.28,32.28,30.77,31.05,2187500,26.31
2009-09-28,30.71,31.94,30.71,31.90,2613100,27.03
2009-09-25,30.32,31.78,29.75,30.52,3124800,25.86
2009-09-24,33.62,33.62,30.03,30.55,4077600,25.88
2009-09-23,34.50,35.07,32.75,32.84,3139100,27.82
2009-09-22,33.74,35.60,33.10,35.35,3328600,29.95
2009-09-21,32.95,34.35,32.62,33.09,2128200,28.03
2009-09-18,33.36,34.41,32.62,33.69,2819600,28.54
2009-09-17,33.07,35.51,31.64,33.09,4210300,28.03
2009-09-16,31.22,33.22,31.04,33.19,2971500,28.12
2009-09-15,31.20,31.88,30.43,30.85,2745900,26.14
2009-09-14,29.10,31.14,28.77,31.01,2250700,26.27
2009-09-11,29.04,29.84,28.71,29.45,2274500,24.95
2009-09-10,28.13,29.11,27.52,29.01,2065900,24.58
2009-09-09,26.98,28.50,26.75,28.09,1655700,23.80
2009-09-08,26.54,27.58,26.29,27.05,2180900,22.92
2009-09-04,26.09,26.34,25.35,26.18,1372900,22.18
2009-09-03,25.77,26.26,24.89,26.15,3644900,22.15
2009-09-02,26.30,26.42,25.39,25.43,2426700,21.54
2009-09-01,28.49,28.57,26.23,26.32,3199100,22.30
2009-08-31,29.40,29.55,28.34,28.66,3217100,24.28
2009-08-28,28.90,30.22,28.75,30.04,3189300,25.45
2009-08-27,27.30,28.57,26.69,28.49,2420700,24.14
2009-08-26,26.73,27.34,25.95,27.33,2499500,23.15
2009-08-25,26.03,26.82,25.79,26.61,1671100,22.54
2009-08-24,25.95,26.87,25.62,25.83,1954700,21.88
2009-08-21,25.29,26.56,25.15,25.72,2146300,21.79
2009-08-20,23.70,25.04,23.67,24.96,2408900,21.15
2009-08-19,23.70,24.00,23.12,23.56,2306000,19.96
2009-08-18,24.59,25.06,24.10,24.64,2007700,20.87
2009-08-17,25.39,25.72,24.14,24.35,2151700,20.63
2009-08-14,26.70,26.74,25.45,26.33,1673900,22.31
2009-08-13,26.99,26.99,25.82,26.64,2185400,22.57
2009-08-12,26.69,27.06,26.20,26.40,2677500,22.37
2009-08-11,26.90,27.48,25.84,26.69,2691600,22.61
2009-08-10,27.03,28.37,26.74,27.66,5148400,23.43
2009-08-07,25.71,28.03,25.07,27.40,4527200,23.16
2009-08-06,23.60,26.03,23.59,25.08,6474200,21.20
2009-08-05,21.46,23.80,20.97,23.25,3934800,19.65
2009-08-04,19.90,22.16,19.54,21.45,5134200,18.13
2009-08-03,19.88,20.08,19.38,20.04,2477100,16.94
2009-07-31,19.55,20.05,19.51,19.67,2946500,16.63
2009-07-30,18.96,20.04,18.95,19.33,2518500,16.34
2009-07-29,18.65,19.18,18.50,18.75,957300,15.85
2009-07-28,18.74,19.10,18.25,18.96,1434600,16.03
2009-07-27,18.55,19.05,18.11,19.02,1997600,16.08
2009-07-24,18.39,18.98,17.99,18.93,1798900,16.00
2009-07-23,17.50,19.05,17.16,18.75,3082700,15.85
2009-07-22,17.22,18.00,16.83,17.25,2668900,14.58
2009-07-21,18.26,18.49,17.12,17.40,2845900,14.71
2009-07-20,17.27,18.36,17.20,18.23,2436500,15.41
2009-07-17,17.68,17.90,16.57,17.13,2803600,14.48
2009-07-16,17.29,18.03,16.86,17.74,1452600,15.00
2009-07-15,16.99,17.84,16.60,17.43,2686700,14.73
2009-07-14,15.92,16.50,15.53,16.43,1849200,13.89
2009-07-13,15.02,16.12,14.75,16.03,2533200,13.55
2009-07-10,14.73,15.11,14.46,14.96,2395500,12.65
2009-07-09,15.91,15.91,14.75,14.82,2852500,12.53
2009-07-08,15.97,16.20,15.00,15.44,2786700,13.05
2009-07-07,17.49,17.58,15.80,15.87,3417800,13.42
2009-07-06,17.00,18.02,16.90,17.50,3724600,14.79
2009-07-02,17.63,17.81,17.00,17.00,2279600,14.37
2009-07-01,17.67,18.19,17.67,17.94,1587100,15.17
2009-06-30,17.55,17.65,17.01,17.61,1850100,14.89
2009-06-29,17.69,17.87,16.89,17.40,1524100,14.71
2009-06-26,16.94,17.80,16.72,17.61,2647100,14.89
2009-06-25,16.87,16.95,16.32,16.70,1763100,14.12
2009-06-24,16.73,17.44,16.60,16.89,1682000,14.28
2009-06-23,17.17,17.46,16.28,16.64,1930300,14.07
2009-06-22,17.97,18.15,17.03,17.09,2876300,14.45
2009-06-19,17.85,18.47,17.66,18.44,1908700,15.59
2009-06-18,17.51,17.65,16.92,17.53,2364100,14.82
2009-06-17,17.78,18.18,16.91,17.27,2364400,14.60
2009-06-16,18.22,18.91,17.80,17.95,2318000,15.17
2009-06-15,19.20,19.29,17.96,18.13,2985400,15.33
2009-06-12,19.57,19.86,19.32,19.62,2696300,16.59
2009-06-11,20.38,20.61,19.39,19.64,1879200,16.60
2009-06-10,20.79,21.57,19.66,20.22,3038800,17.09
2009-06-09,20.77,20.98,20.42,20.53,1760200,17.35
2009-06-08,20.34,21.12,20.04,20.73,2473000,17.52
2009-06-05,21.33,21.81,20.56,20.71,3478200,17.51
2009-06-04,18.05,21.78,18.00,21.17,8431200,17.90
2009-06-03,17.13,17.98,16.75,17.84,2938100,15.08
2009-06-02,17.81,18.16,17.08,17.36,2798200,14.67
2009-06-01,17.29,18.61,17.01,17.80,4020600,15.05
2009-05-29,17.00,17.06,16.20,16.88,3804200,14.27
2009-05-28,16.50,16.93,15.79,16.82,2471900,14.22
2009-05-27,16.90,17.07,15.90,16.12,3073700,13.63
2009-05-26,15.86,17.42,15.51,16.82,3356700,14.22
2009-05-22,16.94,17.18,15.88,15.96,1807000,13.49
2009-05-21,17.24,17.25,16.17,16.85,2815500,14.24
2009-05-20,17.34,18.49,17.20,17.44,3257000,14.74
2009-05-19,16.73,17.74,16.30,17.07,3050200,14.43
2009-05-18,15.82,17.55,15.59,17.25,4473200,14.58
2009-05-15,16.18,16.26,14.88,15.02,2862900,12.70
2009-05-14,15.99,16.70,15.11,15.95,3911600,13.48
2009-05-13,17.99,18.10,15.59,16.05,5086000,13.57
2009-05-12,19.94,20.66,18.10,19.12,3956400,16.16
2009-05-11,18.55,20.40,18.30,19.65,3686200,16.61
2009-05-08,18.59,19.69,17.39,19.30,3736000,16.31
2009-05-07,18.96,19.25,16.64,17.82,5817000,15.06
2009-05-06,17.35,18.75,16.02,18.67,5906000,15.73
2009-05-05,19.25,19.55,16.18,16.95,5456400,14.28
2009-05-04,17.00,19.17,16.45,19.17,5997500,16.15
2009-05-01,17.51,17.83,16.31,16.67,3849500,14.05
2009-04-30,17.49,18.18,16.79,17.53,3327000,14.77
2009-04-29,15.77,16.90,15.21,16.68,3432600,14.05
2009-04-28,14.52,15.94,14.35,15.17,3542600,12.78
2009-04-27,16.18,16.18,14.31,14.69,3426800,12.38
2009-04-24,15.87,16.57,15.18,16.28,4733200,13.72
2009-04-23,15.18,15.77,14.44,15.59,3973300,13.14
2009-04-22,14.42,16.49,13.84,15.08,4891500,12.71
2009-04-21,11.87,14.64,11.51,14.55,5978400,12.26
2009-04-20,14.94,14.94,11.89,12.38,5949600,10.43
2009-04-17,13.69,16.81,13.19,15.36,6638000,12.94
2009-04-16,13.10,14.90,11.86,13.69,6883900,11.54
2009-04-15,11.89,13.10,11.08,13.10,5085700,11.04
2009-04-14,13.00,14.19,11.56,11.90,7006600,10.03
2009-04-13,11.53,13.50,11.20,13.20,4251500,11.12
2009-04-09,10.23,12.38,10.16,12.08,6010200,10.18
2009-04-08,9.12,10.07,8.98,9.75,4036600,8.22
2009-04-07,9.53,9.78,8.95,8.95,3322000,7.54
2009-04-06,9.90,10.30,8.88,9.80,4370500,8.26
2009-04-03,8.11,11.02,8.05,9.84,10764300,8.29
2009-04-02,7.77,8.75,7.64,8.04,7016700,6.77
2009-04-01,5.95,7.55,5.95,7.31,7519600,6.16
2009-03-31,5.92,6.49,5.87,6.26,6065900,5.27
2009-03-30,5.89,6.30,5.45,5.82,5382700,4.90
2009-03-27,6.05,6.18,5.64,5.80,5762500,4.89
2009-03-26,6.93,6.94,5.98,6.29,6694300,5.30
2009-03-25,7.38,7.44,5.80,6.38,6125300,5.38
2009-03-24,7.20,7.72,6.76,6.93,4719700,5.84
2009-03-23,6.80,7.61,6.55,7.33,7151600,6.18
2009-03-20,8.16,8.17,6.19,6.19,6014100,5.22
2009-03-19,9.27,9.41,8.17,8.27,3891600,6.97
2009-03-18,8.56,9.18,7.80,9.01,4202200,7.59
2009-03-17,7.68,8.61,7.30,8.60,3041200,7.25
2009-03-16,8.74,8.74,7.63,7.67,3358800,6.46
2009-03-13,9.58,9.83,8.28,8.54,2673600,7.20
2009-03-12,8.81,9.46,8.27,9.30,4652200,7.84
2009-03-11,9.65,9.71,8.56,8.80,4035600,7.42
2009-03-10,7.77,9.94,7.41,9.58,5301800,8.07
2009-03-09,7.10,7.35,6.75,7.27,3714700,6.13
2009-03-06,8.18,8.45,6.00,7.17,6223600,6.04
2009-03-05,8.91,9.38,7.90,8.12,4099700,6.84
2009-03-04,9.21,9.98,8.80,9.46,3147400,7.97
2009-03-03,9.60,10.28,8.70,8.93,3539300,7.52
2009-03-02,11.20,11.31,8.91,9.30,3436400,7.84
2009-02-27,11.15,11.98,10.97,11.42,2444600,9.62
2009-02-26,12.68,12.68,11.48,11.54,2836700,9.72
2009-02-25,11.59,12.51,10.79,12.00,4037800,10.11
2009-02-24,10.39,11.36,9.91,11.16,3472400,9.40
2009-02-23,11.39,11.77,10.16,10.26,3159700,8.65
2009-02-20,9.90,11.62,9.90,11.20,4171000,9.44
2009-02-19,11.02,11.69,10.59,10.77,3405800,9.07
2009-02-18,11.76,11.80,10.50,10.79,3368600,9.09
2009-02-17,13.42,13.42,12.01,12.06,3767600,9.49
2009-02-13,14.19,14.71,13.51,13.54,3011800,10.65
2009-02-12,14.94,15.39,13.56,14.88,4759800,11.71
2009-02-11,16.16,16.88,14.32,15.42,5644800,12.13
2009-02-10,16.24,17.14,15.35,15.49,4568200,12.19
2009-02-09,15.19,16.62,15.09,16.43,3019300,12.93
2009-02-06,14.04,15.70,13.85,15.09,4711900,11.87
2009-02-05,13.60,14.79,13.39,13.99,2830700,11.01
2009-02-04,14.12,14.67,13.67,13.86,2977400,10.90
2009-02-03,14.71,15.50,13.80,14.11,2994100,11.10
2009-02-02,14.59,14.87,13.78,14.60,2911300,11.49
2009-01-30,15.98,16.80,14.39,14.74,4796400,11.60
2009-01-29,17.66,17.89,15.70,15.85,2872900,12.47
2009-01-28,16.55,18.25,16.55,18.03,2993600,14.18
2009-01-27,16.33,16.79,15.49,16.13,1509100,12.69
2009-01-26,15.98,16.90,15.52,16.07,2020200,12.64
2009-01-23,15.34,16.46,14.99,16.07,2329300,12.64
2009-01-22,16.70,17.20,15.56,15.91,4424200,12.52
2009-01-21,14.83,16.90,14.71,16.79,3724100,13.21
2009-01-20,16.45,16.56,14.40,14.54,4328400,11.44
2009-01-16,15.73,16.96,15.12,16.77,3282200,13.19
2009-01-15,14.84,15.45,13.48,15.24,3754100,11.99
2009-01-14,15.56,15.77,14.43,14.80,3701300,11.64
2009-01-13,15.90,16.52,15.59,16.37,3624500,12.88
2009-01-12,16.91,17.06,14.82,15.16,3333200,11.93
2009-01-09,18.98,18.98,17.01,17.26,2970900,13.58
2009-01-08,18.97,19.35,18.18,19.00,2320800,14.95
2009-01-07,19.63,20.21,18.59,19.02,2073400,14.96
2009-01-06,18.43,20.45,18.43,19.85,4154600,15.62
2009-01-05,18.18,20.02,17.86,18.29,3190800,14.39
2009-01-02,18.22,19.25,18.19,18.41,2408500,14.48
2008-12-31,17.67,18.39,17.41,18.16,2989900,14.29
2008-12-30,17.28,17.73,16.96,17.63,2112500,13.87
2008-12-29,20.33,20.47,16.58,17.16,3443800,13.50
2008-12-26,20.22,20.45,19.06,20.27,1519900,15.95
2008-12-24,21.39,21.47,19.62,19.88,2403200,15.64
2008-12-23,21.44,22.20,20.75,21.17,3235200,16.65
2008-12-22,20.82,23.64,20.53,21.44,5242100,16.87
2008-12-19,18.69,21.58,18.69,20.84,3856700,16.40
2008-12-18,20.42,20.50,17.94,18.55,5630700,14.59
2008-12-17,17.18,21.73,16.77,19.55,7654100,15.38
2008-12-16,14.50,17.63,14.43,17.63,4979000,13.87
2008-12-15,14.32,15.59,13.68,14.35,5206000,11.29
2008-12-12,11.34,15.18,11.00,14.29,6331100,11.24
2008-12-11,14.00,14.25,11.57,11.81,5467300,9.29
2008-12-10,13.18,14.55,13.01,14.45,3494200,11.37
2008-12-09,13.93,14.97,12.69,12.97,4955700,10.20
2008-12-08,11.55,14.34,11.15,13.98,7455800,11.00
2008-12-05,9.65,11.13,9.65,10.93,5596700,8.60
2008-12-04,10.73,11.79,9.90,10.04,5640000,7.90
2008-12-03,9.86,10.87,9.69,10.81,6169800,8.50
2008-12-02,10.02,10.95,9.50,10.49,9436500,8.25
2008-12-01,13.24,13.24,9.66,9.85,5025800,7.75
2008-11-28,12.97,13.70,12.42,13.46,2666200,10.59
2008-11-26,11.50,12.98,10.85,12.94,5391200,10.18
2008-11-25,12.12,12.21,10.90,11.90,7600300,9.36
2008-11-24,10.93,13.11,10.31,11.89,7228200,9.35
2008-11-21,10.32,10.99,8.31,10.75,7471700,8.46
2008-11-20,11.47,11.66,9.58,9.90,8002400,7.79
2008-11-19,13.48,14.38,11.74,11.81,6430800,9.29
2008-11-18,15.88,15.88,9.80,13.40,16344700,10.54
2008-11-17,16.48,17.59,15.13,15.52,5421000,12.21
2008-11-14,20.99,21.00,16.75,17.11,5226100,13.46
2008-11-13,20.80,21.67,18.14,21.09,5056500,16.59
2008-11-12,22.93,23.09,20.68,20.84,3095300,15.77
2008-11-11,24.62,24.62,21.32,23.55,3661100,17.82
2008-11-10,29.86,29.86,24.35,24.80,2074000,18.76
2008-11-07,27.85,29.54,26.29,29.26,1846400,22.14
2008-11-06,28.40,28.65,27.37,27.50,1600000,20.80
2008-11-05,30.53,31.25,28.32,28.48,3063200,21.55
2008-11-04,29.10,31.34,28.81,30.51,3786800,23.08
2008-11-03,29.00,29.53,27.28,28.09,1639200,21.25
2008-10-31,26.49,29.74,25.89,29.42,3109900,22.26
2008-10-30,25.41,26.82,24.46,26.62,2414500,20.14
2008-10-29,23.41,26.48,22.35,25.08,3870700,18.97
2008-10-28,20.43,24.11,18.97,23.49,4757200,17.77
2008-10-27,21.95,23.47,20.10,20.14,2593100,15.24
2008-10-24,22.55,25.27,21.95,22.09,3812700,16.71
2008-10-23,28.48,29.86,22.24,25.23,5514900,19.09
2008-10-22,30.15,30.93,27.46,28.29,3250500,21.40
2008-10-21,31.34,33.27,30.32,30.54,3957900,23.10
2008-10-20,33.96,33.96,31.29,32.06,2269400,24.25
2008-10-17,32.63,36.80,31.04,33.70,3824500,25.49
2008-10-16,34.03,34.58,30.14,32.98,5713500,24.95
2008-10-15,37.29,40.47,32.68,33.82,3411900,25.59
2008-10-14,43.59,43.59,37.01,40.98,2546400,31.00
2008-10-13,44.29,45.08,39.93,42.15,2520000,31.89
2008-10-10,38.62,47.89,36.71,43.00,5323100,32.53
2008-10-09,41.77,42.75,38.59,39.30,3107700,29.73
2008-10-08,40.87,43.91,39.00,40.91,3940300,30.95
2008-10-07,47.10,48.14,40.95,41.52,3408200,31.41
2008-10-06,47.27,47.60,41.07,46.77,2982600,35.38
2008-10-03,55.20,56.69,47.82,48.12,4910200,36.40
2008-10-02,60.94,60.94,53.83,54.45,2044800,41.19
2008-10-01,62.70,62.70,60.31,61.51,1070000,46.53
2008-09-30,59.91,64.24,58.56,63.65,1587700,48.15
2008-09-29,64.13,64.13,58.02,58.02,1251700,43.89
2008-09-26,62.63,65.10,62.24,65.10,879200,49.25
2008-09-25,62.85,64.55,62.07,63.97,870100,48.39
2008-09-24,63.75,65.07,62.13,62.66,1064500,47.40
2008-09-23,64.49,65.07,63.20,63.70,1132500,48.19
2008-09-22,66.88,67.00,62.99,63.50,1338400,48.04
2008-09-19,69.44,70.98,64.06,67.81,2729600,51.30
2008-09-18,60.00,66.49,57.64,66.47,2906800,50.29
2008-09-17,61.34,63.88,59.66,60.09,1773200,45.46
2008-09-16,60.39,63.85,59.41,63.23,2761200,47.83
2008-09-15,63.26,64.82,61.00,61.00,1686700,46.15
2008-09-12,65.23,66.35,63.86,65.39,1446800,49.47
2008-09-11,63.50,66.11,63.00,65.98,1183600,49.92
2008-09-10,64.38,65.57,63.95,64.95,1672000,49.14
2008-09-09,66.30,67.25,63.20,64.08,1719800,48.48
2008-09-08,66.31,67.76,65.28,66.68,2393100,50.44
2008-09-05,63.85,64.70,62.86,64.11,1834000,48.50
2008-09-04,64.60,65.80,63.91,64.35,1551900,48.68
2008-09-03,63.36,65.34,63.34,65.34,1485300,49.43
2008-09-02,62.94,63.82,61.78,63.12,1133300,47.75
2008-08-29,61.20,62.84,60.54,61.93,1037000,46.85
2008-08-28,59.39,61.91,59.19,61.91,958500,46.84
2008-08-27,58.03,59.31,57.53,58.86,697400,44.53
2008-08-26,57.30,58.46,56.58,58.44,690600,44.21
2008-08-25,58.07,58.07,56.93,57.18,675500,43.26
2008-08-22,57.30,59.09,56.49,58.58,986700,44.32
2008-08-21,56.90,57.42,55.88,56.90,634100,43.05
2008-08-20,58.18,58.33,56.55,57.47,1238500,43.48
2008-08-19,59.16,59.59,57.30,57.83,1180600,43.75
2008-08-18,62.59,63.27,59.95,60.33,1216000,45.04
2008-08-15,62.60,63.35,61.56,62.60,880600,46.73
2008-08-14,59.54,62.33,59.53,62.30,815200,46.51
2008-08-13,60.50,61.25,59.54,60.92,1231100,45.48
2008-08-12,63.69,63.72,60.13,60.60,1503700,45.24
2008-08-11,60.82,62.69,60.23,62.13,1466100,46.38
2008-08-08,57.70,61.49,57.65,60.93,1951500,45.48
2008-08-07,55.81,58.88,55.20,57.42,1562900,42.86
2008-08-06,56.50,57.15,55.54,56.65,898600,42.29
2008-08-05,55.21,56.98,54.42,56.90,1362900,42.48
2008-08-04,55.41,55.68,53.56,54.29,951900,40.53
2008-08-01,55.40,55.64,54.42,55.42,1083800,41.37
2008-07-31,55.68,56.72,54.81,55.33,1255900,41.30
2008-07-30,57.97,57.97,55.12,56.66,1406800,42.30
2008-07-29,55.35,57.19,54.90,56.83,1446700,42.42
2008-07-28,55.69,56.92,54.62,54.85,1535300,40.94
2008-07-25,56.41,57.22,55.10,55.69,1181500,41.57
2008-07-24,59.24,59.24,55.03,55.72,1557600,41.59
2008-07-23,58.09,60.66,57.10,59.85,2089000,44.68
2008-07-22,54.70,58.46,54.31,58.15,2079700,43.41
2008-07-21,56.83,56.83,54.97,55.14,1541100,41.16
2008-07-18,55.20,56.86,51.52,56.62,1187400,42.27
2008-07-17,56.65,57.73,55.37,57.44,1553800,42.88
2008-07-16,53.01,56.38,52.00,56.18,1346500,41.94
2008-07-15,53.64,54.97,51.94,53.01,1400600,39.57
2008-07-14,58.06,58.61,53.95,54.03,1690800,40.33
2008-07-11,56.14,58.85,55.70,57.49,1201500,42.92
2008-07-10,56.40,57.56,55.70,57.07,1662500,42.60
2008-07-09,60.40,60.40,55.96,56.31,1239000,42.03
2008-07-08,57.97,61.40,57.26,60.71,2186700,45.32
2008-07-07,60.99,60.99,57.79,58.05,1154400,43.33
2008-07-03,60.73,61.37,59.87,60.10,409000,44.86
2008-07-02,62.07,62.25,60.58,60.60,539300,45.24
2008-07-01,61.69,62.27,60.40,62.15,753200,46.39
2008-06-30,61.13,62.75,60.52,62.13,959400,46.38
2008-06-27,63.77,64.15,61.50,62.10,952400,46.36
2008-06-26,63.79,64.88,63.26,63.49,790400,47.39
2008-06-25,64.75,65.95,64.46,65.37,763100,48.80
2008-06-24,64.55,65.31,63.90,64.51,817100,48.16
2008-06-23,66.18,66.86,64.63,64.63,715300,48.25
2008-06-20,66.95,67.78,65.64,66.18,931700,49.40
2008-06-19,66.55,67.72,66.00,67.70,841900,50.54
2008-06-18,66.19,66.88,65.99,66.37,1348500,49.54
2008-06-17,69.73,69.80,67.00,67.13,740600,50.11
2008-06-16,66.99,68.98,66.85,68.98,398000,51.49
2008-06-13,66.80,67.68,66.09,67.25,652300,50.20
2008-06-12,66.94,67.71,65.49,66.57,664700,49.69
2008-06-11,67.49,68.01,66.30,66.32,566900,49.51
2008-06-10,66.70,68.14,66.00,67.75,823700,50.57
2008-06-09,69.70,70.36,67.19,67.31,664900,50.25
2008-06-06,71.83,72.11,68.83,69.45,806700,51.84
2008-06-05,71.46,72.77,71.45,72.77,793400,54.32
2008-06-04,70.16,71.85,69.96,71.26,657200,53.19
2008-06-03,71.09,71.21,69.67,70.51,633400,52.63
2008-06-02,71.48,71.48,70.02,70.45,775600,52.59
2008-05-30,71.71,72.00,70.63,71.53,760100,53.40
2008-05-29,70.22,71.84,70.18,71.70,751500,53.52
2008-05-28,71.35,71.38,69.90,70.22,564900,52.42
2008-05-27,70.54,71.37,69.94,70.69,399600,52.77
2008-05-23,70.47,70.82,69.66,69.97,602900,52.23
2008-05-22,72.57,73.11,70.47,70.77,902800,52.83
2008-05-21,73.06,74.07,71.72,72.58,1397600,54.18
2008-05-20,73.72,74.12,72.68,73.24,711600,54.67
2008-05-19,73.84,74.15,73.47,73.90,770800,55.17
2008-05-16,73.71,73.93,73.24,73.74,675000,55.05
2008-05-15,73.27,74.33,73.10,73.75,785300,55.05
2008-05-14,73.98,74.29,73.64,74.00,1053100,54.64
2008-05-13,73.70,74.50,73.11,73.93,465400,54.59
2008-05-12,73.54,74.58,73.15,73.80,610800,54.50
2008-05-09,73.00,74.02,72.09,73.15,624900,54.02
2008-05-08,72.69,74.50,72.44,73.70,779300,54.42
2008-05-07,75.12,75.34,72.25,72.29,860100,53.38
2008-05-06,74.39,74.83,73.65,74.69,870600,55.15
2008-05-05,74.57,75.44,74.15,74.81,714400,55.24
2008-05-02,76.00,76.50,74.75,75.15,815300,55.49
2008-05-01,73.50,75.36,72.88,75.36,1002300,55.65
2008-04-30,74.63,75.00,73.13,73.13,782100,54.00
2008-04-29,74.95,74.95,73.64,74.32,656800,54.88
2008-04-28,75.02,75.37,73.96,74.91,609700,55.31
2008-04-25,72.63,74.75,72.63,74.75,451400,55.20
2008-04-24,72.89,74.38,72.66,74.32,911000,54.88
2008-04-23,72.30,73.72,72.02,72.88,482200,53.82
2008-04-22,72.20,72.71,71.51,72.23,485600,53.34
2008-04-21,72.72,73.02,71.65,72.31,538600,53.39
2008-04-18,74.93,75.94,72.77,73.27,656500,54.10
2008-04-17,73.07,74.25,72.56,74.00,612400,54.64
2008-04-16,70.61,73.55,70.20,73.54,685200,54.30
2008-04-15,69.67,69.96,68.99,69.88,599900,51.60
2008-04-14,69.95,70.85,68.78,69.00,481500,50.95
2008-04-11,70.59,71.25,69.63,69.85,631600,51.58
2008-04-10,70.81,71.86,70.40,71.70,1096800,52.94
2008-04-09,72.35,72.35,70.46,70.68,941800,52.19
2008-04-08,72.40,73.01,71.50,72.18,750800,53.30
2008-04-07,73.50,73.86,71.79,72.46,699800,53.51
2008-04-04,74.60,74.82,72.63,72.85,707800,53.79
2008-04-03,72.49,74.50,72.00,74.50,755700,55.01
2008-04-02,74.42,74.55,72.22,72.94,1309500,53.86
2008-04-01,71.43,74.81,71.00,74.80,1033300,55.23
2008-03-31,69.05,71.48,68.17,70.27,1390800,51.89
2008-03-28,67.69,69.43,67.35,68.57,1812700,50.63
2008-03-27,69.53,69.93,67.25,67.33,1121500,49.72
2008-03-26,70.94,70.98,69.09,69.40,919300,51.25
2008-03-25,70.13,71.40,69.64,71.40,890300,52.72
2008-03-24,70.03,71.96,69.81,70.59,1374700,52.12
2008-03-20,66.20,69.87,65.95,69.87,1031700,51.59
2008-03-19,67.98,68.20,66.02,66.14,1167000,48.84
2008-03-18,64.45,67.78,64.45,67.78,1511300,50.05
2008-03-17,60.89,63.91,60.30,63.33,1192600,46.76
2008-03-14,63.25,63.56,59.67,61.60,861200,45.49
2008-03-13,61.06,63.50,60.00,63.03,930400,46.54
2008-03-12,62.64,63.63,62.25,62.39,1032100,46.07
2008-03-11,61.21,63.11,59.65,63.03,1308400,46.54
2008-03-10,61.51,61.51,60.03,60.03,695000,44.33
2008-03-07,60.05,61.73,59.23,61.17,789600,45.17
2008-03-06,62.85,63.05,60.08,60.08,931800,44.36
2008-03-05,63.97,64.49,62.78,63.31,963500,46.75
2008-03-04,63.96,64.35,62.43,63.75,855900,47.07
2008-03-03,64.04,64.45,62.88,64.40,775100,47.55
2008-02-29,64.91,65.37,63.70,64.00,844000,47.26
2008-02-28,66.07,66.10,65.21,65.30,534700,48.22
2008-02-27,66.25,67.45,65.95,66.55,596400,49.14
2008-02-26,66.33,67.26,65.51,66.90,778300,49.40
2008-02-25,63.81,66.70,63.27,66.70,823700,49.25
2008-02-22,62.21,64.15,61.58,64.15,608400,47.37
2008-02-21,64.43,65.13,62.24,62.37,738300,46.06
2008-02-20,63.49,64.33,62.43,64.18,723800,47.39
2008-02-19,66.23,66.23,63.39,63.92,751800,46.61
2008-02-15,65.12,65.56,64.50,65.56,955000,47.80
2008-02-14,66.10,66.52,64.83,65.04,553700,47.43
2008-02-13,65.69,66.40,64.47,66.21,734800,48.28
2008-02-12,64.15,66.12,63.39,65.23,782900,47.56
2008-02-11,63.90,64.49,62.65,63.37,657700,46.21
2008-02-08,66.50,66.91,63.49,64.07,877400,46.72
2008-02-07,66.01,67.51,65.71,66.92,1113400,48.80
2008-02-06,69.05,69.35,66.22,66.28,941600,48.33
2008-02-05,70.32,71.41,68.45,68.83,1050600,50.19
2008-02-04,72.08,72.14,70.31,71.42,644800,52.08
2008-02-01,69.41,72.38,67.70,72.13,1554900,52.60
2008-01-31,66.50,69.06,66.11,68.25,758400,49.77
2008-01-30,67.99,69.50,66.61,67.00,962200,48.85
2008-01-29,69.21,69.50,67.47,68.70,698000,50.09
2008-01-28,65.77,68.70,65.00,68.70,995600,50.09
2008-01-25,68.04,69.06,65.21,66.03,948200,48.15
2008-01-24,68.84,68.84,66.50,67.43,1510900,49.17
2008-01-23,59.75,68.85,59.72,68.18,2792200,49.72
2008-01-22,58.01,61.08,57.50,60.77,1359200,44.31
2008-01-18,60.60,61.01,58.30,58.91,1381100,42.96
2008-01-17,61.76,62.38,59.87,60.37,1258200,44.02
2008-01-16,59.80,62.47,59.80,61.62,1457000,44.93
2008-01-15,60.00,60.69,58.92,59.91,1301200,43.68
2008-01-14,61.83,62.70,59.77,60.99,1456000,44.47
2008-01-11,61.22,62.57,59.81,61.52,1687700,44.86
2008-01-10,62.26,63.26,60.69,61.88,2007300,45.12
2008-01-09,63.21,63.85,59.75,62.93,1243200,45.89
2008-01-08,65.86,68.11,63.21,63.46,959000,46.27
2008-01-07,65.04,66.27,63.69,65.50,915700,47.76
2008-01-04,67.50,67.99,64.76,64.86,1079000,47.29
2008-01-03,71.18,71.18,68.12,68.32,900300,49.82
2008-01-02,70.80,71.54,69.60,70.54,639800,51.44
