Date,Open,High,Low,Close,Volume,Adj Close
2013-12-31,38.32,38.54,38.20,38.39,10342600,37.89
2013-12-30,38.36,38.44,38.14,38.36,7086900,37.86
2013-12-27,38.36,38.46,38.21,38.31,4269500,37.81
2013-12-26,38.09,38.30,38.08,38.25,5246000,37.75
2013-12-24,38.21,38.44,38.05,38.08,10126100,37.58
2013-12-23,38.21,38.30,37.85,38.14,13530200,37.64
2013-12-20,38.33,38.58,38.16,38.57,16852000,37.59
2013-12-19,38.05,38.25,37.90,38.22,8964200,37.25
2013-12-18,37.56,38.17,37.19,38.16,12910600,37.19
2013-12-17,37.24,37.63,37.15,37.45,9325400,36.50
2013-12-16,37.14,37.34,37.07,37.24,7481400,36.30
2013-12-13,37.22,37.29,36.84,37.10,12439700,36.16
2013-12-12,37.58,37.74,37.10,37.20,9241400,36.26
2013-12-11,37.36,37.75,37.30,37.67,9825300,36.72
2013-12-10,37.58,37.63,37.10,37.32,7750300,36.37
2013-12-09,37.50,37.74,37.31,37.69,6813600,36.73
2013-12-06,37.22,37.46,37.18,37.46,6717600,36.51
2013-12-05,37.12,37.22,36.90,36.96,7198300,36.02
2013-12-04,37.00,37.33,36.92,37.23,7975500,36.29
2013-12-03,36.86,37.31,36.86,37.17,7807400,36.23
2013-12-02,37.01,37.20,36.88,36.95,7143500,36.01
2013-11-29,37.12,37.16,36.92,36.98,4002100,36.04
2013-11-27,37.08,37.24,36.91,37.15,4064400,36.21
2013-11-26,37.24,37.25,36.95,37.00,7358600,36.06
2013-11-25,37.39,37.43,37.05,37.12,4369500,36.18
2013-11-22,37.13,37.28,36.81,37.27,6371500,36.33
2013-11-21,37.64,37.64,36.68,37.14,12595000,36.20
2013-11-20,37.85,38.00,37.45,37.61,6026500,36.66
2013-11-19,37.90,37.92,37.68,37.83,5761400,36.87
2013-11-18,38.07,38.10,37.81,38.03,5357200,37.07
2013-11-15,37.64,38.00,37.64,38.00,5334200,37.04
2013-11-14,37.55,37.93,37.55,37.70,6891500,36.74
2013-11-13,37.14,37.59,37.11,37.58,5805000,36.63
2013-11-12,37.44,37.48,37.06,37.31,7475700,36.36
2013-11-11,37.50,37.60,37.33,37.45,4232400,36.50
2013-11-08,37.40,37.55,37.02,37.55,13586400,36.60
2013-11-07,37.83,37.87,37.25,37.50,6410000,36.55
2013-11-06,37.68,37.89,37.55,37.82,4742800,36.86
2013-11-05,37.42,37.62,37.26,37.54,4860800,36.59
2013-11-04,37.53,37.69,37.27,37.43,5141800,36.48
2013-11-01,37.25,37.69,37.15,37.33,6620300,36.38
2013-10-31,37.04,37.55,36.90,37.23,10181100,36.29
2013-10-30,37.50,37.50,37.04,37.06,5630400,36.12
2013-10-29,36.89,37.46,36.85,37.43,9258100,36.48
2013-10-28,36.27,36.94,36.27,36.81,8074300,35.88
2013-10-25,36.10,36.35,35.90,36.25,12824300,35.33
2013-10-24,36.67,36.75,35.89,35.96,12125700,35.05
2013-10-23,36.29,36.54,36.09,36.38,6803100,35.46
2013-10-22,36.10,36.48,35.97,36.41,7994600,35.49
2013-10-21,35.95,36.02,35.77,36.02,5390300,35.11
2013-10-18,35.89,35.99,35.62,35.86,7009900,34.95
2013-10-17,35.73,35.95,35.58,35.62,8068000,34.72
2013-10-16,35.40,35.70,35.34,35.69,6209600,34.79
2013-10-15,35.63,35.66,35.26,35.33,6978200,34.43
2013-10-14,35.41,35.81,35.33,35.74,4291900,34.83
2013-10-11,35.53,35.65,35.35,35.54,6202400,34.64
2013-10-10,35.06,35.48,34.94,35.48,8819200,34.58
2013-10-09,34.77,34.90,34.41,34.45,7195800,33.58
2013-10-08,34.79,34.92,34.62,34.68,7015900,33.80
2013-10-07,34.47,34.99,34.43,34.75,6399200,33.87
2013-10-04,34.70,34.86,34.52,34.65,4019300,33.77
2013-10-03,34.64,34.88,34.50,34.70,5798500,33.82
2013-10-02,34.59,34.76,34.40,34.75,5794600,33.87
2013-10-01,34.27,34.76,34.23,34.71,6986900,33.83
2013-09-30,34.50,34.54,34.27,34.35,7525300,33.48
2013-09-27,34.82,34.90,34.53,34.71,7879800,33.83
2013-09-26,34.80,35.00,34.76,35.00,5099100,34.11
2013-09-25,35.10,35.17,34.71,34.79,10012400,33.91
2013-09-24,35.23,35.25,34.98,35.08,6366700,34.19
2013-09-23,35.39,35.44,35.20,35.25,6586400,34.36
2013-09-20,35.85,35.91,35.50,35.55,7789400,34.65
2013-09-19,35.82,36.00,35.71,35.80,5296700,34.89
2013-09-18,35.37,35.86,35.18,35.79,6623300,34.88
2013-09-17,35.19,35.51,35.11,35.36,9775000,34.46
2013-09-16,35.19,35.40,35.03,35.13,5652800,34.24
2013-09-13,34.65,34.95,34.62,34.84,5669100,33.96
2013-09-12,34.98,35.02,34.47,34.54,10309700,33.66
2013-09-11,35.01,35.42,34.93,35.41,12966100,34.04
2013-09-10,34.67,35.00,34.59,34.98,26034300,33.63
2013-09-09,34.45,34.59,34.35,34.59,22729400,33.26
2013-09-06,34.36,34.56,34.13,34.40,23039300,33.07
2013-09-05,34.23,34.31,34.13,34.25,7054100,32.93
2013-09-04,33.77,34.24,33.72,34.17,6396000,32.85
2013-09-03,34.07,34.25,33.72,33.83,7422100,32.53
2013-08-30,33.99,34.01,33.72,33.88,6365200,32.57
2013-08-29,33.60,34.14,33.54,33.94,6663000,32.63
2013-08-28,33.90,33.90,33.57,33.60,8993200,32.30
2013-08-27,33.81,34.23,33.76,33.99,9829300,32.68
2013-08-26,34.37,34.39,34.00,34.05,7718000,32.74
2013-08-23,33.52,34.31,33.52,34.28,11116400,32.96
2013-08-22,33.47,33.64,33.12,33.56,8182900,32.27
2013-08-21,33.74,33.77,33.37,33.46,8032700,32.17
2013-08-20,33.97,34.05,33.75,33.77,15309100,32.47
2013-08-19,34.28,34.30,33.85,33.93,7832300,32.62
2013-08-16,34.51,34.63,34.25,34.29,8364900,32.97
2013-08-15,34.78,34.93,34.50,34.57,15144400,33.24
2013-08-14,35.23,35.25,34.81,35.06,5871900,33.71
2013-08-13,35.17,35.27,35.01,35.22,5919700,33.86
2013-08-12,35.25,35.28,35.05,35.16,4884300,33.80
2013-08-09,35.58,35.60,35.26,35.37,5358300,34.01
2013-08-08,35.35,35.69,35.30,35.57,6804900,34.20
2013-08-07,35.36,35.37,35.08,35.20,6278600,33.84
2013-08-06,35.55,35.58,35.16,35.40,8078100,34.04
2013-08-05,35.61,35.67,35.44,35.61,3757700,34.24
2013-08-02,35.52,35.68,35.28,35.68,10508500,34.30
2013-08-01,35.27,35.63,35.04,35.54,8002100,34.17
2013-07-31,35.55,35.63,35.01,35.06,11318400,33.71
2013-07-30,35.77,35.84,35.48,35.56,5899700,34.19
2013-07-29,35.83,35.88,35.51,35.67,5308200,34.29
2013-07-26,35.80,35.90,35.16,35.90,10285200,34.52
2013-07-25,35.51,35.99,35.46,35.91,8869700,34.53
2013-07-24,36.02,36.02,35.45,35.57,10429400,34.20
2013-07-23,37.01,37.01,35.73,35.99,13156500,34.60
2013-07-22,37.09,37.13,36.74,36.88,7158200,35.46
2013-07-19,37.03,37.35,36.91,37.15,8942500,35.72
2013-07-18,36.90,37.32,36.83,37.00,5723500,35.57
2013-07-17,37.37,37.48,37.00,37.02,5656000,35.59
2013-07-16,36.98,37.45,36.93,37.23,6867100,35.79
2013-07-15,36.90,37.07,36.80,37.05,4944000,35.62
2013-07-12,36.95,37.00,36.70,36.92,4813000,35.50
2013-07-11,36.89,37.09,36.80,36.86,8344900,35.44
2013-07-10,36.32,36.79,36.27,36.50,9699600,35.09
2013-07-09,36.22,36.45,36.11,36.27,12222100,34.87
2013-07-08,35.69,36.17,35.65,36.04,5837100,34.65
2013-07-05,35.63,35.75,35.11,35.49,4465900,34.12
2013-07-03,35.36,35.50,35.17,35.49,5787800,34.12
2013-07-02,35.29,35.67,35.20,35.46,5418900,34.09
2013-07-01,35.22,35.67,35.13,35.38,7723000,34.02
2013-06-28,35.41,35.68,34.96,34.99,13324600,33.64
2013-06-27,35.53,35.77,35.39,35.45,6334000,34.08
2013-06-26,35.18,35.47,35.01,35.27,7389100,33.91
2013-06-25,34.84,35.42,34.77,34.93,21031800,33.58
2013-06-24,34.60,35.05,34.40,34.63,9759900,33.29
2013-06-21,34.66,35.13,34.61,34.93,11237500,33.58
2013-06-20,35.13,35.23,34.25,34.34,13214200,33.02
2013-06-19,36.12,36.25,35.19,35.19,8859200,33.83
2013-06-18,35.84,36.20,35.84,36.15,7505700,34.76
2013-06-17,35.70,35.96,35.62,35.79,8517500,34.41
2013-06-14,35.74,35.95,35.52,35.58,7642500,34.21
2013-06-13,35.57,35.99,35.48,35.76,7440500,34.38
2013-06-12,36.06,36.08,35.58,35.60,8821800,34.23
2013-06-11,36.09,36.50,35.97,36.16,27180200,34.34
2013-06-10,36.31,36.49,36.15,36.23,25361900,34.41
2013-06-07,35.99,36.19,35.66,36.15,26081400,34.33
2013-06-06,35.60,35.81,35.21,35.81,10976300,34.01
2013-06-05,36.03,36.20,35.61,35.71,8526400,33.92
2013-06-04,36.46,36.60,36.11,36.21,7378300,34.39
2013-06-03,36.06,36.50,35.62,36.46,9835400,34.63
2013-05-31,36.29,36.60,36.07,36.10,9800300,34.29
2013-05-30,36.50,36.64,36.37,36.43,5909000,34.60
2013-05-29,36.87,36.99,36.25,36.44,8873500,34.61
2013-05-28,37.36,37.53,36.86,37.07,6586000,35.21
2013-05-24,36.73,37.11,36.52,37.09,6630200,35.23
2013-05-23,36.62,36.98,36.51,36.86,8457700,35.01
2013-05-22,36.89,37.42,36.80,36.90,7392700,35.05
2013-05-21,37.35,37.41,36.86,36.92,9408300,35.06
2013-05-20,37.41,37.53,37.22,37.34,9080700,35.46
2013-05-17,37.10,37.49,37.10,37.44,7442000,35.56
2013-05-16,37.36,37.54,37.15,37.18,5635800,35.31
2013-05-15,37.00,37.61,36.99,37.46,8644400,35.58
2013-05-14,36.92,37.14,36.85,37.06,9437300,35.20
2013-05-13,36.62,37.06,36.53,36.92,7222100,35.06
2013-05-10,36.30,36.73,36.30,36.68,5890400,34.84
2013-05-09,36.54,36.63,36.21,36.35,7233800,34.52
2013-05-08,36.51,36.62,36.41,36.52,5625300,34.68
2013-05-07,36.20,36.59,36.15,36.47,12420800,34.64
2013-05-06,36.48,36.49,36.01,36.08,8160900,34.27
2013-05-03,36.84,36.85,36.47,36.51,7523200,34.68
2013-05-02,36.36,36.83,36.32,36.65,6632900,34.81
2013-05-01,36.51,36.90,36.28,36.32,8773700,34.49
2013-04-30,36.56,36.59,36.28,36.51,12343500,34.68
2013-04-29,36.11,36.61,36.00,36.61,8970900,34.77
2013-04-26,35.89,36.12,35.58,36.07,6614800,34.26
2013-04-25,35.68,35.96,35.55,35.94,9661400,34.13
2013-04-24,35.42,35.80,35.41,35.53,13139300,33.74
2013-04-23,35.42,35.63,35.02,35.53,9679100,33.74
2013-04-22,35.06,35.34,34.95,35.28,4586200,33.51
2013-04-19,34.81,35.21,34.72,35.02,9175300,33.26
2013-04-18,35.04,35.10,34.45,34.68,10084500,32.94
2013-04-17,35.21,35.30,35.05,35.14,8865900,33.37
2013-04-16,35.03,35.70,34.95,35.38,8473700,33.60
2013-04-15,35.76,35.76,34.71,34.81,12494700,33.06
2013-04-12,35.52,35.94,35.50,35.91,6294100,34.11
2013-04-11,35.61,35.81,35.46,35.62,8062800,33.83
2013-04-10,35.66,35.72,35.46,35.66,9745600,33.87
2013-04-09,35.36,35.61,35.26,35.48,8718500,33.70
2013-04-08,34.89,35.26,34.80,35.26,6196200,33.49
2013-04-05,34.95,35.05,34.61,34.84,6812600,33.09
2013-04-04,34.93,35.18,34.82,35.16,6199800,33.39
2013-04-03,35.21,35.25,34.75,34.82,9839200,33.07
2013-04-02,34.49,35.20,34.46,35.20,11025500,33.43
2013-04-01,34.19,34.44,34.08,34.30,6069000,32.58
2013-03-28,34.35,34.51,34.22,34.39,9147700,32.66
2013-03-27,34.18,34.54,34.15,34.41,5812800,32.68
2013-03-26,34.04,34.36,33.96,34.36,6924800,32.63
2013-03-25,33.96,34.10,33.81,33.88,5629000,32.18
2013-03-22,33.92,34.05,33.82,33.91,6318000,32.21
2013-03-21,33.94,33.99,33.75,33.86,6360300,32.16
2013-03-20,33.73,34.17,33.70,34.04,9647900,32.33
2013-03-19,33.50,33.73,33.50,33.69,8690400,32.00
2013-03-18,33.49,33.62,33.34,33.47,6149100,31.79
2013-03-15,33.65,33.74,33.52,33.68,12641600,31.99
2013-03-14,33.92,34.01,33.64,33.80,9324100,32.10
2013-03-13,33.93,33.93,33.69,33.93,9436600,32.22
2013-03-12,34.27,34.39,34.14,34.16,44736100,32.03
2013-03-11,34.02,34.30,34.00,34.26,37694000,32.12
2013-03-08,33.97,34.08,33.79,34.00,28971400,31.88
2013-03-07,34.21,34.23,33.83,33.96,7735300,31.84
2013-03-06,34.31,34.34,34.01,34.13,6422700,32.00
2013-03-05,34.10,34.30,34.02,34.24,16322600,32.10
2013-03-04,33.51,34.09,33.51,33.93,12799700,31.81
2013-03-01,33.53,33.72,33.43,33.49,15542000,31.40
2013-02-28,34.05,34.07,33.55,33.55,18623900,31.45
2013-02-27,34.20,34.23,33.54,34.07,18470700,31.94
2013-02-26,34.55,34.69,34.23,34.30,11001900,32.16
2013-02-25,35.44,35.47,34.63,34.65,9896400,32.48
2013-02-22,35.14,35.32,34.92,35.32,9012500,33.11
2013-02-21,34.93,35.24,34.62,35.20,9672300,33.00
2013-02-20,34.73,35.10,34.71,34.89,7371000,32.71
2013-02-19,34.50,34.78,34.44,34.77,7193100,32.60
2013-02-15,34.15,34.52,34.15,34.38,8895800,32.23
2013-02-14,34.78,34.80,34.06,34.11,11858900,31.98
2013-02-13,34.66,34.79,34.61,34.78,6081100,32.61
2013-02-12,34.70,34.84,34.54,34.66,8774500,32.49
2013-02-11,34.74,34.80,34.66,34.75,4621500,32.58
2013-02-08,34.62,34.88,34.56,34.69,8585200,32.52
2013-02-07,34.13,34.65,34.08,34.61,10037100,32.45
2013-02-06,34.07,34.20,34.01,34.12,6563100,31.99
2013-02-05,33.96,34.24,33.96,34.18,6927800,32.04
2013-02-04,34.05,34.08,33.69,33.89,8392200,31.77
2013-02-01,33.93,34.25,33.91,34.20,8007000,32.06
2013-01-31,33.83,33.92,33.64,33.68,9388400,31.58
2013-01-30,33.66,33.88,33.60,33.70,8032600,31.59
2013-01-29,33.67,33.84,33.65,33.70,9526500,31.59
2013-01-28,33.49,33.79,33.31,33.70,8044300,31.59
2013-01-25,33.46,33.54,33.28,33.45,7096500,31.36
2013-01-24,33.18,33.51,33.17,33.41,7550700,31.32
2013-01-23,33.09,33.09,32.80,33.01,8699500,30.95
2013-01-22,33.24,33.27,32.96,33.15,9987900,31.08
2013-01-18,32.95,33.32,32.94,33.27,11702700,31.19
2013-01-17,32.93,33.10,32.74,32.99,7290300,30.93
2013-01-16,32.72,32.87,32.65,32.78,6604100,30.73
2013-01-15,32.86,32.99,32.78,32.78,7462300,30.73
2013-01-14,32.98,33.20,32.95,32.99,11788800,30.93
2013-01-11,32.75,33.03,32.70,32.93,7403500,30.87
2013-01-10,32.59,32.80,32.33,32.70,14451500,30.66
2013-01-09,32.24,32.26,31.85,31.90,10680600,29.91
2013-01-08,32.40,32.46,32.03,32.14,8112400,30.13
2013-01-07,32.49,32.78,32.39,32.46,7399000,30.43
2013-01-04,32.57,32.68,32.46,32.54,7117400,30.51
2013-01-03,32.59,32.70,32.41,32.56,11243400,30.53
2013-01-02,32.12,32.54,31.98,32.54,13536600,30.51
2012-12-31,31.02,31.44,30.94,31.44,9623600,29.48
2012-12-28,31.18,31.42,31.08,31.09,9574700,29.15
2012-12-27,31.31,31.49,31.05,31.40,9481400,29.44
2012-12-26,31.64,31.68,31.21,31.32,8007000,29.36
2012-12-24,31.81,31.85,31.50,31.66,4567200,29.68
2012-12-21,32.11,32.20,31.40,31.85,20445200,29.86
2012-12-20,32.38,32.67,32.31,32.66,9498700,30.21
2012-12-19,32.84,32.89,32.35,32.39,12820100,29.96
2012-12-18,32.97,33.00,32.25,32.59,22935400,30.14
2012-12-17,33.26,33.33,32.90,32.99,10635000,30.51
2012-12-14,33.21,33.29,33.03,33.16,6854600,30.67
2012-12-13,33.26,33.37,33.09,33.26,10812600,30.76
2012-12-12,33.09,33.47,32.88,33.25,12580400,30.75
2012-12-11,33.50,33.59,32.84,32.96,12593400,30.48
2012-12-10,33.48,33.59,33.35,33.42,9390100,30.91
2012-12-07,33.19,33.48,33.14,33.47,8021800,30.96
2012-12-06,33.33,33.48,33.10,33.18,9304000,30.69
2012-12-05,33.50,33.58,33.23,33.30,11246000,30.80
2012-12-04,33.58,33.72,33.24,33.49,8491900,30.97
2012-12-03,33.93,33.97,33.62,33.66,7043700,31.13
2012-11-30,33.68,33.93,33.49,33.81,18757700,31.27
2012-11-29,33.56,33.75,33.47,33.57,8887100,31.05
2012-11-28,33.04,33.44,32.98,33.41,8028400,30.90
2012-11-27,33.27,33.41,33.10,33.15,7092200,30.66
2012-11-26,33.26,33.36,33.11,33.21,6806500,30.72
2012-11-23,32.99,33.48,32.90,33.48,4862900,30.97
2012-11-21,32.91,32.92,32.71,32.86,7119800,30.39
2012-11-20,32.62,32.88,32.38,32.85,10176200,30.38
2012-11-19,31.58,32.57,31.55,32.56,17136500,30.11
2012-11-16,30.47,31.31,30.43,31.24,13026900,28.89
2012-11-15,30.31,30.59,30.01,30.49,15418000,28.20
2012-11-14,31.24,31.38,30.69,30.79,11443400,28.48
2012-11-13,31.01,31.57,31.01,31.18,8661900,28.84
2012-11-12,31.43,31.57,31.02,31.10,8411300,28.76
2012-11-09,31.14,31.65,30.82,31.48,13024700,29.12
2012-11-08,31.36,31.60,31.12,31.28,9260300,28.93
2012-11-07,31.82,31.92,31.34,31.40,12907700,29.04
2012-11-06,31.95,32.27,31.90,31.94,9980300,29.54
2012-11-05,31.70,31.94,31.51,31.88,8290700,29.49
2012-11-02,32.16,32.24,31.69,31.70,8234400,29.32
2012-11-01,31.85,32.20,31.85,31.97,7846100,29.57
2012-10-31,31.79,32.14,31.76,31.80,9793500,29.41
2012-10-26,32.16,32.16,31.58,31.76,11329900,29.37
2012-10-25,32.39,32.49,32.01,32.10,9462200,29.69
2012-10-24,32.34,32.45,31.83,32.13,11844200,29.72
2012-10-23,32.71,32.80,32.07,32.35,10755600,29.92
2012-10-22,32.65,32.95,32.57,32.92,7498900,30.45
2012-10-19,33.11,33.15,32.60,32.63,10267000,30.18
2012-10-18,33.33,33.41,33.05,33.09,7456900,30.60
2012-10-17,33.41,33.59,33.28,33.50,7578000,30.98
2012-10-16,33.27,33.35,33.04,33.26,6753700,30.76
2012-10-15,33.11,33.19,32.84,33.17,7105600,30.68
2012-10-12,32.73,33.22,32.72,33.12,12592500,30.63
2012-10-11,33.47,33.50,32.50,32.71,27567600,30.25
2012-10-10,33.62,33.75,33.28,33.34,9448900,30.84
2012-10-09,33.92,34.01,33.37,33.52,14303500,31.00
2012-10-08,33.96,34.02,33.82,33.98,5366200,31.43
2012-10-05,34.12,34.19,33.89,34.00,9632400,31.45
2012-10-04,34.07,34.25,33.93,34.00,11831500,31.45
2012-10-03,33.83,34.14,33.74,34.05,9163000,31.49
2012-10-02,33.78,33.97,33.51,33.73,8232700,31.20
2012-10-01,33.38,33.91,33.37,33.64,9837300,31.11
2012-09-28,33.80,33.87,33.23,33.39,20100600,30.88
2012-09-27,34.23,34.24,33.72,33.90,10793700,31.35
2012-09-26,34.04,34.28,34.01,34.17,8041900,31.60
2012-09-25,34.32,34.54,34.01,34.01,10089000,31.46
2012-09-24,34.03,34.32,34.00,34.21,9459200,31.64
2012-09-21,33.88,34.15,33.66,34.06,18029800,31.50
2012-09-20,33.15,33.66,33.11,33.61,9116400,31.09
2012-09-19,33.31,33.33,33.10,33.15,9643600,30.66
2012-09-18,33.20,33.42,33.11,33.29,7578300,30.79
2012-09-17,32.81,33.27,32.81,33.21,16074600,30.72
2012-09-14,33.88,33.88,32.72,32.94,21398900,30.47
2012-09-13,33.30,33.83,33.29,33.81,10700900,31.27
2012-09-12,34.13,34.13,33.28,33.30,12511800,30.80
2012-09-11,34.46,34.59,34.35,34.39,10200500,31.40
2012-09-10,34.25,34.54,34.24,34.45,9983400,31.45
2012-09-07,34.59,34.64,34.18,34.27,10625700,31.29
2012-09-06,34.41,34.65,34.32,34.59,9295900,31.58
2012-09-05,34.35,34.53,34.22,34.25,9460900,31.27
2012-09-04,34.02,34.48,34.01,34.40,34717700,31.41
2012-08-31,34.51,34.58,33.92,33.96,39110300,31.01
2012-08-30,34.53,34.62,34.34,34.44,29284600,31.45
2012-08-29,34.63,34.76,34.53,34.59,7560700,31.58
2012-08-28,34.32,34.65,34.21,34.51,7799200,31.51
2012-08-27,34.23,34.37,34.11,34.26,8893200,31.28
2012-08-24,33.38,34.14,33.02,34.08,14176900,31.12
2012-08-23,33.93,34.04,33.45,33.45,13400500,30.54
2012-08-22,34.19,34.40,33.81,33.92,15412300,30.97
2012-08-21,35.18,35.24,34.32,34.42,12719700,31.43
2012-08-20,35.39,35.44,35.13,35.18,10881900,32.12
2012-08-17,35.37,35.44,35.17,35.41,7334900,32.33
2012-08-16,35.08,35.40,35.00,35.40,6582200,32.32
2012-08-15,35.35,35.43,35.02,35.13,7274400,32.08
2012-08-14,35.27,35.47,35.22,35.44,5464900,32.36
2012-08-13,34.98,35.25,34.90,35.21,6941200,32.15
2012-08-10,34.68,35.05,34.67,34.96,8752000,31.92
2012-08-09,34.94,34.96,34.69,34.72,10089500,31.70
2012-08-08,34.81,35.10,34.61,35.01,8498200,31.97
2012-08-07,35.81,35.88,34.88,34.95,13482600,31.91
2012-08-06,35.92,36.08,35.79,35.79,5706500,32.68
2012-08-03,35.87,35.99,35.77,35.92,7876000,32.80
2012-08-02,35.88,36.00,35.40,35.56,8460600,32.47
2012-08-01,36.14,36.29,35.96,36.03,15616200,32.90
2012-07-31,36.19,36.25,35.96,35.97,6851200,32.84
2012-07-30,35.88,36.19,35.77,36.16,7104700,33.02
2012-07-27,35.78,36.09,35.73,35.90,19520000,32.78
2012-07-26,35.41,35.81,35.33,35.63,11287900,32.53
2012-07-25,35.66,35.78,35.36,35.40,8399600,32.32
2012-07-24,35.72,35.94,35.39,35.57,10658600,32.48
2012-07-23,35.73,35.90,35.39,35.49,10097100,32.40
2012-07-20,35.87,36.05,35.70,35.91,11379500,32.79
2012-07-19,35.84,35.99,35.62,35.94,9648400,32.82
2012-07-18,35.72,35.92,35.66,35.92,6938100,32.80
2012-07-17,35.60,35.85,35.60,35.81,7687800,32.70
2012-07-16,35.57,35.73,35.52,35.59,5170400,32.50
2012-07-13,35.23,35.63,35.16,35.62,7996800,32.52
2012-07-12,35.22,35.32,35.02,35.12,9948100,32.07
2012-07-11,35.51,35.71,35.26,35.32,8435300,32.25
2012-07-10,35.51,35.59,35.28,35.43,8671900,32.35
2012-07-09,34.97,35.21,34.94,35.16,6991800,32.10
2012-07-06,34.70,35.04,34.60,34.97,6423100,31.93
2012-07-05,34.95,35.10,34.74,34.89,7493600,31.86
2012-07-03,34.92,35.05,34.90,34.99,4887600,31.95
2012-07-02,34.57,34.96,34.50,34.96,8386400,31.92
2012-06-29,34.34,34.60,34.17,34.55,9821600,31.55
2012-06-28,33.85,34.13,33.61,34.03,8815000,31.07
2012-06-27,33.70,34.04,33.69,34.00,7257400,31.04
2012-06-26,33.79,33.87,33.52,33.67,7639400,30.74
2012-06-25,33.78,33.87,33.62,33.72,7381500,30.79
2012-06-22,34.04,34.04,33.81,33.87,9395600,30.93
2012-06-21,33.97,34.12,33.83,33.89,11382400,30.94
2012-06-20,33.85,34.05,33.71,33.91,9194900,30.96
2012-06-19,34.02,34.02,33.80,33.92,8365700,30.97
2012-06-18,33.74,34.00,33.64,33.85,7061200,30.91
2012-06-15,33.89,34.08,33.73,33.77,12209700,30.83
2012-06-14,33.27,33.86,33.21,33.68,10125100,30.75
2012-06-13,33.07,33.41,32.91,33.27,13437500,30.38
2012-06-12,33.08,33.47,32.91,33.43,11547300,30.15
2012-06-11,33.17,33.25,32.96,32.96,39666300,29.73
2012-06-08,32.73,33.01,32.65,32.91,40374800,29.68
2012-06-07,32.80,32.90,32.54,32.75,45290600,29.54
2012-06-06,32.00,32.58,31.94,32.58,10075700,29.38
2012-06-05,31.92,31.99,31.54,31.80,6615300,28.68
2012-06-04,31.62,31.96,31.60,31.93,10837500,28.80
2012-06-01,31.95,32.09,31.58,31.69,16503200,28.58
2012-05-31,32.08,32.46,32.01,32.19,15082700,29.03
2012-05-30,31.95,32.22,31.94,32.02,8436000,28.88
2012-05-29,32.19,32.21,31.90,32.13,8412000,28.98
2012-05-25,32.22,32.40,32.01,32.11,5978500,28.96
2012-05-24,31.82,32.27,31.68,32.26,9148300,29.09
2012-05-23,31.72,31.92,31.60,31.72,7400000,28.61
2012-05-22,31.83,31.90,31.65,31.76,7572800,28.64
2012-05-21,31.67,31.85,31.42,31.85,9010900,28.72
2012-05-18,31.66,31.91,31.62,31.68,11219500,28.57
2012-05-17,31.86,32.02,31.64,31.64,9281900,28.53
2012-05-16,31.76,32.04,31.76,31.86,10147300,28.73
2012-05-15,31.68,31.98,31.60,31.75,9929100,28.63
2012-05-14,31.66,31.90,31.61,31.69,12569000,28.58
2012-05-11,31.74,31.97,31.70,31.79,8549700,28.67
2012-05-10,31.94,32.10,31.72,31.73,11528400,28.62
2012-05-09,32.09,32.10,31.74,31.75,10907000,28.63
2012-05-08,32.15,32.29,32.08,32.26,10652300,29.09
2012-05-07,32.41,32.45,32.19,32.20,8322200,29.04
2012-05-04,32.46,32.61,32.35,32.43,7200800,29.25
2012-05-03,32.42,32.60,32.34,32.55,8148200,29.36
2012-05-02,32.41,32.52,32.34,32.37,7317800,29.19
2012-05-01,32.25,32.62,32.14,32.42,7806600,29.24
2012-04-30,32.17,32.25,31.99,32.21,6680100,29.05
2012-04-27,31.98,32.22,31.95,32.13,8828900,28.98
2012-04-26,31.68,31.97,31.49,31.93,9200900,28.80
2012-04-25,31.71,31.81,31.28,31.69,11743000,28.58
2012-04-24,31.77,31.93,31.61,31.70,8731000,28.59
2012-04-23,31.80,31.85,31.58,31.76,6085100,28.64
2012-04-20,31.82,32.10,31.68,31.89,8351600,28.76
2012-04-19,31.70,31.81,31.50,31.78,7083700,28.66
2012-04-18,31.51,31.75,31.42,31.66,8057400,28.55
2012-04-17,31.49,31.61,31.23,31.61,6882500,28.51
2012-04-16,31.55,31.64,31.35,31.38,6872000,28.30
2012-04-13,31.30,31.77,31.21,31.49,17839400,28.40
2012-04-12,31.20,31.33,31.05,31.31,5368400,28.24
2012-04-11,31.17,31.50,31.13,31.21,10900400,28.15
2012-04-10,31.19,31.22,30.94,30.95,10119200,27.91
2012-04-09,31.05,31.28,31.04,31.16,8210600,28.10
2012-04-05,31.04,31.37,30.99,31.36,7261500,28.28
2012-04-04,31.00,31.34,31.00,31.11,8607300,28.06
2012-04-03,31.14,31.21,30.96,31.09,7334400,28.04
2012-04-02,30.74,31.27,30.74,31.16,9773400,28.10
2012-03-30,30.64,31.00,30.60,30.87,10089400,27.84
2012-03-29,30.35,30.59,30.31,30.59,6738000,27.59
2012-03-28,30.59,30.60,30.39,30.52,7743400,27.52
2012-03-27,30.75,30.91,30.55,30.61,9632700,27.61
2012-03-26,30.50,30.68,30.44,30.66,10004600,27.65
2012-03-23,30.41,30.49,30.21,30.40,10504300,27.42
2012-03-22,30.03,30.21,30.03,30.14,6315300,27.18
2012-03-21,30.11,30.24,30.03,30.15,6336200,27.19
2012-03-20,29.97,30.22,29.94,30.13,6278100,27.17
2012-03-19,29.97,30.19,29.89,30.11,7742700,27.15
2012-03-16,30.05,30.16,29.93,30.03,12960900,27.08
2012-03-15,29.96,30.03,29.77,30.03,8475100,27.08
2012-03-14,30.04,30.16,29.82,29.95,10634600,27.01
2012-03-13,30.09,30.11,29.78,30.10,14942500,27.15
2012-03-12,30.54,30.71,30.40,30.44,16206000,27.08
2012-03-09,30.48,30.58,30.34,30.46,34990900,27.10
2012-03-08,30.28,30.58,30.25,30.46,34690700,27.10
2012-03-07,30.10,30.17,29.79,30.10,10456700,26.78
2012-03-06,30.14,30.36,29.97,30.08,13204000,26.76
2012-03-05,29.95,30.35,29.93,30.26,8968000,26.92
2012-03-02,30.05,30.05,29.85,29.96,7201000,26.66
2012-03-01,30.17,30.20,29.91,30.02,9722700,26.71
2012-02-29,30.03,30.28,30.01,30.10,13801000,26.78
2012-02-28,30.03,30.03,29.83,30.02,8954600,26.71
2012-02-27,29.91,30.19,29.81,30.03,18754200,26.72
2012-02-24,29.78,29.99,29.66,29.99,8970000,26.68
2012-02-23,29.64,29.75,29.49,29.70,7046000,26.42
2012-02-22,29.65,29.73,29.56,29.65,8126300,26.38
2012-02-21,29.66,29.75,29.57,29.62,8709400,26.35
2012-02-17,29.73,29.75,29.43,29.65,10222700,26.38
2012-02-16,29.28,29.59,29.23,29.54,9047100,26.28
2012-02-15,29.30,29.31,29.12,29.25,11146900,26.02
2012-02-14,29.22,29.30,29.07,29.27,8737300,26.04
2012-02-13,29.34,29.38,29.10,29.23,8482100,26.01
2012-02-10,29.05,29.24,29.01,29.21,11216100,25.99
2012-02-09,28.87,29.44,28.81,29.30,16115300,26.07
2012-02-08,28.85,29.00,28.71,28.84,8681300,25.66
2012-02-07,28.52,28.97,28.52,28.82,9683300,25.64
2012-02-06,28.82,28.86,28.53,28.64,12745900,25.48
2012-02-03,28.70,28.90,28.57,28.84,11304700,25.66
2012-02-02,28.54,28.61,28.33,28.54,10001900,25.39
2012-02-01,28.49,28.73,28.41,28.43,16060000,25.29
2012-01-31,28.51,28.52,28.19,28.40,13084500,25.27
2012-01-30,28.02,28.50,28.00,28.39,12321500,25.26
2012-01-27,28.92,28.92,28.09,28.14,13905100,25.04
2012-01-26,28.74,28.89,28.37,28.66,11781900,25.50
2012-01-25,28.20,28.73,28.20,28.67,11033500,25.51
2012-01-24,28.50,28.60,28.16,28.28,12440200,25.16
2012-01-23,28.73,28.80,28.50,28.61,8725200,25.45
2012-01-20,28.70,28.78,28.45,28.70,11452800,25.53
2012-01-19,28.95,28.96,28.54,28.61,13067200,25.45
2012-01-18,28.93,28.97,28.80,28.96,10160500,25.77
2012-01-17,29.08,29.19,28.86,28.90,10454300,25.71
2012-01-13,28.76,29.00,28.69,28.96,9319400,25.77
2012-01-12,28.93,28.98,28.71,28.84,8454400,25.66
2012-01-11,28.91,28.99,28.70,28.84,11707200,25.66
2012-01-10,28.79,29.00,28.78,28.91,10636900,25.72
2012-01-09,28.57,28.67,28.42,28.50,10310500,25.36
2012-01-06,28.77,28.82,28.61,28.72,11558000,25.55
2012-01-05,28.37,28.91,28.35,28.83,16748600,25.65
2012-01-04,28.40,28.53,28.25,28.40,14821800,25.27
2012-01-03,28.65,28.99,28.51,28.56,25911000,25.41
2011-12-30,29.69,29.81,29.53,29.65,6219100,26.38
2011-12-29,29.77,29.87,29.65,29.79,6291300,26.50
2011-12-28,29.71,29.93,29.69,29.72,6797000,26.44
2011-12-27,29.83,29.97,29.70,29.72,7961200,26.44
2011-12-23,29.83,29.95,29.69,29.84,8147600,26.55
2011-12-22,30.03,30.08,29.60,29.82,9849400,26.53
2011-12-21,29.98,30.40,29.86,30.31,13147500,26.60
2011-12-20,29.68,29.98,29.53,29.86,13160100,26.21
2011-12-19,29.36,29.63,29.29,29.34,10731700,25.75
2011-12-16,29.30,29.47,28.98,29.14,15580100,25.58
2011-12-15,28.93,29.25,28.76,29.11,10730700,25.55
2011-12-14,28.87,28.98,28.67,28.73,10850400,25.22
2011-12-13,28.92,29.25,28.82,28.99,13022300,25.44
2011-12-12,28.72,28.91,28.67,28.87,45302700,25.34
2011-12-09,28.62,28.83,28.60,28.78,42032600,25.26
2011-12-08,28.75,28.90,28.49,28.53,41635400,25.04
2011-12-07,28.68,28.93,28.44,28.83,10803900,25.30
2011-12-06,28.39,28.95,28.33,28.76,14048800,25.24
2011-12-05,28.53,28.66,28.13,28.22,12105200,24.77
2011-12-02,28.77,28.78,28.30,28.41,10919900,24.93
2011-12-01,28.58,29.05,28.48,28.68,13642100,25.17
2011-11-30,28.42,28.72,28.23,28.69,15799100,25.18
2011-11-29,27.66,28.20,27.65,27.95,13486300,24.53
2011-11-28,27.65,27.72,27.46,27.60,11383900,24.22
2011-11-25,27.15,27.45,27.10,27.25,3259600,23.92
2011-11-23,27.21,27.30,27.00,27.12,9905000,23.80
2011-11-22,27.32,27.50,27.15,27.37,10494900,24.02
2011-11-21,27.38,27.52,27.15,27.30,14077800,23.96
2011-11-18,27.64,27.82,27.46,27.64,10482000,24.26
2011-11-17,27.44,27.86,27.42,27.54,20792100,24.17
2011-11-16,27.64,27.90,27.49,27.50,12689500,24.14
2011-11-15,27.56,27.87,27.56,27.77,8848200,24.37
2011-11-14,27.69,27.80,27.50,27.62,7867600,24.24
2011-11-11,27.80,27.99,27.75,27.78,8385100,24.38
2011-11-10,27.36,27.70,27.33,27.63,9513500,24.25
2011-11-09,27.36,27.47,27.03,27.17,12823500,23.85
2011-11-08,27.62,27.68,27.35,27.65,9446700,24.27
2011-11-07,27.34,27.52,27.13,27.52,13190700,24.15
2011-11-04,27.39,27.44,27.16,27.37,7728600,24.02
2011-11-03,27.42,27.52,27.25,27.47,13476900,24.11
2011-11-02,27.41,27.41,26.96,27.19,11022100,23.86
2011-11-01,27.12,27.41,27.00,27.10,19460100,23.78
2011-10-31,27.39,27.85,27.38,27.55,17213800,24.18
2011-10-28,27.53,27.63,27.16,27.56,11865300,24.19
2011-10-27,27.65,27.80,26.95,27.66,20410500,24.28
2011-10-26,27.21,27.29,26.80,27.28,15617400,23.94
2011-10-25,27.17,27.30,26.80,27.00,14810800,23.70
2011-10-24,27.53,27.54,27.20,27.31,12001200,23.97
2011-10-21,27.53,27.63,27.31,27.45,15557700,24.09
2011-10-20,27.44,27.81,27.23,27.25,13006700,23.92
2011-10-19,27.56,27.64,27.22,27.32,9405900,23.98
2011-10-18,27.31,27.81,27.02,27.53,10627900,24.16
2011-10-17,27.55,27.71,27.37,27.42,8958500,24.07
2011-10-14,27.83,27.83,27.40,27.67,9597300,24.29
2011-10-13,27.63,27.74,27.41,27.61,9515800,24.23
2011-10-12,27.98,28.14,27.76,27.77,14182600,24.37
2011-10-11,27.69,27.87,27.39,27.80,14009300,24.40
2011-10-10,27.73,27.80,27.42,27.63,11526300,24.25
2011-10-07,27.03,27.60,26.90,27.43,14743700,24.07
2011-10-06,26.51,26.95,26.44,26.95,9965100,23.65
2011-10-05,26.60,26.76,26.28,26.50,13006800,23.26
2011-10-04,26.13,26.56,25.94,26.54,17400000,23.29
2011-10-03,26.71,27.16,26.54,26.56,16606400,23.31
2011-09-30,26.32,27.27,26.28,26.81,22208500,23.53
2011-09-29,26.40,26.59,26.15,26.44,9729000,23.21
2011-09-28,26.50,26.59,26.07,26.10,10165300,22.91
2011-09-27,26.37,26.71,26.20,26.42,20376500,23.19
2011-09-26,25.89,26.04,25.74,26.00,21449500,22.82
2011-09-23,25.73,25.91,25.59,25.77,13002600,22.62
2011-09-22,25.58,25.84,25.27,25.70,20771800,22.56
2011-09-21,26.89,26.93,26.11,26.12,16699500,22.92
2011-09-20,26.97,27.19,26.83,26.95,9954300,23.65
2011-09-19,26.64,26.98,26.50,26.87,9408000,23.58
2011-09-16,27.07,27.19,26.71,26.90,15986400,23.61
2011-09-15,26.69,26.90,26.55,26.87,12540000,23.58
2011-09-14,26.35,26.77,26.16,26.55,16574200,23.30
2011-09-13,26.17,26.25,25.90,26.18,13220700,22.98
2011-09-12,26.06,26.57,26.01,26.54,15172900,22.93
2011-09-09,26.86,26.91,26.28,26.37,54468700,22.79
2011-09-08,26.94,27.25,26.83,27.01,46195000,23.34
2011-09-07,27.26,27.32,26.89,26.99,11450400,23.32
2011-09-06,26.14,26.85,26.01,26.83,14748700,23.18
2011-09-02,26.88,27.04,26.69,26.72,9629700,23.09
2011-09-01,27.26,27.36,27.05,27.09,10140400,23.41
2011-08-31,27.12,27.41,27.05,27.19,11853900,23.50
2011-08-30,26.77,27.20,26.62,27.02,14148900,23.35
2011-08-29,26.56,26.80,26.50,26.78,9207000,23.14
2011-08-26,25.97,26.39,25.61,26.30,13020800,22.73
2011-08-25,26.55,26.55,25.89,26.01,12587900,22.48
2011-08-24,26.32,26.55,26.26,26.47,9116000,22.87
2011-08-23,25.98,26.45,25.85,26.43,14004600,22.84
2011-08-22,26.23,26.24,25.68,25.86,11360400,22.35
2011-08-19,25.47,26.24,25.47,25.71,18240300,22.22
2011-08-18,25.53,25.91,25.31,25.70,19496300,22.21
2011-08-17,25.82,26.17,25.79,26.00,13603800,22.47
2011-08-16,25.59,25.77,25.40,25.68,11187700,22.19
2011-08-15,25.44,25.74,25.27,25.70,12298300,22.21
2011-08-12,25.43,25.45,25.05,25.20,14112100,21.78
2011-08-11,24.40,25.19,24.25,24.96,23003000,21.57
2011-08-10,24.90,24.97,24.27,24.36,39032500,21.05
2011-08-09,24.59,25.19,23.20,25.18,47651000,21.76
2011-08-08,24.98,25.42,24.44,24.54,40430600,21.21
2011-08-05,25.49,26.06,25.44,25.89,27609100,22.37
2011-08-04,26.17,26.52,25.46,25.49,25736600,22.03
2011-08-03,26.12,26.42,25.90,26.36,18170800,22.78
2011-08-02,26.01,26.44,25.84,26.18,13809500,22.62
2011-08-01,26.53,26.57,25.83,26.15,15059700,22.60
2011-07-29,26.18,26.59,26.11,26.30,14122300,22.73
2011-07-28,26.06,26.45,26.06,26.23,9640900,22.67
2011-07-27,26.03,26.27,26.02,26.11,11529300,22.56
2011-07-26,26.17,26.24,26.05,26.16,8115400,22.61
2011-07-25,26.10,26.30,26.04,26.24,11865900,22.67
2011-07-22,26.63,26.63,26.24,26.36,11518100,22.78
2011-07-21,26.48,26.64,26.25,26.59,11524800,22.98
2011-07-20,26.92,26.92,26.01,26.37,19694600,22.79
2011-07-19,26.69,27.05,26.66,27.02,10578900,23.35
2011-07-18,26.62,26.68,26.45,26.60,7001700,22.99
2011-07-15,26.86,26.86,26.47,26.69,9781600,23.06
2011-07-14,26.90,27.02,26.78,26.85,8414300,23.20
2011-07-13,27.09,27.09,26.77,26.86,7232000,23.21
2011-07-12,26.86,27.08,26.74,26.90,11003700,23.24
2011-07-11,26.99,27.04,26.79,26.93,11833700,23.27
2011-07-08,26.86,26.93,26.75,26.89,10326200,23.24
2011-07-07,26.99,27.09,26.86,27.00,9235600,23.33
2011-07-06,26.55,26.96,26.55,26.82,9786100,23.18
2011-07-05,26.49,26.90,26.40,26.60,11799700,22.99
2011-07-01,26.35,26.55,26.20,26.53,11206300,22.92
2011-06-30,26.12,26.44,26.02,26.41,12624200,22.82
2011-06-29,26.38,26.54,26.02,26.10,20196800,22.55
2011-06-28,26.43,26.52,25.92,26.36,21479900,22.78
2011-06-27,26.78,26.83,26.67,26.77,9285700,23.13
2011-06-24,26.80,26.84,26.63,26.79,12138800,23.15
2011-06-23,26.80,26.87,26.53,26.85,13489500,23.20
2011-06-22,27.06,27.26,27.00,27.18,13148700,23.49
2011-06-21,27.36,27.61,27.18,27.31,12115600,23.60
2011-06-20,27.10,27.40,27.09,27.32,16801400,23.61
2011-06-17,27.13,27.26,27.06,27.08,12158900,23.40
2011-06-16,26.44,27.03,26.40,26.93,11941500,23.27
2011-06-15,27.29,27.30,26.50,26.61,15599300,22.99
2011-06-14,27.06,27.54,27.05,27.37,11468800,23.65
2011-06-13,26.53,27.12,26.48,26.93,11169000,23.27
2011-06-10,27.50,27.57,27.00,27.01,11493800,23.01
2011-06-09,27.25,27.64,27.20,27.46,9886200,23.39
2011-06-08,27.01,27.35,26.94,27.29,9614100,23.25
2011-06-07,27.41,27.46,27.10,27.10,8836900,23.09
2011-06-06,27.61,27.61,27.25,27.25,9741400,23.22
2011-06-03,27.41,27.76,27.35,27.60,20693400,23.51
2011-06-02,27.92,27.92,27.52,27.57,11853300,23.49
2011-06-01,28.09,28.13,27.90,27.92,10556500,23.79
2011-05-31,28.01,28.09,27.90,28.06,10055600,23.91
2011-05-27,27.83,27.99,27.81,27.94,6095100,23.80
2011-05-26,27.83,27.85,27.63,27.77,16481500,23.66
2011-05-25,27.81,28.00,27.57,27.91,18435200,23.78
2011-05-24,27.89,27.98,27.78,27.92,7960400,23.79
2011-05-23,27.55,28.03,27.51,27.85,12297800,23.73
2011-05-20,28.00,28.01,27.70,27.74,9233000,23.63
2011-05-19,27.95,28.03,27.79,27.98,6959200,23.84
2011-05-18,27.65,27.90,27.56,27.87,12867800,23.74
2011-05-17,27.43,27.82,27.42,27.66,12833000,23.57
2011-05-16,27.22,27.60,27.19,27.49,29941000,23.42
2011-05-13,27.38,27.63,27.20,27.31,7066800,23.27
2011-05-12,27.05,27.37,26.91,27.35,7986100,23.30
2011-05-11,27.18,27.27,27.00,27.06,6831500,23.05
2011-05-10,27.20,27.25,27.04,27.17,7377800,23.15
2011-05-09,26.97,27.16,26.95,27.14,8182000,23.12
2011-05-06,26.88,27.16,26.84,26.96,11607400,22.97
2011-05-05,26.80,26.90,26.62,26.68,8388400,22.73
2011-05-04,26.98,27.00,26.70,26.85,18073500,22.88
2011-05-03,26.84,27.00,26.71,27.00,10560500,23.00
2011-05-02,26.82,27.00,26.70,26.78,9044800,22.82
2011-04-29,26.71,27.00,26.66,26.84,9528100,22.87
2011-04-28,26.64,26.71,26.50,26.65,11321100,22.70
2011-04-27,26.38,26.71,26.37,26.62,12034600,22.68
2011-04-26,26.06,26.41,26.05,26.29,9209000,22.40
2011-04-25,26.09,26.17,25.95,26.08,7361700,22.22
2011-04-21,26.28,26.28,25.98,26.06,11425000,22.20
2011-04-20,26.10,26.30,26.05,26.15,15391600,22.28
2011-04-19,26.50,26.51,26.04,26.38,14317900,22.47
2011-04-18,26.82,26.87,26.41,26.55,13910600,22.62
2011-04-15,26.94,27.15,26.85,27.01,10639100,23.01
2011-04-14,26.70,26.99,26.63,26.89,8515300,22.91
2011-04-13,26.78,26.78,26.54,26.68,8141200,22.73
2011-04-12,26.50,26.80,26.42,26.70,11059100,22.75
2011-04-11,26.47,26.75,26.40,26.52,13057100,22.59
2011-04-08,26.05,26.33,26.05,26.24,9844900,22.36
2011-04-07,26.29,26.31,25.90,26.10,11805400,22.24
2011-04-06,26.23,26.33,26.14,26.28,8633800,22.39
2011-04-05,25.88,26.20,25.85,26.11,8616100,22.24
2011-04-04,26.00,26.01,25.81,25.94,6837100,22.10
2011-04-01,25.89,26.14,25.86,25.98,8302000,22.13
2011-03-31,26.06,26.10,25.94,26.03,9001700,22.18
2011-03-30,26.10,26.27,26.02,26.11,9736100,22.24
2011-03-29,26.03,26.08,25.87,25.97,8440600,22.13
2011-03-28,25.97,26.19,25.90,26.05,19170000,22.19
2011-03-25,25.97,26.02,25.79,25.82,8898100,22.00
2011-03-24,25.64,25.97,25.58,25.93,13405600,22.09
2011-03-23,25.40,25.65,25.33,25.61,9177500,21.82
2011-03-22,25.17,25.58,25.15,25.43,12275800,21.67
2011-03-21,24.96,25.24,24.90,25.15,10460200,21.43
2011-03-18,24.70,24.88,24.51,24.80,15245100,21.13
2011-03-17,24.57,24.77,24.40,24.44,11895800,20.82
2011-03-16,24.59,24.71,24.19,24.29,14603300,20.69
2011-03-15,24.53,24.76,24.47,24.71,11007500,21.05
2011-03-14,24.90,25.20,24.90,24.99,8603300,21.29
2011-03-11,25.07,25.16,24.91,25.05,13845100,21.34
2011-03-10,25.71,25.82,25.62,25.64,10765000,21.52
2011-03-09,25.60,25.82,25.58,25.81,8017700,21.66
2011-03-08,25.42,25.72,25.40,25.66,7909800,21.54
2011-03-07,25.47,25.59,25.36,25.38,32727700,21.30
2011-03-04,25.39,25.48,25.15,25.32,33571700,21.25
2011-03-03,25.22,25.52,25.15,25.44,37859900,21.35
2011-03-02,25.22,25.32,25.00,25.05,13464700,21.03
2011-03-01,25.48,25.70,25.11,25.12,11987900,21.08
2011-02-28,24.96,25.40,24.91,25.37,15304500,21.29
2011-02-25,24.70,24.95,24.70,24.94,8815100,20.93
2011-02-24,24.59,24.76,24.53,24.71,9177600,20.74
2011-02-23,24.73,24.87,24.66,24.71,12915600,20.74
2011-02-22,24.64,24.92,24.60,24.74,10637300,20.77
2011-02-18,24.74,24.81,24.60,24.79,8569600,20.81
2011-02-17,24.47,24.73,24.43,24.73,14431100,20.76
2011-02-16,24.52,24.58,24.36,24.48,10366400,20.55
2011-02-15,24.40,24.52,24.31,24.48,7796300,20.55
2011-02-14,24.48,24.49,24.26,24.49,8553000,20.56
2011-02-11,24.06,24.49,24.00,24.44,10668600,20.51
2011-02-10,24.11,24.20,24.05,24.09,8735200,20.22
2011-02-09,24.10,24.17,24.04,24.15,7867200,20.27
2011-02-08,24.09,24.14,23.95,24.13,9229600,20.25
2011-02-07,24.09,24.09,23.89,24.06,18692900,20.19
2011-02-04,24.13,24.13,23.81,24.00,9495100,20.14
2011-02-03,23.69,24.08,23.54,24.05,15601800,20.19
2011-02-02,23.57,23.78,23.54,23.68,11732200,19.88
2011-02-01,23.65,23.71,23.48,23.58,16223300,19.79
2011-01-31,23.78,23.79,23.34,23.51,16289300,19.73
2011-01-28,23.93,24.07,23.79,23.79,12547600,19.97
2011-01-27,24.30,24.35,23.87,23.92,14876000,20.08
2011-01-26,24.32,24.43,24.25,24.27,10811000,20.37
2011-01-25,24.35,24.46,24.19,24.29,10783600,20.39
2011-01-24,24.10,24.43,24.05,24.42,13503500,20.50
2011-01-21,24.17,24.22,24.01,24.09,23216300,20.22
2011-01-20,24.01,24.18,23.97,24.04,10034900,20.18
2011-01-19,24.09,24.13,23.95,23.99,9295200,20.14
2011-01-18,24.01,24.22,24.00,24.08,12694400,20.21
2011-01-14,24.10,24.21,24.00,24.16,8120400,20.28
2011-01-13,24.05,24.15,23.96,24.12,7684600,20.24
2011-01-12,24.05,24.15,23.92,24.06,13610100,20.19
2011-01-11,24.36,24.36,24.04,24.07,12645000,20.20
2011-01-10,24.56,24.57,24.19,24.24,15637300,20.35
2011-01-07,24.63,24.68,24.37,24.39,11876300,20.47
2011-01-06,24.56,24.67,24.46,24.58,10559900,20.63
2011-01-05,24.43,24.51,24.29,24.48,12798100,20.55
2011-01-04,24.47,24.49,24.13,24.39,12607100,20.47
2011-01-03,24.71,24.77,24.44,24.50,10546500,20.56
2010-12-31,24.60,24.66,24.50,24.62,4268800,20.66
2010-12-30,24.67,24.68,24.56,24.60,4477500,20.65
2010-12-29,24.78,24.80,24.70,24.71,5471800,20.74
2010-12-28,24.79,24.85,24.65,24.75,5882600,20.77
2010-12-27,24.75,24.83,24.66,24.70,5093700,20.73
2010-12-23,25.00,25.11,24.79,24.85,7517700,20.86
2010-12-22,25.30,25.33,25.15,25.26,8551600,20.88
2010-12-21,25.23,25.33,25.23,25.25,11162400,20.87
2010-12-20,25.06,25.22,25.00,25.17,10764500,20.81
2010-12-17,24.95,24.99,24.87,24.99,10847100,20.66
2010-12-16,24.83,24.98,24.75,24.96,6444300,20.63
2010-12-15,24.73,24.84,24.61,24.75,11705600,20.46
2010-12-14,24.77,24.82,24.66,24.79,6597800,20.49
2010-12-13,24.93,24.93,24.65,24.74,9701800,20.45
2010-12-10,24.68,24.90,24.67,24.85,11570800,20.54
2010-12-09,24.56,24.61,24.43,24.59,12802900,20.33
2010-12-08,24.05,24.42,24.04,24.40,12894100,20.17
2010-12-07,24.19,24.21,23.97,24.05,12210400,19.88
2010-12-06,23.83,24.11,23.81,24.05,20336200,19.88
2010-12-03,23.78,23.98,23.75,23.81,14685400,19.68
2010-12-02,24.14,24.23,23.70,23.80,22566800,19.68
2010-12-01,24.22,24.34,24.05,24.17,15975800,19.98
2010-11-30,24.33,24.35,23.98,24.00,18993700,19.84
2010-11-29,24.30,24.51,24.11,24.43,12899400,20.20
2010-11-26,24.35,24.49,24.32,24.36,5123700,20.14
2010-11-24,24.69,24.72,24.38,24.57,9634200,20.31
2010-11-23,24.31,24.61,24.18,24.54,13625000,20.29
2010-11-22,24.60,24.71,24.34,24.48,11943200,20.24
2010-11-19,24.78,24.82,24.55,24.74,10032100,20.45
2010-11-18,24.73,24.90,24.66,24.75,10741200,20.46
2010-11-17,24.34,24.60,24.29,24.46,9214700,20.22
2010-11-16,24.51,24.57,24.05,24.38,16483700,20.16
2010-11-15,24.88,24.90,24.66,24.69,11348400,20.41
2010-11-12,25.04,25.05,24.54,24.85,18158100,20.54
2010-11-11,24.95,25.29,24.95,25.23,10487600,20.86
2010-11-10,25.53,25.56,24.94,25.21,21507200,20.84
2010-11-09,25.95,25.95,25.53,25.58,14061500,21.15
2010-11-08,25.93,25.96,25.75,25.87,10294400,21.39
2010-11-05,26.21,26.22,26.00,26.11,10033900,21.59
2010-11-04,25.93,26.15,25.83,26.15,13091800,21.62
2010-11-03,25.59,25.79,25.57,25.76,9819200,21.30
2010-11-02,25.47,25.69,25.44,25.57,9304200,21.14
2010-11-01,25.54,25.60,25.23,25.37,13232600,20.97
2010-10-29,25.28,25.42,25.24,25.42,12037100,21.01
2010-10-28,25.36,25.40,25.18,25.34,9282900,20.95
2010-10-27,25.11,25.12,24.90,25.11,9583000,20.76
2010-10-26,25.01,25.21,25.01,25.20,7836000,20.83
2010-10-25,25.01,25.23,24.98,25.06,12163700,20.72
2010-10-22,24.97,24.98,24.87,24.92,7631600,20.60
2010-10-21,24.93,25.00,24.86,24.95,10685800,20.63
2010-10-20,24.83,24.97,24.68,24.92,13046900,20.60
2010-10-19,24.84,24.91,24.61,24.75,12133100,20.46
2010-10-18,24.90,24.96,24.85,24.90,11042500,20.58
2010-10-15,24.89,25.00,24.82,24.88,20664500,20.57
2010-10-14,24.66,24.85,24.63,24.80,8171400,20.50
2010-10-13,24.66,24.81,24.60,24.62,11199800,20.35
2010-10-12,24.41,24.61,24.31,24.54,12558200,20.29
2010-10-11,24.49,24.52,24.27,24.35,9462600,20.13
2010-10-08,24.61,24.75,24.49,24.51,10119800,20.26
2010-10-07,24.54,24.70,24.50,24.57,12685200,20.31
2010-10-06,24.28,24.53,24.28,24.43,14491600,20.20
2010-10-05,24.00,24.31,23.96,24.25,23718900,20.05
2010-10-04,23.78,23.96,23.75,23.83,8451400,19.70
2010-10-01,24.01,24.05,23.66,23.78,16443400,19.66
2010-09-30,24.10,24.39,23.88,24.02,13180900,19.86
2010-09-29,24.18,24.33,24.10,24.25,10708800,20.05
2010-09-28,24.08,24.21,23.95,24.20,12505300,20.01
2010-09-27,24.06,24.10,24.00,24.01,10999400,19.85
2010-09-24,23.74,24.02,23.69,24.00,15704400,19.84
2010-09-23,23.67,23.69,23.48,23.60,13253100,19.51
2010-09-22,23.87,23.98,23.83,23.87,10931400,19.73
2010-09-21,23.69,23.88,23.62,23.86,12173200,19.73
2010-09-20,23.60,23.76,23.45,23.71,9297000,19.60
2010-09-17,23.57,23.71,23.49,23.50,12473900,19.43
2010-09-16,23.64,23.66,23.43,23.47,14239300,19.40
2010-09-15,23.47,23.78,23.40,23.68,10596100,19.58
2010-09-14,23.39,23.65,23.26,23.51,10614300,19.44
2010-09-13,23.59,23.64,23.38,23.47,12172300,19.40
2010-09-10,23.74,23.94,23.70,23.84,13844400,19.39
2010-09-09,23.62,23.70,23.49,23.63,14073300,19.22
2010-09-08,23.21,23.54,23.11,23.45,39202300,19.08
2010-09-07,22.95,23.24,22.94,23.11,40207500,18.80
2010-09-03,22.91,22.98,22.75,22.91,13047300,18.64
2010-09-02,22.60,22.82,22.58,22.79,8807400,18.54
2010-09-01,22.60,22.82,22.45,22.66,15393200,18.43
2010-08-31,22.45,22.53,22.26,22.32,19897600,18.16
2010-08-30,22.64,22.68,22.51,22.52,12414400,18.32
2010-08-27,22.68,22.70,22.38,22.54,15787900,18.34
2010-08-26,22.88,22.89,22.45,22.61,12558100,18.39
2010-08-25,22.69,22.90,22.51,22.85,21610700,18.59
2010-08-24,22.60,22.86,22.37,22.79,15673100,18.54
2010-08-23,22.83,22.94,22.69,22.73,12292800,18.49
2010-08-20,22.64,22.81,22.62,22.71,11266500,18.48
2010-08-19,22.92,22.95,22.55,22.76,12577000,18.52
2010-08-18,22.86,22.98,22.76,22.93,15476400,18.65
2010-08-17,22.72,22.99,22.53,22.92,15193100,18.65
2010-08-16,22.34,22.60,22.15,22.60,9915200,18.39
2010-08-13,22.42,22.51,22.29,22.35,6405000,18.18
2010-08-12,22.27,22.52,22.15,22.45,9705500,18.26
2010-08-11,22.38,22.68,22.36,22.44,13636700,18.26
2010-08-10,22.49,22.78,22.44,22.63,8440400,18.41
2010-08-09,22.57,22.68,22.53,22.59,6818600,18.38
2010-08-06,22.25,22.55,22.17,22.54,10439800,18.34
2010-08-05,22.23,22.40,22.21,22.34,8511600,18.17
2010-08-04,22.15,22.43,22.11,22.35,11402100,18.18
2010-08-03,22.20,22.29,22.07,22.12,10325100,18.00
2010-08-02,22.38,22.40,22.21,22.25,13529300,18.10
2010-07-30,21.88,22.25,21.82,22.16,10513000,18.03
2010-07-29,22.14,22.25,21.95,22.02,13015600,17.91
2010-07-28,22.00,22.14,21.98,22.07,9606300,17.95
2010-07-27,22.06,22.15,21.94,22.05,11663200,17.94
2010-07-26,22.18,22.25,21.86,21.99,18641600,17.89
2010-07-23,21.77,22.23,21.77,22.12,20962800,18.00
2010-07-22,21.58,21.89,21.42,21.85,19861900,17.78
2010-07-21,21.70,21.70,21.26,21.41,13568400,17.42
2010-07-20,21.20,21.52,21.16,21.52,10672900,17.51
2010-07-19,21.37,21.49,21.30,21.38,10290600,17.39
2010-07-16,21.41,21.46,21.11,21.26,14095600,17.30
2010-07-15,21.34,21.49,21.28,21.46,10816900,17.46
2010-07-14,21.28,21.35,21.17,21.35,10893600,17.37
2010-07-13,21.38,21.45,21.22,21.34,12101400,17.36
2010-07-12,21.40,21.48,21.23,21.30,10710400,17.33
2010-07-09,21.42,21.48,21.16,21.30,15029400,17.33
2010-07-08,20.97,21.43,20.88,21.32,22149100,17.34
2010-07-07,20.59,20.90,20.48,20.89,17573900,16.99
2010-07-06,20.50,20.70,20.39,20.54,13047100,16.71
2010-07-02,20.21,20.40,20.05,20.31,11413700,16.52
2010-07-01,20.15,20.27,19.89,20.24,17864800,16.47
2010-06-30,20.00,20.25,19.91,20.04,19685700,16.30
2010-06-29,20.13,20.26,19.85,19.96,26881000,16.24
2010-06-28,19.69,20.89,19.69,20.34,47737100,16.55
2010-06-25,19.67,19.77,19.53,19.70,28483300,16.03
2010-06-24,19.73,19.87,19.59,19.62,17190500,15.96
2010-06-23,19.86,19.93,19.71,19.77,13894600,16.08
2010-06-22,20.05,20.15,19.78,19.85,12503000,16.15
2010-06-21,20.17,20.23,20.00,20.06,12676900,16.32
2010-06-18,20.01,20.08,19.95,20.02,14569000,16.29
2010-06-17,19.80,20.01,19.76,19.99,15916400,16.26
2010-06-16,19.78,19.91,19.75,19.83,10934600,16.13
2010-06-15,19.69,19.92,19.60,19.91,15012300,16.20
2010-06-14,20.25,20.25,19.57,19.57,30941300,15.92
2010-06-11,19.90,20.10,19.68,20.08,22530500,16.34
2010-06-10,20.30,20.46,20.25,20.32,33461900,16.25
2010-06-09,20.28,20.37,20.01,20.05,40222000,16.03
2010-06-08,19.93,20.27,19.82,20.20,27161400,16.15
2010-06-07,20.16,20.22,19.82,19.82,25447700,15.85
2010-06-04,20.43,20.47,19.97,20.02,30253500,16.01
2010-06-03,20.52,20.60,20.40,20.59,14908800,16.46
2010-06-02,20.25,20.40,20.16,20.38,23052300,16.29
2010-06-01,20.25,20.42,20.07,20.12,20790100,16.09
2010-05-28,20.60,20.65,20.25,20.29,23478300,16.22
2010-05-27,20.45,20.63,20.31,20.54,26744700,16.42
2010-05-26,20.66,20.69,20.14,20.16,25133400,16.12
2010-05-25,20.35,20.59,20.15,20.40,32136400,16.31
2010-05-24,20.93,21.10,20.79,20.85,26510100,16.67
2010-05-21,20.45,21.03,20.20,21.01,32598900,16.80
2010-05-20,21.09,21.10,20.67,20.67,23402100,16.53
2010-05-19,21.23,21.37,21.07,21.31,18045800,17.04
2010-05-18,21.77,21.80,21.34,21.37,20335300,17.09
2010-05-17,21.64,21.91,21.57,21.70,18409300,17.35
2010-05-14,21.58,21.75,21.50,21.61,19942100,17.28
2010-05-13,21.72,21.80,21.58,21.63,10825900,17.29
2010-05-12,21.76,21.77,21.48,21.67,15713400,17.33
2010-05-11,21.48,21.74,21.37,21.59,18091700,17.26
2010-05-10,21.31,21.60,21.03,21.58,24825700,17.25
2010-05-07,20.67,20.84,20.36,20.76,25532200,16.60
2010-05-06,21.11,21.20,19.20,20.75,31283100,16.59
2010-05-05,21.15,21.46,21.11,21.22,12876600,16.97
2010-05-04,21.29,21.40,21.20,21.26,16717500,17.00
2010-05-03,21.28,21.50,21.22,21.40,10413000,17.11
2010-04-30,21.23,21.48,21.18,21.19,14218400,16.94
2010-04-29,21.08,21.30,21.07,21.18,10305100,16.93
2010-04-28,21.08,21.11,20.91,21.02,14961000,16.81
2010-04-27,21.25,21.25,20.91,20.92,18975000,16.73
2010-04-26,21.39,21.44,21.17,21.25,17187000,16.99
2010-04-23,21.31,21.39,21.12,21.36,10143500,17.08
2010-04-22,21.40,21.46,21.20,21.28,12587700,17.01
2010-04-21,21.30,21.61,21.25,21.46,15480800,17.16
2010-04-20,21.00,21.20,20.95,21.17,13152500,16.93
2010-04-19,20.80,20.93,20.80,20.93,8666900,16.73
2010-04-16,21.02,21.16,20.75,20.87,15930500,16.69
2010-04-15,21.08,21.12,21.00,21.10,8292800,16.87
2010-04-14,21.10,21.16,20.97,21.16,13191800,16.92
2010-04-13,21.05,21.15,20.88,21.10,9727700,16.87
2010-04-12,20.96,21.20,20.94,21.10,10573400,16.87
2010-04-09,20.95,20.96,20.70,20.93,8719900,16.73
2010-04-08,20.68,20.79,20.64,20.68,13182600,16.53
2010-04-07,21.03,21.03,20.67,20.79,12971400,16.62
2010-04-06,20.93,21.03,20.90,20.98,10435900,16.77
2010-04-05,20.89,20.97,20.84,20.92,9015800,16.73
2010-04-01,20.54,20.84,20.54,20.83,16314400,16.65
2010-03-31,20.60,20.65,20.46,20.52,9619100,16.41
2010-03-30,20.69,20.73,20.51,20.65,12761900,16.51
2010-03-29,20.50,20.69,20.46,20.65,12376400,16.51
2010-03-26,20.53,20.59,20.37,20.42,11035400,16.33
2010-03-25,20.49,20.60,20.47,20.52,14844200,16.41
2010-03-24,20.52,20.52,20.40,20.47,16961600,16.37
2010-03-23,20.45,20.54,20.36,20.52,8921900,16.41
2010-03-22,20.31,20.48,20.23,20.44,9447400,16.34
2010-03-19,20.34,20.55,20.25,20.34,15862300,16.26
2010-03-18,20.35,20.48,20.35,20.46,8917700,16.36
2010-03-17,20.45,20.46,20.23,20.33,33244300,16.25
2010-03-16,20.32,20.52,20.32,20.36,12956100,16.28
2010-03-15,20.26,20.40,20.11,20.37,13010200,16.29
2010-03-12,20.47,20.48,20.13,20.20,16536100,16.15
2010-03-11,20.48,20.58,20.18,20.37,13046000,16.29
2010-03-10,20.80,20.86,20.70,20.82,15672100,16.37
2010-03-09,20.73,20.83,20.70,20.77,16554900,16.33
2010-03-08,20.80,20.81,20.67,20.74,13901100,16.30
2010-03-05,20.50,20.78,20.48,20.71,12249200,16.28
2010-03-04,20.40,20.44,20.28,20.42,14095900,16.05
2010-03-03,20.47,20.48,20.30,20.35,12762500,16.00
2010-03-02,20.36,20.45,20.30,20.33,12661600,15.98
2010-03-01,20.17,20.34,20.17,20.27,10422000,15.93
2010-02-26,20.48,20.48,20.12,20.12,15720700,15.82
2010-02-25,20.14,20.46,20.01,20.41,21307900,16.04
2010-02-24,20.08,20.31,19.95,20.26,18101300,15.93
2010-02-23,20.23,20.25,19.93,19.97,21163500,15.70
2010-02-22,20.13,20.33,20.08,20.27,12790600,15.93
2010-02-19,19.93,20.21,19.93,20.16,12752800,15.85
2010-02-18,19.75,20.08,19.73,20.00,11181600,15.72
2010-02-17,19.77,19.85,19.70,19.78,8752800,15.55
2010-02-16,19.84,19.89,19.57,19.73,15081500,15.51
2010-02-12,19.54,19.74,19.40,19.63,15749000,15.43
2010-02-11,19.40,19.74,19.25,19.61,17005000,15.41
2010-02-10,19.54,19.54,19.25,19.38,11380700,15.23
2010-02-09,19.54,19.58,19.23,19.46,16964600,15.30
2010-02-08,19.43,19.63,19.35,19.37,13840700,15.23
2010-02-05,19.38,19.41,19.14,19.38,14334100,15.23
2010-02-04,19.70,19.72,19.40,19.42,13403600,15.27
2010-02-03,19.93,19.94,19.69,19.78,11683000,15.55
2010-02-02,19.93,19.99,19.81,19.93,12398900,15.67
2010-02-01,19.90,19.98,19.78,19.88,10247300,15.63
2010-01-29,20.08,20.10,19.83,19.86,19335300,15.61
2010-01-28,19.90,20.10,19.80,20.01,16444400,15.73
2010-01-27,19.97,20.05,19.83,19.99,12544400,15.71
2010-01-26,19.75,20.05,19.75,19.96,13101300,15.69
2010-01-25,19.82,20.08,19.68,19.91,15154800,15.65
2010-01-22,19.89,20.04,19.70,19.71,13655100,15.49
2010-01-21,20.33,20.37,19.81,19.89,21862200,15.63
2010-01-20,20.27,20.36,20.15,20.33,12583500,15.98
2010-01-19,20.26,20.57,20.25,20.38,17747000,16.02
2010-01-15,20.44,20.64,20.31,20.42,16158600,16.05
2010-01-14,20.23,20.45,20.16,20.38,9619900,16.02
2010-01-13,20.12,20.40,20.12,20.24,11938400,15.91
2010-01-12,20.21,20.25,20.03,20.15,15306300,15.84
2010-01-11,20.28,20.35,20.11,20.26,11921000,15.93
2010-01-08,20.04,20.12,19.87,20.11,10822200,15.81
2010-01-07,20.08,20.14,19.95,20.06,14983300,15.77
2010-01-06,19.85,20.11,19.80,20.09,21307300,15.79
2010-01-05,19.81,19.85,19.67,19.80,11742100,15.56
2010-01-04,19.77,19.87,19.58,19.79,11048600,15.56
2009-12-31,19.74,19.83,19.63,19.63,6356800,15.43
2009-12-30,19.85,19.89,19.72,19.81,9331300,15.57
2009-12-29,20.02,20.03,19.85,19.85,7749500,15.60
2009-12-28,20.19,20.19,19.83,19.98,12476000,15.71
2009-12-24,20.34,20.47,20.25,20.37,8544400,15.75
2009-12-23,20.02,20.29,19.98,20.16,22785100,15.58
2009-12-22,19.80,19.93,19.79,19.87,12706900,15.36
2009-12-21,19.74,19.83,19.70,19.71,9867100,15.23
2009-12-18,19.70,19.74,19.56,19.65,18944500,15.19
2009-12-17,19.58,19.67,19.51,19.59,12799600,15.14
2009-12-16,19.79,19.82,19.62,19.63,16186400,15.17
2009-12-15,19.65,19.78,19.48,19.70,11410000,15.23
2009-12-14,19.66,19.85,19.60,19.67,13884500,15.20
2009-12-11,19.50,19.60,19.45,19.52,23722100,15.09
2009-12-10,19.45,19.51,19.43,19.45,9945100,15.03
2009-12-09,19.30,19.43,19.25,19.37,16889600,14.97
2009-12-08,19.46,19.46,19.13,19.26,12790100,14.89
2009-12-07,19.33,19.47,19.24,19.37,17773000,14.97
2009-12-04,19.15,19.43,19.15,19.32,16607800,14.93
2009-12-03,19.24,19.32,19.12,19.14,13749100,14.79
2009-12-02,19.08,19.23,19.08,19.16,12951900,14.81
2009-12-01,18.96,19.17,18.91,19.07,12666100,14.74
2009-11-30,19.10,19.10,18.75,18.81,17691600,14.54
2009-11-27,19.00,19.25,18.81,19.00,13636500,14.69
2009-11-25,19.36,19.40,19.12,19.19,14012600,14.83
2009-11-24,19.20,19.42,19.07,19.30,19892000,14.92
2009-11-23,19.13,19.22,19.05,19.13,24163000,14.79
2009-11-20,19.16,19.17,18.88,18.98,19908500,14.67
2009-11-19,19.32,19.36,19.11,19.21,13353500,14.85
2009-11-18,19.26,19.41,19.22,19.30,12026300,14.92
2009-11-17,19.26,19.37,19.19,19.24,15039400,14.87
2009-11-16,19.41,19.48,19.30,19.34,15320600,14.95
2009-11-13,19.07,19.30,19.00,19.26,14634000,14.89
2009-11-12,18.97,19.16,18.95,19.02,11498900,14.70
2009-11-11,19.23,19.25,18.91,18.97,15441400,14.66
2009-11-10,18.88,19.20,18.83,19.07,17102000,14.74
2009-11-09,18.83,18.93,18.68,18.87,19848700,14.59
2009-11-06,18.58,18.61,18.41,18.54,19278400,14.33
2009-11-05,18.58,18.73,18.47,18.67,17581600,14.43
2009-11-04,18.46,18.65,18.38,18.47,15614400,14.28
2009-11-03,18.27,18.47,18.17,18.46,15222300,14.27
2009-11-02,18.12,18.36,18.02,18.30,11396400,14.15
2009-10-30,18.31,18.42,18.09,18.11,16068000,14.00
2009-10-29,18.23,18.47,18.07,18.36,15846600,14.19
2009-10-28,18.23,18.32,18.15,18.20,14365600,14.07
2009-10-27,18.00,18.20,17.88,18.14,16746800,14.02
2009-10-26,17.99,18.14,17.81,17.98,19926700,13.90
2009-10-23,18.18,18.18,17.80,17.93,15551700,13.86
2009-10-22,18.17,18.27,17.98,18.18,14305700,14.05
2009-10-21,18.37,18.43,18.10,18.21,28397800,14.08
2009-10-20,18.40,18.72,18.34,18.66,17559800,14.42
2009-10-19,18.32,18.65,18.30,18.35,19258200,14.18
2009-10-16,18.19,18.34,18.10,18.27,14264600,14.12
2009-10-15,18.20,18.30,18.14,18.25,13734000,14.11
2009-10-14,18.20,18.28,18.08,18.23,12066000,14.09
2009-10-13,18.18,18.21,17.98,18.06,11817700,13.96
2009-10-12,18.20,18.29,18.08,18.12,13471600,14.01
2009-10-09,17.96,18.11,17.84,18.06,13908100,13.96
2009-10-08,17.82,17.92,17.79,17.85,10782300,13.80
2009-10-07,17.78,17.86,17.66,17.73,13415500,13.70
2009-10-06,17.75,17.89,17.50,17.81,16951000,13.77
2009-10-05,17.60,17.68,17.28,17.64,16546100,13.63
2009-10-02,17.41,17.53,17.36,17.47,15792600,13.50
2009-10-01,17.77,17.80,17.38,17.54,42518100,13.56
2009-09-30,17.95,17.97,17.69,17.81,20952600,13.77
2009-09-29,17.66,18.00,17.66,17.90,18408900,13.84
2009-09-28,17.58,17.76,17.50,17.67,14250500,13.66
2009-09-25,17.55,17.70,17.46,17.50,10775100,13.53
2009-09-24,17.77,17.80,17.47,17.50,21369500,13.53
2009-09-23,17.87,17.99,17.73,17.75,22548400,13.72
2009-09-22,18.05,18.06,17.81,17.89,16546400,13.83
2009-09-21,17.86,18.04,17.75,18.04,16544000,13.94
2009-09-18,18.08,18.08,17.95,17.96,19158700,13.88
2009-09-17,18.24,18.30,17.89,18.02,21469300,13.93
2009-09-16,18.00,18.29,17.92,18.23,19488200,14.09
2009-09-15,18.04,18.10,17.77,17.91,17917600,13.84
2009-09-14,18.15,18.23,17.93,17.99,21437200,13.91
2009-09-11,18.31,18.35,18.00,18.14,20808900,14.02
2009-09-10,18.68,18.70,18.40,18.53,27094100,14.06
2009-09-09,18.56,18.68,18.46,18.59,20122300,14.11
2009-09-08,18.62,18.62,18.46,18.52,18118900,14.05
2009-09-04,18.20,18.51,18.18,18.50,12043800,14.04
2009-09-03,18.39,18.39,18.15,18.21,12101900,13.82
2009-09-02,18.16,18.37,18.06,18.28,17914100,13.87
2009-09-01,18.27,18.33,18.03,18.11,17558500,13.74
2009-08-31,18.27,18.37,18.15,18.28,13520300,13.87
2009-08-28,18.40,18.45,18.12,18.22,15624200,13.82
2009-08-27,18.22,18.28,18.00,18.27,20861700,13.86
2009-08-26,18.09,18.21,18.05,18.17,13514800,13.79
2009-08-25,18.44,18.44,18.07,18.15,19119200,13.77
2009-08-24,18.14,18.45,18.05,18.33,16721100,13.91
2009-08-21,18.01,18.10,17.83,18.04,17063400,13.69
2009-08-20,17.70,17.89,17.57,17.84,12397700,13.54
2009-08-19,17.56,17.74,17.50,17.66,12594800,13.40
2009-08-18,17.51,17.72,17.45,17.64,10839900,13.38
2009-08-17,17.40,17.55,17.36,17.52,15002300,13.29
2009-08-14,17.60,17.73,17.48,17.56,9057800,13.32
2009-08-13,17.66,17.70,17.50,17.64,16585500,13.38
2009-08-12,17.49,17.77,17.46,17.58,33860700,13.34
2009-08-11,17.51,17.74,17.48,17.52,14232000,13.29
2009-08-10,17.70,17.75,17.50,17.56,11327000,13.32
2009-08-07,17.72,17.83,17.60,17.71,11089200,13.44
2009-08-06,17.60,17.64,17.44,17.64,14851800,13.38
2009-08-05,17.64,17.70,17.41,17.51,12769500,13.29
2009-08-04,17.63,17.74,17.47,17.61,15761400,13.36
2009-08-03,17.73,17.87,17.60,17.63,15689900,13.38
2009-07-31,17.71,17.94,17.43,17.53,12969700,13.30
2009-07-30,17.83,18.00,17.66,17.68,13690600,13.42
2009-07-29,17.60,17.72,17.50,17.69,11005800,13.42
2009-07-28,17.42,17.75,17.26,17.58,14059600,13.34
2009-07-27,17.28,17.44,17.11,17.43,13895900,13.23
2009-07-24,17.38,17.49,17.19,17.34,11699300,13.16
2009-07-23,17.37,17.50,17.17,17.41,17054700,13.21
2009-07-22,17.11,17.50,17.07,17.30,16430200,13.13
2009-07-21,17.34,17.50,17.20,17.33,13185800,13.15
2009-07-20,17.39,17.40,17.15,17.27,13342300,13.10
2009-07-17,17.01,17.37,16.95,17.34,16555100,13.16
2009-07-16,16.78,17.09,16.78,16.99,23125800,12.89
2009-07-15,16.75,16.89,16.61,16.85,18858900,12.79
2009-07-14,16.63,16.70,16.56,16.64,13782700,12.63
2009-07-13,16.50,16.68,16.45,16.66,13409400,12.64
2009-07-10,16.49,16.53,16.40,16.47,21281400,12.50
2009-07-09,16.44,16.44,16.30,16.35,14773100,12.41
2009-07-08,16.42,16.46,16.29,16.40,15476700,12.44
2009-07-07,16.54,16.65,16.32,16.35,14306600,12.41
2009-07-06,16.24,16.67,16.10,16.62,15532600,12.61
2009-07-02,16.57,16.62,16.26,16.30,18596500,12.37
2009-07-01,16.46,16.75,16.40,16.68,13876800,12.66
2009-06-30,16.51,16.56,16.28,16.39,13080000,12.44
2009-06-29,16.53,16.55,16.39,16.50,9435800,12.52
2009-06-26,16.54,16.56,16.34,16.48,17926200,12.50
2009-06-25,16.24,16.54,16.18,16.54,16201500,12.55
2009-06-24,16.37,16.41,16.15,16.21,13619300,12.30
2009-06-23,16.45,16.45,16.19,16.26,16562200,12.34
2009-06-22,16.28,16.48,16.23,16.35,16361400,12.41
2009-06-19,16.45,16.54,16.30,16.41,27428100,12.45
2009-06-18,16.27,16.49,16.22,16.38,13802300,12.43
2009-06-17,16.34,16.48,16.20,16.22,21754200,12.31
2009-06-16,16.56,16.63,16.26,16.26,15271500,12.34
2009-06-15,16.58,16.64,16.45,16.55,17605700,12.56
2009-06-12,16.80,16.89,16.52,16.64,19464900,12.63
2009-06-11,16.95,17.18,16.84,16.85,20984800,12.79
2009-06-10,17.40,17.49,16.98,17.07,24441400,12.71
2009-06-09,17.31,17.40,17.16,17.35,20349300,12.92
2009-06-08,17.00,17.43,16.90,17.21,21314200,12.81
2009-06-05,17.06,17.15,16.93,17.03,12995800,12.68
2009-06-04,17.00,17.12,16.91,16.97,14050800,12.63
2009-06-03,17.06,17.12,16.95,17.00,23838300,12.66
2009-06-02,17.22,17.29,17.12,17.12,11183800,12.75
2009-06-01,17.19,17.25,17.10,17.19,11991600,12.80
2009-05-29,17.08,17.10,16.82,17.09,11810400,12.72
2009-05-28,16.66,17.06,16.66,17.00,15269700,12.66
2009-05-27,16.94,16.96,16.64,16.66,12959800,12.40
2009-05-26,16.64,16.99,16.59,16.92,12941500,12.60
2009-05-22,16.60,16.81,16.52,16.64,12370000,12.39
2009-05-21,16.63,16.72,16.54,16.64,14786500,12.39
2009-05-20,16.92,16.99,16.67,16.77,22125700,12.49
2009-05-19,16.89,16.92,16.67,16.81,13672600,12.52
2009-05-18,16.94,16.95,16.50,16.88,25300000,12.57
2009-05-15,16.99,17.22,16.91,16.98,19368600,12.64
2009-05-14,17.17,17.35,16.87,17.00,18657600,12.66
2009-05-13,17.32,17.50,17.03,17.21,12378500,12.81
2009-05-12,17.16,17.62,17.13,17.39,16852700,12.95
2009-05-11,17.00,17.16,16.85,17.04,10206400,12.69
2009-05-08,17.16,17.20,16.97,17.10,12458500,12.73
2009-05-07,17.14,17.15,16.79,17.03,14148200,12.68
2009-05-06,16.71,17.07,16.63,17.06,19180000,12.70
2009-05-05,16.25,16.61,16.06,16.60,14880600,12.36
2009-05-04,16.60,16.60,16.07,16.17,19447500,12.04
2009-05-01,16.40,16.40,16.12,16.37,11720000,12.19
2009-04-30,16.96,16.98,16.33,16.33,20857600,12.16
2009-04-29,17.06,17.10,16.79,16.82,15043700,12.52
2009-04-28,16.80,17.10,16.76,17.00,12211300,12.66
2009-04-27,16.86,17.13,16.80,16.88,11450500,12.57
2009-04-24,16.95,17.24,16.76,16.92,14903400,12.60
2009-04-23,16.92,16.98,16.71,16.90,12828800,12.58
2009-04-22,16.58,17.34,16.46,16.85,29365100,12.55
2009-04-21,16.84,16.99,16.63,16.73,15839400,12.46
2009-04-20,16.96,17.15,16.78,16.93,14728600,12.61
2009-04-17,17.01,17.15,16.85,16.99,15344600,12.65
2009-04-16,16.97,17.04,16.58,16.98,14994000,12.64
2009-04-15,16.44,16.92,16.40,16.89,16289900,12.58
2009-04-14,16.51,16.62,16.18,16.48,14195200,12.27
2009-04-13,16.48,16.64,16.31,16.56,14313400,12.33
2009-04-09,16.37,16.48,16.03,16.31,15841000,12.14
2009-04-08,16.32,16.48,16.18,16.39,9260400,12.20
2009-04-07,16.13,16.53,16.00,16.29,14695600,12.13
2009-04-06,16.06,16.21,15.97,16.16,11402400,12.03
2009-04-03,16.01,16.21,15.97,16.16,13762900,12.03
2009-04-02,16.40,16.45,16.03,16.11,19276000,11.99
2009-04-01,15.84,16.40,15.76,16.30,16588600,12.14
2009-03-31,16.49,16.54,15.82,16.02,24162100,11.93
2009-03-30,16.34,16.74,16.16,16.38,13237300,12.20
2009-03-27,17.00,17.00,16.43,16.56,17200100,12.33
2009-03-26,17.35,17.39,16.84,17.21,19915500,12.81
2009-03-25,17.20,17.40,17.01,17.27,13421700,12.86
2009-03-24,17.12,17.32,16.91,17.22,14150700,12.82
2009-03-23,16.96,17.11,16.67,17.11,15539800,12.74
2009-03-20,16.80,17.10,16.65,16.78,18530500,12.49
2009-03-19,16.94,16.98,16.43,16.69,18859400,12.43
2009-03-18,16.96,17.15,16.66,16.85,19289200,12.55
2009-03-17,16.97,17.23,16.70,17.22,15229300,12.82
2009-03-16,16.71,17.24,16.71,16.91,18201800,12.59
2009-03-13,16.28,16.86,16.06,16.68,18089400,12.42
2009-03-12,16.07,16.39,15.83,16.30,19503300,12.14
2009-03-11,16.70,16.72,16.25,16.39,23460000,11.96
2009-03-10,16.06,16.65,15.88,16.60,27199900,12.12
2009-03-09,15.61,15.99,15.51,15.86,20552300,11.58
2009-03-06,15.81,15.84,15.47,15.72,22881100,11.48
2009-03-05,15.11,15.98,15.00,15.65,34902000,11.42
2009-03-04,14.88,15.22,14.58,15.07,23394900,11.00
2009-03-03,15.06,15.10,14.50,14.62,32405400,10.67
2009-03-02,15.24,15.41,15.00,15.07,21945700,11.00
2009-02-27,15.00,15.59,14.90,15.44,27385400,11.27
2009-02-26,15.58,15.75,15.11,15.12,13070600,11.04
2009-02-25,15.35,15.62,15.15,15.41,37556500,11.25
2009-02-24,15.13,15.44,15.00,15.37,19460000,11.22
2009-02-23,14.83,15.59,14.83,15.05,17282400,10.99
2009-02-20,14.89,15.61,14.89,15.46,18226300,11.29
2009-02-19,15.07,15.85,15.07,15.70,16614500,11.46
2009-02-18,15.63,15.75,15.41,15.53,19202400,11.34
2009-02-17,15.65,15.76,15.42,15.57,21262000,11.37
2009-02-13,16.35,16.39,15.84,15.92,24584200,11.62
2009-02-12,16.47,16.58,16.17,16.55,19628400,12.08
2009-02-11,16.55,16.73,16.42,16.47,14460300,12.02
2009-02-10,16.87,16.90,16.35,16.47,20218600,12.02
2009-02-09,16.92,16.94,16.71,16.81,12358900,12.27
2009-02-06,16.51,16.98,16.36,16.96,20449500,12.38
2009-02-05,16.76,16.78,16.32,16.47,22783800,12.02
2009-02-04,16.94,17.03,16.70,16.75,25090000,12.23
2009-02-03,16.76,17.00,16.73,16.93,22449800,12.36
2009-02-02,16.44,16.93,16.40,16.69,19742300,12.18
2009-01-30,16.90,16.99,16.51,16.54,27836100,12.07
2009-01-29,16.99,17.07,16.77,16.84,21537600,12.29
2009-01-28,17.07,17.07,16.50,16.80,19674100,12.26
2009-01-27,16.76,17.00,16.70,16.93,17313400,12.36
2009-01-26,16.99,17.10,16.59,16.69,16574900,12.18
2009-01-23,16.71,17.02,16.59,16.84,15210100,12.29
2009-01-22,16.76,17.08,16.66,16.96,18683000,12.38
2009-01-21,17.42,17.52,16.46,16.97,31220400,12.39
2009-01-20,16.95,17.63,16.80,17.16,38668800,12.53
2009-01-16,16.68,16.95,16.31,16.84,28722900,12.29
2009-01-15,16.24,16.50,16.05,16.37,27687300,11.95
2009-01-14,16.05,16.22,15.82,16.18,29341600,11.81
2009-01-13,16.02,16.27,15.77,16.22,35456900,11.84
2009-01-12,15.59,16.25,15.20,15.79,33828200,11.53
2009-01-09,15.23,15.60,15.13,15.48,22106300,11.30
2009-01-08,15.13,15.20,15.00,15.10,19361900,11.02
2009-01-07,15.07,15.21,15.01,15.09,17684600,11.02
2009-01-06,15.47,15.60,15.04,15.15,24478500,11.06
2009-01-05,15.15,15.44,15.10,15.38,24224200,11.23
2009-01-02,15.18,15.25,14.96,15.20,18379100,11.10
2008-12-31,15.37,15.41,15.03,15.06,18256100,10.99
2008-12-30,15.21,15.34,15.09,15.33,15208800,11.19
2008-12-29,15.07,15.19,14.91,15.19,15939200,11.09
2008-12-26,15.00,15.10,14.94,15.06,8336100,10.99
2008-12-24,14.82,14.99,14.70,14.90,6131500,10.88
2008-12-23,14.76,14.92,14.63,14.72,15469400,10.75
2008-12-22,15.19,15.22,14.49,14.73,23488700,10.75
2008-12-19,15.49,15.75,15.20,15.28,33295900,10.92
2008-12-18,14.88,15.24,14.85,15.18,33692500,10.85
2008-12-17,14.71,15.00,14.46,14.67,32966000,10.48
2008-12-16,15.29,15.36,14.42,14.54,50835700,10.39
2008-12-15,15.71,15.88,14.96,15.21,25594200,10.87
2008-12-12,14.89,15.41,14.75,15.34,24099900,10.96
2008-12-11,15.23,15.25,14.96,15.02,24396200,10.74
2008-12-10,15.03,15.13,14.93,15.06,18430300,10.76
2008-12-09,14.99,15.18,14.79,14.93,24270200,10.67
2008-12-08,15.34,15.48,14.76,15.00,28291900,10.72
2008-12-05,14.88,15.12,14.62,15.00,33939600,10.72
2008-12-04,15.37,15.50,14.90,15.03,23232600,10.74
2008-12-03,14.93,15.59,14.86,15.50,24357100,11.08
2008-12-02,15.51,15.55,14.80,15.09,25643400,10.79
2008-12-01,16.00,16.03,15.22,15.26,18922800,10.91
2008-11-28,15.84,16.08,15.63,16.08,10449500,11.49
2008-11-26,15.69,15.93,15.50,15.87,21087800,11.34
2008-11-25,15.90,16.02,15.44,15.80,23855500,11.29
2008-11-24,15.99,15.99,15.23,15.43,30125400,11.03
2008-11-21,15.02,15.53,14.51,15.49,41011500,11.07
2008-11-20,16.26,16.40,14.34,14.45,40805900,10.33
2008-11-19,16.86,17.20,16.41,16.50,23374700,11.79
2008-11-18,16.26,16.96,16.00,16.96,26727200,12.12
2008-11-17,16.04,16.95,15.97,16.20,26725800,11.58
2008-11-14,16.46,16.81,16.20,16.26,21707200,11.62
2008-11-13,16.73,16.98,15.90,16.68,35649300,11.92
2008-11-12,17.19,17.20,16.50,16.58,26250900,11.85
2008-11-11,17.77,17.95,17.12,17.33,19967600,12.39
2008-11-10,18.32,18.40,17.60,17.82,16177200,12.74
2008-11-07,17.80,18.21,17.80,17.98,13869500,12.85
2008-11-06,18.36,18.37,17.47,17.65,24551700,12.61
2008-11-05,18.88,19.18,18.20,18.24,19502300,13.04
2008-11-04,19.42,19.59,19.00,19.09,18010400,13.64
2008-11-03,19.39,19.39,18.94,19.13,11842900,13.67
2008-10-31,19.14,19.69,19.00,19.19,16765000,13.72
2008-10-30,19.75,19.90,18.74,19.16,23861600,13.69
2008-10-29,19.41,19.97,19.07,19.14,26127800,13.68
2008-10-28,19.02,19.55,18.25,19.53,25128000,13.96
2008-10-27,18.95,19.27,18.46,18.46,19372000,13.19
2008-10-24,18.50,19.48,18.50,19.22,28994400,13.74
2008-10-23,19.33,20.00,18.86,19.58,27313700,13.99
2008-10-22,19.14,19.88,18.90,19.29,28292600,13.79
2008-10-21,19.78,20.19,19.25,19.38,18677900,13.85
2008-10-20,19.93,20.44,19.51,20.36,19608600,14.55
2008-10-17,18.79,20.24,18.58,19.32,28075300,13.81
2008-10-16,18.71,19.31,17.63,19.00,32673400,13.58
2008-10-15,19.25,19.50,17.96,18.07,21031300,12.92
2008-10-14,20.64,20.74,18.92,19.55,33696500,13.97
2008-10-13,18.35,20.31,18.11,19.97,30261800,14.27
2008-10-10,16.50,17.84,16.26,17.16,48657000,12.26
2008-10-09,18.52,18.85,17.00,17.38,31701400,12.42
2008-10-08,18.17,19.17,17.86,18.10,31038200,12.94
2008-10-07,19.83,19.93,18.48,18.52,24983400,13.24
2008-10-06,19.93,20.54,18.77,19.33,28732200,13.82
2008-10-03,20.33,20.91,20.12,20.29,17797600,14.50
2008-10-02,20.46,20.69,19.99,20.08,20495100,14.35
2008-10-01,19.80,20.74,19.69,20.55,21780600,14.69
2008-09-30,19.85,20.23,19.70,19.84,20014800,14.18
2008-09-29,20.71,20.72,19.26,19.35,24779000,13.83
2008-09-26,20.24,20.96,20.15,20.89,14886900,14.93
2008-09-25,19.97,20.69,19.95,20.48,20582600,14.64
2008-09-24,20.03,20.05,19.70,19.88,15038100,14.21
2008-09-23,20.10,20.43,19.78,19.78,12235700,14.14
2008-09-22,20.68,20.75,20.01,20.04,14001000,14.32
2008-09-19,20.81,20.88,20.01,20.54,20262500,14.68
2008-09-18,20.11,20.59,19.83,20.22,24155800,14.45
2008-09-17,20.59,20.71,19.74,19.87,33192800,14.20
2008-09-16,20.68,20.81,20.25,20.64,15964900,14.75
2008-09-15,20.65,21.10,20.51,20.91,15229000,14.94
2008-09-12,20.83,21.18,20.64,21.16,14333700,15.12
2008-09-11,20.41,20.93,20.30,20.91,17644900,14.94
2008-09-10,20.80,21.07,20.71,20.76,12428500,14.61
2008-09-09,21.10,21.50,20.66,20.66,20505600,14.54
2008-09-08,21.38,21.85,20.78,20.97,29608400,14.76
2008-09-05,20.74,21.19,20.71,20.95,18125500,14.74
2008-09-04,21.25,21.39,20.63,20.66,14599500,14.54
2008-09-03,21.35,21.61,21.06,21.26,11884000,14.96
2008-09-02,21.13,21.70,21.12,21.35,19930300,15.02
2008-08-29,21.01,21.44,21.01,21.03,10668200,14.80
2008-08-28,20.63,21.04,20.63,21.04,10030200,14.81
2008-08-27,20.76,20.89,20.53,20.62,8421400,14.51
2008-08-26,20.83,20.90,20.65,20.78,7270800,14.62
2008-08-25,20.80,21.10,20.71,20.80,8305900,14.64
2008-08-22,20.95,21.07,20.75,20.92,6605900,14.72
2008-08-21,20.88,20.95,20.65,20.91,8857900,14.71
2008-08-20,21.07,21.07,20.75,20.99,8340100,14.77
2008-08-19,21.27,21.34,20.89,20.98,11068000,14.76
2008-08-18,21.68,21.74,21.25,21.34,7518000,15.02
2008-08-15,21.47,21.80,21.32,21.60,10133900,15.20
2008-08-14,21.48,21.54,21.28,21.40,11189400,15.06
2008-08-13,21.62,21.75,21.47,21.55,8145700,15.16
2008-08-12,21.30,21.81,21.13,21.71,13993100,15.28
2008-08-11,20.96,21.40,20.95,21.24,11184500,14.95
2008-08-08,20.75,21.03,20.67,20.95,16714300,14.74
2008-08-07,21.15,21.35,20.85,20.89,10692800,14.70
2008-08-06,21.08,21.47,20.99,21.24,17064700,14.95
2008-08-05,21.10,21.41,20.73,21.37,11658200,15.04
2008-08-04,20.95,21.14,20.80,21.07,10185800,14.83
2008-08-01,20.54,20.98,20.46,20.90,13795500,14.71
2008-07-31,21.13,21.47,20.10,20.35,26812200,14.32
2008-07-30,21.30,21.86,21.18,21.70,13536000,15.27
2008-07-29,20.92,21.47,20.87,21.37,11238300,15.04
2008-07-28,21.14,21.19,20.81,20.90,8322700,14.71
2008-07-25,20.85,21.34,20.76,21.07,10131300,14.83
2008-07-24,21.18,21.45,20.70,20.81,12992200,14.64
2008-07-23,20.63,21.22,20.63,21.21,12786000,14.93
2008-07-22,20.15,20.64,20.10,20.60,15904000,14.50
2008-07-21,20.53,20.65,20.21,20.27,9049800,14.26
2008-07-18,20.63,20.78,20.36,20.45,14566100,14.39
2008-07-17,21.03,21.08,20.50,20.65,16186200,14.53
2008-07-16,20.70,21.02,20.52,20.84,12418400,14.67
2008-07-15,20.61,21.24,20.61,20.69,14650600,14.56
2008-07-14,21.33,21.52,20.85,20.97,11119600,14.76
2008-07-11,20.94,21.55,20.66,21.26,12873600,14.96
2008-07-10,21.01,21.28,20.69,21.23,10925500,14.94
2008-07-09,21.11,21.27,20.77,20.96,13454200,14.75
2008-07-08,20.48,21.06,20.47,21.05,14049800,14.81
2008-07-07,20.16,20.70,20.03,20.52,15512800,14.44
2008-07-03,19.93,20.16,19.84,20.12,9133400,14.16
2008-07-02,20.32,20.35,19.86,19.92,17234400,14.02
2008-07-01,20.35,20.48,20.00,20.12,21280500,14.16
2008-06-30,20.34,20.73,20.33,20.56,10001400,14.47
2008-06-27,20.97,20.98,20.25,20.35,15261000,14.32
2008-06-26,21.05,21.49,20.97,20.97,12056400,14.76
2008-06-25,21.23,21.84,21.20,21.32,16915000,15.00
2008-06-24,20.79,21.15,20.75,21.11,15277000,14.86
2008-06-23,20.83,21.09,20.77,20.90,14896500,14.71
2008-06-20,20.73,20.88,20.66,20.78,16869600,14.62
2008-06-19,20.66,20.98,20.61,20.85,17584700,14.67
2008-06-18,20.61,20.78,20.61,20.71,10525700,14.57
2008-06-17,20.66,20.86,20.59,20.72,14685600,14.58
2008-06-16,21.00,21.00,20.54,20.60,14507000,14.50
2008-06-13,21.06,21.06,20.75,20.90,15083000,14.71
2008-06-12,20.85,21.21,20.80,20.94,16680700,14.74
2008-06-11,21.08,21.09,20.67,20.72,14253700,14.58
2008-06-10,21.06,21.19,20.75,21.13,14056300,14.67
2008-06-09,21.67,21.68,21.01,21.16,16356900,14.69
2008-06-06,22.10,22.31,21.52,21.53,16895400,14.94
2008-06-05,22.15,22.31,22.00,22.16,9971400,15.38
2008-06-04,21.94,22.10,21.91,22.06,14539700,15.31
2008-06-03,22.06,22.23,21.90,21.98,13058600,15.26
2008-06-02,22.32,22.35,21.97,22.03,12114900,15.29
2008-05-30,22.50,22.55,22.21,22.26,10254600,15.45
2008-05-29,22.33,22.69,22.33,22.45,9779300,15.58
2008-05-28,22.68,22.70,22.01,22.33,13738500,15.50
2008-05-27,22.33,22.53,22.10,22.48,19361300,15.60
2008-05-23,22.87,22.87,22.17,22.28,15424200,15.46
2008-05-22,22.43,23.02,22.37,22.77,16170400,15.80
2008-05-21,22.52,22.84,22.28,22.37,18871100,15.53
2008-05-20,22.56,22.80,22.38,22.44,20543100,15.57
2008-05-19,22.33,22.85,22.33,22.56,18326300,15.66
2008-05-16,22.30,22.49,22.06,22.45,13957100,15.58
2008-05-15,22.02,22.38,22.00,22.34,15962200,15.50
2008-05-14,21.93,22.15,21.86,22.00,14743400,15.27
2008-05-13,21.57,22.00,21.50,21.92,19898900,15.21
2008-05-12,20.95,21.62,20.90,21.58,15363100,14.98
2008-05-09,21.04,21.33,20.89,20.94,19028600,14.53
2008-05-08,20.92,21.35,20.84,21.33,17350400,14.80
2008-05-07,20.83,21.07,20.79,20.83,17979000,14.46
2008-05-06,20.75,20.96,20.51,20.89,15793100,14.50
2008-05-05,20.75,20.86,20.50,20.71,18785700,14.37
2008-05-02,20.08,20.53,19.98,20.43,17931400,14.18
2008-05-01,20.18,20.21,19.95,20.12,22304100,13.96
2008-04-30,20.35,20.38,19.99,20.00,30021400,13.88
2008-04-29,21.10,21.38,20.11,20.24,47218900,14.05
2008-04-28,21.50,21.59,21.23,21.29,22949900,14.78
2008-04-25,21.80,21.90,21.20,21.70,30215300,15.06
2008-04-24,22.44,22.66,22.26,22.53,15704600,15.64
2008-04-23,22.13,22.54,22.02,22.30,22160900,15.48
2008-04-22,22.11,22.30,21.96,22.05,12744000,15.30
2008-04-21,22.11,22.21,21.87,22.16,15612200,15.38
2008-04-18,21.95,22.16,21.76,22.10,18095200,15.34
2008-04-17,21.59,22.00,21.56,21.86,17537700,15.17
2008-04-16,21.58,21.73,21.19,21.67,23876200,15.04
2008-04-15,21.64,21.77,21.30,21.71,17133600,15.07
2008-04-14,21.41,21.60,21.33,21.54,18189100,14.95
2008-04-11,21.48,21.82,21.00,21.37,21843100,14.83
2008-04-10,20.90,21.83,20.85,21.69,27828800,15.05
2008-04-09,21.48,21.57,20.83,20.91,20155700,14.51
2008-04-08,21.96,21.96,21.29,21.43,19844800,14.87
2008-04-07,21.75,22.01,21.75,21.88,28600800,15.19
2008-04-04,22.14,22.14,21.65,21.71,21425300,15.07
2008-04-03,22.04,22.76,21.55,22.01,38455200,15.28
2008-04-02,22.37,22.53,21.85,22.08,39490000,15.32
2008-04-01,21.24,22.22,20.95,22.15,64113000,15.37
2008-03-31,23.12,23.72,21.95,22.20,33447900,15.41
2008-03-28,73.60,74.59,73.33,73.83,17760000,15.80
2008-03-27,73.24,73.91,73.03,73.22,22975600,15.67
2008-03-26,73.17,73.50,72.74,73.00,15852200,15.63
2008-03-25,71.56,73.33,71.52,73.33,13139500,15.70
2008-03-24,71.26,72.08,71.26,71.68,9981000,15.34
2008-03-20,70.78,71.00,70.00,70.26,16383000,15.04
2008-03-19,71.78,72.23,70.56,70.78,19647600,15.15
2008-03-18,70.46,71.67,68.00,71.56,22326000,15.32
2008-03-17,70.42,71.00,69.31,69.97,17607900,14.98
2008-03-14,73.51,73.81,71.35,71.78,24058200,15.20
2008-03-13,72.99,73.63,72.10,73.45,17707100,15.56
2008-03-12,75.14,75.14,73.43,73.66,18243400,15.60
2008-03-11,75.67,75.80,74.30,75.25,17764800,15.94
2008-03-10,74.44,75.65,74.20,74.74,12689700,15.83
2008-03-07,73.47,74.72,73.13,74.52,12640400,15.78
2008-03-06,74.68,74.68,73.85,73.97,8355700,15.67
2008-03-05,73.60,75.04,73.35,74.91,16056500,15.87
2008-03-04,72.49,74.16,72.40,73.83,12563500,15.64
2008-03-03,72.85,73.07,72.02,73.02,11076800,15.47
2008-02-29,73.46,73.71,72.90,73.14,10111500,15.49
2008-02-28,74.05,74.32,73.48,73.78,6947300,15.63
2008-02-27,73.97,74.54,73.93,74.47,7365300,15.77
2008-02-26,73.70,74.77,73.67,74.27,10440300,15.73
2008-02-25,73.50,74.34,73.12,74.26,7383200,15.73
2008-02-22,73.55,73.71,72.52,73.60,9546000,15.59
2008-02-21,73.10,73.63,72.65,73.39,13581500,15.55
2008-02-20,72.44,73.21,72.09,72.94,8555900,15.45
2008-02-19,72.51,73.72,72.46,72.93,11310800,15.45
2008-02-15,72.55,73.45,72.42,72.53,29659800,15.36
2008-02-14,73.00,73.08,72.45,72.69,9320600,15.40
2008-02-13,72.84,72.97,72.37,72.85,10185600,15.43
2008-02-12,72.72,72.77,71.98,72.43,10715800,15.34
2008-02-11,72.71,73.36,71.89,72.42,11798900,15.34
2008-02-08,73.85,74.00,73.01,73.09,8907400,15.48
2008-02-07,72.51,74.35,72.20,74.10,15359900,15.70
2008-02-06,73.49,74.05,72.61,72.76,8761900,15.41
2008-02-05,74.59,75.22,73.05,73.13,12003700,15.49
2008-02-04,75.40,75.92,74.89,75.07,6238700,15.90
2008-02-01,75.99,76.31,74.48,75.44,11076300,15.98
2008-01-31,76.08,76.87,75.45,75.79,14890000,16.05
2008-01-30,75.86,77.89,75.63,76.50,20832800,16.20
2008-01-29,75.73,76.49,74.00,76.12,16818000,16.12
2008-01-28,74.19,75.04,73.65,75.01,8869900,15.89
2008-01-25,75.16,75.49,73.47,73.95,14953600,15.66
2008-01-24,73.27,75.32,72.50,74.89,13482500,15.86
2008-01-23,72.05,74.05,70.88,72.85,24435700,15.43
2008-01-22,72.00,74.57,71.28,73.38,22672800,15.54
2008-01-18,77.42,77.98,74.67,75.42,21979800,15.98
2008-01-17,79.00,79.14,76.74,76.80,23839000,16.27
2008-01-16,78.10,78.67,77.51,77.91,13961900,16.50
2008-01-15,78.37,79.00,78.02,78.46,10264100,16.62
2008-01-14,78.97,79.15,78.01,78.69,10363600,16.67
2008-01-11,78.35,79.59,78.35,79.02,10649000,16.74
2008-01-10,78.86,79.20,78.15,78.82,12825800,16.70
2008-01-09,79.36,79.56,78.54,79.21,16521700,16.78
2008-01-08,78.12,79.43,77.90,78.32,17342200,16.59
2008-01-07,75.22,77.40,75.22,77.23,16011400,16.36
2008-01-04,75.26,75.95,74.81,74.90,11110400,15.86
2008-01-03,75.08,75.98,74.93,75.39,10013800,15.97
2008-01-02,75.50,76.00,74.67,74.93,8757300,15.87
