Date,Open,High,Low,Close,Volume,Adj Close
2013-12-31,67.18,67.64,67.15,67.50,647800,67.18
2013-12-30,67.11,67.67,67.11,67.25,590900,66.93
2013-12-27,67.12,67.61,67.03,67.33,599800,67.01
2013-12-26,67.09,67.49,66.94,67.18,861100,66.86
2013-12-24,66.53,67.28,66.50,67.10,538500,66.79
2013-12-23,66.00,66.88,65.66,66.78,1744500,66.47
2013-12-20,65.65,66.08,65.59,65.61,3196500,65.30
2013-12-19,66.06,66.35,65.82,65.85,2152300,65.54
2013-12-18,65.44,66.17,64.99,66.16,1015300,65.85
2013-12-17,65.09,65.79,64.84,65.52,1175100,65.21
2013-12-16,65.05,65.50,64.84,65.36,1154900,65.05
2013-12-13,64.85,65.23,64.61,65.05,1233600,64.74
2013-12-12,64.40,65.10,64.21,64.86,1334700,64.56
2013-12-11,64.83,65.42,64.55,64.60,1150900,64.30
2013-12-10,65.51,66.09,65.13,65.41,1431100,64.79
2013-12-09,66.02,66.26,65.65,65.79,923100,65.17
2013-12-06,65.59,66.33,65.41,66.18,1131900,65.56
2013-12-05,64.75,65.57,64.70,65.23,1084800,64.62
2013-12-04,65.37,65.70,64.63,64.93,1357400,64.32
2013-12-03,65.38,65.84,65.00,65.79,927600,65.17
2013-12-02,65.75,66.13,65.43,65.66,928600,65.04
2013-11-29,65.59,66.29,65.33,65.88,764600,65.26
2013-11-27,65.65,65.96,65.34,65.50,1204600,64.88
2013-11-26,65.85,65.99,65.22,65.57,1914700,64.95
2013-11-25,65.83,66.14,65.60,65.79,721200,65.17
2013-11-22,65.39,65.95,65.16,65.88,743900,65.26
2013-11-21,64.85,65.46,64.69,65.41,1468500,64.79
2013-11-20,64.79,65.07,64.51,64.58,1300300,63.97
2013-11-19,65.30,65.50,64.55,64.61,1120000,64.00
2013-11-18,65.49,65.79,65.19,65.42,1208600,64.80
2013-11-15,64.81,65.79,64.73,65.57,1500800,64.95
2013-11-14,64.41,64.97,64.27,64.58,1086500,63.97
2013-11-13,64.00,64.48,63.80,64.45,1213200,63.84
2013-11-12,63.51,64.25,63.42,64.24,1192000,63.64
2013-11-11,63.00,63.69,62.94,63.51,1031900,62.91
2013-11-08,62.60,63.17,62.60,63.12,1172000,62.53
2013-11-07,62.85,63.42,62.44,62.49,1602100,61.90
2013-11-06,62.89,63.20,62.61,62.65,1144500,62.06
2013-11-05,62.58,63.00,62.52,62.68,807400,62.09
2013-11-04,62.40,62.88,62.40,62.71,1125300,62.12
2013-11-01,62.68,62.85,61.99,62.39,1199100,61.80
2013-10-31,62.31,62.98,62.08,62.52,1167700,61.93
2013-10-30,62.69,62.79,61.95,62.25,1121200,61.66
2013-10-29,62.79,63.06,62.52,62.73,930000,62.14
2013-10-28,63.00,63.11,62.33,62.44,1261600,61.85
2013-10-25,62.65,63.06,62.42,62.99,1523800,62.40
2013-10-24,62.30,62.80,62.08,62.51,1802000,61.92
2013-10-23,61.68,66.39,60.68,62.40,8847300,61.81
2013-10-22,61.00,61.19,60.21,60.43,3228100,59.86
2013-10-21,60.88,61.20,60.82,61.18,1885700,60.60
2013-10-18,60.99,61.09,60.65,60.81,2562300,60.24
2013-10-17,60.40,60.97,60.25,60.92,1988900,60.35
2013-10-16,60.73,61.00,60.43,60.71,2014900,60.14
2013-10-15,60.71,61.00,60.46,60.49,1677900,59.92
2013-10-14,60.26,61.13,59.95,61.03,1405400,60.46
2013-10-11,60.38,60.84,60.31,60.52,1046200,59.95
2013-10-10,59.95,60.61,59.85,60.61,1133300,60.04
2013-10-09,59.82,59.89,58.93,59.39,1362400,58.83
2013-10-08,60.87,60.91,59.57,59.62,1569900,59.06
2013-10-07,60.66,61.57,60.53,60.89,1531300,60.32
2013-10-04,60.37,61.24,60.16,61.14,1978700,60.56
2013-10-03,60.48,60.79,60.34,60.56,1954300,59.99
2013-10-02,60.52,60.72,60.15,60.70,2405500,60.13
2013-10-01,59.42,60.89,59.24,60.89,2788000,60.32
2013-09-30,59.29,59.61,59.15,59.38,1420600,58.82
2013-09-27,59.74,59.92,59.55,59.75,838700,59.19
2013-09-26,59.87,60.10,59.71,59.87,990700,59.31
2013-09-25,59.80,60.12,59.53,59.85,1617800,59.29
2013-09-24,60.23,60.23,59.92,59.99,2714000,59.43
2013-09-23,60.16,60.39,60.05,60.37,1655200,59.80
2013-09-20,59.93,60.77,59.88,60.39,8420000,59.82
2013-09-19,59.22,59.92,59.20,59.69,2588000,59.13
2013-09-18,58.25,59.38,58.10,59.26,2663700,58.70
2013-09-17,57.76,58.29,57.76,58.28,1547200,57.73
2013-09-16,58.06,58.16,57.77,57.81,2050300,57.27
2013-09-13,57.44,57.53,57.15,57.46,1042300,56.92
2013-09-12,57.35,58.00,57.29,57.50,2043800,56.96
2013-09-11,56.99,57.32,56.64,57.25,1096500,56.71
2013-09-10,57.76,58.00,57.14,57.37,1794000,56.52
2013-09-09,56.63,58.00,56.63,57.59,2370800,56.74
2013-09-06,56.17,56.81,55.80,56.47,1894600,55.64
2013-09-05,55.93,56.59,55.93,56.17,1457900,55.34
2013-09-04,56.22,56.38,55.96,56.08,2384900,55.25
2013-09-03,56.38,57.00,56.04,56.28,1749400,55.45
2013-08-30,56.16,56.21,55.85,56.01,1408800,55.18
2013-08-29,56.26,56.43,55.97,56.19,1372400,55.36
2013-08-28,56.12,56.60,56.12,56.39,1308900,55.56
2013-08-27,56.03,56.35,55.70,56.12,1720600,55.29
2013-08-26,56.59,57.06,56.53,56.55,1001500,55.72
2013-08-23,56.49,56.84,56.31,56.74,1100300,55.90
2013-08-22,56.05,56.45,55.94,56.33,1435500,55.50
2013-08-21,56.86,57.00,55.78,56.06,3258900,55.23
2013-08-20,56.96,57.14,56.85,57.05,1913300,56.21
2013-08-19,56.97,57.52,56.94,57.09,1518600,56.25
2013-08-16,57.31,57.46,56.90,57.15,2011800,56.31
2013-08-15,57.10,57.10,56.52,56.96,3299600,56.12
2013-08-14,57.68,57.96,57.62,57.71,1392900,56.86
2013-08-13,57.39,57.94,57.32,57.84,1406500,56.99
2013-08-12,57.05,57.56,56.80,57.44,1898100,56.59
2013-08-09,56.84,57.54,56.84,57.36,1534500,56.51
2013-08-08,56.60,57.16,56.26,57.13,1721100,56.29
2013-08-07,56.19,56.52,56.05,56.48,1679100,55.65
2013-08-06,55.92,56.52,55.84,56.40,1656500,55.57
2013-08-05,55.80,56.12,55.64,56.10,1190600,55.27
2013-08-02,55.32,56.13,55.15,56.02,1742500,55.19
2013-08-01,55.07,55.40,54.92,55.32,1417200,54.50
2013-07-31,54.56,55.26,54.13,54.83,2434000,54.02
2013-07-30,54.23,54.63,53.90,54.35,2568400,53.55
2013-07-29,54.02,54.46,53.74,54.01,2143500,53.21
2013-07-26,53.92,54.34,53.62,54.26,3245000,53.46
2013-07-25,55.95,55.98,54.19,54.25,5029600,53.45
2013-07-24,56.41,56.88,53.88,56.04,7396700,55.21
2013-07-23,59.75,60.69,59.75,59.98,2138100,59.09
2013-07-22,59.73,59.95,59.42,59.87,2566900,58.99
2013-07-19,59.46,60.08,59.24,59.85,2248800,58.97
2013-07-18,59.37,59.50,59.00,59.36,1222700,58.48
2013-07-17,59.33,59.59,59.10,59.42,894100,58.54
2013-07-16,59.10,59.58,59.03,59.32,1448700,58.44
2013-07-15,59.49,59.62,59.13,59.17,1353600,58.30
2013-07-12,59.05,59.75,58.86,59.54,1353300,58.66
2013-07-11,58.91,59.43,58.85,59.05,1836100,58.18
2013-07-10,58.03,58.53,57.94,58.43,2120700,57.57
2013-07-09,58.08,58.46,57.71,58.03,1134800,57.17
2013-07-08,58.04,58.59,57.85,57.86,1180100,57.01
2013-07-05,57.58,57.97,57.33,57.93,1097400,57.07
2013-07-03,57.12,57.63,57.02,57.26,894900,56.41
2013-07-02,57.75,57.88,57.22,57.49,1890000,56.64
2013-07-01,57.81,58.43,57.81,57.98,1227500,57.12
2013-06-28,57.72,58.33,57.46,57.73,4738700,56.88
2013-06-27,57.68,58.20,57.42,57.84,1510500,56.99
2013-06-26,56.66,57.68,56.54,57.49,2791700,56.64
2013-06-25,55.98,56.42,55.55,56.35,2740900,55.52
2013-06-24,55.33,55.80,54.64,55.59,2335500,54.77
2013-06-21,55.97,56.03,55.17,55.82,4309300,55.00
2013-06-20,56.53,56.84,55.36,55.50,2725500,54.68
2013-06-19,57.33,57.42,56.75,56.78,2196700,55.94
2013-06-18,57.44,57.63,57.17,57.35,1119000,56.50
2013-06-17,57.17,57.50,57.08,57.33,1618200,56.48
2013-06-14,57.11,57.53,56.92,56.93,1518500,56.09
2013-06-13,56.25,57.29,56.04,57.19,1659600,56.35
2013-06-12,56.59,56.68,56.03,56.26,1499900,55.43
2013-06-11,56.28,57.08,55.97,56.38,1547800,55.29
2013-06-10,57.00,57.10,56.34,56.61,2161200,55.52
2013-06-07,57.12,57.42,56.74,56.94,1581700,55.84
2013-06-06,56.29,56.92,56.15,56.92,2383600,55.82
2013-06-05,57.18,57.31,56.25,56.27,2017400,55.18
2013-06-04,57.70,58.05,57.38,57.41,2068800,56.30
2013-06-03,58.12,58.58,57.43,57.83,2204900,56.71
2013-05-31,58.31,59.04,57.95,57.96,2196900,56.84
2013-05-30,58.46,58.93,58.26,58.54,1414000,57.41
2013-05-29,58.29,58.53,58.00,58.32,1739000,57.19
2013-05-28,58.06,59.03,58.04,58.53,2529300,57.40
2013-05-24,57.30,58.03,56.86,57.81,3077400,56.69
2013-05-23,57.05,57.85,57.00,57.48,3855300,56.37
2013-05-22,57.71,58.21,57.19,57.30,2517200,56.19
2013-05-21,58.68,59.07,57.66,57.77,2686500,56.65
2013-05-20,57.62,58.83,57.62,58.25,3507500,57.13
2013-05-17,57.51,57.92,57.34,57.84,2294000,56.72
2013-05-16,57.10,57.88,56.89,57.53,3030500,56.42
2013-05-15,56.68,57.23,56.63,57.10,2239900,56.00
2013-05-14,56.01,56.94,56.01,56.89,2239000,55.79
2013-05-13,56.23,56.53,56.07,56.17,2247400,55.09
2013-05-10,56.44,56.78,56.09,56.48,2332000,55.39
2013-05-09,56.80,57.08,56.13,56.78,2676700,55.68
2013-05-08,56.81,57.36,56.43,57.00,2639500,55.90
2013-05-07,56.90,57.06,56.60,56.79,2605400,55.69
2013-05-06,57.03,57.60,56.91,56.95,1940300,55.85
2013-05-03,57.23,57.70,57.16,57.29,1766000,56.18
2013-05-02,56.42,57.02,56.25,56.89,1842300,55.79
2013-05-01,57.00,57.48,56.36,56.37,2176100,55.28
2013-04-30,57.40,57.41,56.55,57.20,2716800,56.10
2013-04-29,57.01,57.79,56.85,57.44,2360100,56.33
2013-04-26,56.31,57.19,56.31,56.80,3534600,55.70
2013-04-25,56.06,56.76,55.33,56.39,3657400,55.30
2013-04-24,54.74,57.10,53.28,56.02,8367400,54.94
2013-04-23,61.88,62.00,60.74,61.75,2326400,60.56
2013-04-22,61.84,62.06,61.31,61.78,839700,60.59
2013-04-19,61.55,62.25,61.02,61.72,1486100,60.53
2013-04-18,62.39,62.40,61.06,61.15,1727900,59.97
2013-04-17,62.67,62.76,61.97,62.13,1361100,60.93
2013-04-16,62.31,63.11,62.02,62.96,1218200,61.74
2013-04-15,63.38,63.44,61.82,61.83,1611600,60.64
2013-04-12,64.22,64.58,63.31,63.87,1181600,62.64
2013-04-11,64.56,64.72,64.15,64.63,1109400,63.38
2013-04-10,63.73,64.72,63.44,64.69,1012400,63.44
2013-04-09,63.30,63.93,63.08,63.64,991000,62.41
2013-04-08,62.59,63.20,62.34,63.17,1155200,61.95
2013-04-05,62.36,62.83,62.07,62.67,1056800,61.46
2013-04-04,62.68,63.19,62.56,62.99,1246200,61.77
2013-04-03,63.58,63.63,62.62,62.80,1611300,61.59
2013-04-02,64.00,64.20,63.47,63.70,650400,62.47
2013-04-01,63.97,64.23,63.56,63.70,748000,62.47
2013-03-28,63.46,64.10,63.31,64.03,1352000,62.79
2013-03-27,63.18,63.77,63.01,63.56,900500,62.33
2013-03-26,63.58,63.75,63.34,63.46,916200,62.23
2013-03-25,63.71,63.72,62.87,63.29,1186700,62.07
2013-03-22,62.49,63.78,62.47,63.61,1752300,62.38
2013-03-21,62.13,62.63,61.98,62.43,1173100,61.22
2013-03-20,61.95,62.52,61.91,62.40,1399600,61.20
2013-03-19,61.76,61.98,61.24,61.67,879600,60.48
2013-03-18,61.44,62.10,61.26,61.64,768700,60.45
2013-03-15,62.21,62.50,62.03,62.07,2211800,60.87
2013-03-14,62.49,62.57,62.02,62.34,1499800,61.14
2013-03-13,62.00,62.30,61.67,62.22,1264000,61.02
2013-03-12,62.51,62.62,61.47,62.13,2105900,60.68
2013-03-11,62.61,62.84,62.52,62.56,1715300,61.10
2013-03-08,62.87,63.32,62.53,62.75,2082000,61.28
2013-03-07,63.30,63.44,62.61,62.64,1397100,61.17
2013-03-06,63.25,63.58,63.03,63.11,1863900,61.63
2013-03-05,62.69,63.14,62.50,62.97,1773400,61.50
2013-03-04,61.76,62.50,61.63,62.50,1325200,61.04
2013-03-01,61.94,62.28,61.51,62.03,1247500,60.58
2013-02-28,61.95,62.51,61.86,62.21,1890600,60.75
2013-02-27,60.83,62.30,60.63,62.09,1901600,60.64
2013-02-26,60.40,60.84,60.12,60.63,2619500,59.21
2013-02-25,62.00,62.08,60.27,60.28,1851700,58.87
2013-02-22,61.17,61.95,61.03,61.90,1297300,60.45
2013-02-21,61.22,61.22,60.52,60.88,1384100,59.45
2013-02-20,61.98,61.99,61.25,61.26,1423600,59.83
2013-02-19,61.35,62.05,61.27,62.03,1519700,60.58
2013-02-15,61.32,61.83,61.15,61.43,1851700,59.99
2013-02-14,60.52,61.28,60.20,61.12,1765500,59.69
2013-02-13,61.00,61.40,60.79,60.81,1489400,59.39
2013-02-12,60.79,61.06,60.47,60.83,941300,59.41
2013-02-11,60.36,61.04,60.21,60.90,1080400,59.47
2013-02-08,60.20,60.48,59.19,60.30,1227000,58.89
2013-02-07,59.38,60.12,59.28,60.02,1419000,58.62
2013-02-06,58.97,59.67,58.69,59.39,1454500,58.00
2013-02-05,59.00,60.12,59.00,59.92,2260900,58.52
2013-02-04,58.50,59.14,58.50,58.69,1808600,57.32
2013-02-01,58.90,59.20,58.50,58.87,1324200,57.49
2013-01-31,58.62,58.94,58.36,58.39,1633300,57.02
2013-01-30,58.93,59.09,58.63,58.69,995000,57.32
2013-01-29,59.03,59.03,58.39,58.94,994300,57.56
2013-01-28,58.71,59.24,58.69,59.01,1181900,57.63
2013-01-25,58.81,58.90,58.37,58.60,1714900,57.23
2013-01-24,58.42,59.48,58.42,58.80,2434500,57.42
2013-01-23,58.11,58.75,55.97,58.54,6798900,57.17
2013-01-22,58.90,59.00,57.81,58.29,2416000,56.93
2013-01-18,58.28,59.25,58.28,59.01,3151200,57.63
2013-01-17,58.11,58.16,57.70,58.04,1295000,56.68
2013-01-16,57.35,58.02,57.10,57.95,2037300,56.59
2013-01-15,57.44,57.72,57.11,57.53,985000,56.18
2013-01-14,57.38,57.75,57.36,57.67,1198400,56.32
2013-01-11,57.02,57.63,56.75,57.50,1307100,56.15
2013-01-10,56.45,56.81,56.25,56.78,1260500,55.45
2013-01-09,56.06,56.27,55.98,56.25,691600,54.93
2013-01-08,56.49,56.50,55.67,55.94,1167800,54.63
2013-01-07,56.03,56.71,55.90,56.58,1981600,55.26
2013-01-04,56.01,56.49,55.95,56.28,1140000,54.96
2013-01-03,56.24,56.85,55.83,56.01,1206600,54.70
2013-01-02,56.14,56.65,55.63,56.20,2246200,54.88
2012-12-31,53.93,55.77,53.85,55.68,2133800,54.38
2012-12-28,54.38,54.67,54.06,54.08,1207300,52.81
2012-12-27,54.22,55.00,54.14,54.88,1478800,53.60
2012-12-26,54.72,54.87,54.01,54.34,777000,53.07
2012-12-24,54.08,54.78,54.08,54.78,604900,53.50
2012-12-21,54.68,54.71,54.02,54.58,2525400,53.30
2012-12-20,54.34,54.94,54.15,54.87,1146400,53.59
2012-12-19,54.78,54.82,54.31,54.33,1111200,53.06
2012-12-18,54.29,54.95,54.26,54.87,1089000,53.59
2012-12-17,54.06,54.68,53.90,54.28,1927500,53.01
2012-12-14,54.00,54.35,53.78,54.05,1049400,52.78
2012-12-13,54.42,54.78,54.13,54.25,937900,52.98
2012-12-12,54.78,55.14,54.45,54.52,1132400,53.24
2012-12-11,54.96,55.17,54.38,54.75,1860500,53.21
2012-12-10,54.42,54.76,54.42,54.65,1696700,53.12
2012-12-07,54.84,54.91,54.37,54.60,1248300,53.07
2012-12-06,54.96,55.13,54.65,54.74,2434300,53.20
2012-12-05,54.22,55.47,54.09,55.18,2698300,53.63
2012-12-04,54.27,54.68,54.14,54.22,1905500,52.70
2012-12-03,54.63,54.74,54.20,54.21,1518500,52.69
2012-11-30,54.52,54.86,54.31,54.45,3316100,52.92
2012-11-29,54.62,54.76,54.28,54.43,1462500,52.90
2012-11-28,53.80,54.54,53.62,54.43,1480800,52.90
2012-11-27,54.35,54.77,54.02,54.03,1760700,52.51
2012-11-26,54.11,54.65,54.03,54.60,1477200,53.07
2012-11-23,54.07,54.79,53.88,54.76,659400,53.22
2012-11-21,53.78,54.15,53.63,53.87,1018000,52.36
2012-11-20,53.24,53.86,53.04,53.86,2157300,52.35
2012-11-19,53.32,53.70,53.24,53.40,1355200,51.90
2012-11-16,52.73,53.05,52.19,52.89,1900500,51.41
2012-11-15,52.90,53.35,52.70,52.84,1998600,51.36
2012-11-14,53.31,53.49,52.71,52.80,1439800,51.32
2012-11-13,53.03,53.75,52.99,53.26,1101100,51.77
2012-11-12,53.11,53.59,52.76,53.41,1153000,51.91
2012-11-09,53.26,53.73,53.06,53.11,2969800,51.62
2012-11-08,53.60,53.96,53.11,53.11,2644100,51.62
2012-11-07,53.45,53.81,52.82,53.65,2374700,52.15
2012-11-06,53.20,53.99,53.20,53.89,2013700,52.38
2012-11-05,52.72,53.53,52.65,53.33,1523000,51.83
2012-11-02,53.65,53.65,52.71,52.90,2759000,51.42
2012-11-01,51.78,53.93,51.00,53.32,3788700,51.82
2012-10-31,51.50,51.83,50.42,51.68,2452900,50.23
2012-10-26,49.93,51.71,49.90,51.62,1972300,50.17
2012-10-25,51.25,51.57,49.81,50.00,2578600,48.60
2012-10-24,50.50,51.85,50.34,51.58,2675600,50.13
2012-10-23,49.95,50.07,49.49,49.77,2185300,48.37
2012-10-22,49.99,50.46,49.75,50.42,1612100,49.01
2012-10-19,50.81,50.95,50.05,50.23,1656800,48.82
2012-10-18,51.11,51.11,50.64,50.76,767200,49.34
2012-10-17,51.00,51.30,50.74,51.11,806500,49.68
2012-10-16,50.50,51.00,50.38,50.97,1206100,49.54
2012-10-15,50.10,50.37,49.94,50.35,991000,48.94
2012-10-12,50.23,50.50,49.97,50.09,852300,48.69
2012-10-11,50.27,50.95,50.08,50.08,748600,48.68
2012-10-10,50.29,50.29,49.58,49.95,1274200,48.55
2012-10-09,50.74,50.79,50.16,50.19,1214400,48.78
2012-10-08,51.16,51.24,50.69,50.80,771400,49.38
2012-10-05,51.20,51.66,51.00,51.32,1625000,49.88
2012-10-04,50.95,51.14,50.61,51.08,2313300,49.65
2012-10-03,50.30,50.94,49.96,50.90,2681300,49.47
2012-10-02,50.71,50.81,50.11,50.29,1436700,48.88
2012-10-01,50.85,50.94,50.32,50.62,1104600,49.20
2012-09-28,50.59,50.87,50.15,50.55,1454700,49.13
2012-09-27,50.31,50.82,50.13,50.75,1373400,49.33
2012-09-26,50.89,50.95,50.08,50.17,1915300,48.76
2012-09-25,51.32,51.45,50.83,50.83,2398200,49.40
2012-09-24,51.34,51.47,50.78,51.11,1545600,49.68
2012-09-21,50.31,51.92,50.31,51.79,3219000,50.34
2012-09-20,50.20,50.20,49.52,49.81,1171200,48.41
2012-09-19,49.76,50.50,49.68,50.34,1437100,48.93
2012-09-18,50.01,50.29,49.69,49.81,1555000,48.41
2012-09-17,50.35,50.38,49.89,50.17,1106700,48.76
2012-09-14,50.00,50.54,49.79,50.54,2175600,49.12
2012-09-13,49.14,50.30,49.14,50.12,2169700,48.71
2012-09-12,49.11,49.39,48.94,49.39,1794500,48.00
2012-09-11,49.00,49.30,48.67,49.19,1591700,47.56
2012-09-10,49.27,49.30,48.84,48.84,943200,47.22
2012-09-07,49.09,49.40,48.90,49.30,1800400,47.66
2012-09-06,47.88,49.12,47.88,49.12,1846800,47.49
2012-09-05,47.66,48.02,47.25,47.70,1176600,46.12
2012-09-04,47.58,47.85,47.11,47.62,1216500,46.04
2012-08-31,47.80,47.93,47.12,47.66,1540800,46.08
2012-08-30,47.83,47.92,47.17,47.56,1563600,45.98
2012-08-29,47.72,48.19,47.56,48.13,1041500,46.53
2012-08-28,47.51,47.99,47.00,47.59,1087000,46.01
2012-08-27,47.67,48.04,46.99,47.71,1068500,46.13
2012-08-24,47.38,47.71,46.97,47.63,1666900,46.05
2012-08-23,47.63,47.67,47.35,47.58,1416100,46.00
2012-08-22,47.91,47.95,47.63,47.76,1618400,46.18
2012-08-21,47.95,48.30,47.84,47.95,3082500,46.36
2012-08-20,47.68,48.08,47.52,47.95,2076200,46.36
2012-08-17,48.05,48.21,47.78,47.85,2366700,46.26
2012-08-16,47.53,48.28,47.53,48.17,1734900,46.57
2012-08-15,47.68,47.88,47.04,47.50,1512800,45.92
2012-08-14,47.48,47.92,47.05,47.63,2256400,46.05
2012-08-13,48.01,48.07,47.17,47.36,3998900,45.79
2012-08-10,47.64,48.14,47.50,48.10,1658200,46.50
2012-08-09,47.89,48.22,47.59,47.73,1816800,46.15
2012-08-08,47.98,48.39,47.88,48.02,1358100,46.43
2012-08-07,47.60,48.42,47.60,48.26,1497000,46.66
2012-08-06,47.07,47.58,47.00,47.27,1600300,45.70
2012-08-03,47.71,47.90,45.61,47.06,4480200,45.50
2012-08-02,47.54,47.88,47.24,47.81,1351100,46.22
2012-08-01,48.49,48.57,47.79,47.94,1357200,46.35
2012-07-31,47.76,48.60,47.63,48.34,2473700,46.74
2012-07-30,47.61,47.99,47.21,47.72,1663500,46.14
2012-07-27,47.50,47.94,47.31,47.76,2850200,46.18
2012-07-26,48.20,48.20,46.59,47.48,3859400,45.90
2012-07-25,45.50,48.51,45.50,47.81,4096400,46.22
2012-07-24,46.12,46.75,44.98,45.29,2429700,43.79
2012-07-23,45.71,45.96,45.17,45.89,1567600,44.37
2012-07-20,47.25,47.29,46.35,46.50,2977200,44.96
2012-07-19,46.81,47.79,46.76,47.51,2351700,45.93
2012-07-18,45.41,46.72,45.38,46.66,1895900,45.11
2012-07-17,45.43,45.69,44.78,45.66,1785900,44.14
2012-07-16,45.75,45.77,45.00,45.17,1427700,43.67
2012-07-13,45.17,45.99,45.08,45.95,1041700,44.43
2012-07-12,45.09,45.46,44.49,45.18,1476900,43.68
2012-07-11,45.85,45.95,45.01,45.46,2613700,43.95
2012-07-10,46.61,47.18,45.75,45.94,2626700,44.42
2012-07-09,46.95,47.13,46.57,46.71,2217700,45.16
2012-07-06,47.57,47.78,46.64,46.97,1504700,45.41
2012-07-05,48.15,48.39,47.93,48.02,1395100,46.43
2012-07-03,47.47,48.39,47.28,48.34,1107200,46.74
2012-07-02,47.89,48.24,47.20,47.35,2090700,45.78
2012-06-29,47.55,48.11,47.40,48.11,1834200,46.51
2012-06-28,47.02,47.10,46.38,46.93,2324500,45.37
2012-06-27,47.27,47.78,47.16,47.35,1000400,45.78
2012-06-26,46.81,47.47,46.66,47.26,1409600,45.69
2012-06-25,47.71,47.71,46.57,46.73,2352200,45.18
2012-06-22,47.52,48.12,47.31,47.88,5132600,46.29
2012-06-21,48.18,48.19,47.40,47.49,2777600,45.91
2012-06-20,48.44,48.86,47.72,47.99,2978700,46.40
2012-06-19,49.25,49.49,48.35,48.44,2019100,46.83
2012-06-18,48.38,49.20,48.34,49.03,2248300,47.40
2012-06-15,47.60,48.88,47.44,48.70,3226500,47.08
2012-06-14,47.38,47.61,46.75,47.35,2498100,45.78
2012-06-13,47.58,48.04,47.05,47.40,2288900,45.83
2012-06-12,47.86,48.17,47.29,48.03,2593600,46.22
2012-06-11,48.88,49.00,47.37,47.43,2675200,45.65
2012-06-08,48.11,48.72,48.09,48.60,2263400,46.77
2012-06-07,49.44,49.59,48.18,48.23,1962500,46.42
2012-06-06,48.16,49.19,48.16,49.19,1785400,47.34
2012-06-05,46.82,48.12,46.62,47.98,1912300,46.18
2012-06-04,46.93,47.24,46.48,46.84,1682400,45.08
2012-06-01,47.24,47.45,46.94,46.96,2152700,45.19
2012-05-31,47.69,48.45,47.34,48.08,3229600,46.27
2012-05-30,48.29,48.42,47.60,47.81,2043300,46.01
2012-05-29,48.17,48.86,48.02,48.83,1790800,46.99
2012-05-25,47.83,48.12,47.74,48.02,1343700,46.21
2012-05-24,48.23,48.25,47.39,47.72,3463400,45.93
2012-05-23,47.51,48.32,47.09,48.24,1900000,46.43
2012-05-22,47.97,48.20,47.59,47.88,2240200,46.08
2012-05-21,47.00,48.06,46.95,47.93,1891800,46.13
2012-05-18,47.95,48.13,46.87,46.97,2928700,45.20
2012-05-17,48.87,48.87,47.87,47.87,2185700,46.07
2012-05-16,49.20,49.43,48.76,48.76,1693200,46.93
2012-05-15,48.74,49.47,48.28,49.10,1631000,47.25
2012-05-14,49.52,49.58,48.83,48.85,3179500,47.01
2012-05-11,49.46,50.11,49.45,49.83,2658500,47.96
2012-05-10,49.85,49.96,49.48,49.54,2690700,47.68
2012-05-09,50.07,50.45,49.63,49.71,2946500,47.84
2012-05-08,50.28,51.05,49.81,50.92,1991400,49.00
2012-05-07,50.30,50.99,50.23,50.88,1676900,48.97
2012-05-04,50.58,50.76,50.27,50.61,1627600,48.71
2012-05-03,51.24,51.29,50.78,50.80,1609000,48.89
2012-05-02,51.20,51.60,51.00,51.33,1900100,49.40
2012-05-01,51.14,52.06,51.04,51.46,1774600,49.52
2012-04-30,50.61,51.03,50.52,51.03,4708800,49.11
2012-04-27,51.15,51.28,50.61,50.75,2370900,48.84
2012-04-26,51.25,51.29,50.77,51.02,4175400,49.10
2012-04-25,49.32,51.85,49.32,51.32,6265600,49.39
2012-04-24,48.69,48.93,48.34,48.66,2106300,46.83
2012-04-23,48.64,48.85,48.46,48.59,1684800,46.76
2012-04-20,49.00,49.41,48.66,49.01,1286000,47.17
2012-04-19,49.06,49.58,48.62,48.91,1755200,47.07
2012-04-18,49.25,49.49,48.82,49.11,2156600,47.26
2012-04-17,48.54,49.73,48.54,49.53,2313500,47.67
2012-04-16,48.48,48.60,47.96,48.19,1857600,46.38
2012-04-13,49.03,49.12,48.40,48.40,1331300,46.58
2012-04-12,48.72,49.07,48.39,49.03,1485100,47.19
2012-04-11,48.63,48.84,48.39,48.59,2029900,46.76
2012-04-10,48.87,49.01,48.38,48.40,2298000,46.58
2012-04-09,49.41,49.41,48.83,49.04,1758800,47.20
2012-04-05,49.95,50.15,49.80,50.00,1554600,48.12
2012-04-04,50.46,50.57,49.95,50.17,1438800,48.28
2012-04-03,50.80,51.22,50.36,50.79,1959700,48.88
2012-04-02,50.74,51.01,50.19,50.82,1606700,48.91
2012-03-30,50.89,50.97,50.30,50.83,2162200,48.92
2012-03-29,50.27,50.69,49.94,50.65,1434500,48.74
2012-03-28,51.11,51.18,50.34,50.45,2211400,48.55
2012-03-27,50.94,51.65,50.94,51.25,1614300,49.32
2012-03-26,50.75,51.59,50.65,50.88,2704600,48.97
2012-03-23,50.27,50.75,49.98,50.67,1943500,48.76
2012-03-22,49.98,50.36,49.97,50.32,2000700,48.43
2012-03-21,50.31,50.60,50.09,50.25,2401300,48.36
2012-03-20,50.19,50.48,50.05,50.35,1166700,48.46
2012-03-19,50.27,50.74,50.26,50.42,2251700,48.52
2012-03-16,50.78,50.84,50.40,50.53,2948100,48.63
2012-03-15,50.45,50.59,50.32,50.52,2035200,48.62
2012-03-14,50.50,50.67,50.30,50.50,2625100,48.60
2012-03-13,50.24,51.11,50.11,50.49,4077000,48.59
2012-03-12,50.29,50.86,50.13,50.18,3850500,48.08
2012-03-09,52.09,52.09,50.57,50.74,3954400,48.62
2012-03-08,51.87,52.78,51.63,51.76,3563700,49.59
2012-03-07,51.42,51.73,51.21,51.62,2332700,49.46
2012-03-06,50.29,51.88,50.29,51.48,3375800,49.33
2012-03-05,50.64,50.73,50.11,50.67,2317100,48.55
2012-03-02,50.55,51.00,50.43,50.84,1826900,48.71
2012-03-01,49.83,50.25,49.58,49.99,1461800,47.90
2012-02-29,50.07,50.21,49.55,49.80,4231200,47.72
2012-02-28,50.13,50.25,49.95,50.11,1648100,48.01
2012-02-27,48.82,50.33,48.81,50.15,2577300,48.05
2012-02-24,49.62,49.75,49.27,49.43,2032500,47.36
2012-02-23,49.66,49.76,49.38,49.53,3081200,47.46
2012-02-22,49.91,50.25,49.76,49.82,2248700,47.74
2012-02-21,50.53,50.68,49.73,49.89,3186400,47.80
2012-02-17,49.35,51.06,49.34,50.63,4516000,48.51
2012-02-16,48.22,49.31,47.78,49.13,2879300,47.07
2012-02-15,47.79,48.68,47.68,48.21,2567000,46.19
2012-02-14,47.95,48.22,47.27,47.70,1682400,45.70
2012-02-13,47.61,48.06,47.46,48.00,1472900,45.99
2012-02-10,47.39,47.57,47.00,47.40,1977400,45.42
2012-02-09,47.28,47.97,46.92,47.88,2781800,45.88
2012-02-08,47.12,47.20,46.82,47.11,4113600,45.14
2012-02-07,46.57,47.22,46.56,47.19,1724100,45.22
2012-02-06,46.80,46.94,45.70,46.70,2138800,44.75
2012-02-03,46.03,47.26,46.03,47.13,2401400,45.16
2012-02-02,46.40,46.51,45.68,45.80,2163000,43.88
2012-02-01,46.26,47.01,46.21,46.50,2505800,44.55
2012-01-31,46.18,46.52,45.91,46.41,2365300,44.47
2012-01-30,45.92,46.45,45.64,45.96,2617100,44.04
2012-01-27,45.04,45.95,44.91,45.80,2474500,43.88
2012-01-26,44.88,45.37,44.18,45.33,3874000,43.43
2012-01-25,47.86,47.86,44.52,44.94,5530200,43.06
2012-01-24,47.46,47.86,46.95,47.86,1752900,45.86
2012-01-23,47.57,47.99,47.33,47.48,1151700,45.49
2012-01-20,47.98,47.98,47.43,47.59,1811300,45.60
2012-01-19,47.46,48.05,47.38,48.04,1828200,46.03
2012-01-18,46.94,47.50,46.89,47.43,1817100,45.45
2012-01-17,46.66,47.24,46.66,46.94,1047500,44.98
2012-01-13,45.93,46.57,45.79,46.48,1581800,44.54
2012-01-12,46.28,46.56,46.14,46.17,1778900,44.24
2012-01-11,45.98,46.49,45.97,46.10,2220100,44.17
2012-01-10,46.58,46.78,46.20,46.29,2117700,44.35
2012-01-09,46.42,46.55,46.05,46.18,1960300,44.25
2012-01-06,46.56,46.92,46.48,46.55,1188100,44.60
2012-01-05,46.34,46.78,46.14,46.67,1598200,44.72
2012-01-04,46.39,46.54,46.03,46.36,1797600,44.42
2012-01-03,46.89,47.41,46.48,46.62,1697400,44.67
2011-12-30,46.57,46.70,46.25,46.29,1147200,44.35
2011-12-29,46.75,46.94,46.41,46.58,1042600,44.63
2011-12-28,47.44,47.44,46.54,46.68,1271500,44.73
2011-12-27,47.13,47.41,46.88,47.31,816600,45.33
2011-12-23,46.61,47.18,46.42,47.12,2698200,45.15
2011-12-22,46.51,46.93,46.27,46.40,2093800,44.46
2011-12-21,46.45,46.66,46.15,46.40,2113400,44.46
2011-12-20,46.75,47.06,46.10,46.46,3107400,44.52
2011-12-19,46.19,46.64,45.95,46.16,2871200,44.23
2011-12-16,46.31,46.69,45.85,46.16,2929800,44.23
2011-12-15,46.01,46.11,45.60,46.01,1768800,44.09
2011-12-14,46.00,46.21,45.28,45.69,1854200,43.78
2011-12-13,46.58,46.86,45.81,46.03,2316100,44.10
2011-12-12,46.41,46.73,46.02,46.68,1792700,44.52
2011-12-09,46.83,47.18,46.23,47.02,2782400,44.84
2011-12-08,46.63,47.15,46.43,46.78,3344200,44.61
2011-12-07,46.62,47.09,46.25,46.77,2781700,44.60
2011-12-06,46.94,47.03,46.67,46.82,1826200,44.65
2011-12-05,47.22,47.22,46.44,46.83,2141900,44.66
2011-12-02,46.79,47.00,46.70,46.80,2394800,44.63
2011-12-01,46.49,46.79,46.11,46.41,2064700,44.26
2011-11-30,46.52,46.99,46.36,46.67,3281200,44.51
2011-11-29,45.19,45.50,44.78,45.25,3024100,43.15
2011-11-28,44.70,45.41,44.70,45.20,2297200,43.11
2011-11-25,43.50,44.06,43.36,43.70,1084300,41.67
2011-11-23,44.14,44.15,43.53,43.62,2100400,41.60
2011-11-22,44.59,44.82,44.03,44.55,2320200,42.49
2011-11-21,44.97,45.37,44.42,44.81,2219500,42.73
2011-11-18,46.35,46.43,45.55,45.57,2333200,43.46
2011-11-17,45.53,46.10,45.29,46.07,3145100,43.93
2011-11-16,45.95,46.52,45.45,45.59,1964500,43.48
2011-11-15,45.77,46.64,45.66,46.35,1574900,44.20
2011-11-14,45.92,46.75,45.91,45.99,1453900,43.86
2011-11-11,45.63,46.28,45.57,46.24,2925400,44.10
2011-11-10,45.33,45.33,44.73,45.03,3647900,42.94
2011-11-09,44.73,44.98,44.15,44.55,5445700,42.49
2011-11-08,45.95,45.98,45.28,45.77,2508100,43.65
2011-11-07,45.80,46.00,45.05,45.78,3778500,43.66
2011-11-04,46.09,46.22,45.68,45.95,2440600,43.82
2011-11-03,46.24,46.63,45.79,46.56,2422500,44.40
2011-11-02,45.75,45.97,45.31,45.54,1924000,43.43
2011-11-01,45.49,45.66,44.85,44.99,2166000,42.90
2011-10-31,46.63,47.56,46.63,46.91,2198300,44.74
2011-10-28,46.55,47.75,46.52,47.41,3377600,45.21
2011-10-27,47.23,47.24,46.16,46.51,3991500,44.35
2011-10-26,45.89,46.11,45.10,45.78,2388500,43.66
2011-10-25,46.00,46.29,45.18,45.27,1842300,43.17
2011-10-24,45.89,46.80,45.72,46.40,3535300,44.25
2011-10-21,44.91,46.00,44.84,45.99,2336400,43.86
2011-10-20,44.71,44.97,44.04,44.56,1579400,42.49
2011-10-19,45.00,45.19,44.35,44.61,2132500,42.54
2011-10-18,44.37,45.49,43.80,45.23,1620800,43.13
2011-10-17,44.93,45.24,44.41,44.52,1550300,42.46
2011-10-14,44.95,45.05,44.52,45.02,1614000,42.93
2011-10-13,44.67,44.84,43.96,44.48,1728300,42.42
2011-10-12,44.81,45.41,44.46,44.96,2608300,42.88
2011-10-11,44.09,44.80,44.07,44.51,1845400,42.45
2011-10-10,44.19,44.72,44.06,44.50,2067300,42.44
2011-10-07,44.22,44.38,43.31,43.64,2484600,41.62
2011-10-06,42.81,44.29,42.45,44.28,2753300,42.23
2011-10-05,41.77,43.13,41.65,42.94,3152200,40.95
2011-10-04,40.37,42.21,39.62,42.19,3700000,40.23
2011-10-03,41.88,42.49,40.51,40.62,4377100,38.74
2011-09-30,41.86,42.50,41.45,41.90,3863800,39.96
2011-09-29,42.60,43.30,41.60,42.44,2866500,40.47
2011-09-28,42.85,43.26,41.81,41.89,2387200,39.95
2011-09-27,42.64,43.34,41.97,42.61,3959500,40.64
2011-09-26,42.10,42.19,40.87,41.80,3403300,39.86
2011-09-23,41.46,42.18,41.27,41.69,2720800,39.76
2011-09-22,41.80,42.31,40.99,41.54,3911700,39.61
2011-09-21,44.29,44.59,43.08,43.11,2922600,41.11
2011-09-20,44.76,45.00,44.19,44.34,2560800,42.28
2011-09-19,44.06,44.79,43.94,44.49,4056300,42.43
2011-09-16,43.87,44.90,43.61,44.81,10124800,42.73
2011-09-15,43.35,43.88,42.87,43.86,4494600,41.83
2011-09-14,41.42,43.04,41.35,42.79,5441500,40.81
2011-09-13,40.82,41.47,40.73,41.36,3766800,39.44
2011-09-12,39.86,40.86,39.68,40.82,4222800,38.72
2011-09-09,41.10,41.47,39.98,40.34,4982300,38.26
2011-09-08,41.45,41.94,41.13,41.46,3071300,39.33
2011-09-07,40.51,41.84,40.51,41.69,4350500,39.54
2011-09-06,39.24,39.98,38.64,39.93,4027200,37.87
2011-09-02,40.94,41.19,40.21,40.40,2432300,38.32
2011-09-01,42.17,42.77,41.49,41.59,2304300,39.45
2011-08-31,42.20,42.66,41.77,42.09,2263000,39.92
2011-08-30,41.06,42.12,40.92,41.86,3670500,39.70
2011-08-29,40.82,41.18,40.61,41.14,3006800,39.02
2011-08-26,39.93,40.68,39.42,40.43,3903400,38.35
2011-08-25,40.50,40.83,39.91,40.17,4048300,38.10
2011-08-24,39.84,40.48,39.65,40.42,3733200,38.34
2011-08-23,38.99,40.00,38.90,40.00,3989700,37.94
2011-08-22,39.30,39.43,38.68,38.90,4145700,36.90
2011-08-19,38.43,39.46,38.41,38.72,5076000,36.73
2011-08-18,39.28,39.62,38.36,38.71,5023700,36.72
2011-08-17,40.56,40.87,40.15,40.63,4208800,38.54
2011-08-16,40.26,40.66,40.08,40.53,6050700,38.44
2011-08-15,40.31,40.62,40.00,40.58,6248700,38.49
2011-08-12,40.36,40.36,39.49,40.00,7508300,37.94
2011-08-11,39.39,40.28,39.28,39.83,7951900,37.78
2011-08-10,39.75,40.33,39.13,39.27,7530500,37.25
2011-08-09,40.18,40.54,38.38,40.47,9125800,38.39
2011-08-08,40.72,41.19,39.41,39.44,8061800,37.41
2011-08-05,41.72,42.35,40.09,42.13,7631500,39.96
2011-08-04,42.30,42.57,41.19,41.26,5641500,39.14
2011-08-03,42.85,43.31,42.32,43.02,5284100,40.81
2011-08-02,43.55,44.04,42.89,42.89,5343800,40.68
2011-08-01,45.14,45.20,43.75,43.94,5029600,41.68
2011-07-29,45.87,45.97,44.85,44.89,4976600,42.58
2011-07-28,44.49,47.49,44.49,46.37,6683200,43.98
2011-07-27,45.18,45.62,44.28,44.32,5674500,42.04
2011-07-26,45.27,45.94,44.90,45.64,3578900,43.29
2011-07-25,44.62,45.68,44.62,45.36,5256000,43.02
2011-07-22,44.27,44.81,44.12,44.77,3858700,42.46
2011-07-21,44.15,44.51,43.99,44.31,3156700,42.03
2011-07-20,44.19,44.26,43.85,44.01,2286200,41.74
2011-07-19,43.96,44.25,43.75,44.10,2816400,41.83
2011-07-18,43.72,43.89,43.31,43.74,3138100,41.49
2011-07-15,44.21,44.21,43.62,43.96,3372800,41.70
2011-07-14,44.21,44.55,43.82,43.92,3341400,41.66
2011-07-13,43.65,44.51,43.59,44.23,6255300,41.95
2011-07-12,43.60,43.72,43.23,43.50,5376200,41.26
2011-07-11,44.65,44.72,44.06,44.14,3760400,41.87
2011-07-08,45.28,45.49,44.88,45.08,8572400,42.76
2011-07-07,45.58,45.85,45.54,45.72,4324900,43.37
2011-07-06,45.69,45.80,45.18,45.29,3271900,42.96
2011-07-05,46.34,46.42,45.56,45.64,3544100,43.29
2011-07-01,46.13,46.51,45.96,46.50,5539000,44.11
2011-06-30,45.98,46.34,45.45,46.04,3554300,43.67
2011-06-29,46.19,46.20,45.78,45.97,2793000,43.60
2011-06-28,45.87,46.20,45.70,45.90,2919300,43.54
2011-06-27,45.36,45.99,45.19,45.76,2347700,43.40
2011-06-24,45.56,45.70,45.22,45.40,3787000,43.06
2011-06-23,45.51,45.78,45.28,45.64,3647200,43.29
2011-06-22,46.29,46.51,46.04,46.06,2276500,43.69
2011-06-21,46.00,46.58,45.65,46.55,5336700,44.15
2011-06-20,45.41,45.72,45.24,45.57,2235600,43.22
2011-06-17,45.82,46.08,45.35,45.48,3728900,43.14
2011-06-16,45.19,45.61,44.78,45.24,2653700,42.91
2011-06-15,45.48,45.69,45.02,45.08,2820800,42.76
2011-06-14,45.65,46.18,45.59,45.80,3975400,43.44
2011-06-13,45.20,45.71,45.20,45.43,2919300,43.09
2011-06-10,45.60,45.64,44.73,45.30,3372500,42.97
2011-06-09,45.77,46.03,45.52,45.56,4927400,43.21
2011-06-08,46.44,46.47,45.60,45.65,3919800,43.30
2011-06-07,46.54,47.00,46.52,46.65,2392000,44.25
2011-06-06,46.43,46.83,46.23,46.45,2675500,44.06
2011-06-03,46.75,46.89,46.26,46.47,3768100,44.08
2011-06-02,46.89,47.39,46.66,47.30,1622300,44.86
2011-06-01,47.62,47.91,46.88,46.88,1871500,44.47
2011-05-31,47.74,47.90,47.37,47.87,2581000,45.41
2011-05-27,47.00,47.62,46.97,47.58,2123500,45.13
2011-05-26,46.29,47.00,46.28,46.88,1652400,44.47
2011-05-25,46.13,46.94,46.03,46.49,2277500,44.10
2011-05-24,46.47,46.88,46.29,46.35,3092700,43.96
2011-05-23,45.88,46.41,45.49,46.15,2490100,43.77
2011-05-20,47.06,47.20,46.55,46.78,1661400,44.37
2011-05-19,47.14,47.26,46.75,47.10,1506900,44.67
2011-05-18,46.45,47.14,46.39,47.08,2698600,44.66
2011-05-17,46.28,46.66,45.95,46.52,4116200,44.12
2011-05-16,46.47,46.94,46.10,46.29,2260800,43.91
2011-05-13,47.30,47.45,46.48,46.65,1689900,44.25
2011-05-12,46.88,47.50,46.70,47.24,3000000,44.81
2011-05-11,46.90,47.39,46.90,47.10,3359900,44.67
2011-05-10,46.48,47.21,46.39,47.21,3170700,44.78
2011-05-09,45.86,46.64,45.69,46.56,2954300,44.16
2011-05-06,45.65,46.53,45.30,46.02,3915900,43.65
2011-05-05,44.61,45.69,44.59,45.32,3687200,42.99
2011-05-04,45.12,45.37,44.57,44.72,4338900,42.42
2011-05-03,45.59,45.78,44.94,45.19,3221100,42.86
2011-05-02,45.98,46.49,45.58,45.59,4873400,43.24
2011-04-29,46.56,46.60,45.45,45.88,4032400,43.52
2011-04-28,44.89,47.64,44.51,46.66,8152300,44.26
2011-04-27,43.53,43.68,43.01,43.42,4934800,41.18
2011-04-26,44.26,44.47,42.50,43.48,7000000,41.24
2011-04-25,44.23,44.50,43.86,44.10,2624600,41.83
2011-04-21,44.16,44.35,43.81,44.20,3265500,41.92
2011-04-20,44.27,44.37,43.75,44.00,3641300,41.73
2011-04-19,43.61,43.97,43.40,43.87,1746900,41.61
2011-04-18,43.12,43.54,42.89,43.45,2471900,41.21
2011-04-15,44.04,44.06,43.74,43.81,2706600,41.55
2011-04-14,43.74,44.07,43.52,43.95,3053500,41.69
2011-04-13,44.00,44.54,43.90,44.18,3507000,41.91
2011-04-12,43.69,44.03,43.42,43.85,3179000,41.59
2011-04-11,43.84,44.27,43.84,44.19,2932800,41.91
2011-04-08,44.29,44.47,43.74,43.86,2031500,41.60
2011-04-07,44.11,44.68,43.97,44.24,2879700,41.96
2011-04-06,43.78,44.49,43.32,44.27,2353900,41.99
2011-04-05,43.98,44.76,43.98,44.17,2717600,41.90
2011-04-04,44.50,44.50,43.85,44.30,1833900,42.02
2011-04-01,44.74,44.87,44.15,44.40,2446000,42.11
2011-03-31,44.55,44.94,44.35,44.69,2221900,42.39
2011-03-30,44.30,44.70,44.14,44.56,2984800,42.27
2011-03-29,44.16,44.23,43.71,44.12,4904800,41.85
2011-03-28,44.07,44.24,43.87,43.97,3600400,41.71
2011-03-25,44.51,44.88,43.93,43.95,4813300,41.69
2011-03-24,43.48,44.50,43.27,44.46,4330600,42.17
2011-03-23,42.60,43.29,42.34,43.16,3776700,40.94
2011-03-22,42.13,42.71,41.97,42.66,4792200,40.46
2011-03-21,41.91,42.12,41.67,42.04,3296600,39.88
2011-03-18,41.66,41.75,41.15,41.63,2526000,39.49
2011-03-17,41.16,41.45,40.89,41.19,2726500,39.07
2011-03-16,40.30,41.45,40.15,40.64,5598600,38.55
2011-03-15,39.84,40.82,39.59,40.51,2775900,38.42
2011-03-14,40.73,41.30,40.45,40.99,4110100,38.88
2011-03-11,40.01,41.36,39.71,41.24,4013800,39.12
2011-03-10,40.76,40.87,40.24,40.30,3016900,38.23
2011-03-09,41.32,41.53,41.01,41.27,2355300,39.15
2011-03-08,40.61,41.82,40.09,41.59,5186000,39.45
2011-03-07,40.06,40.50,39.87,40.22,5009800,38.15
2011-03-04,40.15,40.23,39.90,40.15,5786800,38.08
2011-03-03,39.41,40.56,39.36,40.27,4480800,38.20
2011-03-02,37.93,39.38,37.93,39.29,5178600,37.27
2011-03-01,38.68,38.86,38.02,38.19,3846900,36.22
2011-02-28,38.31,38.71,38.17,38.64,3977400,36.65
2011-02-25,37.77,38.14,37.49,38.14,2741000,36.18
2011-02-24,37.46,37.70,37.19,37.53,3264400,35.60
2011-02-23,37.90,38.10,37.06,37.39,5875200,35.46
2011-02-22,38.58,38.80,37.96,38.04,3728700,36.08
2011-02-18,39.00,39.46,38.77,39.01,2477000,37.00
2011-02-17,38.66,38.97,38.50,38.92,2130100,36.92
2011-02-16,38.97,39.12,38.67,38.77,1835600,36.77
2011-02-15,38.82,39.29,38.55,38.80,2428200,36.80
2011-02-14,39.34,39.47,38.83,39.03,3231900,37.02
2011-02-11,39.21,39.83,39.13,39.34,3523600,37.31
2011-02-10,39.28,39.70,38.93,39.38,3197800,37.35
2011-02-09,39.79,39.98,39.47,39.55,2107900,37.51
2011-02-08,40.39,40.45,39.84,39.86,3618700,37.81
2011-02-07,39.40,40.51,39.35,40.41,5092200,38.33
2011-02-04,38.66,39.33,38.43,39.31,4723700,37.29
2011-02-03,38.51,39.03,38.38,38.79,3450500,36.79
2011-02-02,38.67,39.11,38.35,38.61,4227700,36.62
2011-02-01,38.91,39.23,38.83,39.02,4397000,37.01
2011-01-31,37.99,38.92,37.86,38.77,3561000,36.77
2011-01-28,38.79,39.04,37.87,37.96,2917500,36.01
2011-01-27,38.39,39.22,38.30,38.58,4044100,36.59
2011-01-26,38.62,39.40,38.60,39.24,5959000,37.22
2011-01-25,37.95,38.74,37.73,38.70,5569600,36.71
2011-01-24,37.13,38.68,37.13,38.66,7372400,36.67
2011-01-21,37.26,37.66,37.07,37.15,3233400,35.24
2011-01-20,37.19,37.34,36.52,37.04,3609700,35.13
2011-01-19,37.55,37.62,37.12,37.34,3626900,35.42
2011-01-18,37.93,38.19,37.60,37.71,2717200,35.77
2011-01-14,37.68,38.29,37.56,38.28,4145000,36.31
2011-01-13,37.77,38.17,37.77,37.85,4711100,35.90
2011-01-12,38.32,38.60,37.84,37.96,5618700,36.01
2011-01-11,38.61,38.95,38.17,38.38,4992700,36.40
2011-01-10,38.63,39.31,38.35,38.53,5551900,36.55
2011-01-07,39.54,39.65,38.53,38.90,5385000,36.90
2011-01-06,39.92,40.09,39.02,39.68,6588800,37.64
2011-01-05,39.09,40.37,39.00,39.83,7825500,37.78
2011-01-04,37.30,39.99,37.12,39.77,12818600,37.72
2011-01-03,9.10,9.23,9.08,9.11,1119000,34.93
2010-12-31,8.91,9.09,8.90,9.07,3136500,34.78
2010-12-30,8.96,9.02,8.92,8.92,2779700,34.20
2010-12-29,8.95,9.02,8.93,8.97,1933400,34.39
2010-12-28,8.96,9.05,8.93,8.96,2419000,34.36
2010-12-27,9.08,9.09,8.88,8.99,3100500,34.47
2010-12-23,9.09,9.16,9.00,9.05,5411700,34.70
2010-12-22,8.96,9.18,8.94,9.09,7314400,34.85
2010-12-21,8.90,9.16,8.83,9.00,7528700,34.51
2010-12-20,8.88,8.95,8.71,8.88,7319000,34.05
2010-12-17,8.86,8.91,8.75,8.88,9365500,34.05
2010-12-16,8.48,8.95,8.48,8.88,21320500,34.05
2010-12-15,8.39,8.54,8.35,8.47,7405900,32.48
2010-12-14,8.39,8.53,8.38,8.46,5425300,32.44
2010-12-13,8.65,8.74,8.43,8.46,9971800,32.44
2010-12-10,8.33,8.69,8.32,8.64,16579400,33.13
2010-12-09,8.20,8.40,8.14,8.34,6174000,31.98
2010-12-08,8.09,8.27,8.07,8.23,6480000,31.56
2010-12-07,8.20,8.25,8.08,8.09,5884300,31.02
2010-12-06,8.15,8.29,8.15,8.19,8428400,31.40
2010-12-03,7.93,8.26,7.85,8.24,15729800,31.59
2010-12-02,7.89,8.01,7.87,7.97,12972400,30.56
2010-12-01,7.87,8.20,7.82,8.01,14118900,30.71
2010-11-30,7.71,7.80,7.65,7.66,7474200,29.37
2010-11-29,7.79,7.85,7.70,7.77,5486400,29.79
2010-11-26,7.83,7.88,7.81,7.82,1834200,29.98
2010-11-24,7.90,8.00,7.84,7.93,5388000,30.41
2010-11-23,7.98,8.01,7.81,7.86,7189900,30.14
2010-11-22,8.05,8.14,7.95,8.09,4738800,31.02
2010-11-19,8.09,8.19,8.03,8.12,5695500,31.13
2010-11-18,8.02,8.16,7.98,8.14,5482300,31.21
2010-11-17,7.83,7.98,7.81,7.91,5391000,30.33
2010-11-16,8.03,8.04,7.79,7.81,6135500,29.95
2010-11-15,8.16,8.20,7.93,7.94,5972500,30.44
2010-11-12,8.05,8.09,7.92,7.99,4734000,30.64
2010-11-11,8.04,8.15,7.83,8.10,10772600,31.06
2010-11-10,8.17,8.21,8.06,8.20,4376200,31.44
2010-11-09,8.16,8.28,8.10,8.21,6265600,31.48
2010-11-08,8.16,8.28,8.07,8.15,4395900,31.25
2010-11-05,8.09,8.21,8.05,8.20,4015000,31.44
2010-11-04,8.11,8.13,8.02,8.10,5803200,31.06
2010-11-03,8.11,8.11,7.90,8.05,7236700,30.87
2010-11-02,8.07,8.09,7.87,8.00,14025800,30.67
2010-11-01,8.14,8.25,7.97,8.02,6076000,30.75
2010-10-29,8.09,8.22,8.03,8.16,6123800,31.29
2010-10-28,8.52,8.71,8.09,8.13,22604000,31.17
2010-10-27,7.94,8.13,7.89,8.09,12323400,31.02
2010-10-26,7.88,8.03,7.86,7.86,5380400,30.14
2010-10-25,7.86,8.00,7.84,7.93,3911800,30.41
2010-10-22,7.75,7.92,7.74,7.83,4804700,30.02
2010-10-21,7.97,8.00,7.70,7.76,7995700,29.75
2010-10-20,7.95,8.02,7.91,7.96,5196700,30.52
2010-10-19,7.81,8.01,7.75,7.89,8517200,30.25
2010-10-18,7.87,7.93,7.73,7.89,8935000,30.25
2010-10-15,8.05,8.08,7.90,7.95,8254100,30.48
2010-10-14,8.09,8.14,7.88,7.96,8487600,30.52
2010-10-13,8.16,8.21,8.08,8.12,8477400,31.13
2010-10-12,8.25,8.30,8.04,8.13,11937900,31.17
2010-10-11,8.28,8.38,8.24,8.29,6051900,31.79
2010-10-08,8.46,8.46,8.22,8.30,10637600,31.83
2010-10-07,8.60,8.66,8.43,8.59,5041400,32.94
2010-10-06,8.53,8.72,8.44,8.56,6823400,32.82
2010-10-05,8.42,8.65,8.42,8.64,5759200,33.13
2010-10-04,8.52,8.62,8.34,8.46,5255200,32.44
2010-10-01,8.56,8.65,8.49,8.56,3941600,32.82
2010-09-30,8.56,8.68,8.38,8.53,4195100,32.71
2010-09-29,8.50,8.59,8.45,8.56,3678400,32.82
2010-09-28,8.57,8.60,8.40,8.58,5338900,32.90
2010-09-27,8.63,8.67,8.54,8.58,4403900,32.90
2010-09-24,8.45,8.74,8.41,8.68,8178200,33.28
2010-09-23,8.19,8.41,8.16,8.38,5192100,32.13
2010-09-22,8.30,8.37,8.22,8.29,3558100,31.79
2010-09-21,8.40,8.46,8.29,8.33,4657100,31.94
2010-09-20,8.40,8.45,8.30,8.45,5069300,32.40
2010-09-17,8.45,8.49,8.25,8.38,6438100,32.13
2010-09-16,8.36,8.42,8.24,8.41,5165600,32.25
2010-09-15,8.25,8.38,8.12,8.36,6709900,32.06
2010-09-14,8.23,8.32,8.12,8.25,4696600,31.63
2010-09-13,8.00,8.30,7.97,8.28,7679200,31.75
2010-09-10,7.94,8.08,7.87,7.92,5931000,30.37
2010-09-09,8.03,8.14,7.92,7.98,4212500,30.60
2010-09-08,7.84,8.03,7.79,7.98,5852600,30.60
2010-09-07,7.93,7.93,7.74,7.83,3877000,30.02
2010-09-03,7.94,8.01,7.85,7.94,4501600,30.44
2010-09-02,7.73,7.90,7.66,7.86,5043900,30.14
2010-09-01,7.65,7.84,7.65,7.73,6712700,29.64
2010-08-31,7.52,7.60,7.49,7.52,6467600,28.83
2010-08-30,7.64,7.67,7.50,7.52,5115300,28.83
2010-08-27,7.62,7.75,7.48,7.68,6947000,29.45
2010-08-26,7.52,7.56,7.45,7.50,5950000,28.76
2010-08-25,7.38,7.54,7.38,7.50,4696900,28.76
2010-08-24,7.33,7.56,7.29,7.46,5294800,28.60
2010-08-23,7.52,7.60,7.41,7.44,7037400,28.53
2010-08-20,7.51,7.63,7.43,7.48,8723900,28.68
2010-08-19,7.81,7.81,7.47,7.54,8259400,28.91
2010-08-18,7.79,7.88,7.76,7.79,4000300,29.87
2010-08-17,7.86,7.90,7.75,7.80,4127200,29.91
2010-08-16,7.61,7.86,7.58,7.81,6415400,29.95
2010-08-13,7.98,8.02,7.62,7.64,10691800,29.29
2010-08-12,7.61,8.10,7.58,8.02,13283800,30.75
2010-08-11,7.89,7.89,7.66,7.70,6052000,29.52
2010-08-10,7.91,8.08,7.84,8.04,7271200,30.83
2010-08-09,8.05,8.12,7.96,7.98,4165000,30.60
2010-08-06,7.95,8.02,7.83,8.00,5263800,30.67
2010-08-05,8.03,8.18,7.85,8.02,8626700,30.75
2010-08-04,7.85,8.18,7.77,8.06,18302800,30.90
2010-08-03,7.55,7.68,7.48,7.62,8459300,29.22
2010-08-02,7.60,7.69,7.52,7.62,7615000,29.22
2010-07-30,7.60,7.64,7.45,7.49,13104900,28.72
2010-07-29,7.69,8.03,7.61,7.61,19276600,29.18
2010-07-28,7.72,7.76,7.62,7.68,8641700,29.45
2010-07-27,7.92,7.98,7.72,7.74,7668300,29.68
2010-07-26,7.75,7.91,7.68,7.86,9148700,30.14
2010-07-23,7.75,7.88,7.59,7.75,10177500,29.72
2010-07-22,7.97,8.00,7.70,7.79,9530600,29.87
2010-07-21,7.98,8.01,7.78,7.91,10062200,30.33
2010-07-20,7.83,8.10,7.64,8.00,15248600,30.67
2010-07-19,7.64,8.03,7.51,7.92,12691000,30.37
2010-07-16,7.68,7.80,7.43,7.50,8618600,28.76
2010-07-15,7.60,7.75,7.46,7.72,12742500,29.60
2010-07-14,7.27,7.56,7.26,7.46,11791600,28.60
2010-07-13,7.08,7.28,7.01,7.21,8291200,27.65
2010-07-12,6.73,7.05,6.73,6.99,7078300,26.80
2010-07-09,6.84,6.85,6.70,6.76,5123400,25.92
2010-07-08,6.84,6.89,6.75,6.85,3544100,26.27
2010-07-07,6.55,6.82,6.55,6.79,4546900,26.04
2010-07-06,6.59,6.68,6.49,6.54,6148900,25.08
2010-07-02,6.53,6.55,6.40,6.48,7831600,24.85
2010-07-01,6.54,6.58,6.36,6.52,8795600,25.00
2010-06-30,6.79,6.87,6.50,6.52,11106000,25.00
2010-06-29,7.01,7.01,6.73,6.80,7313200,26.07
2010-06-28,7.13,7.19,7.05,7.07,4539600,27.11
2010-06-25,7.02,7.17,6.95,7.07,6232000,27.11
2010-06-24,7.23,7.24,6.96,6.99,5186800,26.80
2010-06-23,7.18,7.36,7.06,7.30,6645600,27.99
2010-06-22,7.15,7.32,7.13,7.20,5287000,27.61
2010-06-21,7.31,7.38,7.13,7.17,3765700,27.49
2010-06-18,7.17,7.26,7.12,7.26,6651400,27.84
2010-06-17,7.10,7.19,6.99,7.19,5730900,27.57
2010-06-16,6.94,7.17,6.94,7.11,5671200,27.26
2010-06-15,7.01,7.17,6.99,7.06,7605700,27.07
2010-06-14,7.17,7.19,6.95,6.96,4639000,26.69
2010-06-11,6.84,7.19,6.76,7.11,7615500,27.26
2010-06-10,6.78,7.03,6.72,6.84,5256900,26.23
2010-06-09,6.67,6.81,6.64,6.68,5935500,25.61
2010-06-08,6.53,6.68,6.52,6.66,5775700,25.54
2010-06-07,6.70,6.74,6.54,6.57,6482500,25.19
2010-06-04,6.78,6.82,6.64,6.70,7165800,25.69
2010-06-03,6.83,6.88,6.75,6.87,4220700,26.34
2010-06-02,6.76,6.87,6.73,6.85,3990100,26.27
2010-06-01,6.77,6.91,6.69,6.70,3796800,25.69
2010-05-28,6.91,6.94,6.79,6.85,4255400,26.27
2010-05-27,6.89,6.93,6.84,6.92,4696300,26.53
2010-05-26,6.72,6.96,6.70,6.76,7150900,25.92
2010-05-25,6.61,6.76,6.51,6.75,6381900,25.88
2010-05-24,6.74,6.85,6.71,6.73,4170900,25.81
2010-05-21,6.61,6.90,6.57,6.84,8051500,26.23
2010-05-20,6.67,6.87,6.61,6.70,10468600,25.69
2010-05-19,6.77,6.90,6.71,6.81,7682600,26.11
2010-05-18,6.93,6.97,6.75,6.78,6882800,26.00
2010-05-17,6.75,6.87,6.73,6.85,5734400,26.27
2010-05-14,6.82,6.83,6.69,6.79,8622200,26.04
2010-05-13,6.93,6.96,6.81,6.84,7832000,26.23
2010-05-12,6.99,7.10,6.96,6.98,6863300,26.76
2010-05-11,6.89,7.12,6.87,6.99,9079600,26.80
2010-05-10,6.87,6.97,6.81,6.94,6915400,26.61
2010-05-07,6.64,6.76,6.48,6.60,11715200,25.31
2010-05-06,6.85,6.99,6.25,6.68,11433700,25.61
2010-05-05,6.94,7.01,6.80,6.87,7926500,26.34
2010-05-04,7.05,7.11,6.91,6.96,7679500,26.69
2010-05-03,7.17,7.19,6.96,7.10,6539100,27.22
2010-04-30,7.16,7.22,6.98,7.07,8985800,27.11
2010-04-29,7.43,7.51,7.09,7.16,14307700,27.45
2010-04-28,6.83,6.96,6.74,6.92,12738700,26.53
2010-04-27,7.09,7.14,6.88,6.91,7524900,26.50
2010-04-26,7.14,7.20,7.03,7.16,5204700,27.45
2010-04-23,7.10,7.29,7.06,7.09,8342700,27.19
2010-04-22,7.19,7.20,6.98,7.08,12277500,27.15
2010-04-21,7.39,7.40,7.27,7.34,4268100,28.14
2010-04-20,7.41,7.46,7.30,7.42,4943900,28.45
2010-04-19,7.27,7.44,7.25,7.39,4394200,28.34
2010-04-16,7.53,7.54,7.18,7.31,10536900,28.03
2010-04-15,7.61,7.75,7.57,7.59,6791200,29.10
2010-04-14,7.48,7.75,7.46,7.67,7744200,29.41
2010-04-13,7.40,7.50,7.33,7.41,5797300,28.41
2010-04-12,7.37,7.51,7.34,7.42,7050800,28.45
2010-04-09,7.42,7.43,7.34,7.39,3692100,28.34
2010-04-08,7.20,7.45,7.15,7.43,6909600,28.49
2010-04-07,7.24,7.30,7.20,7.23,3832000,27.72
2010-04-06,7.09,7.37,7.08,7.28,6600200,27.91
2010-04-05,7.07,7.18,6.98,7.16,5553300,27.45
2010-04-01,7.10,7.19,7.00,7.06,6154500,27.07
2010-03-31,7.14,7.21,7.01,7.02,4562500,26.92
2010-03-30,7.23,7.30,7.13,7.20,3279100,27.61
2010-03-29,7.22,7.29,7.18,7.23,3114100,27.72
2010-03-26,7.21,7.35,7.15,7.17,6480100,27.49
2010-03-25,7.35,7.51,7.23,7.24,7510900,27.76
2010-03-24,7.33,7.36,7.24,7.25,3234800,27.80
2010-03-23,7.31,7.41,7.27,7.35,4263000,28.18
2010-03-22,7.12,7.33,7.11,7.26,3685300,27.84
2010-03-19,7.18,7.42,7.10,7.18,5803500,27.53
2010-03-18,7.25,7.40,7.22,7.35,3944400,28.18
2010-03-17,7.41,7.42,7.21,7.27,5569800,27.88
2010-03-16,7.02,7.41,7.02,7.38,9864400,28.30
2010-03-15,6.98,7.05,6.86,7.03,5430800,26.96
2010-03-12,7.02,7.10,6.95,7.01,3679800,26.88
2010-03-11,7.08,7.16,7.01,7.03,4799300,26.96
2010-03-10,6.94,7.19,6.94,7.11,5265100,27.26
2010-03-09,6.83,7.03,6.81,6.97,6739700,26.73
2010-03-08,6.98,6.98,6.86,6.91,4038300,26.50
2010-03-05,6.85,7.00,6.81,6.95,5401600,26.65
2010-03-04,6.90,6.90,6.73,6.80,4526400,26.07
2010-03-03,6.82,7.00,6.82,6.87,5289800,26.34
2010-03-02,6.77,6.82,6.66,6.81,6342200,26.11
2010-03-01,6.78,6.81,6.61,6.74,4802000,25.84
2010-02-26,6.75,6.85,6.70,6.76,6343000,25.92
2010-02-25,6.69,6.87,6.61,6.85,6598400,26.27
2010-02-24,6.81,6.84,6.74,6.79,5046400,26.04
2010-02-23,6.86,6.87,6.75,6.78,5608900,26.00
2010-02-22,7.03,7.05,6.84,6.87,7112300,26.34
2010-02-19,6.99,7.07,6.95,7.01,4358200,26.88
2010-02-18,7.09,7.11,6.98,7.01,6442000,26.88
2010-02-17,7.28,7.30,6.99,7.11,9358100,27.26
2010-02-16,7.29,7.34,7.15,7.26,9826300,27.84
2010-02-12,6.81,7.29,6.75,7.15,22203600,27.42
2010-02-11,6.60,6.67,6.57,6.65,7431200,25.50
2010-02-10,6.55,6.69,6.53,6.63,8172800,25.42
2010-02-09,6.65,6.72,6.49,6.54,8672100,25.08
2010-02-08,6.62,6.70,6.51,6.57,11028400,25.19
2010-02-05,6.49,6.50,6.33,6.40,15581200,24.54
2010-02-04,6.59,6.60,6.29,6.32,17730100,24.23
2010-02-03,6.54,6.82,6.50,6.69,18683300,25.65
2010-02-02,6.37,6.60,6.26,6.55,15761700,25.11
2010-02-01,6.23,6.35,6.16,6.33,16983700,24.27
2010-01-29,6.43,6.44,6.04,6.15,25815600,23.58
2010-01-28,6.65,6.82,6.33,6.48,32895700,24.85
2010-01-27,7.20,7.44,7.17,7.40,11567600,28.37
2010-01-26,7.21,7.31,7.14,7.19,7430000,27.57
2010-01-25,7.35,7.44,7.17,7.18,8891900,27.53
2010-01-22,7.30,7.44,7.16,7.21,10517400,27.65
2010-01-21,7.53,7.58,7.32,7.37,9960900,28.26
2010-01-20,7.56,7.56,7.39,7.48,7053500,28.68
2010-01-19,7.58,7.69,7.45,7.64,6744100,29.29
2010-01-15,7.70,7.73,7.53,7.58,9741100,29.06
2010-01-14,7.56,7.82,7.55,7.71,11342500,29.56
2010-01-13,7.41,7.65,7.41,7.60,8125600,29.14
2010-01-12,7.64,7.65,7.34,7.40,10715400,28.37
2010-01-11,7.88,7.88,7.67,7.68,10368800,29.45
2010-01-08,8.09,8.12,7.73,7.76,18596000,29.75
2010-01-07,8.01,8.19,7.97,8.13,13517500,31.17
2010-01-06,8.00,8.04,7.88,7.97,12137000,30.56
2010-01-05,7.95,8.26,7.72,7.86,18863900,30.14
2010-01-04,7.88,8.02,7.87,7.97,7511700,30.56
2009-12-31,7.73,7.86,7.67,7.76,4787700,29.75
2009-12-30,7.81,7.81,7.68,7.75,5604400,29.72
2009-12-29,7.85,7.90,7.69,7.80,4424800,29.91
2009-12-28,8.00,8.08,7.67,7.84,8326400,30.06
2009-12-24,8.02,8.10,7.95,7.98,3781700,30.60
2009-12-23,8.14,8.19,7.92,7.93,9174300,30.41
2009-12-22,8.38,8.41,8.02,8.10,9707600,31.06
2009-12-21,8.59,8.63,8.33,8.39,7264800,32.17
2009-12-18,8.20,8.66,8.17,8.53,18175300,32.71
2009-12-17,8.18,8.29,8.10,8.11,4770100,31.10
2009-12-16,8.35,8.41,8.27,8.27,3673600,31.71
2009-12-15,8.26,8.44,8.20,8.30,6940000,31.83
2009-12-14,8.45,8.48,8.22,8.30,11762300,31.83
2009-12-11,8.44,8.56,8.44,8.55,5339900,32.78
2009-12-10,8.52,8.56,8.40,8.46,5175300,32.44
2009-12-09,8.62,8.62,8.32,8.49,6157100,32.55
2009-12-08,8.29,8.67,8.23,8.62,13735700,33.05
2009-12-07,8.13,8.25,8.11,8.13,4251500,31.17
2009-12-04,8.16,8.24,8.04,8.18,7447600,31.36
2009-12-03,8.20,8.30,8.03,8.03,7440100,30.79
2009-12-02,8.22,8.35,8.12,8.24,6722800,31.59
2009-12-01,8.07,8.30,8.03,8.22,9768700,31.52
2009-11-30,8.10,8.13,7.87,8.01,9641100,30.71
2009-11-27,8.03,8.30,7.95,8.20,4095200,31.44
2009-11-25,8.20,8.34,8.19,8.28,3847900,31.75
2009-11-24,8.34,8.37,8.13,8.19,5534000,31.40
2009-11-23,8.40,8.56,8.27,8.30,7534700,31.83
2009-11-20,8.40,8.43,8.23,8.28,5624300,31.75
2009-11-19,8.55,8.58,8.22,8.48,7143700,32.52
2009-11-18,8.90,8.90,8.62,8.67,7903000,33.24
2009-11-17,8.65,8.94,8.65,8.85,14121700,33.93
2009-11-16,8.88,8.88,8.65,8.70,8627700,33.36
2009-11-13,8.74,8.84,8.70,8.78,4900100,33.67
2009-11-12,8.74,8.78,8.63,8.72,7821600,33.44
2009-11-11,8.91,8.93,8.42,8.77,21684500,33.63
2009-11-10,9.13,9.14,8.71,8.85,11760100,33.93
2009-11-09,9.00,9.05,8.82,8.98,10195000,34.43
2009-11-06,9.26,9.36,8.83,8.89,16701600,34.09
2009-11-05,9.10,9.36,9.08,9.31,13217300,35.70
2009-11-04,9.15,9.15,8.97,9.00,9827900,34.51
2009-11-03,8.98,9.16,8.90,9.08,14440800,34.82
2009-11-02,8.97,9.03,8.83,9.03,17478400,34.62
2009-10-30,8.89,8.94,8.50,8.57,16144800,32.86
2009-10-29,8.59,8.97,8.46,8.74,20937600,33.51
2009-10-28,8.02,8.25,7.82,7.96,13637600,30.52
2009-10-27,8.04,8.22,7.78,7.90,11502400,30.29
2009-10-26,8.24,8.40,8.01,8.04,7241600,30.83
2009-10-23,8.41,8.41,8.18,8.24,6148900,31.59
2009-10-22,8.33,8.40,8.21,8.33,5393700,31.94
2009-10-21,8.26,8.43,8.17,8.20,7140100,31.44
2009-10-20,8.51,8.52,8.25,8.32,6960100,31.90
2009-10-19,7.97,8.55,7.94,8.47,10939600,32.48
2009-10-16,8.13,8.14,7.71,7.85,8468100,30.10
2009-10-15,8.32,8.34,7.90,8.13,11769200,31.17
2009-10-14,8.44,8.46,8.14,8.41,6224500,32.25
2009-10-13,8.29,8.34,8.18,8.23,4186600,31.56
2009-10-12,8.38,8.48,8.27,8.32,4292600,31.90
2009-10-09,8.34,8.56,8.24,8.48,5733300,32.52
2009-10-08,8.70,8.72,8.33,8.38,5409800,32.13
2009-10-07,8.53,8.78,8.48,8.61,9410100,33.01
2009-10-06,8.21,8.61,8.17,8.49,8640100,32.55
2009-10-05,7.84,8.26,7.78,8.21,9761200,31.48
2009-10-02,8.15,8.34,7.95,7.99,8285200,30.64
2009-10-01,8.51,8.64,8.35,8.37,9896100,32.09
2009-09-30,8.42,8.69,8.17,8.59,13540800,32.94
2009-09-29,8.33,8.54,8.29,8.41,9256300,32.25
2009-09-28,8.19,8.48,8.11,8.37,4958200,32.09
2009-09-25,8.18,8.28,8.00,8.11,8547500,31.10
2009-09-24,8.52,8.55,8.21,8.33,6225900,31.94
2009-09-23,8.82,8.82,8.46,8.49,5061100,32.55
2009-09-22,8.97,8.99,8.66,8.72,4442400,33.44
2009-09-21,8.87,8.92,8.69,8.85,4700100,33.93
2009-09-18,8.98,9.00,8.63,8.96,8603900,34.36
2009-09-17,9.18,9.20,8.85,8.91,10710600,34.16
2009-09-16,9.34,9.45,9.08,9.16,11757200,35.12
2009-09-15,8.91,9.23,8.90,9.20,11100900,35.28
2009-09-14,8.85,9.02,8.64,8.79,13580200,33.70
2009-09-11,8.21,8.71,8.17,8.68,15014600,33.28
2009-09-10,7.88,8.15,7.71,7.97,9386000,30.56
2009-09-09,8.07,8.09,7.83,7.85,6938000,30.10
2009-09-08,7.89,8.02,7.75,7.90,8131400,30.29
2009-09-04,7.44,7.95,7.44,7.73,8520500,29.64
2009-09-03,7.68,7.81,7.54,7.70,12150500,29.52
2009-09-02,7.09,7.83,7.00,7.82,16476900,29.98
2009-09-01,7.36,7.46,7.00,7.02,10040900,26.92
2009-08-31,7.10,7.23,7.00,7.18,6001800,27.53
2009-08-28,7.40,7.50,7.14,7.21,6784100,27.65
2009-08-27,7.44,7.48,7.29,7.34,5722100,28.14
2009-08-26,7.53,7.57,7.44,7.48,4444800,28.68
2009-08-25,7.45,7.60,7.45,7.53,3493000,28.87
2009-08-24,7.53,7.63,7.41,7.48,5359200,28.68
2009-08-21,7.52,7.60,7.39,7.58,5708900,29.06
2009-08-20,7.22,7.40,7.22,7.37,5181700,28.26
2009-08-19,7.06,7.33,7.06,7.29,7765500,27.95
2009-08-18,7.09,7.29,7.06,7.21,4739100,27.65
2009-08-17,7.00,7.13,7.00,7.06,4781100,27.07
2009-08-14,7.26,7.29,7.01,7.26,4558900,27.84
2009-08-13,7.13,7.36,7.06,7.28,4743600,27.91
2009-08-12,6.98,7.15,6.97,7.07,3136300,27.11
2009-08-11,7.15,7.22,7.00,7.03,3336300,26.96
2009-08-10,7.01,7.28,7.01,7.17,4333600,27.49
2009-08-07,7.19,7.29,7.08,7.13,5393800,27.34
2009-08-06,7.22,7.22,7.07,7.11,3055200,27.26
2009-08-05,7.25,7.32,7.05,7.13,5972200,27.34
2009-08-04,7.21,7.43,7.16,7.24,5997300,27.76
2009-08-03,7.25,7.30,7.07,7.25,5872100,27.80
2009-07-31,7.29,7.30,7.06,7.16,10054100,27.45
2009-07-30,7.16,7.68,6.98,7.19,15460600,27.57
2009-07-29,6.75,6.77,6.40,6.57,9132500,25.19
2009-07-28,6.61,6.86,6.60,6.82,4900000,26.15
2009-07-27,6.52,6.76,6.52,6.74,3643100,25.84
2009-07-24,6.60,6.61,6.46,6.58,3145600,25.23
2009-07-23,6.35,6.68,6.35,6.59,4672800,25.27
2009-07-22,6.25,6.50,6.25,6.40,2858400,24.54
2009-07-21,6.38,6.39,6.21,6.34,2862100,24.31
2009-07-20,6.30,6.39,6.23,6.34,2864400,24.31
2009-07-17,6.24,6.31,6.13,6.30,4115900,24.16
2009-07-16,6.26,6.42,6.13,6.33,6005000,24.27
2009-07-15,6.29,6.62,6.24,6.61,5367200,25.34
2009-07-14,6.07,6.22,6.00,6.17,3756400,23.66
2009-07-13,6.02,6.06,5.91,6.04,5317800,23.16
2009-07-10,6.01,6.14,5.99,6.05,3030000,23.20
2009-07-09,6.17,6.19,6.04,6.07,3587100,23.27
2009-07-08,6.13,6.20,5.99,6.09,5326100,23.35
2009-07-07,6.13,6.37,6.11,6.15,7849600,23.58
2009-07-06,6.13,6.23,6.05,6.13,4773700,23.50
2009-07-02,6.38,6.44,6.17,6.19,5125300,23.73
2009-07-01,6.64,6.80,6.44,6.46,5400700,24.77
2009-06-30,6.85,6.95,6.53,6.63,6763300,25.42
2009-06-29,6.71,6.71,6.46,6.61,5998100,25.34
2009-06-26,6.50,6.67,6.37,6.62,8718400,25.38
2009-06-25,6.28,6.51,6.21,6.47,15152800,24.81
2009-06-24,6.35,6.38,6.23,6.33,15726400,24.27
2009-06-23,6.25,6.29,6.14,6.27,8541300,24.04
2009-06-22,6.07,6.17,5.92,6.03,6126400,23.12
2009-06-19,6.38,6.42,6.08,6.11,5881800,23.43
2009-06-18,6.26,6.30,6.16,6.28,6427500,24.08
2009-06-17,6.24,6.37,6.09,6.26,7469700,24.00
2009-06-16,6.44,6.59,6.27,6.27,3925900,24.04
2009-06-15,6.60,6.65,6.45,6.48,3694400,24.85
2009-06-12,6.73,6.81,6.55,6.73,3477800,25.81
2009-06-11,6.48,6.94,6.48,6.87,5170600,26.34
2009-06-10,6.75,6.80,6.41,6.57,3507700,25.19
2009-06-09,6.51,6.89,6.45,6.71,4904600,25.73
2009-06-08,6.14,6.51,6.09,6.44,4345300,24.69
2009-06-05,6.38,6.45,6.17,6.24,3132900,23.93
2009-06-04,6.22,6.42,6.19,6.38,3511500,24.46
2009-06-03,6.44,6.44,6.07,6.20,3552400,23.77
2009-06-02,6.35,6.50,6.20,6.41,5278400,24.58
2009-06-01,6.15,6.39,6.11,6.33,4285300,24.27
2009-05-29,6.13,6.13,5.96,6.06,3970800,23.24
2009-05-28,6.10,6.14,5.90,6.01,6030900,23.04
2009-05-27,6.04,6.15,5.90,5.92,3461400,22.70
2009-05-26,5.94,6.02,5.72,5.99,3284500,22.97
2009-05-22,5.93,6.06,5.84,5.90,3275600,22.62
2009-05-21,5.98,6.08,5.79,5.89,4229400,22.58
2009-05-20,6.30,6.34,6.06,6.09,4668400,23.35
2009-05-19,6.24,6.31,6.01,6.24,4748400,23.93
2009-05-18,5.95,6.19,5.94,6.15,5884800,23.58
2009-05-15,5.80,6.02,5.75,5.91,4719500,22.66
2009-05-14,5.68,5.83,5.61,5.78,3735300,22.16
2009-05-13,6.00,6.05,5.60,5.66,6868400,21.70
2009-05-12,6.39,6.39,5.93,6.07,6101200,23.27
2009-05-11,6.27,6.39,6.16,6.27,4292400,24.04
2009-05-08,6.21,6.50,6.07,6.50,5555500,24.92
2009-05-07,6.35,6.48,6.11,6.22,8290700,23.85
2009-05-06,5.85,6.35,5.85,6.31,9207400,24.19
2009-05-05,5.59,5.90,5.59,5.87,4211700,22.51
2009-05-04,5.58,5.74,5.51,5.71,5689600,21.89
2009-05-01,5.50,5.56,5.12,5.54,7529000,21.24
2009-04-30,5.95,6.00,5.40,5.53,8974500,21.20
2009-04-29,5.75,6.01,5.74,5.96,4725500,22.85
2009-04-28,5.66,5.89,5.50,5.81,4359900,22.28
2009-04-27,5.72,5.81,5.60,5.71,4459200,21.89
2009-04-24,5.56,5.94,5.41,5.81,6954200,22.28
2009-04-23,5.64,5.64,5.26,5.51,5429600,21.13
2009-04-22,5.61,5.83,5.40,5.66,6011800,21.70
2009-04-21,5.18,5.62,5.15,5.57,6498600,21.36
2009-04-20,5.45,5.50,5.17,5.24,6576300,20.09
2009-04-17,5.17,5.64,5.05,5.56,9919900,21.32
2009-04-16,4.96,5.17,4.84,5.10,5145500,19.56
2009-04-15,4.60,5.00,4.60,4.87,5275600,18.67
2009-04-14,4.77,4.78,4.59,4.68,4288400,17.94
2009-04-13,4.70,4.86,4.67,4.81,3317000,18.44
2009-04-09,4.65,4.90,4.62,4.90,4009800,18.79
2009-04-08,4.52,4.63,4.48,4.54,3367100,17.41
2009-04-07,4.44,4.61,4.40,4.54,3259200,17.41
2009-04-06,4.46,4.70,4.25,4.69,4563100,17.98
2009-04-03,4.48,4.58,4.13,4.56,6769200,17.48
2009-04-02,4.38,4.66,4.37,4.63,4808800,17.75
2009-04-01,4.10,4.35,4.06,4.33,3627800,16.60
2009-03-31,4.31,4.33,4.15,4.23,4807500,16.22
2009-03-30,4.26,4.31,4.10,4.20,4288800,16.10
2009-03-27,4.48,4.52,4.21,4.37,4901900,16.76
2009-03-26,4.25,4.55,4.23,4.55,4763600,17.45
2009-03-25,4.27,4.32,4.06,4.20,3978600,16.10
2009-03-24,4.20,4.35,4.10,4.23,4117400,16.22
2009-03-23,4.07,4.31,4.01,4.31,3802500,16.53
2009-03-20,4.10,4.13,3.90,3.96,5172500,15.18
2009-03-19,4.12,4.20,4.00,4.07,3533300,15.61
2009-03-18,3.77,4.19,3.76,4.15,5070000,15.91
2009-03-17,3.65,3.89,3.61,3.89,4144200,14.92
2009-03-16,3.79,3.91,3.65,3.65,3997500,14.00
2009-03-13,3.83,3.85,3.53,3.75,6371600,14.38
2009-03-12,3.49,3.72,3.45,3.70,6618800,14.19
2009-03-11,3.60,3.63,3.46,3.49,6983300,13.38
2009-03-10,3.21,3.39,3.15,3.39,5055700,13.00
2009-03-09,3.06,3.25,3.02,3.12,3982800,11.96
2009-03-06,3.22,3.25,2.98,3.10,4883600,11.89
2009-03-05,3.41,3.41,3.12,3.17,5758300,12.15
2009-03-04,3.36,3.52,3.33,3.45,4862600,13.23
2009-03-03,3.44,3.57,3.29,3.30,6616700,12.65
2009-03-02,3.44,3.62,3.38,3.38,5899000,12.96
2009-02-27,3.54,3.60,3.40,3.52,4637400,13.50
2009-02-26,3.76,3.85,3.58,3.62,3764000,13.88
2009-02-25,3.82,3.86,3.62,3.71,5062400,14.23
2009-02-24,3.67,3.93,3.44,3.86,5890100,14.80
2009-02-23,3.67,3.85,3.61,3.63,5025300,13.92
2009-02-20,3.56,3.68,3.50,3.61,4815100,13.84
2009-02-19,3.71,3.82,3.53,3.63,6868600,13.92
2009-02-18,3.74,3.77,3.55,3.63,4797200,13.92
2009-02-17,3.69,3.79,3.62,3.70,5828000,14.19
2009-02-13,3.85,4.00,3.80,3.87,4623500,14.84
2009-02-12,3.90,3.90,3.66,3.88,4952400,14.88
2009-02-11,3.94,3.98,3.85,3.90,6524400,14.95
2009-02-10,4.18,4.18,3.87,3.90,8888300,14.95
2009-02-09,4.03,4.21,4.00,4.15,7687100,15.91
2009-02-06,3.75,3.95,3.66,3.88,7667200,14.88
2009-02-05,3.68,3.81,3.44,3.68,11556200,14.11
2009-02-04,4.00,4.00,3.71,3.75,10268300,14.38
2009-02-03,4.12,4.22,3.87,4.04,10722000,15.49
2009-02-02,4.36,4.64,4.32,4.54,4783200,17.41
2009-01-30,4.68,4.70,4.41,4.43,3955300,16.99
2009-01-29,4.85,4.89,4.57,4.66,2799300,17.87
2009-01-28,4.78,4.95,4.71,4.93,3347300,18.90
2009-01-27,4.47,4.77,4.45,4.71,3388900,18.06
2009-01-26,4.60,4.71,4.40,4.51,2999000,17.29
2009-01-23,4.34,4.65,4.22,4.60,4053700,17.64
2009-01-22,4.32,4.51,4.24,4.43,3822900,16.99
2009-01-21,4.39,4.51,4.20,4.51,4703500,17.29
2009-01-20,4.81,4.85,4.27,4.31,6779300,16.53
2009-01-16,4.49,4.75,4.37,4.54,5987100,17.41
2009-01-15,4.20,4.46,4.04,4.43,9008400,16.99
2009-01-14,4.20,4.26,4.03,4.11,4915200,15.76
2009-01-13,4.51,4.53,4.31,4.32,4607700,16.56
2009-01-12,4.47,4.57,4.41,4.50,4282200,17.25
2009-01-09,4.52,4.63,4.35,4.46,2959700,17.10
2009-01-08,4.33,4.54,4.32,4.53,3318800,17.37
2009-01-07,4.55,4.60,4.39,4.43,4797200,16.99
2009-01-06,4.61,4.75,4.48,4.64,5692400,17.79
2009-01-05,4.62,4.66,4.40,4.48,4884000,17.18
2009-01-02,4.45,4.73,4.35,4.67,3669500,17.91
2008-12-31,4.07,4.48,4.06,4.43,5782600,16.99
2008-12-30,4.05,4.18,3.98,4.16,4993100,15.95
2008-12-29,4.04,4.07,3.92,4.05,2917900,15.53
2008-12-26,3.96,4.06,3.93,4.05,1723800,15.53
2008-12-24,4.03,4.10,3.94,3.94,1490100,15.11
2008-12-23,4.23,4.23,3.99,4.03,3734300,15.45
2008-12-22,4.44,4.44,4.08,4.11,5376200,15.76
2008-12-19,4.23,4.49,4.22,4.45,5741300,17.06
2008-12-18,4.36,4.46,4.20,4.23,3775200,16.22
2008-12-17,4.22,4.51,4.13,4.41,8554100,16.91
2008-12-16,4.21,4.41,4.19,4.41,6140900,16.91
2008-12-15,4.19,4.30,4.08,4.17,4240200,15.99
2008-12-12,3.90,4.22,3.85,4.19,5125200,16.07
2008-12-11,4.16,4.32,4.05,4.10,4736000,15.72
2008-12-10,4.12,4.27,4.12,4.22,3142500,15.99
2008-12-09,4.22,4.35,4.13,4.15,3706700,15.72
2008-12-08,4.31,4.48,4.12,4.40,5484800,16.67
2008-12-05,4.14,4.39,4.05,4.36,5646000,16.52
2008-12-04,4.25,4.47,4.17,4.32,6034900,16.37
2008-12-03,4.07,4.40,4.03,4.37,6700900,16.56
2008-12-02,4.47,4.49,4.07,4.27,5700300,16.18
2008-12-01,4.24,4.37,4.01,4.11,7160000,15.57
2008-11-28,4.13,4.43,4.08,4.31,3150800,16.33
2008-11-26,3.96,4.23,3.74,4.15,6169700,15.72
2008-11-25,3.65,4.09,3.53,3.99,10732000,15.12
2008-11-24,3.34,3.60,3.28,3.55,10728200,13.45
2008-11-21,3.40,3.40,3.00,3.28,12187800,12.43
2008-11-20,3.39,3.62,3.14,3.15,7892500,11.94
2008-11-19,3.78,3.95,3.44,3.44,8096400,13.03
2008-11-18,4.01,4.03,3.67,3.90,7126900,14.78
2008-11-17,4.02,4.09,3.88,3.98,5948600,15.08
2008-11-14,4.43,4.48,4.07,4.08,6980500,15.46
2008-11-13,3.90,4.58,3.90,4.58,7835100,17.35
2008-11-12,4.26,4.39,3.90,3.95,6745500,14.97
2008-11-11,4.43,4.48,4.22,4.34,4528500,16.44
2008-11-10,4.95,4.95,4.43,4.50,4720800,17.05
2008-11-07,4.58,4.79,4.46,4.79,7034600,18.15
2008-11-06,4.75,4.82,4.50,4.52,7701500,17.13
2008-11-05,5.12,5.24,4.75,4.80,14118700,18.19
2008-11-04,5.25,5.25,5.09,5.24,4937900,19.85
2008-11-03,5.34,5.35,4.95,5.04,5461700,19.10
2008-10-31,5.11,5.53,5.06,5.37,5798600,20.35
2008-10-30,5.60,5.75,4.99,5.17,8498400,19.59
2008-10-29,5.71,5.83,5.40,5.46,7681100,20.69
2008-10-28,5.37,5.84,5.08,5.84,6496400,22.13
2008-10-27,4.90,5.46,4.65,5.05,6610000,19.13
2008-10-24,4.64,5.15,4.56,5.01,5934200,18.98
2008-10-23,5.01,5.25,4.75,5.09,7555700,19.29
2008-10-22,5.55,5.60,4.91,5.04,6235300,19.10
2008-10-21,5.96,6.07,5.66,5.68,4536300,21.52
2008-10-20,5.71,6.15,5.65,6.07,5401600,23.00
2008-10-17,5.48,5.95,5.32,5.62,6663500,21.29
2008-10-16,5.44,5.63,4.97,5.61,9501300,21.26
2008-10-15,5.40,5.48,5.17,5.19,8313600,19.66
2008-10-14,6.04,6.04,5.38,5.49,8961600,20.80
2008-10-13,5.29,5.60,5.00,5.57,8171200,21.10
2008-10-10,4.26,4.98,4.00,4.68,12751800,17.73
2008-10-09,5.40,5.46,4.56,4.56,9448200,17.28
2008-10-08,5.38,5.86,5.20,5.22,9413800,19.78
2008-10-07,6.33,6.38,5.63,5.65,7450300,21.41
2008-10-06,6.47,6.53,5.83,6.14,10399100,23.26
2008-10-03,6.98,7.22,6.70,6.72,5427300,25.46
2008-10-02,7.30,7.30,6.73,6.78,6896300,25.69
2008-10-01,7.09,7.46,6.95,7.44,4832200,28.19
2008-09-30,6.93,7.16,6.85,7.14,5628800,27.05
2008-09-29,7.43,7.52,6.63,6.68,8565000,25.31
2008-09-26,7.50,7.65,7.25,7.63,6033000,28.91
2008-09-25,7.59,7.98,7.53,7.87,4988100,29.82
2008-09-24,7.39,7.65,7.32,7.50,4927400,28.42
2008-09-23,7.59,8.08,7.34,7.38,6844200,27.96
2008-09-22,7.51,7.76,7.40,7.58,7197400,28.72
2008-09-19,7.80,7.81,7.17,7.53,9843500,28.53
2008-09-18,6.97,7.11,6.52,7.10,7671000,26.90
2008-09-17,7.24,7.24,6.82,6.82,7769600,25.84
2008-09-16,7.59,7.65,7.15,7.24,8752000,27.43
2008-09-15,8.05,8.09,7.65,7.65,4828700,28.99
2008-09-12,7.95,8.35,7.95,8.13,5267500,30.80
2008-09-11,8.22,8.25,7.84,8.10,9060800,30.69
2008-09-10,8.78,8.94,8.23,8.31,9915700,31.30
2008-09-09,9.25,9.50,8.74,8.74,6663400,32.92
2008-09-08,9.21,9.35,9.01,9.31,4851500,35.06
2008-09-05,8.84,9.13,8.69,9.06,5548100,34.12
2008-09-04,9.34,9.48,9.12,9.14,5623200,34.42
2008-09-03,9.40,9.49,9.23,9.41,4424300,35.44
2008-09-02,9.56,9.74,9.38,9.51,5531400,35.82
2008-08-29,9.53,9.53,9.37,9.42,4224400,35.48
2008-08-28,9.64,9.67,9.47,9.57,4765200,36.04
2008-08-27,9.49,9.65,9.32,9.60,3412200,36.15
2008-08-26,9.57,9.67,9.43,9.56,3771300,36.00
2008-08-25,9.86,9.88,9.52,9.56,3644300,36.00
2008-08-22,9.99,10.02,9.75,9.99,3788100,37.62
2008-08-21,9.59,9.98,9.48,9.95,4480000,37.47
2008-08-20,9.85,9.85,9.50,9.68,5004700,36.46
2008-08-19,9.82,9.84,9.61,9.72,4641600,36.61
2008-08-18,10.35,10.35,9.85,9.90,4975600,37.28
2008-08-15,10.05,10.50,10.02,10.33,6356500,38.90
2008-08-14,9.96,10.21,9.81,10.02,6723100,37.74
2008-08-13,10.00,10.24,9.80,9.89,5313500,37.25
2008-08-12,9.98,10.34,9.92,10.02,7559500,37.74
2008-08-11,9.60,10.16,9.54,10.05,6751100,37.85
2008-08-08,9.19,9.68,9.08,9.63,7498500,36.27
2008-08-07,9.45,9.47,9.10,9.17,8848700,34.54
2008-08-06,9.53,9.54,9.24,9.50,8424700,35.78
2008-08-05,9.88,10.04,9.48,9.55,13797400,35.97
2008-08-04,9.56,10.00,9.42,9.82,20837200,36.98
2008-08-01,8.80,8.86,8.56,8.81,7361200,33.18
2008-07-31,8.43,8.84,8.01,8.64,23899300,32.54
2008-07-30,7.51,7.71,7.33,7.68,6659400,28.92
2008-07-29,7.09,7.51,7.05,7.51,6066300,28.28
2008-07-28,7.37,7.37,7.01,7.08,5533200,26.66
2008-07-25,7.20,7.32,7.15,7.25,5390600,27.30
2008-07-24,7.46,7.47,7.10,7.15,4160700,26.93
2008-07-23,7.40,7.62,7.33,7.47,4495700,28.13
2008-07-22,7.02,7.41,6.99,7.41,4338100,27.91
2008-07-21,7.48,7.48,7.11,7.18,4183300,27.04
2008-07-18,7.37,7.53,7.25,7.46,4824200,28.10
2008-07-17,7.12,7.43,6.96,7.38,5742100,27.79
2008-07-16,6.75,7.08,6.66,7.02,5832700,26.44
2008-07-15,6.67,6.88,6.62,6.76,8271200,25.46
2008-07-14,7.23,7.23,6.79,6.80,4607000,25.61
2008-07-11,6.80,7.14,6.77,6.99,8156500,26.33
2008-07-10,7.14,7.24,6.81,6.95,8672500,26.17
2008-07-09,7.35,7.38,7.12,7.15,4555800,26.93
2008-07-08,7.11,7.35,7.04,7.33,4932000,27.61
2008-07-07,7.10,7.22,7.03,7.10,6061100,26.74
2008-07-03,7.22,7.23,7.06,7.06,4768700,26.59
2008-07-02,7.47,7.47,7.15,7.15,7262200,26.93
2008-07-01,7.25,7.57,7.21,7.37,9682600,27.76
2008-06-30,7.31,7.50,7.25,7.34,6145800,27.64
2008-06-27,7.28,7.39,7.20,7.35,8241100,27.68
2008-06-26,7.43,7.43,7.26,7.30,6692800,27.49
2008-06-25,7.40,7.62,7.37,7.52,5809300,28.32
2008-06-24,7.42,7.56,7.30,7.35,7977500,27.68
2008-06-23,7.60,7.63,7.30,7.44,12582500,28.02
2008-06-20,8.09,8.09,7.83,7.94,8976500,29.90
2008-06-19,8.55,8.58,7.61,8.09,19465600,30.47
2008-06-18,8.95,8.98,8.51,8.60,11748800,32.39
2008-06-17,9.15,9.21,8.95,8.99,10252500,33.86
2008-06-16,9.09,9.21,9.02,9.12,3331000,34.35
2008-06-13,9.06,9.22,9.01,9.13,3685500,34.38
2008-06-12,8.96,9.05,8.91,8.96,8687300,33.74
2008-06-11,9.02,9.08,8.89,8.90,6616100,33.33
2008-06-10,9.00,9.20,8.95,9.01,5688200,33.74
2008-06-09,9.00,9.02,8.82,8.92,5417800,33.40
2008-06-06,9.15,9.17,8.91,8.93,9153500,33.44
2008-06-05,9.11,9.30,9.05,9.25,6546000,34.64
2008-06-04,9.14,9.35,9.02,9.18,5423500,34.38
2008-06-03,9.17,9.22,9.00,9.10,3680100,34.08
2008-06-02,9.30,9.42,9.02,9.13,4083700,34.19
2008-05-30,9.38,9.44,9.30,9.33,3055700,34.94
2008-05-29,9.23,9.47,9.19,9.35,3830400,35.02
2008-05-28,9.27,9.29,9.08,9.23,4800000,34.57
2008-05-27,9.16,9.28,9.02,9.16,4730100,34.30
2008-05-23,9.27,9.38,9.10,9.10,3822100,34.08
2008-05-22,9.48,9.50,9.22,9.33,5283600,34.94
2008-05-21,9.82,9.82,9.34,9.38,6895100,35.13
2008-05-20,10.15,10.15,9.78,9.82,4591200,36.78
2008-05-19,10.05,10.38,9.93,10.20,5119900,38.20
2008-05-16,10.03,10.18,9.90,10.07,4104000,37.71
2008-05-15,9.85,10.16,9.80,10.13,3927600,37.94
2008-05-14,9.88,10.00,9.77,9.90,3787900,37.08
2008-05-13,9.92,9.96,9.71,9.77,3520900,36.59
2008-05-12,9.80,9.90,9.72,9.90,3248100,37.08
2008-05-09,9.70,9.93,9.70,9.76,2785100,36.55
2008-05-08,10.03,10.03,9.89,9.92,3117800,37.15
2008-05-07,10.35,10.37,9.85,9.89,4788500,37.04
2008-05-06,9.88,10.27,9.73,10.26,5347000,38.42
2008-05-05,9.99,10.05,9.86,9.90,3801800,37.08
2008-05-02,10.06,10.15,9.91,10.03,5053800,37.56
2008-05-01,9.96,10.09,9.85,10.07,5028600,37.71
2008-04-30,10.06,10.09,9.86,9.96,5673100,37.30
2008-04-29,9.47,10.04,9.46,10.00,10861800,37.45
2008-04-28,9.20,9.50,9.09,9.46,6806700,35.43
2008-04-25,9.28,9.30,8.98,9.24,6260200,34.60
2008-04-24,9.13,9.44,9.06,9.25,6056000,34.64
2008-04-23,9.18,9.62,9.01,9.55,8546400,35.76
2008-04-22,9.28,9.38,9.07,9.15,4155800,34.27
2008-04-21,9.20,9.33,9.08,9.31,4280900,34.87
2008-04-18,9.30,9.42,9.15,9.25,5460100,34.64
2008-04-17,8.98,9.15,8.90,9.05,4108200,33.89
2008-04-16,9.09,9.22,8.95,9.20,4168300,34.45
2008-04-15,9.04,9.04,8.85,8.98,3428700,33.63
2008-04-14,9.05,9.09,8.92,8.96,3736800,33.55
2008-04-11,8.99,9.32,8.90,9.04,6407000,33.85
2008-04-10,9.30,9.32,8.96,9.11,11934100,34.12
2008-04-09,9.52,9.54,9.27,9.31,4457300,34.87
2008-04-08,9.79,9.79,9.45,9.49,5437700,35.54
2008-04-07,9.97,9.98,9.76,9.84,4229600,36.85
2008-04-04,9.77,9.77,9.50,9.67,4419300,36.21
2008-04-03,9.47,9.81,9.35,9.77,5620800,36.59
2008-04-02,9.47,9.63,9.35,9.61,5635000,35.99
2008-04-01,9.50,9.64,9.36,9.47,8656500,35.46
2008-03-31,9.21,9.38,9.10,9.30,4971700,34.83
2008-03-28,9.57,9.60,9.18,9.21,5757100,34.49
2008-03-27,9.90,9.91,9.40,9.50,8300600,35.58
2008-03-26,10.30,10.35,9.80,10.02,14728300,37.52
2008-03-25,9.77,9.87,9.47,9.76,4845800,36.55
2008-03-24,9.38,9.81,9.30,9.69,5009000,36.29
2008-03-20,9.34,9.44,8.98,9.25,8711200,34.64
2008-03-19,9.77,9.80,9.33,9.33,5827400,34.94
2008-03-18,9.41,9.78,9.35,9.74,7051100,36.48
2008-03-17,9.31,9.53,9.12,9.25,8181700,34.64
2008-03-14,10.03,10.04,9.50,9.55,5673700,35.76
2008-03-13,9.84,9.97,9.57,9.86,4413900,36.93
2008-03-12,9.98,10.39,9.95,10.01,5780300,37.49
2008-03-11,9.66,10.01,9.63,10.01,5919300,37.30
2008-03-10,9.85,9.99,9.52,9.54,5191600,35.55
2008-03-07,9.88,10.02,9.63,9.82,6634800,36.59
2008-03-06,10.10,10.10,9.93,9.94,6192100,37.04
2008-03-05,10.08,10.10,9.86,10.02,7308300,37.34
2008-03-04,9.70,9.96,9.49,9.93,13060600,37.00
2008-03-03,10.05,10.05,9.71,9.81,9870100,36.55
2008-02-29,10.31,10.35,9.83,9.97,12987500,37.15
2008-02-28,10.82,10.87,10.34,10.40,10338500,38.75
2008-02-27,10.98,11.00,10.85,10.88,4909600,40.54
2008-02-26,11.09,11.16,10.93,11.01,7449400,41.03
2008-02-25,11.13,11.22,10.87,11.16,7265800,41.58
2008-02-22,11.30,11.41,11.10,11.36,9267400,42.33
2008-02-21,11.48,11.56,11.25,11.28,3517300,42.03
2008-02-20,11.18,11.46,11.13,11.46,4420800,42.70
2008-02-19,11.40,11.44,11.21,11.29,6389400,42.07
2008-02-15,11.40,11.48,11.22,11.28,8367400,42.03
2008-02-14,11.76,11.92,11.50,11.51,5294700,42.89
2008-02-13,11.66,11.80,11.52,11.73,5110900,43.71
2008-02-12,11.62,11.76,11.45,11.56,6478100,43.08
2008-02-11,11.40,11.73,11.34,11.57,6801100,43.11
2008-02-08,11.35,11.50,11.21,11.26,8445600,41.96
2008-02-07,11.38,11.60,11.28,11.42,6181800,42.55
2008-02-06,11.62,11.64,11.18,11.47,7583000,42.74
2008-02-05,12.03,12.03,11.50,11.51,7802400,42.89
2008-02-04,12.51,12.59,12.12,12.22,7458500,45.53
2008-02-01,12.90,12.97,12.47,12.69,15810000,47.29
2008-01-31,11.15,11.65,11.08,11.50,7419800,42.85
2008-01-30,11.24,11.72,11.21,11.29,6983800,42.07
2008-01-29,11.29,11.63,11.19,11.31,7063600,42.14
2008-01-28,10.77,11.27,10.72,11.24,11389300,41.88
2008-01-25,10.33,10.85,10.25,10.73,11921800,39.98
2008-01-24,10.14,10.40,9.92,10.13,21714100,37.75
2008-01-23,10.21,10.67,9.43,10.01,41402300,37.30
2008-01-22,12.21,12.35,11.55,12.32,21844500,45.91
2008-01-18,13.60,13.69,13.11,13.33,6936700,49.67
2008-01-17,14.02,14.11,13.37,13.41,7622700,49.97
2008-01-16,14.04,14.35,13.96,14.01,7722500,52.20
2008-01-15,14.46,14.52,14.21,14.31,4858300,53.32
2008-01-14,14.73,14.96,14.51,14.61,5028400,54.44
2008-01-11,14.76,14.86,14.54,14.64,3690400,54.55
2008-01-10,14.65,15.02,14.55,14.93,5548200,55.63
2008-01-09,14.91,14.95,14.35,14.79,6134100,55.11
2008-01-08,15.02,15.25,14.79,14.85,5860300,55.33
2008-01-07,15.13,15.13,14.76,14.98,7394200,55.82
2008-01-04,15.69,15.70,14.89,15.07,9988100,56.15
2008-01-03,16.10,16.20,15.97,16.05,6970200,59.81
2008-01-02,16.01,16.15,15.83,16.07,5595000,59.88
