Date,Open,High,Low,Close,Volume,Adj Close
2013-12-31,67.47,68.23,66.76,68.11,1624300,67.95
2013-12-30,68.32,68.73,67.06,67.17,1452000,67.02
2013-12-27,68.00,68.47,67.70,68.21,1107100,68.05
2013-12-26,68.04,68.34,67.73,68.05,674300,67.89
2013-12-24,67.62,68.05,67.28,67.92,695800,67.76
2013-12-23,68.50,68.83,67.51,67.62,2266300,67.47
2013-12-20,68.03,68.75,67.88,67.94,3057500,67.78
2013-12-19,66.63,68.16,66.57,67.87,2349700,67.71
2013-12-18,67.92,67.98,65.79,67.45,4136800,67.30
2013-12-17,69.87,69.88,67.57,67.61,3601800,67.46
2013-12-16,68.97,69.66,68.70,69.40,2026200,69.24
2013-12-13,68.56,68.78,67.59,68.68,2266900,68.52
2013-12-12,68.24,69.24,67.59,68.68,2102700,68.52
2013-12-11,69.42,69.67,67.90,68.16,2329000,68.00
2013-12-10,68.39,69.76,68.31,69.48,2432000,69.32
2013-12-09,69.40,69.50,67.61,68.59,3781200,68.43
2013-12-06,69.74,69.89,69.19,69.50,2700500,69.34
2013-12-05,69.00,69.85,68.79,69.04,2373000,68.88
2013-12-04,70.25,70.74,69.31,69.64,3141900,69.48
2013-12-03,69.80,70.26,69.31,69.51,3196000,69.35
2013-12-02,70.10,70.58,69.07,69.80,2035200,69.64
2013-11-29,69.91,71.02,69.08,70.24,1523100,70.08
2013-11-27,72.75,72.96,68.58,69.87,5196300,69.71
2013-11-26,73.00,73.68,72.30,73.18,1787800,73.01
2013-11-25,73.66,73.66,71.91,72.94,1383500,72.77
2013-11-22,74.56,74.72,73.34,73.58,1793000,73.41
2013-11-21,73.25,74.64,73.20,73.98,1420900,73.81
2013-11-20,73.48,73.84,72.49,72.85,1450700,72.68
2013-11-19,73.11,73.75,72.39,73.00,2050600,72.83
2013-11-18,75.05,75.27,72.89,73.18,2509700,73.01
2013-11-15,74.26,74.97,73.94,74.93,1377100,74.76
2013-11-14,74.07,74.38,73.48,74.20,1628000,74.03
2013-11-13,73.37,74.53,73.00,74.00,1852700,73.83
2013-11-12,75.24,75.25,73.59,73.69,1621800,73.52
2013-11-11,75.55,75.97,74.88,75.21,933500,75.04
2013-11-08,72.70,75.69,72.70,75.60,2482200,75.43
2013-11-07,74.96,75.10,72.16,72.65,3689900,72.48
2013-11-06,75.16,75.97,74.01,74.59,1715300,74.42
2013-11-05,75.71,76.03,74.72,75.01,1592200,74.84
2013-11-04,75.65,76.92,75.53,76.13,1850700,75.96
2013-11-01,75.11,75.47,73.50,75.19,1788700,75.02
2013-10-31,76.00,76.18,74.64,74.93,2016500,74.76
2013-10-30,77.13,78.01,75.28,76.09,1695200,75.78
2013-10-29,76.57,77.33,76.50,77.13,1664600,76.81
2013-10-28,76.39,77.04,75.94,76.54,2346200,76.22
2013-10-25,75.66,76.60,74.88,76.51,3423900,76.19
2013-10-24,71.50,76.59,71.04,74.52,3838700,74.21
2013-10-23,72.89,73.14,70.57,71.38,2728300,71.09
2013-10-22,72.77,73.88,72.51,73.28,3068200,72.98
2013-10-21,72.30,73.09,71.92,72.36,1926500,72.06
2013-10-18,71.24,72.62,70.83,72.56,2246900,72.26
2013-10-17,69.97,70.78,69.86,70.73,1640100,70.44
2013-10-16,68.85,70.30,68.69,70.21,1921900,69.92
2013-10-15,67.96,69.07,67.56,68.31,2800300,68.03
2013-10-14,66.52,67.43,66.26,67.40,1291400,67.12
2013-10-11,66.17,67.41,65.88,67.00,1054800,66.72
2013-10-10,65.52,66.45,65.14,66.45,1455900,66.18
2013-10-09,65.31,65.63,64.36,64.80,1135600,64.53
2013-10-08,66.41,66.90,65.22,65.25,935300,64.98
2013-10-07,66.39,67.46,66.25,66.37,1277400,66.10
2013-10-04,66.56,67.77,66.09,67.23,1338100,66.95
2013-10-03,67.29,67.40,65.63,66.37,2061600,66.10
2013-10-02,67.63,67.99,66.79,67.83,1392300,67.55
2013-10-01,67.06,68.00,66.95,67.99,2085800,67.71
2013-09-30,66.31,67.29,66.10,67.01,1214000,66.73
2013-09-27,67.12,67.30,66.54,67.01,911900,66.73
2013-09-26,67.23,67.35,66.43,67.32,1348600,67.04
2013-09-25,67.28,67.69,66.80,67.02,1220100,66.74
2013-09-24,66.87,67.85,66.66,67.14,1107900,66.86
2013-09-23,67.18,67.35,66.52,67.01,780500,66.73
2013-09-20,67.49,67.74,66.93,67.29,1726900,67.01
2013-09-19,67.87,68.43,67.33,67.44,1247900,67.16
2013-09-18,66.10,67.96,65.82,67.77,1363200,67.49
2013-09-17,65.78,66.29,65.51,66.10,1244800,65.83
2013-09-16,67.07,67.12,65.66,65.90,1575100,65.63
2013-09-13,66.75,67.07,66.39,66.52,1611900,66.25
2013-09-12,66.14,67.26,66.10,66.75,2135800,66.47
2013-09-11,65.50,66.19,65.18,66.17,1918600,65.90
2013-09-10,64.40,65.09,63.86,65.06,2180100,64.79
2013-09-09,63.18,64.15,63.04,64.13,1674100,63.87
2013-09-06,63.10,63.82,62.63,62.91,1497400,62.65
2013-09-05,62.75,63.23,62.52,62.90,1045700,62.64
2013-09-04,62.10,62.79,61.81,62.62,1054700,62.36
2013-09-03,62.10,62.39,61.65,62.18,1398900,61.92
2013-08-30,61.51,61.84,61.00,61.43,1581400,61.18
2013-08-29,61.70,61.96,61.23,61.35,1349600,61.10
2013-08-28,61.37,62.08,61.37,61.75,2073900,61.50
2013-08-27,62.04,62.94,61.27,61.37,1884400,61.12
2013-08-26,63.12,63.70,62.73,62.84,710900,62.58
2013-08-23,62.57,63.07,61.97,62.96,858600,62.70
2013-08-22,61.92,62.75,61.71,62.49,622700,62.23
2013-08-21,62.25,62.52,61.70,61.79,1015600,61.54
2013-08-20,61.94,62.77,61.79,62.24,961800,61.98
2013-08-19,62.68,63.10,61.78,61.81,1191100,61.56
2013-08-16,62.51,63.01,62.24,62.65,1528000,62.39
2013-08-15,62.67,63.32,62.15,63.00,888400,62.74
2013-08-14,63.69,63.87,62.97,62.98,1056800,62.72
2013-08-13,63.45,63.91,62.92,63.75,984300,63.49
2013-08-12,63.50,64.00,63.20,63.42,863700,63.16
2013-08-09,64.05,64.14,63.53,63.83,838400,63.57
2013-08-08,63.93,64.47,63.14,63.98,1567600,63.72
2013-08-07,63.85,64.04,63.23,63.76,1832400,63.50
2013-08-06,64.92,64.96,63.61,64.14,1433800,63.88
2013-08-05,64.78,65.16,64.50,64.92,1390800,64.65
2013-08-02,64.34,64.96,64.12,64.96,1620200,64.69
2013-08-01,63.16,64.52,63.15,64.32,2194800,64.05
2013-07-31,62.85,63.22,62.34,62.49,2011600,62.09
2013-07-30,62.47,62.65,61.78,62.52,1656700,62.12
2013-07-29,62.69,63.15,62.00,62.07,2222600,61.68
2013-07-26,63.93,64.26,63.20,63.43,2112100,63.03
2013-07-25,63.01,64.62,62.56,64.38,2110100,63.97
2013-07-24,65.44,65.56,64.13,64.54,1359000,64.13
2013-07-23,66.07,66.11,65.17,65.18,1317400,64.77
2013-07-22,66.01,66.30,65.65,65.97,1673100,65.55
2013-07-19,65.77,66.09,65.08,66.07,1476500,65.65
2013-07-18,64.21,65.82,64.15,65.66,1663500,65.24
2013-07-17,63.20,64.20,63.20,63.86,1131900,63.45
2013-07-16,63.74,64.00,62.76,63.07,1299000,62.67
2013-07-15,64.30,64.79,63.51,63.55,1567300,63.15
2013-07-12,64.34,64.44,63.78,64.30,1322400,63.89
2013-07-11,64.37,64.62,63.57,64.53,1351400,64.12
2013-07-10,64.14,64.50,63.57,63.75,1882200,63.34
2013-07-09,62.84,64.06,62.75,63.86,1716900,63.45
2013-07-08,62.73,62.74,62.04,62.29,2312700,61.89
2013-07-05,62.09,62.76,61.47,62.71,1189400,62.31
2013-07-03,61.04,61.69,60.79,61.63,1076200,61.24
2013-07-02,59.99,61.36,59.92,61.04,1692300,60.65
2013-07-01,60.31,60.83,59.85,59.88,2464900,59.50
2013-06-28,60.55,61.13,60.03,60.04,3246700,59.66
2013-06-27,60.90,61.77,60.71,60.88,2378700,60.49
2013-06-26,60.29,60.34,59.01,60.19,2021600,59.81
2013-06-25,60.27,60.44,59.25,59.77,2121700,59.39
2013-06-24,58.61,60.21,57.63,59.61,2711900,59.23
2013-06-21,59.17,59.74,58.38,59.44,2652000,59.06
2013-06-20,59.58,59.89,58.48,58.79,2310500,58.42
2013-06-19,60.58,61.61,60.52,60.53,1725500,60.15
2013-06-18,59.67,60.87,59.56,60.69,1781300,60.30
2013-06-17,58.40,59.78,58.40,59.70,1933100,59.32
2013-06-14,58.19,58.52,57.46,57.91,1144500,57.54
2013-06-13,57.17,58.42,56.92,58.34,1258700,57.97
2013-06-12,58.33,58.34,57.00,57.20,2094700,56.84
2013-06-11,57.71,58.30,57.17,57.76,1528900,57.39
2013-06-10,58.65,58.70,57.90,58.46,1056900,58.09
2013-06-07,57.80,58.66,57.36,58.61,1257500,58.24
2013-06-06,56.76,57.37,56.26,57.37,1332800,57.01
2013-06-05,57.42,57.61,56.70,56.75,2075300,56.39
2013-06-04,57.62,58.24,57.16,57.75,1992000,57.38
2013-06-03,57.79,58.83,57.47,57.77,1896500,57.40
2013-05-31,58.80,59.04,57.64,57.65,1490000,57.28
2013-05-30,59.43,59.64,58.46,59.10,1228800,58.72
2013-05-29,58.83,59.35,58.27,59.12,915400,58.74
2013-05-28,118.50,120.28,117.53,118.26,4322200,58.75
2013-05-24,118.02,118.17,115.62,117.38,2480200,58.32
2013-05-23,117.31,118.81,116.07,118.75,2398000,59.00
2013-05-22,121.94,123.21,117.86,119.07,3989600,59.16
2013-05-21,122.49,123.05,121.11,121.14,1745600,60.19
2013-05-20,121.37,123.07,121.24,122.50,2147400,60.86
2013-05-17,118.34,121.36,118.31,121.30,3124200,60.26
2013-05-16,117.73,118.34,116.50,117.82,2623000,58.54
2013-05-15,118.53,118.85,116.36,117.99,3296400,58.62
2013-05-14,115.50,117.67,115.50,117.61,2163200,58.43
2013-05-13,114.38,115.68,114.14,115.65,1951400,57.46
2013-05-10,115.36,115.70,114.13,114.78,2393600,57.03
2013-05-09,117.18,117.80,115.57,116.01,3872800,57.64
2013-05-08,116.81,117.48,116.01,117.43,2929000,58.34
2013-05-07,114.86,117.45,114.86,116.81,2694800,58.03
2013-05-06,113.22,114.19,112.59,114.08,1852200,56.68
2013-05-03,111.91,113.29,111.75,113.07,3183600,56.18
2013-05-02,111.03,111.72,110.20,110.82,2965200,55.06
2013-05-01,112.61,112.61,110.12,110.91,2399600,54.96
2013-04-30,112.81,113.80,112.01,113.29,1891200,56.14
2013-04-29,112.55,113.72,111.80,113.04,1763200,56.02
2013-04-26,113.57,113.84,110.64,111.69,2445000,55.35
2013-04-25,113.34,116.38,112.20,113.57,2983000,56.28
2013-04-24,111.15,113.51,110.87,112.62,2540800,55.81
2013-04-23,109.25,110.95,108.85,110.72,3011400,54.87
2013-04-22,107.58,109.02,106.33,108.61,1593000,53.82
2013-04-19,107.93,108.18,105.95,107.21,1733600,53.13
2013-04-18,106.88,108.30,105.24,107.61,2311800,53.33
2013-04-17,108.59,108.59,105.89,106.49,3027600,52.77
2013-04-16,109.29,110.65,107.95,109.93,2901600,54.48
2013-04-15,112.60,112.66,107.99,107.99,2869600,53.52
2013-04-12,117.38,117.38,113.28,113.54,3300000,56.27
2013-04-11,117.79,118.48,116.42,117.96,2559600,58.46
2013-04-10,117.44,117.71,116.54,116.66,1912400,57.81
2013-04-09,115.61,117.70,115.08,116.88,1466000,57.92
2013-04-08,112.21,115.67,112.02,115.59,2169400,57.28
2013-04-05,110.97,112.06,110.39,111.57,3189000,55.29
2013-04-04,115.67,116.05,112.50,112.71,3610800,55.86
2013-04-03,116.59,117.58,114.25,115.24,2142000,57.11
2013-04-02,115.95,116.65,115.31,115.88,1546000,57.43
2013-04-01,116.35,116.71,114.59,116.00,1123400,57.49
2013-03-28,115.41,116.45,114.68,115.66,1680400,57.32
2013-03-27,115.05,115.66,114.04,115.23,829600,57.10
2013-03-26,113.73,115.80,113.73,115.60,954400,57.29
2013-03-25,114.70,115.22,112.76,113.19,1142200,56.09
2013-03-22,113.41,114.42,113.17,114.16,1660600,56.57
2013-03-21,113.17,114.15,112.39,113.00,1400000,56.00
2013-03-20,114.90,115.65,113.41,113.97,1893000,56.48
2013-03-19,115.86,115.93,113.72,114.25,1602800,56.62
2013-03-18,115.02,116.10,114.62,115.65,2090000,57.31
2013-03-15,115.66,116.64,115.42,116.45,3561600,57.71
2013-03-14,114.31,116.25,114.23,115.98,2019800,57.48
2013-03-13,113.61,114.50,113.34,114.31,1931400,56.65
2013-03-12,113.23,113.87,112.50,113.80,1414200,56.40
2013-03-11,112.28,113.44,111.70,113.03,1465600,56.01
2013-03-08,112.81,112.81,111.22,112.49,2149000,55.75
2013-03-07,110.05,112.55,110.04,112.35,2319400,55.68
2013-03-06,109.82,110.27,109.06,109.92,2310600,54.47
2013-03-05,110.86,111.25,108.03,109.35,4095400,54.19
2013-03-04,110.00,110.09,108.23,110.07,1902200,54.55
2013-03-01,110.15,110.42,109.01,110.04,1800800,54.53
2013-02-28,110.49,111.64,110.01,110.83,2033000,54.92
2013-02-27,108.81,110.64,108.81,110.28,2194800,54.65
2013-02-26,109.35,109.35,107.26,108.79,1919200,53.91
2013-02-25,112.00,112.39,108.42,108.43,2519000,53.73
2013-02-22,110.96,111.70,110.19,111.59,2272800,55.30
2013-02-21,111.29,111.50,109.86,110.06,1921600,54.54
2013-02-20,114.00,114.18,111.25,111.34,1984800,55.18
2013-02-19,112.51,114.07,112.51,113.90,3757000,56.45
2013-02-15,112.31,112.46,111.08,112.02,2486800,55.51
2013-02-14,112.00,112.74,111.73,112.15,1665600,55.58
2013-02-13,112.43,113.37,112.12,112.27,1612400,55.64
2013-02-12,112.20,112.73,111.50,112.22,1759600,55.61
2013-02-11,114.95,115.02,112.15,112.75,2435400,55.88
2013-02-08,113.99,115.59,113.40,115.36,1981000,57.17
2013-02-07,112.84,114.38,111.96,113.65,2090800,56.32
2013-02-06,110.99,113.67,110.89,113.57,2381800,56.16
2013-02-05,109.50,112.02,109.39,111.92,2702600,55.34
2013-02-04,108.26,109.09,107.72,108.77,1312400,53.78
2013-02-01,108.51,109.38,107.87,109.19,1651400,53.99
2013-01-31,107.90,108.66,107.12,107.79,1580400,53.30
2013-01-30,109.32,110.08,108.04,108.23,1475000,53.52
2013-01-29,107.72,109.42,107.42,109.26,1239800,54.03
2013-01-28,108.63,108.63,106.89,107.56,1113400,53.19
2013-01-25,107.83,108.65,107.16,108.30,1094800,53.55
2013-01-24,107.35,108.76,106.87,107.60,1254400,53.21
2013-01-23,108.66,108.66,107.13,107.31,1016200,53.06
2013-01-22,106.72,109.04,106.35,109.04,2059600,53.92
2013-01-18,107.00,107.00,105.06,106.62,2075600,52.72
2013-01-17,106.51,107.28,106.05,106.97,2209000,52.89
2013-01-16,105.07,106.07,104.80,105.75,863800,52.29
2013-01-15,104.85,105.40,104.17,105.31,1121000,52.07
2013-01-14,105.31,105.90,105.13,105.43,1074800,52.13
2013-01-11,104.49,105.58,104.06,105.57,1995400,52.20
2013-01-10,104.62,104.83,103.78,104.59,1789000,51.72
2013-01-09,104.65,104.72,103.29,103.84,1713400,51.35
2013-01-08,104.16,104.16,102.85,104.06,2363400,51.46
2013-01-07,104.44,105.21,103.83,105.09,1605000,51.96
2013-01-04,103.22,104.97,103.22,104.90,1511800,51.87
2013-01-03,102.93,104.24,102.33,103.24,1424800,51.05
2013-01-02,103.43,103.82,101.86,103.25,1560200,51.05
2012-12-31,98.78,101.88,98.66,101.74,1693000,50.31
2012-12-28,100.49,100.90,98.83,98.91,1652400,48.91
2012-12-27,100.96,101.38,99.83,100.69,999000,49.79
2012-12-26,102.04,102.80,100.71,100.96,939800,49.92
2012-12-24,102.11,102.57,101.54,101.64,504200,50.26
2012-12-21,101.41,102.93,101.17,102.57,2558800,50.72
2012-12-20,101.62,102.70,101.14,102.70,1626400,50.78
2012-12-19,102.63,102.81,101.44,101.71,1431000,50.29
2012-12-18,100.51,103.08,100.11,102.81,2011600,50.84
2012-12-17,100.26,101.42,99.64,100.60,2136000,49.74
2012-12-14,99.43,100.06,98.76,100.02,2413200,49.46
2012-12-13,101.44,101.75,99.04,99.30,1907000,49.10
2012-12-12,101.41,102.29,100.53,101.82,1959600,50.35
2012-12-11,100.68,101.35,100.59,101.08,1623600,49.98
2012-12-10,102.56,102.56,100.13,100.40,2142200,49.65
2012-12-07,99.58,101.69,98.89,101.45,3007400,50.16
2012-12-06,96.52,99.37,96.52,99.33,4513600,49.12
2012-12-05,96.44,97.26,95.53,96.04,2715200,47.49
2012-12-04,96.00,96.61,95.51,95.95,1340000,47.45
2012-12-03,98.83,99.00,96.15,96.27,2710200,47.60
2012-11-30,97.99,98.52,97.24,97.75,2150800,48.34
2012-11-29,97.50,98.57,97.31,97.80,2375800,48.36
2012-11-28,95.00,97.04,94.47,96.96,1631800,47.94
2012-11-27,96.09,96.83,95.28,96.19,2018200,47.56
2012-11-26,96.19,96.74,95.05,96.65,2769200,47.79
2012-11-23,95.60,96.62,95.14,96.55,1006400,47.74
2012-11-21,95.25,95.81,94.51,95.31,2042400,47.13
2012-11-20,94.23,95.85,93.75,94.80,2835000,46.88
2012-11-19,93.09,94.50,93.05,93.83,2353000,46.40
2012-11-16,93.13,93.52,91.21,91.88,4724800,45.43
2012-11-15,94.59,95.21,91.86,92.58,4447200,45.78
2012-11-14,95.29,95.29,93.60,94.50,2196400,46.73
2012-11-13,94.03,95.73,93.95,95.00,1584200,46.98
2012-11-12,95.25,95.30,94.48,95.00,1261800,46.98
2012-11-09,94.58,95.95,94.48,95.01,1729200,46.98
2012-11-08,95.00,95.71,94.59,94.73,3182200,46.84
2012-11-07,95.42,95.53,94.20,95.00,1958800,46.98
2012-11-06,96.20,97.10,95.51,96.71,2437600,47.82
2012-11-05,95.01,95.86,94.09,95.68,1411800,47.31
2012-11-02,95.61,96.16,94.71,95.00,1790000,46.98
2012-11-01,95.00,95.46,93.62,95.40,1937400,47.17
2012-10-31,93.32,95.35,93.32,95.01,2931600,46.86
2012-10-26,92.73,95.40,92.53,94.45,2640600,46.58
2012-10-25,90.50,92.94,90.02,92.87,3072200,45.80
2012-10-24,92.28,92.28,90.00,90.18,2251600,44.47
2012-10-23,92.45,92.66,91.01,91.51,1928400,45.13
2012-10-22,93.46,96.24,93.04,94.27,2539600,46.49
2012-10-19,96.25,96.45,94.09,94.24,1607600,46.48
2012-10-18,95.82,96.76,95.54,96.50,1700000,47.59
2012-10-17,95.11,96.39,94.76,96.14,1436200,47.41
2012-10-16,94.00,95.41,93.77,94.69,1408000,46.70
2012-10-15,94.00,94.00,92.50,93.77,1428200,46.25
2012-10-12,93.18,94.00,92.73,93.78,1941400,46.25
2012-10-11,94.53,94.75,93.01,93.29,2661400,46.01
2012-10-10,94.30,95.50,93.90,94.11,2149200,46.41
2012-10-09,94.55,95.17,93.84,94.37,1808200,46.54
2012-10-08,92.67,94.40,92.51,94.30,2172600,46.51
2012-10-05,93.24,93.64,92.49,93.38,2937000,46.05
2012-10-04,93.17,93.89,92.44,92.85,1702400,45.79
2012-10-03,93.95,94.15,92.21,92.79,1795800,45.76
2012-10-02,93.12,94.01,92.05,93.88,2280200,46.30
2012-10-01,91.06,93.60,91.06,92.23,2284600,45.49
2012-09-28,92.41,93.18,92.04,92.71,1656600,45.72
2012-09-27,91.81,93.39,91.63,93.11,1427400,45.92
2012-09-26,91.69,92.10,90.88,91.18,1665600,44.97
2012-09-25,93.16,93.81,91.92,91.94,1503800,45.34
2012-09-24,92.75,93.22,92.44,92.75,1431200,45.74
2012-09-21,94.01,94.29,92.83,93.27,2403000,46.00
2012-09-20,92.77,93.68,91.62,93.22,2034600,45.97
2012-09-19,94.22,94.45,93.12,93.38,1610600,46.05
2012-09-18,94.80,95.12,93.51,94.30,1965800,46.51
2012-09-17,96.47,96.55,94.66,95.05,2170600,46.88
2012-09-14,96.06,97.60,96.04,96.77,2544800,47.72
2012-09-13,93.73,96.47,93.26,95.70,1336600,47.20
2012-09-12,94.46,94.75,93.55,93.83,1421200,46.27
2012-09-11,93.26,94.18,93.11,93.94,2437000,46.33
2012-09-10,91.60,94.10,91.27,93.11,4480200,45.92
2012-09-07,89.07,91.59,88.95,91.50,2132800,45.13
2012-09-06,87.19,90.05,87.09,89.37,2204800,44.08
2012-09-05,86.73,87.08,85.95,86.20,1670200,42.51
2012-09-04,87.12,87.53,86.34,86.73,1907600,42.77
2012-08-31,87.86,88.39,86.95,87.90,1623800,43.35
2012-08-30,86.52,87.76,86.30,86.99,1785200,42.90
2012-08-29,87.51,87.91,86.71,87.26,1388400,43.03
2012-08-28,86.97,87.47,86.50,87.31,2117400,43.06
2012-08-27,87.51,87.78,86.62,87.06,1633400,42.94
2012-08-24,86.21,87.58,86.00,87.27,1655800,43.04
2012-08-23,88.32,88.60,86.48,86.60,1482200,42.71
2012-08-22,87.91,88.71,87.58,88.46,1767400,43.63
2012-08-21,89.18,89.48,87.81,87.95,1561600,43.37
2012-08-20,89.77,89.95,88.06,88.65,1367600,43.72
2012-08-17,90.82,90.82,89.57,89.88,1424400,44.33
2012-08-16,89.61,90.82,89.45,90.70,1427200,44.73
2012-08-15,89.07,89.87,88.78,89.41,2570400,44.09
2012-08-14,90.27,90.83,89.29,89.55,1293400,44.16
2012-08-13,90.66,90.85,89.87,90.05,1818800,44.41
2012-08-10,89.20,91.02,88.68,90.91,2136400,44.83
2012-08-09,89.37,90.70,88.98,89.80,1600200,44.29
2012-08-08,88.86,90.04,88.07,89.89,2912800,44.33
2012-08-07,88.20,89.80,88.20,89.00,2195200,43.89
2012-08-06,88.00,88.76,86.92,87.37,2180200,43.09
2012-08-03,88.08,88.56,87.25,87.70,1715400,43.25
2012-08-02,86.43,87.27,85.20,86.15,1652400,42.49
2012-08-01,87.96,89.05,86.67,88.52,2485600,43.55
2012-07-31,89.09,90.58,87.08,87.43,2865200,43.01
2012-07-30,89.88,91.23,88.73,89.10,3028600,43.83
2012-07-27,87.15,90.05,85.84,89.55,3698800,44.05
2012-07-26,85.42,88.00,84.97,86.99,3604800,42.79
2012-07-25,84.60,85.06,83.37,84.91,1780000,41.77
2012-07-24,86.07,86.64,82.98,84.23,2285400,41.44
2012-07-23,85.77,86.62,85.40,85.96,2027400,42.29
2012-07-20,87.80,88.75,86.94,88.12,3205800,43.35
2012-07-19,86.83,88.67,86.37,88.50,2957000,43.54
2012-07-18,85.10,86.67,85.00,86.19,2894600,42.40
2012-07-17,85.86,86.50,83.73,85.47,2230000,42.05
2012-07-16,84.50,86.18,84.19,85.49,2589200,42.06
2012-07-13,83.81,84.95,83.69,84.80,1805200,41.72
2012-07-12,83.97,84.38,82.33,83.45,1988800,41.05
2012-07-11,83.36,85.30,83.10,84.87,2079400,41.75
2012-07-10,85.75,85.87,82.56,83.06,2054000,40.86
2012-07-09,84.78,85.65,84.27,84.88,1442200,41.76
2012-07-06,84.91,85.75,84.33,85.10,1906800,41.86
2012-07-05,87.25,87.53,85.66,86.25,2454200,42.43
2012-07-03,84.86,88.15,84.66,88.10,1827600,43.34
2012-07-02,85.00,85.12,83.15,84.12,2096600,41.38
2012-06-29,83.24,84.82,82.78,84.82,3971000,41.73
2012-06-28,79.63,81.64,79.50,81.26,2800000,39.98
2012-06-27,78.75,80.92,78.58,80.68,2777000,39.69
2012-06-26,77.60,78.80,77.06,78.51,2342600,38.62
2012-06-25,78.50,78.78,76.83,77.59,2675800,38.17
2012-06-22,80.05,80.34,78.79,79.75,2815200,39.23
2012-06-21,82.92,82.92,79.29,79.39,3390000,39.06
2012-06-20,84.15,84.78,81.97,82.65,2360600,40.66
2012-06-19,83.30,84.88,82.99,84.33,1373200,41.49
2012-06-18,83.65,83.65,82.47,82.82,2369200,40.74
2012-06-15,83.25,84.31,82.44,84.24,3057800,41.44
2012-06-14,82.53,83.49,81.54,82.98,2734400,40.82
2012-06-13,83.66,84.37,81.83,82.42,2552400,40.55
2012-06-12,83.88,84.60,82.72,84.16,1992200,41.40
2012-06-11,85.60,85.82,83.07,83.19,1997000,40.93
2012-06-08,83.65,85.04,82.83,84.88,1779200,41.76
2012-06-07,86.67,87.14,84.38,84.63,2876000,41.63
2012-06-06,83.96,85.48,83.45,85.45,2616200,42.04
2012-06-05,81.00,82.79,80.80,82.49,2489200,40.58
2012-06-04,81.36,81.69,79.96,81.32,3386400,40.01
2012-06-01,82.64,82.66,80.25,80.95,3912800,39.82
2012-05-31,84.16,85.06,81.60,84.46,3209400,41.55
2012-05-30,84.94,84.95,83.18,84.04,2388000,41.34
2012-05-29,84.71,86.51,84.63,86.21,2454400,42.41
2012-05-25,84.54,85.11,83.65,83.94,1762800,41.29
2012-05-24,85.10,85.15,83.09,84.35,1644000,41.50
2012-05-23,83.59,84.95,81.89,84.71,2309000,41.67
2012-05-22,84.67,85.61,83.88,84.50,3050200,41.57
2012-05-21,82.22,84.81,82.03,84.76,2555200,41.70
2012-05-18,82.85,83.67,81.50,81.85,2507800,40.27
2012-05-17,83.71,84.28,82.46,82.46,2398000,40.57
2012-05-16,85.32,86.69,83.76,83.82,2372000,41.24
2012-05-15,86.86,87.50,84.68,85.00,2555600,41.82
2012-05-14,87.86,88.02,86.70,86.86,2282200,42.73
2012-05-11,90.09,90.64,88.97,89.19,1791800,43.88
2012-05-10,91.15,91.87,89.95,90.17,3127000,44.36
2012-05-09,90.27,91.40,89.31,90.13,3665000,44.34
2012-05-08,93.44,93.58,90.12,91.73,4489600,45.13
2012-05-07,94.59,95.05,93.55,94.02,2119000,46.25
2012-05-04,96.11,96.28,94.11,95.03,2490400,46.75
2012-05-03,98.85,99.20,96.46,96.91,2782400,47.67
2012-05-02,99.05,99.29,97.90,98.47,1994800,48.33
2012-05-01,99.83,100.75,98.64,99.89,2320000,49.03
2012-04-30,100.10,100.10,98.44,99.32,2200000,48.75
2012-04-27,99.53,100.33,98.84,100.05,2099800,49.11
2012-04-26,95.87,99.75,95.30,99.27,3365600,48.73
2012-04-25,95.07,96.18,94.51,95.73,2891000,46.99
2012-04-24,94.05,94.57,93.23,93.98,2106400,46.13
2012-04-23,92.08,93.99,91.76,93.84,2197000,46.06
2012-04-20,93.94,94.78,93.15,93.63,2867400,45.96
2012-04-19,94.22,94.88,93.12,93.73,1582000,46.01
2012-04-18,93.93,94.61,93.38,93.90,1748800,46.09
2012-04-17,94.88,95.61,94.29,94.75,1850800,46.51
2012-04-16,94.73,95.18,92.73,93.71,1711000,46.00
2012-04-13,94.75,95.38,93.99,94.46,2193600,46.37
2012-04-12,92.67,95.00,92.46,94.82,1993400,46.54
2012-04-11,94.06,94.80,92.26,92.45,2407000,45.38
2012-04-10,95.68,95.68,92.81,93.16,2701600,45.73
2012-04-09,94.88,96.24,94.58,95.75,1541000,47.00
2012-04-05,96.72,97.75,96.01,96.51,1693400,47.37
2012-04-04,97.63,98.10,95.94,97.10,1969200,47.66
2012-04-03,99.86,99.97,98.09,98.91,2624000,48.55
2012-04-02,97.68,100.98,97.33,100.26,2497800,49.21
2012-03-30,98.70,99.49,97.63,97.78,2166400,48.00
2012-03-29,96.83,98.34,96.50,98.17,2199200,48.19
2012-03-28,97.86,98.17,97.08,97.84,2380400,48.02
2012-03-27,99.22,99.50,98.02,98.46,2015200,48.33
2012-03-26,97.53,99.49,97.49,99.05,3412600,48.62
2012-03-23,95.30,96.85,94.82,96.36,2023600,47.30
2012-03-22,98.04,98.04,94.94,95.29,2833400,46.77
2012-03-21,99.31,99.54,97.60,99.27,3433000,48.73
2012-03-20,98.99,99.21,98.00,98.70,2352400,48.45
2012-03-19,100.04,100.53,98.69,100.14,1666800,49.15
2012-03-16,99.27,100.52,99.21,99.69,3643200,48.93
2012-03-15,100.27,100.90,98.87,99.06,3675800,48.62
2012-03-14,97.70,99.69,97.57,98.22,3433200,48.21
2012-03-13,96.45,97.69,95.63,97.55,3140600,47.88
2012-03-12,96.46,96.46,95.02,96.07,2013600,47.16
2012-03-09,95.86,97.61,95.70,96.53,2827400,47.38
2012-03-08,96.26,96.50,94.69,95.45,1805800,46.85
2012-03-07,94.54,95.75,94.22,95.40,1564200,46.83
2012-03-06,94.66,95.30,93.90,94.75,2699400,46.51
2012-03-05,93.80,96.75,93.57,96.55,3818200,47.39
2012-03-02,95.58,96.78,94.03,94.48,4220600,46.38
2012-03-01,97.92,98.08,94.29,95.93,7980600,47.09
2012-02-29,102.53,102.70,97.50,97.65,5784200,47.93
2012-02-28,102.93,104.09,102.05,102.48,2302400,50.30
2012-02-27,103.86,104.37,102.64,102.66,2235800,50.39
2012-02-24,104.63,105.09,104.06,104.57,2015000,51.33
2012-02-23,103.42,104.60,102.22,104.48,2174800,51.28
2012-02-22,102.98,104.73,102.84,103.48,2141800,50.79
2012-02-21,104.87,105.16,102.10,103.18,2558800,50.65
2012-02-17,104.33,105.46,103.05,104.01,2494800,51.05
2012-02-16,103.30,104.14,102.10,103.66,2256600,50.88
2012-02-15,104.16,105.08,102.84,103.31,3065600,50.71
2012-02-14,103.35,104.22,102.89,103.99,2808600,51.04
2012-02-13,102.75,103.77,100.93,103.75,3870200,50.93
2012-02-10,102.14,102.32,100.27,101.15,4259600,49.65
2012-02-09,101.65,105.00,101.49,103.53,6153400,50.82
2012-02-08,103.59,105.00,103.38,104.36,3418400,51.23
2012-02-07,103.65,104.42,100.47,103.67,4616800,50.89
2012-02-06,102.57,103.95,102.00,103.77,2004600,50.94
2012-02-03,103.50,103.90,102.02,102.96,2835000,50.54
2012-02-02,101.80,103.20,100.96,102.27,1972800,50.20
2012-02-01,101.75,102.20,100.30,101.82,1927600,49.87
2012-01-31,101.98,102.47,100.41,100.67,2538600,49.31
2012-01-30,99.57,101.36,98.90,101.23,2277800,49.58
2012-01-27,99.98,101.59,99.42,100.50,2459800,49.22
2012-01-26,102.58,103.16,99.43,100.09,2521600,49.02
2012-01-25,100.00,102.50,98.82,102.11,2885800,50.01
2012-01-24,101.19,101.75,99.96,100.46,2372000,49.20
2012-01-23,96.50,102.57,96.50,102.21,5663800,50.06
2012-01-20,97.32,97.61,95.53,96.32,1951000,47.18
2012-01-19,97.63,99.02,97.20,97.49,2593000,47.75
2012-01-18,96.08,97.42,95.48,97.39,1727800,47.70
2012-01-17,97.16,97.41,94.72,95.86,2526200,46.95
2012-01-13,94.49,95.97,94.04,95.91,2287400,46.98
2012-01-12,97.41,97.50,95.08,95.23,2422600,46.64
2012-01-11,98.05,98.22,96.94,97.49,2448200,47.75
2012-01-10,99.83,99.98,97.71,98.73,2553800,48.36
2012-01-09,97.00,98.70,96.73,98.33,1923000,48.16
2012-01-06,97.55,97.55,96.10,96.72,1468000,47.37
2012-01-05,97.54,98.19,97.00,97.50,2637400,47.75
2012-01-04,97.36,98.70,96.35,98.58,2322200,48.28
2012-01-03,96.87,98.38,96.50,97.76,2494400,47.88
2011-12-30,95.70,95.99,94.23,94.39,2015200,46.23
2011-12-29,94.47,96.58,94.36,96.03,2553400,47.03
2011-12-28,96.77,96.99,93.86,94.02,3850800,46.05
2011-12-27,95.15,96.20,94.77,95.64,1037800,46.84
2011-12-23,95.28,96.14,94.30,95.38,1288400,46.72
2011-12-22,94.59,95.39,93.43,94.81,2261200,46.44
2011-12-21,93.57,95.45,92.66,94.56,2996200,46.31
2011-12-20,90.14,92.96,90.11,92.81,2717000,45.46
2011-12-19,90.60,90.60,87.52,87.78,1944000,42.99
2011-12-16,89.90,91.15,89.18,90.06,2820200,44.11
2011-12-15,90.02,90.63,88.54,89.06,2741000,43.62
2011-12-14,90.39,90.58,87.73,88.51,3025600,43.35
2011-12-13,92.83,94.28,90.50,91.46,2443400,44.80
2011-12-12,94.26,94.39,91.13,92.27,2389800,45.19
2011-12-09,94.10,95.80,94.10,95.53,2554000,46.79
2011-12-08,95.61,96.10,92.87,93.17,2170800,45.63
2011-12-07,97.83,97.95,95.02,96.08,3594400,47.06
2011-12-06,98.13,99.17,97.30,98.38,2277000,48.19
2011-12-05,98.79,99.04,96.97,98.01,2682000,48.00
2011-12-02,98.87,99.10,97.03,97.33,2612000,47.67
2011-12-01,97.92,98.99,97.31,97.60,2141600,47.80
2011-11-30,95.99,98.54,94.99,98.39,4864000,48.19
2011-11-29,92.20,93.86,91.00,91.99,4308000,45.06
2011-11-28,89.65,92.44,89.60,91.45,3147800,44.79
2011-11-25,86.97,87.80,86.12,86.20,730800,42.22
2011-11-23,88.82,89.11,86.41,86.99,3021400,42.61
2011-11-22,89.46,91.69,88.37,90.37,3506800,44.26
2011-11-21,91.26,91.61,87.42,89.88,3532400,44.02
2011-11-18,93.92,94.66,91.61,92.54,2628400,45.33
2011-11-17,94.14,95.85,91.92,92.86,4241400,45.48
2011-11-16,93.97,96.79,93.60,94.66,4009000,46.36
2011-11-15,94.81,95.66,92.74,94.45,3877000,46.26
2011-11-14,94.28,95.50,93.91,94.84,3108600,46.45
2011-11-11,93.72,95.50,93.54,94.75,2834200,46.41
2011-11-10,90.16,93.03,89.25,92.71,4263000,45.41
2011-11-09,90.44,90.52,88.51,88.67,3462800,43.43
2011-11-08,91.77,93.48,91.02,93.30,2526000,45.70
2011-11-07,90.99,91.85,89.60,91.21,1756000,44.67
2011-11-04,90.53,91.37,89.21,91.10,2175600,44.62
2011-11-03,89.60,91.60,87.91,91.32,2982400,44.73
2011-11-02,87.01,88.62,85.86,88.45,3411400,43.21
2011-11-01,86.44,86.58,84.34,84.99,5217200,41.52
2011-10-31,92.49,92.49,89.30,89.34,3181000,43.65
2011-10-28,92.89,94.36,92.71,93.71,2364400,45.78
2011-10-27,90.88,94.88,90.88,93.73,4707200,45.79
2011-10-26,89.03,89.36,86.09,88.79,2587800,43.38
2011-10-25,89.68,89.74,86.67,87.25,3191400,42.63
2011-10-24,91.00,91.34,89.28,90.33,4185600,44.13
2011-10-21,87.71,90.11,87.06,90.07,5205000,44.01
2011-10-20,84.04,87.26,83.66,86.81,6229200,42.41
2011-10-19,83.20,86.12,82.47,84.14,4966000,41.11
2011-10-18,81.10,84.12,79.52,83.66,4207200,40.87
2011-10-17,83.30,83.67,81.19,81.49,3928000,39.81
2011-10-14,82.85,83.82,82.14,83.64,2666400,40.86
2011-10-13,80.67,81.43,78.92,81.10,2773200,39.62
2011-10-12,81.37,83.05,80.45,81.41,3716400,39.77
2011-10-11,78.31,81.19,78.30,80.54,4467800,39.35
2011-10-10,76.97,78.73,76.97,78.73,2626400,38.47
2011-10-07,76.70,76.93,74.34,75.28,3837200,36.78
2011-10-06,73.58,77.30,73.00,76.51,3769600,37.38
2011-10-05,72.85,74.46,71.11,74.08,4411200,36.19
2011-10-04,67.16,72.61,65.91,72.46,5800000,35.40
2011-10-03,69.89,71.34,68.57,68.57,4485600,33.50
2011-09-30,71.46,72.65,70.49,70.80,4280400,34.59
2011-09-29,73.78,73.80,71.01,72.78,3514800,35.56
2011-09-28,74.61,74.97,71.23,71.39,3161800,34.88
2011-09-27,74.78,76.44,74.29,74.73,4925200,36.51
2011-09-26,70.56,72.99,69.98,72.93,4361200,35.63
2011-09-23,70.42,72.27,69.96,70.25,4209600,34.32
2011-09-22,73.96,73.96,69.25,71.12,8533000,34.75
2011-09-21,81.15,81.15,77.07,77.09,6761200,37.66
2011-09-20,81.28,83.84,80.86,81.35,5608600,39.75
2011-09-19,80.19,80.46,78.45,79.48,4934000,38.83
2011-09-16,82.96,83.05,81.14,81.87,4457400,40.00
2011-09-15,82.24,82.62,80.98,82.48,3090000,40.30
2011-09-14,80.94,82.45,79.25,81.21,3677200,39.68
2011-09-13,80.96,81.44,79.59,80.53,3999000,39.34
2011-09-12,80.73,82.27,78.05,80.59,5591400,39.37
2011-09-09,83.34,84.04,81.06,81.94,3778400,40.03
2011-09-08,85.38,86.39,83.70,84.31,5078000,41.19
2011-09-07,85.83,86.99,85.29,85.97,3318800,42.00
2011-09-06,82.68,84.64,81.32,84.50,3490600,41.28
2011-09-02,85.32,86.61,84.41,85.97,2778600,42.00
2011-09-01,88.99,90.43,87.33,87.57,3755400,42.78
2011-08-31,87.65,89.15,87.25,88.36,4951400,43.17
2011-08-30,84.37,87.45,83.97,86.85,3806400,42.43
2011-08-29,83.88,85.06,83.53,84.99,3083400,41.52
2011-08-26,80.97,82.82,79.00,82.46,3691000,40.29
2011-08-25,84.29,85.15,81.31,81.78,4544600,39.96
2011-08-24,82.90,83.97,82.20,83.83,1967800,40.96
2011-08-23,80.15,83.50,79.34,83.45,3390400,40.77
2011-08-22,83.00,83.87,79.14,79.50,3872400,38.84
2011-08-19,81.91,84.37,81.10,81.24,3825200,39.69
2011-08-18,85.73,85.92,81.77,83.03,5184600,40.57
2011-08-17,88.59,90.67,87.49,87.94,2275400,42.97
2011-08-16,88.61,89.73,86.74,87.90,2311600,42.95
2011-08-15,88.14,90.69,88.14,89.85,2504200,43.90
2011-08-12,88.66,88.96,86.69,87.45,2692400,42.73
2011-08-11,84.39,88.74,82.92,87.45,4872600,42.73
2011-08-10,84.44,87.05,82.52,83.11,4656400,40.61
2011-08-09,84.10,86.69,80.78,86.51,5757800,42.27
2011-08-08,86.58,87.22,82.19,82.46,5663000,40.29
2011-08-05,90.28,91.31,85.47,89.05,6057800,43.51
2011-08-04,94.47,94.47,88.59,88.78,5840000,43.38
2011-08-03,96.23,96.81,93.78,96.07,3801000,46.83
2011-08-02,98.88,100.20,96.20,96.23,3364600,46.91
2011-08-01,101.04,101.27,98.28,99.62,3240600,48.56
2011-07-29,97.58,100.46,96.16,99.68,6035200,48.59
2011-07-28,94.89,100.41,94.33,99.01,5642800,48.26
2011-07-27,96.85,96.97,94.90,95.33,3121600,46.47
2011-07-26,97.46,98.62,96.69,97.47,2740600,47.51
2011-07-25,96.45,98.47,96.03,97.63,2399400,47.59
2011-07-22,96.81,97.60,95.78,97.57,2010800,47.56
2011-07-21,94.69,97.42,94.54,96.87,3242800,47.22
2011-07-20,94.52,94.58,93.61,94.10,2335200,45.87
2011-07-19,92.71,94.16,92.46,94.10,2202600,45.87
2011-07-18,92.53,92.77,91.18,92.05,2030400,44.87
2011-07-15,90.98,93.08,90.76,92.99,3806400,45.33
2011-07-14,90.87,91.40,89.73,89.85,2176400,43.80
2011-07-13,89.99,91.50,89.77,90.37,1892600,44.05
2011-07-12,88.97,90.51,88.97,89.49,2041600,43.62
2011-07-11,89.79,90.30,88.82,89.26,1832600,43.51
2011-07-08,90.55,91.99,90.41,91.43,2269800,44.57
2011-07-07,92.21,92.60,90.97,92.02,2091600,44.86
2011-07-06,91.18,91.27,89.89,90.76,1458400,44.24
2011-07-05,90.36,92.07,90.09,91.30,3041800,44.50
2011-07-01,89.65,90.49,88.57,90.36,2183400,44.05
2011-06-30,89.60,90.19,88.80,89.63,3659600,43.69
2011-06-29,88.82,90.56,88.13,89.35,3005000,43.55
2011-06-28,86.25,88.70,86.04,88.68,2999200,43.23
2011-06-27,84.92,86.01,84.53,85.70,1712400,41.77
2011-06-24,85.32,85.93,84.72,85.32,3582000,41.59
2011-06-23,83.97,85.78,82.70,85.63,3069200,41.74
2011-06-22,85.65,87.03,85.40,85.47,2137000,41.66
2011-06-21,83.98,86.13,83.88,85.85,2551600,41.85
2011-06-20,82.99,84.01,82.60,83.56,2268000,40.73
2011-06-17,84.55,84.65,82.92,83.42,3327600,40.66
2011-06-16,84.62,85.38,82.50,83.73,3810600,40.81
2011-06-15,85.91,86.36,83.64,84.53,2923400,41.20
2011-06-14,86.29,87.60,86.08,86.91,2625000,42.36
2011-06-13,87.00,87.70,84.13,85.22,2368000,41.54
2011-06-10,87.95,88.28,86.62,86.67,2106400,42.25
2011-06-09,87.84,88.95,87.30,88.68,1778000,43.23
2011-06-08,87.47,88.97,87.12,87.40,1804000,42.60
2011-06-07,88.30,88.87,87.09,87.38,3252000,42.59
2011-06-06,89.21,90.22,86.92,87.23,2267200,42.52
2011-06-03,88.97,90.83,88.20,89.64,2293200,43.70
2011-06-02,90.49,91.19,89.08,90.11,2105800,43.92
2011-06-01,93.30,93.79,90.15,90.49,2979600,44.11
2011-05-31,93.73,94.01,92.27,93.20,3716000,45.43
2011-05-27,92.04,92.48,91.11,92.39,3533800,45.04
2011-05-26,89.71,91.00,89.41,90.79,2260200,44.26
2011-05-25,88.45,90.60,88.21,90.11,2230200,43.92
2011-05-24,88.39,90.09,87.88,88.98,2489400,43.37
2011-05-23,88.25,88.62,87.27,87.63,2183600,42.72
2011-05-20,89.41,90.55,87.82,89.68,2901600,43.71
2011-05-19,90.14,90.31,88.23,89.20,2099000,43.48
2011-05-18,88.57,90.48,88.41,89.96,3363400,43.85
2011-05-17,85.74,88.10,85.21,87.91,3980400,42.85
2011-05-16,87.14,87.99,85.79,86.08,2701200,41.96
2011-05-13,87.61,88.78,86.42,87.63,2324600,42.72
2011-05-12,87.27,88.02,86.00,87.39,2400000,42.60
2011-05-11,89.98,90.00,86.12,87.63,2209800,42.72
2011-05-10,89.42,90.90,88.81,90.34,2833200,44.04
2011-05-09,88.47,89.81,88.10,89.23,2065200,43.50
2011-05-06,88.72,90.20,87.00,88.14,2532400,42.96
2011-05-05,87.84,89.37,86.33,87.83,3192000,42.81
2011-05-04,90.68,90.68,88.34,89.13,3355600,43.36
2011-05-03,92.75,92.75,89.72,90.60,5336200,44.07
2011-05-02,96.82,97.00,92.84,93.35,4410400,45.41
2011-04-29,95.88,97.07,95.01,96.27,3444200,46.83
2011-04-28,95.92,97.10,93.90,96.11,2712400,46.75
2011-04-27,95.53,95.53,93.60,95.33,2625800,46.38
2011-04-26,94.97,95.50,94.61,95.05,2400000,46.24
2011-04-25,95.98,95.98,94.25,95.00,1958400,46.21
2011-04-21,96.21,96.59,94.90,95.56,2145800,46.49
2011-04-20,94.93,96.26,94.93,96.11,3005400,46.75
2011-04-19,91.97,93.62,91.32,93.23,2421600,45.35
2011-04-18,92.47,92.60,91.19,91.97,2791600,44.74
2011-04-15,93.03,94.16,91.85,93.86,2626800,45.66
2011-04-14,91.75,93.07,91.16,92.75,1998200,45.12
2011-04-13,92.32,93.36,91.60,92.51,1522600,45.00
2011-04-12,94.01,94.02,90.98,91.59,3280800,44.56
2011-04-11,96.95,97.01,94.02,94.74,1867200,46.09
2011-04-08,97.00,97.54,96.24,96.95,2223000,47.16
2011-04-07,96.70,97.28,95.88,96.53,2587800,46.96
2011-04-06,97.82,98.72,96.11,96.94,2328400,47.16
2011-04-05,96.92,98.23,96.33,97.14,2685800,47.26
2011-04-04,96.37,97.45,95.79,97.21,2091800,47.29
2011-04-01,93.93,97.84,93.90,95.67,4795200,46.54
2011-03-31,98.20,98.79,95.99,96.65,3394000,47.02
2011-03-30,98.13,98.99,97.55,98.00,3116600,47.67
2011-03-29,96.33,97.98,96.09,97.70,2785400,47.53
2011-03-28,97.37,98.09,96.19,96.27,1871600,46.83
2011-03-25,95.84,98.00,95.71,97.42,2110000,47.39
2011-03-24,96.63,96.93,94.55,96.08,1715000,46.74
2011-03-23,96.20,96.74,94.33,96.22,2345200,46.81
2011-03-22,95.80,96.71,95.30,96.03,2367800,46.72
2011-03-21,94.04,95.87,93.90,95.84,2648000,46.62
2011-03-18,93.78,94.11,92.31,93.31,5039400,45.39
2011-03-17,90.22,93.07,90.11,92.63,3443200,45.06
2011-03-16,91.03,93.06,87.85,87.98,6694400,42.80
2011-03-15,87.68,91.16,87.30,90.75,3667400,44.15
2011-03-14,89.42,90.32,88.38,89.96,2173200,43.76
2011-03-11,86.76,90.15,86.25,89.65,1984800,43.61
2011-03-10,90.10,90.35,87.35,87.53,2757200,42.58
2011-03-09,91.00,91.55,89.83,91.16,2564400,44.35
2011-03-08,93.47,93.48,90.85,91.03,2288600,44.28
2011-03-07,94.12,95.00,92.61,93.47,3319400,45.47
2011-03-04,91.81,93.81,91.81,93.70,3197800,45.58
2011-03-03,91.59,92.76,90.91,92.51,2709400,45.00
2011-03-02,90.73,91.26,89.82,91.13,3086000,44.33
2011-03-01,93.17,93.44,90.75,90.95,3943000,44.24
2011-02-28,89.70,92.92,89.06,92.66,5776000,45.08
2011-02-25,87.26,89.32,86.99,89.19,2939200,43.39
2011-02-24,88.74,89.00,86.34,86.76,2465200,42.21
2011-02-23,89.00,89.63,88.13,88.44,3726400,43.02
2011-02-22,88.54,90.30,87.73,88.71,3351800,43.15
2011-02-18,87.93,89.23,87.53,88.87,3808400,43.23
2011-02-17,86.25,88.21,86.22,87.75,2847400,42.69
2011-02-16,86.98,87.56,85.95,86.35,3040000,42.01
2011-02-15,87.79,88.49,86.55,86.66,2686000,42.16
2011-02-14,86.86,88.42,86.86,88.21,3095800,42.91
2011-02-11,87.53,87.60,86.82,87.06,4099800,42.35
2011-02-10,88.65,89.71,87.06,88.00,4926400,42.81
2011-02-09,90.53,91.12,88.41,89.09,2207200,43.34
2011-02-08,88.90,91.02,88.41,91.02,3777000,44.28
2011-02-07,90.88,91.98,88.41,88.71,4806600,43.15
2011-02-04,89.07,89.92,88.54,89.35,3475200,43.47
2011-02-03,89.33,89.70,88.39,88.90,2700800,43.25
2011-02-02,88.31,90.11,88.31,88.99,3202400,43.20
2011-02-01,91.31,92.16,88.66,89.14,3993400,43.28
2011-01-31,87.05,91.24,87.00,91.10,5233200,44.23
2011-01-28,86.15,87.83,83.42,86.46,6547600,41.98
2011-01-27,86.66,87.07,85.44,85.88,1340400,41.69
2011-01-26,86.01,86.79,85.04,86.53,1845400,42.01
2011-01-25,86.63,86.91,84.54,85.35,2810400,41.44
2011-01-24,87.12,88.36,86.89,87.11,2564800,42.29
2011-01-21,86.76,87.48,86.03,87.23,3056000,42.35
2011-01-20,85.49,86.52,85.01,85.96,4062400,41.73
2011-01-19,85.97,86.31,85.04,85.94,2937200,41.72
2011-01-18,84.15,85.90,83.78,85.55,2262800,41.53
2011-01-14,83.60,84.16,82.69,84.08,2030000,40.82
2011-01-13,84.01,84.63,83.16,83.86,2113200,40.71
2011-01-12,83.30,84.83,83.12,83.95,3045000,40.76
2011-01-11,82.87,83.65,82.57,82.80,3244200,40.20
2011-01-10,82.72,83.00,81.27,82.34,2548000,39.97
2011-01-07,82.82,83.47,82.20,83.10,2586600,40.34
2011-01-06,84.30,84.50,82.21,82.63,3273400,40.12
2011-01-05,83.28,84.39,82.79,84.37,3809400,40.96
2011-01-04,85.32,85.48,83.20,84.40,3493400,40.97
2011-01-03,86.11,88.44,84.65,84.81,4860400,41.17
2010-12-31,86.34,86.74,85.64,86.08,1940800,41.79
2010-12-30,87.79,88.71,86.00,86.34,2812000,41.92
2010-12-29,87.79,89.00,86.67,87.16,9238200,42.31
2010-12-28,84.89,85.25,84.51,84.98,945800,41.26
2010-12-27,84.67,84.99,84.07,84.86,723400,41.20
2010-12-23,84.94,85.37,84.02,84.93,1061200,41.23
2010-12-22,85.12,85.19,84.39,85.18,1202600,41.35
2010-12-21,84.84,85.60,84.30,84.97,2023000,41.25
2010-12-20,85.53,85.53,84.29,84.65,1994600,41.10
2010-12-17,84.80,85.80,84.55,85.03,5010600,41.28
2010-12-16,82.45,84.41,81.79,84.32,2882800,40.94
2010-12-15,81.56,82.77,81.00,82.56,3188600,40.08
2010-12-14,81.77,82.59,81.65,81.88,2252200,39.75
2010-12-13,82.61,82.98,81.19,81.75,3444000,39.69
2010-12-10,83.24,83.24,81.39,82.42,2501600,40.01
2010-12-09,84.22,84.38,81.97,82.89,2542000,40.24
2010-12-08,85.02,85.34,83.10,83.77,2674200,40.67
2010-12-07,86.86,86.89,84.67,84.85,2752000,41.19
2010-12-06,85.06,85.90,84.86,85.32,1853000,41.42
2010-12-03,84.56,85.76,84.47,85.62,1782800,41.57
2010-12-02,83.66,85.34,83.45,84.98,2091800,41.26
2010-12-01,82.73,84.17,82.51,83.54,1978800,40.56
2010-11-30,81.46,82.76,80.93,81.25,3667000,39.45
2010-11-29,81.99,83.09,81.25,82.63,2788000,40.12
2010-11-26,82.98,83.52,82.43,82.46,1155200,40.03
2010-11-24,80.60,83.99,80.54,83.76,4418200,40.66
2010-11-23,81.39,81.89,79.87,79.98,2905000,38.83
2010-11-22,82.68,83.05,81.12,82.62,1765600,40.11
2010-11-19,82.50,83.44,81.83,83.43,1954400,40.50
2010-11-18,81.78,83.07,81.56,82.78,2034800,40.19
2010-11-17,80.75,81.85,80.36,80.89,1746800,39.27
2010-11-16,80.92,81.47,80.17,80.90,3419400,39.28
2010-11-15,82.73,83.42,81.60,81.65,2783400,39.64
2010-11-12,83.75,84.05,81.74,82.25,5291600,39.93
2010-11-11,83.50,85.90,83.49,85.47,3573000,41.49
2010-11-10,85.32,85.50,83.64,84.47,4936800,41.01
2010-11-09,85.69,85.95,84.40,85.22,4157800,41.37
2010-11-08,85.00,85.48,84.64,85.32,2485200,41.42
2010-11-05,85.12,85.68,84.56,85.63,2760400,41.57
2010-11-04,84.19,85.41,83.79,85.16,3345800,41.34
2010-11-03,82.88,83.48,81.48,83.48,3108000,40.44
2010-11-02,81.65,82.68,81.23,82.39,1878400,39.91
2010-11-01,82.12,82.47,80.28,80.80,3683200,39.14
2010-10-29,79.37,81.72,79.37,81.48,3552000,39.47
2010-10-28,79.49,81.15,78.00,79.60,6704400,38.56
2010-10-27,77.31,77.73,76.43,77.30,2400000,37.45
2010-10-26,77.96,78.15,77.31,78.03,1573400,37.80
2010-10-25,78.76,79.37,78.16,78.33,2160400,37.95
2010-10-22,77.26,78.24,76.86,78.24,2429600,37.90
2010-10-21,76.81,78.01,76.55,77.00,3707000,37.30
2010-10-20,76.98,77.49,76.47,76.66,4570800,37.14
2010-10-19,77.40,77.89,76.36,76.89,3418800,37.25
2010-10-18,78.16,79.06,77.53,78.63,4332200,38.09
2010-10-15,77.87,78.70,77.26,78.00,4259600,37.79
2010-10-14,77.88,78.46,76.73,77.45,2214800,37.52
2010-10-13,77.45,78.28,77.26,77.94,3404200,37.76
2010-10-12,77.15,77.26,76.06,76.85,2508400,37.23
2010-10-11,77.47,78.38,77.17,77.54,2026400,37.56
2010-10-08,76.65,77.82,75.52,77.52,2548200,37.55
2010-10-07,77.23,77.49,76.10,76.46,1917600,37.04
2010-10-06,76.87,77.44,76.58,76.74,2659800,37.18
2010-10-05,76.67,77.41,76.28,77.20,3325200,37.40
2010-10-04,75.80,76.59,75.27,75.74,2757400,36.69
2010-10-01,75.96,76.17,75.07,75.76,2664200,36.70
2010-09-30,76.04,76.56,73.91,75.09,2382400,36.38
2010-09-29,75.01,75.86,74.57,75.52,2070200,36.58
2010-09-28,75.52,75.52,73.64,75.21,1511200,36.43
2010-09-27,75.54,75.80,74.97,74.97,1405600,36.32
2010-09-24,74.61,75.80,74.39,75.45,2065800,36.55
2010-09-23,73.39,74.24,72.74,73.67,2197200,35.69
2010-09-22,75.22,75.99,74.12,74.26,2362800,35.97
2010-09-21,75.14,75.44,74.35,75.01,2549000,36.34
2010-09-20,73.97,75.27,73.72,75.02,2418600,36.34
2010-09-17,75.05,75.34,73.77,74.06,5997200,35.88
2010-09-16,76.81,76.85,75.25,75.60,4345200,36.62
2010-09-15,76.49,77.13,75.98,77.00,2962200,37.30
2010-09-14,76.66,77.63,76.43,77.09,3430800,37.35
2010-09-13,75.64,77.09,75.52,76.89,3252800,37.25
2010-09-10,74.86,75.50,74.38,75.18,2385200,36.42
2010-09-09,74.49,74.70,73.37,74.23,3621800,35.96
2010-09-08,73.32,73.94,72.93,73.19,2176000,35.46
2010-09-07,74.06,74.34,72.86,73.08,4231000,35.40
2010-09-03,72.67,74.50,72.67,74.39,3284600,36.04
2010-09-02,71.23,72.76,70.80,72.67,3606800,35.20
2010-09-01,71.30,71.61,70.50,71.18,4937400,34.48
2010-08-31,68.37,70.85,67.59,69.78,6326200,33.80
2010-08-30,68.62,70.64,68.32,68.56,6538200,33.21
2010-08-27,65.01,67.36,63.89,67.24,3212200,32.57
2010-08-26,65.55,65.55,64.03,64.54,5677000,31.27
2010-08-25,65.15,65.33,63.80,65.04,2439000,31.51
2010-08-24,65.98,66.33,65.27,65.49,2536200,31.73
2010-08-23,67.33,68.22,67.33,67.37,1910800,32.64
2010-08-20,67.42,67.92,66.60,67.10,2085400,32.51
2010-08-19,68.59,68.64,67.57,67.99,2406800,32.94
2010-08-18,69.41,69.53,68.16,68.92,2845000,33.39
2010-08-17,67.47,70.13,67.19,69.60,4343800,33.72
2010-08-16,66.83,67.35,66.10,66.73,3390000,32.33
2010-08-13,66.07,67.51,65.96,67.15,2470600,32.53
2010-08-12,65.92,67.01,65.80,66.48,1968000,32.21
2010-08-11,67.73,68.19,66.58,67.02,3163200,32.47
2010-08-10,68.85,69.24,68.15,69.00,3184000,33.43
2010-08-09,69.48,69.75,68.61,69.60,2536200,33.72
2010-08-06,68.73,69.62,67.98,69.00,3013600,33.43
2010-08-05,68.13,69.73,67.89,69.60,2816800,33.72
2010-08-04,68.93,69.48,68.26,68.89,2787800,33.29
2010-08-03,68.98,69.97,68.70,69.01,4595800,33.34
2010-08-02,68.11,69.12,67.39,68.94,2787800,33.31
2010-07-30,67.56,68.64,66.55,67.06,4540800,32.40
2010-07-29,69.20,69.84,67.36,68.15,3538400,32.93
2010-07-28,67.43,68.35,67.14,67.58,3318800,32.65
2010-07-27,68.41,68.82,66.89,67.46,2941600,32.59
2010-07-26,67.38,68.43,67.38,68.18,1987200,32.94
2010-07-23,67.45,67.66,66.01,67.37,2939200,32.55
2010-07-22,67.51,68.20,66.96,67.78,3433400,32.75
2010-07-21,67.80,67.82,65.65,66.07,3817200,31.92
2010-07-20,65.19,67.70,65.19,67.56,2086600,32.64
2010-07-19,65.90,66.33,65.16,66.01,2361400,31.89
2010-07-16,66.70,66.76,65.26,65.61,3927800,31.70
2010-07-15,66.74,67.57,65.93,67.37,2305200,32.55
2010-07-14,66.45,67.50,65.70,66.66,3927400,32.21
2010-07-13,67.69,67.78,66.74,66.90,2806200,32.32
2010-07-12,65.51,66.36,65.36,66.31,2608000,32.04
2010-07-09,66.50,66.56,64.95,65.71,2779000,31.75
2010-07-08,66.28,66.78,64.75,66.41,4000200,32.09
2010-07-07,62.74,65.56,62.74,65.55,4586000,31.67
2010-07-06,63.06,63.88,62.19,62.86,4610000,30.37
2010-07-02,61.44,62.48,61.12,61.88,4172400,29.90
2010-07-01,60.21,61.83,59.22,61.20,5504400,29.57
2010-06-30,60.29,61.29,59.91,60.33,6236800,29.15
2010-06-29,60.46,61.03,59.93,60.27,3759600,29.12
2010-06-28,63.07,63.21,61.67,61.79,3247000,29.86
2010-06-25,62.18,63.57,61.37,62.90,5288800,30.39
2010-06-24,62.12,62.86,61.59,61.95,3876800,29.93
2010-06-23,62.97,63.23,62.14,62.41,3564200,30.15
2010-06-22,65.24,65.30,62.77,63.06,3650600,30.47
2010-06-21,66.75,67.37,64.80,65.29,3152000,31.55
2010-06-18,66.07,66.21,65.01,65.98,3063800,31.88
2010-06-17,66.05,66.27,65.43,66.10,2832600,31.94
2010-06-16,65.90,66.67,64.86,66.20,4055000,31.99
2010-06-15,64.70,66.56,64.31,66.45,3971600,32.11
2010-06-14,64.85,65.23,63.26,63.68,3752000,30.77
2010-06-11,63.27,64.00,62.72,63.98,3380600,30.91
2010-06-10,62.45,63.99,62.42,63.90,4109000,30.87
2010-06-09,61.54,62.56,60.55,61.07,6085400,29.51
2010-06-08,60.21,60.97,59.40,60.89,6028600,29.42
2010-06-07,61.39,61.74,59.94,60.16,4218400,29.07
2010-06-04,62.32,64.12,60.30,60.60,7037600,29.28
2010-06-03,62.08,63.67,61.20,63.41,10507000,30.64
2010-06-02,56.82,60.15,56.50,60.15,6884200,29.06
2010-06-01,59.04,59.04,56.23,56.23,8729800,27.17
2010-05-28,61.77,62.02,59.13,59.49,6778400,28.74
2010-05-27,61.82,63.09,61.35,61.68,6869400,29.80
2010-05-26,59.40,61.01,59.40,60.25,6816800,29.11
2010-05-25,58.12,58.73,57.10,58.63,9683600,28.33
2010-05-24,61.17,61.17,59.58,59.61,3147000,28.80
2010-05-21,59.56,61.17,58.40,61.12,8627000,29.53
2010-05-20,62.00,62.19,60.20,60.36,7161200,29.16
2010-05-19,64.70,65.10,62.47,64.09,5222800,30.97
2010-05-18,66.97,67.45,65.10,65.29,4545800,31.55
2010-05-17,67.47,67.96,64.99,65.93,4845600,31.86
2010-05-14,68.41,68.66,65.74,67.05,5183800,32.40
2010-05-13,69.84,70.58,68.72,68.92,4268400,33.30
2010-05-12,68.92,70.31,67.70,70.13,9565800,33.88
2010-05-11,72.06,72.66,68.30,68.55,11133400,33.12
2010-05-10,74.41,74.44,71.94,73.07,5078200,35.31
2010-05-07,72.00,73.02,69.86,70.80,4812400,34.21
2010-05-06,74.29,75.08,69.59,72.35,5505200,34.96
2010-05-05,75.80,76.06,74.42,74.93,4262400,36.12
2010-05-04,76.74,77.29,75.62,76.89,3484800,37.06
2010-05-03,76.46,78.46,76.24,77.88,3070800,37.54
2010-04-30,78.34,78.68,75.54,76.40,5531400,36.83
2010-04-29,78.49,79.96,75.57,78.25,5952200,37.72
2010-04-28,79.04,79.46,78.09,78.91,4017200,38.04
2010-04-27,80.09,80.69,78.07,78.22,3369400,37.70
2010-04-26,80.56,81.50,80.12,80.73,3422000,38.91
2010-04-23,79.22,80.66,78.76,80.65,4177200,38.87
2010-04-22,77.54,79.78,77.36,79.33,3389600,38.24
2010-04-21,78.54,78.88,77.94,78.40,2357800,37.79
2010-04-20,77.95,79.10,77.93,78.66,2482600,37.92
2010-04-19,76.51,77.49,76.16,77.32,2128600,37.27
2010-04-16,77.64,78.25,76.56,77.30,3876800,37.26
2010-04-15,78.54,78.59,77.77,78.31,2158600,37.75
2010-04-14,77.17,78.23,76.50,78.16,3097000,37.67
2010-04-13,76.49,76.93,75.47,76.60,2327600,36.92
2010-04-12,76.62,77.25,76.10,76.53,3036800,36.89
2010-04-09,76.58,77.18,76.21,76.88,2613200,37.06
2010-04-08,75.29,76.27,74.45,76.13,2222200,36.70
2010-04-07,75.56,76.66,75.00,75.87,4607400,36.57
2010-04-06,76.56,76.82,75.68,75.90,4764800,36.58
2010-04-05,75.57,77.88,75.30,76.99,4925000,37.11
2010-04-01,73.88,75.44,73.75,75.28,4262400,36.29
2010-03-31,71.73,73.60,71.68,73.00,5128200,35.19
2010-03-30,70.81,71.95,70.25,71.64,3601400,34.53
2010-03-29,69.81,71.33,69.48,71.29,2974200,34.36
2010-03-26,70.22,70.42,68.38,69.19,6041800,33.35
2010-03-25,72.71,72.71,70.13,70.18,3809600,33.83
2010-03-24,71.41,72.37,70.81,72.05,4594000,34.73
2010-03-23,72.26,72.58,71.28,71.72,5287200,34.57
2010-03-22,72.33,72.43,71.50,72.28,3979800,34.84
2010-03-19,73.19,74.97,72.47,73.19,5020800,35.28
2010-03-18,75.83,76.41,74.23,74.39,3942000,35.86
2010-03-17,74.44,76.62,74.44,76.16,4759600,36.71
2010-03-16,73.68,74.10,73.07,74.07,2294400,35.70
2010-03-15,73.76,73.87,72.39,73.22,3209000,35.29
2010-03-12,73.96,74.15,73.12,74.02,2353200,35.68
2010-03-11,73.25,73.70,72.97,73.47,2604200,35.41
2010-03-10,73.38,73.76,72.91,73.55,3528800,35.45
2010-03-09,72.70,73.60,72.51,73.25,2711000,35.31
2010-03-08,73.47,73.60,72.73,72.98,1761800,35.18
2010-03-05,72.78,73.68,72.63,73.23,2346200,35.30
2010-03-04,72.98,73.55,71.50,72.22,2376200,34.81
2010-03-03,73.39,73.86,72.42,72.81,2969200,35.10
2010-03-02,73.61,74.43,72.72,73.06,4368000,35.22
2010-03-01,73.32,73.78,72.93,73.35,3414600,35.36
2010-02-26,71.51,72.87,70.97,72.64,3674600,35.01
2010-02-25,69.85,71.49,69.27,71.27,2773000,34.35
2010-02-24,70.16,72.20,69.96,70.99,4089400,34.22
2010-02-23,71.98,72.54,70.70,70.94,3274400,34.19
2010-02-22,74.74,74.84,72.32,72.48,2947800,34.94
2010-02-19,74.96,75.78,74.39,74.76,3370200,36.04
2010-02-18,74.25,75.96,74.21,75.33,5394200,36.31
2010-02-17,77.26,77.42,75.79,76.44,3671800,36.85
2010-02-16,75.28,77.10,75.28,76.89,2581800,37.06
2010-02-12,74.02,74.59,73.27,74.37,2791600,35.85
2010-02-11,73.28,75.07,73.01,75.00,2465600,36.15
2010-02-10,73.80,74.02,72.63,73.28,3984800,35.32
2010-02-09,73.64,75.64,73.45,74.43,2513800,35.88
2010-02-08,73.25,73.71,72.00,72.60,3016800,34.99
2010-02-05,72.52,73.24,70.82,73.05,4289800,35.21
2010-02-04,75.82,75.82,72.53,72.71,2666600,35.05
2010-02-03,76.75,77.28,76.12,76.71,1988800,36.89
2010-02-02,75.89,77.32,74.79,77.15,3562400,37.10
2010-02-01,74.64,75.82,74.36,75.82,3304000,36.46
2010-01-29,75.15,76.39,73.56,73.94,3964000,35.56
2010-01-28,75.80,76.52,73.52,74.56,3463800,35.85
2010-01-27,76.76,77.07,73.83,75.00,4122400,36.07
2010-01-26,77.31,78.32,76.13,76.52,6243800,36.80
2010-01-25,76.91,78.91,76.91,78.19,5578600,37.60
2010-01-22,76.96,78.54,76.08,76.32,6085400,36.70
2010-01-21,77.78,78.73,76.06,77.29,4138000,37.17
2010-01-20,78.25,78.25,76.70,77.61,4429600,37.32
2010-01-19,77.62,79.19,76.91,79.04,2286400,38.01
2010-01-15,77.76,78.48,76.45,77.70,4321400,37.36
2010-01-14,76.32,77.77,76.23,77.62,2509400,37.33
2010-01-13,76.22,77.09,74.74,76.75,2535200,36.91
2010-01-12,75.34,77.41,74.97,76.07,5095000,36.58
2010-01-11,76.09,76.83,74.66,75.61,3183000,36.36
2010-01-08,74.29,75.32,73.31,75.27,2303000,36.20
2010-01-07,75.44,75.64,73.82,74.81,2110000,35.97
2010-01-06,75.17,76.40,74.85,75.83,2030200,36.47
2010-01-05,73.43,75.39,72.85,75.12,3523000,36.12
2010-01-04,72.45,73.84,72.45,73.22,2227600,35.21
2009-12-31,72.19,72.50,71.22,71.22,1201400,34.25
2009-12-30,71.29,72.17,71.09,71.90,1296400,34.58
2009-12-29,73.14,73.24,71.89,71.92,1823000,34.58
2009-12-28,73.62,74.09,72.60,72.89,1661000,35.05
2009-12-24,73.05,73.14,72.40,72.83,737400,35.02
2009-12-23,72.27,72.74,71.88,72.67,2056800,34.95
2009-12-22,72.09,72.37,71.20,71.88,1664800,34.57
2009-12-21,72.08,72.47,71.56,71.71,2385600,34.48
2009-12-18,71.78,72.53,70.86,71.48,3852200,34.37
2009-12-17,70.57,71.81,70.09,71.23,1988000,34.25
2009-12-16,70.79,71.64,70.45,71.14,2375000,34.21
2009-12-15,69.61,70.42,68.95,70.35,2725800,33.83
2009-12-14,69.49,69.94,67.78,69.48,3477400,33.41
2009-12-11,66.97,67.10,66.18,66.48,3236400,31.97
2009-12-10,66.38,67.38,65.94,66.83,3164600,32.14
2009-12-09,65.20,65.93,64.70,65.72,4152200,31.60
2009-12-08,65.03,65.55,64.76,65.11,4334600,31.31
2009-12-07,64.49,66.87,64.49,65.68,3304800,31.58
2009-12-04,65.56,66.40,64.30,65.04,3728000,31.28
2009-12-03,65.72,66.27,64.47,64.52,2753200,31.03
2009-12-02,66.23,67.04,65.49,65.91,1889600,31.69
2009-12-01,66.20,67.12,66.17,66.72,1957000,32.08
2009-11-30,64.54,65.59,64.36,65.25,2841200,31.38
2009-11-27,64.56,65.40,63.84,64.92,1355800,31.22
2009-11-25,65.78,66.86,64.77,66.63,2237200,32.04
2009-11-24,65.32,65.94,65.00,65.66,2602400,31.57
2009-11-23,65.90,66.85,64.99,65.32,2452800,31.41
2009-11-20,63.83,65.14,63.49,64.77,5398400,31.15
2009-11-19,65.19,65.38,63.69,64.19,3908200,30.87
2009-11-18,67.24,67.51,65.50,65.80,3085200,31.64
2009-11-17,67.74,67.85,66.66,67.06,2974000,32.25
2009-11-16,66.57,68.35,66.57,67.80,3389600,32.60
2009-11-13,65.74,66.60,65.12,66.04,5211200,31.76
2009-11-12,68.98,69.51,66.54,66.84,3404200,32.14
2009-11-11,70.50,71.22,69.39,69.71,2637000,33.52
2009-11-10,68.75,70.20,68.50,70.00,3162600,33.66
2009-11-09,68.06,69.31,67.84,69.19,2573400,33.27
2009-11-06,65.84,67.70,65.73,66.74,2114000,32.09
2009-11-05,66.60,67.14,65.32,66.88,3280400,32.16
2009-11-04,67.19,67.89,65.87,66.14,2989600,31.72
2009-11-03,64.66,66.56,64.04,66.27,3832800,31.78
2009-11-02,66.00,67.48,64.87,65.69,4630200,31.50
2009-10-30,68.34,68.47,64.75,65.63,5762400,31.47
2009-10-29,67.83,69.74,67.10,68.51,5167400,32.86
2009-10-28,69.72,69.72,66.69,66.93,4103600,32.10
2009-10-27,70.67,71.46,69.34,70.34,3873000,33.73
2009-10-26,69.94,73.60,69.94,70.03,5129400,33.58
2009-10-23,71.21,71.91,68.87,69.49,2638400,33.33
2009-10-22,69.81,71.26,69.19,71.11,2858800,34.10
2009-10-21,71.48,72.70,70.13,70.18,5765400,33.66
2009-10-20,73.43,74.00,71.57,72.10,3857800,34.58
2009-10-19,73.43,74.02,73.06,73.67,2574400,35.33
2009-10-16,72.84,73.88,72.17,73.59,2968800,35.29
2009-10-15,71.64,73.46,71.28,73.41,2844000,35.21
2009-10-14,72.33,72.38,71.40,72.24,2242000,34.64
2009-10-13,71.68,71.84,69.78,71.13,2546600,34.11
2009-10-12,71.59,72.65,71.02,71.50,1832000,34.29
2009-10-09,70.32,70.84,69.89,70.67,2126600,33.89
2009-10-08,68.25,70.68,68.10,70.37,2796000,33.75
2009-10-07,67.32,68.02,66.91,67.83,2721200,32.53
2009-10-06,66.94,68.08,66.67,67.63,2976600,32.43
2009-10-05,64.39,65.97,63.76,65.91,2970400,31.61
2009-10-02,62.26,64.53,62.25,64.20,3388800,30.79
2009-10-01,65.82,66.16,63.40,63.43,2706000,30.42
2009-09-30,67.18,67.18,65.27,65.96,4199200,31.63
2009-09-29,66.59,67.00,65.66,66.46,1980200,31.87
2009-09-28,66.15,66.83,65.49,66.79,1829400,32.03
2009-09-25,66.16,66.59,64.80,65.79,1819400,31.55
2009-09-24,67.26,67.43,65.57,65.91,3402800,31.61
2009-09-23,68.99,68.99,66.61,67.21,3072600,32.23
2009-09-22,69.28,69.31,68.31,68.79,2037800,32.99
2009-09-21,67.41,68.16,67.00,68.00,3155800,32.61
2009-09-18,70.01,70.07,68.28,68.88,3184200,33.03
2009-09-17,70.07,70.35,69.21,69.57,3445400,33.36
2009-09-16,68.98,70.16,68.55,70.11,4894400,33.62
2009-09-15,67.40,69.00,67.14,68.65,3044800,32.92
2009-09-14,65.15,66.97,64.72,66.94,3139400,32.10
2009-09-11,67.06,67.87,64.82,66.12,3292000,31.71
2009-09-10,65.30,66.83,64.54,66.64,2983200,31.96
2009-09-09,63.49,65.29,63.47,64.95,3946600,31.15
2009-09-08,62.43,63.36,62.20,63.26,2243400,30.34
2009-09-04,59.98,61.07,59.75,61.07,1255000,29.29
2009-09-03,60.18,60.42,59.60,60.10,2200400,28.82
2009-09-02,58.81,60.04,58.81,59.58,2552200,28.57
2009-09-01,60.23,61.06,59.08,59.08,2799200,28.33
2009-08-31,61.15,61.15,59.95,60.46,1943200,28.99
2009-08-28,62.16,62.98,61.82,62.08,1865600,29.77
2009-08-27,61.65,61.87,59.97,61.49,2112600,29.49
2009-08-26,60.50,62.00,60.50,62.00,2857800,29.73
2009-08-25,62.44,62.95,60.89,61.19,2297200,29.35
2009-08-24,62.25,62.92,61.98,62.37,2536200,29.91
2009-08-21,60.83,62.04,60.50,61.60,3880000,29.54
2009-08-20,60.18,61.09,59.85,60.58,2729200,29.05
2009-08-19,58.51,60.78,58.15,60.13,2559800,28.84
2009-08-18,58.17,59.31,57.92,59.08,1762600,28.33
2009-08-17,58.94,58.95,57.66,58.20,2276200,27.91
2009-08-14,61.14,61.14,59.00,59.90,1490400,28.73
2009-08-13,61.38,61.38,60.00,60.99,2180800,29.25
2009-08-12,59.27,61.33,59.00,60.74,2875000,29.13
2009-08-11,59.98,59.98,59.25,59.46,1762400,28.52
2009-08-10,60.23,60.95,59.79,60.32,2976600,28.93
2009-08-07,61.11,61.88,60.18,60.41,2659400,28.97
2009-08-06,60.50,61.59,60.00,60.37,2744000,28.95
2009-08-05,61.94,62.00,60.10,60.65,3788000,29.00
2009-08-04,63.54,63.54,61.79,62.18,3833600,29.73
2009-08-03,62.37,64.43,62.31,63.98,4103800,30.59
2009-07-31,58.86,61.76,58.86,61.12,4210400,29.22
2009-07-30,57.79,60.98,57.46,60.00,7495200,28.69
2009-07-29,56.99,57.11,55.14,56.66,4552400,27.09
2009-07-28,58.70,59.65,57.60,58.60,5114000,28.02
2009-07-27,60.25,60.33,58.80,59.40,4103200,28.40
2009-07-24,59.45,60.29,58.95,59.99,3914600,28.68
2009-07-23,58.84,60.33,58.44,60.05,4234600,28.71
2009-07-22,59.25,60.07,58.50,58.67,5029600,28.05
2009-07-21,60.38,60.79,58.72,60.14,2970400,28.76
2009-07-20,58.92,59.94,58.79,59.68,2773000,28.54
2009-07-17,58.32,58.93,57.79,58.13,3377200,27.79
2009-07-16,56.98,58.60,56.47,58.23,3597000,27.84
2009-07-15,57.41,57.75,56.82,57.46,4002000,27.47
2009-07-14,56.57,57.02,55.57,56.34,3359600,26.94
2009-07-13,54.61,55.85,52.87,55.83,3577600,26.70
2009-07-10,53.82,54.88,53.13,54.63,3478800,26.12
2009-07-09,53.38,55.05,53.05,54.81,5331000,26.21
2009-07-08,53.63,54.36,51.49,52.75,5231800,25.22
2009-07-07,54.97,55.22,53.21,53.31,4133000,25.49
2009-07-06,54.74,55.09,53.65,54.94,3617400,26.27
2009-07-02,58.65,58.65,56.14,56.44,3055400,26.99
2009-07-01,59.77,60.70,59.66,59.79,4890800,28.59
2009-06-30,59.24,59.93,57.94,58.97,3580200,28.20
2009-06-29,58.72,59.68,58.15,59.31,3984000,28.36
2009-06-26,58.28,58.94,57.63,58.09,3424200,27.78
2009-06-25,57.29,58.94,57.03,58.73,3615200,28.08
2009-06-24,57.30,57.86,56.85,57.33,3487400,27.41
2009-06-23,57.73,57.73,55.49,56.84,3536200,27.18
2009-06-22,59.04,59.08,55.87,57.08,4487000,27.29
2009-06-19,62.19,62.19,59.62,60.16,3755800,28.77
2009-06-18,62.17,62.68,60.75,61.42,2186800,29.37
2009-06-17,63.43,63.46,60.85,62.18,3089400,29.73
2009-06-16,66.25,66.60,62.89,63.27,3490800,30.25
2009-06-15,65.73,66.23,64.48,65.38,2655000,31.26
2009-06-12,66.17,66.91,65.09,66.77,3426200,31.93
2009-06-11,66.31,69.07,66.19,67.65,3056800,32.35
2009-06-10,66.53,67.39,65.34,66.30,3560800,31.70
2009-06-09,65.06,66.51,64.68,66.10,4545800,31.61
2009-06-08,63.24,64.78,62.59,64.23,4296000,30.71
2009-06-05,63.92,64.97,62.93,63.96,5651800,30.58
2009-06-04,61.72,64.04,61.20,63.40,4291400,30.31
2009-06-03,62.29,62.42,59.68,60.77,4554600,29.06
2009-06-02,62.29,63.87,61.78,63.52,4663600,30.37
2009-06-01,60.91,63.70,60.87,63.17,4188000,30.20
2009-05-29,59.82,60.69,59.14,59.48,8754000,28.44
2009-05-28,57.79,59.20,56.59,58.72,4817200,28.08
2009-05-27,57.60,58.27,56.47,56.74,4038600,27.13
2009-05-26,54.96,57.17,53.77,57.15,5575400,27.33
2009-05-22,56.07,56.68,55.01,55.63,3540800,26.60
2009-05-21,56.27,56.35,54.36,55.36,4301400,26.47
2009-05-20,58.21,59.35,57.31,57.44,4495600,27.46
2009-05-19,55.49,57.84,54.75,57.17,6325200,27.34
2009-05-18,53.10,55.19,52.89,55.02,4812000,26.31
2009-05-15,53.74,54.01,50.86,51.97,5717400,24.85
2009-05-14,53.88,54.75,52.83,54.14,3457600,25.89
2009-05-13,55.92,56.44,53.49,53.73,4894200,25.69
2009-05-12,57.85,58.47,55.75,57.05,4169800,27.28
2009-05-11,58.85,59.05,56.87,57.66,3658600,27.57
2009-05-08,58.90,60.55,58.60,59.52,5750000,28.46
2009-05-07,61.97,62.80,58.11,58.71,5554400,28.07
2009-05-06,59.73,60.47,58.89,60.33,5045800,28.76
2009-05-05,60.80,60.80,56.87,58.60,4194200,27.94
2009-05-04,59.69,60.94,58.85,60.94,4518800,29.05
2009-05-01,57.25,59.58,56.45,58.84,3946800,28.05
2009-04-30,59.75,60.27,55.68,56.75,6960200,27.05
2009-04-29,58.76,61.05,58.71,60.27,4084600,28.73
2009-04-28,57.63,59.14,57.51,58.15,3387800,27.72
2009-04-27,59.28,59.28,57.76,58.58,3738600,27.93
2009-04-24,59.98,61.29,59.83,60.69,3620800,28.93
2009-04-23,57.46,58.98,57.21,58.77,3436800,28.02
2009-04-22,58.00,58.64,56.78,57.13,3933000,27.24
2009-04-21,56.58,59.73,56.38,58.81,3869200,28.04
2009-04-20,59.76,60.36,57.30,57.35,3262400,27.34
2009-04-17,60.83,62.03,60.23,61.64,4075000,29.39
2009-04-16,59.49,60.84,57.95,60.16,4485800,28.68
2009-04-15,60.55,61.39,57.28,58.53,5989000,27.90
2009-04-14,60.25,62.37,59.63,60.27,5447000,28.73
2009-04-13,59.97,61.70,58.76,61.12,2873600,29.14
2009-04-09,62.10,62.80,60.41,61.30,4235400,29.22
2009-04-08,58.71,60.44,56.66,59.89,4230200,28.55
2009-04-07,58.21,58.68,57.17,58.01,4525400,27.65
2009-04-06,58.85,60.18,57.75,59.79,7423800,28.50
2009-04-03,58.34,60.00,58.00,59.86,3966400,28.54
2009-04-02,57.20,59.03,56.57,58.39,5601800,27.84
2009-04-01,52.86,56.24,52.26,55.58,5928000,26.50
2009-03-31,53.01,55.12,52.52,53.88,6915000,25.69
2009-03-30,52.01,52.60,50.72,52.21,5547400,24.89
2009-03-27,54.24,54.24,52.86,53.54,3784000,25.52
2009-03-26,55.35,56.31,53.85,55.72,9150000,26.56
2009-03-25,55.36,55.65,52.65,54.48,5435600,25.97
2009-03-24,56.00,56.56,54.37,55.17,3992400,26.30
2009-03-23,53.54,57.31,53.28,57.30,4890000,27.32
2009-03-20,53.96,54.32,51.84,51.97,4354400,24.78
2009-03-19,53.65,55.45,53.42,53.59,6056600,25.55
2009-03-18,50.22,52.17,49.44,52.10,7278400,24.84
2009-03-17,48.94,51.03,48.19,51.03,4476000,24.33
2009-03-16,48.03,49.94,47.35,48.92,5001600,23.32
2009-03-13,48.43,48.53,46.54,47.79,4880600,22.78
2009-03-12,45.89,48.11,45.06,47.98,5056600,22.87
2009-03-11,45.88,47.13,44.60,45.79,4100000,21.83
2009-03-10,43.77,46.07,43.41,45.74,6360400,21.81
2009-03-09,42.42,44.22,42.01,42.79,6387800,20.40
2009-03-06,43.39,44.45,40.84,42.45,4491400,20.24
2009-03-05,42.40,43.88,41.80,42.54,6242400,20.28
2009-03-04,44.03,45.48,43.31,43.94,6039400,20.95
2009-03-03,41.70,43.24,40.34,41.86,6344800,19.96
2009-03-02,44.40,44.60,40.33,40.73,5022600,19.42
2009-02-27,45.52,47.21,44.19,45.54,5304800,21.71
2009-02-26,47.51,48.62,46.59,47.06,4555000,22.43
2009-02-25,47.10,48.03,45.64,46.62,5401400,22.22
2009-02-24,45.34,47.53,44.27,47.10,6065200,22.45
2009-02-23,48.94,49.29,44.67,44.80,5073000,21.36
2009-02-20,49.65,49.65,46.79,48.03,4962000,22.90
2009-02-19,49.65,51.24,48.53,49.94,6480400,23.81
2009-02-18,49.92,50.23,47.63,48.64,4966600,23.19
2009-02-17,51.71,52.30,49.32,49.42,4527800,23.56
2009-02-13,53.29,54.85,53.29,54.02,2669600,25.75
2009-02-12,51.33,53.63,51.12,53.48,3768600,25.50
2009-02-11,55.08,55.68,51.68,52.78,5247600,25.16
2009-02-10,55.92,58.24,53.97,54.51,7110800,25.99
2009-02-09,54.00,56.85,54.00,55.41,4645200,26.42
2009-02-06,53.23,55.57,52.17,55.00,4040600,26.22
2009-02-05,51.75,54.30,50.91,53.44,6803000,25.48
2009-02-04,51.50,53.00,50.93,51.97,7321000,24.69
2009-02-03,48.82,50.81,48.09,50.45,6132200,23.97
2009-02-02,47.96,49.35,47.13,48.41,6330200,23.00
2009-01-30,51.02,51.88,48.61,48.93,6553400,23.25
2009-01-29,50.72,52.14,50.22,50.55,4875400,24.01
2009-01-28,50.92,52.05,50.03,51.82,6275400,24.62
2009-01-27,51.89,51.89,49.57,50.03,6920600,23.77
2009-01-26,50.38,52.70,49.34,51.44,8148400,24.44
2009-01-23,46.88,50.33,46.18,49.51,7889600,23.52
2009-01-22,48.77,49.66,46.50,48.01,8600200,22.81
2009-01-21,48.86,50.10,48.02,49.66,10103400,23.59
2009-01-20,50.44,50.50,47.59,47.92,11388600,22.77
2009-01-16,47.25,49.15,45.95,46.79,5244200,22.23
2009-01-15,46.46,47.41,44.20,46.90,5625200,22.28
2009-01-14,48.33,48.36,44.80,45.76,4897000,21.74
2009-01-13,47.13,49.35,46.89,48.91,5094600,23.24
2009-01-12,49.34,49.58,46.49,47.13,5740000,22.39
2009-01-09,53.12,53.74,49.96,50.09,4067000,23.80
2009-01-08,50.87,53.38,50.84,53.10,3320400,25.23
2009-01-07,53.48,53.94,51.13,52.38,4894800,24.88
2009-01-06,55.26,56.82,54.69,55.16,4888800,26.20
2009-01-05,52.01,55.08,51.56,53.86,4641800,25.59
2009-01-02,49.52,52.59,49.52,52.38,3811800,24.88
2008-12-31,48.23,49.84,47.81,49.22,3402600,23.38
2008-12-30,47.17,48.64,46.29,48.59,3348200,23.08
2008-12-29,47.20,48.00,46.33,47.70,3251400,22.66
2008-12-26,45.65,46.17,44.88,46.02,1151000,21.86
2008-12-24,44.78,45.54,44.03,45.21,991600,21.48
2008-12-23,44.60,46.62,44.16,45.60,2429800,21.66
2008-12-22,47.84,47.93,44.14,45.33,4280200,21.53
2008-12-19,45.86,48.59,45.86,47.84,4880600,22.73
2008-12-18,49.83,49.83,45.25,45.80,4296400,21.76
2008-12-17,49.23,52.82,48.91,49.46,4620600,23.50
2008-12-16,50.57,50.98,48.33,50.13,5055800,23.82
2008-12-15,52.48,52.79,48.23,49.45,3912400,23.49
2008-12-12,48.99,50.95,47.85,49.80,4134600,23.66
2008-12-11,53.41,55.44,50.18,51.16,7496800,24.30
2008-12-10,48.80,53.48,47.98,53.00,6651800,25.18
2008-12-09,46.67,48.80,44.74,46.86,3099000,22.26
2008-12-08,43.36,47.34,43.32,46.53,6101000,22.11
2008-12-05,39.89,41.49,37.15,41.42,4884600,19.68
2008-12-04,46.03,46.73,40.48,41.25,4436200,19.60
2008-12-03,45.00,47.23,44.25,47.19,3853600,22.42
2008-12-02,45.19,47.50,44.46,46.34,4310000,22.01
2008-12-01,50.49,50.49,44.20,44.43,6395600,21.11
2008-11-28,53.22,53.22,49.69,52.28,2194200,24.84
2008-11-26,49.11,53.40,48.23,53.29,3746000,25.32
2008-11-25,49.60,50.51,47.68,49.36,4584600,23.45
2008-11-24,45.34,50.57,45.34,49.28,6429600,23.41
2008-11-21,40.27,44.65,39.65,44.47,6998000,21.13
2008-11-20,44.69,44.73,38.59,38.97,6895800,18.51
2008-11-19,50.33,51.04,46.00,46.10,6081400,21.90
2008-11-18,49.67,51.67,47.99,50.59,5368600,24.03
2008-11-17,48.64,52.10,48.25,49.07,5191400,23.31
2008-11-14,52.04,54.19,50.12,50.61,5766400,24.04
2008-11-13,47.29,54.07,44.66,54.01,7313200,25.66
2008-11-12,48.90,49.17,45.40,46.00,5256000,21.85
2008-11-11,49.57,51.41,48.34,50.20,4606400,23.85
2008-11-10,50.89,52.91,49.62,51.03,4761200,24.24
2008-11-07,49.00,50.72,47.22,49.36,4804800,23.45
2008-11-06,50.62,51.38,46.99,48.54,5597800,23.06
2008-11-05,51.37,54.25,51.06,51.50,4455600,24.47
2008-11-04,51.45,54.40,51.45,53.87,5259200,25.59
2008-11-03,51.36,51.95,48.36,49.85,5722000,23.68
2008-10-31,47.99,53.40,46.78,51.82,5075800,24.62
2008-10-30,47.80,50.11,46.39,48.89,7085400,23.23
2008-10-29,44.50,49.21,44.21,45.88,7414200,21.71
2008-10-28,39.59,43.14,36.52,42.92,7400000,20.31
2008-10-27,41.21,41.58,37.32,37.43,5376800,17.71
2008-10-24,39.26,43.27,37.95,41.99,6504400,19.87
2008-10-23,42.00,44.23,39.64,43.62,6767000,20.64
2008-10-22,44.19,44.95,39.14,40.93,7476600,19.37
2008-10-21,48.13,48.62,45.76,46.35,6845400,21.93
2008-10-20,46.31,50.14,46.07,49.74,8130400,23.54
2008-10-17,42.48,48.17,41.10,44.53,8512200,21.07
2008-10-16,39.22,43.55,37.37,43.49,9459800,20.58
2008-10-15,44.06,44.79,38.21,38.66,7577400,18.29
2008-10-14,42.86,48.63,42.86,46.41,16999200,21.96
2008-10-13,35.01,41.62,34.96,41.05,9739800,19.43
2008-10-10,34.17,36.39,30.89,33.15,16628000,15.69
2008-10-09,40.96,41.65,35.92,35.92,10215800,17.00
2008-10-08,37.99,41.84,36.77,39.78,9138000,18.82
2008-10-07,43.44,44.27,39.30,39.30,8080800,18.60
2008-10-06,44.43,44.45,38.99,42.76,10987200,20.23
2008-10-03,47.94,51.38,46.46,46.62,5057800,22.06
2008-10-02,52.50,53.21,47.68,47.91,5088200,22.67
2008-10-01,55.66,55.66,52.79,53.88,5109000,25.50
2008-09-30,53.14,56.81,51.79,55.59,5161600,26.31
2008-09-29,56.95,57.50,50.22,51.18,9351200,24.22
2008-09-26,58.43,59.67,57.26,59.52,5215400,28.17
2008-09-25,59.93,60.66,58.98,60.12,4963200,28.45
2008-09-24,60.48,61.79,59.50,60.01,5685200,28.40
2008-09-23,61.47,62.54,59.11,60.00,6728400,28.39
2008-09-22,61.71,63.14,60.10,61.32,6766000,29.02
2008-09-19,60.07,64.48,58.02,61.92,7572400,29.30
2008-09-18,59.67,61.12,56.59,58.02,7924400,27.46
2008-09-17,58.63,60.28,55.56,57.87,9540000,27.38
2008-09-16,56.30,59.05,53.79,58.83,11157200,27.84
2008-09-15,58.22,59.80,56.67,57.55,11588600,27.23
2008-09-12,59.94,61.81,59.01,61.44,6779200,29.07
2008-09-11,58.32,60.27,56.34,58.98,9304000,27.91
2008-09-10,58.26,60.07,57.25,59.22,7549000,28.02
2008-09-09,63.90,64.67,57.13,57.14,10031400,27.04
2008-09-08,68.92,69.39,64.41,64.93,5728800,30.73
2008-09-05,67.89,68.81,65.40,68.03,5941400,32.19
2008-09-04,67.32,68.51,65.36,68.19,8060800,32.27
2008-09-03,67.37,69.04,65.88,67.16,4615400,31.78
2008-09-02,69.94,70.04,66.97,67.14,4152600,31.77
2008-08-29,73.44,73.93,71.39,71.73,3466400,33.94
2008-08-28,75.47,75.50,71.42,72.84,3826200,34.47
2008-08-27,75.80,76.51,74.15,74.51,3906000,35.26
2008-08-26,72.51,75.77,72.51,74.73,4271400,35.36
2008-08-25,71.24,72.48,70.52,71.71,3245800,33.93
2008-08-22,72.22,72.53,69.82,71.17,3486400,33.68
2008-08-21,73.01,74.43,72.26,73.42,5092200,34.74
2008-08-20,69.73,72.53,69.73,72.31,6002400,34.22
2008-08-19,65.94,68.92,65.90,68.79,4583800,32.55
2008-08-18,67.43,68.35,65.56,65.95,3580000,31.21
2008-08-15,67.63,67.71,66.02,67.06,4101800,31.73
2008-08-14,69.54,69.68,66.82,67.90,3396600,32.13
2008-08-13,68.40,70.07,66.74,69.72,3928200,32.99
2008-08-12,67.65,68.59,67.08,67.73,4768600,32.05
2008-08-11,66.60,67.58,64.92,66.76,4069400,31.59
2008-08-08,66.62,67.37,63.87,66.59,4699800,31.51
2008-08-07,69.71,70.50,67.05,67.09,6026800,31.75
2008-08-06,70.12,70.99,68.66,69.62,6542800,32.94
2008-08-05,68.37,70.55,67.74,70.19,4332800,33.21
2008-08-04,74.43,74.43,68.30,69.00,5902000,32.65
2008-08-01,73.88,76.86,73.75,74.31,5020400,35.16
2008-07-31,75.28,77.44,73.27,73.87,5252000,34.96
2008-07-30,73.35,77.82,70.43,77.11,7994000,36.40
2008-07-29,75.32,75.65,73.37,74.62,5472800,35.23
2008-07-28,76.36,78.63,75.74,75.74,3275600,35.76
2008-07-25,76.09,78.54,75.03,76.01,4321800,35.88
2008-07-24,76.63,77.79,73.36,75.71,5183400,35.74
2008-07-23,79.39,80.19,75.81,76.34,5496000,36.04
2008-07-22,82.09,82.09,78.60,79.52,4284000,37.54
2008-07-21,81.70,82.84,79.49,82.56,3862800,38.98
2008-07-18,80.73,82.54,78.39,80.39,5854200,37.95
2008-07-17,84.21,84.96,78.72,80.84,7561000,38.16
2008-07-16,86.25,87.23,82.27,84.37,5737600,39.83
2008-07-15,92.03,92.03,85.91,86.09,4727600,40.64
2008-07-14,91.15,91.77,89.00,90.45,3436200,42.70
2008-07-11,92.44,93.93,88.55,89.92,4451400,42.45
2008-07-10,88.55,91.09,87.40,90.65,4792800,42.80
2008-07-09,92.42,93.65,87.73,88.09,4358200,41.59
2008-07-08,89.78,92.10,87.79,91.99,6037400,43.43
2008-07-07,93.05,94.38,89.81,91.46,5002600,43.18
2008-07-03,96.32,96.90,92.23,93.21,3545400,44.00
2008-07-02,102.81,104.50,95.81,95.84,5219400,45.25
2008-07-01,100.44,102.97,99.79,102.79,4159000,48.53
2008-06-30,98.40,100.85,98.40,100.56,3207600,47.47
2008-06-27,98.09,99.04,97.41,97.77,3164600,46.16
2008-06-26,100.95,100.95,95.55,96.84,3571600,45.72
2008-06-25,101.69,101.69,97.04,99.28,2873200,46.87
2008-06-24,102.61,103.24,100.65,100.95,4385600,47.66
2008-06-23,95.20,103.23,95.08,103.23,5193400,48.74
2008-06-20,98.92,98.95,94.90,95.22,5631600,44.95
2008-06-19,102.99,102.99,97.20,97.23,3974800,45.90
2008-06-18,103.00,103.00,100.33,101.50,3286600,47.92
2008-06-17,97.97,102.93,97.97,102.63,4048600,48.45
2008-06-16,99.30,99.58,97.52,98.00,3756000,46.27
2008-06-13,98.22,100.15,97.37,98.31,3377200,46.41
2008-06-12,100.83,100.83,97.69,98.93,3496200,46.71
2008-06-11,99.51,101.53,99.51,100.72,2872600,47.55
2008-06-10,102.15,103.79,97.63,99.26,4142400,46.86
2008-06-09,100.16,104.24,100.16,103.49,3445400,48.86
2008-06-06,101.23,104.24,100.02,100.02,3761600,47.22
2008-06-05,96.76,100.50,96.23,100.50,3724400,47.45
2008-06-04,96.56,98.38,95.39,96.69,4315400,45.65
2008-06-03,99.35,99.85,96.92,97.52,4692600,46.04
2008-06-02,97.00,100.51,97.00,99.46,4368000,46.96
2008-05-30,96.87,98.30,96.16,97.45,4225000,46.01
2008-05-29,100.15,100.15,96.11,96.57,4400200,45.59
2008-05-28,97.49,100.99,96.02,100.61,4907000,47.50
2008-05-27,97.54,98.27,96.50,97.62,3495400,46.09
2008-05-23,100.47,101.55,96.89,97.96,3211600,46.25
2008-05-22,101.63,102.38,99.36,100.38,3336200,47.39
2008-05-21,103.95,105.11,100.98,101.21,4612000,47.78
2008-05-20,102.30,104.67,101.29,103.83,3758400,49.02
2008-05-19,102.50,103.12,100.76,101.56,3754600,47.95
2008-05-16,99.84,101.54,99.21,101.54,4091200,47.94
2008-05-15,98.50,99.67,96.91,98.95,4215400,46.71
2008-05-14,99.00,99.11,96.55,96.85,3561200,45.72
2008-05-13,96.83,98.60,95.91,97.63,4697400,46.09
2008-05-12,96.38,97.39,95.13,96.82,3470600,45.71
2008-05-09,97.68,98.00,94.74,96.50,4807400,45.56
2008-05-08,94.17,97.08,93.50,96.88,4281600,45.74
2008-05-07,95.99,96.62,93.22,93.95,4620600,44.35
2008-05-06,88.87,95.83,88.07,95.45,6955600,45.06
2008-05-05,87.25,88.78,86.58,88.46,4687400,41.76
2008-05-02,85.87,87.21,85.00,86.75,2676400,40.95
2008-05-01,88.21,88.21,81.27,84.69,4303600,39.98
2008-04-30,85.75,88.28,85.75,87.00,3406600,40.99
2008-04-29,87.06,88.04,86.59,87.21,3098600,41.09
2008-04-28,89.35,89.98,88.39,88.73,3227200,41.80
2008-04-25,87.60,88.92,87.00,88.92,5902200,41.89
2008-04-24,87.71,88.18,85.25,86.45,2823000,40.73
2008-04-23,88.24,90.08,87.31,87.97,3404400,41.44
2008-04-22,90.96,91.43,90.09,90.58,3606400,42.67
2008-04-21,90.50,91.34,90.13,90.89,3688400,42.82
2008-04-18,87.75,90.68,87.35,90.55,3146400,42.66
2008-04-17,89.24,90.22,87.55,88.49,2652000,41.69
2008-04-16,86.75,89.78,86.35,89.76,4041600,42.29
2008-04-15,86.12,87.27,84.99,86.19,3318600,40.61
2008-04-14,83.02,85.55,83.02,85.41,3241200,40.24
2008-04-11,83.34,83.68,82.04,82.75,3481600,38.99
2008-04-10,82.85,83.72,81.85,83.57,2945400,39.37
2008-04-09,81.85,83.50,81.52,82.86,3518600,39.04
2008-04-08,80.87,82.00,80.53,80.95,3117400,38.14
2008-04-07,80.18,81.77,80.09,81.07,3688800,38.19
2008-04-04,78.64,80.28,78.31,79.55,3160800,37.48
2008-04-03,77.87,79.19,77.57,78.00,3521000,36.75
2008-04-02,75.98,78.56,75.98,78.00,4059200,36.75
2008-04-01,73.62,75.81,71.95,75.79,3781000,35.71
2008-03-31,72.88,73.88,71.72,72.80,4475200,34.30
2008-03-28,72.01,74.13,71.96,72.88,2933600,34.34
2008-03-27,74.80,74.80,72.62,72.88,3954800,34.34
2008-03-26,73.66,74.75,73.15,74.07,4435400,34.90
2008-03-25,73.27,74.24,72.37,73.90,3862600,34.82
2008-03-24,70.95,73.22,70.66,72.30,2434800,34.06
2008-03-20,68.45,71.20,65.39,70.93,4745000,33.42
2008-03-19,74.75,75.00,69.93,69.93,3673800,32.95
2008-03-18,73.99,75.12,73.09,75.12,3096000,35.39
2008-03-17,74.31,74.82,71.00,72.01,4117400,33.93
2008-03-14,78.23,78.47,74.91,76.27,2871600,35.93
2008-03-13,76.06,78.61,75.65,78.03,4501400,36.76
2008-03-12,78.12,78.90,77.37,77.63,1744000,36.57
2008-03-11,76.29,78.19,74.68,78.10,3818000,36.79
2008-03-10,76.49,76.69,74.52,74.91,3848800,35.29
2008-03-07,77.83,78.54,75.65,76.57,3713600,36.07
2008-03-06,80.13,80.64,78.44,78.44,3131800,36.96
2008-03-05,79.98,81.28,79.38,80.72,3402200,38.03
2008-03-04,80.53,80.80,78.07,79.32,4048000,37.37
2008-03-03,77.45,81.10,77.45,80.87,4847000,38.10
2008-02-29,81.01,81.01,77.11,77.40,3439400,36.47
2008-02-28,81.94,82.82,80.77,81.35,3135600,38.33
2008-02-27,81.00,82.29,80.14,81.09,3013600,38.20
2008-02-26,80.01,81.66,78.99,80.91,2661000,38.12
2008-02-25,79.15,80.98,78.97,80.98,2573200,38.15
2008-02-22,78.21,78.93,77.07,78.78,2069000,37.12
2008-02-21,79.64,79.64,77.34,77.44,2433600,36.48
2008-02-20,76.50,79.49,76.50,79.30,2597000,37.36
2008-02-19,76.33,78.17,76.24,77.33,2245600,36.43
2008-02-15,76.48,76.52,74.34,75.30,1977800,35.48
2008-02-14,76.90,77.54,76.44,76.45,1931000,36.02
2008-02-13,74.73,76.73,74.73,76.73,2055600,36.15
2008-02-12,74.77,76.32,73.82,74.58,2415600,35.14
2008-02-11,73.00,74.87,72.68,74.83,2172800,35.25
2008-02-08,70.27,73.08,70.27,72.70,2380600,34.25
2008-02-07,70.07,71.00,69.63,70.55,2821200,33.24
2008-02-06,72.60,72.60,70.07,70.29,2413400,33.12
2008-02-05,73.90,74.19,71.47,71.47,2645400,33.67
2008-02-04,73.65,75.37,72.89,75.17,2497200,35.41
2008-02-01,73.05,73.73,72.12,73.51,2368800,34.63
2008-01-31,70.64,73.09,70.05,72.58,3128400,34.19
2008-01-30,71.60,74.14,71.60,72.30,2628400,34.01
2008-01-29,71.46,72.26,70.77,72.05,2528200,33.89
2008-01-28,69.75,71.40,68.30,71.00,2477200,33.39
2008-01-25,72.05,72.68,69.15,69.42,2657000,32.65
2008-01-24,69.50,71.47,69.39,70.85,3102000,33.32
2008-01-23,68.27,69.34,65.36,69.18,4153400,32.54
2008-01-22,67.21,71.99,64.98,70.19,4068600,33.01
2008-01-18,73.16,76.33,71.12,72.34,4422200,34.02
2008-01-17,76.39,77.56,72.53,72.65,3234200,34.17
2008-01-16,79.26,80.01,76.13,76.26,3546000,35.87
2008-01-15,80.61,81.28,79.42,79.46,3234000,37.37
2008-01-14,80.52,81.58,80.30,81.27,2893000,38.22
2008-01-11,78.03,80.87,77.99,79.66,3046200,37.47
2008-01-10,78.62,79.43,77.51,78.90,2578600,37.11
2008-01-09,77.70,79.51,77.51,79.20,3412000,37.25
2008-01-08,79.71,80.28,77.33,77.61,3670200,36.50
2008-01-07,79.09,79.44,77.83,79.02,3614800,37.17
2008-01-04,79.82,80.07,78.80,78.83,2777000,37.08
2008-01-03,80.17,80.68,79.95,80.32,3850400,37.78
2008-01-02,80.07,80.24,78.78,79.81,3333000,37.54
