Date,Open,High,Low,Close,Volume,Adj Close
2013-12-31,28.70,28.82,28.57,28.72,2519800,28.59
2013-12-30,28.56,28.75,28.50,28.63,1997900,28.50
2013-12-27,28.53,28.70,28.41,28.59,1946000,28.46
2013-12-26,28.46,28.54,28.36,28.48,1917600,28.35
2013-12-24,28.47,28.55,28.25,28.38,953000,28.25
2013-12-23,28.57,28.60,28.32,28.37,2064000,28.24
2013-12-20,28.44,28.75,28.36,28.40,5398800,28.27
2013-12-19,28.07,28.46,27.81,28.42,2219700,28.29
2013-12-18,27.93,28.14,27.28,28.10,3591100,27.98
2013-12-17,27.84,28.11,27.79,27.87,2542500,27.75
2013-12-16,28.05,28.25,27.74,27.86,3658300,27.74
2013-12-13,28.05,28.09,27.88,27.95,2194300,27.83
2013-12-12,27.96,28.28,27.91,27.98,2618100,27.86
2013-12-11,28.32,28.36,27.82,27.95,3438200,27.83
2013-12-10,28.73,28.77,28.32,28.37,3087100,28.24
2013-12-09,28.56,28.89,28.42,28.73,2898200,28.60
2013-12-06,28.26,28.65,28.11,28.59,2824600,28.46
2013-12-05,27.89,28.25,27.55,28.10,3809700,27.98
2013-12-04,27.24,28.00,27.16,27.95,3740500,27.83
2013-12-03,26.76,27.41,26.62,27.40,3075900,27.28
2013-12-02,26.46,26.97,26.34,26.83,2896200,26.71
2013-11-29,26.67,26.74,26.41,26.46,910200,26.34
2013-11-27,26.59,26.73,26.30,26.65,2726800,26.53
2013-11-26,26.94,27.00,26.47,26.60,3470100,26.48
2013-11-25,27.21,27.28,26.91,26.94,1971100,26.82
2013-11-22,27.56,27.59,27.11,27.22,2033300,27.10
2013-11-21,27.23,27.68,27.13,27.57,2376400,27.45
2013-11-20,27.17,27.52,27.07,27.23,3156400,27.11
2013-11-19,27.06,27.24,26.86,27.17,2176200,27.05
2013-11-18,27.28,27.40,26.88,27.12,2662000,27.00
2013-11-15,27.02,27.28,26.88,27.27,2670900,27.15
2013-11-14,27.28,27.29,26.93,27.12,3574000,27.00
2013-11-13,26.81,27.27,26.69,27.26,4351400,27.14
2013-11-12,27.06,27.93,26.76,27.06,6657600,26.94
2013-11-11,28.27,28.46,27.96,28.04,2378200,27.92
2013-11-08,27.88,28.34,27.50,28.32,3138500,28.20
2013-11-07,28.47,28.49,27.89,27.98,3362600,27.86
2013-11-06,28.42,28.59,27.89,28.16,2358800,28.04
2013-11-05,28.22,28.62,28.22,28.30,3393000,28.18
2013-11-04,28.44,28.56,27.92,28.25,3008500,28.13
2013-11-01,28.62,28.68,28.26,28.39,2957100,28.26
2013-10-31,28.75,28.92,28.23,28.53,3023800,28.40
2013-10-30,29.13,29.34,28.66,28.84,3337800,28.71
2013-10-29,29.54,29.64,28.98,29.18,3275100,28.93
2013-10-28,30.10,30.28,29.38,29.48,4910100,29.23
2013-10-25,28.28,30.13,28.04,30.11,8717400,29.85
2013-10-24,28.43,28.57,27.86,28.19,2523800,27.95
2013-10-23,28.80,28.90,28.30,28.42,3355800,28.18
2013-10-22,29.00,29.23,28.81,28.89,2671100,28.64
2013-10-21,29.45,29.66,28.52,28.86,4784000,28.61
2013-10-18,28.07,30.17,27.93,29.30,9749300,29.05
2013-10-17,27.31,28.02,27.23,27.96,2743700,27.72
2013-10-16,27.59,27.66,27.28,27.48,3067300,27.25
2013-10-15,27.82,28.08,27.56,27.56,2879500,27.33
2013-10-14,28.02,28.05,27.53,27.94,1784100,27.70
2013-10-11,27.91,28.23,27.75,28.13,1959200,27.89
2013-10-10,27.54,27.87,27.44,27.86,2964400,27.62
2013-10-09,27.46,27.60,27.31,27.37,4330900,27.14
2013-10-08,27.36,27.79,27.25,27.47,3978400,27.24
2013-10-07,27.33,27.42,27.17,27.26,1616600,27.03
2013-10-04,27.35,27.62,27.26,27.43,3785200,27.20
2013-10-03,27.39,27.51,27.26,27.34,3185400,27.11
2013-10-02,27.37,27.62,27.11,27.55,4841300,27.32
2013-10-01,27.37,27.68,27.32,27.45,3694900,27.22
2013-09-30,27.54,27.68,27.24,27.33,2897500,27.10
2013-09-27,27.90,28.03,27.68,27.72,3659200,27.48
2013-09-26,28.05,28.16,27.74,27.94,2106600,27.70
2013-09-25,28.04,28.24,27.88,28.04,2015300,27.80
2013-09-24,27.97,28.18,27.82,28.02,3221400,27.78
2013-09-23,27.47,28.04,27.36,27.95,3488100,27.71
2013-09-20,27.81,27.93,27.49,27.53,5184500,27.30
2013-09-19,27.96,28.25,27.71,27.80,5190500,27.56
2013-09-18,27.53,28.12,27.15,27.91,6905200,27.67
2013-09-17,27.59,28.00,27.57,27.92,2890400,27.68
2013-09-16,27.52,27.88,27.02,27.56,3834100,27.33
2013-09-13,26.51,27.35,26.48,27.14,4437100,26.91
2013-09-12,26.04,26.54,26.04,26.36,2372700,26.14
2013-09-11,26.78,26.78,26.10,26.25,3148500,26.03
2013-09-10,26.53,26.79,26.39,26.79,2809500,26.56
2013-09-09,26.08,26.37,26.05,26.35,1867100,26.13
2013-09-06,25.69,26.30,25.69,26.06,2728900,25.84
2013-09-05,25.90,26.06,25.71,25.73,2909900,25.51
2013-09-04,26.07,26.21,25.89,25.99,2159100,25.77
2013-09-03,26.47,26.79,25.98,26.10,3655000,25.88
2013-08-30,25.97,26.37,25.95,26.25,2295700,26.03
2013-08-29,25.89,26.19,25.74,26.00,2017800,25.78
2013-08-28,25.93,26.02,25.76,25.98,1627900,25.76
2013-08-27,25.75,26.05,25.74,25.90,2418400,25.68
2013-08-26,26.31,26.34,25.89,25.93,2776800,25.71
2013-08-23,26.46,26.49,26.10,26.32,2972000,26.10
2013-08-22,26.49,26.61,26.25,26.37,2839400,26.15
2013-08-21,26.38,26.98,26.15,26.43,2999300,26.21
2013-08-20,26.07,26.51,26.00,26.49,4370700,26.26
2013-08-19,26.11,26.18,25.94,26.05,4000100,25.83
2013-08-16,26.24,26.34,26.07,26.15,4190700,25.93
2013-08-15,26.28,26.42,26.08,26.40,5200900,26.18
2013-08-14,25.52,26.61,25.40,26.52,7318500,26.29
2013-08-13,25.93,25.93,25.24,25.52,6074700,25.30
2013-08-12,26.01,26.17,25.71,25.97,4965100,25.75
2013-08-09,26.70,26.95,25.95,26.35,7299300,26.13
2013-08-08,26.41,27.07,26.41,26.90,4300300,26.67
2013-08-07,26.18,26.43,25.98,26.39,3574200,26.17
2013-08-06,26.80,26.82,26.20,26.30,2979200,26.08
2013-08-05,26.92,27.11,26.73,26.91,3290200,26.68
2013-08-02,27.23,27.28,26.90,27.04,1950800,26.81
2013-08-01,26.94,27.14,26.69,27.08,3047300,26.85
2013-07-31,27.00,27.05,26.66,26.82,3289100,26.59
2013-07-30,27.29,27.38,26.98,27.00,2359100,26.77
2013-07-29,27.59,27.65,27.21,27.25,2594500,26.90
2013-07-26,27.35,27.67,27.33,27.67,2047100,27.31
2013-07-25,27.39,27.65,27.22,27.53,3232600,27.18
2013-07-24,27.96,27.99,27.34,27.43,2353600,27.08
2013-07-23,28.11,28.37,27.83,27.94,3034100,27.58
2013-07-22,28.41,28.53,27.94,27.98,2455200,27.62
2013-07-19,28.57,28.62,28.23,28.46,2744800,28.09
2013-07-18,28.51,28.80,28.00,28.42,3760400,28.05
2013-07-17,28.89,29.15,28.27,28.41,4100000,28.04
2013-07-16,29.10,29.19,28.41,28.79,3974800,28.42
2013-07-15,28.64,29.08,28.62,29.08,4084600,28.71
2013-07-12,28.48,28.79,28.40,28.64,3985700,28.27
2013-07-11,28.00,28.69,28.00,28.67,3974800,28.30
2013-07-10,27.64,27.93,27.58,27.85,2602300,27.49
2013-07-09,27.44,27.76,27.23,27.65,3455800,27.29
2013-07-08,26.34,27.31,26.31,27.23,3895800,26.88
2013-07-05,26.36,26.45,25.81,26.14,1841500,25.80
2013-07-03,26.08,26.38,25.93,26.26,1341900,25.92
2013-07-02,26.21,26.54,25.99,26.09,3286900,25.75
2013-07-01,26.76,26.77,26.20,26.26,3364800,25.92
2013-06-28,26.62,27.20,26.51,26.70,4295500,26.36
2013-06-27,26.73,26.93,26.57,26.70,3189400,26.36
2013-06-26,26.72,27.04,26.50,26.54,3626900,26.20
2013-06-25,26.21,26.71,26.09,26.55,5223000,26.21
2013-06-24,25.79,26.11,24.86,25.94,6663000,25.61
2013-06-21,25.63,25.84,24.88,25.42,4431200,25.09
2013-06-20,26.15,26.15,25.31,25.44,4321300,25.11
2013-06-19,26.79,27.03,26.35,26.35,2867800,26.01
2013-06-18,26.80,26.96,26.65,26.79,1785900,26.45
2013-06-17,26.97,27.16,26.66,26.74,3094800,26.40
2013-06-14,26.62,27.02,26.62,27.00,2087300,26.65
2013-06-13,26.41,26.79,26.03,26.69,3960000,26.35
2013-06-12,27.20,27.31,26.35,26.44,3322700,26.10
2013-06-11,27.21,27.55,27.09,27.12,4087700,26.77
2013-06-10,27.17,27.44,27.10,27.43,4009500,27.08
2013-06-07,26.74,27.34,26.26,27.10,6391000,26.75
2013-06-06,25.26,25.78,25.24,25.65,3834900,25.32
2013-06-05,25.14,25.30,24.93,25.24,3014100,24.92
2013-06-04,25.43,25.47,24.93,25.19,5156900,24.87
2013-06-03,25.49,25.69,25.21,25.53,3181100,25.20
2013-05-31,25.56,26.07,25.52,25.52,2739600,25.19
2013-05-30,25.99,26.30,25.63,25.68,3934100,25.35
2013-05-29,26.07,26.09,25.65,25.92,4609200,25.59
2013-05-28,26.80,26.84,25.73,26.17,10690900,25.83
2013-05-24,27.65,27.65,27.01,27.17,3061300,26.82
2013-05-23,27.57,27.93,27.23,27.81,4004100,27.45
2013-05-22,28.11,28.67,27.65,27.77,2940700,27.41
2013-05-21,28.07,28.31,27.94,28.18,2029000,27.82
2013-05-20,27.97,28.34,27.96,28.09,3647600,27.73
2013-05-17,27.74,28.13,27.72,28.01,3103500,27.65
2013-05-16,27.88,28.04,27.69,27.72,3247000,27.36
2013-05-15,27.56,28.17,27.49,28.01,4436600,27.65
2013-05-14,27.20,27.70,27.20,27.67,2837600,27.31
2013-05-13,27.07,27.34,27.03,27.20,2300600,26.85
2013-05-10,26.93,27.20,26.70,27.18,3379800,26.83
2013-05-09,27.21,27.30,26.81,26.87,3484100,26.52
2013-05-08,27.32,27.40,26.94,27.22,3773700,26.87
2013-05-07,27.66,27.73,27.16,27.39,5375500,27.04
2013-05-06,27.64,27.76,27.37,27.64,3451300,27.28
2013-05-03,27.34,27.71,27.30,27.61,2920800,27.25
2013-05-02,27.69,27.75,27.04,27.15,4137900,26.80
2013-05-01,27.86,27.97,27.55,27.60,3181700,27.24
2013-04-30,28.00,28.10,27.69,27.87,2958800,27.51
2013-04-29,27.89,28.18,27.84,27.94,2528600,27.58
2013-04-26,27.93,28.02,27.77,27.92,2052900,27.44
2013-04-25,27.99,28.17,27.79,27.98,3197600,27.50
2013-04-24,27.57,27.92,27.36,27.88,2769400,27.40
2013-04-23,27.47,27.59,27.34,27.48,2190900,27.01
2013-04-22,27.30,27.46,27.04,27.41,2150600,26.94
2013-04-19,26.86,27.27,26.78,27.26,3622500,26.79
2013-04-18,26.44,26.81,26.23,26.64,3176000,26.18
2013-04-17,26.64,26.64,26.21,26.40,3149900,25.95
2013-04-16,26.58,26.82,26.45,26.77,2085000,26.31
2013-04-15,27.04,27.10,26.38,26.38,2517400,25.93
2013-04-12,27.11,27.24,26.96,27.14,1665300,26.68
2013-04-11,27.15,27.32,26.98,27.27,3072800,26.80
2013-04-10,27.07,27.21,26.97,27.20,3987600,26.73
2013-04-09,26.82,27.09,26.68,26.93,2955500,26.47
2013-04-08,26.42,26.77,26.26,26.76,1906500,26.30
2013-04-05,26.09,26.55,26.07,26.35,2028100,25.90
2013-04-04,26.33,26.64,26.26,26.39,2353900,25.94
2013-04-03,26.69,26.70,26.23,26.35,3452800,25.90
2013-04-02,26.60,26.88,26.53,26.62,3315600,26.16
2013-04-01,26.41,26.54,26.30,26.50,1999100,26.05
2013-03-28,26.30,26.51,26.22,26.49,3761900,26.04
2013-03-27,25.62,26.25,25.59,26.24,3670900,25.79
2013-03-26,25.87,25.97,25.62,25.80,3035100,25.36
2013-03-25,25.92,26.04,25.50,25.69,2994700,25.25
2013-03-22,25.75,25.95,25.59,25.78,2069300,25.34
2013-03-21,25.86,26.13,25.72,25.73,2823000,25.29
2013-03-20,26.10,26.13,25.92,25.98,5769900,25.54
2013-03-19,26.15,26.24,25.79,25.97,3375900,25.53
2013-03-18,25.90,26.40,25.78,26.11,4067500,25.66
2013-03-15,25.78,26.34,25.66,26.09,5848400,25.64
2013-03-14,25.44,25.87,25.33,25.87,4908900,25.43
2013-03-13,25.35,25.54,25.24,25.37,3101000,24.94
2013-03-12,25.23,25.38,25.03,25.33,3786600,24.90
2013-03-11,24.88,25.32,24.83,25.21,3373800,24.78
2013-03-08,24.74,24.94,24.39,24.88,3709600,24.45
2013-03-07,24.63,24.77,24.50,24.70,3426600,24.28
2013-03-06,24.56,24.73,24.46,24.59,5591100,24.17
2013-03-05,24.27,24.55,24.20,24.48,4709600,24.06
2013-03-04,24.00,24.13,23.93,24.13,3733700,23.72
2013-03-01,24.03,24.28,23.82,24.00,3604800,23.59
2013-02-28,24.07,24.30,23.85,24.00,6975300,23.59
2013-02-27,23.82,24.25,23.80,24.00,4475700,23.59
2013-02-26,23.71,24.01,23.43,23.83,3734400,23.42
2013-02-25,24.10,24.37,23.64,23.65,2502300,23.25
2013-02-22,23.99,24.10,23.88,24.03,2536200,23.62
2013-02-21,24.00,24.14,23.82,23.95,3000300,23.54
2013-02-20,24.50,24.50,24.02,24.02,5447600,23.61
2013-02-19,24.00,24.56,23.94,24.53,4430500,24.11
2013-02-15,24.00,24.09,23.83,23.94,2998200,23.53
2013-02-14,24.01,24.21,23.87,23.89,3499300,23.48
2013-02-13,24.21,24.35,24.05,24.12,2624000,23.71
2013-02-12,24.15,24.56,24.11,24.24,2572300,23.83
2013-02-11,24.04,24.19,23.94,24.12,1692800,23.71
2013-02-08,24.14,24.19,23.92,24.13,1400500,23.72
2013-02-07,24.30,24.36,24.06,24.16,4279900,23.75
2013-02-06,23.57,24.29,23.53,24.27,3544000,23.85
2013-02-05,23.71,23.83,23.59,23.72,1763300,23.31
2013-02-04,23.96,24.00,23.61,23.65,1686000,23.25
2013-02-01,24.24,24.24,23.94,24.05,2100200,23.64
2013-01-31,23.81,24.14,23.79,24.00,3513100,23.59
2013-01-30,23.65,23.95,23.59,23.86,2358600,23.45
2013-01-29,23.52,23.93,23.45,23.88,4177900,23.38
2013-01-28,23.57,23.62,23.20,23.58,3746800,23.09
2013-01-25,23.80,23.82,23.48,23.59,2862100,23.10
2013-01-24,23.86,24.08,23.62,23.67,3325300,23.18
2013-01-23,23.88,23.90,23.60,23.88,3558300,23.38
2013-01-22,23.82,24.27,23.69,23.92,4817600,23.42
2013-01-18,23.73,23.89,23.38,23.89,3279000,23.39
2013-01-17,23.43,23.76,23.36,23.68,3535100,23.19
2013-01-16,23.34,23.39,23.17,23.26,3215700,22.78
2013-01-15,23.03,23.73,23.03,23.42,4434100,22.93
2013-01-14,23.50,23.54,23.15,23.20,3481700,22.72
2013-01-11,23.62,23.81,23.36,23.56,3965500,23.07
2013-01-10,22.86,23.16,22.66,23.14,2782300,22.66
2013-01-09,22.94,23.00,22.72,22.80,3153500,22.33
2013-01-08,22.64,22.88,22.60,22.88,6008200,22.40
2013-01-07,23.11,23.18,22.64,22.68,4264200,22.21
2013-01-04,23.03,23.35,22.86,23.18,2875900,22.70
2013-01-03,22.84,23.09,22.64,22.96,5812000,22.48
2013-01-02,23.38,23.40,22.62,22.90,7480100,22.42
2012-12-31,22.53,23.03,22.38,22.99,3078800,22.51
2012-12-28,22.84,22.98,22.57,22.59,2227900,22.12
2012-12-27,22.59,22.98,22.48,22.93,3383400,22.45
2012-12-26,22.78,22.94,22.56,22.60,2730300,22.13
2012-12-24,22.84,22.88,22.53,22.76,1584600,22.29
2012-12-21,22.96,23.02,22.55,22.87,6840400,22.39
2012-12-20,22.88,23.21,22.79,23.19,4283000,22.71
2012-12-19,23.09,23.13,22.27,22.78,12900300,22.31
2012-12-18,23.50,23.74,23.11,23.11,9708800,22.63
2012-12-17,23.21,23.50,23.17,23.45,22932900,22.96
2012-12-14,22.77,23.54,22.75,23.00,21036400,22.52
2012-12-13,22.49,22.88,22.38,22.74,5647800,22.27
2012-12-12,22.46,22.76,22.16,22.58,4285100,22.11
2012-12-11,22.24,22.58,22.17,22.44,4346500,21.97
2012-12-10,21.85,22.46,21.72,22.18,4174800,21.72
2012-12-07,21.95,22.07,21.75,21.88,2862300,21.42
2012-12-06,21.73,22.13,21.73,21.92,4146100,21.46
2012-12-05,21.21,21.82,21.08,21.73,4394700,21.28
2012-12-04,21.12,21.35,21.07,21.22,2915500,20.78
2012-12-03,21.19,21.23,20.83,21.13,4665100,20.69
2012-11-30,21.07,21.36,20.90,21.10,4807400,20.66
2012-11-29,20.96,21.14,20.72,21.02,3239700,20.58
2012-11-28,20.53,20.83,20.26,20.80,2497500,20.37
2012-11-27,20.13,20.80,19.93,20.67,6130000,20.24
2012-11-26,19.85,20.22,19.68,20.21,3037100,19.79
2012-11-23,19.96,20.08,19.72,19.95,1194000,19.53
2012-11-21,19.92,20.06,19.74,19.98,2459100,19.56
2012-11-20,19.65,19.83,19.38,19.81,4713400,19.40
2012-11-19,19.95,19.95,19.49,19.75,4525600,19.34
2012-11-16,19.63,19.89,19.28,19.78,4193600,19.37
2012-11-15,19.48,19.66,19.15,19.59,3112900,19.18
2012-11-14,19.52,19.74,19.34,19.42,5848100,19.02
2012-11-13,20.07,20.19,19.62,19.67,7952900,19.26
2012-11-12,20.34,21.00,20.03,20.21,4458800,19.79
2012-11-09,20.56,21.03,20.43,20.53,6263700,20.10
2012-11-08,20.83,21.06,20.62,20.62,2875600,20.19
2012-11-07,21.11,21.14,20.57,20.79,6315300,20.36
2012-11-06,21.17,21.83,21.13,21.29,3905300,20.85
2012-11-05,21.56,21.64,20.96,21.00,3385100,20.56
2012-11-02,21.54,21.72,21.18,21.21,3472700,20.77
2012-11-01,21.39,21.81,21.34,21.55,5284600,21.10
2012-10-31,22.07,22.24,21.48,21.56,4119900,21.11
2012-10-26,22.52,22.59,21.81,21.94,6331900,21.40
2012-10-25,22.65,22.76,22.06,22.25,3352700,21.70
2012-10-24,22.55,22.88,22.34,22.52,4016000,21.96
2012-10-23,22.66,22.74,21.77,22.40,6480700,21.84
2012-10-22,23.29,23.50,22.90,23.02,4644800,22.45
2012-10-19,23.20,23.38,23.15,23.28,2934700,22.70
2012-10-18,23.31,23.72,23.24,23.27,5100000,22.69
2012-10-17,23.41,23.50,23.17,23.44,3040300,22.86
2012-10-16,23.19,23.37,22.79,23.23,3970000,22.65
2012-10-15,23.12,23.30,22.80,23.27,3190600,22.69
2012-10-12,23.72,23.75,22.99,23.02,2870300,22.45
2012-10-11,23.17,23.78,23.10,23.65,4204700,23.06
2012-10-10,23.11,23.20,22.87,23.02,2719600,22.45
2012-10-09,22.88,23.50,22.88,23.09,4599600,22.52
2012-10-08,22.65,22.95,22.55,22.95,2955200,22.38
2012-10-05,22.69,22.92,22.41,22.76,2737900,22.19
2012-10-04,22.26,22.67,22.17,22.62,2906900,22.06
2012-10-03,21.93,22.53,21.90,22.18,5534700,21.63
2012-10-02,21.78,21.91,21.62,21.86,3598500,21.32
2012-10-01,21.36,21.92,21.36,21.63,3679700,21.09
2012-09-28,21.53,21.71,21.07,21.39,5451800,20.86
2012-09-27,21.42,21.88,21.41,21.58,4463500,21.04
2012-09-26,21.76,21.80,21.25,21.40,3841200,20.87
2012-09-25,22.06,22.16,21.67,21.72,4991300,21.18
2012-09-24,21.81,22.14,21.77,22.02,3681600,21.47
2012-09-21,21.56,21.91,21.53,21.89,8862300,21.35
2012-09-20,21.41,21.63,21.27,21.48,4048600,20.95
2012-09-19,21.50,21.60,21.31,21.45,4486000,20.92
2012-09-18,21.41,21.69,21.38,21.45,3770300,20.92
2012-09-17,22.06,22.16,21.71,21.77,3400100,21.23
2012-09-14,21.80,22.25,21.77,22.10,4018400,21.55
2012-09-13,22.37,22.37,21.42,21.80,8500000,21.26
2012-09-12,22.31,22.41,22.05,22.34,5117300,21.79
2012-09-11,21.96,22.35,21.79,22.31,5326800,21.76
2012-09-10,22.11,22.29,21.93,21.96,3654000,21.41
2012-09-07,22.27,22.29,21.36,21.78,5547000,21.24
2012-09-06,21.45,22.36,21.38,22.33,8270200,21.78
2012-09-05,21.51,21.53,21.25,21.36,3612500,20.83
2012-09-04,21.30,21.60,21.08,21.53,3347100,21.00
2012-08-31,21.30,21.39,21.17,21.34,2622600,20.81
2012-08-30,21.05,21.26,20.99,21.21,3288400,20.68
2012-08-29,21.17,21.27,21.13,21.20,3040500,20.67
2012-08-28,21.14,21.31,21.09,21.16,2841000,20.63
2012-08-27,21.24,21.33,21.01,21.20,2741700,20.67
2012-08-24,21.18,21.25,21.03,21.18,3077800,20.65
2012-08-23,21.50,21.52,20.99,21.21,4758300,20.68
2012-08-22,21.75,21.90,21.42,21.48,5016400,20.95
2012-08-21,22.26,22.92,21.69,21.85,7496800,21.31
2012-08-20,21.55,22.29,21.39,22.26,6723400,21.71
2012-08-17,21.00,21.82,20.90,21.54,5669800,21.00
2012-08-16,20.96,21.09,20.82,20.99,3184900,20.47
2012-08-15,20.85,20.96,20.63,20.87,2453600,20.35
2012-08-14,20.71,20.91,20.54,20.91,2643200,20.39
2012-08-13,20.83,20.88,20.50,20.67,2003600,20.16
2012-08-10,20.82,20.89,20.47,20.86,3442000,20.34
2012-08-09,20.17,21.06,20.15,20.88,8100400,20.36
2012-08-08,19.81,20.30,19.67,20.24,5796100,19.74
2012-08-07,19.61,19.99,19.51,19.54,4155700,19.05
2012-08-06,19.50,19.74,19.39,19.59,2366800,19.10
2012-08-03,19.38,19.60,19.18,19.41,3618900,18.93
2012-08-02,19.55,19.69,18.83,19.09,6949600,18.62
2012-08-01,19.83,20.01,19.62,19.75,4216000,19.26
2012-07-31,19.81,19.96,19.71,19.82,4179600,19.33
2012-07-30,19.70,19.89,19.64,19.89,3877000,19.40
2012-07-27,19.67,19.87,19.42,19.78,4791400,19.20
2012-07-26,19.26,19.68,18.98,19.60,5721200,19.03
2012-07-25,18.85,19.16,18.76,19.02,5615100,18.46
2012-07-24,19.49,19.49,18.56,18.75,11366900,18.20
2012-07-23,20.00,20.12,19.22,19.52,22075200,18.95
2012-07-20,17.97,18.35,17.92,18.05,2248600,17.52
2012-07-19,17.92,18.14,17.75,18.10,3568900,17.57
2012-07-18,17.47,17.98,17.40,17.93,2899600,17.41
2012-07-17,17.55,17.69,17.42,17.49,2890900,16.98
2012-07-16,17.65,17.65,17.30,17.46,2361800,16.95
2012-07-13,17.31,17.70,17.27,17.60,2380700,17.08
2012-07-12,16.98,17.31,16.89,17.23,2516900,16.73
2012-07-11,16.81,17.17,16.77,17.10,2358000,16.60
2012-07-10,17.10,17.10,16.66,16.83,2200100,16.34
2012-07-09,17.08,17.21,16.85,16.95,2382700,16.45
2012-07-06,17.09,17.53,16.93,17.14,3192200,16.64
2012-07-05,17.56,17.63,17.26,17.31,2858200,16.80
2012-07-03,17.29,17.70,17.27,17.67,2141100,17.15
2012-07-02,17.44,17.48,17.16,17.26,2792300,16.75
2012-06-29,17.16,17.49,17.01,17.36,5424900,16.85
2012-06-28,16.41,16.86,16.30,16.83,4828900,16.34
2012-06-27,15.71,16.63,15.66,16.55,4243600,16.07
2012-06-26,15.51,15.70,15.33,15.61,3272200,15.15
2012-06-25,15.49,15.62,15.26,15.50,2635700,15.05
2012-06-22,15.36,15.73,15.18,15.61,3489600,15.15
2012-06-21,15.85,15.89,15.22,15.26,3020500,14.81
2012-06-20,15.87,15.98,15.70,15.81,4410700,15.35
2012-06-19,15.26,15.87,15.26,15.84,3586000,15.38
2012-06-18,14.91,15.22,14.86,15.21,3473500,14.76
2012-06-15,15.15,15.15,14.69,15.02,4136900,14.58
2012-06-14,15.07,15.25,14.83,15.09,5443900,14.65
2012-06-13,15.26,15.26,14.94,15.03,3944400,14.59
2012-06-12,15.27,15.33,14.94,15.30,4145000,14.85
2012-06-11,16.10,16.28,15.24,15.24,4430600,14.79
2012-06-08,15.78,16.01,15.65,15.93,3157000,15.46
2012-06-07,16.21,16.30,15.74,15.82,2602200,15.36
2012-06-06,15.61,16.09,15.56,16.07,3415600,15.60
2012-06-05,15.06,15.60,15.06,15.49,2397100,15.04
2012-06-04,14.89,15.15,14.65,15.14,3730400,14.70
2012-06-01,15.08,15.12,14.82,14.84,2770000,14.41
2012-05-31,15.37,15.47,15.04,15.32,2633500,14.87
2012-05-30,15.57,15.64,15.21,15.32,2153100,14.87
2012-05-29,15.75,15.87,15.60,15.72,1492100,15.26
2012-05-25,15.73,15.90,15.59,15.64,1999800,15.18
2012-05-24,15.72,15.83,15.54,15.69,2194500,15.23
2012-05-23,15.71,15.83,15.27,15.67,3521300,15.21
2012-05-22,15.74,16.00,15.67,15.84,3116800,15.38
2012-05-21,15.49,15.79,15.36,15.76,2699200,15.30
2012-05-18,15.66,15.76,15.32,15.44,3055300,14.99
2012-05-17,15.78,15.98,15.50,15.62,4130300,15.16
2012-05-16,15.77,16.05,15.77,15.77,3610200,15.31
2012-05-15,16.01,16.15,15.62,15.72,2952400,15.26
2012-05-14,16.12,16.29,16.01,16.07,3952100,15.60
2012-05-11,16.05,16.46,16.00,16.29,4138900,15.81
2012-05-10,15.69,16.28,15.66,16.13,6104900,15.66
2012-05-09,15.00,15.56,14.81,15.42,4319900,14.97
2012-05-08,15.38,15.42,14.95,15.16,4925000,14.72
2012-05-07,15.46,15.73,15.33,15.49,3961400,15.04
2012-05-04,16.14,16.16,15.16,15.47,8025800,15.02
2012-05-03,16.03,16.49,15.60,16.21,5639800,15.74
2012-05-02,16.92,16.92,16.55,16.61,3449800,16.12
2012-05-01,16.93,17.06,16.83,16.97,3911100,16.47
2012-04-30,16.55,17.03,16.50,17.00,3010900,16.50
2012-04-27,16.71,16.88,16.40,16.63,3034200,16.14
2012-04-26,16.36,16.72,16.25,16.69,4725100,16.20
2012-04-25,16.04,16.47,15.92,16.36,5003300,15.88
2012-04-24,15.35,16.04,15.34,15.90,4625500,15.43
2012-04-23,15.24,15.44,15.17,15.35,2905900,14.90
2012-04-20,15.10,15.44,15.06,15.39,3564700,14.94
2012-04-19,14.92,15.10,14.75,15.06,4052100,14.62
2012-04-18,15.01,15.17,14.85,14.97,5188900,14.53
2012-04-17,14.75,15.25,14.60,15.03,5352300,14.59
2012-04-16,14.66,14.76,14.29,14.34,4113300,13.92
2012-04-13,14.67,14.84,14.49,14.58,3227800,14.15
2012-04-12,14.64,14.87,14.54,14.74,4237100,14.31
2012-04-11,14.79,14.87,14.59,14.65,3656300,14.22
2012-04-10,14.84,14.94,14.54,14.62,2727400,14.19
2012-04-09,15.00,15.06,14.80,14.86,2585000,14.42
2012-04-05,15.48,15.55,15.09,15.18,2183400,14.74
2012-04-04,15.58,15.78,15.46,15.55,3978700,15.09
2012-04-03,15.56,15.66,15.25,15.50,2765100,15.05
2012-04-02,15.66,15.69,15.43,15.60,2452100,15.14
2012-03-30,15.85,15.85,15.63,15.67,3221300,15.21
2012-03-29,16.04,16.08,15.53,15.74,4795400,15.28
2012-03-28,16.51,16.56,16.06,16.11,2041800,15.64
2012-03-27,16.63,16.71,16.33,16.50,2188800,16.02
2012-03-26,16.87,16.96,16.34,16.58,2787700,16.09
2012-03-23,16.61,16.89,16.55,16.71,2260300,16.22
2012-03-22,16.79,16.82,16.46,16.65,3020900,16.16
2012-03-21,16.51,16.99,16.42,16.92,5313000,16.42
2012-03-20,16.37,16.52,16.15,16.48,4235500,16.00
2012-03-19,16.73,16.78,16.39,16.41,2294200,15.93
2012-03-16,16.33,16.77,16.30,16.77,4881300,16.28
2012-03-15,16.59,16.63,16.27,16.41,2500800,15.93
2012-03-14,16.73,16.90,16.54,16.60,2963200,16.11
2012-03-13,16.53,16.73,16.45,16.72,3433300,16.23
2012-03-12,16.74,16.83,16.42,16.48,2105100,16.00
2012-03-09,16.81,16.87,16.64,16.73,2364300,16.24
2012-03-08,16.77,16.86,16.60,16.69,2428000,16.20
2012-03-07,16.76,16.78,16.55,16.62,3211000,16.13
2012-03-06,17.00,17.15,16.67,16.72,2438600,16.23
2012-03-05,17.26,17.31,17.01,17.19,2778400,16.69
2012-03-02,17.27,17.50,17.20,17.29,6891000,16.78
2012-03-01,17.21,17.40,17.10,17.20,4323400,16.70
2012-02-29,17.47,17.47,16.77,17.10,7202200,16.60
2012-02-28,17.49,17.66,17.00,17.55,4885800,17.04
2012-02-27,17.78,17.79,17.55,17.60,1984100,17.08
2012-02-24,17.75,17.99,17.66,17.85,1387200,17.33
2012-02-23,17.54,17.76,17.40,17.74,1372900,17.22
2012-02-22,17.80,17.82,17.49,17.55,1408200,17.04
2012-02-21,17.61,17.88,17.50,17.77,2258300,17.25
2012-02-17,17.44,17.55,17.31,17.50,3604100,16.99
2012-02-16,16.99,17.40,16.73,17.34,2435700,16.83
2012-02-15,17.06,17.20,16.91,16.93,1993200,16.43
2012-02-14,16.97,17.10,16.66,17.05,2171000,16.55
2012-02-13,17.46,17.67,17.00,17.08,1937700,16.58
2012-02-10,16.95,17.34,16.70,17.32,2161500,16.81
2012-02-09,17.11,17.18,16.84,17.08,1424300,16.58
2012-02-08,17.10,17.23,16.98,17.12,2165000,16.62
2012-02-07,16.95,17.16,16.72,17.12,2316000,16.62
2012-02-06,17.18,17.20,16.85,16.95,1408500,16.45
2012-02-03,16.99,17.30,16.87,17.26,1697200,16.75
2012-02-02,16.83,16.92,16.59,16.86,2402700,16.37
2012-02-01,16.91,16.99,16.70,16.81,2037800,16.32
2012-01-31,16.92,17.10,16.75,16.88,4984400,16.39
2012-01-30,16.58,16.88,16.48,16.80,4476500,16.31
2012-01-27,16.99,17.00,16.58,16.68,2928300,16.19
2012-01-26,17.37,17.40,16.92,17.08,2389800,16.58
2012-01-25,16.44,17.39,16.40,17.33,4008100,16.82
2012-01-24,16.52,16.61,16.24,16.50,4459800,16.02
2012-01-23,16.22,17.20,16.22,16.63,6858100,16.14
2012-01-20,16.46,16.51,16.06,16.15,5103500,15.68
2012-01-19,17.26,17.29,16.32,16.42,3997200,15.94
2012-01-18,17.31,17.42,17.12,17.24,3143400,16.74
2012-01-17,17.90,17.94,17.19,17.24,2959600,16.74
2012-01-13,17.44,17.77,17.41,17.69,2699600,17.17
2012-01-12,17.70,17.84,17.41,17.63,2176500,17.11
2012-01-11,17.56,17.60,17.31,17.59,2332700,17.08
2012-01-10,17.78,18.00,17.57,17.63,2459500,17.11
2012-01-09,17.68,17.70,17.41,17.54,2229700,17.03
2012-01-06,18.01,18.13,17.67,17.69,1338000,17.17
2012-01-05,17.96,18.11,17.73,18.05,2152900,17.52
2012-01-04,17.91,18.03,17.84,17.98,1847000,17.45
2012-01-03,18.44,18.46,17.89,17.97,2276800,17.44
2011-12-30,18.29,18.32,18.03,18.12,1598800,17.59
2011-12-29,18.28,18.29,18.07,18.25,1861600,17.72
2011-12-28,18.59,18.59,18.16,18.17,1352300,17.64
2011-12-27,18.48,18.72,18.48,18.58,1464500,18.04
2011-12-23,18.71,18.76,18.47,18.57,1265000,18.03
2011-12-22,18.59,18.75,18.43,18.66,2176600,18.11
2011-12-21,18.63,18.75,18.32,18.64,2834200,18.09
2011-12-20,17.88,18.68,17.86,18.62,3500900,18.07
2011-12-19,18.23,18.40,17.47,17.57,3025600,17.06
2011-12-16,18.31,18.52,18.02,18.31,4341200,17.77
2011-12-15,18.28,18.44,18.18,18.21,2050500,17.68
2011-12-14,18.27,18.39,17.97,18.00,2350300,17.47
2011-12-13,18.37,18.87,18.33,18.39,3283200,17.85
2011-12-12,18.75,18.79,18.16,18.29,2997300,17.75
2011-12-09,18.64,18.98,18.64,18.93,3103000,18.38
2011-12-08,19.12,19.33,18.57,18.61,3208000,18.07
2011-12-07,19.22,19.69,19.14,19.53,2900900,18.96
2011-12-06,19.38,19.47,19.34,19.37,2945000,18.80
2011-12-05,19.61,19.71,19.32,19.38,2841300,18.81
2011-12-02,19.82,19.82,19.33,19.37,2961200,18.80
2011-12-01,19.69,19.85,19.60,19.67,2719500,19.09
2011-11-30,19.50,19.70,19.28,19.68,3915300,19.10
2011-11-29,19.14,19.17,18.86,19.01,2216900,18.45
2011-11-28,19.21,19.46,18.79,19.01,2168400,18.45
2011-11-25,18.81,19.01,18.71,18.71,1996800,18.16
2011-11-23,19.67,19.69,18.76,18.77,3887700,18.22
2011-11-22,20.18,20.18,19.78,19.86,1714000,19.28
2011-11-21,20.29,20.34,19.95,20.16,3165400,19.57
2011-11-18,20.86,21.01,20.52,20.52,3235400,19.92
2011-11-17,20.85,21.06,20.48,20.74,2452500,20.13
2011-11-16,21.19,21.28,20.82,20.87,2783000,20.26
2011-11-15,21.53,21.64,21.36,21.36,2017000,20.73
2011-11-14,21.93,22.04,21.52,21.59,1690900,20.96
2011-11-11,21.98,22.07,21.77,21.91,1573500,21.27
2011-11-10,22.03,22.13,21.46,21.64,2535800,21.01
2011-11-09,21.91,22.04,21.56,21.62,2704100,20.99
2011-11-08,22.06,22.61,21.94,22.57,2384100,21.91
2011-11-07,21.45,22.10,21.36,21.96,3328500,21.32
2011-11-04,21.50,21.65,21.31,21.52,3326000,20.89
2011-11-03,21.09,22.46,20.71,21.69,3774400,21.06
2011-11-02,20.77,21.11,20.75,21.00,2356700,20.39
2011-11-01,20.76,21.02,20.42,20.51,2520500,19.91
2011-10-31,21.43,21.66,21.18,21.42,1975800,20.79
2011-10-28,21.89,21.92,21.57,21.71,2878800,21.07
2011-10-27,21.30,22.16,21.26,21.92,3638700,21.28
2011-10-26,21.20,21.27,20.59,20.81,2337000,20.20
2011-10-25,21.40,21.40,20.88,20.92,1699000,20.31
2011-10-24,21.42,21.67,21.21,21.48,2257700,20.85
2011-10-21,21.16,21.63,21.08,21.43,2043800,20.80
2011-10-20,20.89,20.99,20.45,20.92,2390500,20.31
2011-10-19,21.01,21.41,20.79,20.89,2788900,20.28
2011-10-18,20.58,21.11,20.34,21.03,2876400,20.41
2011-10-17,21.03,21.16,20.47,20.52,2066400,19.92
2011-10-14,21.17,21.25,20.97,21.14,1505100,20.52
2011-10-13,20.84,20.95,20.47,20.91,2477900,20.30
2011-10-12,21.00,21.23,20.69,20.99,4147200,20.38
2011-10-11,20.67,21.04,20.58,20.78,2575700,20.17
2011-10-10,20.73,20.92,20.64,20.89,1863600,20.28
2011-10-07,20.92,20.92,20.15,20.40,3148500,19.80
2011-10-06,20.38,21.11,20.19,20.83,3024300,20.22
2011-10-05,19.58,20.55,19.43,20.51,5305700,19.91
2011-10-04,19.52,19.61,18.65,19.57,5400000,19.00
2011-10-03,21.00,21.14,19.90,19.93,3661600,19.35
2011-09-30,21.37,21.61,21.09,21.21,2856800,20.59
2011-09-29,21.59,21.78,21.32,21.64,2843900,21.01
2011-09-28,21.81,21.97,21.19,21.23,3859200,20.61
2011-09-27,22.38,22.42,21.62,21.70,3685200,21.06
2011-09-26,21.91,22.12,21.43,21.92,2450300,21.28
2011-09-23,21.53,22.30,21.51,21.76,3628200,21.12
2011-09-22,21.77,21.88,21.43,21.70,4878600,21.06
2011-09-21,23.00,23.10,22.34,22.37,4712800,21.72
2011-09-20,23.12,23.62,22.67,23.00,2778100,22.33
2011-09-19,23.00,23.08,22.74,22.97,3018300,22.30
2011-09-16,23.87,24.12,23.37,23.44,4309600,22.75
2011-09-15,23.35,23.88,23.25,23.79,2736900,23.09
2011-09-14,23.21,23.49,22.75,23.19,2993100,22.51
2011-09-13,23.10,23.21,22.72,23.18,2071200,22.50
2011-09-12,22.52,22.96,22.41,22.94,1972800,22.27
2011-09-09,23.31,23.45,22.63,22.71,3181100,22.05
2011-09-08,23.50,24.06,23.41,23.54,2227800,22.85
2011-09-07,23.17,23.62,23.11,23.55,2343200,22.86
2011-09-06,22.50,22.81,22.28,22.80,2636200,22.13
2011-09-02,23.09,23.33,22.84,23.16,1933100,22.48
2011-09-01,23.39,23.84,23.39,23.55,2758800,22.86
2011-08-31,22.84,23.56,22.72,23.44,3389200,22.75
2011-08-30,22.56,22.78,22.34,22.61,2176700,21.95
2011-08-29,22.09,22.69,22.09,22.64,2168500,21.98
2011-08-26,21.50,22.06,21.08,21.91,2375400,21.27
2011-08-25,22.39,22.47,21.53,21.59,2488100,20.96
2011-08-24,21.65,22.34,21.63,22.31,2316100,21.66
2011-08-23,21.63,21.81,21.30,21.72,4035300,21.08
2011-08-22,21.83,21.93,21.00,21.19,2972500,20.57
2011-08-19,21.47,21.96,21.34,21.38,2987900,20.75
2011-08-18,21.78,21.86,21.08,21.79,4254800,21.15
2011-08-17,22.62,23.04,22.13,22.26,2586200,21.61
2011-08-16,22.54,22.80,22.23,22.44,4190900,21.78
2011-08-15,22.43,22.97,22.33,22.87,3288400,22.20
2011-08-12,22.67,23.01,22.17,22.27,2872300,21.62
2011-08-11,21.07,22.74,21.02,22.45,4260200,21.79
2011-08-10,20.93,21.50,20.38,21.02,5836600,20.40
2011-08-09,20.64,21.54,19.98,21.48,6607000,20.85
2011-08-08,21.65,22.53,20.31,20.35,7984500,19.75
2011-08-05,22.48,23.03,21.29,22.16,7367400,21.51
2011-08-04,23.60,24.35,22.14,22.16,5822900,21.51
2011-08-03,23.69,23.78,23.15,23.66,4389100,22.97
2011-08-02,24.28,24.47,23.67,23.69,3090500,23.00
2011-08-01,24.76,24.81,24.23,24.44,1866200,23.72
2011-07-29,24.62,24.85,24.44,24.52,1942300,23.80
2011-07-28,25.11,25.22,24.83,24.85,1876200,24.12
2011-07-27,25.08,25.17,24.84,25.12,3584700,24.38
2011-07-26,25.33,25.33,25.11,25.17,2027000,24.43
2011-07-25,24.89,25.66,24.89,25.41,2718700,24.67
2011-07-22,25.01,25.02,24.68,24.75,1715800,24.03
2011-07-21,24.75,24.97,24.51,24.95,1939100,24.22
2011-07-20,24.80,24.99,24.52,24.57,1681400,23.85
2011-07-19,24.37,24.80,24.34,24.79,2164000,24.06
2011-07-18,24.17,24.29,24.06,24.19,2490300,23.48
2011-07-15,24.19,24.46,24.04,24.30,3011200,23.59
2011-07-14,23.99,24.60,23.95,24.09,3327400,23.38
2011-07-13,23.84,24.42,23.75,23.99,3565700,23.29
2011-07-12,23.36,23.91,23.26,23.71,3002800,23.02
2011-07-11,23.90,23.93,23.31,23.39,2407100,22.71
2011-07-08,24.01,24.23,23.86,24.20,2866600,23.49
2011-07-07,24.23,24.27,23.87,24.23,3481100,23.52
2011-07-06,24.15,24.17,23.93,24.01,2020500,23.31
2011-07-05,24.81,24.81,24.22,24.22,2703800,23.51
2011-07-01,24.50,24.89,24.36,24.80,1965800,24.07
2011-06-30,24.38,24.64,24.25,24.58,2285500,23.86
2011-06-29,24.16,24.34,24.00,24.29,3150400,23.58
2011-06-28,23.51,24.04,23.44,23.91,3791000,23.21
2011-06-27,22.80,23.08,22.80,23.06,2125700,22.38
2011-06-24,23.22,23.43,22.77,22.80,2707900,22.13
2011-06-23,23.11,23.26,22.87,23.23,2752800,22.55
2011-06-22,23.55,23.78,23.38,23.40,2080000,22.71
2011-06-21,23.65,23.89,23.62,23.72,2494800,23.03
2011-06-20,23.20,23.65,23.20,23.49,2567800,22.80
2011-06-17,23.16,23.58,23.05,23.31,5025400,22.63
2011-06-16,23.12,23.33,22.74,22.97,3670700,22.30
2011-06-15,23.62,23.77,22.96,23.06,3704900,22.38
2011-06-14,23.80,23.93,23.53,23.74,2053800,23.05
2011-06-13,23.80,23.83,23.50,23.63,2288900,22.94
2011-06-10,24.09,24.16,23.74,23.79,2158500,23.09
2011-06-09,24.13,24.31,24.01,24.10,1890800,23.39
2011-06-08,23.93,24.26,23.85,24.14,2040800,23.43
2011-06-07,23.90,24.30,23.86,23.90,2143600,23.20
2011-06-06,23.90,24.32,23.79,23.80,3142500,23.10
2011-06-03,23.75,24.10,23.60,23.89,2281000,23.19
2011-06-02,24.41,24.41,23.99,24.03,2700500,23.33
2011-06-01,24.72,24.85,24.31,24.31,3049000,23.60
2011-05-31,24.86,24.96,24.54,24.76,3090700,24.04
2011-05-27,24.74,24.84,24.57,24.59,1501500,23.87
2011-05-26,24.66,24.77,24.48,24.71,2026300,23.99
2011-05-25,24.52,24.84,24.37,24.70,2030400,23.98
2011-05-24,24.77,24.98,24.55,24.59,3448300,23.87
2011-05-23,25.00,25.11,24.60,24.70,2959600,23.98
2011-05-20,24.88,25.54,24.75,25.27,2976500,24.53
2011-05-19,24.78,24.94,24.71,24.92,2675300,24.19
2011-05-18,24.65,24.85,24.57,24.78,1572800,24.05
2011-05-17,24.65,24.93,24.53,24.64,1748200,23.92
2011-05-16,24.52,24.89,24.43,24.69,1996100,23.97
2011-05-13,24.74,24.84,24.35,24.52,1534300,23.80
2011-05-12,24.85,24.87,24.57,24.77,1946100,24.04
2011-05-11,24.93,25.05,24.78,24.87,3137300,24.14
2011-05-10,24.49,25.14,24.46,24.95,3840700,24.22
2011-05-09,24.04,24.42,23.94,24.37,2280900,23.66
2011-05-06,23.98,24.37,23.93,24.09,2371700,23.38
2011-05-05,23.48,24.21,23.45,23.72,3677700,23.03
2011-05-04,23.85,24.18,23.61,23.81,3078800,23.11
2011-05-03,24.10,24.31,23.72,23.83,2958300,23.13
2011-05-02,24.28,24.30,23.94,24.12,2199500,23.41
2011-04-29,23.88,24.24,23.70,24.20,2129700,23.49
2011-04-28,23.82,23.94,23.52,23.93,2754100,23.23
2011-04-27,23.39,23.93,23.27,23.90,4015800,23.20
2011-04-26,22.70,23.41,22.67,23.33,5400000,22.65
2011-04-25,22.80,22.81,22.40,22.58,2346900,21.92
2011-04-21,22.51,22.86,22.40,22.86,1943400,22.19
2011-04-20,22.15,22.58,22.03,22.46,4266800,21.80
2011-04-19,21.46,22.08,21.37,21.88,2751700,21.24
2011-04-18,21.46,21.62,21.09,21.49,2507200,20.86
2011-04-15,21.40,21.73,21.36,21.66,2683500,21.03
2011-04-14,21.18,21.50,21.14,21.34,1871300,20.72
2011-04-13,21.33,21.66,21.30,21.31,2434100,20.69
2011-04-12,21.45,21.46,21.25,21.34,3578200,20.72
2011-04-11,21.50,21.58,21.33,21.47,2738300,20.84
2011-04-08,21.89,21.96,21.40,21.52,2321700,20.89
2011-04-07,21.32,21.87,21.31,21.80,2750100,21.16
2011-04-06,21.25,21.47,21.21,21.32,2034100,20.70
2011-04-05,21.33,21.38,21.05,21.12,2223900,20.50
2011-04-04,21.65,21.70,21.21,21.38,1655800,20.75
2011-04-01,21.69,21.80,21.39,21.65,1762800,21.02
2011-03-31,21.82,21.82,21.49,21.54,2161500,20.91
2011-03-30,21.71,21.95,21.38,21.84,3228100,21.20
2011-03-29,21.30,21.67,21.18,21.60,2052000,20.97
2011-03-28,21.32,21.44,21.23,21.28,2002900,20.66
2011-03-25,21.14,21.50,21.10,21.33,2377100,20.71
2011-03-24,21.13,21.21,20.82,21.14,1991200,20.52
2011-03-23,21.00,21.19,20.78,21.08,2320700,20.46
2011-03-22,20.95,21.15,20.70,21.10,3931000,20.48
2011-03-21,20.90,21.00,20.80,20.86,2332700,20.25
2011-03-18,20.68,20.77,20.44,20.72,3700700,20.11
2011-03-17,20.52,20.66,20.26,20.50,3347300,19.90
2011-03-16,20.06,20.73,19.98,20.21,8145100,19.62
2011-03-15,19.71,20.26,19.69,20.13,4605100,19.54
2011-03-14,19.32,20.54,19.32,20.17,7252600,19.58
2011-03-11,19.22,19.89,19.19,19.79,2566200,19.21
2011-03-10,19.55,19.63,19.27,19.29,2428100,18.73
2011-03-09,19.53,19.82,19.45,19.78,1836700,19.20
2011-03-08,19.16,19.64,19.09,19.55,2130500,18.98
2011-03-07,19.38,19.63,19.13,19.22,2035100,18.66
2011-03-04,19.46,19.60,19.20,19.38,2526600,18.81
2011-03-03,19.53,19.76,19.30,19.43,2130000,18.86
2011-03-02,19.53,19.64,19.31,19.36,2571200,18.79
2011-03-01,20.02,20.19,19.50,19.52,2273600,18.95
2011-02-28,19.63,20.05,19.55,19.99,3864700,19.40
2011-02-25,19.38,19.70,19.37,19.55,2309000,18.98
2011-02-24,19.84,19.87,19.22,19.30,4950200,18.73
2011-02-23,20.00,20.26,19.75,19.80,3785400,19.22
2011-02-22,20.53,20.70,19.90,19.97,5522500,19.39
2011-02-18,20.84,21.06,20.77,20.89,2485100,20.28
2011-02-17,20.72,20.92,20.66,20.84,1763000,20.23
2011-02-16,20.91,21.06,20.63,20.76,1366000,20.15
2011-02-15,20.65,20.92,20.58,20.88,1985100,20.27
2011-02-14,20.85,20.91,20.56,20.63,2112200,20.03
2011-02-11,20.76,21.04,20.61,20.90,2306400,20.29
2011-02-10,20.59,20.88,20.59,20.86,1686700,20.25
2011-02-09,20.77,20.85,20.55,20.68,1911700,20.07
2011-02-08,21.12,21.12,20.65,20.74,2151500,20.13
2011-02-07,20.65,21.26,20.59,21.17,1828700,20.55
2011-02-04,21.25,21.25,20.63,20.73,1966600,20.12
2011-02-03,20.80,21.36,20.67,21.28,2487000,20.66
2011-02-02,20.86,21.15,20.74,20.76,2541100,20.15
2011-02-01,20.86,21.16,20.82,20.89,2736300,20.28
2011-01-31,21.08,21.20,20.64,20.75,3428500,20.14
2011-01-28,21.57,21.70,20.91,20.99,4421300,20.38
2011-01-27,20.98,21.63,20.98,21.53,4466800,20.90
2011-01-26,20.90,21.44,20.87,21.07,3976900,20.45
2011-01-25,20.68,21.01,20.63,20.85,3134000,20.24
2011-01-24,20.65,20.73,20.38,20.71,2717200,20.10
2011-01-21,20.64,20.77,20.51,20.61,3350200,20.01
2011-01-20,20.06,20.57,20.05,20.46,3615000,19.86
2011-01-19,20.22,20.22,19.84,20.05,2847900,19.46
2011-01-18,20.21,20.27,20.11,20.20,1358100,19.61
2011-01-14,20.24,20.27,20.13,20.24,2143900,19.65
2011-01-13,20.15,20.31,20.09,20.23,2640700,19.64
2011-01-12,20.32,20.33,20.04,20.12,3210900,19.53
2011-01-11,19.80,20.30,19.78,20.18,3707200,19.59
2011-01-10,20.49,20.55,19.56,19.77,4278800,19.19
2011-01-07,19.53,19.64,19.37,19.63,3203900,19.06
2011-01-06,19.64,19.64,19.41,19.52,2216100,18.95
2011-01-05,19.73,19.78,19.57,19.64,2526500,19.07
2011-01-04,19.85,19.89,19.64,19.84,1908600,19.26
2011-01-03,19.72,20.01,19.57,19.83,2327200,19.25
2010-12-31,19.49,19.64,19.27,19.54,1976400,18.97
2010-12-30,19.53,19.71,19.45,19.55,1644500,18.98
2010-12-29,19.23,19.62,19.13,19.56,2369200,18.99
2010-12-28,19.17,19.29,19.04,19.23,1122600,18.67
2010-12-27,19.10,19.21,19.00,19.17,1030800,18.61
2010-12-23,19.10,19.23,18.93,19.19,1934600,18.63
2010-12-22,18.69,19.15,18.66,19.10,2125100,18.54
2010-12-21,18.77,18.79,18.61,18.69,2913900,18.14
2010-12-20,18.72,18.82,18.53,18.70,1987300,18.15
2010-12-17,18.33,18.71,18.22,18.67,3597900,18.12
2010-12-16,18.49,18.58,18.30,18.31,3028500,17.77
2010-12-15,18.65,18.79,18.50,18.51,1942000,17.97
2010-12-14,18.72,18.84,18.63,18.68,2397700,18.13
2010-12-13,18.91,19.19,18.70,18.74,3460800,18.19
2010-12-10,18.91,18.93,18.63,18.70,3143700,18.15
2010-12-09,18.65,18.90,18.55,18.75,2738700,18.20
2010-12-08,18.92,18.98,18.57,18.61,4500800,18.07
2010-12-07,19.20,19.23,18.85,18.85,4748800,18.30
2010-12-06,19.08,19.15,19.00,19.09,3592900,18.53
2010-12-03,19.12,19.22,19.02,19.15,3282200,18.59
2010-12-02,19.17,19.32,19.09,19.19,3420300,18.63
2010-12-01,19.60,19.70,19.15,19.16,3920200,18.60
2010-11-30,19.39,19.55,19.36,19.38,7045200,18.81
2010-11-29,19.52,19.58,19.38,19.55,2345000,18.98
2010-11-26,19.61,19.67,19.50,19.62,1162300,19.05
2010-11-24,19.46,19.78,19.43,19.76,2443100,19.18
2010-11-23,19.51,19.51,19.23,19.40,2847000,18.83
2010-11-22,19.30,19.61,19.21,19.58,2490200,19.01
2010-11-19,19.43,19.45,19.11,19.35,3671200,18.78
2010-11-18,19.61,19.65,19.40,19.52,3290000,18.95
2010-11-17,19.48,19.69,19.35,19.47,2382100,18.90
2010-11-16,19.64,19.64,19.20,19.44,4006800,18.87
2010-11-15,19.66,19.89,19.66,19.79,1110400,19.21
2010-11-12,20.07,20.07,19.54,19.61,2503300,19.04
2010-11-11,19.99,20.22,19.80,20.16,1822900,19.57
2010-11-10,20.17,20.20,19.73,20.07,1927400,19.48
2010-11-09,20.20,20.41,20.07,20.21,2274400,19.62
2010-11-08,20.25,20.26,19.97,20.17,2182400,19.58
2010-11-05,19.97,20.35,19.80,20.10,4000800,19.51
2010-11-04,19.99,20.09,19.61,19.93,4077000,19.35
2010-11-03,19.97,20.14,19.74,20.04,1819900,19.45
2010-11-02,19.88,19.98,19.78,19.89,1740200,19.31
2010-11-01,20.00,20.03,19.63,19.74,1976400,19.16
2010-10-29,19.75,20.02,19.75,19.91,2429300,19.33
2010-10-28,20.01,20.18,19.73,19.79,2189500,19.21
2010-10-27,19.97,20.05,19.61,19.91,2505600,19.33
2010-10-26,20.10,20.31,19.90,20.14,2289700,19.55
2010-10-25,20.35,20.55,20.06,20.18,1238900,19.59
2010-10-22,20.36,20.44,20.03,20.24,1422300,19.65
2010-10-21,20.68,20.81,20.20,20.34,2221600,19.74
2010-10-20,20.54,20.76,20.45,20.55,1766200,19.95
2010-10-19,20.69,20.79,20.37,20.46,2700000,19.86
2010-10-18,20.88,21.02,20.79,20.86,2099800,20.25
2010-10-15,21.04,21.04,20.73,20.86,1489500,20.25
2010-10-14,21.15,21.22,20.85,20.90,1895500,20.29
2010-10-13,21.02,21.31,20.98,21.22,1870400,20.60
2010-10-12,21.07,21.09,20.95,20.98,4276000,20.37
2010-10-11,21.24,21.29,21.08,21.14,2208300,20.52
2010-10-08,21.51,21.51,21.25,21.31,1862100,20.69
2010-10-07,21.54,21.64,21.40,21.49,1661700,20.86
2010-10-06,21.20,21.48,21.20,21.45,2833100,20.82
2010-10-05,21.01,21.36,21.00,21.26,2806100,20.64
2010-10-04,21.01,21.15,20.68,20.80,2174500,20.19
2010-10-01,21.02,21.14,20.89,21.09,2774000,20.47
2010-09-30,20.85,21.09,20.76,20.82,2070100,20.21
2010-09-29,20.79,20.90,20.63,20.81,2071100,20.20
2010-09-28,20.84,21.01,20.65,20.89,3792400,20.28
2010-09-27,20.73,20.92,20.67,20.70,3249600,20.09
2010-09-24,20.88,20.97,20.68,20.75,3961600,20.14
2010-09-23,20.88,21.06,20.58,20.60,4492200,20.00
2010-09-22,21.01,21.26,20.86,21.01,2692000,20.39
2010-09-21,21.20,21.52,21.06,21.11,2586600,20.49
2010-09-20,21.09,21.28,21.05,21.26,3257000,20.64
2010-09-17,22.04,22.04,21.43,21.54,2027800,20.91
2010-09-16,21.56,21.68,21.49,21.57,1354600,20.94
2010-09-15,21.58,21.69,21.49,21.66,1212000,21.03
2010-09-14,21.80,21.83,21.34,21.65,1408400,21.02
2010-09-13,22.08,22.09,21.74,21.88,1785800,21.24
2010-09-10,21.87,22.01,21.67,21.84,1895800,21.20
2010-09-09,21.62,21.92,21.57,21.79,1852700,21.15
2010-09-08,21.31,21.56,21.28,21.37,1750700,20.74
2010-09-07,21.56,21.60,21.22,21.27,2143900,20.65
2010-09-03,21.83,21.85,21.28,21.65,2389000,21.02
2010-09-02,21.05,21.62,20.94,21.59,3140100,20.96
2010-09-01,20.61,21.10,20.47,21.04,3780700,20.42
2010-08-31,20.21,20.66,20.04,20.32,3616500,19.73
2010-08-30,20.61,20.91,20.32,20.32,2353400,19.73
2010-08-27,20.45,20.71,20.02,20.63,2527100,20.03
2010-08-26,20.63,20.69,20.16,20.26,2285700,19.67
2010-08-25,20.19,20.55,20.15,20.47,3375200,19.87
2010-08-24,20.51,20.62,20.26,20.32,3630900,19.73
2010-08-23,20.87,21.25,20.74,20.81,2735500,20.20
2010-08-20,21.14,21.23,20.59,20.73,3299100,20.12
2010-08-19,21.71,21.71,21.20,21.29,2128600,20.67
2010-08-18,21.87,21.98,21.61,21.79,3576400,21.15
2010-08-17,22.10,22.10,21.77,21.95,1955800,21.31
2010-08-16,21.76,22.22,21.49,21.92,3457700,21.28
2010-08-13,22.30,22.73,21.81,21.96,5426500,21.32
2010-08-12,22.25,22.72,22.19,22.41,2957600,21.75
2010-08-11,22.74,23.10,22.46,22.57,6830800,21.91
2010-08-10,22.79,23.38,22.55,23.09,2899600,22.41
2010-08-09,23.00,23.21,22.90,23.03,1704900,22.36
2010-08-06,23.09,23.26,22.56,22.99,2279900,22.32
2010-08-05,23.00,23.23,22.77,23.23,1538900,22.55
2010-08-04,23.32,23.41,22.76,23.19,2391300,22.51
2010-08-03,22.94,23.53,22.75,23.24,2993800,22.56
2010-08-02,23.81,23.81,22.95,23.00,4396000,22.33
2010-07-30,22.23,22.82,21.96,22.68,2927800,22.02
2010-07-29,23.27,23.28,22.21,22.42,2980900,21.76
2010-07-28,23.30,23.54,23.14,23.17,1281900,22.49
2010-07-27,23.40,23.50,23.19,23.44,2214700,22.75
2010-07-26,22.91,23.42,22.91,23.26,2278800,22.58
2010-07-23,22.45,22.96,22.19,22.89,3622900,22.22
2010-07-22,22.36,22.56,22.21,22.40,3248900,21.74
2010-07-21,22.53,22.66,21.89,22.04,2215600,21.39
2010-07-20,22.20,22.58,21.93,22.54,1904400,21.88
2010-07-19,22.30,22.60,22.01,22.46,1677900,21.80
2010-07-16,22.76,22.82,22.20,22.25,1577800,21.60
2010-07-15,22.74,22.95,22.49,22.87,1931900,22.20
2010-07-14,22.88,23.00,22.37,22.81,1273200,22.14
2010-07-13,23.20,23.33,22.57,22.90,2621500,22.23
2010-07-12,22.59,23.00,22.46,23.00,1780000,22.33
2010-07-09,22.36,22.63,22.19,22.63,1519500,21.97
2010-07-08,22.40,22.44,22.02,22.33,2763700,21.68
2010-07-07,21.43,22.17,21.39,22.11,3234600,21.46
2010-07-06,21.36,21.73,21.16,21.37,2929700,20.74
2010-07-02,21.29,21.51,21.00,21.00,2878100,20.39
2010-07-01,21.24,21.36,21.04,21.19,3249300,20.57
2010-06-30,21.15,21.79,21.06,21.21,4215400,20.59
2010-06-29,21.75,21.75,21.11,21.26,3362000,20.64
2010-06-28,21.79,22.11,21.63,21.99,2152000,21.35
2010-06-25,21.79,21.98,21.52,21.85,3231100,21.21
2010-06-24,22.11,22.58,21.72,21.78,1940200,21.14
2010-06-23,22.40,22.53,22.01,22.21,2362400,21.56
2010-06-22,23.41,23.47,22.27,22.40,4460300,21.74
2010-06-21,23.92,24.44,23.42,23.60,2503500,22.91
2010-06-18,23.24,23.76,23.24,23.64,3833100,22.95
2010-06-17,23.27,23.42,23.03,23.28,2168800,22.60
2010-06-16,23.32,23.72,23.17,23.34,3349800,22.66
2010-06-15,23.10,23.58,23.08,23.57,2760900,22.88
2010-06-14,23.17,23.51,22.89,22.92,2519800,22.25
2010-06-11,23.23,23.45,22.56,22.94,3091700,22.27
2010-06-10,23.30,23.62,23.05,23.42,3944500,22.73
2010-06-09,22.66,23.44,22.55,22.63,6032400,21.97
2010-06-08,22.60,22.67,22.03,22.53,3377500,21.87
2010-06-07,22.80,23.10,22.48,22.52,3004200,21.86
2010-06-04,23.00,23.09,22.46,22.51,5694000,21.85
2010-06-03,22.91,23.50,22.74,23.42,5539100,22.73
2010-06-02,22.22,22.83,22.15,22.81,2796300,22.14
2010-06-01,23.06,23.12,22.18,22.18,3578200,21.53
2010-05-28,23.04,23.63,23.03,23.35,2945600,22.67
2010-05-27,22.56,23.03,22.45,23.02,3385900,22.35
2010-05-26,21.90,22.52,21.67,22.11,5666300,21.46
2010-05-25,20.98,21.72,20.49,21.69,4464600,21.06
2010-05-24,21.61,22.06,21.50,21.60,2288500,20.97
2010-05-21,21.25,21.94,21.00,21.80,5556900,21.16
2010-05-20,21.94,21.94,21.46,21.51,5259800,20.88
2010-05-19,22.39,22.68,22.03,22.49,4047300,21.83
2010-05-18,22.62,23.15,22.37,22.60,4485900,21.94
2010-05-17,22.74,23.00,22.21,22.70,3261600,22.04
2010-05-14,23.22,23.25,22.40,22.71,4148800,22.05
2010-05-13,23.30,24.05,23.14,23.42,3741800,22.73
2010-05-12,21.99,23.40,21.99,23.38,4579700,22.70
2010-05-11,21.79,22.52,21.74,21.97,3958600,21.33
2010-05-10,23.63,23.91,21.85,22.07,9064300,21.42
2010-05-07,22.75,23.35,22.10,22.64,6342400,21.98
2010-05-06,23.59,23.59,21.80,22.76,7584900,22.09
2010-05-05,23.94,24.17,23.40,23.69,3849500,23.00
2010-05-04,24.83,25.00,24.12,24.27,4764000,23.56
2010-05-03,24.34,25.19,24.08,25.17,4493800,24.43
2010-04-30,23.86,24.74,23.80,24.17,4368600,23.46
2010-04-29,23.67,23.94,23.55,23.79,2839600,23.09
2010-04-28,23.64,23.67,23.25,23.56,3160700,22.87
2010-04-27,23.13,23.93,23.05,23.58,5623700,22.89
2010-04-26,22.96,23.44,22.87,23.32,3625700,22.64
2010-04-23,22.48,22.83,22.22,22.77,2549700,22.10
2010-04-22,22.17,22.45,21.93,22.41,3013600,21.75
2010-04-21,22.49,22.55,22.19,22.34,3873500,21.69
2010-04-20,22.19,22.57,22.05,22.52,3791200,21.86
2010-04-19,21.83,22.11,21.74,22.06,3068800,21.41
2010-04-16,22.62,22.69,21.83,21.85,4905000,21.21
2010-04-15,22.50,22.76,22.26,22.70,2654300,22.04
2010-04-14,22.53,22.54,22.30,22.49,2744100,21.83
2010-04-13,22.49,22.61,22.02,22.55,3212500,21.89
2010-04-12,21.95,22.63,21.95,22.41,4397600,21.75
2010-04-09,21.51,21.84,21.29,21.80,3709900,21.16
2010-04-08,21.37,21.76,21.17,21.66,3457600,21.03
2010-04-07,21.50,21.62,21.39,21.45,4468000,20.82
2010-04-06,21.62,21.74,21.40,21.64,3130600,21.01
2010-04-05,21.55,21.81,21.46,21.65,4275700,21.02
2010-04-01,21.08,21.60,21.06,21.46,3671500,20.83
2010-03-31,21.02,21.12,20.85,20.90,3365700,20.29
2010-03-30,20.70,21.17,20.58,21.09,4447200,20.47
2010-03-29,20.34,20.63,20.30,20.60,4323100,20.00
2010-03-26,20.28,20.58,20.20,20.25,4812200,19.66
2010-03-25,20.93,21.05,20.28,20.32,5807500,19.73
2010-03-24,21.34,21.57,21.03,21.17,5763500,20.55
2010-03-23,21.61,21.72,21.51,21.58,5733800,20.95
2010-03-22,21.98,22.03,21.59,21.62,3602500,20.99
2010-03-19,22.06,22.35,21.80,22.06,5196100,21.41
2010-03-18,22.59,22.60,21.96,22.02,5028000,21.38
2010-03-17,22.50,22.64,22.38,22.47,2610400,21.81
2010-03-16,22.31,22.52,22.13,22.50,2155700,21.84
2010-03-15,22.16,22.35,22.02,22.27,2323500,21.62
2010-03-12,22.73,22.88,22.07,22.19,5232100,21.54
2010-03-11,22.56,22.94,22.52,22.94,2830900,22.27
2010-03-10,22.70,22.83,22.56,22.64,2847600,21.98
2010-03-09,22.83,22.98,22.72,22.75,2425900,22.08
2010-03-08,22.80,23.03,22.70,22.90,1857500,22.23
2010-03-05,22.34,23.02,22.34,22.82,4665700,22.15
2010-03-04,22.41,22.43,22.00,22.30,5632700,21.65
2010-03-03,22.74,22.98,22.48,22.50,4167100,21.84
2010-03-02,22.66,22.97,22.64,22.67,5342400,22.01
2010-03-01,21.89,22.66,21.88,22.58,4454300,21.92
2010-02-26,22.11,22.24,21.60,21.84,5076400,21.20
2010-02-25,21.42,22.13,21.36,22.07,5194900,21.42
2010-02-24,22.33,22.50,21.57,21.86,5536400,21.22
2010-02-23,22.50,22.88,22.20,22.26,5158300,21.61
2010-02-22,23.42,23.52,23.05,23.07,3992000,22.39
2010-02-19,22.59,23.45,22.44,23.20,5192300,22.52
2010-02-18,22.41,22.65,22.28,22.57,4348400,21.91
2010-02-17,22.55,22.76,22.41,22.59,3466400,21.93
2010-02-16,22.13,22.49,22.10,22.49,2689900,21.83
2010-02-12,22.05,22.07,21.65,22.06,4044000,21.41
2010-02-11,21.95,22.28,21.68,22.22,4536200,21.57
2010-02-10,21.90,21.91,21.34,21.66,3560600,21.03
2010-02-09,21.86,22.27,21.74,21.89,4363100,21.25
2010-02-08,21.82,22.01,21.56,21.59,3785300,20.96
2010-02-05,22.09,22.13,21.38,21.71,5825600,21.07
2010-02-04,23.00,23.00,22.05,22.10,5576400,21.45
2010-02-03,23.42,23.55,23.05,23.11,3993600,22.43
2010-02-02,23.89,23.89,23.39,23.56,6373100,22.87
2010-02-01,24.15,24.23,23.56,23.90,6514500,23.20
2010-01-29,24.54,24.69,24.05,24.11,8070400,23.40
2010-01-28,25.11,25.25,24.51,24.72,52002800,24.00
2010-01-27,25.22,25.70,24.64,24.99,11804700,24.26
2010-01-26,24.93,25.04,24.73,24.92,3794800,24.19
2010-01-25,24.91,25.09,24.80,24.94,5075600,24.21
2010-01-22,25.15,25.54,24.59,24.73,16160300,24.01
2010-01-21,24.63,24.84,23.99,24.00,4069800,23.30
2010-01-20,25.04,25.05,24.50,24.67,3770000,23.95
2010-01-19,24.30,25.15,24.30,25.15,3141600,24.41
2010-01-15,24.62,25.13,24.31,24.40,4573900,23.69
2010-01-14,24.25,24.34,24.00,24.05,2016600,23.35
2010-01-13,24.13,24.35,24.09,24.30,2704100,23.59
2010-01-12,24.60,24.60,24.00,24.04,3446100,23.34
2010-01-11,24.69,25.00,24.69,24.73,2128700,24.01
2010-01-08,24.81,25.01,24.48,24.50,1694600,23.78
2010-01-07,24.79,25.24,24.73,24.91,3200800,24.18
2010-01-06,24.25,24.79,24.11,24.77,2719300,24.04
2010-01-05,23.96,24.28,23.81,24.24,3473400,23.53
2010-01-04,23.78,24.13,23.70,23.87,1683700,23.17
2009-12-31,23.90,24.00,23.61,23.61,1024900,22.92
2009-12-30,23.95,24.07,23.66,23.92,1433400,23.22
2009-12-29,24.29,24.34,23.94,23.94,2498000,23.24
2009-12-28,24.70,24.74,24.06,24.21,1583900,23.50
2009-12-24,24.64,24.75,24.33,24.64,689600,23.92
2009-12-23,24.90,24.99,24.36,24.40,2415400,23.69
2009-12-22,25.40,25.59,24.84,24.87,1621400,24.14
2009-12-21,25.69,25.80,25.40,25.43,1878300,24.69
2009-12-18,25.68,25.79,25.37,25.45,1507500,24.70
2009-12-17,25.56,25.89,25.23,25.52,2113800,24.77
2009-12-16,25.99,26.15,25.59,25.62,2328800,24.87
2009-12-15,25.45,25.85,25.35,25.85,2023600,25.09
2009-12-14,25.24,25.65,25.24,25.57,1814500,24.82
2009-12-11,24.87,25.11,24.75,25.04,4480300,24.31
2009-12-10,24.36,24.60,24.10,24.55,4156100,23.83
2009-12-09,24.23,24.78,24.03,24.18,5566400,23.47
2009-12-08,24.57,24.60,24.07,24.23,3754000,23.52
2009-12-07,24.38,25.03,24.38,24.62,3725400,23.90
2009-12-04,24.38,24.55,23.46,24.34,3952800,23.63
2009-12-03,24.69,24.78,24.11,24.11,2912800,23.40
2009-12-02,24.56,25.00,24.44,24.59,3482900,23.87
2009-12-01,24.08,24.56,24.04,24.48,2728700,23.76
2009-11-30,23.87,24.24,23.77,23.94,3619100,23.24
2009-11-27,23.53,24.15,23.31,23.91,1100300,23.21
2009-11-25,23.51,24.24,23.00,24.15,4527300,23.44
2009-11-24,23.91,24.10,23.58,23.86,2915600,23.16
2009-11-23,24.13,24.23,23.89,24.01,3299800,23.31
2009-11-20,23.18,23.97,23.15,23.81,3309500,23.11
2009-11-19,24.13,24.34,23.20,23.40,4463700,22.71
2009-11-18,24.36,24.51,24.02,24.35,3578500,23.64
2009-11-17,24.28,24.41,23.93,24.36,2417700,23.65
2009-11-16,24.10,24.49,24.00,24.29,2796700,23.58
2009-11-13,23.61,24.60,23.34,23.80,3725200,23.10
2009-11-12,24.57,24.88,23.41,23.41,5132100,22.72
2009-11-11,24.72,24.99,24.53,24.66,3483600,23.94
2009-11-10,24.29,24.95,24.29,24.65,3591000,23.93
2009-11-09,23.96,24.55,23.87,24.48,3757100,23.76
2009-11-06,23.59,24.14,23.45,23.76,5511200,23.06
2009-11-05,23.77,24.03,23.50,23.81,3864200,23.11
2009-11-04,23.36,24.10,23.36,23.59,3736000,22.90
2009-11-03,23.30,23.47,22.86,23.28,4211300,22.60
2009-11-02,23.26,23.86,22.82,23.31,4462800,22.63
2009-10-30,24.21,24.25,22.94,22.99,7119300,22.32
2009-10-29,25.06,25.25,23.41,24.14,6745400,23.43
2009-10-28,25.50,25.54,24.42,24.81,5523700,24.08
2009-10-27,26.25,26.29,25.19,25.60,3237400,24.85
2009-10-26,27.07,27.56,26.03,26.05,2008800,25.29
2009-10-23,27.30,27.40,26.64,26.90,2672000,26.11
2009-10-22,27.37,27.69,26.46,27.30,3389400,26.50
2009-10-21,27.77,28.02,27.21,27.50,4526300,26.69
2009-10-20,28.90,28.94,28.04,28.25,1213000,27.42
2009-10-19,28.88,29.18,28.41,28.89,987200,28.04
2009-10-16,28.74,29.10,28.50,28.76,1540500,27.92
2009-10-15,28.77,29.13,28.69,29.07,2847300,28.22
2009-10-14,28.38,29.13,28.38,29.01,2313200,28.16
2009-10-13,28.13,28.39,27.71,28.17,1257400,27.35
2009-10-12,27.76,28.42,27.66,28.37,2696200,27.54
2009-10-09,27.09,27.66,27.08,27.57,1920100,26.76
2009-10-08,26.83,27.20,26.42,27.15,2852900,26.36
2009-10-07,27.17,27.31,26.70,26.90,2460000,26.11
2009-10-06,27.71,27.72,27.05,27.32,2909200,26.52
2009-10-05,26.40,27.63,26.18,27.47,2724500,26.67
2009-10-02,26.80,26.80,25.38,26.21,3889100,25.44
2009-10-01,28.00,28.30,26.71,26.89,3091800,26.10
2009-09-30,28.77,28.77,27.68,28.19,2433700,27.36
2009-09-29,27.25,28.61,27.25,28.57,2910800,27.73
2009-09-28,27.00,27.44,26.81,27.15,1340600,26.36
2009-09-25,27.08,27.30,26.82,26.89,1204000,26.10
2009-09-24,27.73,27.84,26.85,26.98,1694000,26.19
2009-09-23,28.53,28.53,27.53,27.62,2401600,26.81
2009-09-22,28.25,28.97,28.17,28.40,1853900,27.57
2009-09-21,27.76,28.20,27.18,28.03,1797200,27.21
2009-09-18,28.53,28.60,27.81,27.90,2252800,27.08
2009-09-17,29.07,29.25,28.29,28.45,5080200,27.62
2009-09-16,28.27,29.14,28.16,29.13,3537900,28.28
2009-09-15,27.27,28.30,27.16,28.26,3527700,27.43
2009-09-14,26.52,27.41,26.51,27.29,2296700,26.49
2009-09-11,26.67,27.02,26.55,26.75,2312200,25.97
2009-09-10,26.67,26.87,26.36,26.48,2108300,25.70
2009-09-09,26.61,26.80,26.30,26.70,1735300,25.92
2009-09-08,26.84,27.13,26.45,26.50,2163600,25.72
2009-09-04,26.36,26.62,25.97,26.59,1853400,25.81
2009-09-03,26.09,26.20,25.81,26.20,2051800,25.43
2009-09-02,26.53,26.57,25.75,25.88,3905300,25.12
2009-09-01,26.90,27.53,26.51,26.65,2999900,25.87
2009-08-31,27.37,27.81,26.56,26.85,4641500,26.06
2009-08-28,27.80,27.85,27.10,27.76,2887100,26.95
2009-08-27,27.65,27.90,27.48,27.50,2784600,26.69
2009-08-26,27.93,28.10,27.45,27.75,2617800,26.94
2009-08-25,28.35,28.39,27.83,28.11,2316800,27.29
2009-08-24,28.08,28.50,27.99,28.08,1896700,27.26
2009-08-21,28.63,28.63,28.07,28.09,3128000,27.27
2009-08-20,28.23,28.44,28.12,28.29,3351300,27.46
2009-08-19,27.74,28.72,27.24,28.35,2826000,27.52
2009-08-18,27.83,27.88,27.33,27.85,2660700,27.03
2009-08-17,28.63,28.65,27.49,27.70,2961900,26.89
2009-08-14,28.70,29.00,28.02,28.95,3397000,28.10
2009-08-13,28.31,28.55,27.80,28.40,3505100,27.57
2009-08-12,28.52,28.69,27.94,27.99,2678000,27.17
2009-08-11,28.53,29.26,28.32,28.40,3694100,27.57
2009-08-10,27.62,28.90,27.62,28.84,3633800,28.00
2009-08-07,28.03,28.17,27.13,27.67,2608400,26.86
2009-08-06,27.80,28.43,27.61,27.85,2682700,27.03
2009-08-05,28.26,28.37,27.33,27.76,2897900,26.95
2009-08-04,28.81,28.81,28.03,28.39,2367400,27.56
2009-08-03,27.74,28.74,27.42,28.71,4043100,27.87
2009-07-31,27.62,27.62,26.75,27.21,2562800,26.41
2009-07-30,27.28,27.79,27.00,27.44,4330500,26.64
2009-07-29,26.31,26.48,25.89,26.48,2901000,25.70
2009-07-28,26.76,27.06,26.02,26.30,2269800,25.53
2009-07-27,26.75,27.30,26.75,27.13,4973000,26.34
2009-07-24,25.64,26.91,25.52,26.91,4592900,26.12
2009-07-23,24.60,25.84,24.43,25.83,6107800,25.07
2009-07-22,24.51,24.73,24.02,24.60,3178500,23.88
2009-07-21,23.96,25.11,22.30,24.82,12569200,24.09
2009-07-20,24.76,24.76,23.54,23.55,4268400,22.86
2009-07-17,24.73,24.91,23.71,24.39,2596300,23.68
2009-07-16,24.84,24.84,23.85,24.72,3004700,24.00
2009-07-15,25.10,25.62,24.43,24.86,7301800,24.13
2009-07-14,23.99,24.87,23.78,24.85,5937400,24.12
2009-07-13,23.56,23.67,22.50,23.63,6493500,22.94
2009-07-10,23.67,24.69,22.32,23.24,7622900,22.56
2009-07-09,23.70,24.58,23.24,23.98,4790300,23.28
2009-07-08,22.49,23.35,22.39,23.35,6307700,22.67
2009-07-07,23.58,23.67,21.94,22.08,4685100,21.43
2009-07-06,24.17,24.30,23.48,23.51,5410100,22.82
2009-07-02,25.30,25.52,24.50,24.80,8710600,24.07
2009-07-01,26.20,26.20,25.25,26.05,6489500,25.29
2009-06-30,24.74,25.96,24.56,25.96,5803300,25.20
2009-06-29,24.05,24.95,23.65,24.95,6078300,24.22
2009-06-26,23.78,23.81,23.30,23.80,4009400,23.10
2009-06-25,23.84,24.20,23.44,23.81,5907400,23.11
2009-06-24,23.07,23.66,22.78,23.44,2667500,22.75
2009-06-23,23.00,23.24,22.42,22.89,3786200,22.22
2009-06-22,23.69,23.72,23.08,23.11,1120100,22.43
2009-06-19,23.91,24.24,23.60,23.82,2545800,23.12
2009-06-18,23.19,23.91,23.00,23.70,2098900,23.01
2009-06-17,23.47,23.47,22.45,22.75,2118100,22.08
2009-06-16,23.39,23.49,22.60,22.90,1454700,22.23
2009-06-15,24.23,24.25,22.80,23.21,1774400,22.53
2009-06-12,24.12,24.70,23.67,24.37,2595400,23.66
2009-06-11,23.66,24.54,23.64,24.23,3649600,23.52
2009-06-10,22.65,23.81,22.60,23.62,4768600,22.93
2009-06-09,22.26,22.81,22.10,22.49,3025000,21.83
2009-06-08,22.34,22.48,21.76,22.09,2284600,21.44
2009-06-05,22.63,23.03,22.15,22.26,4600200,21.61
2009-06-04,22.25,22.48,21.79,22.37,3085000,21.72
2009-06-03,23.11,23.40,20.81,21.39,4851800,20.76
2009-06-02,23.35,24.14,22.97,23.05,6158700,22.38
2009-06-01,22.55,23.72,22.55,23.72,5078100,23.03
2009-05-29,22.20,22.61,21.72,22.50,5610000,21.84
2009-05-28,21.63,22.25,21.48,22.19,5032500,21.54
2009-05-27,20.79,21.72,20.46,21.62,7159000,20.99
2009-05-26,19.09,20.75,18.65,20.65,5765000,20.05
2009-05-22,19.23,19.26,18.69,19.02,4051500,18.46
2009-05-21,19.61,19.61,18.94,19.15,1479700,18.59
2009-05-20,20.11,20.32,19.78,19.89,1947500,19.31
2009-05-19,19.26,20.07,19.26,20.07,2392500,19.48
2009-05-18,19.30,19.70,19.12,19.30,2195200,18.73
2009-05-15,19.97,20.00,19.07,19.58,3378500,19.01
2009-05-14,19.95,20.35,19.84,20.25,1280200,19.66
2009-05-13,20.75,20.75,19.94,20.15,2460400,19.56
2009-05-12,20.55,21.25,20.52,20.92,3299000,20.31
2009-05-11,20.83,21.43,20.62,20.64,1775400,20.04
2009-05-08,19.64,21.40,19.61,21.19,4762600,20.57
2009-05-07,19.34,19.62,19.10,19.29,1529700,18.73
2009-05-06,19.78,19.97,19.00,19.16,2380300,18.60
2009-05-05,19.33,19.86,19.03,19.77,4536300,19.19
2009-05-04,19.07,19.70,18.99,19.48,4994100,18.91
2009-05-01,18.01,19.00,17.79,18.98,3465300,18.42
2009-04-30,17.82,18.14,17.46,17.98,4098300,17.45
2009-04-29,16.73,17.47,16.72,17.18,2308200,16.68
2009-04-28,17.29,17.34,16.50,16.50,4131000,16.02
2009-04-27,17.14,17.67,17.01,17.35,2302700,16.84
2009-04-24,17.80,17.87,16.91,17.31,3408800,16.80
2009-04-23,17.76,17.90,17.18,17.58,2686600,17.07
2009-04-22,17.72,18.12,17.31,17.61,2886200,17.09
2009-04-21,17.75,17.88,17.54,17.78,2230500,17.26
2009-04-20,17.70,17.90,17.43,17.59,2556700,17.08
2009-04-17,18.11,18.20,17.84,17.89,2281800,17.37
2009-04-16,18.90,18.90,17.79,17.95,3434200,17.42
2009-04-15,18.45,18.58,17.94,18.58,2629000,18.04
2009-04-14,18.41,18.73,18.04,18.40,1924200,17.86
2009-04-13,19.35,19.40,18.33,18.33,2007300,17.79
2009-04-09,19.30,19.95,18.90,19.41,2204700,18.84
2009-04-08,18.68,19.00,18.40,18.90,2990100,18.35
2009-04-07,19.21,19.21,18.63,18.70,1809100,18.15
2009-04-06,19.25,19.67,18.95,19.30,3677000,18.73
2009-04-03,18.74,19.49,18.25,19.40,3720200,18.83
2009-04-02,17.56,18.79,17.38,18.60,9173600,18.06
2009-04-01,17.65,17.65,16.97,17.14,2362200,16.64
2009-03-31,17.34,17.70,17.22,17.60,3827300,17.08
2009-03-30,17.52,17.52,16.92,17.05,1919700,16.55
2009-03-27,17.05,17.69,17.05,17.59,1695300,17.08
2009-03-26,17.32,17.54,17.08,17.37,3614100,16.86
2009-03-25,17.34,17.56,16.80,17.13,3278100,16.63
2009-03-24,17.88,18.00,17.25,17.27,2688100,16.76
2009-03-23,18.04,18.04,17.35,17.99,2919200,17.46
2009-03-20,17.77,17.92,17.25,17.35,1669500,16.84
2009-03-19,18.04,18.12,17.35,17.77,2968800,17.25
2009-03-18,17.87,18.10,16.96,17.91,2777500,17.39
2009-03-17,17.84,18.13,17.67,17.85,2593200,17.33
2009-03-16,17.24,18.30,17.08,17.97,1904000,17.44
2009-03-13,16.89,17.33,16.70,17.21,2703100,16.71
2009-03-12,16.22,16.89,15.92,16.59,2402600,16.10
2009-03-11,17.00,17.03,15.19,16.34,6090900,15.86
2009-03-10,17.61,18.60,16.57,16.91,6541800,16.41
2009-03-09,17.98,18.56,17.22,17.40,2164500,16.89
2009-03-06,17.10,18.34,17.04,18.34,3517000,17.80
2009-03-05,17.60,17.60,17.00,17.60,2650200,17.08
2009-03-04,17.73,18.00,17.27,17.75,4718400,17.23
2009-03-03,18.64,18.88,17.20,17.45,3507100,16.94
2009-03-02,18.50,18.89,18.14,18.56,2743100,18.02
2009-02-27,19.36,19.48,18.59,18.90,2691400,18.35
2009-02-26,21.95,21.95,19.68,19.70,3091000,19.12
2009-02-25,20.49,20.78,19.98,20.62,3242300,20.02
2009-02-24,19.48,20.68,19.21,20.60,2767200,20.00
2009-02-23,20.04,21.32,19.20,19.23,3596200,18.67
2009-02-20,19.63,20.13,18.60,19.80,3548600,19.22
2009-02-19,19.93,20.21,19.73,19.92,2303100,19.34
2009-02-18,20.51,20.51,19.51,19.68,2559300,19.10
2009-02-17,21.29,21.63,19.88,19.88,4394900,19.30
2009-02-13,22.11,22.60,21.91,22.32,2946000,21.67
2009-02-12,23.80,23.80,21.75,22.05,5726000,21.40
2009-02-11,24.65,24.65,23.25,23.49,2850700,22.80
2009-02-10,24.81,25.25,24.05,24.55,1741700,23.83
2009-02-09,24.95,25.38,24.65,24.88,1568600,24.15
2009-02-06,24.78,25.10,24.32,25.10,1303300,24.37
2009-02-05,24.57,24.81,23.89,24.70,1195900,23.98
2009-02-04,24.31,25.00,24.28,24.69,1467600,23.97
2009-02-03,23.45,24.32,23.20,24.32,857200,23.61
2009-02-02,23.13,23.65,22.60,23.21,1123300,22.53
2009-01-30,24.08,24.09,22.80,23.36,1440800,22.68
2009-01-29,23.80,24.36,23.43,23.55,864100,22.86
2009-01-28,23.29,24.19,23.21,23.88,1914600,23.18
2009-01-27,23.35,23.79,22.88,22.88,1493200,22.21
2009-01-26,22.94,23.97,22.80,23.46,2468400,22.77
2009-01-23,21.80,23.47,21.80,22.60,3137000,21.94
2009-01-22,22.40,23.20,21.99,22.40,1700500,21.74
2009-01-21,22.75,22.75,21.33,22.66,2491700,22.00
2009-01-20,23.96,24.00,22.18,22.40,2816600,21.74
2009-01-16,23.73,24.25,23.27,23.86,1375000,23.16
2009-01-15,23.43,23.43,22.52,23.40,1534700,22.71
2009-01-14,23.00,23.35,22.13,23.34,1553100,22.66
2009-01-13,23.99,24.19,23.03,23.50,1176100,22.81
2009-01-12,23.70,24.23,23.36,24.10,2424200,23.39
2009-01-09,24.25,24.47,23.45,23.70,2762600,23.01
2009-01-08,23.12,24.23,22.99,24.11,3929200,23.40
2009-01-07,24.80,24.80,23.29,23.37,3859600,22.69
2009-01-06,23.88,24.73,23.65,24.61,4556500,23.89
2009-01-05,23.57,23.68,23.15,23.56,2478200,22.87
2009-01-02,23.28,24.00,23.12,23.64,2214300,22.95
2008-12-31,21.14,23.60,21.14,23.33,3779000,22.65
2008-12-30,20.66,21.44,20.36,21.40,2290200,20.77
2008-12-29,21.41,21.45,20.17,20.75,1476100,20.14
2008-12-26,20.55,21.60,20.54,21.57,897700,20.94
2008-12-24,20.21,20.35,19.87,20.27,599800,19.68
2008-12-23,21.11,21.11,19.81,20.40,2786700,19.80
2008-12-22,21.62,21.82,20.10,20.95,2408900,20.34
2008-12-19,21.22,21.85,21.20,21.67,2694700,21.04
2008-12-18,22.93,22.93,21.12,21.12,5294200,20.50
2008-12-17,22.09,22.32,21.58,21.58,3704300,20.95
2008-12-16,22.78,22.79,21.85,22.43,2961700,21.77
2008-12-15,24.22,25.15,21.76,21.76,3168400,21.12
2008-12-12,22.26,23.79,22.26,23.73,1759900,23.04
2008-12-11,24.25,24.44,22.97,23.10,2949800,22.42
2008-12-10,22.84,24.32,22.70,24.32,2767200,23.61
2008-12-09,22.74,23.40,22.41,22.91,3163800,22.24
2008-12-08,23.99,24.37,23.00,23.30,3460900,22.62
2008-12-05,21.75,23.50,21.50,23.50,2887500,22.81
2008-12-04,22.51,23.97,21.58,22.17,5221800,21.52
2008-12-03,23.00,23.47,21.87,23.10,1922300,22.42
2008-12-02,22.11,23.02,21.45,23.02,2773700,22.35
2008-12-01,23.50,23.70,21.62,22.07,2907000,21.42
2008-11-28,22.41,23.69,22.41,23.69,1232900,23.00
2008-11-26,22.65,23.04,21.96,22.70,3206200,22.04
2008-11-25,20.03,22.55,20.03,22.26,5137900,21.61
2008-11-24,19.50,21.38,19.50,21.00,5565500,20.39
2008-11-21,16.99,19.21,16.63,19.00,5335400,18.44
2008-11-20,19.67,19.88,15.70,16.52,8982900,16.04
2008-11-19,22.00,22.60,20.00,20.00,3136700,19.41
2008-11-18,22.09,22.94,21.22,22.09,2424300,21.44
2008-11-17,22.50,22.78,21.53,22.32,2019500,21.67
2008-11-14,23.54,23.67,21.90,22.65,2663400,21.99
2008-11-13,21.64,23.85,20.30,23.85,3838300,23.15
2008-11-12,21.88,23.00,21.43,21.60,2681800,20.97
2008-11-11,22.57,23.82,21.67,23.05,4199800,22.38
2008-11-10,23.72,24.00,21.33,22.56,3982100,21.90
2008-11-07,21.78,23.92,21.71,23.86,3097500,23.16
2008-11-06,23.31,24.00,21.36,21.75,2774000,21.11
2008-11-05,24.41,24.41,23.24,24.00,2658600,23.30
2008-11-04,23.37,24.97,23.01,24.50,7990600,23.78
2008-11-03,22.76,23.56,22.26,22.45,3236400,21.79
2008-10-31,24.00,24.38,23.25,23.25,3796000,22.57
2008-10-30,22.62,24.38,22.05,24.38,4984300,23.67
2008-10-29,20.33,22.50,20.05,22.00,6349600,21.36
2008-10-28,20.38,20.55,17.88,19.90,5849700,19.32
2008-10-27,20.23,20.72,18.86,19.32,4352700,18.75
2008-10-24,20.80,20.97,19.48,20.20,5245800,19.61
2008-10-23,21.74,22.74,20.30,21.86,7216100,21.22
2008-10-22,24.28,24.28,20.40,21.88,10866900,21.24
2008-10-21,24.11,25.22,24.03,24.62,11828300,23.90
2008-10-20,24.01,25.40,21.16,25.00,26349100,24.27
2008-10-17,17.50,20.20,17.42,19.33,5767200,18.76
2008-10-16,18.01,18.90,16.57,18.18,7001100,17.65
2008-10-15,19.00,19.55,18.00,18.11,7770900,17.58
2008-10-14,20.26,21.97,18.60,19.55,10413900,18.98
2008-10-13,16.88,19.17,16.24,18.89,8312100,18.34
2008-10-10,15.72,17.18,14.39,15.17,8930600,14.73
2008-10-09,18.00,18.40,16.42,16.78,5385900,16.29
2008-10-08,17.01,18.81,16.25,17.76,10076600,17.24
2008-10-07,21.78,21.78,17.17,17.59,6633200,17.08
2008-10-06,20.98,20.99,18.40,20.24,6837600,19.65
2008-10-03,22.22,23.51,21.30,21.78,5879900,21.14
2008-10-02,23.85,23.85,21.17,21.90,8722000,21.26
2008-10-01,24.67,24.75,23.29,23.92,3395900,23.22
2008-09-30,23.88,25.00,22.87,24.75,13272300,24.03
2008-09-29,26.01,26.19,22.20,23.56,13922500,22.87
2008-09-26,27.48,27.72,26.19,26.41,4955700,25.64
2008-09-25,27.49,28.81,27.29,27.93,5667400,27.11
2008-09-24,28.05,28.09,27.16,27.58,3556100,26.77
2008-09-23,29.11,29.43,27.33,27.72,4146800,26.91
2008-09-22,30.77,30.90,28.37,28.43,5652900,27.60
2008-09-19,29.93,33.00,28.10,30.59,8380400,29.69
2008-09-18,26.49,28.51,25.35,27.11,11176000,26.32
2008-09-17,27.99,28.03,24.86,25.15,11356800,24.41
2008-09-16,28.92,29.54,26.74,28.19,11076300,27.36
2008-09-15,32.27,32.27,29.47,29.72,6655400,28.85
2008-09-12,31.49,33.63,31.49,33.39,5402400,32.41
2008-09-11,30.97,32.45,29.89,32.04,5867700,31.10
2008-09-10,30.67,31.92,30.00,31.40,8307800,30.48
2008-09-09,32.75,32.83,29.46,30.25,15985200,29.36
2008-09-08,34.96,35.00,32.59,32.75,5288600,31.79
2008-09-05,34.27,34.57,33.10,34.04,5459400,33.04
2008-09-04,35.30,35.31,34.05,34.18,3468000,33.18
2008-09-03,36.50,36.71,34.79,35.13,4684400,34.10
2008-09-02,37.90,37.90,36.54,36.67,3352000,35.60
2008-08-29,38.00,38.32,37.50,37.64,1307000,36.54
2008-08-28,38.74,39.09,37.91,38.11,2279800,36.99
2008-08-27,38.59,39.10,38.59,38.88,1992000,37.74
2008-08-26,38.10,38.91,38.10,38.65,1418000,37.52
2008-08-25,38.70,38.71,37.96,38.29,1309600,37.17
2008-08-22,38.80,39.24,38.31,38.75,1301600,37.62
2008-08-21,38.80,38.88,38.01,38.62,3507300,37.49
2008-08-20,37.99,38.79,37.75,38.74,2863900,37.61
2008-08-19,38.34,38.34,37.35,37.75,4122200,36.64
2008-08-18,37.69,38.75,37.25,38.08,5914200,36.97
2008-08-15,37.09,38.15,36.01,37.15,10778200,36.06
2008-08-14,35.88,35.88,34.86,35.22,3326300,34.19
2008-08-13,33.34,36.09,33.31,35.82,8576000,34.77
2008-08-12,33.87,34.22,33.10,33.53,10678900,32.55
2008-08-11,34.10,34.57,33.77,33.95,5428500,32.96
2008-08-08,33.90,33.90,33.09,33.57,2991300,32.59
2008-08-07,34.02,34.10,33.01,33.75,4155500,32.76
2008-08-06,32.69,34.22,32.57,33.99,4032100,32.99
2008-08-05,33.59,33.78,32.44,32.92,5711400,31.96
2008-08-04,36.07,36.40,33.47,33.65,5479200,32.66
2008-08-01,36.89,37.17,36.02,36.26,5411000,35.20
2008-07-31,36.60,36.72,35.97,36.29,2764400,35.23
2008-07-30,35.92,37.03,35.38,36.72,2973700,35.65
2008-07-29,36.91,36.91,34.79,35.84,11380100,34.79
2008-07-28,35.80,36.27,34.44,34.57,4163900,33.56
2008-07-25,35.03,36.05,34.71,35.79,3505800,34.74
2008-07-24,36.60,36.62,34.38,34.88,7041000,33.86
2008-07-23,37.50,37.99,35.75,36.71,6796500,35.64
2008-07-22,38.83,38.90,37.62,37.77,3691100,36.66
2008-07-21,36.90,38.87,36.70,38.85,3566100,37.71
2008-07-18,36.18,36.97,36.02,36.69,4227500,35.62
2008-07-17,37.28,37.89,35.96,36.18,4334700,35.12
2008-07-16,38.03,38.52,37.14,37.25,3828000,36.16
2008-07-15,38.26,38.77,37.63,38.21,5524900,37.09
2008-07-14,39.71,39.98,38.43,38.78,1764200,37.64
2008-07-11,39.69,40.30,39.13,39.58,1850200,38.42
2008-07-10,40.02,40.04,39.31,39.69,2303100,38.53
2008-07-09,39.48,40.47,39.29,40.00,3049000,38.83
2008-07-08,40.10,40.35,38.51,39.31,5723200,38.16
2008-07-07,42.13,42.66,39.29,39.95,4286000,38.78
2008-07-03,42.93,43.12,41.69,41.97,1746900,40.74
2008-07-02,43.62,43.95,42.90,42.97,2423000,41.71
2008-07-01,42.69,43.51,42.30,43.33,3128900,42.06
2008-06-30,42.24,43.18,42.09,42.90,2685200,41.64
2008-06-27,42.70,42.85,42.20,42.28,2987000,41.04
2008-06-26,43.24,43.52,42.45,42.67,3801600,41.42
2008-06-25,43.28,43.94,43.10,43.44,6047100,42.17
2008-06-24,42.74,43.17,42.60,42.98,2231300,41.72
2008-06-23,43.28,43.47,42.67,42.97,4236400,41.71
2008-06-20,43.31,43.54,42.69,43.05,1952600,41.79
2008-06-19,43.22,43.62,43.13,43.47,2776600,42.20
2008-06-18,43.97,43.98,43.27,43.53,1570500,42.26
2008-06-17,44.20,44.40,43.85,44.09,2404500,42.80
2008-06-16,43.82,44.34,43.43,44.20,1221900,42.91
2008-06-13,43.37,43.90,43.13,43.82,2289900,42.54
2008-06-12,43.21,43.29,42.76,43.07,1499000,41.81
2008-06-11,43.18,43.48,42.90,42.99,1350800,41.73
2008-06-10,43.07,43.50,42.46,43.37,1480800,42.10
2008-06-09,42.66,43.49,41.87,43.26,1674700,41.99
2008-06-06,43.31,43.40,42.40,42.41,2748800,41.17
2008-06-05,42.61,43.50,42.51,43.35,4345300,42.08
2008-06-04,41.69,42.80,41.51,42.75,4604800,41.50
2008-06-03,41.52,42.13,41.52,41.78,2236600,40.56
2008-06-02,41.28,42.20,41.16,41.59,2576700,40.37
2008-05-30,40.76,41.79,40.30,41.59,6584300,40.37
2008-05-29,40.80,41.32,40.55,40.81,2744800,39.62
2008-05-28,40.50,41.13,40.29,41.03,3302700,39.83
2008-05-27,39.78,40.41,39.78,40.36,4834000,39.18
2008-05-23,40.35,40.48,39.76,40.00,4925000,38.83
2008-05-22,40.92,41.15,40.18,40.35,11876300,39.17
2008-05-21,41.85,42.99,41.85,42.51,4077300,41.27
2008-05-20,42.95,43.49,41.87,42.15,10620700,40.92
2008-05-19,43.84,44.28,43.55,44.08,2718300,42.79
2008-05-16,42.90,43.99,42.90,43.80,1986500,42.52
2008-05-15,42.88,43.03,42.62,42.96,1487300,41.70
2008-05-14,43.30,43.46,42.86,42.98,1910200,41.72
2008-05-13,43.00,43.25,42.83,43.04,2152300,41.78
2008-05-12,42.41,42.90,42.25,42.77,2378300,41.52
2008-05-09,42.28,42.61,42.00,42.46,2361900,41.22
2008-05-08,42.66,42.69,42.03,42.44,2348900,41.20
2008-05-07,43.55,43.69,42.11,42.34,2634200,41.10
2008-05-06,43.46,43.77,43.15,43.68,2139400,42.40
2008-05-05,42.88,43.92,42.88,43.81,2582800,42.53
2008-05-02,42.44,43.33,42.40,43.13,4841100,41.87
2008-05-01,43.95,43.97,42.41,42.67,7455200,41.42
2008-04-30,44.08,44.31,43.56,43.95,2493100,42.66
2008-04-29,44.95,45.00,43.70,44.10,2648500,42.81
2008-04-28,44.41,44.96,44.21,44.96,2244200,43.64
2008-04-25,44.84,44.99,43.85,44.11,4664100,42.82
2008-04-24,45.31,45.31,43.90,44.63,1532500,43.32
2008-04-23,44.99,45.11,44.45,44.84,1868600,43.53
2008-04-22,44.85,45.78,44.23,44.78,6030600,43.47
2008-04-21,44.30,44.98,44.05,44.87,2973900,43.56
2008-04-18,44.00,44.61,43.62,44.43,3427600,43.13
2008-04-17,42.63,43.78,42.63,43.67,3347400,42.39
2008-04-16,42.40,43.17,41.96,42.84,3114000,41.59
2008-04-15,41.62,42.34,41.47,42.30,2411000,41.06
2008-04-14,40.47,41.60,40.15,41.53,2301100,40.31
2008-04-11,40.45,40.92,40.16,40.42,1541300,39.24
2008-04-10,40.70,41.22,40.51,40.80,4969800,39.61
2008-04-09,39.57,40.58,39.50,39.90,3150900,38.73
2008-04-08,39.40,39.59,39.05,39.32,1686400,38.17
2008-04-07,40.53,40.59,39.49,39.50,2287900,38.34
2008-04-04,39.09,40.71,39.09,40.22,2524800,39.04
2008-04-03,39.39,39.49,38.36,39.21,3839300,38.06
2008-04-02,40.28,40.59,39.49,39.65,4113200,38.49
2008-04-01,39.29,40.34,39.27,40.05,2545200,38.88
2008-03-31,39.00,39.25,38.59,38.99,2507000,37.85
2008-03-28,38.94,39.32,38.31,38.46,2386800,37.33
2008-03-27,38.60,39.86,38.41,38.92,3881500,37.78
2008-03-26,38.39,38.97,38.00,38.59,4712700,37.46
2008-03-25,37.46,38.28,37.46,37.94,6700900,36.83
2008-03-24,38.01,38.09,37.49,37.55,13809500,36.45
2008-03-20,38.68,38.75,37.63,37.97,7445500,36.86
2008-03-19,40.63,40.80,38.84,39.00,8426900,37.86
2008-03-18,40.50,40.78,39.65,40.37,2742200,39.19
2008-03-17,40.22,40.72,39.21,39.85,10845600,38.68
2008-03-14,42.69,42.82,40.51,41.25,5554300,40.04
2008-03-13,42.21,42.73,41.84,42.51,4413700,41.27
2008-03-12,42.97,43.00,42.60,42.70,2455800,41.45
2008-03-11,42.64,42.97,42.02,42.73,4637300,41.48
2008-03-10,42.43,42.48,41.66,41.80,5833900,40.58
2008-03-07,42.19,42.60,41.32,42.21,5496700,40.97
2008-03-06,42.53,42.69,42.14,42.23,3414600,40.99
2008-03-05,42.41,42.89,42.10,42.72,2643800,41.47
2008-03-04,41.19,42.63,41.14,42.39,4832300,41.15
2008-03-03,41.15,41.76,40.99,41.63,3882100,40.41
2008-02-29,41.38,41.46,40.41,41.27,4748700,40.06
2008-02-28,41.62,42.00,41.09,41.41,4335800,40.20
2008-02-27,41.09,41.66,40.45,40.74,6320300,39.55
2008-02-26,40.39,41.56,40.39,41.36,2704700,40.15
2008-02-25,39.62,40.99,39.61,40.70,3027400,39.51
2008-02-22,39.62,40.08,39.23,39.80,1602900,38.63
2008-02-21,40.26,40.51,39.47,39.50,2090500,38.34
2008-02-20,39.62,40.16,39.35,39.89,1595600,38.72
2008-02-19,39.45,40.32,39.29,40.17,2115700,38.99
2008-02-15,38.54,39.31,38.30,39.18,2057600,38.03
2008-02-14,38.70,39.45,38.25,38.55,1776200,37.42
2008-02-13,38.76,39.16,38.50,38.61,2048100,37.48
2008-02-12,38.22,39.13,38.12,38.77,4492400,37.64
2008-02-11,37.80,38.36,37.26,38.22,2765200,37.10
2008-02-08,38.20,38.50,37.51,37.78,2481800,36.67
2008-02-07,38.58,38.61,37.82,38.22,5747000,37.10
2008-02-06,39.57,40.03,38.97,39.09,2471800,37.95
2008-02-05,40.11,40.24,39.20,39.28,5236700,38.13
2008-02-04,39.74,40.45,39.67,40.30,2304600,39.12
2008-02-01,38.52,39.61,38.52,39.58,3910900,38.42
2008-01-31,38.01,38.79,37.27,38.59,4187900,37.46
2008-01-30,38.20,39.72,37.67,37.72,4247200,36.62
2008-01-29,37.41,37.94,37.17,37.70,3058100,36.60
2008-01-28,37.36,37.48,36.80,37.40,3368800,36.31
2008-01-25,37.90,38.00,37.20,37.53,2568200,36.43
2008-01-24,37.42,38.00,36.53,37.49,11886200,36.39
2008-01-23,35.53,37.18,34.56,37.16,11978600,36.07
2008-01-22,35.72,37.60,35.72,36.69,6325700,35.62
2008-01-18,37.09,37.89,36.75,37.48,7818100,36.38
2008-01-17,38.34,38.61,36.33,36.94,6400700,35.86
2008-01-16,39.01,39.61,37.32,38.46,6862100,37.33
2008-01-15,40.73,40.99,39.34,39.42,4755500,38.27
2008-01-14,41.29,41.29,39.69,40.98,2137800,39.78
2008-01-11,39.72,41.31,39.72,40.49,3835000,39.30
2008-01-10,39.08,39.89,38.92,39.54,3090700,38.38
2008-01-09,39.27,40.13,38.28,39.28,5235700,38.13
2008-01-08,40.01,40.73,39.03,39.56,9245100,38.40
2008-01-07,41.42,41.82,40.08,40.19,4329500,39.01
2008-01-04,41.88,41.89,41.23,41.42,2104800,40.21
2008-01-03,42.82,42.94,42.09,42.20,2212200,40.96
2008-01-02,43.71,43.96,42.54,42.82,1768200,41.57
