Date,Open,High,Low,Close,Volume,Adj Close
2013-12-31,37.94,38.34,37.88,38.26,11746400,38.03
2013-12-30,37.95,38.11,37.81,37.99,11683000,37.76
2013-12-27,37.89,38.22,37.78,37.98,15373100,37.75
2013-12-26,37.33,37.75,37.30,37.69,11516900,37.46
2013-12-24,36.96,37.38,36.88,37.32,9670100,37.09
2013-12-23,36.53,37.02,36.52,36.93,18002800,36.70
2013-12-20,36.65,36.80,36.37,36.37,40783000,36.15
2013-12-19,35.52,36.96,35.50,36.60,62855300,36.38
2013-12-18,33.87,34.76,33.70,34.60,40179900,34.39
2013-12-17,33.63,33.79,33.38,33.63,21782100,33.42
2013-12-16,33.40,33.88,33.35,33.54,22756300,33.33
2013-12-13,33.66,33.70,33.22,33.23,18221200,33.03
2013-12-12,33.85,33.90,33.29,33.60,30946000,33.39
2013-12-11,34.95,35.06,34.42,34.56,17184000,34.35
2013-12-10,35.42,35.47,34.77,34.80,25491700,34.59
2013-12-09,35.48,35.75,35.40,35.60,16795000,35.38
2013-12-06,35.15,35.51,35.10,35.48,15995300,35.26
2013-12-05,35.17,35.17,34.82,34.85,20839500,34.64
2013-12-04,34.90,35.18,34.82,35.07,20004000,34.85
2013-12-03,34.99,35.11,34.84,35.07,16545300,34.85
2013-12-02,35.37,35.39,34.96,35.08,20284400,34.86
2013-11-29,35.10,35.42,35.04,35.29,11851500,35.07
2013-11-27,35.06,35.40,35.02,35.29,16120200,35.07
2013-11-26,34.69,35.16,34.61,34.93,28403700,34.72
2013-11-25,34.92,34.96,34.60,34.78,14753800,34.57
2013-11-22,34.82,34.97,34.68,34.83,13826300,34.62
2013-11-21,34.84,35.05,34.71,34.94,11773000,34.73
2013-11-20,34.84,34.97,34.67,34.75,12165500,34.54
2013-11-19,34.99,34.99,34.63,34.76,14532900,34.55
2013-11-18,34.88,35.13,34.82,34.93,15093200,34.72
2013-11-15,34.36,34.93,34.31,34.92,21477700,34.71
2013-11-14,34.17,34.57,34.06,34.38,25790900,34.17
2013-11-13,34.60,35.00,34.59,35.00,14815800,34.79
2013-11-12,34.46,34.85,34.27,34.70,16145000,34.49
2013-11-11,34.31,34.63,34.28,34.37,11415100,34.16
2013-11-08,33.92,34.35,33.76,34.35,14028300,34.14
2013-11-07,34.18,34.46,33.94,34.00,17101200,33.79
2013-11-06,33.66,34.34,33.62,34.07,25184600,33.86
2013-11-05,33.55,33.69,33.41,33.50,11161500,33.29
2013-11-04,33.70,33.76,33.46,33.71,12725000,33.50
2013-11-01,33.70,33.82,33.43,33.53,15115800,33.32
2013-10-31,33.50,33.91,33.44,33.50,16171500,33.29
2013-10-30,33.82,33.95,33.42,33.53,14959100,33.32
2013-10-29,33.24,33.73,33.24,33.71,15954700,33.50
2013-10-28,33.24,33.46,33.09,33.14,17632800,32.94
2013-10-25,33.21,33.49,33.01,33.15,19820600,32.95
2013-10-24,32.74,33.25,32.73,33.07,26573600,32.87
2013-10-23,32.86,32.89,32.44,32.70,24610300,32.50
2013-10-22,33.09,33.14,32.85,32.90,19741200,32.70
2013-10-21,33.23,33.40,32.83,32.95,16568800,32.75
2013-10-18,32.75,32.99,32.55,32.90,17472700,32.70
2013-10-17,32.62,33.05,32.52,32.87,22821900,32.67
2013-10-16,32.91,33.20,32.89,33.02,16398300,32.82
2013-10-15,33.14,33.26,32.70,32.75,20677000,32.55
2013-10-14,33.01,33.35,32.89,33.28,12882400,33.08
2013-10-11,33.08,33.38,32.94,33.26,14018800,33.06
2013-10-10,32.48,33.00,32.34,32.99,21580700,32.79
2013-10-09,32.45,32.46,32.00,32.19,19656000,31.99
2013-10-08,32.83,32.92,32.27,32.37,23780400,32.17
2013-10-07,32.86,33.24,32.79,32.84,14150100,32.64
2013-10-04,33.18,33.49,33.06,33.21,15054900,33.01
2013-10-03,33.53,33.67,33.08,33.24,15480100,32.92
2013-10-02,33.31,33.73,33.26,33.68,19451600,33.35
2013-10-01,33.20,33.55,33.06,33.50,16300300,33.17
2013-09-30,33.49,33.53,33.04,33.17,25132600,32.85
2013-09-27,33.63,33.95,33.51,33.78,14068700,33.45
2013-09-26,33.98,34.26,33.69,33.81,15621000,33.48
2013-09-25,33.76,34.09,33.70,33.87,19653100,33.54
2013-09-24,33.83,33.89,33.59,33.64,18958300,33.31
2013-09-23,33.80,34.34,33.75,33.94,26293100,33.61
2013-09-20,33.94,34.13,33.67,34.05,53470400,33.72
2013-09-19,33.64,34.00,33.25,33.89,63316300,33.56
2013-09-18,33.21,33.91,33.13,33.87,39152100,33.54
2013-09-17,32.99,33.43,32.93,33.26,20282300,32.94
2013-09-16,32.84,33.15,32.78,32.97,25316900,32.65
2013-09-13,32.84,32.87,32.35,32.46,17638400,32.14
2013-09-12,33.01,33.11,32.74,32.79,16250100,32.47
2013-09-11,32.87,33.23,32.74,33.02,19692300,32.70
2013-09-10,32.80,32.99,32.75,32.86,15918900,32.54
2013-09-09,32.31,32.89,32.25,32.75,12400500,32.43
2013-09-06,32.30,32.46,31.85,32.20,12625400,31.89
2013-09-05,32.38,32.52,32.16,32.26,11437900,31.95
2013-09-04,32.01,32.49,31.96,32.32,13040800,32.01
2013-09-03,32.17,32.37,31.82,32.02,14647300,31.71
2013-08-30,31.74,32.10,31.71,31.86,14044300,31.55
2013-08-29,31.57,31.98,31.56,31.70,14012100,31.39
2013-08-28,31.79,31.91,31.66,31.66,15919100,31.35
2013-08-27,31.65,32.20,31.60,31.78,16061600,31.47
2013-08-26,31.76,32.60,31.76,32.34,18888600,32.03
2013-08-23,32.38,32.66,31.77,31.77,27128400,31.46
2013-08-22,32.42,32.53,32.13,32.40,10271600,32.08
2013-08-21,32.19,32.62,32.10,32.30,11955400,31.99
2013-08-20,32.06,32.42,32.00,32.20,13870200,31.89
2013-08-19,32.40,32.70,32.01,32.06,13385600,31.75
2013-08-16,32.60,32.85,32.30,32.41,19504100,32.09
2013-08-15,33.24,33.24,32.54,32.73,19574600,32.41
2013-08-14,33.26,33.65,33.23,33.57,19684400,33.24
2013-08-13,33.39,33.46,33.11,33.25,12738700,32.93
2013-08-12,32.81,33.34,32.75,33.25,11746400,32.93
2013-08-09,32.91,33.11,32.70,32.92,11646000,32.60
2013-08-08,32.91,33.10,32.76,33.02,14204600,32.70
2013-08-07,32.77,33.00,32.68,32.82,17416900,32.50
2013-08-06,32.75,33.22,32.70,33.00,18620900,32.68
2013-08-05,32.59,32.90,32.55,32.78,11151300,32.46
2013-08-02,32.62,32.70,32.48,32.57,18998100,32.25
2013-08-01,32.62,32.83,32.40,32.75,15797000,32.43
2013-07-31,32.58,32.75,31.95,32.35,30540500,32.04
2013-07-30,32.60,32.71,32.49,32.55,18340700,32.23
2013-07-29,32.39,32.56,32.17,32.48,16119300,32.16
2013-07-26,32.36,32.60,32.16,32.54,17308500,32.22
2013-07-25,32.41,32.41,31.97,32.37,21050300,32.06
2013-07-24,32.38,32.56,32.30,32.39,20003600,32.08
2013-07-23,31.87,32.19,31.81,32.07,16771000,31.76
2013-07-22,31.79,31.90,31.70,31.87,16760100,31.56
2013-07-19,32.03,32.03,31.51,31.86,28512000,31.55
2013-07-18,31.96,32.46,31.81,32.01,23615600,31.70
2013-07-17,32.07,32.44,32.05,32.16,22357000,31.85
2013-07-16,31.99,32.15,31.86,32.00,22531400,31.69
2013-07-15,31.48,32.05,31.32,32.01,36543400,31.70
2013-07-12,31.90,32.00,31.24,31.25,157674700,30.95
2013-07-11,31.57,32.00,31.57,31.86,33193000,31.55
2013-07-10,31.36,31.44,31.05,31.23,28458600,30.93
2013-07-09,31.50,31.60,31.23,31.52,28854300,31.09
2013-07-08,31.35,31.65,31.25,31.65,28904300,31.22
2013-07-05,30.99,31.20,30.54,31.19,22193800,30.77
2013-07-03,30.05,30.80,30.04,30.70,18629700,30.29
2013-07-02,30.09,30.35,29.95,30.10,33114500,29.69
2013-07-01,30.89,30.98,30.07,30.11,33962900,29.70
2013-06-28,30.28,30.81,30.25,30.71,39787100,30.30
2013-06-27,30.31,31.14,30.29,30.45,43014900,30.04
2013-06-26,30.19,30.23,29.86,30.14,52429800,29.73
2013-06-25,30.50,30.53,29.89,29.96,64051500,29.56
2013-06-24,30.12,30.44,30.03,30.17,78919200,29.76
2013-06-21,30.71,30.84,29.98,30.14,140813500,29.73
2013-06-20,33.88,34.02,33.03,33.21,35222400,32.76
2013-06-19,34.43,34.59,34.08,34.09,19408400,33.63
2013-06-18,34.26,34.59,34.21,34.40,16949300,33.94
2013-06-17,34.03,34.63,34.00,34.27,19398200,33.81
2013-06-14,34.15,34.32,33.70,33.77,17551400,33.31
2013-06-13,33.47,34.32,33.41,34.25,15727400,33.79
2013-06-12,33.83,33.87,33.50,33.52,13731100,33.07
2013-06-11,33.66,34.15,33.49,33.57,15274500,33.12
2013-06-10,33.98,34.09,33.82,34.05,16901500,33.59
2013-06-07,33.59,34.03,33.32,33.81,20548900,33.35
2013-06-06,33.98,33.98,33.13,33.35,29158700,32.90
2013-06-05,34.10,34.61,34.00,34.12,22005600,33.66
2013-06-04,34.34,34.75,33.96,34.16,20324900,33.70
2013-06-03,33.85,34.40,33.73,34.39,19782700,33.93
2013-05-31,34.12,34.46,33.75,33.78,24412100,33.32
2013-05-30,34.49,34.79,34.34,34.34,17928400,33.88
2013-05-29,34.40,34.56,34.12,34.40,16004800,33.94
2013-05-28,34.67,34.78,34.26,34.53,21432200,34.06
2013-05-24,33.69,34.14,33.42,34.05,22642500,33.59
2013-05-23,33.95,34.41,33.86,34.23,20442500,33.77
2013-05-22,35.07,35.15,33.92,34.12,33742400,33.66
2013-05-21,34.90,35.32,34.90,35.10,19682900,34.63
2013-05-20,34.81,35.03,34.56,34.90,18326400,34.43
2013-05-17,34.59,35.03,34.44,35.03,26986800,34.56
2013-05-16,34.09,34.61,34.09,34.37,25526300,33.91
2013-05-15,33.74,34.10,33.71,33.99,18360500,33.53
2013-05-14,33.65,34.25,33.55,33.67,23560400,33.22
2013-05-13,33.95,34.00,33.65,33.78,12193400,33.32
2013-05-10,33.83,34.03,33.65,34.02,17364100,33.56
2013-05-09,33.30,34.00,33.28,33.70,18722100,33.25
2013-05-08,33.09,33.57,33.09,33.46,21382700,33.01
2013-05-07,33.53,33.79,33.19,33.26,17955000,32.81
2013-05-06,33.44,33.51,33.08,33.51,17964500,33.06
2013-05-03,33.93,33.95,33.28,33.38,23976800,32.93
2013-05-02,33.11,33.78,32.98,33.69,22992700,33.24
2013-05-01,32.75,33.62,32.72,33.16,32712000,32.71
2013-04-30,32.22,32.87,32.22,32.78,50028100,32.34
2013-04-29,32.39,32.50,32.14,32.24,31381300,31.81
2013-04-26,32.20,32.53,32.17,32.36,22376200,31.92
2013-04-25,32.56,32.58,32.21,32.27,25910200,31.83
2013-04-24,32.49,32.83,32.44,32.51,22601800,32.07
2013-04-23,32.72,33.00,32.37,32.46,23964900,32.02
2013-04-22,32.49,32.66,32.16,32.52,18754900,32.08
2013-04-19,31.75,32.46,31.67,32.37,30391400,31.93
2013-04-18,32.65,32.80,31.90,32.12,24892500,31.69
2013-04-17,33.10,33.13,32.45,32.49,25277000,32.05
2013-04-16,32.95,33.49,32.91,33.42,17310600,32.97
2013-04-15,33.39,33.50,32.80,32.80,19617500,32.36
2013-04-12,33.64,33.67,33.02,33.46,18408200,33.01
2013-04-11,33.62,33.92,33.56,33.62,23080700,33.17
2013-04-10,33.15,33.95,33.15,33.73,35941000,33.27
2013-04-09,32.50,33.08,32.46,33.04,30087400,32.59
2013-04-08,32.07,32.36,31.90,32.36,14134400,31.92
2013-04-05,31.77,32.12,31.67,32.03,24415300,31.60
2013-04-04,32.36,32.51,32.23,32.37,18163800,31.93
2013-04-03,32.93,32.94,32.20,32.40,25545200,31.96
2013-04-02,32.65,32.94,32.53,32.74,22619600,32.30
2013-04-01,32.36,32.46,32.04,32.41,18677600,31.97
2013-03-28,31.89,32.39,31.79,32.33,23676700,31.89
2013-03-27,31.41,32.11,31.29,31.95,35028500,31.52
2013-03-26,31.41,31.79,31.41,31.54,29420300,31.11
2013-03-25,32.05,32.20,31.16,31.25,39694400,30.83
2013-03-22,32.40,32.50,31.64,31.98,64333500,31.55
2013-03-21,32.78,32.94,32.18,32.30,132669500,31.86
2013-03-20,35.98,36.07,35.40,35.77,41088100,35.29
2013-03-19,36.18,36.23,35.41,35.69,20548800,35.21
2013-03-18,36.10,36.42,36.00,36.04,20654800,35.55
2013-03-15,36.11,36.43,36.10,36.34,56178100,35.85
2013-03-14,35.80,36.33,35.62,36.30,21040700,35.81
2013-03-13,35.82,35.85,35.35,35.58,21228800,35.10
2013-03-12,35.85,35.85,35.16,35.43,18411100,34.95
2013-03-11,35.70,35.98,35.64,35.88,14111600,35.40
2013-03-08,35.94,36.09,35.67,35.71,14985000,35.23
2013-03-07,35.94,36.13,35.76,35.94,15098100,35.46
2013-03-06,35.50,35.93,35.48,35.86,21340800,35.38
2013-03-05,35.22,35.68,35.21,35.46,15410100,34.98
2013-03-04,34.53,35.08,34.40,35.05,14750500,34.58
2013-03-01,34.12,34.83,34.00,34.63,20376000,34.16
2013-02-28,34.70,34.86,34.22,34.24,23816400,33.78
2013-02-27,34.25,34.97,34.06,34.68,15671400,34.21
2013-02-26,34.28,34.57,34.08,34.32,15839500,33.86
2013-02-25,35.07,35.43,34.27,34.28,19992900,33.82
2013-02-22,34.51,34.78,34.13,34.75,13754700,34.28
2013-02-21,34.95,34.95,34.17,34.28,20923100,33.82
2013-02-20,35.50,35.59,35.00,35.01,16263700,34.54
2013-02-19,34.93,35.41,34.82,35.40,16446000,34.92
2013-02-15,34.80,34.99,34.65,34.81,18406000,34.34
2013-02-14,34.87,35.07,34.69,34.90,15886800,34.43
2013-02-13,35.21,35.26,34.88,34.99,13176800,34.52
2013-02-12,34.89,35.25,34.85,35.11,14666300,34.64
2013-02-11,34.98,35.04,34.55,34.96,12648800,34.49
2013-02-08,34.76,34.98,34.50,34.90,19255700,34.43
2013-02-07,35.15,35.19,34.45,34.56,26869300,34.09
2013-02-06,35.31,35.42,35.01,35.10,15603500,34.63
2013-02-05,35.21,35.72,35.14,35.48,16662700,35.00
2013-02-04,35.81,36.00,35.03,35.13,23595800,34.66
2013-02-01,35.87,36.31,35.81,36.21,27725700,35.72
2013-01-31,35.27,35.69,35.25,35.51,19077700,35.03
2013-01-30,35.76,35.88,35.29,35.38,14249900,34.90
2013-01-29,35.36,35.87,35.07,35.78,18284800,35.30
2013-01-28,35.41,35.79,35.38,35.54,20119500,35.06
2013-01-25,35.00,35.40,34.88,35.38,18061300,34.90
2013-01-24,34.88,35.40,34.81,34.94,18662000,34.47
2013-01-23,34.96,35.20,34.69,34.69,17235800,34.22
2013-01-22,34.95,34.98,34.53,34.93,19309500,34.46
2013-01-18,34.59,35.13,34.41,35.11,30088900,34.64
2013-01-17,34.76,34.81,34.60,34.62,17827100,34.15
2013-01-16,34.63,34.87,34.56,34.64,17608200,34.17
2013-01-15,34.57,34.88,34.52,34.70,16263600,34.23
2013-01-14,34.83,35.00,34.60,34.96,14589400,34.49
2013-01-11,34.96,35.00,34.78,34.86,15105200,34.39
2013-01-10,34.56,34.92,34.41,34.91,17843600,34.44
2013-01-09,34.50,34.80,34.38,34.46,18932700,34.00
2013-01-08,34.15,34.51,34.06,34.44,17408900,33.98
2013-01-07,34.44,34.52,34.21,34.43,14008300,33.97
2013-01-04,34.45,34.75,34.40,34.61,21687300,34.14
2013-01-03,34.63,34.75,34.14,34.31,21819500,33.85
2013-01-02,34.08,34.74,33.93,34.69,33758400,34.22
2012-12-31,32.91,33.46,32.69,33.32,25320000,32.87
2012-12-28,33.04,33.49,33.00,33.02,16792100,32.57
2012-12-27,33.54,33.62,33.00,33.27,21600200,32.82
2012-12-26,33.67,33.85,33.34,33.61,13282100,33.16
2012-12-24,33.46,33.64,33.42,33.61,6451900,33.16
2012-12-21,33.51,33.92,33.20,33.76,45601600,33.30
2012-12-20,34.09,34.25,33.93,33.94,28119900,33.48
2012-12-19,33.86,34.35,33.83,34.09,60937600,33.63
2012-12-18,32.49,32.95,32.35,32.88,37797600,32.44
2012-12-17,32.00,32.47,31.80,32.32,24047300,31.88
2012-12-14,31.54,32.11,31.44,31.96,21930800,31.53
2012-12-13,31.93,32.01,31.39,31.61,20608200,31.18
2012-12-12,32.21,32.38,31.83,31.94,20205300,31.51
2012-12-11,32.18,32.50,32.02,32.34,25716300,31.73
2012-12-10,31.92,32.23,31.92,32.07,20712600,31.46
2012-12-07,32.15,32.17,31.77,31.92,18421100,31.31
2012-12-06,31.99,32.11,31.90,32.03,25132600,31.42
2012-12-05,31.95,32.12,31.31,32.00,30775300,31.39
2012-12-04,32.22,32.47,32.01,32.38,17391100,31.77
2012-12-03,32.37,32.50,32.21,32.31,22159300,31.70
2012-11-30,31.85,32.24,31.75,32.18,26610600,31.57
2012-11-29,31.92,32.14,31.81,31.84,22205300,31.24
2012-11-28,31.15,31.82,30.99,31.80,21603200,31.20
2012-11-27,31.20,31.77,31.16,31.22,24696300,30.63
2012-11-26,30.72,30.97,30.58,30.96,15644900,30.37
2012-11-23,30.65,31.06,30.58,30.92,8211500,30.33
2012-11-21,30.19,30.53,30.13,30.40,17423900,29.82
2012-11-20,30.02,30.20,29.78,30.20,17448200,29.63
2012-11-19,30.25,30.26,29.85,30.14,22551100,29.57
2012-11-16,30.03,30.13,29.78,30.00,25491700,29.43
2012-11-15,29.58,30.07,29.56,29.95,26295000,29.38
2012-11-14,30.10,30.15,29.52,29.58,22562900,29.02
2012-11-13,30.08,30.50,29.89,30.02,20901000,29.45
2012-11-12,30.41,30.55,30.09,30.30,10964600,29.72
2012-11-09,30.40,30.73,30.27,30.35,15537900,29.77
2012-11-08,30.73,30.98,30.41,30.42,17902800,29.84
2012-11-07,31.30,31.35,30.76,30.79,22295700,30.21
2012-11-06,31.43,31.91,31.33,31.63,15018800,31.03
2012-11-05,30.95,31.35,30.77,31.25,13590100,30.66
2012-11-02,31.80,31.81,31.18,31.21,17251200,30.62
2012-11-01,31.20,31.52,30.93,31.48,22886100,30.88
2012-10-31,31.24,31.39,30.86,31.08,21844400,30.49
2012-10-26,30.81,31.10,30.61,30.99,19815600,30.40
2012-10-25,30.87,31.22,30.71,30.86,20696000,30.27
2012-10-24,30.90,30.95,30.37,30.60,21642700,30.02
2012-10-23,30.52,30.84,30.45,30.59,21384700,30.01
2012-10-22,30.59,30.89,30.31,30.80,17338400,30.22
2012-10-19,31.07,31.25,30.40,30.48,26239700,29.90
2012-10-18,31.14,31.24,30.76,31.12,26013900,30.53
2012-10-17,31.53,31.70,31.21,31.23,28326200,30.64
2012-10-16,31.40,31.89,31.28,31.87,22024500,31.27
2012-10-15,31.06,31.38,31.02,31.30,26143200,30.71
2012-10-12,30.68,31.19,30.68,31.00,18639800,30.41
2012-10-11,30.73,31.09,30.62,30.72,20436300,30.14
2012-10-10,30.58,30.72,30.43,30.58,23103700,30.00
2012-10-09,31.06,31.10,30.44,30.65,23311300,30.01
2012-10-08,31.20,31.38,30.86,31.18,22261500,30.53
2012-10-05,32.05,32.09,31.28,31.39,31239000,30.73
2012-10-04,31.85,31.98,31.65,31.90,25156900,31.23
2012-10-03,31.81,32.05,31.69,31.82,19700800,31.15
2012-10-02,31.79,32.01,31.40,31.65,21859900,30.99
2012-10-01,31.71,32.00,31.54,31.67,28412900,31.01
2012-09-28,31.13,31.61,31.07,31.46,27014800,30.80
2012-09-27,30.76,31.42,30.70,31.22,23400200,30.57
2012-09-26,31.02,31.08,30.57,30.73,29234500,30.09
2012-09-25,32.18,32.23,31.25,31.30,30757800,30.65
2012-09-24,32.25,32.44,32.08,32.22,18511200,31.55
2012-09-21,33.03,33.29,32.28,32.47,62905800,31.79
2012-09-20,32.60,32.88,32.19,32.26,38005700,31.59
2012-09-19,33.01,33.08,32.56,32.78,20913400,32.09
2012-09-18,33.10,33.27,32.94,33.02,25285000,32.33
2012-09-17,32.81,33.13,32.75,33.10,25017900,32.41
2012-09-14,32.65,33.00,32.60,32.95,23162900,32.26
2012-09-13,32.32,32.79,32.09,32.62,27451700,31.94
2012-09-12,32.50,32.50,32.24,32.26,20602100,31.59
2012-09-11,32.29,32.46,32.16,32.32,21554800,31.64
2012-09-10,32.59,32.75,32.30,32.31,18589900,31.63
2012-09-07,32.64,32.64,32.27,32.60,19068700,31.92
2012-09-06,32.18,32.79,32.16,32.63,22699700,31.95
2012-09-05,31.65,32.11,31.61,32.07,22994600,31.40
2012-09-04,31.63,31.80,31.22,31.57,16654700,30.91
2012-08-31,31.46,31.76,31.13,31.65,21240300,30.99
2012-08-30,31.30,31.38,31.16,31.17,17984700,30.52
2012-08-29,31.65,31.89,31.46,31.49,15845300,30.83
2012-08-28,31.72,32.00,31.56,31.58,15993500,30.92
2012-08-27,32.07,32.07,31.75,31.83,14708300,31.16
2012-08-24,31.34,32.00,31.25,31.95,14811400,31.28
2012-08-23,31.56,31.75,31.31,31.59,14201700,30.93
2012-08-22,31.74,31.85,31.52,31.70,18087900,31.04
2012-08-21,32.02,32.27,31.72,31.75,19673100,31.09
2012-08-20,32.10,32.15,31.90,32.04,11189200,31.37
2012-08-17,32.09,32.30,31.91,32.20,20814500,31.53
2012-08-16,31.64,32.21,31.54,32.03,20333700,31.36
2012-08-15,31.33,31.69,31.33,31.55,16230100,30.89
2012-08-14,31.50,31.63,31.24,31.35,13806800,30.69
2012-08-13,31.45,31.55,31.20,31.36,14362100,30.70
2012-08-10,31.19,31.62,31.08,31.61,13848800,30.95
2012-08-09,31.16,31.55,31.15,31.37,14578500,30.71
2012-08-08,31.34,31.81,31.07,31.16,22436100,30.51
2012-08-07,31.22,31.70,31.15,31.50,21692700,30.84
2012-08-06,30.92,31.25,30.78,31.00,18658400,30.35
2012-08-03,30.53,30.87,30.38,30.72,17767200,30.08
2012-08-02,29.87,30.40,29.74,29.92,22103400,29.29
2012-08-01,30.34,30.52,30.03,30.32,17344400,29.69
2012-07-31,30.56,30.69,30.17,30.20,20951600,29.57
2012-07-30,30.69,31.00,30.40,30.58,20919700,29.94
2012-07-27,30.30,30.84,30.04,30.77,23852100,30.13
2012-07-26,29.79,30.36,29.70,30.00,26746600,29.37
2012-07-25,29.30,29.56,29.12,29.26,22389100,28.65
2012-07-24,29.59,29.67,29.07,29.32,23707500,28.71
2012-07-23,29.53,29.80,29.11,29.65,23403200,29.03
2012-07-20,30.66,30.83,30.10,30.12,25013000,29.49
2012-07-19,30.60,31.11,30.56,30.87,26180000,30.22
2012-07-18,29.84,30.76,29.82,30.50,24988700,29.86
2012-07-17,29.71,30.05,29.37,29.92,23897100,29.29
2012-07-16,29.43,29.75,29.28,29.52,16819600,28.90
2012-07-13,28.87,29.66,28.75,29.58,22026800,28.96
2012-07-12,29.45,29.47,28.61,28.82,23562000,28.22
2012-07-11,28.98,29.32,28.91,29.23,27247300,28.62
2012-07-10,29.36,29.60,28.85,29.05,23424100,28.38
2012-07-09,29.23,29.36,29.02,29.10,21873200,28.43
2012-07-06,29.37,29.48,28.94,29.18,25259400,28.51
2012-07-05,29.83,29.93,29.71,29.72,19244600,29.04
2012-07-03,29.63,29.98,29.61,29.97,14468000,29.28
2012-07-02,29.53,29.80,29.15,29.80,24445300,29.12
2012-06-29,28.81,29.71,28.79,29.70,35545300,29.02
2012-06-28,28.03,28.26,27.73,28.17,27175800,27.52
2012-06-27,27.76,28.46,27.76,28.17,19388200,27.52
2012-06-26,27.63,27.95,27.52,27.83,20614200,27.19
2012-06-25,27.54,27.75,27.24,27.62,24918800,26.99
2012-06-22,27.91,28.14,27.79,28.00,22163000,27.36
2012-06-21,28.49,28.64,27.75,27.81,32721900,27.17
2012-06-20,28.04,28.58,27.94,28.49,29281700,27.84
2012-06-19,28.39,28.75,27.53,27.96,81048700,27.32
2012-06-18,27.43,27.43,26.69,27.12,38322000,26.50
2012-06-15,27.11,27.76,26.99,27.70,40136400,27.06
2012-06-14,27.09,27.35,26.51,26.91,34311700,26.29
2012-06-13,26.88,27.38,26.79,27.02,19638800,26.40
2012-06-12,27.00,27.15,26.73,27.03,26186900,26.41
2012-06-11,27.38,27.42,26.77,26.81,20470800,26.20
2012-06-08,27.04,27.27,26.80,27.16,22343200,26.54
2012-06-07,27.75,27.76,27.18,27.18,32896100,26.56
2012-06-06,26.99,27.57,26.88,27.53,27639000,26.90
2012-06-05,26.07,26.94,26.07,26.71,28412000,26.10
2012-06-04,26.04,26.34,25.84,26.20,28945200,25.60
2012-06-01,25.98,26.28,25.90,26.00,30739700,25.40
2012-05-31,26.22,26.72,26.17,26.47,32192300,25.86
2012-05-30,26.19,26.34,25.98,26.17,21538300,25.57
2012-05-29,26.41,26.78,26.16,26.46,24139900,25.85
2012-05-25,26.18,26.33,26.04,26.14,18642900,25.54
2012-05-24,26.62,26.65,25.90,26.12,34232000,25.52
2012-05-23,26.12,26.85,26.04,26.68,33179600,26.07
2012-05-22,26.33,26.49,26.07,26.36,22122800,25.76
2012-05-21,25.54,26.46,25.53,26.26,30712700,25.66
2012-05-18,26.29,26.29,25.33,25.61,68182500,25.02
2012-05-17,26.70,26.72,26.25,26.25,29440600,25.65
2012-05-16,27.16,27.41,26.68,26.72,29672800,26.11
2012-05-15,27.02,27.53,26.94,27.06,26392900,26.44
2012-05-14,26.73,27.31,26.66,26.96,22485200,26.34
2012-05-11,26.97,27.31,26.77,27.00,25588900,26.38
2012-05-10,27.70,27.75,26.74,27.02,52653300,26.40
2012-05-09,27.62,27.91,27.41,27.78,25521100,27.14
2012-05-08,27.71,28.02,27.53,27.93,24660200,27.29
2012-05-07,28.34,28.45,27.85,27.92,33670500,27.28
2012-05-04,29.10,29.15,28.41,28.41,33934300,27.76
2012-05-03,29.74,29.82,29.34,29.38,19175800,28.71
2012-05-02,29.42,29.79,29.19,29.71,22579000,29.03
2012-05-01,29.45,29.78,29.29,29.57,19965400,28.89
2012-04-30,29.23,29.42,29.20,29.40,18568500,28.73
2012-04-27,29.06,29.44,29.06,29.24,16847800,28.57
2012-04-26,28.84,29.22,28.74,29.02,20548300,28.35
2012-04-25,28.68,28.99,28.60,28.87,26902800,28.21
2012-04-24,28.53,28.85,28.52,28.69,20486900,28.03
2012-04-23,28.60,28.66,28.26,28.48,23045500,27.83
2012-04-20,29.12,29.53,28.88,28.88,35727900,28.22
2012-04-19,28.99,29.46,28.67,29.01,26462100,28.34
2012-04-18,29.13,29.35,29.10,29.13,21151400,28.46
2012-04-17,28.72,29.44,28.70,29.28,24985300,28.61
2012-04-16,28.58,28.77,28.31,28.64,21476800,27.98
2012-04-13,28.70,28.77,28.49,28.56,16685800,27.91
2012-04-12,28.32,28.72,28.16,28.70,29414300,28.04
2012-04-11,28.49,28.55,28.04,28.14,30390100,27.49
2012-04-10,28.88,28.96,28.08,28.35,41175000,27.70
2012-04-09,29.10,29.25,29.00,29.01,21528500,28.34
2012-04-05,29.15,29.63,29.13,29.56,43273500,28.82
2012-04-04,29.19,29.48,28.93,29.16,31154000,28.43
2012-04-03,29.61,29.70,29.12,29.39,29995400,28.66
2012-04-02,29.12,29.68,29.00,29.53,28525300,28.79
2012-03-30,29.46,29.49,29.04,29.16,32006100,28.43
2012-03-29,29.21,29.58,29.10,29.30,34035400,28.57
2012-03-28,29.38,29.55,29.14,29.36,29405300,28.63
2012-03-27,29.17,29.52,29.00,29.35,31710000,28.62
2012-03-26,28.78,29.19,28.65,29.16,30044300,28.43
2012-03-23,28.69,28.89,28.52,28.55,36696300,27.84
2012-03-22,29.33,29.33,28.56,28.63,59763200,27.92
2012-03-21,30.87,31.15,29.34,29.41,94678000,28.68
2012-03-20,29.70,30.14,29.55,30.10,46126400,29.35
2012-03-19,29.59,29.89,29.43,29.76,32519400,29.02
2012-03-16,30.11,30.16,29.58,29.74,38651200,29.00
2012-03-15,29.96,30.13,29.74,30.06,35528500,29.31
2012-03-14,30.00,30.16,29.69,29.84,30994400,29.10
2012-03-13,29.99,30.23,29.91,30.13,32329200,29.38
2012-03-12,29.72,29.92,29.20,29.71,40933900,28.97
2012-03-09,30.05,30.29,29.90,30.13,30056300,29.38
2012-03-08,30.40,30.44,29.85,30.07,30927300,29.32
2012-03-07,30.05,30.28,29.83,30.22,23691100,29.47
2012-03-06,29.94,30.40,29.71,29.94,28971600,29.19
2012-03-05,30.24,30.42,29.92,30.24,33786600,29.49
2012-03-02,29.85,30.25,29.76,29.96,28177200,29.21
2012-03-01,29.40,29.97,29.23,29.83,32909600,29.09
2012-02-29,29.40,29.44,29.02,29.25,33160700,28.52
2012-02-28,29.24,29.39,29.00,29.39,29889400,28.66
2012-02-27,29.00,29.38,28.76,29.26,30419400,28.53
2012-02-24,29.06,29.54,28.84,29.25,24952400,28.52
2012-02-23,28.61,28.88,28.32,28.81,25319100,28.09
2012-02-22,28.72,29.08,28.50,28.55,25207600,27.84
2012-02-21,28.80,28.98,28.49,28.74,20612200,28.02
2012-02-17,29.03,29.03,28.64,28.79,34061000,28.07
2012-02-16,28.16,29.00,28.13,28.95,36380600,28.23
2012-02-15,28.10,28.35,27.92,27.98,34620600,27.28
2012-02-14,28.32,28.45,28.03,28.24,30267900,27.54
2012-02-13,28.59,28.67,28.35,28.43,20015200,27.72
2012-02-10,28.55,28.64,28.28,28.50,30232000,27.79
2012-02-09,28.85,28.90,28.35,28.89,31795300,28.17
2012-02-08,28.92,28.99,28.38,28.73,29842600,28.01
2012-02-07,28.91,29.00,28.75,28.95,20291700,28.23
2012-02-06,29.03,29.07,28.81,29.00,16582600,28.28
2012-02-03,29.13,29.22,28.78,29.11,26277200,28.38
2012-02-02,28.87,29.25,28.71,28.81,27334400,28.09
2012-02-01,28.48,28.94,28.11,28.88,38240800,28.16
2012-01-31,28.73,28.74,28.05,28.21,32744000,27.51
2012-01-30,28.19,28.69,28.02,28.60,23294900,27.89
2012-01-27,28.24,28.63,28.13,28.42,24561500,27.71
2012-01-26,28.56,28.84,28.15,28.29,34646400,27.59
2012-01-25,28.26,28.64,27.96,28.51,39274500,27.80
2012-01-24,28.33,28.74,28.25,28.51,23700900,27.80
2012-01-23,28.73,28.91,28.28,28.39,27438400,27.68
2012-01-20,28.39,28.95,28.27,28.71,37014000,27.99
2012-01-19,28.48,28.80,28.25,28.56,36353100,27.85
2012-01-18,27.71,28.45,27.61,28.34,35343800,27.63
2012-01-17,27.68,27.88,27.48,27.66,35769400,26.97
2012-01-13,27.04,27.37,26.85,27.34,31482600,26.66
2012-01-12,27.02,27.26,26.62,27.17,31775700,26.49
2012-01-11,26.99,27.10,26.75,26.89,30836000,26.22
2012-01-10,27.18,27.60,26.85,26.97,48976300,26.30
2012-01-09,26.90,27.12,26.66,27.03,38481100,26.36
2012-01-06,26.67,27.15,26.36,26.93,55685000,26.20
2012-01-05,26.01,26.90,25.91,26.59,50873400,25.87
2012-01-04,25.95,26.23,25.55,26.01,45418500,25.31
2012-01-03,26.33,26.66,25.83,25.86,37911800,25.16
2011-12-30,25.73,25.88,25.62,25.65,19168800,24.96
2011-12-29,25.67,25.84,25.50,25.80,19249800,25.10
2011-12-28,25.68,25.76,25.33,25.51,25412300,24.82
2011-12-27,26.06,26.20,25.56,25.63,21312400,24.94
2011-12-23,25.80,26.08,25.75,26.06,32292800,25.35
2011-12-22,25.86,25.87,25.38,25.69,44203700,24.99
2011-12-21,25.67,25.99,24.91,25.77,183503900,25.07
2011-12-20,29.06,29.49,28.87,29.17,46428300,28.38
2011-12-19,29.41,29.44,28.50,28.61,24849700,27.84
2011-12-16,29.26,30.07,28.96,29.21,46100600,28.42
2011-12-15,30.14,30.20,28.81,29.03,43170300,28.24
2011-12-14,30.67,30.75,29.75,29.87,26644600,29.06
2011-12-13,31.69,31.90,30.60,30.83,25309900,30.00
2011-12-12,31.40,31.40,30.77,31.32,22536100,30.47
2011-12-09,30.84,31.85,30.81,31.69,22621000,30.83
2011-12-08,31.24,31.50,30.65,30.74,24494300,29.91
2011-12-07,31.29,31.81,30.82,31.54,31366000,30.69
2011-12-06,32.04,32.11,31.54,31.73,21049900,30.87
2011-12-05,31.81,32.24,31.55,31.90,19992200,31.04
2011-12-02,32.00,32.05,31.20,31.20,22391200,30.36
2011-12-01,31.40,31.78,31.14,31.67,22197000,30.81
2011-11-30,30.69,31.46,30.65,31.35,31879500,30.50
2011-11-29,29.93,30.16,29.69,29.74,20155800,28.93
2011-11-28,29.45,30.06,29.36,29.87,21067200,29.06
2011-11-25,28.68,29.33,28.61,28.74,13641400,27.96
2011-11-23,29.50,29.59,28.99,29.00,24399700,28.21
2011-11-22,29.58,29.92,29.27,29.81,25437400,29.00
2011-11-21,30.19,30.35,29.54,29.91,25360400,29.10
2011-11-18,30.73,30.89,30.29,30.60,26601000,29.77
2011-11-17,31.85,32.00,30.47,30.82,41500400,29.99
2011-11-16,32.60,33.06,31.99,31.99,24295200,31.12
2011-11-15,32.21,33.16,32.14,32.96,21397300,32.07
2011-11-14,32.30,32.51,32.08,32.30,16781600,31.43
2011-11-11,32.02,32.76,32.00,32.37,21664700,31.49
2011-11-10,31.94,32.03,31.30,31.73,25303800,30.87
2011-11-09,32.84,32.84,31.44,31.59,36933000,30.73
2011-11-08,33.13,33.76,32.85,33.61,30171400,32.70
2011-11-07,32.39,32.92,31.80,32.87,23980000,31.98
2011-11-04,32.82,32.88,32.12,32.55,23837800,31.67
2011-11-03,32.26,33.15,32.18,33.11,27467100,32.21
2011-11-02,31.96,32.64,31.80,32.28,26470800,31.41
2011-11-01,31.96,32.21,31.62,31.69,31480100,30.83
2011-10-31,33.25,33.37,32.76,32.77,28859900,31.88
2011-10-28,33.50,33.80,33.40,33.69,26333800,32.78
2011-10-27,33.09,33.81,32.95,33.66,35578800,32.75
2011-10-26,32.73,32.76,31.56,32.40,33683500,31.52
2011-10-25,32.92,32.95,32.27,32.37,30540900,31.49
2011-10-24,32.01,32.92,32.01,32.87,27941900,31.98
2011-10-21,31.94,32.25,31.82,32.12,32837700,31.25
2011-10-20,31.59,31.75,30.88,31.53,25102300,30.68
2011-10-19,31.83,32.18,31.25,31.49,25586300,30.64
2011-10-18,31.14,32.00,30.77,31.88,29754800,31.02
2011-10-17,31.59,31.75,30.95,31.23,25074700,30.38
2011-10-14,31.56,31.86,31.27,31.85,23613200,30.99
2011-10-13,30.96,31.30,30.57,31.14,27161500,30.30
2011-10-12,31.37,31.55,31.08,31.11,30322800,30.27
2011-10-11,30.90,31.20,30.73,30.93,25382700,30.09
2011-10-10,30.43,31.03,30.22,30.97,27708200,30.13
2011-10-07,30.05,30.34,29.55,29.91,37977000,29.10
2011-10-06,29.46,30.10,28.98,30.07,34994100,29.20
2011-10-05,28.65,29.59,28.39,29.51,43277100,28.65
2011-10-04,27.44,28.77,27.00,28.69,50300200,27.86
2011-10-03,28.59,29.01,27.92,27.94,45214600,27.13
2011-09-30,29.26,29.74,28.74,28.74,42188000,27.91
2011-09-29,29.98,30.62,29.08,29.65,44358800,28.79
2011-09-28,30.24,30.41,29.42,29.45,31357100,28.60
2011-09-27,30.25,30.58,29.76,30.13,38514400,29.26
2011-09-26,29.06,29.79,28.65,29.71,37762600,28.85
2011-09-23,28.10,29.08,27.81,28.90,43991700,28.06
2011-09-22,28.74,29.03,27.83,28.34,61371400,27.52
2011-09-21,29.81,30.96,29.47,29.54,83318400,28.68
2011-09-20,29.24,29.36,28.22,28.35,50913400,27.53
2011-09-19,28.74,29.24,28.17,29.02,34514300,28.18
2011-09-16,29.04,29.30,28.80,29.23,58059500,28.38
2011-09-15,28.61,29.00,28.26,28.95,28846400,28.11
2011-09-14,28.02,28.58,27.66,28.15,34972000,27.33
2011-09-13,26.82,27.79,26.76,27.72,42359400,26.92
2011-09-12,25.92,26.77,25.90,26.75,37358200,25.97
2011-09-09,26.42,26.60,25.77,26.00,38961600,25.25
2011-09-08,27.45,27.53,26.37,26.72,50386300,25.94
2011-09-07,26.98,27.63,26.75,27.63,26106200,26.83
2011-09-06,26.03,26.82,25.71,26.49,30907700,25.72
2011-09-02,27.23,27.45,26.78,26.97,30297500,26.19
2011-09-01,28.03,28.67,27.75,27.84,34199100,27.03
2011-08-31,27.86,28.61,27.71,28.07,31444600,27.26
2011-08-30,27.81,28.04,27.46,27.87,29944300,27.06
2011-08-29,27.05,27.96,27.02,27.91,28945400,27.10
2011-08-26,25.88,26.83,25.48,26.65,34449300,25.88
2011-08-25,26.85,27.05,25.73,25.90,38264000,25.15
2011-08-24,26.11,26.73,26.01,26.68,31588800,25.91
2011-08-23,25.19,26.21,25.16,26.20,36867400,25.44
2011-08-22,25.41,25.62,24.81,25.06,37825100,24.33
2011-08-19,24.82,25.60,24.75,24.78,46790600,24.06
2011-08-18,26.46,26.49,24.72,25.19,78449700,24.46
2011-08-17,27.65,28.05,27.07,27.47,34073800,26.67
2011-08-16,27.42,27.96,27.23,27.57,37615100,26.77
2011-08-15,27.42,27.86,27.16,27.64,38334100,26.84
2011-08-12,27.83,27.83,26.99,27.39,43238500,26.60
2011-08-11,26.50,28.03,26.37,27.70,58279300,26.90
2011-08-10,26.80,27.51,26.11,26.48,82821600,25.71
2011-08-09,26.46,27.60,25.81,27.60,82425600,26.80
2011-08-08,27.47,28.04,25.96,26.02,80848500,25.26
2011-08-05,29.33,29.42,27.50,28.35,82201300,27.53
2011-08-04,29.84,29.87,28.84,28.88,49433400,28.04
2011-08-03,29.50,30.35,29.15,30.19,44046200,29.31
2011-08-02,29.79,30.40,29.52,29.55,40691000,28.69
2011-08-01,30.97,31.21,29.56,30.11,38566100,29.24
2011-07-29,30.52,31.19,30.26,30.58,38200600,29.69
2011-07-28,30.70,31.15,30.63,30.67,29323100,29.78
2011-07-27,31.81,31.84,30.62,30.71,43084500,29.82
2011-07-26,32.25,32.52,31.84,32.15,33568300,31.22
2011-07-25,32.25,32.44,32.04,32.21,20806100,31.28
2011-07-22,32.37,32.67,32.10,32.55,21378100,31.61
2011-07-21,32.19,32.75,32.06,32.47,24516200,31.53
2011-07-20,32.44,32.60,32.06,32.08,23074700,31.15
2011-07-19,31.91,32.67,31.89,32.64,26835500,31.69
2011-07-18,31.83,31.94,31.20,31.49,25253300,30.58
2011-07-15,32.15,32.26,31.84,32.09,25404600,31.16
2011-07-14,32.80,33.10,31.86,32.05,32194500,31.12
2011-07-13,32.86,33.29,32.59,32.69,36497800,31.74
2011-07-12,33.32,33.47,32.52,32.60,35092400,31.65
2011-07-11,33.61,33.66,32.90,33.14,21943300,32.18
2011-07-08,33.74,33.94,33.42,33.94,23909600,32.90
2011-07-07,33.47,34.13,33.40,34.09,29886000,33.04
2011-07-06,33.00,33.25,32.87,33.21,22363900,32.19
2011-07-05,33.01,33.14,32.79,33.06,21406400,32.04
2011-07-01,32.89,33.20,32.48,33.05,25382300,32.03
2011-06-30,32.63,32.94,32.51,32.91,22182400,31.90
2011-06-29,32.40,32.68,32.21,32.43,27305700,31.43
2011-06-28,31.69,32.37,31.37,32.34,32746800,31.35
2011-06-27,30.98,31.83,30.86,31.58,29585600,30.61
2011-06-24,31.49,31.71,30.95,31.14,75120900,30.18
2011-06-23,31.90,32.55,31.33,32.46,54354600,31.46
2011-06-22,32.58,32.58,32.14,32.20,25940800,31.21
2011-06-21,32.09,32.71,31.75,32.65,26941600,31.65
2011-06-20,31.35,31.99,31.25,31.91,23408300,30.93
2011-06-17,31.35,31.81,31.18,31.18,42812400,30.22
2011-06-16,31.16,31.27,30.65,30.80,29868500,29.85
2011-06-15,31.73,31.99,31.06,31.16,34512600,30.20
2011-06-14,31.99,32.20,31.83,32.08,23067400,31.09
2011-06-13,31.25,31.85,31.12,31.63,26716600,30.66
2011-06-10,31.42,31.65,31.12,31.18,23747000,30.22
2011-06-09,31.36,31.93,31.28,31.63,21647100,30.66
2011-06-08,31.75,31.85,31.14,31.25,36607500,30.29
2011-06-07,32.24,32.30,31.83,31.84,28218700,30.86
2011-06-06,32.15,32.58,32.07,32.19,21677600,31.20
2011-06-03,32.24,32.76,32.21,32.33,23808200,31.34
2011-06-02,32.87,32.88,32.08,32.72,38255500,31.71
2011-06-01,34.23,34.30,32.83,32.88,31762600,31.87
2011-05-31,33.91,34.23,33.32,34.22,30783300,33.17
2011-05-27,33.42,33.85,33.40,33.70,16918600,32.66
2011-05-26,33.14,33.59,33.01,33.40,20948100,32.37
2011-05-25,33.00,33.38,32.93,32.99,23042300,31.98
2011-05-24,33.27,33.42,32.92,33.04,21893400,32.02
2011-05-23,33.68,33.74,32.96,33.16,29985800,32.14
2011-05-20,34.46,34.60,34.04,34.27,16484100,33.22
2011-05-19,34.05,34.57,33.99,34.50,22741400,33.44
2011-05-18,34.00,34.23,33.55,33.91,30005900,32.87
2011-05-17,34.03,34.29,33.71,33.94,27856100,32.90
2011-05-16,35.08,35.09,34.02,34.18,31350300,33.13
2011-05-13,35.77,35.92,35.14,35.19,20438800,34.11
2011-05-12,34.90,35.75,34.81,35.73,23096900,34.63
2011-05-11,35.53,35.70,34.72,34.98,20854300,33.90
2011-05-10,35.49,35.66,35.23,35.62,17015600,34.53
2011-05-09,34.89,35.45,34.81,35.20,16272500,34.12
2011-05-06,35.12,35.56,34.83,34.87,23885400,33.80
2011-05-05,35.05,35.37,34.57,34.67,23245400,33.60
2011-05-04,36.12,36.17,34.95,35.25,38886400,34.17
2011-05-03,36.45,36.50,35.87,36.14,24946200,35.03
2011-05-02,35.84,36.44,35.83,36.37,30058600,35.25
2011-04-29,35.29,36.05,35.21,35.96,94242100,34.85
2011-04-28,35.03,35.35,34.71,35.29,22995700,34.21
2011-04-27,35.05,35.29,34.83,35.25,21990200,34.17
2011-04-26,34.81,35.28,34.72,34.97,30391000,33.90
2011-04-25,34.70,34.86,34.56,34.83,12163000,33.76
2011-04-21,34.11,34.79,34.10,34.75,21125800,33.68
2011-04-20,34.18,34.37,33.83,34.11,24798400,33.06
2011-04-19,33.54,33.84,33.48,33.67,20452400,32.64
2011-04-18,33.67,33.78,33.28,33.63,20226500,32.60
2011-04-15,33.98,34.30,33.68,34.18,25468400,33.13
2011-04-14,33.33,33.88,33.20,33.80,17962100,32.76
2011-04-13,33.57,33.97,33.49,33.70,24345500,32.66
2011-04-12,33.57,33.63,33.08,33.40,16948600,32.37
2011-04-11,33.54,33.85,33.54,33.78,15960300,32.74
2011-04-08,33.88,33.93,33.31,33.54,16136500,32.45
2011-04-07,33.60,34.07,33.30,33.72,22723600,32.63
2011-04-06,34.20,34.20,33.49,33.58,24782200,32.49
2011-04-05,34.29,34.40,33.91,33.92,30286100,32.82
2011-04-04,34.09,34.43,34.01,34.14,26743000,33.03
2011-04-01,33.70,34.10,33.61,34.02,43176800,32.92
2011-03-31,33.00,33.63,32.95,33.43,38234200,32.34
2011-03-30,33.27,33.43,33.00,33.05,25718200,31.98
2011-03-29,32.40,33.16,32.36,33.16,29950300,32.08
2011-03-28,32.83,32.89,32.40,32.56,31399500,31.50
2011-03-25,33.74,34.10,32.58,32.64,64967600,31.58
2011-03-24,31.78,32.33,31.50,32.14,38277500,31.10
2011-03-23,31.22,31.71,30.83,31.41,23159700,30.39
2011-03-22,31.39,31.54,31.06,31.13,20051900,30.12
2011-03-21,31.45,31.85,31.30,31.42,23199400,30.40
2011-03-18,30.98,31.19,30.61,30.76,34862100,29.76
2011-03-17,30.69,31.05,30.34,30.55,31529500,29.56
2011-03-16,30.92,31.06,29.62,30.20,45026200,29.22
2011-03-15,30.24,31.30,29.82,31.17,34600300,30.16
2011-03-14,31.52,31.86,31.27,31.59,18656500,30.56
2011-03-11,31.73,32.40,31.34,31.91,23705900,30.87
2011-03-10,32.37,32.46,31.51,31.80,29054200,30.77
2011-03-09,32.63,33.14,32.42,32.79,17217800,31.73
2011-03-08,32.34,33.01,32.19,32.74,21891800,31.68
2011-03-07,32.97,33.06,31.89,32.10,20474300,31.06
2011-03-04,32.99,33.10,32.22,32.76,19148900,31.70
2011-03-03,32.47,33.19,32.43,33.03,24169800,31.96
2011-03-02,31.58,32.36,31.55,32.12,23091500,31.08
2011-03-01,33.02,33.08,31.61,31.67,30423200,30.64
2011-02-28,33.06,33.23,32.68,32.90,19406700,31.83
2011-02-25,32.29,33.08,32.27,32.95,20850400,31.88
2011-02-24,32.10,32.41,31.64,32.25,23416200,31.20
2011-02-23,32.55,32.65,32.02,32.18,22154100,31.14
2011-02-22,33.29,33.66,32.52,32.53,24887800,31.47
2011-02-18,33.02,33.71,32.91,33.68,25539900,32.59
2011-02-17,32.97,33.20,32.76,33.01,14568900,31.94
2011-02-16,32.85,33.14,32.61,33.11,15829000,32.03
2011-02-15,33.12,33.15,32.61,32.76,19332100,31.70
2011-02-14,33.29,33.54,33.24,33.29,16438000,32.21
2011-02-11,33.07,33.59,33.03,33.47,17402300,32.38
2011-02-10,32.78,33.26,32.66,33.26,17237600,32.18
2011-02-09,33.04,33.10,32.61,32.89,17112700,31.82
2011-02-08,33.02,33.16,32.72,33.03,15418400,31.96
2011-02-07,32.70,33.29,32.55,32.98,22785100,31.91
2011-02-04,32.92,32.98,32.53,32.62,38691800,31.56
2011-02-03,32.98,33.16,32.72,32.99,17600900,31.92
2011-02-02,33.09,33.56,33.00,33.14,19358200,32.06
2011-02-01,32.17,33.43,32.11,33.24,32573400,32.16
2011-01-31,31.95,32.20,31.84,32.03,20820100,30.99
2011-01-28,33.20,33.30,31.83,32.00,30820300,30.96
2011-01-27,32.62,33.09,32.16,32.92,25635600,31.85
2011-01-26,32.31,32.73,32.16,32.56,21485600,31.50
2011-01-25,32.39,32.44,31.94,32.29,25926600,31.24
2011-01-24,32.58,32.65,32.07,32.40,20170200,31.35
2011-01-21,32.47,32.67,32.34,32.51,34482100,31.45
2011-01-20,31.47,32.35,31.47,32.31,47750700,31.26
2011-01-19,31.36,31.61,31.27,31.60,26939000,30.57
2011-01-18,31.26,31.55,31.23,31.53,26975900,30.51
2011-01-14,31.02,31.34,30.94,31.25,37934100,30.24
2011-01-13,30.97,31.39,30.90,31.18,43412400,30.12
2011-01-12,31.22,31.23,30.94,30.94,33963700,29.89
2011-01-11,31.08,31.10,30.86,30.99,26395300,29.94
2011-01-10,30.85,31.22,30.80,31.04,29719600,29.98
2011-01-07,31.24,31.34,30.93,31.03,27697900,29.97
2011-01-06,31.19,31.20,31.02,31.17,21859400,30.11
2011-01-05,31.32,31.44,30.98,31.04,36339600,29.98
2011-01-04,31.60,31.75,31.14,31.48,22870800,30.41
2011-01-03,31.59,31.94,31.52,31.62,20970400,30.54
2010-12-31,31.22,31.33,30.93,31.30,11716300,30.24
2010-12-30,31.45,31.58,31.21,31.29,12989400,30.23
2010-12-29,31.53,31.69,31.42,31.50,9769000,30.43
2010-12-28,31.66,31.76,31.41,31.57,9736000,30.50
2010-12-27,31.40,31.80,31.24,31.66,13822100,30.58
2010-12-23,31.53,31.70,31.41,31.54,13049400,30.47
2010-12-22,31.68,31.88,31.56,31.66,14019200,30.58
2010-12-21,31.65,32.00,31.59,31.76,20002800,30.68
2010-12-20,31.54,31.94,31.11,31.67,33568100,30.59
2010-12-17,31.92,32.27,31.37,31.46,92487100,30.39
2010-12-16,30.70,30.77,30.25,30.27,47435600,29.24
2010-12-15,30.59,30.70,30.26,30.49,30537600,29.45
2010-12-14,30.36,30.75,30.36,30.51,25351800,29.47
2010-12-13,29.99,30.72,29.57,30.42,45575200,29.38
2010-12-10,29.44,29.98,29.42,29.94,28562000,28.92
2010-12-09,29.35,29.49,29.04,29.26,18260200,28.26
2010-12-08,29.26,29.28,29.00,29.23,14874800,28.24
2010-12-07,29.06,29.37,28.94,29.05,32190500,28.06
2010-12-06,28.85,28.96,28.64,28.73,21150300,27.75
2010-12-03,28.08,28.90,28.06,28.81,34454600,27.83
2010-12-02,27.81,28.18,27.69,28.10,32129900,27.14
2010-12-01,27.54,27.69,27.41,27.65,34781300,26.71
2010-11-30,26.92,27.13,26.81,27.05,38931000,26.13
2010-11-29,27.17,27.34,26.91,27.22,32610700,26.29
2010-11-26,27.58,27.62,27.34,27.49,12887500,26.55
2010-11-24,27.67,27.88,27.62,27.74,34983800,26.80
2010-11-23,27.75,27.82,27.08,27.19,31294200,26.26
2010-11-22,27.89,28.09,27.79,28.05,27618000,27.10
2010-11-19,28.32,28.37,28.03,28.15,25890900,27.19
2010-11-18,28.37,28.59,28.16,28.31,32649200,27.35
2010-11-17,27.51,28.11,27.49,27.91,24642700,26.96
2010-11-16,28.01,28.10,27.50,27.58,31206600,26.64
2010-11-15,28.35,28.77,28.28,28.40,21636700,27.43
2010-11-12,28.50,28.61,28.09,28.32,25818800,27.36
2010-11-11,28.19,28.58,27.68,28.57,37211000,27.60
2010-11-10,28.64,28.84,28.36,28.69,27841000,27.71
2010-11-09,29.06,29.25,28.61,28.74,34625800,27.76
2010-11-08,29.08,29.19,28.84,29.04,27179000,28.05
2010-11-05,29.30,29.50,28.98,29.25,28312700,28.25
2010-11-04,29.61,29.82,29.10,29.47,35709700,28.47
2010-11-03,29.55,29.57,28.99,29.20,30003800,28.21
2010-11-02,29.49,29.57,29.26,29.53,24201900,28.53
2010-11-01,29.52,29.55,28.93,29.13,21100000,28.14
2010-10-29,29.36,29.71,29.30,29.38,35074300,28.38
2010-10-28,28.82,29.48,28.50,29.36,35130600,28.36
2010-10-27,28.55,28.82,28.36,28.70,33890100,27.72
2010-10-26,28.71,28.84,28.54,28.63,28045400,27.66
2010-10-25,29.15,29.29,28.81,28.84,30650400,27.86
2010-10-22,28.84,29.03,28.73,28.99,16499800,28.00
2010-10-21,28.80,29.14,28.57,28.82,30191100,27.84
2010-10-20,29.01,29.18,28.60,28.64,39081700,27.67
2010-10-19,28.94,29.24,28.45,29.13,44673600,28.14
2010-10-18,28.73,29.23,28.58,29.23,35810300,28.24
2010-10-15,28.47,28.91,28.16,28.90,54775500,27.92
2010-10-14,28.66,28.70,28.11,28.33,38136000,27.37
2010-10-13,28.00,28.91,26.98,28.60,49145300,27.63
2010-10-12,27.75,28.00,27.41,27.95,27552500,27.00
2010-10-11,27.90,28.10,27.73,27.85,22649500,26.90
2010-10-08,27.59,28.08,27.31,28.00,33162900,27.05
2010-10-07,27.63,27.89,27.54,27.69,40611400,26.75
2010-10-06,27.30,27.86,27.24,27.58,50631600,26.64
2010-10-05,27.21,27.35,27.06,27.30,42520100,26.37
2010-10-04,27.02,27.36,26.89,26.90,36791900,25.98
2010-10-01,27.18,27.61,27.14,27.24,33690400,26.26
2010-09-30,27.28,27.41,26.81,26.85,42880900,25.89
2010-09-29,27.07,27.30,26.93,27.17,36626800,26.20
2010-09-28,27.06,27.40,26.79,27.19,43256700,26.22
2010-09-27,26.86,27.12,26.78,26.95,34142900,25.99
2010-09-24,27.44,27.50,26.74,26.96,58136200,25.99
2010-09-23,26.96,27.49,26.96,27.12,33123300,26.15
2010-09-22,26.66,27.33,26.64,27.20,51969100,26.23
2010-09-21,27.33,27.36,26.70,26.82,82733900,25.86
2010-09-20,27.35,27.57,27.03,27.49,49729800,26.51
2010-09-17,26.44,27.63,26.40,27.48,150976500,26.50
2010-09-16,25.68,25.71,25.21,25.36,52951000,24.45
2010-09-15,25.27,25.79,25.17,25.74,37563600,24.82
2010-09-14,25.04,25.58,25.04,25.38,31261800,24.47
2010-09-13,25.14,25.42,25.11,25.11,46816700,24.21
2010-09-10,24.42,25.15,24.38,25.05,44266700,24.15
2010-09-09,24.32,24.50,24.21,24.33,25963700,23.46
2010-09-08,24.07,24.23,23.88,24.14,54705500,23.28
2010-09-07,24.56,24.69,24.01,24.26,113824400,23.39
2010-09-03,22.79,22.94,22.57,22.92,21256900,22.10
2010-09-02,22.61,22.72,22.35,22.48,18057800,21.68
2010-09-01,22.15,22.65,22.10,22.62,29085400,21.81
2010-08-31,21.92,21.93,21.66,21.84,41712400,21.06
2010-08-30,22.34,22.62,22.00,22.02,23318300,21.23
2010-08-27,22.38,22.55,21.95,22.51,21375200,21.70
2010-08-26,22.54,22.73,22.19,22.25,18884700,21.45
2010-08-25,22.22,22.55,22.03,22.42,18685900,21.62
2010-08-24,22.61,22.79,22.38,22.41,23293400,21.61
2010-08-23,23.06,23.30,22.83,22.84,18250200,22.02
2010-08-20,22.95,23.08,22.77,23.02,21985400,22.20
2010-08-19,22.86,23.16,22.82,23.00,26754800,22.18
2010-08-18,22.91,23.25,22.80,23.09,18984200,22.26
2010-08-17,22.86,23.24,22.72,23.05,22483000,22.22
2010-08-16,22.51,23.00,22.35,22.72,19511700,21.91
2010-08-13,22.76,22.94,22.51,22.66,29793400,21.85
2010-08-12,23.24,23.39,22.73,22.94,33737300,22.12
2010-08-11,23.91,23.94,23.56,23.66,25666300,22.81
2010-08-10,24.10,24.43,23.92,24.29,28063400,23.42
2010-08-09,24.40,24.59,24.24,24.26,20551400,23.39
2010-08-06,24.01,24.40,23.90,24.38,33734300,23.51
2010-08-05,24.28,24.44,24.14,24.29,18723600,23.42
2010-08-04,24.29,24.59,24.17,24.49,19989600,23.61
2010-08-03,24.31,24.34,24.06,24.21,16366100,23.34
2010-08-02,23.87,24.39,23.72,24.29,26652000,23.42
2010-07-30,23.57,23.83,23.40,23.64,48321700,22.79
2010-07-29,24.25,24.39,23.63,23.70,39976700,22.85
2010-07-28,24.55,24.59,24.17,24.28,21200100,23.41
2010-07-27,24.60,24.68,24.32,24.57,23800600,23.69
2010-07-26,24.45,24.67,24.35,24.64,27093000,23.76
2010-07-23,24.20,24.58,24.15,24.50,29755500,23.62
2010-07-22,23.72,24.41,23.70,24.31,32726500,23.44
2010-07-21,23.86,23.97,23.46,23.56,38740000,22.72
2010-07-20,23.27,23.97,23.04,23.92,38192700,23.06
2010-07-19,23.48,23.67,23.40,23.59,19688200,22.75
2010-07-16,23.80,23.95,23.25,23.27,30343000,22.44
2010-07-15,23.83,23.90,23.50,23.83,26060700,22.98
2010-07-14,23.85,24.19,23.72,23.94,34781800,23.08
2010-07-13,23.50,23.86,23.46,23.71,22207700,22.86
2010-07-12,23.21,23.48,23.11,23.38,19312200,22.54
2010-07-09,23.25,23.39,23.14,23.37,16258800,22.49
2010-07-08,23.14,23.34,22.96,23.22,27335600,22.34
2010-07-07,22.70,23.12,22.60,23.09,36663500,22.22
2010-07-06,22.00,22.71,22.00,22.32,39642400,21.47
2010-07-02,21.71,22.03,21.49,21.83,31784000,21.00
2010-07-01,21.46,21.68,21.24,21.55,38318200,20.73
2010-06-30,21.64,21.96,21.39,21.46,35301600,20.65
2010-06-29,22.02,22.10,21.58,21.75,34229000,20.93
2010-06-28,22.84,22.85,22.39,22.45,24643100,21.60
2010-06-25,23.14,23.25,22.56,22.66,62583800,21.80
2010-06-24,22.49,22.70,22.14,22.22,30313500,21.38
2010-06-23,22.97,23.01,22.63,22.68,23533600,21.82
2010-06-22,23.24,23.49,22.88,22.89,19107800,22.02
2010-06-21,23.37,23.66,22.98,23.09,19526100,22.22
2010-06-18,23.26,23.26,22.97,23.20,29538900,22.32
2010-06-17,23.11,23.18,22.92,23.07,22376600,22.20
2010-06-16,23.06,23.22,22.88,23.18,20702000,22.30
2010-06-15,22.79,23.24,22.66,23.20,24304500,22.32
2010-06-14,23.02,23.08,22.66,22.69,22318600,21.83
2010-06-11,22.03,22.75,21.99,22.69,30179600,21.83
2010-06-10,21.88,22.24,21.73,22.20,25018200,21.36
2010-06-09,21.77,22.09,21.48,21.54,22198300,20.72
2010-06-08,21.65,21.78,21.30,21.76,29552600,20.94
2010-06-07,22.13,22.29,21.69,21.70,25656900,20.88
2010-06-04,22.54,22.96,22.04,22.13,35094700,21.29
2010-06-03,22.71,22.95,22.54,22.84,28583600,21.98
2010-06-02,22.30,22.67,21.90,22.64,28371600,21.78
2010-06-01,22.42,22.84,22.15,22.20,32336200,21.36
2010-05-28,22.48,22.85,22.28,22.57,35878200,21.72
2010-05-27,22.35,22.61,22.27,22.58,29881400,21.73
2010-05-26,22.32,22.62,21.75,21.91,43317600,21.08
2010-05-25,21.77,22.20,21.63,22.20,41173900,21.36
2010-05-24,22.04,22.67,21.85,22.28,32817400,21.44
2010-05-21,21.62,22.36,21.55,22.16,63119700,21.32
2010-05-20,22.95,23.03,22.34,22.35,40313300,21.50
2010-05-19,23.22,23.50,23.02,23.19,29806500,22.31
2010-05-18,23.80,23.95,23.31,23.43,29926200,22.54
2010-05-17,23.89,23.89,23.33,23.74,22401200,22.84
2010-05-14,24.10,24.12,23.54,23.78,28736600,22.88
2010-05-13,24.42,24.55,24.20,24.24,22780300,23.32
2010-05-12,24.21,24.70,24.19,24.60,27116300,23.67
2010-05-11,24.25,24.61,24.11,24.19,29469800,23.27
2010-05-10,24.03,25.13,23.99,24.39,38947200,23.47
2010-05-07,23.92,24.25,23.11,23.41,63592900,22.52
2010-05-06,24.86,24.97,22.20,23.91,56242000,23.00
2010-05-05,24.85,25.12,24.63,24.94,33663600,24.00
2010-05-04,25.58,25.67,24.71,24.97,48382700,24.02
2010-05-03,26.05,26.15,25.71,26.01,19357000,25.03
2010-04-30,26.07,26.10,25.69,25.87,25567400,24.89
2010-04-29,25.99,26.14,25.71,25.97,18620100,24.99
2010-04-28,26.02,26.11,25.78,25.86,31820300,24.88
2010-04-27,26.34,26.52,25.90,25.98,26235700,25.00
2010-04-26,26.50,26.61,26.25,26.47,20080500,25.47
2010-04-23,26.17,26.52,26.16,26.48,27478900,25.48
2010-04-22,26.14,26.31,25.86,26.24,27275800,25.25
2010-04-21,26.12,26.33,25.98,26.29,24276800,25.29
2010-04-20,26.38,26.41,26.02,26.15,23703400,25.16
2010-04-19,25.98,26.30,25.87,26.19,27078800,25.20
2010-04-16,26.09,26.37,25.91,25.95,42289300,24.97
2010-04-15,26.29,26.40,26.14,26.20,23828200,25.21
2010-04-14,26.34,26.50,26.20,26.38,27920000,25.38
2010-04-13,26.01,26.63,26.00,26.35,33933000,25.35
2010-04-12,26.06,26.28,25.85,26.20,24773300,25.21
2010-04-09,25.80,26.14,25.65,26.13,19663700,25.09
2010-04-08,25.88,26.08,25.72,25.83,28266100,24.80
2010-04-07,25.76,25.99,25.75,25.91,29833200,24.88
2010-04-06,25.37,25.94,25.30,25.83,26937600,24.80
2010-04-05,25.51,25.74,25.35,25.58,19390200,24.56
2010-04-01,25.78,25.95,25.19,25.46,26562700,24.45
2010-03-31,25.33,25.79,25.30,25.71,27196400,24.69
2010-03-30,25.48,25.58,25.22,25.54,29819400,24.53
2010-03-29,25.65,25.85,25.41,25.57,28975300,24.55
2010-03-26,25.70,26.00,25.37,25.69,58562200,24.67
2010-03-25,25.95,26.25,25.72,26.04,54350900,25.01
2010-03-24,25.98,26.00,25.70,25.76,28837000,24.74
2010-03-23,25.67,26.00,25.54,25.99,25834200,24.96
2010-03-22,25.19,25.70,25.16,25.56,24945500,24.55
2010-03-19,25.55,25.73,24.95,25.19,45881000,24.19
2010-03-18,25.43,25.60,25.27,25.38,29185800,24.37
2010-03-17,25.23,25.70,25.14,25.47,30309400,24.46
2010-03-16,25.38,25.41,24.90,25.21,25478300,24.21
2010-03-15,24.92,25.38,24.88,25.28,22025300,24.28
2010-03-12,25.12,25.19,24.73,25.05,35344700,24.06
2010-03-11,24.80,25.25,24.80,25.14,24214600,24.14
2010-03-10,24.79,25.02,24.68,24.87,23095900,23.88
2010-03-09,24.60,25.10,24.56,24.88,21835800,23.89
2010-03-08,24.97,24.97,24.68,24.70,16843600,23.72
2010-03-05,24.86,25.00,24.84,24.95,19312900,23.96
2010-03-04,24.47,24.86,24.28,24.76,20925500,23.78
2010-03-03,24.51,24.69,24.40,24.50,20726400,23.53
2010-03-02,24.79,24.95,24.52,24.58,23535000,23.60
2010-03-01,24.60,24.91,24.54,24.74,19744300,23.76
2010-02-26,24.96,24.96,24.54,24.65,21048700,23.67
2010-02-25,24.45,24.90,24.21,24.87,29145200,23.88
2010-02-24,24.63,24.83,24.46,24.77,24530400,23.79
2010-02-23,24.81,24.89,24.38,24.48,25098300,23.51
2010-02-22,24.59,24.98,24.44,24.81,37081800,23.82
2010-02-19,24.41,24.54,24.18,24.32,25941000,23.35
2010-02-18,24.11,24.57,24.06,24.52,31679100,23.55
2010-02-17,23.95,24.28,23.94,24.18,26147200,23.22
2010-02-16,23.69,23.85,23.44,23.81,21582200,22.86
2010-02-12,23.11,23.50,22.97,23.41,33657700,22.48
2010-02-11,23.06,23.51,22.83,23.35,28159000,22.42
2010-02-10,23.51,23.61,22.92,23.11,40139200,22.19
2010-02-09,23.47,23.72,23.25,23.51,34084100,22.58
2010-02-08,23.54,23.65,23.10,23.12,32929200,22.20
2010-02-05,23.35,23.67,23.07,23.55,45919600,22.62
2010-02-04,23.61,23.78,23.10,23.11,33254900,22.19
2010-02-03,23.75,23.84,23.52,23.75,23101100,22.81
2010-02-02,23.33,23.85,23.24,23.76,32150600,22.82
2010-02-01,23.36,23.38,22.86,23.22,29572800,22.30
2010-01-29,23.65,23.83,22.98,23.06,49957800,22.14
2010-01-28,24.08,24.18,23.29,23.47,41245700,22.54
2010-01-27,23.90,24.05,23.54,23.86,28819300,22.91
2010-01-26,23.93,24.13,23.70,23.88,28746000,22.93
2010-01-25,24.24,24.27,23.82,24.03,26366600,23.08
2010-01-22,24.94,25.05,24.11,24.15,33681500,23.19
2010-01-21,25.19,25.54,24.59,24.83,41756100,23.84
2010-01-20,25.05,25.13,24.51,25.06,39971500,24.07
2010-01-19,25.32,25.50,25.12,25.33,22732200,24.32
2010-01-15,25.47,25.64,24.99,25.24,42296200,24.24
2010-01-14,25.13,25.58,25.05,25.34,44685200,24.33
2010-01-13,24.63,24.99,24.55,24.80,24912300,23.77
2010-01-12,24.56,24.61,24.31,24.56,26204600,23.54
2010-01-11,24.69,24.80,24.37,24.69,19002400,23.66
2010-01-08,24.28,24.75,24.25,24.68,23542400,23.65
2010-01-07,24.46,24.61,24.08,24.38,30469700,23.36
2010-01-06,24.77,24.92,24.38,24.46,24560700,23.44
2010-01-05,24.72,24.85,24.35,24.82,28669900,23.79
2010-01-04,24.66,25.19,24.66,24.85,26795000,23.82
2009-12-31,24.94,24.95,24.48,24.53,17714100,23.51
2009-12-30,24.92,25.05,24.70,24.93,18697400,23.89
2009-12-29,25.01,25.11,24.91,25.01,16214100,23.97
2009-12-28,24.83,24.99,24.72,24.97,15927500,23.93
2009-12-24,24.72,24.96,24.67,24.95,7782700,23.91
2009-12-23,24.46,24.75,24.36,24.73,19257800,23.70
2009-12-22,24.51,24.63,24.24,24.46,23847200,23.44
2009-12-21,24.39,24.57,24.22,24.43,26935500,23.41
2009-12-18,24.01,24.74,23.98,24.34,88246400,23.33
2009-12-17,23.07,23.19,22.77,22.88,35972600,21.93
2009-12-16,23.35,23.46,23.08,23.12,30037100,22.16
2009-12-15,23.11,23.46,23.06,23.16,24653700,22.20
2009-12-14,22.96,23.44,22.91,23.31,32293900,22.34
2009-12-11,22.70,22.86,22.49,22.78,26741900,21.83
2009-12-10,22.33,22.67,22.23,22.59,34877300,21.65
2009-12-09,21.99,22.02,21.62,21.95,28550400,21.04
2009-12-08,22.31,22.36,21.89,21.91,27902700,21.00
2009-12-07,22.72,22.89,22.35,22.48,24138100,21.54
2009-12-04,22.81,23.00,22.55,22.83,27814200,21.88
2009-12-03,22.66,22.91,22.60,22.64,22492500,21.70
2009-12-02,22.53,22.75,22.41,22.66,21160800,21.72
2009-12-01,22.16,22.57,22.08,22.44,28447900,21.51
2009-11-30,22.01,22.15,21.80,22.08,26291700,21.16
2009-11-27,22.16,22.30,22.00,22.09,12569100,21.17
2009-11-25,22.34,22.72,22.20,22.60,24123500,21.66
2009-11-24,22.70,22.70,22.09,22.14,24232600,21.22
2009-11-23,22.58,22.72,22.45,22.60,22713600,21.66
2009-11-20,22.27,22.39,22.18,22.34,24493900,21.41
2009-11-19,22.69,22.71,22.23,22.39,17651800,21.46
2009-11-18,22.66,22.82,22.54,22.80,14827600,21.85
2009-11-17,22.71,22.80,22.60,22.80,26126600,21.85
2009-11-16,22.36,22.89,22.30,22.83,33383000,21.88
2009-11-13,22.05,22.36,21.95,22.34,24660700,21.41
2009-11-12,22.01,22.13,21.94,22.04,24305100,21.12
2009-11-11,21.83,22.05,21.75,21.90,19488200,20.99
2009-11-10,21.64,21.88,21.60,21.80,22687100,20.89
2009-11-09,21.61,21.87,21.50,21.83,22678100,20.92
2009-11-06,21.17,21.58,21.11,21.42,22995100,20.53
2009-11-05,21.18,21.52,21.11,21.32,22058800,20.43
2009-11-04,20.82,21.20,20.65,20.90,32398300,20.03
2009-11-03,21.00,21.06,20.65,20.89,20646000,20.02
2009-11-02,21.06,21.22,20.80,21.09,27906900,20.21
2009-10-30,21.32,21.61,21.05,21.10,37101800,20.22
2009-10-29,21.42,21.47,21.20,21.45,32212000,20.56
2009-10-28,21.29,21.50,20.87,21.30,30525600,20.41
2009-10-27,21.87,22.23,21.80,21.87,28669700,20.96
2009-10-26,22.13,22.38,21.85,21.99,28175900,21.07
2009-10-23,22.26,22.47,21.95,22.05,31577900,21.13
2009-10-22,21.95,22.26,21.83,22.19,27044900,21.27
2009-10-21,22.10,22.40,22.00,22.03,31267500,21.11
2009-10-20,22.23,22.34,21.90,22.19,35900300,21.27
2009-10-19,22.02,22.49,21.87,22.42,51697400,21.49
2009-10-16,21.20,22.03,21.18,21.81,65051600,20.90
2009-10-15,21.05,21.32,20.99,21.32,30361300,20.43
2009-10-14,21.17,21.50,21.12,21.19,41225400,20.31
2009-10-13,20.75,20.98,20.65,20.91,27852300,20.04
2009-10-12,20.73,20.92,20.60,20.72,32400900,19.86
2009-10-09,20.74,21.03,20.66,20.74,39813300,19.88
2009-10-08,20.65,21.06,20.59,20.80,46644500,19.89
2009-10-07,20.52,20.95,20.47,20.57,41754000,19.67
2009-10-06,20.47,20.60,20.30,20.54,37202700,19.64
2009-10-05,20.46,20.68,20.16,20.39,34471700,19.49
2009-10-02,20.25,20.64,20.24,20.34,41680500,19.45
2009-10-01,20.73,20.75,20.10,20.36,45924800,19.47
2009-09-30,21.17,21.20,20.65,20.84,44303900,19.92
2009-09-29,21.12,21.38,21.10,21.12,23280900,20.19
2009-09-28,20.87,21.34,20.83,21.17,28379500,20.24
2009-09-25,21.10,21.20,20.83,20.86,35144400,19.94
2009-09-24,21.16,21.35,21.06,21.17,28392800,20.24
2009-09-23,21.47,21.47,21.05,21.13,40677800,20.20
2009-09-22,21.59,21.71,21.35,21.41,34159300,20.47
2009-09-21,21.56,21.82,21.50,21.57,25487400,20.62
2009-09-18,21.72,21.87,21.57,21.62,70094400,20.67
2009-09-17,21.42,21.76,21.32,21.52,92155400,20.57
2009-09-16,22.60,22.61,21.98,22.13,86377100,21.16
2009-09-15,22.73,22.88,22.60,22.66,24791100,21.66
2009-09-14,22.78,22.93,22.60,22.72,24067800,21.72
2009-09-11,22.82,22.95,22.67,22.86,22601200,21.86
2009-09-10,22.57,22.80,22.46,22.76,23557100,21.76
2009-09-09,21.97,22.58,21.88,22.52,31035100,21.53
2009-09-08,22.12,22.12,21.77,21.88,24532500,20.92
2009-09-04,21.57,22.10,21.54,21.97,17831800,21.00
2009-09-03,21.57,21.60,21.22,21.56,28597100,20.61
2009-09-02,21.83,22.03,21.68,21.77,21034500,20.81
2009-09-01,21.77,22.31,21.67,21.94,34860200,20.98
2009-08-31,22.00,22.19,21.73,21.88,26421900,20.92
2009-08-28,22.30,22.61,22.10,22.16,23965200,21.19
2009-08-27,22.16,22.21,21.78,22.16,20012300,21.19
2009-08-26,22.17,22.26,22.00,22.20,18779300,21.22
2009-08-25,22.49,22.55,22.20,22.23,30600400,21.25
2009-08-24,22.13,22.49,22.04,22.32,22218700,21.34
2009-08-21,22.14,22.14,21.74,22.11,29644200,21.14
2009-08-20,21.72,22.05,21.61,21.94,21178600,20.98
2009-08-19,21.32,21.84,21.20,21.78,22257400,20.82
2009-08-18,21.45,21.96,21.31,21.58,16120100,20.63
2009-08-17,21.65,21.75,21.37,21.40,19838400,20.46
2009-08-14,21.89,22.08,21.66,21.96,24254700,21.00
2009-08-13,21.94,22.03,21.77,21.99,25740300,21.02
2009-08-12,21.30,22.10,21.25,21.88,34000100,20.92
2009-08-11,21.08,21.41,21.03,21.28,25855600,20.34
2009-08-10,21.21,21.41,21.03,21.25,19521600,20.32
2009-08-07,21.43,21.84,21.37,21.43,25561400,20.49
2009-08-06,21.42,21.94,21.09,21.21,28036000,20.28
2009-08-05,21.83,21.85,21.18,21.44,36001800,20.50
2009-08-04,22.24,22.28,21.68,21.89,28735000,20.93
2009-08-03,22.32,22.38,22.00,22.30,24046200,21.32
2009-07-31,22.16,22.42,22.07,22.13,24391100,21.16
2009-07-30,22.24,22.47,21.91,22.14,28861800,21.17
2009-07-29,22.13,22.28,21.83,22.01,21026500,21.04
2009-07-28,21.86,22.32,21.72,22.24,26375300,21.26
2009-07-27,22.29,22.31,21.75,21.98,23778600,21.01
2009-07-24,21.94,22.48,21.91,22.33,24623700,21.35
2009-07-23,21.65,22.40,21.59,22.20,33195600,21.22
2009-07-22,21.84,21.98,21.63,21.75,26150500,20.79
2009-07-21,21.97,22.00,21.43,21.93,36397100,20.97
2009-07-20,21.70,21.83,21.34,21.51,28079300,20.56
2009-07-17,21.69,21.74,21.40,21.74,21094800,20.78
2009-07-16,21.57,21.77,21.34,21.64,24399500,20.69
2009-07-15,20.82,21.53,20.77,21.51,32308800,20.56
2009-07-14,20.64,20.72,20.28,20.63,22065800,19.72
2009-07-13,20.52,20.73,20.12,20.72,26523000,19.81
2009-07-10,20.20,20.63,20.19,20.49,22410400,19.54
2009-07-09,20.54,20.77,20.18,20.32,31907000,19.38
2009-07-08,20.21,20.79,19.79,20.57,55776800,19.62
2009-07-07,20.67,20.78,20.12,20.18,35542700,19.25
2009-07-06,20.92,21.04,20.50,20.67,37209100,19.71
2009-07-02,21.33,21.34,20.86,21.04,27417800,20.07
2009-07-01,21.63,22.00,21.62,21.74,28169700,20.73
2009-06-30,21.50,21.75,21.28,21.42,32109600,20.43
2009-06-29,21.34,21.71,21.22,21.50,28022200,20.51
2009-06-26,21.54,21.54,21.15,21.24,37033500,20.26
2009-06-25,21.25,21.71,21.13,21.63,49521000,20.63
2009-06-24,20.86,21.75,20.78,21.26,99417800,20.28
2009-06-23,20.21,20.21,19.73,19.87,39341200,18.95
2009-06-22,20.42,20.75,19.93,19.97,38852500,19.05
2009-06-19,20.42,20.92,20.37,20.66,51092900,19.70
2009-06-18,20.17,20.46,19.98,20.25,34591500,19.31
2009-06-17,19.72,20.17,19.70,19.94,33324200,19.02
2009-06-16,20.18,20.27,19.68,19.69,41410900,18.78
2009-06-15,20.64,20.65,20.00,20.22,40579100,19.28
2009-06-12,20.85,21.00,19.47,20.85,23154700,19.89
2009-06-11,20.66,21.20,20.66,20.94,26073600,19.97
2009-06-10,21.06,21.19,20.43,20.74,33270900,19.78
2009-06-09,20.95,21.20,20.83,20.99,23790000,20.02
2009-06-08,20.60,21.07,20.53,20.87,34885600,19.90
2009-06-05,20.82,20.90,20.51,20.71,26652000,19.75
2009-06-04,20.34,20.67,20.26,20.61,30251800,19.66
2009-06-03,20.24,20.51,20.09,20.34,27013500,19.40
2009-06-02,19.77,20.44,19.77,20.35,31008500,19.41
2009-06-01,19.75,20.02,19.60,19.92,31616300,19.00
2009-05-29,19.28,19.60,19.16,19.59,42625200,18.68
2009-05-28,19.01,19.37,18.83,19.21,25588900,18.32
2009-05-27,18.98,19.45,18.91,18.99,27633200,18.11
2009-05-26,18.46,19.20,18.28,19.07,28315900,18.19
2009-05-22,18.58,19.09,18.44,18.65,24378600,17.79
2009-05-21,18.76,18.83,18.35,18.57,26281200,17.71
2009-05-20,19.08,19.40,18.88,18.94,29082600,18.06
2009-05-19,18.79,19.21,18.77,18.97,23414200,18.09
2009-05-18,18.69,18.94,18.47,18.92,22953400,18.04
2009-05-15,18.59,18.74,18.35,18.42,22884500,17.57
2009-05-14,18.24,18.58,18.10,18.46,26242700,17.61
2009-05-13,18.15,18.34,17.97,18.07,29146000,17.23
2009-05-12,18.64,18.67,18.08,18.38,33700100,17.53
2009-05-11,18.15,18.83,18.04,18.56,32102300,17.70
2009-05-08,18.60,18.78,18.12,18.32,41125900,17.47
2009-05-07,18.99,19.15,18.19,18.42,54151100,17.57
2009-05-06,19.15,19.19,18.69,19.06,27110300,18.18
2009-05-05,19.17,19.19,18.67,19.01,29366500,18.13
2009-05-04,19.40,19.44,18.96,18.97,38586500,18.09
2009-05-01,19.35,19.44,19.12,19.34,20402200,18.45
2009-04-30,19.75,19.94,19.04,19.34,49416900,18.45
2009-04-29,19.45,19.80,19.41,19.60,28310800,18.69
2009-04-28,19.57,19.93,19.51,19.74,25051800,18.83
2009-04-27,19.59,20.28,19.52,19.77,29389700,18.86
2009-04-24,19.75,20.18,19.65,19.79,42970200,18.87
2009-04-23,19.40,19.71,19.14,19.68,36144600,18.77
2009-04-22,19.52,19.75,19.09,19.35,40035100,18.45
2009-04-21,18.78,19.85,18.64,19.53,66973800,18.63
2009-04-20,17.76,19.08,17.73,18.82,84059500,17.95
2009-04-17,19.24,19.45,18.73,19.06,32850100,18.18
2009-04-16,18.81,19.29,18.58,19.18,30286800,18.29
2009-04-15,18.69,18.74,18.11,18.59,28350500,17.73
2009-04-14,18.77,19.01,18.61,18.87,30604400,18.00
2009-04-13,18.87,19.23,18.86,19.06,21743200,18.18
2009-04-09,18.83,19.20,18.79,19.11,25806100,18.23
2009-04-08,18.69,18.76,18.33,18.57,25522400,17.71
2009-04-07,18.79,18.86,18.36,18.54,29049200,17.68
2009-04-06,19.00,19.11,18.69,19.11,29302100,18.23
2009-04-03,18.88,19.45,18.87,19.29,40966900,18.35
2009-04-02,18.93,19.30,18.65,18.82,46061500,17.90
2009-04-01,17.86,18.68,17.73,18.58,37135900,17.67
2009-03-31,17.93,18.39,17.82,18.07,34583400,17.19
2009-03-30,17.66,17.70,17.25,17.66,33143900,16.80
2009-03-27,18.45,18.45,17.93,18.01,34232800,17.13
2009-03-26,18.25,18.68,18.18,18.68,34216000,17.77
2009-03-25,18.03,18.34,17.70,18.09,34714200,17.21
2009-03-24,17.90,18.22,17.70,17.91,32228100,17.04
2009-03-23,17.34,18.25,17.26,18.25,46048300,17.36
2009-03-20,17.50,17.71,17.00,17.10,75071700,16.27
2009-03-19,17.56,18.09,17.35,17.37,112624400,16.52
2009-03-18,15.15,16.09,15.07,15.83,58521300,15.06
2009-03-17,14.93,15.60,14.65,15.40,52106400,14.65
2009-03-16,15.54,15.80,14.83,14.90,39883700,14.17
2009-03-13,15.65,15.70,15.28,15.56,30867300,14.80
2009-03-12,15.35,15.68,15.08,15.63,27419900,14.87
2009-03-11,15.28,15.46,14.73,15.34,46562000,14.59
2009-03-10,14.17,15.19,14.00,15.09,58945900,14.35
2009-03-09,14.31,14.70,13.80,13.85,60034700,13.17
2009-03-06,14.60,14.86,14.14,14.47,52932400,13.76
2009-03-05,14.94,15.28,14.52,14.53,67101400,13.82
2009-03-04,15.40,15.48,14.85,14.96,71256500,14.23
2009-03-03,15.40,15.45,14.97,15.01,39128500,14.28
2009-03-02,15.21,15.69,15.14,15.20,47340600,14.46
2009-02-27,15.50,15.83,15.41,15.54,52301300,14.78
2009-02-26,16.37,16.37,15.78,15.78,36230900,15.01
2009-02-25,16.38,16.57,16.01,16.24,33469700,15.45
2009-02-24,15.77,16.50,15.75,16.44,37697900,15.64
2009-02-23,16.52,16.68,15.82,15.86,32342400,15.09
2009-02-20,16.64,16.75,16.34,16.56,46460000,15.75
2009-02-19,17.34,17.37,16.80,16.83,32818200,16.01
2009-02-18,17.07,17.51,17.00,17.24,41327900,16.40
2009-02-17,17.15,17.34,16.81,16.96,41029500,16.13
2009-02-13,17.51,17.96,17.43,17.72,27489800,16.86
2009-02-12,17.55,17.61,16.94,17.55,42572500,16.69
2009-02-11,17.65,18.01,17.57,17.80,28637900,16.93
2009-02-10,17.82,18.09,17.24,17.58,44734500,16.72
2009-02-09,17.95,18.09,17.82,18.05,23314600,17.17
2009-02-06,17.69,18.07,17.48,17.97,29569000,17.09
2009-02-05,16.86,17.70,16.74,17.62,35402800,16.76
2009-02-04,17.15,17.63,17.05,17.21,26574100,16.37
2009-02-03,16.85,17.06,16.50,17.05,31190700,16.22
2009-02-02,16.60,17.10,16.51,16.90,25466300,16.08
2009-01-30,17.62,17.76,16.79,16.83,33537000,16.01
2009-01-29,17.67,17.87,17.26,17.59,27538600,16.73
2009-01-28,17.71,18.01,17.44,17.84,32607600,16.97
2009-01-27,17.02,17.43,16.98,17.28,27379200,16.44
2009-01-26,16.82,17.36,16.78,16.96,27890000,16.13
2009-01-23,16.43,17.02,16.39,16.78,34362500,15.96
2009-01-22,16.43,16.93,16.41,16.65,36650800,15.84
2009-01-21,16.40,16.92,16.25,16.89,56144800,16.07
2009-01-20,16.90,16.98,16.05,16.10,34055200,15.32
2009-01-16,16.74,17.06,16.41,16.91,38250300,16.09
2009-01-15,16.33,16.68,15.87,16.53,45102600,15.72
2009-01-14,16.87,16.92,16.18,16.36,39968400,15.56
2009-01-13,17.00,17.32,16.91,17.14,32780400,16.30
2009-01-12,17.41,17.47,16.84,17.05,34575200,16.22
2009-01-09,17.71,17.71,17.25,17.36,32028400,16.51
2009-01-08,17.50,17.67,17.31,17.62,35148700,16.76
2009-01-07,18.06,18.25,17.48,17.65,38635700,16.79
2009-01-06,18.17,18.70,18.03,18.39,29856600,17.49
2009-01-05,18.19,18.25,17.86,18.09,28309400,17.21
2009-01-02,17.64,18.48,17.62,18.41,27833600,17.51
2008-12-31,17.81,17.99,17.68,17.73,23404500,16.87
2008-12-30,17.35,17.86,17.25,17.83,24498300,16.96
2008-12-29,17.32,17.40,17.02,17.22,21226900,16.38
2008-12-26,17.40,17.46,17.26,17.43,9496000,16.58
2008-12-24,17.35,17.45,17.18,17.32,8337100,16.48
2008-12-23,17.53,17.76,17.08,17.30,26611800,16.46
2008-12-22,17.79,17.79,17.17,17.52,32738500,16.67
2008-12-19,17.44,18.16,16.61,17.78,90125800,16.91
2008-12-18,16.83,16.97,16.34,16.61,45269900,15.80
2008-12-17,16.97,17.04,16.68,16.74,38961500,15.92
2008-12-16,16.61,17.40,16.51,17.27,57317700,16.43
2008-12-15,16.40,16.64,16.13,16.45,37179300,15.65
2008-12-12,16.11,16.94,16.07,16.84,33021700,16.02
2008-12-11,17.29,17.29,16.40,16.46,36833500,15.66
2008-12-10,17.14,17.59,16.89,17.39,36795000,16.54
2008-12-09,16.74,17.67,16.60,16.94,44413400,16.11
2008-12-08,16.51,17.32,16.35,17.04,49736700,16.21
2008-12-05,15.23,16.40,15.17,16.32,57184100,15.52
2008-12-04,15.82,15.99,15.20,15.44,48105900,14.69
2008-12-03,15.92,16.15,15.62,16.13,72210200,15.34
2008-12-02,15.61,16.02,15.26,15.79,41701000,15.02
2008-12-01,15.71,16.04,15.38,15.47,51362300,14.72
2008-11-28,16.10,16.15,15.75,16.09,19899100,15.31
2008-11-26,15.65,16.25,15.64,16.14,52962900,15.35
2008-11-25,16.84,16.85,15.72,15.98,73396600,15.20
2008-11-24,16.57,16.99,16.32,16.64,75407900,15.83
2008-11-21,15.44,16.49,15.10,16.38,73239000,15.58
2008-11-20,16.02,16.76,15.32,15.40,67199300,14.65
2008-11-19,16.90,17.30,15.97,16.00,65869100,15.22
2008-11-18,16.52,17.03,15.92,17.02,55664200,16.19
2008-11-17,16.61,16.99,16.30,16.41,41318500,15.61
2008-11-14,17.26,17.79,16.66,16.90,51944100,16.08
2008-11-13,16.33,17.75,15.63,17.72,62134400,16.86
2008-11-12,16.82,17.04,16.40,16.47,44447600,15.67
2008-11-11,17.38,17.52,16.79,17.29,35681000,16.45
2008-11-10,17.83,17.84,17.36,17.56,24816800,16.70
2008-11-07,17.08,17.66,16.97,17.53,35136500,16.68
2008-11-06,17.43,17.58,16.65,16.85,54420800,16.03
2008-11-05,18.65,18.76,17.71,17.82,37384600,16.95
2008-11-04,18.50,19.00,18.32,18.90,38671300,17.98
2008-11-03,18.11,18.41,18.04,18.33,28389100,17.44
2008-10-31,17.86,18.62,17.81,18.29,55114800,17.40
2008-10-30,18.13,18.61,17.79,18.32,71484400,17.43
2008-10-29,17.36,18.37,16.77,17.29,58715900,16.45
2008-10-28,16.40,17.68,15.57,17.62,47608000,16.76
2008-10-27,15.99,16.77,15.31,15.77,62876600,15.00
2008-10-24,15.71,16.71,15.48,16.20,54151300,15.41
2008-10-23,16.98,17.47,16.01,16.95,62156400,16.12
2008-10-22,17.25,17.50,16.61,17.17,46864400,16.33
2008-10-21,17.90,18.41,17.59,17.69,46932000,16.83
2008-10-20,17.36,18.16,17.10,18.16,42566000,17.27
2008-10-17,16.41,17.99,16.21,17.02,52293900,16.19
2008-10-16,16.16,16.99,15.31,16.99,70756900,16.16
2008-10-15,17.40,17.73,15.94,15.95,55101100,15.17
2008-10-14,19.34,19.44,17.37,17.69,59134200,16.83
2008-10-13,17.52,18.87,17.04,18.86,54677400,17.94
2008-10-10,15.70,17.03,15.28,16.68,96946200,15.87
2008-10-09,17.22,17.56,16.00,16.21,58118900,15.42
2008-10-08,16.31,17.63,16.01,16.88,75915900,16.06
2008-10-07,18.29,18.50,16.78,16.78,64087300,15.96
2008-10-06,18.89,19.30,17.25,18.30,79751400,17.41
2008-10-03,19.67,20.54,19.48,19.48,53659800,18.53
2008-10-02,19.84,19.99,19.36,19.49,43966500,18.54
2008-10-01,20.19,20.19,19.55,19.86,35077900,18.89
2008-09-30,19.11,20.41,19.10,20.31,51036400,19.32
2008-09-29,20.34,20.53,18.00,18.77,59105400,17.86
2008-09-26,19.99,20.85,19.98,20.62,39221800,19.61
2008-09-25,20.34,20.82,20.21,20.47,40432400,19.47
2008-09-24,19.90,20.50,19.77,19.95,32234300,18.98
2008-09-23,19.82,20.55,19.64,19.69,42062600,18.73
2008-09-22,19.98,20.76,19.60,19.75,39592900,18.79
2008-09-19,20.99,21.00,15.00,20.07,76248200,19.09
2008-09-18,18.37,18.95,17.84,18.75,76944900,17.84
2008-09-17,18.69,18.82,18.07,18.10,50033700,17.22
2008-09-16,18.60,19.05,18.40,18.96,61197300,18.04
2008-09-15,19.05,19.49,18.92,19.01,41749400,18.08
2008-09-12,19.22,19.67,19.04,19.61,39169200,18.65
2008-09-11,19.03,19.40,18.89,19.35,49981500,18.41
2008-09-10,19.35,19.40,19.03,19.16,52165600,18.23
2008-09-09,19.40,19.85,19.02,19.17,62465800,18.24
2008-09-08,20.37,20.65,18.94,19.26,93829900,18.32
2008-09-05,19.72,20.32,19.70,20.07,47196900,19.09
2008-09-04,20.84,20.89,19.92,19.93,80189500,18.96
2008-09-03,21.52,21.57,21.01,21.19,40639000,20.16
2008-09-02,22.30,22.37,21.50,21.55,43670400,20.50
2008-08-29,22.40,22.43,21.70,21.93,35278800,20.86
2008-08-28,22.29,22.73,22.27,22.64,18706100,21.54
2008-08-27,22.20,22.57,22.13,22.34,21416200,21.25
2008-08-26,22.16,22.38,22.01,22.15,16293400,21.07
2008-08-25,22.54,22.71,22.19,22.21,20109600,21.13
2008-08-22,22.52,22.82,22.39,22.70,18335600,21.59
2008-08-21,22.39,22.45,22.16,22.30,22441800,21.21
2008-08-20,22.68,22.95,22.50,22.66,21921000,21.56
2008-08-19,22.68,22.77,22.45,22.56,22491600,21.46
2008-08-18,23.05,23.23,22.55,22.77,23069400,21.66
2008-08-15,23.33,23.45,22.92,23.06,26526700,21.94
2008-08-14,22.78,23.40,22.75,23.19,32146100,22.06
2008-08-13,22.79,23.15,22.57,23.01,26117000,21.89
2008-08-12,22.98,23.01,22.68,22.90,29979400,21.78
2008-08-11,23.41,23.52,22.92,23.08,33999200,21.95
2008-08-08,22.75,23.62,22.64,23.52,47770000,22.37
2008-08-07,22.63,23.02,22.46,22.75,38857800,21.64
2008-08-06,22.08,22.91,22.03,22.86,42928500,21.75
2008-08-05,21.42,22.22,21.31,22.21,42677200,21.13
2008-08-04,21.49,21.59,21.14,21.25,26000600,20.21
2008-08-01,21.58,21.69,21.27,21.50,25008100,20.45
2008-07-31,21.06,21.90,20.98,21.53,37252500,20.48
2008-07-30,21.41,21.45,20.97,21.31,31664400,20.27
2008-07-29,20.86,21.57,20.84,21.43,31769100,20.39
2008-07-28,20.73,21.10,20.69,20.72,20871700,19.71
2008-07-25,20.97,20.98,20.64,20.95,22856500,19.93
2008-07-24,21.19,21.39,20.85,20.95,30294300,19.93
2008-07-23,21.54,21.59,21.14,21.50,32196800,20.45
2008-07-22,21.16,21.62,21.15,21.59,32973700,20.54
2008-07-21,21.20,21.42,21.02,21.09,21452900,20.06
2008-07-18,20.89,21.25,20.65,21.18,35894400,20.15
2008-07-17,20.50,21.04,20.37,20.86,37414500,19.84
2008-07-16,20.22,20.55,20.09,20.44,37598100,19.44
2008-07-15,20.25,20.45,19.98,20.25,51034800,19.26
2008-07-14,21.10,21.19,20.26,20.45,38892700,19.45
2008-07-11,21.07,21.25,20.70,20.96,36881300,19.94
2008-07-10,21.17,21.42,20.93,21.29,31664300,20.25
2008-07-09,21.48,21.61,21.07,21.11,41640900,20.08
2008-07-08,21.09,21.60,20.97,21.58,38512800,20.53
2008-07-07,20.78,21.33,20.61,21.09,34574700,20.06
2008-07-03,21.04,21.19,20.69,20.73,21598100,19.72
2008-07-02,21.27,21.40,20.80,20.82,32334200,19.81
2008-07-01,20.79,21.34,20.65,21.31,47419800,20.27
2008-06-30,21.08,21.35,21.00,21.00,36317800,19.98
2008-06-27,21.39,21.71,20.97,21.29,40295600,20.25
2008-06-26,21.68,22.22,21.42,21.42,70022700,20.38
2008-06-25,22.41,22.85,22.19,22.55,61229800,21.45
2008-06-24,21.94,22.44,21.82,22.23,28450200,21.15
2008-06-23,22.31,22.41,21.83,22.08,32593700,21.00
2008-06-20,22.64,22.68,21.91,22.10,52614700,21.02
2008-06-19,22.33,23.00,22.27,22.70,41127200,21.59
2008-06-18,22.35,22.67,22.22,22.44,23148400,21.35
2008-06-17,23.02,23.02,22.50,22.53,27281700,21.43
2008-06-16,22.49,23.00,22.33,22.94,32562000,21.82
2008-06-13,22.09,22.66,21.95,22.63,31789500,21.53
2008-06-12,22.13,22.26,21.73,21.86,35103700,20.79
2008-06-11,22.56,22.78,22.05,22.07,28994300,20.99
2008-06-10,22.31,22.67,22.12,22.50,28076900,21.40
2008-06-09,22.64,22.67,22.25,22.55,26286600,21.45
2008-06-06,23.00,23.06,22.46,22.46,41297500,21.37
2008-06-05,22.85,23.21,22.71,23.18,31050400,22.05
2008-06-04,22.71,23.15,22.71,22.91,35156400,21.79
2008-06-03,22.74,23.57,22.70,22.91,50881500,21.79
2008-06-02,22.77,22.77,22.35,22.68,31834700,21.57
2008-05-30,22.81,22.94,22.68,22.84,25258000,21.73
2008-05-29,22.84,23.00,22.48,22.79,32460500,21.68
2008-05-28,22.79,22.95,22.64,22.79,26752100,21.68
2008-05-27,22.05,22.75,22.02,22.66,29198000,21.56
2008-05-23,22.29,22.30,21.89,21.98,19994200,20.91
2008-05-22,22.07,22.47,22.06,22.31,24186400,21.22
2008-05-21,22.24,22.71,21.94,22.01,30644300,20.94
2008-05-20,22.24,22.44,22.05,22.16,25913800,21.08
2008-05-19,22.04,22.75,21.87,22.43,41541600,21.34
2008-05-16,21.90,21.97,21.41,21.68,33779900,20.62
2008-05-15,21.62,21.91,21.54,21.87,21660300,20.80
2008-05-14,21.73,22.14,21.60,21.78,26521200,20.72
2008-05-13,21.55,21.72,21.31,21.67,20443900,20.61
2008-05-12,21.13,21.63,21.08,21.51,24786200,20.46
2008-05-09,20.84,21.10,20.70,21.00,21073100,19.98
2008-05-08,21.15,21.28,21.00,21.10,26097900,20.07
2008-05-07,21.43,21.50,20.91,20.99,37811800,19.97
2008-05-06,21.41,21.77,21.25,21.50,32882300,20.45
2008-05-05,21.50,21.68,21.34,21.55,30525500,20.50
2008-05-02,22.06,22.07,21.29,21.51,36754700,20.46
2008-05-01,21.01,21.85,20.96,21.82,35781100,20.76
2008-04-30,21.49,21.58,20.80,20.85,41907200,19.83
2008-04-29,21.41,21.88,21.33,21.76,25801300,20.70
2008-04-28,21.58,21.80,21.38,21.51,24818500,20.46
2008-04-25,21.96,21.98,21.25,21.59,28692400,20.54
2008-04-24,21.92,22.28,21.54,22.01,35155700,20.94
2008-04-23,21.79,21.96,21.69,21.91,25501200,20.84
2008-04-22,21.54,21.88,21.50,21.78,29861500,20.72
2008-04-21,21.64,21.91,21.41,21.76,26095700,20.70
2008-04-18,21.54,21.93,21.23,21.80,47169800,20.74
2008-04-17,20.83,21.22,20.69,21.20,37481600,20.17
2008-04-16,20.30,20.94,20.29,20.77,47112400,19.76
2008-04-15,19.95,20.24,19.93,20.18,24994100,19.20
2008-04-14,19.83,20.15,19.80,19.86,21577300,18.89
2008-04-11,20.09,20.14,19.81,19.84,28955200,18.87
2008-04-10,20.19,20.80,20.16,20.45,49075300,19.45
2008-04-09,19.92,20.26,19.87,20.22,31565400,19.23
2008-04-08,20.03,20.15,19.84,19.92,35278100,18.95
2008-04-07,20.45,20.56,20.20,20.23,24030900,19.24
2008-04-04,20.61,20.69,20.31,20.35,53991200,19.36
2008-04-03,20.40,20.70,20.27,20.68,36848900,19.67
2008-04-02,20.41,20.76,20.26,20.49,32243000,19.49
2008-04-01,19.91,20.42,19.72,20.41,44724400,19.42
2008-03-31,19.48,19.63,19.39,19.56,32073900,18.61
2008-03-28,19.55,19.86,19.32,19.37,38130200,18.43
2008-03-27,19.45,19.70,19.25,19.43,117082800,18.48
2008-03-26,21.29,21.30,20.63,20.94,85438700,19.92
2008-03-25,21.03,21.16,20.72,21.08,43212600,20.05
2008-03-24,20.42,20.91,20.37,20.77,34487700,19.76
2008-03-20,19.86,20.17,19.56,20.08,45441300,19.10
2008-03-19,20.26,20.49,19.55,19.56,43142100,18.61
2008-03-18,19.64,20.05,19.39,20.02,38445300,19.04
2008-03-17,18.93,19.49,18.93,19.28,41039200,18.34
2008-03-14,20.01,20.05,19.27,19.52,43595500,18.57
2008-03-13,19.57,19.99,19.36,19.84,43684900,18.87
2008-03-12,19.58,20.17,19.43,19.68,48200300,18.72
2008-03-11,19.65,19.95,19.10,19.51,48217800,18.56
2008-03-10,19.17,19.50,19.08,19.28,36576100,18.34
2008-03-07,19.13,19.55,18.87,19.00,46510200,18.07
2008-03-06,19.09,19.60,19.07,19.23,69112300,18.29
2008-03-05,18.71,18.98,18.62,18.80,58178200,17.88
2008-03-04,18.82,18.98,18.20,18.44,71509100,17.54
2008-03-03,18.76,19.18,18.66,18.95,41836600,18.03
2008-02-29,19.18,19.19,18.73,18.80,43803100,17.88
2008-02-28,19.10,19.60,18.92,19.41,42274100,18.46
2008-02-27,19.12,19.45,18.81,19.19,37850700,18.25
2008-02-26,18.90,19.35,18.87,19.21,48428800,18.27
2008-02-25,18.85,19.12,18.61,18.97,56319700,18.05
2008-02-22,18.93,19.02,18.18,18.90,61623500,17.98
2008-02-21,19.49,19.60,18.81,18.89,55583400,17.97
2008-02-20,19.02,19.50,18.98,19.43,36662000,18.48
2008-02-19,19.31,19.40,18.99,19.02,34260000,18.09
2008-02-15,19.02,19.22,18.94,19.09,25070700,18.16
2008-02-14,19.65,19.72,19.00,19.09,36483300,18.16
2008-02-13,19.70,19.93,19.46,19.66,33598000,18.70
2008-02-12,19.55,19.89,19.30,19.41,36472700,18.46
2008-02-11,19.21,19.57,19.17,19.44,44115100,18.49
2008-02-08,19.16,19.39,18.94,19.19,38131800,18.25
2008-02-07,19.26,19.60,19.03,19.20,59196500,18.26
2008-02-06,19.54,20.09,19.40,19.68,50356200,18.72
2008-02-05,19.78,19.88,19.21,19.26,55269500,18.32
2008-02-04,20.68,20.68,20.15,20.20,26668700,19.22
2008-02-01,20.78,20.78,20.22,20.68,41937100,19.67
2008-01-31,19.95,20.73,19.88,20.55,52510400,19.55
2008-01-30,20.02,20.60,19.81,20.27,42369000,19.28
2008-01-29,20.23,20.28,19.69,20.07,35571800,19.09
2008-01-28,20.13,20.40,20.01,20.26,29189600,19.27
2008-01-25,21.00,21.08,20.22,20.28,42303500,19.29
2008-01-24,20.60,20.97,20.15,20.61,43764900,19.61
2008-01-23,19.58,20.68,19.52,20.61,56349500,19.61
2008-01-22,20.28,20.79,19.68,20.22,66962800,19.23
2008-01-18,21.35,21.83,21.17,21.58,51486500,20.53
2008-01-17,21.90,21.95,21.30,21.41,52783800,20.37
2008-01-16,21.03,22.33,20.85,21.92,76869400,20.85
2008-01-15,21.76,22.05,21.30,21.31,39579500,20.27
2008-01-14,21.44,22.12,21.10,22.06,48826100,20.98
2008-01-11,21.53,21.69,21.06,21.10,46251400,20.07
2008-01-10,21.46,21.80,21.07,21.68,42107400,20.62
2008-01-09,21.34,21.69,21.15,21.61,47973000,20.56
2008-01-08,22.24,22.32,21.14,21.15,43551600,20.12
2008-01-07,21.96,22.48,21.79,22.25,40045600,21.17
2008-01-04,22.77,22.88,21.79,22.03,44738600,20.96
2008-01-03,22.43,23.11,22.43,23.11,42045400,21.98
2008-01-02,22.55,22.82,22.38,22.49,42775700,21.39
