Date,Open,High,Low,Close,Volume,Adj Close
2013-12-31,73.40,73.50,72.44,72.75,640600,72.53
2013-12-30,73.01,73.65,72.92,73.17,528400,72.94
2013-12-27,73.13,73.75,72.79,72.93,456800,72.71
2013-12-26,73.35,73.74,72.90,73.27,464300,73.04
2013-12-24,72.86,73.91,72.50,73.30,734300,73.07
2013-12-23,72.77,72.90,72.37,72.68,734600,72.46
2013-12-20,72.35,73.11,72.02,72.55,1727300,72.33
2013-12-19,71.95,72.68,71.77,72.19,1081400,71.97
2013-12-18,71.39,72.37,71.00,72.10,1426700,71.88
2013-12-17,72.29,72.73,71.22,71.47,1460000,71.25
2013-12-16,72.44,72.89,72.17,72.42,849900,72.20
2013-12-13,72.85,73.32,72.24,72.36,677600,72.14
2013-12-12,72.94,73.18,72.55,72.61,687900,72.39
2013-12-11,73.09,73.58,72.80,72.92,1148700,72.70
2013-12-10,72.69,73.41,72.61,73.14,832900,72.91
2013-12-09,73.76,73.89,72.74,72.84,1020700,72.62
2013-12-06,73.88,74.00,73.24,73.38,878000,73.15
2013-12-05,72.38,73.42,72.31,72.96,1237700,72.74
2013-12-04,72.49,73.06,71.37,72.57,1313900,72.35
2013-12-03,72.11,72.86,72.08,72.69,1742400,72.47
2013-12-02,72.26,73.99,72.26,72.52,1588800,72.30
2013-11-29,73.56,74.37,73.43,74.11,466800,73.88
2013-11-27,73.98,74.19,73.45,73.52,1161000,73.29
2013-11-26,74.30,74.94,73.43,74.04,2026200,73.81
2013-11-25,73.93,74.20,73.41,74.07,1553500,73.84
2013-11-22,73.62,74.12,71.77,73.53,2792800,73.30
2013-11-21,73.63,75.44,73.58,74.60,1907500,74.37
2013-11-20,74.15,74.61,73.39,73.54,1394400,73.31
2013-11-19,74.33,74.87,73.73,74.00,1096500,73.77
2013-11-18,74.35,75.07,74.33,74.50,1203800,74.27
2013-11-15,73.24,74.65,73.11,74.64,1045200,74.41
2013-11-14,73.47,73.67,72.55,73.32,1091800,73.09
2013-11-13,72.91,73.30,72.40,72.94,878600,72.72
2013-11-12,73.46,73.46,72.21,73.02,737000,72.80
2013-11-11,72.44,73.36,72.42,73.08,922100,72.85
2013-11-08,72.78,73.52,72.23,72.54,1066400,72.32
2013-11-07,73.62,73.81,70.10,72.54,904000,72.32
2013-11-06,71.97,73.20,71.92,73.08,887900,72.85
2013-11-05,71.55,72.61,71.28,72.32,1368700,72.10
2013-11-04,72.00,72.45,71.80,71.98,958900,71.76
2013-11-01,69.77,72.12,69.73,71.94,1466200,71.72
2013-10-31,72.85,72.99,72.20,72.75,725000,72.53
2013-10-30,73.42,73.65,72.50,72.80,915800,72.58
2013-10-29,73.43,74.00,73.28,73.40,862900,72.98
2013-10-28,73.27,74.05,73.20,73.40,855700,72.98
2013-10-25,72.57,73.06,72.43,73.00,723400,72.58
2013-10-24,72.78,72.91,72.36,72.64,759400,72.22
2013-10-23,72.06,72.97,72.06,72.73,1190100,72.31
2013-10-22,71.83,72.76,71.60,72.45,1272300,72.03
2013-10-21,72.10,72.17,71.09,71.49,1428500,71.08
2013-10-18,72.46,73.23,71.67,72.20,1632300,71.79
2013-10-17,70.45,72.22,69.40,71.86,2575100,71.45
2013-10-16,71.97,72.73,71.56,72.59,2200300,72.17
2013-10-15,72.78,73.00,71.92,72.00,1304700,71.59
2013-10-14,73.19,73.74,71.68,72.78,1293000,72.36
2013-10-11,72.83,74.06,72.71,73.73,1388300,73.31
2013-10-10,72.82,73.19,72.31,72.92,1101600,72.50
2013-10-09,73.21,73.46,71.50,71.91,2025500,71.50
2013-10-08,75.33,75.49,73.83,74.10,923000,73.68
2013-10-07,75.64,75.81,75.05,75.49,828300,75.06
2013-10-04,76.35,76.53,75.67,75.90,755700,75.47
2013-10-03,76.73,76.84,75.83,76.15,892300,75.71
2013-10-02,76.64,77.31,75.79,76.80,1139200,76.36
2013-10-01,75.90,77.32,75.76,77.32,1064900,76.88
2013-09-30,75.98,76.31,75.72,76.26,821800,75.82
2013-09-27,74.74,76.92,74.60,76.62,1687500,76.18
2013-09-26,74.23,74.94,74.14,74.54,619400,74.11
2013-09-25,74.74,74.81,73.91,73.98,916600,73.56
2013-09-24,73.88,74.44,73.52,74.33,712700,73.90
2013-09-23,73.39,74.11,73.23,73.79,631400,73.37
2013-09-20,74.06,74.14,73.22,73.74,1268400,73.32
2013-09-19,73.66,74.28,73.58,74.09,724900,73.67
2013-09-18,73.13,73.94,72.35,73.76,888800,73.34
2013-09-17,72.90,73.70,72.77,73.52,502600,73.10
2013-09-16,73.06,73.35,72.50,72.95,615600,72.53
2013-09-13,72.52,73.11,72.41,72.65,483800,72.23
2013-09-12,72.98,73.28,72.24,72.37,793700,71.96
2013-09-11,71.60,73.08,71.37,73.05,997900,72.63
2013-09-10,72.35,72.35,71.21,71.71,709400,71.30
2013-09-09,69.98,70.87,69.98,70.72,764800,70.31
2013-09-06,70.23,70.40,69.18,69.65,825800,69.25
2013-09-05,69.96,70.44,69.71,69.87,918800,69.47
2013-09-04,70.14,70.50,69.75,69.92,1000700,69.52
2013-09-03,71.03,71.76,69.89,70.28,929400,69.88
2013-08-30,70.98,71.25,70.31,70.43,1140200,70.03
2013-08-29,70.02,71.07,70.02,71.00,849900,70.59
2013-08-28,70.13,70.71,70.05,70.30,1074700,69.90
2013-08-27,70.00,70.51,69.54,70.05,1187300,69.65
2013-08-26,71.06,71.50,70.13,70.39,1402500,69.99
2013-08-23,72.52,72.57,70.57,70.95,1654500,70.54
2013-08-22,71.45,72.79,71.35,71.99,1294500,71.58
2013-08-21,72.51,74.28,70.63,71.00,3660400,70.59
2013-08-20,74.22,75.15,74.19,75.00,2206800,74.57
2013-08-19,73.56,74.58,73.51,74.42,1334100,73.99
2013-08-16,74.10,74.64,73.23,73.46,1221900,73.04
2013-08-15,74.03,74.43,73.72,74.00,1011200,73.58
2013-08-14,74.34,74.85,73.98,74.51,1006100,74.08
2013-08-13,74.57,74.97,74.09,74.60,1037200,74.17
2013-08-12,73.90,74.81,73.66,74.76,834800,74.33
2013-08-09,73.58,74.19,73.38,74.02,530800,73.60
2013-08-08,73.71,73.85,72.95,73.76,696300,73.34
2013-08-07,73.55,73.70,73.02,73.25,738900,72.83
2013-08-06,74.64,74.72,73.48,73.78,1360000,73.36
2013-08-05,74.35,75.00,74.35,74.91,651400,74.48
2013-08-02,74.29,74.66,74.01,74.66,828600,74.23
2013-08-01,73.42,74.46,73.31,74.29,2009000,73.86
2013-07-31,72.97,74.01,72.65,73.22,1282500,72.80
2013-07-30,72.53,73.31,72.34,72.69,939400,72.11
2013-07-29,71.49,72.32,71.44,72.31,622400,71.73
2013-07-26,71.68,72.01,71.30,71.96,518500,71.39
2013-07-25,71.31,72.08,71.19,72.05,593700,71.47
2013-07-24,72.13,72.24,70.93,71.15,764200,70.58
2013-07-23,71.58,71.94,71.53,71.77,818600,71.20
2013-07-22,71.45,71.81,70.90,71.64,981600,71.07
2013-07-19,71.64,71.74,71.24,71.55,788900,70.98
2013-07-18,71.96,72.27,71.39,71.42,904500,70.85
2013-07-17,72.50,72.62,71.60,71.66,646800,71.09
2013-07-16,72.70,73.08,72.01,72.09,1069600,71.51
2013-07-15,71.95,72.98,71.93,72.51,1173700,71.93
2013-07-12,71.91,72.07,71.35,72.00,709900,71.43
2013-07-11,71.41,71.91,71.04,71.74,1199000,71.17
2013-07-10,69.52,70.80,69.46,70.63,1224800,70.07
2013-07-09,69.54,69.81,68.90,69.53,651300,68.97
2013-07-08,68.51,69.43,68.38,69.41,751100,68.86
2013-07-05,68.75,68.75,67.81,68.43,613900,67.88
2013-07-03,67.96,68.54,67.75,68.29,414600,67.74
2013-07-02,67.43,68.37,67.34,68.32,1074100,67.77
2013-07-01,67.52,68.01,67.31,67.55,747900,67.01
2013-06-28,66.67,67.54,66.20,66.99,1955400,66.46
2013-06-27,67.36,67.72,66.83,66.88,1328800,66.35
2013-06-26,67.92,68.19,66.80,67.00,1085900,66.46
2013-06-25,67.76,68.25,67.19,67.33,1067900,66.79
2013-06-24,66.80,68.18,66.09,67.23,1278700,66.69
2013-06-21,66.91,67.71,65.70,67.60,2673600,67.06
2013-06-20,67.90,67.92,66.30,66.54,1308200,66.01
2013-06-19,69.50,69.61,68.05,68.12,894200,67.58
2013-06-18,68.97,69.44,68.50,69.40,819800,68.85
2013-06-17,69.44,69.45,68.51,68.89,1114800,68.34
2013-06-14,69.68,70.26,69.01,69.23,1683100,68.68
2013-06-13,67.64,69.00,67.23,68.93,785100,68.38
2013-06-12,68.97,69.00,67.53,67.55,1189500,67.01
2013-06-11,68.01,68.26,67.58,68.19,672900,67.65
2013-06-10,69.16,69.16,67.95,68.49,804700,67.94
2013-06-07,67.91,69.00,67.91,68.93,1069300,68.38
2013-06-06,66.84,67.70,66.83,67.56,627300,67.02
2013-06-05,66.86,67.46,66.78,66.85,822700,66.32
2013-06-04,66.78,67.74,66.50,67.19,1525100,66.65
2013-06-03,67.59,67.65,66.77,67.56,1212100,67.02
2013-05-31,67.85,68.52,67.50,67.50,1314200,66.96
2013-05-30,67.82,68.31,67.77,67.90,1558200,67.36
2013-05-29,68.25,68.63,67.54,67.83,1045900,67.29
2013-05-28,70.08,70.14,68.51,68.75,1239800,68.20
2013-05-24,70.04,70.04,69.10,69.48,1131100,68.93
2013-05-23,70.95,71.05,69.43,70.32,2779800,69.76
2013-05-22,69.89,70.09,68.62,69.06,2165300,68.51
2013-05-21,69.47,69.92,69.03,69.80,2038000,69.24
2013-05-20,69.42,69.64,68.81,69.33,1208900,68.78
2013-05-17,69.06,69.60,68.70,69.60,1316800,69.04
2013-05-16,69.49,69.71,68.70,69.18,1431000,68.63
2013-05-15,69.28,69.80,68.95,69.69,873000,69.13
2013-05-14,68.57,69.17,68.31,69.03,1592800,68.48
2013-05-13,70.36,70.71,68.47,68.60,2842900,68.05
2013-05-10,69.95,70.61,69.22,70.51,1058700,69.95
2013-05-09,69.79,70.33,69.62,69.78,1204700,69.22
2013-05-08,69.00,69.86,68.66,69.68,738300,69.12
2013-05-07,67.95,68.91,67.82,68.89,1263100,68.34
2013-05-06,67.84,68.18,67.54,67.95,1169000,67.41
2013-05-03,67.95,68.60,67.44,67.57,1810700,67.03
2013-05-02,67.89,68.64,67.31,68.40,978900,67.85
2013-05-01,68.07,68.66,67.46,67.56,793500,67.02
2013-04-30,67.10,68.28,66.93,68.18,2225000,67.47
2013-04-29,66.75,67.18,66.00,66.81,1210100,66.12
2013-04-26,67.03,67.26,66.51,66.99,593600,66.29
2013-04-25,67.43,67.50,66.62,66.97,1383200,66.27
2013-04-24,67.23,67.40,66.51,67.25,826300,66.55
2013-04-23,67.22,67.68,66.36,67.14,753400,66.44
2013-04-22,66.90,67.51,66.29,66.83,1112800,66.14
2013-04-19,66.28,67.34,65.82,66.94,1425500,66.24
2013-04-18,66.40,66.73,65.21,65.75,1119400,65.07
2013-04-17,65.66,66.13,65.29,65.79,1477900,65.11
2013-04-16,65.60,66.46,65.60,66.04,1497400,65.35
2013-04-15,66.00,66.50,65.17,65.27,1390400,64.59
2013-04-12,65.88,66.65,65.62,66.16,1149300,65.47
2013-04-11,65.87,67.08,65.49,65.99,2176100,65.30
2013-04-10,64.54,65.43,64.40,65.38,1325600,64.70
2013-04-09,63.69,64.99,63.42,64.66,1491500,63.99
2013-04-08,63.15,63.70,63.03,63.43,1488200,62.77
2013-04-05,62.08,63.35,62.01,63.24,1638200,62.58
2013-04-04,61.73,62.82,61.60,62.80,1176200,62.15
2013-04-03,62.61,62.75,61.63,61.83,1371700,61.19
2013-04-02,62.05,63.01,61.69,62.80,1351200,62.15
2013-04-01,62.19,62.51,61.57,61.74,931800,61.10
2013-03-28,62.13,62.33,61.38,62.10,1255600,61.45
2013-03-27,61.91,62.53,61.91,62.34,805500,61.69
2013-03-26,62.07,62.63,61.84,62.42,1138500,61.77
2013-03-25,62.16,62.49,61.69,61.98,1010200,61.34
2013-03-22,61.84,62.53,61.62,62.24,930500,61.59
2013-03-21,62.00,62.14,61.37,61.61,1141300,60.97
2013-03-20,62.00,62.44,61.80,62.28,1604400,61.63
2013-03-19,62.25,62.50,61.62,61.75,1332100,61.11
2013-03-18,62.00,62.71,61.98,62.19,1463600,61.54
2013-03-15,62.54,62.90,61.99,62.59,1728600,61.94
2013-03-14,62.31,62.97,62.29,62.43,1557300,61.78
2013-03-13,62.06,62.50,61.75,62.20,1788900,61.55
2013-03-12,63.30,63.35,61.77,61.91,3050200,61.27
2013-03-11,63.43,63.73,62.69,62.85,2581700,62.20
2013-03-08,62.30,63.45,61.74,63.42,3020200,62.76
2013-03-07,61.57,62.64,61.30,62.18,9467100,61.53
2013-03-06,66.25,66.72,65.47,66.55,3793400,65.86
2013-03-05,65.72,66.44,65.26,65.94,1760200,65.26
2013-03-04,64.83,66.38,64.70,65.60,1708500,64.92
2013-03-01,64.84,65.28,64.25,64.68,1640900,64.01
2013-02-28,63.77,65.40,63.68,65.11,2162700,64.43
2013-02-27,62.91,63.99,62.58,63.75,1059300,63.09
2013-02-26,62.81,63.31,62.36,62.63,1222400,61.98
2013-02-25,63.30,63.93,61.58,62.61,1538600,61.96
2013-02-22,64.46,64.50,63.66,64.01,896300,63.35
2013-02-21,63.34,64.24,62.92,64.12,1724600,63.45
2013-02-20,63.98,64.50,63.37,63.45,1883100,62.79
2013-02-19,64.80,64.96,62.19,63.98,2785100,63.32
2013-02-15,65.83,66.19,64.71,64.78,1545800,64.11
2013-02-14,65.93,66.27,65.65,65.94,1437400,65.26
2013-02-13,66.29,66.66,65.90,66.05,1173500,65.36
2013-02-12,67.45,67.47,66.29,66.36,1260100,65.67
2013-02-11,67.14,67.63,67.10,67.18,990200,66.48
2013-02-08,66.00,67.20,65.80,67.14,1014800,66.44
2013-02-07,65.91,66.19,65.54,65.96,1360200,65.27
2013-02-06,65.36,66.09,65.20,66.01,1658500,65.32
2013-02-05,64.30,65.45,63.81,65.44,2238100,64.76
2013-02-04,64.60,64.78,63.46,63.58,2018900,62.92
2013-02-01,65.50,65.64,63.67,63.98,1672100,63.32
2013-01-31,65.23,65.95,64.57,65.41,1552200,64.73
2013-01-30,64.71,66.18,64.61,65.10,2038800,64.42
2013-01-29,64.61,64.88,63.46,64.86,3937200,64.19
2013-01-28,67.64,68.23,62.63,63.63,7607100,62.97
2013-01-25,69.68,70.31,69.14,69.99,1034200,69.26
2013-01-24,68.63,69.71,68.37,69.39,1143500,68.67
2013-01-23,68.81,69.02,67.90,68.57,767200,67.86
2013-01-22,68.63,69.35,68.62,69.02,710900,68.30
2013-01-18,68.94,69.16,68.37,68.66,475200,67.95
2013-01-17,68.98,69.54,68.66,68.77,752400,68.06
2013-01-16,68.43,69.08,68.32,68.94,566500,68.22
2013-01-15,67.00,68.50,66.89,68.39,722500,67.68
2013-01-14,68.20,68.38,67.04,67.12,861300,66.42
2013-01-11,69.28,69.46,67.39,68.18,1235400,67.47
2013-01-10,69.09,69.86,68.86,69.43,876900,68.71
2013-01-09,67.92,69.10,67.89,68.92,760000,68.20
2013-01-08,68.75,69.61,67.97,68.03,1092800,67.32
2013-01-07,69.45,69.95,68.69,69.01,494000,68.29
2013-01-04,69.34,69.79,68.47,69.63,855300,68.91
2013-01-03,69.14,69.70,68.70,69.45,598100,68.73
2013-01-02,69.17,69.48,68.67,69.23,755400,68.51
2012-12-31,67.42,68.43,67.40,68.34,666800,67.63
2012-12-28,67.80,68.42,67.54,67.55,384600,66.85
2012-12-27,67.83,68.35,66.73,68.16,774500,67.45
2012-12-26,69.61,69.80,67.74,67.76,677800,67.06
2012-12-24,69.38,69.76,69.10,69.67,270000,68.95
2012-12-21,70.52,70.64,69.03,69.60,1216600,68.88
2012-12-20,70.97,71.24,70.51,70.99,746000,70.25
2012-12-19,71.61,71.68,70.95,71.08,641700,70.34
2012-12-18,70.80,71.47,70.66,71.35,954000,70.61
2012-12-17,70.19,71.02,69.58,71.02,1282400,70.28
2012-12-14,69.61,69.86,69.17,69.25,736300,68.37
2012-12-13,70.31,70.75,69.46,69.51,735600,68.62
2012-12-12,70.29,70.62,69.71,70.18,864300,69.29
2012-12-11,70.64,70.74,69.94,70.04,632000,69.15
2012-12-10,70.30,70.40,70.06,70.25,565600,69.35
2012-12-07,70.53,70.57,69.90,70.36,596600,69.46
2012-12-06,70.49,70.54,69.97,70.42,477500,69.52
2012-12-05,70.44,70.82,69.89,70.38,1117000,69.48
2012-12-04,69.69,70.62,69.11,70.51,1233700,69.61
2012-12-03,70.66,70.75,69.65,69.69,1071500,68.80
2012-11-30,69.87,70.71,69.61,70.66,1379500,69.76
2012-11-29,70.12,70.40,69.22,69.70,862300,68.81
2012-11-28,69.25,69.98,68.96,69.91,743300,69.02
2012-11-27,68.80,69.71,68.50,69.36,1343700,68.48
2012-11-26,69.05,69.30,68.77,69.01,1010500,68.13
2012-11-23,68.97,69.41,68.69,69.09,446200,68.21
2012-11-21,69.48,69.48,68.63,68.87,563000,67.99
2012-11-20,68.75,69.47,68.53,69.09,939300,68.21
2012-11-19,68.76,69.73,68.42,68.87,1911900,67.99
2012-11-16,67.73,68.10,66.51,67.37,1306600,66.51
2012-11-15,67.94,69.59,65.31,67.48,3847500,66.62
2012-11-14,66.04,66.78,64.84,64.85,1489400,64.02
2012-11-13,65.12,66.59,64.83,65.71,1345800,64.87
2012-11-12,66.32,66.32,64.84,65.20,886300,64.37
2012-11-09,66.00,66.41,65.63,65.99,968400,65.15
2012-11-08,66.76,67.21,66.15,66.38,857200,65.53
2012-11-07,66.89,67.38,66.26,66.64,971600,65.79
2012-11-06,67.07,67.55,66.48,67.25,785600,66.39
2012-11-05,67.06,67.25,66.32,66.97,804400,66.12
2012-11-02,67.40,67.65,66.78,66.87,946800,66.02
2012-11-01,66.54,67.28,66.15,67.05,773200,66.20
2012-10-31,66.00,66.48,65.27,66.39,901900,65.54
2012-10-26,66.40,66.63,65.38,66.31,1039900,65.46
2012-10-25,66.55,66.76,65.53,66.17,796300,65.33
2012-10-24,67.30,67.44,66.15,66.28,887300,65.44
2012-10-23,66.67,67.42,65.66,67.14,904200,66.12
2012-10-22,68.70,68.70,66.82,67.05,961500,66.03
2012-10-19,69.38,69.63,68.25,68.61,833500,67.57
2012-10-18,70.00,70.31,69.50,69.73,700800,68.67
2012-10-17,69.47,70.25,69.40,69.93,941300,68.87
2012-10-16,69.60,69.88,69.33,69.51,714800,68.46
2012-10-15,69.36,69.62,68.92,69.51,865200,68.46
2012-10-12,69.85,69.88,69.18,69.35,559000,68.30
2012-10-11,70.50,70.94,69.50,69.65,791100,68.59
2012-10-10,69.93,70.83,69.61,70.17,989200,69.11
2012-10-09,70.80,71.53,69.87,69.93,1144300,68.87
2012-10-08,68.33,71.08,68.33,70.75,2441400,69.68
2012-10-05,67.82,68.79,67.51,68.41,1903400,67.37
2012-10-04,68.90,69.25,67.45,67.56,23423100,66.54
2012-10-03,68.66,68.95,68.43,68.74,875600,67.70
2012-10-02,69.44,69.55,68.14,68.55,2016800,67.51
2012-10-01,68.98,69.00,66.68,67.56,1726500,66.54
2012-09-28,68.72,69.58,68.28,68.98,817800,67.93
2012-09-27,68.09,68.74,67.56,68.65,586300,67.61
2012-09-26,68.48,68.98,67.34,68.05,904000,67.02
2012-09-25,68.68,69.22,68.21,68.34,796900,67.30
2012-09-24,67.92,68.51,67.70,68.30,485700,67.26
2012-09-21,69.32,69.45,68.26,68.40,940600,67.36
2012-09-20,69.12,69.41,68.70,68.87,535000,67.83
2012-09-19,68.20,69.70,67.91,69.22,1053400,68.17
2012-09-18,68.46,68.46,67.50,67.88,975200,66.85
2012-09-17,68.36,68.64,67.76,68.21,976500,67.18
2012-09-14,70.00,70.18,68.53,68.69,1369400,67.65
2012-09-13,70.06,70.74,69.89,70.04,690600,68.98
2012-09-12,71.56,71.94,70.00,70.20,765600,69.14
2012-09-11,71.59,72.07,71.21,71.67,552300,70.58
2012-09-10,71.34,72.75,71.28,71.51,704100,70.43
2012-09-07,71.31,71.49,70.76,71.44,686600,70.36
2012-09-06,71.50,71.64,71.00,71.34,816200,70.26
2012-09-05,71.47,71.50,70.63,70.97,830800,69.89
2012-09-04,71.08,71.76,70.40,71.49,701800,70.41
2012-08-31,70.90,71.10,70.57,70.92,876900,69.84
2012-08-30,70.55,70.85,70.33,70.79,538000,69.72
2012-08-29,70.72,71.14,70.32,70.80,548100,69.73
2012-08-28,70.90,70.90,70.31,70.53,429300,69.46
2012-08-27,71.07,71.30,70.77,70.85,407800,69.78
2012-08-24,70.48,71.04,70.34,70.99,419700,69.91
2012-08-23,71.07,71.15,70.33,70.55,372000,69.48
2012-08-22,70.77,71.36,70.70,70.98,678700,69.90
2012-08-21,71.18,71.25,70.73,70.90,718000,69.82
2012-08-20,71.35,71.79,70.32,70.75,1098000,69.68
2012-08-17,70.74,71.45,70.57,71.25,1749800,70.17
2012-08-16,70.67,72.50,69.25,70.53,4155500,69.46
2012-08-15,67.14,68.13,67.09,67.44,1488600,66.42
2012-08-14,68.64,68.64,67.36,67.49,815000,66.47
2012-08-13,68.33,69.00,67.23,68.18,453900,67.15
2012-08-10,67.84,68.10,67.27,68.09,451100,67.06
2012-08-09,67.94,68.50,67.61,68.16,466800,67.13
2012-08-08,67.29,68.25,67.25,68.02,463400,66.99
2012-08-07,67.49,68.40,67.27,67.73,546700,66.70
2012-08-06,67.55,68.16,66.80,67.00,715500,65.98
2012-08-03,67.10,67.59,66.71,67.24,777300,66.22
2012-08-02,64.43,66.79,64.21,66.25,873200,65.24
2012-08-01,66.50,66.57,65.06,65.13,689000,64.14
2012-07-31,67.30,67.49,66.03,66.11,1151500,65.11
2012-07-30,67.00,68.10,67.00,67.49,637700,66.47
2012-07-27,68.38,68.44,67.66,68.19,612500,67.16
2012-07-26,67.39,67.92,66.94,67.27,639400,66.25
2012-07-25,67.10,67.25,66.21,66.55,733000,65.54
2012-07-24,67.07,67.80,66.52,67.10,699100,65.92
2012-07-23,68.01,68.14,66.62,67.28,1212400,66.10
2012-07-20,68.95,69.10,68.13,68.87,849700,67.66
2012-07-19,69.82,69.92,69.24,69.55,602600,68.33
2012-07-18,69.24,69.80,69.09,69.54,464100,68.32
2012-07-17,69.16,69.79,68.50,69.46,702800,68.24
2012-07-16,68.62,69.72,68.24,69.03,663500,67.82
2012-07-13,68.53,69.32,68.42,68.88,524300,67.67
2012-07-12,67.25,69.09,67.07,68.47,1089800,67.27
2012-07-11,67.95,67.96,66.93,67.36,700400,66.17
2012-07-10,68.04,68.74,67.39,67.93,1133000,66.73
2012-07-09,66.62,68.24,66.62,67.91,818900,66.72
2012-07-06,67.71,68.35,67.39,68.27,554400,67.07
2012-07-05,67.99,68.65,67.87,68.00,1272900,66.80
2012-07-03,68.11,68.17,67.38,68.05,628900,66.85
2012-07-02,68.51,68.85,67.61,68.06,1031300,66.86
2012-06-29,67.47,68.44,66.76,68.18,1363400,66.98
2012-06-28,65.31,66.76,65.04,66.74,1969600,65.57
2012-06-27,66.61,66.65,65.36,65.52,1095600,64.37
2012-06-26,66.20,67.06,66.08,66.45,1244000,65.28
2012-06-25,65.40,66.12,65.35,65.87,1000800,64.71
2012-06-22,67.00,67.23,66.23,66.29,1735700,65.12
2012-06-21,68.54,68.59,66.28,66.81,1251700,65.63
2012-06-20,69.67,69.97,68.64,68.89,947900,67.68
2012-06-19,69.32,69.82,68.84,69.36,1270600,68.14
2012-06-18,67.03,69.01,66.87,68.96,1960900,67.75
2012-06-15,66.64,67.00,66.36,66.59,1560000,65.42
2012-06-14,66.52,67.08,66.06,66.56,1053600,65.39
2012-06-13,66.60,67.73,66.14,66.45,1477000,65.28
2012-06-12,65.81,66.43,65.48,66.35,727100,65.18
2012-06-11,67.00,67.43,65.44,65.49,1200900,64.34
2012-06-08,65.27,66.63,65.15,66.63,1357300,65.46
2012-06-07,66.28,66.48,65.45,65.57,1084900,64.42
2012-06-06,64.21,65.92,64.21,65.89,1773400,64.73
2012-06-05,63.01,63.94,62.89,63.88,1107300,62.76
2012-06-04,62.60,63.52,62.37,63.19,1374100,62.08
2012-06-01,63.20,64.19,62.58,62.85,1639900,61.74
2012-05-31,64.27,64.82,64.07,64.44,1939800,63.31
2012-05-30,64.02,64.58,63.60,64.45,1395000,63.32
2012-05-29,63.93,64.60,63.75,64.51,1787600,63.38
2012-05-25,63.00,64.00,62.91,63.75,2567500,62.63
2012-05-24,62.76,64.38,62.64,63.92,2865100,62.80
2012-05-23,61.32,63.19,59.80,62.92,7525100,61.81
2012-05-22,55.70,56.40,55.20,55.62,2820700,54.64
2012-05-21,57.12,57.12,55.06,55.73,2227200,54.75
2012-05-18,55.93,56.77,55.69,55.98,1471600,55.00
2012-05-17,58.00,58.00,55.62,55.66,1929000,54.68
2012-05-16,57.62,58.58,57.48,58.03,1341400,57.01
2012-05-15,56.43,57.96,56.42,57.63,1300000,56.62
2012-05-14,56.30,57.09,56.01,56.28,1023500,55.29
2012-05-11,56.48,57.33,56.39,56.53,863600,55.54
2012-05-10,57.08,57.47,56.39,56.72,735000,55.72
2012-05-09,56.07,56.94,55.95,56.57,1062800,55.57
2012-05-08,57.20,57.20,55.87,56.64,1137700,55.64
2012-05-07,57.95,58.31,57.22,57.41,843400,56.40
2012-05-04,58.73,59.21,58.19,58.26,563200,57.24
2012-05-03,59.28,59.34,58.56,58.86,732000,57.82
2012-05-02,58.27,59.36,58.00,59.11,843500,58.07
2012-05-01,58.08,59.13,57.80,58.42,888400,57.39
2012-04-30,58.86,59.10,58.02,58.26,1147000,57.24
2012-04-27,58.49,59.36,58.14,59.02,903400,57.98
2012-04-26,57.36,58.28,57.30,58.19,734900,57.17
2012-04-25,57.02,57.59,56.88,57.39,632000,56.38
2012-04-24,56.53,57.14,56.14,56.57,830600,55.44
2012-04-23,56.33,56.74,55.78,56.60,440500,55.47
2012-04-20,57.08,57.22,56.59,56.76,393500,55.62
2012-04-19,57.15,57.69,56.42,56.97,624700,55.83
2012-04-18,56.58,57.37,56.43,57.18,362500,56.04
2012-04-17,56.77,57.11,56.37,56.84,558700,55.70
2012-04-16,56.57,56.75,55.99,56.32,618800,55.19
2012-04-13,56.72,57.14,56.19,56.49,476500,55.36
2012-04-12,55.89,57.00,55.85,56.90,1124100,55.76
2012-04-11,55.44,55.94,54.84,55.93,1144700,54.81
2012-04-10,56.30,56.53,54.56,54.70,910700,53.60
2012-04-09,55.24,56.54,54.20,56.30,857400,55.17
2012-04-05,56.29,56.75,55.96,56.00,1282500,54.88
2012-04-04,56.85,56.98,55.90,56.33,921000,55.20
2012-04-03,57.39,57.70,56.81,57.12,830200,55.98
2012-04-02,57.23,57.60,56.99,57.27,768000,56.12
2012-03-30,57.67,57.67,57.05,57.22,792400,56.07
2012-03-29,56.70,57.19,56.63,57.12,877100,55.98
2012-03-28,58.00,58.00,56.95,57.32,774600,56.17
2012-03-27,58.33,58.49,57.92,58.01,742100,56.85
2012-03-26,57.45,58.60,57.35,58.41,927800,57.24
2012-03-23,57.55,57.68,56.86,57.32,911400,56.17
2012-03-22,57.71,57.94,57.46,57.69,567200,56.53
2012-03-21,57.98,58.28,57.68,57.87,608800,56.71
2012-03-20,56.82,57.95,56.82,57.80,621100,56.64
2012-03-19,56.88,57.38,56.59,57.20,727700,56.05
2012-03-16,57.43,57.59,56.97,57.01,665200,55.87
2012-03-15,57.63,57.64,56.90,57.49,757700,56.34
2012-03-14,57.61,57.88,57.45,57.80,818900,56.64
2012-03-13,57.40,57.90,57.25,57.80,1054500,56.64
2012-03-12,58.00,58.19,57.42,57.66,1188500,56.51
2012-03-09,57.80,59.08,57.70,58.40,1441200,57.23
2012-03-08,56.84,58.21,56.80,57.87,1994000,56.71
2012-03-07,56.46,56.79,55.95,56.64,1117200,55.51
2012-03-06,55.97,56.36,55.60,56.13,1131600,55.01
2012-03-05,55.51,56.63,55.34,56.40,1754900,55.27
2012-03-02,55.41,55.80,55.10,55.48,1522700,54.37
2012-03-01,54.55,55.61,53.30,55.45,4042900,54.34
2012-02-29,56.08,56.30,55.37,55.74,1495100,54.62
2012-02-28,55.34,56.39,55.08,55.73,1146400,54.61
2012-02-27,54.75,55.22,54.70,55.07,683700,53.97
2012-02-24,53.81,54.89,53.71,54.78,813500,53.68
2012-02-23,54.36,54.44,53.55,53.81,997500,52.73
2012-02-22,54.57,54.93,53.96,54.16,789900,53.08
2012-02-21,55.06,55.76,54.28,54.42,483300,53.33
2012-02-17,54.97,55.15,54.75,54.90,429200,53.80
2012-02-16,54.30,55.03,54.28,54.92,660100,53.82
2012-02-15,55.49,55.65,53.89,54.25,850300,53.16
2012-02-14,55.24,55.80,54.73,55.23,804500,54.12
2012-02-13,54.21,55.49,54.08,55.13,1275600,54.03
2012-02-10,53.65,53.84,53.06,53.61,846600,52.54
2012-02-09,53.94,54.12,53.54,54.05,534700,52.97
2012-02-08,54.05,54.70,53.77,53.89,840000,52.81
2012-02-07,52.83,54.01,52.83,53.91,688900,52.83
2012-02-06,53.81,53.85,52.84,53.01,882300,51.95
2012-02-03,53.66,54.08,53.53,53.77,511200,52.69
2012-02-02,53.87,54.09,53.09,53.25,514600,52.18
2012-02-01,53.67,54.09,53.52,53.74,528500,52.66
2012-01-31,53.72,53.83,53.01,53.22,496600,52.15
2012-01-30,53.21,53.62,52.82,53.41,343600,52.34
2012-01-27,53.17,53.76,53.00,53.52,414900,52.45
2012-01-26,54.00,54.30,53.14,53.31,487300,52.24
2012-01-25,53.30,54.07,53.14,54.00,442200,52.92
2012-01-24,53.01,53.62,53.01,53.40,685800,52.19
2012-01-23,54.00,54.24,53.11,53.18,726900,51.98
2012-01-20,54.63,54.96,53.70,53.84,748400,52.62
2012-01-19,54.37,54.77,54.18,54.67,793600,53.43
2012-01-18,53.24,54.44,53.07,54.20,1133100,52.98
2012-01-17,53.38,53.47,53.18,53.27,287600,52.07
2012-01-13,52.90,53.40,52.78,52.99,630300,51.79
2012-01-12,52.58,53.18,52.41,53.14,590700,51.94
2012-01-11,52.40,52.59,52.21,52.54,585400,51.35
2012-01-10,52.58,52.63,52.10,52.37,466300,51.19
2012-01-09,51.96,52.35,51.69,52.21,520300,51.03
2012-01-06,52.14,52.61,51.88,52.10,530000,50.92
2012-01-05,51.24,52.54,50.95,52.08,1008200,50.90
2012-01-04,50.28,51.58,50.28,51.47,1157600,50.31
2012-01-03,52.09,52.20,50.18,50.49,965500,49.35
2011-12-30,52.03,52.03,51.24,51.29,648300,50.13
2011-12-29,51.84,52.18,51.39,52.01,531800,50.83
2011-12-28,52.62,52.62,51.44,51.65,489900,50.48
2011-12-27,51.99,52.53,51.92,52.33,449700,51.15
2011-12-23,51.64,52.00,51.18,51.92,339400,50.75
2011-12-22,51.75,51.98,51.00,51.19,599100,50.03
2011-12-21,51.46,51.99,50.95,51.88,1240800,50.71
2011-12-20,51.17,51.65,50.94,51.50,1430000,50.34
2011-12-19,50.80,51.28,50.29,50.34,1572000,49.20
2011-12-16,49.76,50.72,49.34,50.49,1950200,49.35
2011-12-15,48.91,49.05,48.40,48.71,700600,47.61
2011-12-14,48.36,48.86,47.94,48.43,713400,47.34
2011-12-13,49.27,49.33,48.22,48.54,693700,47.44
2011-12-12,48.97,49.06,48.25,49.01,506300,47.90
2011-12-09,48.83,49.84,48.79,49.24,574900,48.13
2011-12-08,49.00,49.47,48.57,48.68,623400,47.58
2011-12-07,48.84,49.71,48.68,49.61,785100,48.49
2011-12-06,49.88,50.12,49.05,49.18,770300,48.07
2011-12-05,49.58,50.27,49.35,49.95,1116700,48.82
2011-12-02,48.21,49.15,48.03,48.99,973300,47.88
2011-12-01,47.95,48.77,47.70,47.85,597800,46.77
2011-11-30,48.21,48.90,47.41,48.25,1301300,47.16
2011-11-29,46.93,47.64,46.77,47.44,753100,46.37
2011-11-28,46.60,47.01,46.45,46.74,719900,45.68
2011-11-25,45.76,45.86,45.27,45.33,392000,44.31
2011-11-23,46.57,46.60,45.66,45.81,647900,44.78
2011-11-22,46.78,47.09,46.59,46.84,561600,45.78
2011-11-21,46.78,47.12,46.35,46.87,725700,45.81
2011-11-18,47.66,47.84,47.06,47.44,712200,46.37
2011-11-17,47.58,47.78,46.34,47.23,1748000,46.16
2011-11-16,48.34,48.68,47.65,47.66,1051800,46.58
2011-11-15,47.63,49.04,47.39,48.55,1326900,47.45
2011-11-14,48.08,48.42,47.43,47.71,437400,46.63
2011-11-11,47.13,48.30,46.64,48.15,655100,47.06
2011-11-10,46.43,46.78,46.22,46.62,731100,45.57
2011-11-09,46.13,46.78,45.88,45.94,672100,44.90
2011-11-08,47.00,47.26,46.13,47.07,900900,46.01
2011-11-07,47.36,47.73,46.40,47.07,673900,46.01
2011-11-04,46.87,47.71,46.62,47.52,723700,46.45
2011-11-03,46.92,47.57,45.72,47.19,846700,46.12
2011-11-02,46.59,46.74,46.14,46.61,862600,45.56
2011-11-01,46.26,46.74,45.38,45.94,1277400,44.90
2011-10-31,46.54,47.72,46.27,46.95,961100,45.89
2011-10-28,47.73,48.07,46.78,47.05,813400,45.99
2011-10-27,47.76,48.57,47.31,47.98,1037100,46.90
2011-10-26,46.92,47.09,46.06,46.59,1013600,45.54
2011-10-25,46.94,47.42,46.61,46.65,937800,45.46
2011-10-24,47.68,48.00,46.98,47.14,1209500,45.94
2011-10-21,47.47,47.66,46.94,47.41,1100800,46.20
2011-10-20,46.84,47.63,46.37,47.59,1284000,46.38
2011-10-19,46.54,47.23,46.09,46.71,1290800,45.52
2011-10-18,45.73,46.75,45.14,46.45,1164600,45.26
2011-10-17,45.56,45.98,45.19,45.56,1034900,44.40
2011-10-14,45.52,45.89,44.99,45.70,936600,44.53
2011-10-13,45.50,46.03,44.75,44.86,1818800,43.71
2011-10-12,44.05,44.55,43.58,44.04,617500,42.92
2011-10-11,42.77,43.79,42.60,43.56,730800,42.45
2011-10-10,42.33,43.19,41.92,43.07,475000,41.97
2011-10-07,41.62,42.37,41.28,41.63,858600,40.57
2011-10-06,41.10,41.59,40.86,41.38,1102300,40.32
2011-10-05,40.82,42.03,40.68,41.21,1600000,40.16
2011-10-04,40.17,41.41,39.53,41.37,1453300,40.31
2011-10-03,42.16,42.63,40.23,40.58,1916200,39.54
2011-09-30,43.04,43.57,42.64,42.65,889600,41.56
2011-09-29,44.05,44.40,42.47,43.58,823900,42.47
2011-09-28,44.40,44.70,43.30,43.32,539300,42.21
2011-09-27,44.71,45.41,44.06,44.25,948500,43.12
2011-09-26,42.89,43.89,42.22,43.80,827500,42.68
2011-09-23,42.31,42.69,41.95,42.54,1367500,41.45
2011-09-22,41.82,43.02,41.50,42.34,1289300,41.26
2011-09-21,44.51,44.67,43.11,43.12,658100,42.02
2011-09-20,45.00,45.59,44.45,44.48,937100,43.34
2011-09-19,44.05,45.10,43.70,44.97,903000,43.82
2011-09-16,44.49,45.00,44.24,44.88,1358400,43.73
2011-09-15,44.68,44.78,44.20,44.55,942100,43.41
2011-09-14,43.42,45.00,43.20,44.36,1643800,43.23
2011-09-13,42.58,43.50,42.14,43.30,1356000,42.19
2011-09-12,41.17,42.59,41.17,42.56,1585700,41.47
2011-09-09,41.24,42.19,41.01,41.78,1298900,40.71
2011-09-08,41.74,42.30,41.45,41.60,1004300,40.54
2011-09-07,40.79,42.08,40.75,42.04,1082900,40.97
2011-09-06,39.76,40.40,39.16,40.34,1313700,39.31
2011-09-02,40.86,41.30,40.36,40.66,574100,39.62
2011-09-01,42.31,42.96,41.43,41.50,1095200,40.44
2011-08-31,42.96,43.47,41.91,42.18,1671500,41.10
2011-08-30,42.48,43.05,42.01,42.85,1132500,41.76
2011-08-29,41.71,42.70,41.58,42.64,783100,41.55
2011-08-26,40.35,41.59,40.10,41.34,768800,40.28
2011-08-25,41.61,41.90,40.57,40.62,827500,39.58
2011-08-24,40.73,41.36,40.40,41.31,826400,40.26
2011-08-23,39.52,40.82,39.00,40.78,1056800,39.74
2011-08-22,39.50,39.90,38.68,39.38,1544900,38.37
2011-08-19,39.75,40.50,38.48,38.59,2945800,37.60
2011-08-18,40.41,41.96,39.76,40.15,3308000,39.13
2011-08-17,42.00,42.55,41.14,41.56,1569000,40.50
2011-08-16,41.34,41.77,40.73,41.59,1126100,40.53
2011-08-15,41.80,42.18,41.08,41.86,1038200,40.79
2011-08-12,41.11,41.89,40.36,41.85,1552100,40.78
2011-08-11,39.22,40.99,38.90,40.46,847300,39.43
2011-08-10,39.50,40.47,39.00,39.01,1941500,38.01
2011-08-09,38.16,40.93,37.94,40.88,1998900,39.84
2011-08-08,39.47,40.45,37.76,37.98,3183500,37.01
2011-08-05,41.44,41.76,39.74,40.78,2316400,39.74
2011-08-04,42.36,42.56,41.07,41.11,2366200,40.06
2011-08-03,42.18,42.93,41.65,42.86,1242700,41.77
2011-08-02,43.37,43.86,42.12,42.26,1369900,41.18
2011-08-01,43.22,43.52,42.80,43.50,1297800,42.39
2011-07-29,42.67,43.17,41.86,43.02,1512000,41.92
2011-07-28,43.81,43.98,42.96,43.00,1613700,41.90
2011-07-27,45.42,45.42,43.57,43.61,1347600,42.50
2011-07-26,46.20,46.23,45.13,45.27,1494400,43.98
2011-07-25,44.99,45.24,44.83,44.87,504800,43.59
2011-07-22,45.17,45.59,45.06,45.42,481100,44.12
2011-07-21,45.09,45.49,44.84,45.11,530100,43.82
2011-07-20,45.56,45.67,44.52,45.00,707000,43.72
2011-07-19,44.80,45.55,44.66,45.55,816400,44.25
2011-07-18,44.73,44.77,44.28,44.48,546000,43.21
2011-07-15,45.04,45.10,44.46,45.00,757000,43.72
2011-07-14,45.69,45.88,44.60,44.86,867200,43.58
2011-07-13,45.72,46.21,45.45,45.64,715600,44.34
2011-07-12,45.69,45.92,45.07,45.49,749300,44.19
2011-07-11,45.57,46.13,45.38,45.54,813100,44.24
2011-07-08,45.70,46.10,45.31,46.08,841600,44.76
2011-07-07,46.34,46.36,45.64,46.16,1214200,44.84
2011-07-06,45.44,46.35,44.88,46.11,1139400,44.79
2011-07-05,45.71,46.60,45.71,46.03,986900,44.72
2011-07-01,45.67,45.93,45.51,45.77,1553900,44.46
2011-06-30,45.75,45.84,45.35,45.37,954100,44.08
2011-06-29,45.79,46.00,45.45,45.53,1169600,44.23
2011-06-28,44.90,45.78,44.90,45.68,890400,44.38
2011-06-27,44.72,45.31,44.46,44.82,1201300,43.54
2011-06-24,45.01,45.40,44.62,44.81,1089400,43.53
2011-06-23,44.28,45.12,44.04,45.03,700100,43.74
2011-06-22,44.70,45.11,44.43,44.71,824200,43.43
2011-06-21,44.36,45.00,44.01,44.92,787600,43.64
2011-06-20,43.35,44.46,43.35,44.34,932300,43.07
2011-06-17,43.66,44.28,43.35,43.39,1632400,42.15
2011-06-16,43.54,43.75,43.14,43.45,1119500,42.21
2011-06-15,43.59,44.03,43.37,43.43,944900,42.19
2011-06-14,43.60,44.11,43.60,43.97,821800,42.72
2011-06-13,43.63,43.93,43.22,43.27,910200,42.04
2011-06-10,43.67,43.99,43.32,43.60,1116700,42.36
2011-06-09,43.12,44.08,43.00,43.88,769200,42.63
2011-06-08,43.64,44.10,43.08,43.10,1033500,41.87
2011-06-07,43.81,44.41,43.61,43.84,1156800,42.59
2011-06-06,43.33,43.68,43.10,43.57,999300,42.33
2011-06-03,43.57,43.90,43.22,43.46,814500,42.22
2011-06-02,44.62,44.82,43.92,44.08,980100,42.82
2011-06-01,45.99,46.01,44.75,44.78,1266200,43.50
2011-05-31,45.43,45.48,44.87,45.30,1169300,44.01
2011-05-27,45.43,45.53,44.95,45.17,704000,43.88
2011-05-26,44.92,45.59,44.64,45.45,862700,44.15
2011-05-25,44.63,45.23,44.56,45.09,613300,43.80
2011-05-24,45.12,45.24,44.82,44.88,676800,43.60
2011-05-23,44.67,45.28,44.61,44.94,822900,43.66
2011-05-20,45.59,45.85,45.20,45.22,1114400,43.93
2011-05-19,44.60,45.98,44.40,45.71,5006800,44.41
2011-05-18,42.56,42.94,42.26,42.49,1540200,41.28
2011-05-17,42.96,43.06,42.42,42.70,900800,41.48
2011-05-16,44.02,44.02,43.10,43.21,743800,41.98
2011-05-13,44.39,44.50,43.75,44.11,711600,42.85
2011-05-12,43.34,44.27,43.09,44.23,657000,42.97
2011-05-11,43.37,43.87,43.27,43.53,913500,42.29
2011-05-10,42.65,43.48,42.61,43.46,505400,42.22
2011-05-09,41.92,42.66,41.61,42.59,785300,41.37
2011-05-06,42.54,42.78,41.78,41.88,311200,40.68
2011-05-05,42.20,42.87,41.78,42.11,899800,40.91
2011-05-04,42.23,42.46,41.86,42.30,1419500,41.09
2011-05-03,42.32,42.54,42.05,42.18,717900,40.98
2011-05-02,42.45,42.62,42.04,42.34,1161800,41.13
2011-04-29,42.43,42.69,42.16,42.18,1086100,40.98
2011-04-28,42.53,42.69,42.35,42.45,614800,41.24
2011-04-27,42.45,42.83,42.45,42.63,883800,41.41
2011-04-26,42.65,42.84,42.46,42.56,420000,41.22
2011-04-25,42.55,42.82,42.49,42.59,429400,41.25
2011-04-21,42.68,43.00,42.51,42.66,1184100,41.32
2011-04-20,41.58,41.72,41.15,41.57,1587700,40.26
2011-04-19,41.31,41.47,40.82,41.13,742300,39.84
2011-04-18,41.46,41.46,40.63,41.26,648200,39.96
2011-04-15,41.65,41.97,41.44,41.83,463100,40.52
2011-04-14,41.35,41.91,41.16,41.61,1079400,40.30
2011-04-13,41.61,41.92,41.15,41.70,883400,40.39
2011-04-12,41.88,42.31,41.34,41.38,611200,40.08
2011-04-11,41.71,42.28,41.71,42.13,686300,40.81
2011-04-08,42.00,42.22,41.43,41.83,937800,40.52
2011-04-07,41.83,42.56,41.81,42.03,919100,40.71
2011-04-06,41.87,42.15,41.34,41.90,855200,40.58
2011-04-05,41.42,42.34,41.37,41.66,1058100,40.35
2011-04-04,41.44,41.66,41.03,41.37,527600,40.07
2011-04-01,41.01,41.45,41.00,41.29,632800,39.99
2011-03-31,41.00,41.07,40.43,40.95,1077000,39.66
2011-03-30,41.30,41.49,41.04,41.08,793800,39.79
2011-03-29,40.76,41.13,40.56,41.07,320300,39.78
2011-03-28,41.25,41.57,40.79,40.84,945100,39.56
2011-03-25,40.89,41.55,40.56,41.25,620100,39.96
2011-03-24,40.70,41.18,40.54,41.04,795000,39.75
2011-03-23,40.87,40.87,40.27,40.58,983900,39.31
2011-03-22,40.64,41.10,40.52,40.78,758300,39.50
2011-03-21,40.53,40.87,40.05,40.75,1343400,39.47
2011-03-18,41.00,41.18,40.00,40.35,3063000,39.08
2011-03-17,41.13,41.13,40.56,40.61,1140300,39.34
2011-03-16,40.85,41.11,40.51,40.55,1515000,39.28
2011-03-15,40.20,41.30,40.00,41.01,918000,39.72
2011-03-14,41.00,41.36,40.78,41.22,920200,39.93
2011-03-11,41.01,41.41,41.00,41.17,855000,39.88
2011-03-10,41.20,41.38,40.90,41.28,748700,39.98
2011-03-09,41.83,42.38,41.64,41.71,1076900,40.40
2011-03-08,41.79,42.46,41.72,42.00,1075100,40.68
2011-03-07,41.94,42.21,41.74,41.80,697700,40.49
2011-03-04,42.52,42.63,41.62,41.90,671000,40.58
2011-03-03,41.92,43.39,41.92,42.56,1543500,41.22
2011-03-02,40.98,41.70,40.85,41.44,939300,40.14
2011-03-01,40.98,42.00,40.32,41.14,2468400,39.85
2011-02-28,41.36,41.58,40.84,40.87,1283000,39.59
2011-02-25,39.85,41.17,39.81,41.17,1099000,39.88
2011-02-24,39.83,40.58,39.34,39.63,1127100,38.39
2011-02-23,40.71,40.79,39.29,39.87,1173400,38.62
2011-02-22,41.28,41.55,40.73,40.73,643700,39.45
2011-02-18,41.71,41.83,41.39,41.70,516500,40.39
2011-02-17,41.91,42.19,41.53,41.71,933500,40.40
2011-02-16,41.60,42.05,41.09,41.95,1363600,40.63
2011-02-15,41.33,41.66,41.07,41.42,504000,40.12
2011-02-14,41.49,41.93,41.29,41.75,528700,40.44
2011-02-11,41.14,41.66,40.89,41.44,850600,40.14
2011-02-10,41.22,41.50,41.00,41.18,1301500,39.89
2011-02-09,41.67,42.30,41.56,41.56,928000,40.26
2011-02-08,41.65,42.00,41.62,41.87,476700,40.56
2011-02-07,42.00,42.36,41.62,41.73,899800,40.42
2011-02-04,40.73,41.76,40.73,41.48,626100,40.18
2011-02-03,40.06,41.25,40.06,40.84,664000,39.56
2011-02-02,40.39,40.43,39.97,40.02,452400,38.76
2011-02-01,40.66,40.84,40.36,40.43,623500,39.16
2011-01-31,40.17,40.59,39.90,40.24,660000,38.98
2011-01-28,40.95,41.20,39.93,40.17,839100,38.91
2011-01-27,40.39,41.19,40.36,40.97,1150200,39.68
2011-01-26,40.58,40.89,39.99,40.14,698000,38.88
2011-01-25,40.25,40.64,39.95,40.56,978200,39.17
2011-01-24,39.96,40.37,39.72,40.34,847400,38.95
2011-01-21,40.05,40.21,39.81,40.06,598700,38.68
2011-01-20,39.78,40.98,39.78,39.94,1363900,38.57
2011-01-19,39.96,40.06,39.72,39.87,927500,38.50
2011-01-18,40.05,40.12,39.66,40.03,1469200,38.65
2011-01-14,39.43,40.02,39.13,40.02,749400,38.64
2011-01-13,39.56,39.85,39.42,39.66,695100,38.30
2011-01-12,38.85,39.77,38.83,39.65,1266100,38.29
2011-01-11,39.40,39.51,38.43,38.61,754500,37.28
2011-01-10,38.61,39.25,38.29,39.16,961500,37.81
2011-01-07,39.00,39.16,38.33,38.80,753400,37.47
2011-01-06,39.46,39.50,38.94,38.95,744300,37.61
2011-01-05,39.48,39.85,39.29,39.50,727800,38.14
2011-01-04,40.37,40.40,39.26,39.37,827800,38.02
2011-01-03,40.01,40.61,40.01,40.30,685900,38.91
2010-12-31,40.09,40.23,39.78,39.82,463600,38.45
2010-12-30,40.08,40.55,40.08,40.16,535100,38.78
2010-12-29,40.07,40.61,40.07,40.18,391800,38.80
2010-12-28,40.36,40.50,40.08,40.08,826800,38.70
2010-12-27,40.40,40.48,40.04,40.39,392800,39.00
2010-12-23,40.33,40.76,40.23,40.57,444100,39.18
2010-12-22,40.10,40.35,39.72,40.24,448700,38.86
2010-12-21,40.43,40.43,39.95,40.11,857000,38.73
2010-12-20,40.17,40.63,40.03,40.37,1004500,38.98
2010-12-17,39.90,40.25,39.64,40.15,1994300,38.77
2010-12-16,39.53,39.90,39.30,39.90,1082500,38.53
2010-12-15,39.59,39.67,39.13,39.42,1278600,38.06
2010-12-14,39.31,39.66,39.11,39.58,800200,38.22
2010-12-13,39.55,39.55,39.18,39.33,782800,37.98
2010-12-10,38.98,39.43,38.84,39.38,667200,38.03
2010-12-09,39.19,39.29,38.78,38.87,881700,37.53
2010-12-08,39.24,39.57,39.01,39.05,1126100,37.71
2010-12-07,39.35,39.70,39.20,39.22,1120300,37.87
2010-12-06,39.25,39.37,39.05,39.06,692200,37.72
2010-12-03,39.03,39.48,38.68,39.34,1096900,37.99
2010-12-02,38.49,39.25,38.29,39.18,958900,37.83
2010-12-01,38.34,38.70,38.07,38.51,983400,37.19
2010-11-30,37.64,38.40,37.63,37.86,1908500,36.56
2010-11-29,38.19,38.30,37.68,38.09,1181000,36.78
2010-11-26,38.54,38.63,38.33,38.37,508700,37.05
2010-11-24,38.87,38.98,38.62,38.77,722900,37.44
2010-11-23,38.35,38.70,38.22,38.40,1716100,37.08
2010-11-22,37.56,38.87,37.23,38.77,1661100,37.44
2010-11-19,36.88,37.88,36.72,37.84,2120900,36.54
2010-11-18,37.25,38.24,36.55,36.88,4465400,35.61
2010-11-17,38.02,38.35,37.57,38.28,2120700,36.96
2010-11-16,37.74,38.38,37.33,37.67,1694100,36.37
2010-11-15,38.30,38.50,37.62,37.74,1411100,36.44
2010-11-12,38.91,39.16,37.80,38.16,1698500,36.85
2010-11-11,39.28,39.54,38.83,39.19,1448900,37.84
2010-11-10,38.59,38.89,38.15,38.75,1066100,37.42
2010-11-09,38.53,39.28,38.42,38.53,1566900,37.21
2010-11-08,38.08,38.34,37.87,38.33,687600,37.01
2010-11-05,38.18,38.89,38.18,38.28,747700,36.96
2010-11-04,38.24,38.89,37.45,38.22,1562600,36.91
2010-11-03,37.65,38.06,37.56,37.97,1137300,36.66
2010-11-02,37.56,37.87,37.35,37.65,1008000,36.36
2010-11-01,37.46,37.90,37.05,37.23,1205700,35.95
2010-10-29,36.92,37.45,36.92,37.43,673600,36.14
2010-10-28,37.20,37.45,36.91,37.11,1023000,35.83
2010-10-27,36.95,37.15,36.35,37.06,1383900,35.79
2010-10-26,37.05,37.50,36.80,37.29,676900,35.89
2010-10-25,36.50,37.74,36.50,37.19,1500500,35.79
2010-10-22,36.25,36.49,36.10,36.39,405400,35.02
2010-10-21,36.32,36.57,36.02,36.25,769100,34.89
2010-10-20,35.73,36.29,35.59,36.22,762300,34.86
2010-10-19,35.36,35.85,35.27,35.61,1203800,34.27
2010-10-18,35.70,35.91,35.55,35.76,527800,34.41
2010-10-15,36.37,36.38,35.60,35.85,935000,34.50
2010-10-14,36.20,36.24,35.85,36.00,811000,34.65
2010-10-13,36.50,36.50,35.87,36.11,924800,34.75
2010-10-12,36.34,36.51,35.89,36.28,1139000,34.92
2010-10-11,35.69,36.57,35.57,36.31,1644600,34.94
2010-10-08,34.80,35.99,34.78,35.71,1455100,34.37
2010-10-07,35.16,35.35,34.50,34.76,1144700,33.45
2010-10-06,34.61,35.17,34.45,35.16,1189800,33.84
2010-10-05,35.00,35.15,34.64,34.65,874500,33.35
2010-10-04,34.51,35.00,34.44,34.62,896600,33.32
2010-10-01,35.35,35.42,34.44,34.64,707300,33.34
2010-09-30,35.33,35.49,34.47,35.00,1360200,33.68
2010-09-29,35.33,35.43,34.92,35.23,671800,33.90
2010-09-28,34.45,35.45,34.11,35.41,1304300,34.08
2010-09-27,34.69,34.73,34.35,34.45,853900,33.15
2010-09-24,34.62,35.00,34.43,34.76,930400,33.45
2010-09-23,34.09,34.74,34.00,34.13,1106600,32.85
2010-09-22,35.12,35.27,34.16,34.37,1638700,33.08
2010-09-21,35.32,35.49,35.08,35.32,864000,33.99
2010-09-20,34.88,35.40,34.67,35.35,863500,34.02
2010-09-17,34.68,34.92,34.32,34.82,979200,33.51
2010-09-16,34.87,35.14,34.41,34.65,844300,33.35
2010-09-15,35.40,35.60,34.63,35.01,1389400,33.69
2010-09-14,34.59,35.84,34.59,35.55,1560700,34.21
2010-09-13,34.36,34.85,34.36,34.60,612700,33.30
2010-09-10,34.31,34.70,34.10,34.14,699800,32.86
2010-09-09,34.92,35.00,34.14,34.15,1109100,32.87
2010-09-08,33.84,34.85,33.77,34.66,1312100,33.36
2010-09-07,34.29,34.46,33.86,33.93,969900,32.65
2010-09-03,33.94,34.73,33.94,34.51,1513100,33.21
2010-09-02,33.26,33.85,33.11,33.79,884400,32.52
2010-09-01,32.36,33.44,32.26,33.08,1533600,31.84
2010-08-31,31.82,32.24,31.51,31.90,1934400,30.70
2010-08-30,32.65,32.76,31.97,32.00,1069200,30.80
2010-08-27,33.08,33.08,32.23,32.85,1264200,31.61
2010-08-26,33.18,33.43,32.77,32.77,1619200,31.54
2010-08-25,32.45,33.27,31.89,33.10,2158600,31.85
2010-08-24,32.50,32.99,32.06,32.70,1617200,31.47
2010-08-23,32.88,33.31,32.48,32.83,1662400,31.60
2010-08-20,32.65,32.89,32.08,32.72,1567300,31.49
2010-08-19,32.65,33.74,31.80,32.82,5110100,31.59
2010-08-18,29.70,30.34,29.41,30.15,1711300,29.02
2010-08-17,29.82,30.13,29.67,29.77,1847000,28.65
2010-08-16,29.99,30.62,29.42,29.55,2095700,28.44
2010-08-13,29.57,29.99,29.42,29.61,1003200,28.50
2010-08-12,29.05,29.81,28.88,29.72,1251700,28.60
2010-08-11,29.88,29.97,29.17,29.40,1892800,28.29
2010-08-10,31.30,31.55,30.31,30.35,1602800,29.21
2010-08-09,31.20,31.71,31.20,31.67,789500,30.48
2010-08-06,31.20,31.46,30.65,31.16,816100,29.99
2010-08-05,31.36,31.63,30.87,31.51,585900,30.32
2010-08-04,31.07,31.62,30.97,31.44,622100,30.26
2010-08-03,31.38,31.38,30.19,31.05,1705200,29.88
2010-08-02,31.52,31.71,31.13,31.54,1039900,30.35
2010-07-30,30.72,31.18,30.47,31.05,756700,29.88
2010-07-29,31.75,31.95,30.62,31.02,759100,29.85
2010-07-28,31.82,32.60,31.33,31.48,625600,30.30
2010-07-27,32.58,32.70,31.93,32.01,718400,30.69
2010-07-26,32.03,32.43,31.56,32.43,823900,31.09
2010-07-23,31.72,32.12,31.18,32.04,1146000,30.71
2010-07-22,31.59,32.23,31.37,31.94,1173200,30.62
2010-07-21,32.23,32.23,31.27,31.30,1098500,30.01
2010-07-20,30.71,32.31,30.71,32.14,1053300,30.81
2010-07-19,31.70,31.77,31.21,31.70,547500,30.39
2010-07-16,32.80,32.80,31.58,31.61,763100,30.30
2010-07-15,32.55,32.97,32.14,32.88,670300,31.52
2010-07-14,32.50,32.85,32.08,32.61,779000,31.26
2010-07-13,31.88,32.65,31.68,32.52,709000,31.17
2010-07-12,31.21,31.79,31.12,31.46,918600,30.16
2010-07-09,31.08,31.44,30.88,31.41,525100,30.11
2010-07-08,31.12,31.57,30.67,31.04,835500,29.76
2010-07-07,29.95,30.77,29.71,30.74,932500,29.47
2010-07-06,30.31,30.91,29.56,29.75,996700,28.52
2010-07-02,30.43,30.49,29.81,30.04,703600,28.80
2010-07-01,30.25,30.41,29.55,30.36,1413300,29.10
2010-06-30,30.16,30.69,29.97,30.17,906600,28.92
2010-06-29,30.77,30.90,29.92,30.11,948600,28.86
2010-06-28,31.02,31.31,30.73,31.12,740900,29.83
2010-06-25,30.79,31.18,30.36,30.91,1490200,29.63
2010-06-24,31.57,31.57,30.67,30.81,651500,29.54
2010-06-23,31.51,31.87,31.06,31.62,617100,30.31
2010-06-22,31.80,32.42,31.46,31.55,1427700,30.24
2010-06-21,32.27,32.30,31.48,31.68,1240700,30.37
2010-06-18,32.46,32.62,31.88,31.94,1933400,30.62
2010-06-17,32.87,33.00,31.89,32.54,1056100,31.19
2010-06-16,32.99,33.20,32.43,32.85,1328600,31.49
2010-06-15,33.33,33.33,32.56,33.24,1147700,31.86
2010-06-14,32.72,33.35,32.64,33.06,884000,31.69
2010-06-11,32.26,32.81,32.03,32.55,887000,31.20
2010-06-10,31.78,32.60,31.78,32.58,1347300,31.23
2010-06-09,31.12,31.74,31.05,31.30,1384700,30.01
2010-06-08,30.60,31.03,29.97,31.01,1609900,29.73
2010-06-07,31.24,31.54,30.53,30.60,1536000,29.33
2010-06-04,31.73,32.04,30.95,31.15,2106200,29.86
2010-06-03,31.81,32.40,31.78,32.35,1066800,31.01
2010-06-02,31.46,31.78,30.93,31.78,1151500,30.47
2010-06-01,31.65,32.08,31.24,31.24,1206700,29.95
2010-05-28,31.68,32.00,31.24,31.76,1537500,30.45
2010-05-27,31.43,31.86,31.02,31.81,1336300,30.49
2010-05-26,31.36,31.44,30.59,30.74,2231200,29.47
2010-05-25,30.84,31.27,30.38,31.18,2018300,29.89
2010-05-24,32.41,32.67,31.49,31.51,1737100,30.21
2010-05-21,31.41,32.70,31.31,32.36,1508800,31.02
2010-05-20,30.81,32.49,30.10,31.66,2331800,30.35
2010-05-19,32.53,32.96,31.68,32.34,1766900,31.00
2010-05-18,33.56,34.09,32.50,32.53,1673800,31.18
2010-05-17,33.46,33.61,32.60,33.18,1642300,31.81
2010-05-14,33.54,33.63,32.73,33.27,1800500,31.89
2010-05-13,34.78,34.83,33.61,33.71,1518500,32.32
2010-05-12,33.73,34.93,33.50,34.76,2030100,33.32
2010-05-11,32.83,34.09,32.65,33.56,773100,32.17
2010-05-10,32.75,33.00,32.33,32.94,664800,31.58
2010-05-07,30.79,32.23,30.72,31.29,1331900,30.00
2010-05-06,32.60,32.66,30.15,31.74,1766700,30.43
2010-05-05,32.70,33.36,32.48,32.81,1299000,31.45
2010-05-04,33.46,33.47,32.74,32.93,1224800,31.57
2010-05-03,33.33,33.92,32.97,33.88,661700,32.48
2010-04-30,33.86,33.95,33.07,33.07,1000300,31.70
2010-04-29,33.17,34.33,32.98,33.93,1086400,32.53
2010-04-28,33.34,33.53,32.28,33.01,1260200,31.64
2010-04-27,34.52,34.65,33.31,33.34,792200,31.86
2010-04-26,34.61,34.89,34.36,34.66,1008200,33.13
2010-04-23,33.87,34.70,33.60,34.61,1352800,33.08
2010-04-22,32.56,33.98,32.47,33.82,2104200,32.32
2010-04-21,32.38,32.86,32.17,32.73,1047500,31.28
2010-04-20,32.40,32.53,32.26,32.46,513000,31.02
2010-04-19,32.46,32.67,31.85,32.24,889500,30.81
2010-04-16,32.95,33.07,32.38,32.51,970900,31.07
2010-04-15,33.06,33.27,32.95,32.98,839600,31.52
2010-04-14,32.71,33.30,32.52,33.23,1092300,31.76
2010-04-13,32.28,32.50,32.10,32.50,996500,31.06
2010-04-12,32.37,32.39,32.10,32.31,724800,30.88
2010-04-09,32.15,32.44,31.80,32.42,714300,30.99
2010-04-08,32.00,32.14,31.65,32.06,1138800,30.64
2010-04-07,32.28,32.45,32.00,32.05,1214800,30.63
2010-04-06,32.36,32.45,32.13,32.36,1291900,30.93
2010-04-05,32.40,32.53,32.36,32.53,1163600,31.09
2010-04-01,31.98,32.41,31.98,32.37,2020300,30.94
2010-03-31,31.77,32.17,31.76,31.96,1614300,30.55
2010-03-30,31.85,32.25,31.85,31.95,1948800,30.54
2010-03-29,31.30,31.79,31.21,31.74,1149400,30.34
2010-03-26,31.11,31.55,31.08,31.28,1105600,29.90
2010-03-25,31.62,31.80,31.14,31.14,1220300,29.76
2010-03-24,31.52,31.78,31.45,31.54,982600,30.14
2010-03-23,30.72,31.85,30.72,31.75,1532700,30.35
2010-03-22,30.84,31.88,30.71,31.74,856700,30.34
2010-03-19,31.74,31.79,30.90,31.05,1620900,29.68
2010-03-18,31.41,31.81,31.41,31.59,926400,30.19
2010-03-17,31.43,31.63,31.23,31.51,1069900,30.12
2010-03-16,31.14,31.72,31.09,31.45,1488700,30.06
2010-03-15,30.89,31.02,30.69,30.92,1234900,29.55
2010-03-12,31.10,31.35,30.67,30.95,1524900,29.58
2010-03-11,30.86,31.55,30.86,31.13,1979000,29.75
2010-03-10,30.08,31.14,30.08,31.10,2196500,29.72
2010-03-09,29.47,30.38,29.45,30.21,2570700,28.87
2010-03-08,30.16,30.31,29.58,29.64,1936400,28.33
2010-03-05,29.95,30.49,29.95,30.27,1411000,28.93
2010-03-04,30.20,30.25,29.27,29.93,6671300,28.61
2010-03-03,27.88,28.05,27.62,27.71,2047200,26.48
2010-03-02,28.00,28.10,27.70,27.78,1121400,26.55
2010-03-01,27.22,27.81,27.01,27.81,1596000,26.58
2010-02-26,26.82,27.31,26.71,27.22,1529600,26.02
2010-02-25,27.08,27.50,26.90,27.49,1008200,26.27
2010-02-24,27.18,27.32,26.99,27.27,992200,26.06
2010-02-23,27.18,27.38,26.85,27.07,729900,25.87
2010-02-22,27.39,27.50,27.29,27.29,377200,26.08
2010-02-19,27.08,27.50,27.07,27.34,626000,26.13
2010-02-18,27.13,27.20,26.89,27.17,439300,25.97
2010-02-17,26.58,27.12,26.55,27.07,525900,25.87
2010-02-16,26.64,26.75,26.50,26.60,505500,25.42
2010-02-12,26.21,26.59,26.08,26.59,725800,25.41
2010-02-11,25.55,26.38,25.55,26.35,762000,25.18
2010-02-10,26.00,26.25,25.56,26.17,708900,25.01
2010-02-09,26.50,26.71,25.84,26.12,1169700,24.96
2010-02-08,25.44,25.66,25.14,25.38,463200,24.26
2010-02-05,25.57,25.65,25.09,25.35,1094600,24.23
2010-02-04,25.82,25.91,25.44,25.52,1068600,24.39
2010-02-03,26.22,26.35,25.85,25.91,641600,24.76
2010-02-02,25.97,26.40,25.79,26.38,932300,25.21
2010-02-01,25.90,26.00,25.01,25.93,710300,24.78
2010-01-29,25.85,26.13,25.61,25.75,702800,24.61
2010-01-28,26.37,26.50,25.74,25.85,846600,24.71
2010-01-27,26.08,26.56,25.98,26.42,1108300,25.25
2010-01-26,26.07,26.37,26.00,26.22,570300,24.96
2010-01-25,26.51,26.68,26.13,26.28,625600,25.02
2010-01-22,26.72,26.86,26.23,26.30,877300,25.04
2010-01-21,26.68,27.00,26.48,26.77,787400,25.49
2010-01-20,26.66,26.70,26.35,26.64,671000,25.36
2010-01-19,26.48,26.99,26.48,26.90,646100,25.61
2010-01-15,26.77,26.92,26.21,26.46,1316000,25.19
2010-01-14,26.77,26.93,26.67,26.78,1114300,25.50
2010-01-13,26.67,26.97,26.48,26.91,986600,25.62
2010-01-12,26.59,26.88,26.34,26.64,1139700,25.36
2010-01-11,27.33,27.41,26.69,26.78,1180600,25.50
2010-01-08,27.20,27.44,27.04,27.26,905700,25.95
2010-01-07,26.78,27.36,26.68,27.26,934900,25.95
2010-01-06,26.86,27.06,26.71,26.87,1082400,25.58
2010-01-05,27.00,27.02,26.70,26.80,818000,25.52
2010-01-04,26.77,27.28,26.70,26.98,955400,25.69
2009-12-31,27.10,27.16,26.69,26.69,571000,25.41
2009-12-30,27.05,27.28,26.92,27.03,477600,25.74
2009-12-29,27.30,27.44,27.21,27.21,539800,25.91
2009-12-28,27.42,27.48,27.24,27.30,467600,25.99
2009-12-24,27.39,27.42,27.17,27.40,165600,26.09
2009-12-23,27.33,27.50,27.11,27.38,1042100,26.07
2009-12-22,27.27,27.50,27.09,27.33,825000,26.02
2009-12-21,27.31,27.48,27.10,27.13,1197700,25.83
2009-12-18,27.37,27.50,26.70,27.25,2141500,25.94
2009-12-17,26.96,27.27,26.90,27.15,1246900,25.85
2009-12-16,26.77,27.36,26.72,27.22,1453400,25.92
2009-12-15,26.50,26.82,26.45,26.72,1043800,25.44
2009-12-14,26.90,26.95,26.59,26.69,798600,25.41
2009-12-11,26.53,26.90,26.34,26.87,1126300,25.58
2009-12-10,26.00,26.50,25.99,26.34,1506700,25.08
2009-12-09,26.28,26.28,25.94,26.00,1594100,24.75
2009-12-08,25.93,26.50,25.77,26.23,1913100,24.97
2009-12-07,26.64,26.64,26.14,26.16,1265000,24.91
2009-12-04,26.17,26.69,26.06,26.33,1396900,25.07
2009-12-03,26.22,26.27,25.91,25.95,993700,24.71
2009-12-02,26.15,26.61,26.06,26.11,1337000,24.86
2009-12-01,25.92,26.33,25.82,26.22,1177600,24.96
2009-11-30,25.85,26.06,25.52,25.74,1830000,24.51
2009-11-27,25.63,26.22,25.63,26.00,362800,24.75
2009-11-25,25.83,26.34,25.59,26.26,1292100,25.00
2009-11-24,26.00,26.05,25.68,25.85,1362300,24.61
2009-11-23,25.98,26.30,25.84,25.92,1968200,24.68
2009-11-20,25.95,26.24,25.36,25.66,1349300,24.43
2009-11-19,25.51,25.99,25.28,25.86,1716900,24.62
2009-11-18,25.93,26.37,25.68,26.31,2164800,25.05
2009-11-17,25.89,26.09,25.55,25.96,1225800,24.72
2009-11-16,25.68,26.08,25.68,25.99,1805600,24.75
2009-11-13,25.90,25.99,25.22,25.67,2060400,24.44
2009-11-12,25.04,25.29,24.57,24.70,1616900,23.52
2009-11-11,24.71,25.06,24.53,25.03,1298400,23.83
2009-11-10,24.42,24.78,24.33,24.62,620400,23.44
2009-11-09,24.23,24.75,24.17,24.59,775200,23.41
2009-11-06,23.81,24.47,23.75,24.15,1017600,22.99
2009-11-05,23.40,24.09,23.39,24.01,1105600,22.86
2009-11-04,23.89,24.07,23.62,23.75,1202600,22.61
2009-11-03,23.44,23.81,23.07,23.79,1356800,22.65
2009-11-02,23.55,23.83,23.19,23.51,1356000,22.38
2009-10-30,23.84,24.18,23.53,23.53,1751900,22.40
2009-10-29,23.72,24.26,23.54,23.99,1767100,22.84
2009-10-28,24.00,24.26,23.41,23.47,1329600,22.35
2009-10-27,24.65,24.82,23.95,24.03,1669900,22.78
2009-10-26,24.83,25.13,24.53,24.62,1038900,23.34
2009-10-23,25.03,25.20,24.47,24.75,1716300,23.47
2009-10-22,24.69,25.14,24.66,24.90,2089700,23.61
2009-10-21,25.23,25.52,24.72,24.72,2096800,23.44
2009-10-20,25.37,25.51,25.08,25.27,1759900,23.96
2009-10-19,25.47,25.65,25.14,25.41,2523900,24.09
2009-10-16,24.97,25.68,24.89,25.35,3026500,24.04
2009-10-15,25.46,26.85,24.97,25.37,10675900,24.05
2009-10-14,23.00,23.52,22.90,23.44,2435500,22.22
2009-10-13,22.67,22.88,22.47,22.77,1677500,21.59
2009-10-12,22.73,22.97,22.51,22.65,1188100,21.48
2009-10-09,22.20,22.78,22.08,22.68,3461500,21.50
2009-10-08,21.98,22.49,21.96,22.28,2569000,21.12
2009-10-07,21.99,22.24,21.90,22.06,1963000,20.92
2009-10-06,21.83,22.20,21.70,22.10,1699400,20.95
2009-10-05,21.67,21.95,21.51,21.63,2592900,20.51
2009-10-02,21.19,21.34,20.82,20.84,1482600,19.76
2009-10-01,21.74,21.74,21.19,21.30,1379700,20.20
2009-09-30,21.92,22.00,21.46,21.75,1631700,20.62
2009-09-29,21.71,22.00,21.63,21.88,1602100,20.75
2009-09-28,21.62,21.95,21.60,21.75,1210400,20.62
2009-09-25,21.59,22.04,21.39,21.59,2071300,20.47
2009-09-24,21.57,21.65,21.19,21.55,1974500,20.43
2009-09-23,21.69,21.99,21.55,21.55,1540900,20.43
2009-09-22,21.58,22.00,21.40,21.72,3066800,20.59
2009-09-21,21.08,21.34,20.89,21.18,2351400,20.08
2009-09-18,21.30,21.39,21.13,21.13,2843500,20.03
2009-09-17,21.29,21.42,21.12,21.26,2404900,20.16
2009-09-16,21.45,21.64,21.26,21.40,1826100,20.29
2009-09-15,21.41,21.53,21.07,21.40,2226800,20.29
2009-09-14,21.17,21.50,21.05,21.42,1727800,20.31
2009-09-11,21.69,21.70,21.20,21.35,2021100,20.24
2009-09-10,21.43,21.67,21.16,21.63,2577300,20.51
2009-09-09,20.92,21.85,20.82,21.31,4611500,20.20
2009-09-08,21.14,21.35,20.71,20.87,3138500,19.79
2009-09-04,20.81,21.07,20.50,21.07,2541300,19.98
2009-09-03,20.59,20.82,20.20,20.77,2368700,19.69
2009-09-02,20.55,20.63,20.40,20.42,3194400,19.36
2009-09-01,20.89,21.11,20.49,20.64,3103900,19.57
2009-08-31,21.15,21.27,20.82,20.91,2957300,19.83
2009-08-28,21.14,21.28,20.88,21.20,3458400,20.10
2009-08-27,20.35,21.17,20.27,21.12,4260300,20.02
2009-08-26,20.18,20.55,20.09,20.42,3761100,19.36
2009-08-25,20.00,20.26,19.90,20.18,3730300,19.13
2009-08-24,20.18,20.29,19.96,20.00,4225900,18.96
2009-08-21,20.24,20.46,20.08,20.20,5163000,19.15
2009-08-20,19.79,20.35,19.50,20.08,15253000,19.04
2009-08-19,21.51,22.65,21.51,22.57,4830200,21.40
2009-08-18,21.36,21.70,21.14,21.62,2798600,20.50
2009-08-17,21.10,21.49,21.07,21.34,2859200,20.23
2009-08-14,21.57,21.74,21.25,21.49,1744000,20.38
2009-08-13,21.45,21.81,20.91,21.68,2981400,20.56
2009-08-12,21.89,22.19,21.40,21.44,3093300,20.33
2009-08-11,21.56,22.16,21.51,21.93,3883500,20.79
2009-08-10,22.75,22.90,22.49,22.76,2100000,21.58
2009-08-07,22.45,23.09,22.25,22.90,1229100,21.71
2009-08-06,22.64,22.96,22.10,22.16,1613500,21.01
2009-08-05,22.49,22.69,22.10,22.51,1451200,21.34
2009-08-04,22.42,22.80,22.30,22.40,1263500,21.24
2009-08-03,22.55,22.78,22.13,22.49,1527400,21.32
2009-07-31,22.86,23.12,22.36,22.37,1966500,21.21
2009-07-30,23.00,23.50,22.84,22.90,1187400,21.71
2009-07-29,22.85,23.02,22.61,22.98,977900,21.79
2009-07-28,22.67,23.02,22.58,22.94,1610100,21.66
2009-07-27,23.35,23.35,22.68,22.84,902800,21.56
2009-07-24,23.27,23.54,23.02,23.45,863000,22.14
2009-07-23,22.99,23.56,22.64,23.35,2581000,22.04
2009-07-22,22.55,23.15,22.55,22.91,1623700,21.63
2009-07-21,22.78,22.88,22.18,22.68,2046100,21.41
2009-07-20,22.61,22.83,22.39,22.78,1166100,21.50
2009-07-17,22.35,22.45,22.04,22.44,936300,21.18
2009-07-16,22.42,22.49,22.07,22.42,2144700,21.16
2009-07-15,22.08,22.79,22.02,22.39,2096900,21.14
2009-07-14,21.90,22.14,21.60,22.07,1580300,20.83
2009-07-13,21.71,22.06,21.20,22.01,1682300,20.78
2009-07-10,21.50,22.03,21.39,21.59,3278600,20.38
2009-07-09,21.68,22.03,21.24,21.77,2440300,20.55
2009-07-08,21.30,21.83,21.16,21.80,1920100,20.58
2009-07-07,21.58,21.81,21.31,21.35,2058900,20.15
2009-07-06,21.62,21.92,21.32,21.53,1826000,20.32
2009-07-02,21.45,21.59,21.15,21.27,1627700,20.08
2009-07-01,21.47,21.91,21.40,21.73,2073600,20.51
2009-06-30,21.27,21.55,21.02,21.46,2051400,20.26
2009-06-29,21.19,21.43,20.72,21.29,1633300,20.10
2009-06-26,20.99,21.30,20.79,21.19,1796400,20.00
2009-06-25,20.68,21.37,20.68,21.15,2297200,19.97
2009-06-24,21.11,21.19,20.41,20.80,3039300,19.64
2009-06-23,20.22,20.48,19.88,19.98,1831900,18.86
2009-06-22,20.06,20.45,20.01,20.24,2322100,19.11
2009-06-19,20.61,20.82,20.26,20.28,1730900,19.14
2009-06-18,20.33,20.47,19.87,20.40,1367500,19.26
2009-06-17,20.40,20.67,19.83,20.26,1997100,19.13
2009-06-16,21.00,21.00,20.19,20.27,2164400,19.14
2009-06-15,20.84,20.96,20.38,20.89,2406500,19.72
2009-06-12,20.70,21.13,20.47,21.08,1390100,19.90
2009-06-11,21.05,21.28,20.65,20.86,1835500,19.69
2009-06-10,21.55,21.55,20.66,20.92,2738100,19.75
2009-06-09,21.41,21.70,21.16,21.31,2221400,20.12
2009-06-08,21.07,21.53,20.78,21.41,1700600,20.21
2009-06-05,21.12,21.35,20.56,21.19,3135900,20.00
2009-06-04,20.91,21.05,20.15,21.01,2676400,19.83
2009-06-03,20.84,21.12,20.66,20.92,1556900,19.75
2009-06-02,20.86,21.31,20.54,20.90,2548600,19.73
2009-06-01,20.40,21.06,20.34,20.99,2200800,19.81
2009-05-29,20.00,20.36,19.71,20.29,2932600,19.15
2009-05-28,20.71,20.76,19.61,19.89,3137500,18.78
2009-05-27,21.06,21.51,20.45,20.52,2565800,19.37
2009-05-26,20.11,21.37,20.11,21.20,2775200,20.01
2009-05-22,20.46,20.85,20.18,20.40,2214500,19.26
2009-05-21,20.91,20.99,19.95,20.35,6933000,19.21
2009-05-20,22.97,23.70,22.26,22.30,2676800,21.05
2009-05-19,22.49,23.31,22.31,22.94,1735500,21.66
2009-05-18,22.21,22.76,21.93,22.70,1792700,21.43
2009-05-15,21.64,22.61,21.63,21.96,2573000,20.73
2009-05-14,20.85,21.36,20.68,21.10,1573300,19.92
2009-05-13,21.32,21.40,20.79,20.83,2137400,19.66
2009-05-12,21.32,21.92,20.99,21.57,2739300,20.36
2009-05-11,21.36,21.72,20.93,21.43,1121100,20.23
2009-05-08,22.28,22.53,21.17,21.83,1589700,20.61
2009-05-07,22.78,22.91,21.86,22.11,1139500,20.87
2009-05-06,22.95,23.24,22.08,22.33,1280100,21.08
2009-05-05,23.06,23.06,22.36,22.63,1434500,21.36
2009-05-04,22.12,23.04,22.08,22.71,1515100,21.44
2009-05-01,22.59,22.78,21.82,21.90,1140200,20.67
2009-04-30,23.04,23.25,22.70,22.88,1054000,21.60
2009-04-29,23.28,23.53,22.87,23.01,1030200,21.72
2009-04-28,22.80,23.34,22.62,22.91,943400,21.60
2009-04-27,23.00,23.45,22.72,22.95,1108100,21.64
2009-04-24,23.00,23.43,22.79,23.23,1525200,21.90
2009-04-23,23.61,23.61,22.24,23.00,1438900,21.68
2009-04-22,22.70,23.72,22.47,23.08,1648000,21.76
2009-04-21,22.47,23.02,22.27,22.83,1510900,21.52
2009-04-20,23.00,23.01,22.34,22.65,1545700,21.35
2009-04-17,23.40,23.70,22.50,23.60,1395300,22.25
2009-04-16,22.80,24.08,22.59,23.97,1829900,22.60
2009-04-15,23.22,23.22,22.09,22.57,1722400,21.28
2009-04-14,22.75,22.95,22.35,22.67,1297200,21.37
2009-04-13,22.63,23.07,22.52,22.97,1164600,21.66
2009-04-09,22.54,22.99,22.31,22.88,2437300,21.57
2009-04-08,21.28,22.24,21.01,22.20,2425600,20.93
2009-04-07,20.65,21.05,20.40,20.69,2266600,19.51
2009-04-06,21.52,21.72,20.89,21.13,2553800,19.92
2009-04-03,21.62,21.86,21.21,21.78,945200,20.53
2009-04-02,21.26,22.00,21.20,21.65,1715400,20.41
2009-04-01,20.75,21.20,20.49,21.14,1602000,19.93
2009-03-31,21.52,21.54,20.75,20.96,2436100,19.76
2009-03-30,20.93,21.38,20.75,21.32,1386400,20.10
2009-03-27,21.40,21.88,21.26,21.50,1353900,20.27
2009-03-26,21.07,21.91,20.75,21.91,2260300,20.66
2009-03-25,20.88,21.18,20.13,20.81,1623700,19.62
2009-03-24,20.28,21.00,20.11,20.67,1618700,19.49
2009-03-23,19.59,20.41,19.59,20.37,2527500,19.20
2009-03-20,20.85,20.95,19.88,20.18,1903500,19.03
2009-03-19,20.49,20.80,20.30,20.80,1947100,19.61
2009-03-18,19.47,20.67,19.24,20.39,2446900,19.22
2009-03-17,19.03,19.56,18.83,19.56,1557700,18.44
2009-03-16,18.90,19.47,18.69,18.98,1710100,17.89
2009-03-13,18.87,19.21,18.38,18.69,1505600,17.62
2009-03-12,17.98,18.92,17.72,18.84,1896300,17.76
2009-03-11,18.05,18.21,17.45,18.06,1876200,17.03
2009-03-10,17.00,18.03,16.83,18.01,2381100,16.98
2009-03-09,16.28,16.88,16.28,16.69,2124700,15.73
2009-03-06,17.22,17.22,16.17,16.85,4188800,15.89
2009-03-05,18.40,18.40,16.69,17.13,6155100,16.15
2009-03-04,18.70,18.76,17.93,18.51,5251900,17.45
2009-03-03,19.30,19.30,18.30,18.70,3784100,17.63
2009-03-02,19.65,19.81,18.70,18.75,3481300,17.68
2009-02-27,19.23,20.43,19.23,20.04,2864900,18.89
2009-02-26,19.55,19.82,19.34,19.48,1789200,18.37
2009-02-25,18.96,19.69,18.94,19.42,2134900,18.31
2009-02-24,18.85,19.29,18.62,19.04,2793800,17.95
2009-02-23,19.11,19.48,18.50,18.53,1811800,17.47
2009-02-20,18.87,19.38,18.63,19.03,2255500,17.94
2009-02-19,19.63,19.86,19.08,19.23,1563900,18.13
2009-02-18,19.47,19.64,18.93,19.50,1837000,18.38
2009-02-17,19.29,19.68,19.10,19.44,1368800,18.33
2009-02-13,20.15,20.22,19.56,19.78,1164800,18.65
2009-02-12,19.36,20.01,19.05,19.95,1503100,18.81
2009-02-11,19.72,19.83,19.28,19.57,1337900,18.45
2009-02-10,20.25,20.50,19.42,19.61,1539300,18.49
2009-02-09,20.26,20.72,20.10,20.45,1344700,19.28
2009-02-06,19.79,20.67,19.73,20.60,1837900,19.42
2009-02-05,18.74,19.75,18.74,19.72,1487100,18.59
2009-02-04,18.93,19.27,18.68,18.97,1332500,17.88
2009-02-03,18.71,19.10,18.27,19.01,1090400,17.92
2009-02-02,18.59,18.78,18.14,18.60,1490100,17.54
2009-01-30,19.03,19.30,18.66,18.77,1430300,17.70
2009-01-29,19.38,19.48,18.83,18.94,1094200,17.86
2009-01-28,19.80,19.89,19.42,19.68,2207100,18.55
2009-01-27,19.34,19.69,19.00,19.40,1945100,18.26
2009-01-26,18.60,19.47,18.46,19.32,3052400,18.19
2009-01-23,17.07,18.15,17.00,17.82,2321600,16.77
2009-01-22,16.70,17.56,16.58,17.38,2961700,16.36
2009-01-21,17.17,18.22,17.01,17.76,1902500,16.72
2009-01-20,18.20,18.49,17.42,17.49,1522600,16.46
2009-01-16,18.09,18.43,17.80,18.35,1841900,17.27
2009-01-15,17.06,18.05,17.00,17.76,1779900,16.72
2009-01-14,17.77,17.77,17.00,17.04,1758300,16.04
2009-01-13,17.86,18.24,17.27,17.54,2322100,16.51
2009-01-12,17.76,18.17,17.70,17.86,1200500,16.81
2009-01-09,18.74,18.95,17.88,17.93,1675400,16.88
2009-01-08,18.59,18.79,18.03,18.70,1920000,17.60
2009-01-07,18.87,19.06,18.48,18.60,1395300,17.51
2009-01-06,18.90,19.41,18.56,19.17,1743000,18.05
2009-01-05,19.10,19.11,18.66,18.87,1504700,17.76
2009-01-02,18.43,19.25,18.29,19.05,1730800,17.93
2008-12-31,17.99,18.62,17.70,18.45,1468600,17.37
2008-12-30,17.40,17.99,17.32,17.98,1080700,16.92
2008-12-29,17.28,17.47,16.93,17.29,896800,16.28
2008-12-26,17.54,17.60,17.17,17.35,852800,16.33
2008-12-24,17.65,17.78,17.40,17.53,452800,16.50
2008-12-23,17.17,17.82,17.04,17.56,1686600,16.53
2008-12-22,17.75,17.90,17.19,17.55,1654500,16.52
2008-12-19,17.60,18.12,17.17,17.73,6044100,16.69
2008-12-18,17.86,18.22,17.09,17.45,1838700,16.43
2008-12-17,17.79,18.50,17.15,18.07,2574100,17.01
2008-12-16,16.58,17.69,16.46,17.58,2487300,16.55
2008-12-15,16.45,17.08,15.97,16.27,2017600,15.32
2008-12-12,16.13,17.13,16.07,16.86,1904400,15.87
2008-12-11,17.10,17.57,16.23,16.39,1952300,15.43
2008-12-10,16.76,17.85,16.76,17.34,1904600,16.32
2008-12-09,17.27,17.71,16.43,16.60,3169800,15.63
2008-12-08,18.26,18.83,17.27,17.61,3076300,16.58
2008-12-05,16.43,18.10,16.20,17.98,2440000,16.92
2008-12-04,16.34,17.47,15.90,16.64,2287500,15.66
2008-12-03,15.39,16.71,15.38,16.68,2208300,15.70
2008-12-02,15.89,16.46,15.39,16.06,2955500,15.12
2008-12-01,17.38,17.38,15.71,15.72,2492900,14.80
2008-11-28,17.23,17.60,16.66,17.55,950800,16.52
2008-11-26,15.89,17.45,15.53,17.42,2242400,16.40
2008-11-25,16.05,16.59,15.47,16.29,3326100,15.33
2008-11-24,15.45,16.20,15.00,15.97,5190300,15.03
2008-11-21,15.01,15.55,14.39,15.40,6170100,14.50
2008-11-20,15.02,16.75,14.44,14.84,10649700,13.97
2008-11-19,14.50,14.80,13.27,13.32,3793500,12.54
2008-11-18,15.80,15.81,14.57,15.06,2528200,14.18
2008-11-17,15.61,15.99,15.27,15.30,2246300,14.40
2008-11-14,17.11,17.17,15.76,15.77,2509800,14.84
2008-11-13,15.67,17.32,15.42,17.32,4826800,16.30
2008-11-12,17.09,17.74,15.59,15.66,3061700,14.74
2008-11-11,17.03,18.17,16.97,17.50,2375400,16.47
2008-11-10,18.36,18.44,17.51,17.80,2123200,16.76
2008-11-07,17.50,18.27,17.46,18.04,2324700,16.98
2008-11-06,17.63,18.35,17.57,17.84,3368200,16.79
2008-11-05,18.57,18.59,17.81,17.83,3872200,16.78
2008-11-04,19.68,19.68,18.10,18.69,4249300,17.59
2008-11-03,19.69,19.87,19.24,19.37,1418500,18.23
2008-10-31,19.02,20.14,18.69,19.69,3307400,18.53
2008-10-30,19.51,20.22,18.34,19.40,4570000,18.26
2008-10-29,18.52,19.91,18.00,19.14,5479800,18.02
2008-10-28,18.04,18.43,16.73,18.30,4822300,17.20
2008-10-27,17.89,19.04,17.52,17.52,2328100,16.46
2008-10-24,17.84,18.90,17.70,18.53,3195800,17.41
2008-10-23,20.18,20.23,18.11,18.80,3171700,17.67
2008-10-22,19.97,20.22,19.25,19.92,2790300,18.72
2008-10-21,20.43,20.97,20.08,20.18,1520600,18.96
2008-10-20,20.12,20.87,19.85,20.72,1718500,19.47
2008-10-17,20.00,20.83,19.51,20.05,2782000,18.84
2008-10-16,19.65,21.34,18.97,20.87,4437200,19.61
2008-10-15,20.50,20.99,19.50,19.52,3469200,18.34
2008-10-14,21.95,22.99,19.48,20.03,2837000,18.82
2008-10-13,21.58,21.59,20.81,21.35,2996200,20.06
2008-10-10,19.07,21.46,19.00,20.52,5092900,19.28
2008-10-09,20.61,21.18,19.51,19.84,3387300,18.65
2008-10-08,20.60,21.62,20.23,20.57,3836000,19.33
2008-10-07,22.00,22.69,21.03,21.03,2805200,19.76
2008-10-06,21.63,22.69,20.84,22.50,4739900,21.14
2008-10-03,23.69,24.22,21.50,21.95,3169400,20.63
2008-10-02,24.25,24.64,23.25,23.30,1961400,21.90
2008-10-01,24.55,24.97,23.96,24.28,2592500,22.82
2008-09-30,24.87,25.03,23.77,24.71,2306700,23.22
2008-09-29,25.17,25.47,23.87,24.23,2707000,22.77
2008-09-26,25.22,25.94,25.00,25.62,1381000,24.08
2008-09-25,25.41,26.29,25.22,25.56,1727900,24.02
2008-09-24,25.30,25.63,24.55,25.26,2738900,23.74
2008-09-23,24.90,25.43,24.47,24.61,1581600,23.13
2008-09-22,25.82,26.18,24.80,24.83,2112600,23.33
2008-09-19,27.66,27.87,25.82,26.18,3969000,24.60
2008-09-18,25.54,26.34,24.50,26.34,4534300,24.75
2008-09-17,26.09,26.99,25.32,25.35,3160900,23.82
2008-09-16,26.85,27.44,26.29,26.60,3850000,25.00
2008-09-15,26.34,27.22,26.16,26.46,3598100,24.87
2008-09-12,26.75,27.25,26.28,27.01,3590400,25.38
2008-09-11,26.32,27.42,26.20,27.25,4327100,25.61
2008-09-10,27.53,27.54,26.52,26.70,4324700,25.09
2008-09-09,28.51,28.86,26.94,27.13,5646800,25.50
2008-09-08,28.00,28.68,27.54,28.34,6685600,26.63
2008-09-05,27.34,28.12,27.02,28.00,5068100,26.31
2008-09-04,28.00,28.67,28.00,28.24,5088000,26.54
2008-09-03,27.16,28.55,27.00,28.38,5016900,26.67
2008-09-02,27.01,27.85,26.79,27.31,5750300,25.67
2008-08-29,26.15,27.42,26.10,27.00,10833000,25.37
2008-08-28,24.53,24.86,23.98,24.42,3516100,22.95
2008-08-27,24.11,24.91,24.11,24.38,2476500,22.91
2008-08-26,24.62,24.70,23.96,24.31,2691700,22.85
2008-08-25,24.89,25.19,24.47,24.55,2521300,23.07
2008-08-22,24.37,25.16,24.18,25.12,1328300,23.61
2008-08-21,23.97,24.40,23.74,24.32,1859900,22.86
2008-08-20,24.47,24.90,23.70,23.88,1956300,22.44
2008-08-19,25.03,25.30,23.98,24.30,2698700,22.84
2008-08-18,25.89,25.92,25.03,25.24,2951800,23.72
2008-08-15,24.75,25.62,24.58,25.39,2752200,23.86
2008-08-14,23.97,25.44,23.90,24.61,2302100,23.13
2008-08-13,24.92,24.92,23.60,24.28,2212800,22.82
2008-08-12,25.30,25.53,24.58,24.73,3181600,23.24
2008-08-11,24.67,26.41,24.38,25.30,5237500,23.78
2008-08-08,23.55,25.36,23.35,24.95,3545600,23.45
2008-08-07,23.72,24.17,23.32,23.44,2223900,22.03
2008-08-06,24.39,24.39,23.53,24.17,1758800,22.71
2008-08-05,23.31,24.51,23.31,24.49,3645000,23.02
2008-08-04,22.76,23.14,22.22,22.87,3219300,21.49
2008-08-01,22.91,23.18,22.26,22.99,2949300,21.61
2008-07-31,22.35,23.26,21.86,22.71,2055200,21.34
2008-07-30,23.42,24.61,22.33,22.59,5075300,21.23
2008-07-29,21.91,23.54,21.88,23.49,4364600,22.05
2008-07-28,21.14,21.75,21.02,21.71,4050100,20.38
2008-07-25,21.40,21.75,20.93,21.14,2123200,19.84
2008-07-24,21.46,21.78,20.99,21.23,4943200,19.93
2008-07-23,20.74,22.00,20.50,21.48,4539400,20.16
2008-07-22,20.16,20.91,20.15,20.61,4414100,19.34
2008-07-21,21.00,21.00,20.15,20.19,2226800,18.95
2008-07-18,21.18,21.75,20.76,20.83,2971500,19.55
2008-07-17,20.82,21.78,20.29,21.58,2022700,20.25
2008-07-16,19.31,20.75,19.07,20.65,2742600,19.38
2008-07-15,19.39,19.69,18.78,19.30,2229700,18.11
2008-07-14,19.98,19.98,19.11,19.43,1927400,18.24
2008-07-11,19.87,20.06,19.10,19.38,2699800,18.19
2008-07-10,20.74,20.98,19.98,20.08,1923600,18.85
2008-07-09,21.48,21.48,20.59,20.66,1372800,19.39
2008-07-08,20.46,21.51,20.21,21.44,1922400,20.12
2008-07-07,20.51,20.94,20.17,20.61,1703700,19.34
2008-07-03,20.57,20.81,20.25,20.27,1040000,19.02
2008-07-02,21.05,21.38,20.54,20.57,2443500,19.31
2008-07-01,20.04,21.32,19.96,21.26,3986200,19.95
2008-06-30,20.22,20.45,19.80,19.95,1909300,18.72
2008-06-27,20.58,20.84,20.02,20.43,2202600,19.18
2008-06-26,20.77,21.07,20.57,20.62,2139000,19.35
2008-06-25,20.91,21.38,20.69,20.94,2633200,19.65
2008-06-24,20.75,21.00,20.35,20.74,1791300,19.47
2008-06-23,21.55,21.66,20.88,20.89,1738000,19.61
2008-06-20,22.20,22.51,21.35,21.53,2680900,20.21
2008-06-19,21.90,22.58,21.62,22.46,2180400,21.08
2008-06-18,22.20,22.44,21.55,21.78,2456400,20.44
2008-06-17,22.97,23.08,22.29,22.32,2084400,20.95
2008-06-16,22.53,23.02,22.32,22.97,2483500,21.56
2008-06-13,22.60,22.75,22.25,22.75,2512700,21.35
2008-06-12,22.53,23.25,22.19,22.39,2481900,21.01
2008-06-11,23.51,23.62,22.46,22.51,3596200,21.13
2008-06-10,22.23,22.53,21.99,22.21,2752200,20.85
2008-06-09,22.26,22.54,22.00,22.36,1984800,20.99
2008-06-06,23.30,23.40,22.30,22.41,3030500,21.03
2008-06-05,23.71,24.07,23.38,23.49,2986300,22.05
2008-06-04,23.04,23.92,22.87,23.49,2087700,22.05
2008-06-03,23.36,23.36,22.78,23.10,1609700,21.68
2008-06-02,23.32,23.58,22.82,23.20,2124500,21.77
2008-05-30,24.04,24.04,23.29,23.44,1927600,22.00
2008-05-29,23.42,24.33,23.36,23.99,2037600,22.52
2008-05-28,23.33,23.68,23.25,23.36,2309800,21.93
2008-05-27,22.53,23.36,22.53,23.32,2674100,21.89
2008-05-23,22.77,22.81,22.31,22.53,2646200,21.15
2008-05-22,22.19,23.22,21.79,22.94,3842400,21.53
2008-05-21,22.90,23.28,22.01,22.13,2507800,20.77
2008-05-20,23.36,23.59,22.68,22.87,1808500,21.47
2008-05-19,24.06,24.46,23.28,23.44,2173800,22.00
2008-05-16,24.89,24.94,24.00,24.34,1206500,22.84
2008-05-15,24.16,24.90,23.97,24.79,1432800,23.27
2008-05-14,24.37,24.90,24.20,24.26,1585000,22.77
2008-05-13,23.92,24.40,23.75,24.10,1823200,22.62
2008-05-12,23.36,24.11,23.21,24.05,1233400,22.57
2008-05-09,22.83,23.58,22.80,23.29,1072100,21.86
2008-05-08,23.31,23.74,22.71,23.14,1348700,21.72
2008-05-07,23.34,23.81,23.02,23.15,1186400,21.73
2008-05-06,22.85,23.37,22.47,23.26,895300,21.83
2008-05-05,23.30,23.30,22.70,23.01,1340600,21.60
2008-05-02,23.00,23.91,23.00,23.28,1594700,21.85
2008-05-01,22.42,23.85,22.06,23.33,2389600,21.90
2008-04-30,23.84,23.84,22.24,22.38,2282800,21.01
2008-04-29,23.59,24.10,23.37,23.65,994300,22.17
2008-04-28,23.03,24.23,22.76,23.71,2216300,22.23
2008-04-25,22.43,23.09,22.22,22.99,1293800,21.55
2008-04-24,21.94,22.71,21.68,22.39,1053000,20.99
2008-04-23,21.44,21.96,21.06,21.78,940200,20.42
2008-04-22,21.85,21.92,20.92,21.26,1108300,19.93
2008-04-21,22.03,22.30,21.90,22.04,1300500,20.66
2008-04-18,22.37,22.76,21.89,22.17,1959000,20.78
2008-04-17,21.27,21.90,21.27,21.81,1548400,20.44
2008-04-16,21.72,22.00,21.03,21.30,3215600,19.97
2008-04-15,21.35,21.57,20.73,21.55,2811000,20.20
2008-04-14,21.68,22.54,20.88,21.23,4883200,19.90
2008-04-11,21.07,21.76,20.80,20.91,2208400,19.60
2008-04-10,19.87,21.45,19.84,21.42,2176500,20.08
2008-04-09,21.12,21.26,20.06,20.28,1601000,19.01
2008-04-08,21.23,21.38,20.95,21.10,978300,19.78
2008-04-07,21.85,22.00,21.27,21.33,1146300,19.99
2008-04-04,21.78,21.87,21.23,21.62,1462500,20.27
2008-04-03,22.21,22.31,21.51,21.79,1806100,20.43
2008-04-02,22.04,23.04,21.70,22.24,2334700,20.85
2008-04-01,20.61,22.04,20.61,21.99,2676900,20.61
2008-03-31,20.25,20.66,19.68,20.44,2301200,19.16
2008-03-28,20.20,20.89,20.15,20.24,1534400,18.97
2008-03-27,21.03,21.27,20.64,20.66,2067000,19.37
2008-03-26,21.39,21.42,20.78,21.03,1390800,19.71
2008-03-25,21.52,21.52,20.92,21.42,1435300,20.08
2008-03-24,20.85,21.52,20.84,21.51,2458900,20.16
2008-03-20,19.93,20.89,19.80,20.78,2327800,19.48
2008-03-19,20.50,20.63,19.84,19.84,2061900,18.60
2008-03-18,19.93,20.45,19.76,20.45,1774600,19.17
2008-03-17,19.21,20.07,19.16,19.57,1959300,18.34
2008-03-14,20.41,20.59,19.39,19.64,2652900,18.41
2008-03-13,20.13,20.53,19.80,20.31,2637700,19.04
2008-03-12,20.25,20.84,20.06,20.38,3297300,19.10
2008-03-11,19.22,20.09,19.11,20.07,4695400,18.81
2008-03-10,19.17,19.41,18.91,18.97,3162500,17.78
2008-03-07,19.51,19.66,18.75,19.18,6649300,17.98
2008-03-06,21.29,21.34,19.64,19.64,10251400,18.41
2008-03-05,22.06,22.50,21.68,22.25,2344200,20.86
2008-03-04,21.50,22.03,21.21,21.92,2719200,20.55
2008-03-03,21.48,21.91,21.13,21.65,2597400,20.29
2008-02-29,22.16,22.22,21.46,21.53,1757800,20.18
2008-02-28,22.81,22.90,22.35,22.45,1543600,21.04
2008-02-27,23.12,23.60,22.85,23.08,1201000,21.63
2008-02-26,22.79,23.70,22.44,23.37,1485100,21.91
2008-02-25,21.83,22.63,21.82,22.55,1952400,21.14
2008-02-22,22.84,22.84,21.60,21.81,2827000,20.44
2008-02-21,23.23,23.43,22.04,22.13,2061300,20.74
2008-02-20,22.50,23.37,22.40,23.14,1424000,21.69
2008-02-19,23.24,23.88,22.50,22.60,1736300,21.18
2008-02-15,23.29,23.54,22.76,23.00,2087900,21.56
2008-02-14,24.81,24.81,23.27,23.42,1366000,21.95
2008-02-13,24.11,24.70,24.05,24.43,2093100,22.90
2008-02-12,23.73,24.77,23.73,24.22,1581900,22.70
2008-02-11,23.79,24.62,23.25,24.49,2545600,22.96
2008-02-08,23.58,24.18,22.98,23.73,2012700,22.24
2008-02-07,22.02,23.57,22.02,23.04,2198500,21.60
2008-02-06,22.94,23.15,22.24,22.27,1771200,20.88
2008-02-05,23.36,23.74,21.72,22.74,1813800,21.32
2008-02-04,23.85,24.27,23.35,23.87,2168000,22.38
2008-02-01,23.00,24.07,22.94,23.98,2766900,22.48
2008-01-31,21.79,23.42,21.53,22.87,2527000,21.44
2008-01-30,22.05,22.80,21.69,22.08,2547200,20.70
2008-01-29,21.82,22.25,21.49,22.07,1946700,20.66
2008-01-28,20.71,21.75,20.69,21.75,1853900,20.36
2008-01-25,21.24,21.42,20.29,20.59,3794200,19.27
2008-01-24,22.74,22.74,20.76,21.04,4835800,19.70
2008-01-23,20.61,23.13,20.31,22.76,8377200,21.31
2008-01-22,20.63,23.37,20.51,23.05,4273500,21.58
2008-01-18,21.08,22.09,20.71,21.58,3136800,20.20
2008-01-17,21.73,22.09,21.10,21.10,1920100,19.75
2008-01-16,20.83,22.24,20.82,21.87,2293000,20.47
2008-01-15,20.92,21.12,20.44,20.79,2693700,19.46
2008-01-14,21.01,21.52,20.72,21.29,2984000,19.93
2008-01-11,22.17,22.18,20.86,21.00,2265200,19.66
2008-01-10,21.90,22.53,21.49,22.08,2540100,20.67
2008-01-09,21.77,22.17,21.36,22.11,1809100,20.70
2008-01-08,21.90,22.51,21.76,21.79,2484900,20.40
2008-01-07,21.65,22.58,21.47,22.05,2176100,20.64
2008-01-04,22.50,22.59,21.60,21.77,2000900,20.38
2008-01-03,23.45,23.49,22.74,22.78,1572200,21.32
2008-01-02,23.50,23.87,23.12,23.31,2461600,21.82
