Date,Open,High,Low,Close,Volume,Adj Close
2013-12-31,49.35,49.47,49.04,49.31,815800,49.01
2013-12-30,49.39,49.44,49.04,49.16,1174000,48.86
2013-12-27,49.66,49.78,49.25,49.38,626600,49.08
2013-12-26,49.43,49.67,49.13,49.56,630700,49.26
2013-12-24,49.08,49.45,48.86,49.40,336000,49.10
2013-12-23,49.02,49.33,48.95,49.23,840300,48.93
2013-12-20,48.04,48.99,48.00,48.75,1991400,48.46
2013-12-19,48.28,48.40,47.99,48.20,2403000,47.91
2013-12-18,47.91,48.48,47.28,48.47,2643400,48.18
2013-12-17,48.06,48.12,47.28,47.61,2438700,47.32
2013-12-16,48.42,48.49,48.04,48.10,1567600,47.81
2013-12-13,48.36,48.51,47.96,48.08,1307600,47.79
2013-12-12,48.40,48.80,48.23,48.32,949300,48.03
2013-12-11,49.14,49.18,48.35,48.43,916000,48.14
2013-12-10,49.17,49.44,48.96,49.22,924600,48.92
2013-12-09,49.54,49.95,49.36,49.39,985300,49.09
2013-12-06,49.73,49.92,49.39,49.46,2242600,49.16
2013-12-05,49.09,49.49,48.87,49.17,1177700,48.87
2013-12-04,49.54,49.89,48.93,49.48,1718600,48.92
2013-12-03,50.17,50.17,49.20,49.70,1545200,49.14
2013-12-02,50.86,50.91,50.18,50.29,1337100,49.72
2013-11-29,50.81,50.97,50.44,50.63,838100,50.06
2013-11-27,50.59,50.85,50.32,50.62,955200,50.05
2013-11-26,50.04,50.75,50.00,50.59,1905600,50.02
2013-11-25,50.13,50.32,49.97,50.07,975600,49.51
2013-11-22,49.22,50.20,49.18,50.16,1575600,49.60
2013-11-21,49.24,49.71,49.16,49.69,1130900,49.13
2013-11-20,49.15,49.57,48.89,49.01,766500,48.46
2013-11-19,49.19,49.60,48.91,49.15,942700,48.60
2013-11-18,49.27,49.82,49.16,49.26,1207500,48.71
2013-11-15,48.92,49.24,48.53,49.19,947800,48.64
2013-11-14,48.40,48.99,48.11,48.94,836100,48.39
2013-11-13,47.81,48.28,47.63,48.28,1334200,47.74
2013-11-12,48.05,48.32,47.60,47.85,1096800,47.31
2013-11-11,48.25,48.45,48.00,48.17,1060300,47.63
2013-11-08,47.16,48.79,47.11,48.44,1964800,47.89
2013-11-07,48.00,48.45,46.94,46.96,1383300,46.43
2013-11-06,47.64,48.07,47.61,47.95,730400,47.41
2013-11-05,47.71,47.89,47.39,47.47,1328600,46.94
2013-11-04,47.59,47.84,47.33,47.81,861100,47.27
2013-11-01,47.48,47.71,47.23,47.48,1194300,46.95
2013-10-31,47.41,47.90,47.27,47.46,1211200,46.93
2013-10-30,47.89,48.17,47.29,47.55,1218100,47.01
2013-10-29,47.30,47.99,47.25,47.92,1233300,47.38
2013-10-28,46.85,47.21,46.53,47.08,1589100,46.55
2013-10-25,46.66,47.93,46.23,46.85,1663300,46.32
2013-10-24,46.32,46.79,46.04,46.75,1160900,46.22
2013-10-23,46.26,46.44,45.83,46.24,1088100,45.72
2013-10-22,46.43,46.95,46.38,46.60,951900,46.08
2013-10-21,46.51,46.56,46.06,46.31,629700,45.79
2013-10-18,45.94,46.41,45.70,46.36,1561200,45.84
2013-10-17,44.68,45.72,44.55,45.62,1702600,45.11
2013-10-16,43.50,45.00,43.50,44.93,1374000,44.42
2013-10-15,43.86,44.71,43.76,43.91,1743300,43.42
2013-10-14,43.39,44.18,43.29,44.12,950800,43.62
2013-10-11,43.30,43.95,43.15,43.94,1218300,43.45
2013-10-10,42.66,43.32,42.62,43.32,1469300,42.83
2013-10-09,41.84,42.20,41.45,42.04,1310200,41.57
2013-10-08,42.43,42.60,41.67,41.71,1052600,41.24
2013-10-07,42.88,42.96,42.50,42.50,699700,42.02
2013-10-04,42.56,43.43,42.56,43.41,895900,42.92
2013-10-03,42.85,43.05,42.05,42.61,1081600,42.13
2013-10-02,42.69,43.02,42.32,43.02,1103400,42.54
2013-10-01,42.99,43.23,42.65,43.01,1089100,42.53
2013-09-30,42.48,42.98,42.42,42.82,1122700,42.34
2013-09-27,43.14,43.36,42.95,43.19,657100,42.70
2013-09-26,43.28,43.76,43.21,43.49,754600,43.00
2013-09-25,43.09,43.50,42.97,43.28,863800,42.79
2013-09-24,43.00,43.40,42.91,43.08,993000,42.60
2013-09-23,42.90,43.13,42.65,42.95,835800,42.47
2013-09-20,43.24,43.86,43.14,43.24,1582800,42.75
2013-09-19,44.07,44.11,43.14,43.20,1783900,42.71
2013-09-18,43.94,44.23,43.64,43.97,2074200,43.48
2013-09-17,43.81,44.00,43.57,43.90,1401900,43.41
2013-09-16,43.80,44.13,43.59,43.84,1321100,43.35
2013-09-13,43.41,43.72,42.99,43.09,1665100,42.61
2013-09-12,43.77,43.82,43.30,43.44,923500,42.95
2013-09-11,43.70,43.86,43.32,43.83,940600,43.34
2013-09-10,43.11,43.85,42.97,43.75,1327800,43.26
2013-09-09,42.09,42.70,41.92,42.68,1132300,42.20
2013-09-06,42.23,42.40,41.38,42.04,1132200,41.57
2013-09-05,42.00,42.46,41.92,42.08,998400,41.61
2013-09-04,41.42,42.41,41.36,41.84,1791400,41.37
2013-09-03,41.22,41.73,41.05,41.38,2062800,40.91
2013-08-30,41.19,41.31,40.56,40.92,1123300,40.20
2013-08-29,40.76,41.68,40.53,41.16,1180800,40.44
2013-08-28,40.57,40.94,40.29,40.79,1496900,40.07
2013-08-27,41.50,41.52,40.59,40.60,1692500,39.89
2013-08-26,42.30,42.64,42.12,42.14,912200,41.40
2013-08-23,42.48,42.55,42.05,42.31,861800,41.57
2013-08-22,42.15,42.86,42.07,42.45,864900,41.71
2013-08-21,42.16,42.39,41.59,42.01,1044300,41.27
2013-08-20,41.82,42.45,41.73,42.28,742400,41.54
2013-08-19,42.40,42.49,41.84,41.89,937200,41.16
2013-08-16,41.85,42.68,41.81,42.48,1015100,41.74
2013-08-15,42.37,42.52,41.91,41.97,715000,41.23
2013-08-14,42.86,43.12,42.75,42.83,655200,42.08
2013-08-13,42.70,43.00,42.48,42.95,787100,42.20
2013-08-12,42.52,42.86,42.32,42.56,978100,41.81
2013-08-09,43.06,43.37,42.83,42.89,1072500,42.14
2013-08-08,43.37,43.67,42.91,43.11,1203100,42.35
2013-08-07,43.23,43.31,42.89,43.05,1540500,42.30
2013-08-06,43.68,43.77,43.17,43.41,1855000,42.65
2013-08-05,44.18,44.31,43.67,43.83,1773000,43.06
2013-08-02,44.59,44.67,44.17,44.37,1492600,43.59
2013-08-01,43.82,44.94,43.82,44.85,2271100,44.06
2013-07-31,42.84,43.82,42.84,43.36,2533400,42.60
2013-07-30,42.82,43.04,42.54,42.65,1093900,41.90
2013-07-29,42.88,43.33,42.46,42.52,1395200,41.77
2013-07-26,42.01,43.18,42.00,42.99,4615100,42.24
2013-07-25,39.88,40.53,39.80,40.46,1362000,39.75
2013-07-24,40.51,40.72,40.06,40.09,1215200,39.39
2013-07-23,40.93,40.99,40.39,40.41,1059600,39.70
2013-07-22,39.69,40.73,39.59,40.73,1552100,40.02
2013-07-19,39.92,39.92,39.44,39.68,958400,38.98
2013-07-18,39.61,39.98,39.55,39.83,1342000,39.13
2013-07-17,38.95,39.55,38.82,39.46,1779500,38.77
2013-07-16,38.85,39.08,38.60,38.79,1617700,38.11
2013-07-15,38.58,39.10,38.49,38.75,1308600,38.07
2013-07-12,38.78,38.94,38.62,38.90,911500,38.22
2013-07-11,38.93,39.00,38.43,38.85,1395100,38.17
2013-07-10,38.56,38.70,38.19,38.41,1760500,37.74
2013-07-09,38.65,38.80,38.16,38.66,1467900,37.98
2013-07-08,38.11,38.62,38.05,38.32,2066500,37.65
2013-07-05,37.16,37.93,37.16,37.91,1453700,37.25
2013-07-03,36.98,37.07,36.75,36.97,1027200,36.32
2013-07-02,37.70,37.89,37.03,37.29,2360100,36.64
2013-07-01,37.74,37.97,37.58,37.82,1535100,37.16
2013-06-28,37.86,37.86,37.40,37.45,2034800,36.79
2013-06-27,37.71,38.04,37.62,37.97,834100,37.30
2013-06-26,36.95,37.62,36.90,37.46,1673900,36.80
2013-06-25,36.57,37.16,36.34,36.99,1315500,36.34
2013-06-24,36.27,36.39,35.65,36.12,2002800,35.49
2013-06-21,37.56,37.70,36.44,36.80,2945100,36.15
2013-06-20,37.82,38.01,37.06,37.23,2651700,36.58
2013-06-19,38.77,39.04,38.19,38.20,1832600,37.53
2013-06-18,38.83,39.05,38.70,38.88,1005700,38.20
2013-06-17,38.31,38.90,38.31,38.75,1001400,38.07
2013-06-14,38.66,38.68,37.77,38.04,1212700,37.37
2013-06-13,38.02,38.77,37.89,38.67,1167900,37.99
2013-06-12,38.31,38.46,37.97,38.03,1381800,37.36
2013-06-11,38.39,38.66,37.77,38.01,1646200,37.34
2013-06-10,38.72,38.95,38.59,38.72,946300,38.04
2013-06-07,38.12,38.68,38.01,38.58,1317800,37.90
2013-06-06,37.27,37.81,36.96,37.80,1301000,37.14
2013-06-05,37.62,37.68,36.86,37.25,2165300,36.60
2013-06-04,37.72,38.14,37.35,37.64,1635000,36.98
2013-06-03,37.99,38.14,37.15,37.70,1838100,37.04
2013-05-31,38.31,38.56,37.82,37.85,1757400,37.19
2013-05-30,37.97,38.75,37.96,38.51,1204000,37.83
2013-05-29,37.75,38.44,37.61,38.15,1405100,37.26
2013-05-28,37.71,38.40,37.68,38.01,1279000,37.12
2013-05-24,36.92,37.23,36.51,37.22,1014300,36.35
2013-05-23,37.11,37.35,36.77,37.26,1286600,36.39
2013-05-22,38.12,38.60,37.39,37.58,1363900,36.70
2013-05-21,38.04,38.30,37.88,38.14,1236300,37.25
2013-05-20,37.99,38.34,37.91,38.04,1467700,37.15
2013-05-17,37.76,38.17,37.70,38.14,1531500,37.25
2013-05-16,37.92,38.14,37.56,37.64,934900,36.76
2013-05-15,37.77,38.21,37.70,38.10,1026200,37.21
2013-05-14,37.15,37.88,37.12,37.87,1173000,36.98
2013-05-13,36.92,37.17,36.69,37.15,1041300,36.28
2013-05-10,36.92,37.12,36.85,37.05,806200,36.18
2013-05-09,37.22,37.34,36.75,36.89,1167300,36.02
2013-05-08,37.20,37.41,36.98,37.29,1354800,36.42
2013-05-07,37.03,37.26,36.95,37.26,1249300,36.39
2013-05-06,36.47,37.09,36.38,36.99,886400,36.12
2013-05-03,36.47,37.13,36.41,36.72,1459100,35.86
2013-05-02,35.72,36.19,35.51,35.99,1076300,35.15
2013-05-01,36.11,36.25,35.58,35.62,1196800,34.78
2013-04-30,35.85,36.16,35.52,36.10,1271300,35.25
2013-04-29,35.84,35.95,35.62,35.82,751100,34.98
2013-04-26,35.81,35.98,35.39,35.74,1257100,34.90
2013-04-25,35.69,36.37,35.46,35.78,2286900,34.94
2013-04-24,35.37,35.74,35.23,35.60,1358200,34.76
2013-04-23,34.76,35.39,34.64,35.26,1492300,34.43
2013-04-22,34.48,34.56,33.90,34.51,844000,33.70
2013-04-19,33.78,34.42,33.71,34.34,1384800,33.53
2013-04-18,34.25,34.25,33.43,33.58,2084300,32.79
2013-04-17,34.66,34.67,33.88,34.15,1583400,33.35
2013-04-16,34.74,34.95,34.57,34.92,1195300,34.10
2013-04-15,35.38,35.38,34.29,34.36,1481500,33.55
2013-04-12,35.21,35.47,35.10,35.45,1304800,34.62
2013-04-11,34.89,35.47,34.82,35.45,2408500,34.62
2013-04-10,34.05,34.88,34.04,34.81,1768200,33.99
2013-04-09,33.82,34.27,33.73,34.09,1333700,33.29
2013-04-08,33.44,33.65,33.18,33.65,1632800,32.86
2013-04-05,33.00,33.52,32.59,33.47,1678300,32.68
2013-04-04,33.35,33.71,33.31,33.66,1075100,32.87
2013-04-03,33.95,34.03,33.26,33.34,2072400,32.56
2013-04-02,33.95,34.17,33.84,33.93,2051600,33.13
2013-04-01,33.98,34.04,33.56,33.64,1259200,32.85
2013-03-28,33.64,34.05,33.56,34.03,1361600,33.23
2013-03-27,33.52,33.65,33.30,33.59,860800,32.80
2013-03-26,33.58,33.90,33.48,33.77,1192100,32.98
2013-03-25,33.74,33.81,33.13,33.34,1027900,32.56
2013-03-22,33.53,33.64,33.25,33.53,1353300,32.74
2013-03-21,33.42,33.66,33.21,33.35,1350300,32.57
2013-03-20,33.76,33.97,33.58,33.65,1893500,32.86
2013-03-19,33.73,33.87,33.21,33.49,1647800,32.70
2013-03-18,33.55,34.01,33.47,33.65,1573400,32.86
2013-03-15,34.23,34.38,33.86,34.09,2006300,33.29
2013-03-14,34.27,34.58,34.24,34.38,1383600,33.57
2013-03-13,33.91,34.18,33.74,34.15,1360100,33.35
2013-03-12,33.89,33.92,33.67,33.82,1365900,33.03
2013-03-11,33.39,34.00,33.36,33.88,1597000,33.09
2013-03-08,32.90,33.49,32.88,33.42,1801600,32.64
2013-03-07,32.33,32.79,32.24,32.65,1332200,31.88
2013-03-06,32.63,32.76,32.50,32.58,990400,31.59
2013-03-05,32.09,32.66,32.09,32.42,1373800,31.44
2013-03-04,31.40,32.00,31.37,31.89,1853800,30.92
2013-03-01,31.40,31.71,31.05,31.55,1649700,30.59
2013-02-28,31.70,31.95,31.54,31.61,1932000,30.65
2013-02-27,30.81,31.70,30.77,31.64,1843500,30.68
2013-02-26,30.84,30.92,30.49,30.84,3023900,29.90
2013-02-25,31.70,31.84,30.68,30.70,4141700,29.77
2013-02-22,31.08,31.62,31.08,31.61,1726900,30.65
2013-02-21,31.41,31.48,30.77,30.91,2551700,29.97
2013-02-20,32.24,32.25,31.54,31.60,2994200,30.64
2013-02-19,31.73,32.29,31.53,32.28,2207800,31.30
2013-02-15,31.70,31.74,31.58,31.69,1917100,30.73
2013-02-14,31.26,31.70,31.12,31.62,1753100,30.66
2013-02-13,31.27,31.48,31.16,31.46,1550000,30.51
2013-02-12,31.08,31.35,31.05,31.18,1225300,30.23
2013-02-11,30.86,31.17,30.78,31.06,1247200,30.12
2013-02-08,30.64,30.96,30.44,30.90,1622900,29.96
2013-02-07,30.67,30.70,30.19,30.52,1627400,29.59
2013-02-06,30.47,30.72,30.31,30.62,1357000,29.69
2013-02-05,30.58,30.82,30.55,30.75,1754700,29.82
2013-02-04,30.31,30.45,30.13,30.33,3116500,29.41
2013-02-01,31.41,31.59,30.51,30.52,4400200,29.59
2013-01-31,30.67,31.03,30.49,31.01,2057300,30.07
2013-01-30,30.80,30.88,30.59,30.73,2397200,29.80
2013-01-29,30.77,30.99,30.61,30.90,2584800,29.96
2013-01-28,30.88,31.11,30.76,30.79,1857800,29.86
2013-01-25,30.69,30.85,30.42,30.78,1556200,29.85
2013-01-24,30.36,30.74,30.28,30.56,1496400,29.63
2013-01-23,30.19,30.43,30.12,30.36,1531000,29.44
2013-01-22,29.51,30.30,29.41,30.30,1604800,29.38
2013-01-18,29.60,29.61,29.40,29.51,1721500,28.61
2013-01-17,29.21,29.68,29.05,29.51,1694400,28.61
2013-01-16,29.12,29.12,28.88,29.04,1018200,28.16
2013-01-15,28.81,29.19,28.75,29.15,1330900,28.27
2013-01-14,29.18,29.21,28.94,29.17,1441500,28.28
2013-01-11,29.38,29.38,28.97,29.20,2164300,28.31
2013-01-10,29.48,29.67,29.35,29.67,1214100,28.77
2013-01-09,29.24,29.57,29.21,29.37,1421900,28.48
2013-01-08,28.94,29.20,28.93,29.20,1197300,28.31
2013-01-07,29.13,29.19,28.90,29.07,1485900,28.19
2013-01-04,28.90,29.40,28.89,29.33,1728900,28.44
2013-01-03,29.02,29.19,28.76,28.87,1864100,27.99
2013-01-02,29.08,29.24,28.76,29.09,1780500,28.21
2012-12-31,27.95,28.53,27.91,28.52,1715600,27.65
2012-12-28,27.83,28.20,27.82,28.08,1378800,27.23
2012-12-27,28.11,28.19,27.89,28.11,1366200,27.26
2012-12-26,28.14,28.28,28.06,28.13,884400,27.28
2012-12-24,27.99,28.29,27.99,28.09,496400,27.24
2012-12-21,28.05,28.31,27.87,28.05,1692400,27.20
2012-12-20,28.12,28.44,28.02,28.42,923600,27.56
2012-12-19,27.94,28.53,27.94,28.13,1867400,27.28
2012-12-18,28.01,28.71,27.91,28.70,2187800,27.83
2012-12-17,27.69,27.85,27.63,27.85,1132300,27.00
2012-12-14,27.59,27.68,27.44,27.51,1146500,26.68
2012-12-13,27.95,28.09,27.60,27.62,1744500,26.78
2012-12-12,27.91,28.29,27.85,28.00,1432100,27.15
2012-12-11,27.86,27.95,27.68,27.72,1994500,26.88
2012-12-10,27.53,27.82,27.45,27.73,1362700,26.89
2012-12-07,27.80,27.86,27.64,27.66,1101800,26.82
2012-12-06,27.66,27.77,27.58,27.69,970700,26.85
2012-12-05,27.69,27.99,27.60,27.88,2430800,26.83
2012-12-04,27.32,27.68,27.30,27.67,4232300,26.63
2012-12-03,27.28,27.43,27.16,27.35,2361900,26.32
2012-11-30,26.94,27.20,26.78,27.15,2200500,26.13
2012-11-29,26.92,27.01,26.74,26.92,1450800,25.91
2012-11-28,26.67,26.83,26.15,26.80,3303800,25.79
2012-11-27,27.49,27.63,27.26,27.32,2048400,26.29
2012-11-26,27.08,27.60,26.99,27.59,1601600,26.55
2012-11-23,26.93,27.33,26.78,27.33,537100,26.30
2012-11-21,26.82,26.82,26.55,26.76,864500,25.75
2012-11-20,26.58,26.77,26.41,26.75,2083700,25.74
2012-11-19,26.67,26.90,26.56,26.70,1574500,25.69
2012-11-16,26.20,26.37,25.83,26.32,1337000,25.33
2012-11-15,26.23,26.47,26.02,26.23,1146200,25.24
2012-11-14,26.57,26.71,26.09,26.17,1253800,25.18
2012-11-13,26.37,26.89,26.29,26.50,1592300,25.50
2012-11-12,26.55,26.75,26.29,26.63,1393600,25.63
2012-11-09,26.34,27.02,26.25,26.60,1436600,25.60
2012-11-08,26.79,27.29,26.50,26.50,1412500,25.50
2012-11-07,27.77,27.96,26.96,26.99,2060600,25.97
2012-11-06,28.40,28.48,28.25,28.30,1371900,27.23
2012-11-05,27.90,28.26,27.79,28.17,757600,27.11
2012-11-02,28.58,28.60,27.91,28.17,1748000,27.11
2012-11-01,27.63,28.36,27.60,28.29,1884500,27.22
2012-10-31,27.81,27.89,27.41,27.54,2111400,26.50
2012-10-26,28.02,28.48,27.24,27.70,2511200,26.66
2012-10-25,28.24,28.47,28.07,28.29,2779000,27.22
2012-10-24,28.02,28.27,27.85,27.97,1168600,26.92
2012-10-23,27.92,28.06,27.73,27.92,1247900,26.87
2012-10-22,28.09,28.45,28.07,28.42,1455800,27.35
2012-10-19,28.60,28.60,28.01,28.16,2282500,27.10
2012-10-18,28.38,28.71,28.38,28.59,1337600,27.51
2012-10-17,28.02,28.50,28.02,28.44,2220300,27.37
2012-10-16,27.39,28.05,27.39,27.92,2514100,26.87
2012-10-15,27.09,27.27,26.83,27.13,1082400,26.11
2012-10-12,27.29,27.45,26.89,26.92,1319100,25.91
2012-10-11,27.24,27.62,27.08,27.37,2632600,26.34
2012-10-10,27.21,27.34,26.99,27.09,1410500,26.07
2012-10-09,27.01,27.63,27.01,27.21,3670100,26.19
2012-10-08,27.60,27.87,27.59,27.77,903600,26.72
2012-10-05,28.08,28.18,27.70,27.76,1424100,26.71
2012-10-04,27.35,27.82,27.33,27.82,1730500,26.77
2012-10-03,27.37,27.38,27.05,27.13,2854100,26.11
2012-10-02,27.08,27.17,26.92,27.14,1398600,26.12
2012-10-01,27.06,27.40,26.84,26.90,1783500,25.89
2012-09-28,26.78,27.08,26.65,26.94,1973100,25.93
2012-09-27,27.03,27.14,26.82,26.94,1294800,25.93
2012-09-26,26.74,26.91,26.53,26.79,2646300,25.78
2012-09-25,27.64,27.83,26.79,26.80,2664900,25.79
2012-09-24,27.82,27.96,27.53,27.59,2558300,26.55
2012-09-21,28.48,28.49,27.60,27.92,5336900,26.87
2012-09-20,28.20,28.31,28.01,28.31,2075600,27.24
2012-09-19,28.52,28.60,28.32,28.45,880400,27.38
2012-09-18,28.70,28.82,28.41,28.51,1754100,27.44
2012-09-17,29.10,29.20,28.77,28.83,1537100,27.74
2012-09-14,28.82,29.16,28.76,29.16,2302000,28.06
2012-09-13,28.04,28.69,27.69,28.69,2248100,27.61
2012-09-12,28.12,28.37,28.01,28.08,1779100,27.02
2012-09-11,27.74,28.04,27.62,28.01,1616500,26.96
2012-09-10,28.11,28.22,27.65,27.68,2309800,26.64
2012-09-07,28.16,28.48,28.01,28.31,1615400,27.24
2012-09-06,27.71,28.07,27.71,28.03,1741800,26.97
2012-09-05,27.44,27.72,27.40,27.53,1968900,26.49
2012-09-04,27.34,27.48,27.17,27.34,1488500,26.31
2012-08-31,27.54,27.74,27.36,27.44,2313600,26.20
2012-08-30,27.36,27.46,27.20,27.34,1276800,26.11
2012-08-29,27.25,27.63,27.14,27.58,1632200,26.34
2012-08-28,27.04,27.49,27.00,27.21,1771600,25.98
2012-08-27,27.30,27.32,27.07,27.20,1576000,25.98
2012-08-24,27.01,27.31,26.98,27.27,1708400,26.04
2012-08-23,27.09,27.13,26.97,27.05,2684700,25.83
2012-08-22,26.72,27.24,26.58,27.23,3147200,26.00
2012-08-21,26.45,26.98,26.45,26.78,1822500,25.57
2012-08-20,26.43,26.55,26.29,26.41,1108600,25.22
2012-08-17,26.75,26.79,26.32,26.55,1179300,25.35
2012-08-16,26.30,26.75,26.20,26.71,1302200,25.51
2012-08-15,26.36,26.40,25.99,26.31,1674700,25.13
2012-08-14,26.45,26.62,26.31,26.37,1779000,25.18
2012-08-13,26.40,26.53,26.09,26.40,1330100,25.21
2012-08-10,26.06,26.27,25.97,26.23,1066700,25.05
2012-08-09,26.02,26.35,26.02,26.12,1279600,24.94
2012-08-08,26.16,26.26,25.97,26.13,2171100,24.95
2012-08-07,26.13,26.65,26.13,26.31,1498500,25.13
2012-08-06,26.22,26.28,25.96,26.03,1577400,24.86
2012-08-03,25.58,26.22,25.56,26.11,2150100,24.93
2012-08-02,25.00,25.23,24.71,25.01,2065700,23.88
2012-08-01,25.66,25.79,25.28,25.30,1907700,24.16
2012-07-31,25.19,25.72,25.10,25.59,2428500,24.44
2012-07-30,24.78,25.30,24.66,25.17,1955100,24.04
2012-07-27,24.82,25.54,24.26,24.98,7555100,23.86
2012-07-26,25.63,26.18,25.49,25.63,2878200,24.48
2012-07-25,25.27,25.45,25.03,25.07,1860600,23.94
2012-07-24,25.38,25.38,24.88,25.11,2061000,23.98
2012-07-23,24.97,25.48,24.84,25.32,2053800,24.18
2012-07-20,25.89,25.95,25.49,25.58,1779700,24.43
2012-07-19,26.06,26.31,25.84,26.14,1862900,24.96
2012-07-18,25.90,26.19,25.79,26.02,1371600,24.85
2012-07-17,26.07,26.18,25.64,26.15,1134900,24.97
2012-07-16,25.99,26.03,25.74,25.93,1107400,24.76
2012-07-13,25.43,26.11,25.39,26.11,1548900,24.93
2012-07-12,25.53,25.58,25.31,25.39,1344200,24.25
2012-07-11,25.42,25.94,25.41,25.81,1613600,24.65
2012-07-10,26.10,26.30,25.30,25.38,2489100,24.24
2012-07-09,25.95,26.02,25.69,25.95,1570400,24.78
2012-07-06,25.69,26.07,25.68,26.04,1041800,24.87
2012-07-05,26.42,26.50,25.96,26.17,1279300,24.99
2012-07-03,26.04,26.69,25.97,26.63,822800,25.43
2012-07-02,26.51,26.69,25.95,26.15,1954400,24.97
2012-06-29,25.72,26.24,25.70,26.23,2622700,25.05
2012-06-28,24.97,25.42,24.85,25.41,1981100,24.27
2012-06-27,24.88,25.36,24.71,25.30,1329300,24.16
2012-06-26,24.55,24.93,24.47,24.73,1868800,23.62
2012-06-25,24.41,24.54,24.21,24.52,2269200,23.42
2012-06-22,24.76,25.03,24.71,24.85,2552500,23.73
2012-06-21,25.25,25.35,24.53,24.58,3444900,23.47
2012-06-20,25.46,25.61,25.04,25.14,2709600,24.01
2012-06-19,25.32,25.61,25.26,25.40,1953100,24.26
2012-06-18,25.13,25.28,24.95,25.13,1734100,24.00
2012-06-15,25.43,25.50,25.15,25.40,2747800,24.26
2012-06-14,24.95,25.50,24.87,25.32,1703600,24.18
2012-06-13,25.06,25.35,24.81,24.90,1890700,23.78
2012-06-12,24.65,25.20,24.55,25.19,2023900,24.06
2012-06-11,25.13,25.23,24.59,24.60,2681300,23.49
2012-06-08,24.35,24.82,24.11,24.81,2002300,23.69
2012-06-07,24.49,24.93,24.38,24.54,3232900,23.44
2012-06-06,23.82,24.30,23.76,24.30,3419300,23.21
2012-06-05,23.09,23.60,23.09,23.56,3623800,22.50
2012-06-04,23.42,23.59,23.12,23.23,2331700,22.18
2012-06-01,23.93,24.04,23.28,23.30,3129300,22.25
2012-05-31,24.40,24.86,24.16,24.56,7622400,23.45
2012-05-30,24.77,24.77,24.32,24.59,3221200,23.31
2012-05-29,24.64,25.21,24.64,25.11,2595100,23.80
2012-05-25,24.44,24.72,24.30,24.44,1667200,23.17
2012-05-24,24.22,24.41,23.94,24.41,2060900,23.14
2012-05-23,24.00,24.94,23.56,24.07,3184500,22.82
2012-05-22,24.15,24.81,24.06,24.26,3912200,23.00
2012-05-21,23.57,24.14,23.38,24.12,2825100,22.87
2012-05-18,23.62,23.65,23.29,23.47,2992500,22.25
2012-05-17,23.94,24.11,23.49,23.50,2135400,22.28
2012-05-16,24.52,24.70,23.95,23.97,2352700,22.72
2012-05-15,24.58,24.79,24.28,24.30,2297800,23.04
2012-05-14,24.85,24.87,24.57,24.58,2430000,23.30
2012-05-11,25.31,25.81,25.10,25.22,2224300,23.91
2012-05-10,25.78,26.05,25.54,25.66,2483400,24.33
2012-05-09,25.34,25.75,25.15,25.41,2437600,24.09
2012-05-08,25.78,25.95,25.43,25.82,2105600,24.48
2012-05-07,25.91,26.25,25.85,26.06,2679900,24.70
2012-05-04,26.56,26.61,25.97,26.09,1716800,24.73
2012-05-03,27.46,27.50,26.48,26.73,3695100,25.34
2012-05-02,27.55,27.66,27.12,27.42,2406700,25.99
2012-05-01,27.66,28.22,27.48,27.77,2304600,26.33
2012-04-30,27.52,27.96,27.49,27.67,1888200,26.23
2012-04-27,26.90,28.49,26.01,27.69,6050200,26.25
2012-04-26,28.56,29.26,28.53,29.19,1594600,27.67
2012-04-25,28.62,28.86,28.40,28.72,1840400,27.23
2012-04-24,27.84,28.39,27.66,28.26,1430500,26.79
2012-04-23,27.58,27.80,27.34,27.76,1308200,26.32
2012-04-20,28.42,28.57,28.05,28.16,1474500,26.70
2012-04-19,28.45,28.68,28.09,28.26,2086000,26.79
2012-04-18,28.15,28.42,28.04,28.26,1455800,26.79
2012-04-17,28.19,28.45,27.93,28.40,1200500,26.92
2012-04-16,27.76,27.99,27.50,27.84,1427200,26.39
2012-04-13,28.45,28.45,27.70,27.71,1934900,26.27
2012-04-12,27.53,28.51,27.44,28.49,1703000,27.01
2012-04-11,27.76,27.81,27.31,27.39,2016200,25.97
2012-04-10,28.19,28.25,27.30,27.32,2009200,25.90
2012-04-09,28.51,28.65,28.19,28.23,1761100,26.76
2012-04-05,28.91,29.37,28.88,29.30,2404200,27.78
2012-04-04,28.94,29.24,28.85,29.05,2134600,27.54
2012-04-03,29.76,29.83,29.15,29.18,2983200,27.66
2012-04-02,29.47,29.96,29.21,29.93,1888300,28.37
2012-03-30,29.28,29.60,28.98,29.51,1934600,27.98
2012-03-29,29.14,29.20,28.63,29.01,1952900,27.50
2012-03-28,29.42,29.55,29.04,29.47,1703000,27.94
2012-03-27,29.73,29.84,29.45,29.46,1717600,27.93
2012-03-26,29.43,29.71,29.35,29.68,2044900,28.14
2012-03-23,28.89,29.23,28.68,29.12,1792500,27.61
2012-03-22,28.71,29.00,28.64,28.89,2872000,27.39
2012-03-21,28.88,29.11,28.74,28.95,1695500,27.44
2012-03-20,28.90,29.14,28.65,28.87,1554400,27.37
2012-03-19,29.23,29.47,29.04,29.10,1541600,27.59
2012-03-16,29.64,29.71,29.01,29.17,2700200,27.65
2012-03-15,28.58,29.67,28.49,29.64,4059800,28.10
2012-03-14,28.23,28.79,28.05,28.55,3177600,27.07
2012-03-13,27.45,28.20,27.40,28.15,2138300,26.69
2012-03-12,27.21,27.28,26.94,27.22,1442100,25.80
2012-03-09,26.70,27.32,26.60,27.14,2010200,25.73
2012-03-08,26.90,26.96,26.37,26.58,2420600,25.20
2012-03-07,26.44,26.73,26.26,26.73,2131400,25.17
2012-03-06,27.20,27.33,26.44,26.44,2710200,24.90
2012-03-05,27.51,27.77,27.41,27.53,1568300,25.92
2012-03-02,27.84,27.94,27.49,27.58,1684900,25.97
2012-03-01,27.69,28.16,27.59,27.99,1797600,26.36
2012-02-29,27.46,27.94,27.43,27.66,2345200,26.04
2012-02-28,27.48,27.68,27.30,27.56,1858300,25.95
2012-02-27,27.50,27.76,27.36,27.46,1835800,25.86
2012-02-24,27.96,28.09,27.79,27.85,2207000,26.22
2012-02-23,27.28,28.04,27.14,27.89,2631700,26.26
2012-02-22,27.43,27.49,26.94,27.01,1309300,25.43
2012-02-21,27.47,27.83,27.31,27.49,1592200,25.88
2012-02-17,27.48,27.52,27.20,27.40,1574400,25.80
2012-02-16,26.51,27.36,26.32,27.32,1710800,25.72
2012-02-15,26.59,26.84,26.40,26.50,2207100,24.95
2012-02-14,26.30,26.47,26.12,26.42,2692200,24.88
2012-02-13,26.57,26.83,26.35,26.43,2578900,24.89
2012-02-10,26.51,26.60,26.09,26.21,4244100,24.68
2012-02-09,26.83,27.19,26.66,26.94,2990800,25.37
2012-02-08,26.93,26.99,26.65,26.73,2959700,25.17
2012-02-07,26.80,27.08,26.63,26.87,2178500,25.30
2012-02-06,27.39,27.41,26.71,26.95,2497600,25.38
2012-02-03,27.64,28.32,27.12,27.50,5909900,25.89
2012-02-02,27.87,27.89,27.28,27.47,3781400,25.87
2012-02-01,27.65,28.07,27.46,27.91,3300300,26.28
2012-01-31,27.63,27.69,27.10,27.31,2531700,25.72
2012-01-30,27.17,27.49,26.84,27.31,2419200,25.72
2012-01-27,26.95,27.66,26.94,27.54,2423400,25.93
2012-01-26,27.49,27.58,26.98,27.19,2990000,25.60
2012-01-25,27.24,27.33,26.82,27.29,2831200,25.70
2012-01-24,26.97,27.42,26.97,27.37,1680900,25.77
2012-01-23,27.09,27.66,27.09,27.30,1826700,25.71
2012-01-20,26.91,27.23,26.91,27.07,2507800,25.49
2012-01-19,26.92,27.01,26.53,26.99,2895000,25.41
2012-01-18,26.31,26.94,26.05,26.75,2971900,25.19
2012-01-17,26.57,26.65,26.24,26.39,2408200,24.85
2012-01-13,26.25,26.27,25.34,26.10,2161000,24.58
2012-01-12,26.26,26.46,25.85,26.26,1635100,24.73
2012-01-11,25.83,26.14,25.73,26.06,1298200,24.54
2012-01-10,25.33,26.13,25.29,25.97,2364400,24.45
2012-01-09,24.21,24.89,24.21,24.81,2153400,23.36
2012-01-06,24.84,24.94,24.47,24.47,2599000,23.04
2012-01-05,24.82,25.19,24.35,24.92,2422800,23.46
2012-01-04,25.06,25.11,24.64,24.93,1996100,23.47
2012-01-03,25.43,25.76,25.26,25.26,2092200,23.78
2011-12-30,24.83,24.83,24.60,24.60,758700,23.16
2011-12-29,24.38,24.84,24.34,24.74,1342700,23.30
2011-12-28,24.72,24.76,24.21,24.23,1256700,22.82
2011-12-27,24.92,25.11,24.68,24.68,823900,23.24
2011-12-23,24.95,25.01,24.74,24.95,810500,23.49
2011-12-22,24.61,24.93,24.58,24.83,1285600,23.38
2011-12-21,24.16,24.68,23.81,24.56,3217900,23.13
2011-12-20,23.61,24.45,23.53,24.23,3725700,22.82
2011-12-19,23.58,23.68,22.81,22.93,2095000,21.59
2011-12-16,23.71,23.79,23.31,23.54,4100500,22.17
2011-12-15,23.88,23.92,23.44,23.46,2466900,22.09
2011-12-14,23.05,23.71,22.96,23.46,3539600,22.09
2011-12-13,23.96,24.22,23.09,23.33,3001400,21.97
2011-12-12,24.13,24.13,23.51,23.75,2884800,22.36
2011-12-09,24.29,24.73,24.23,24.53,4422300,23.10
2011-12-08,25.12,25.12,23.99,24.05,4415600,22.65
2011-12-07,25.15,25.70,24.74,25.53,3132200,24.04
2011-12-06,25.03,25.72,24.94,25.47,3565700,23.98
2011-12-05,24.91,25.51,24.86,25.15,3517300,23.68
2011-12-02,24.64,25.24,24.26,24.30,5266800,22.88
2011-12-01,23.88,24.72,23.24,24.24,6375600,22.82
2011-11-30,23.36,24.15,23.31,24.13,3436500,22.72
2011-11-29,22.34,22.83,22.12,22.36,2047800,21.05
2011-11-28,22.40,22.55,22.00,22.29,4593400,20.99
2011-11-25,21.48,22.00,21.42,21.43,1522600,20.18
2011-11-23,22.35,22.37,21.65,21.67,2421000,20.40
2011-11-22,22.96,23.16,22.61,22.70,2281600,21.37
2011-11-21,23.28,23.46,22.67,22.98,3675400,21.64
2011-11-18,23.18,23.93,22.89,23.75,4843300,22.36
2011-11-17,23.51,23.64,22.66,22.87,4056800,21.53
2011-11-16,23.76,23.90,23.45,23.52,3515100,22.15
2011-11-15,23.88,24.35,23.46,24.15,3374600,22.74
2011-11-14,23.79,24.15,23.60,24.03,4306700,22.63
2011-11-11,24.17,24.47,23.89,24.02,2169900,22.62
2011-11-10,23.76,23.87,23.11,23.68,4812000,22.30
2011-11-09,24.17,24.17,23.17,23.26,4700500,21.90
2011-11-08,24.43,25.31,24.31,25.15,4532200,23.68
2011-11-07,24.93,25.11,24.24,25.00,3776400,22.88
2011-11-04,25.05,25.18,24.57,24.99,10948700,22.87
2011-11-03,25.13,25.59,24.22,25.48,11763700,23.32
2011-11-02,24.79,25.11,24.30,24.72,3156100,22.62
2011-11-01,24.45,25.04,24.00,24.22,4598300,22.17
2011-10-31,26.35,26.46,25.76,25.78,4129400,23.59
2011-10-28,27.67,27.82,26.05,26.98,6284500,24.69
2011-10-27,27.80,28.76,27.60,28.47,5501200,26.06
2011-10-26,25.74,26.44,25.17,26.37,2663800,24.13
2011-10-25,26.27,26.27,25.12,25.19,2723700,23.05
2011-10-24,26.20,26.78,26.00,26.64,1950600,24.38
2011-10-21,25.50,26.18,25.30,25.96,2519300,23.76
2011-10-20,24.60,25.25,24.16,25.07,3228700,22.95
2011-10-19,25.36,25.70,24.51,24.59,2721700,22.51
2011-10-18,24.08,25.61,23.77,25.36,2956200,23.21
2011-10-17,24.76,24.79,23.85,23.90,2153900,21.87
2011-10-14,25.00,25.28,24.55,25.15,1621400,23.02
2011-10-13,24.58,24.74,24.02,24.49,3604900,22.41
2011-10-12,24.59,25.42,24.57,24.92,2281800,22.81
2011-10-11,23.75,24.48,23.57,24.33,1895300,22.27
2011-10-10,23.28,24.14,23.28,24.13,2462500,22.08
2011-10-07,23.81,23.81,22.62,22.67,2875400,20.75
2011-10-06,22.79,23.76,22.38,23.72,2482100,21.71
2011-10-05,22.21,23.07,21.86,22.92,2713600,20.98
2011-10-04,20.85,22.22,20.48,22.15,5200000,20.27
2011-10-03,22.42,22.99,21.22,21.22,4107100,19.42
2011-09-30,23.38,23.46,22.64,22.67,3696200,20.75
2011-09-29,23.70,24.19,23.03,23.92,2945500,21.89
2011-09-28,23.95,24.33,22.99,23.01,2896500,21.06
2011-09-27,24.53,24.82,23.75,23.95,2839300,21.92
2011-09-26,23.26,23.96,22.58,23.87,2836400,21.85
2011-09-23,22.45,23.23,22.42,22.89,3239000,20.95
2011-09-22,22.33,23.10,22.26,22.67,6086800,20.75
2011-09-21,24.57,24.89,23.25,23.27,4075800,21.30
2011-09-20,24.72,25.34,24.42,24.51,3023800,22.43
2011-09-19,24.79,24.90,24.24,24.53,3678900,22.45
2011-09-16,25.77,26.16,25.20,25.49,4289000,23.33
2011-09-15,25.34,25.75,25.07,25.70,3973800,23.52
2011-09-14,24.03,25.34,23.56,24.91,4586900,22.80
2011-09-13,23.56,24.21,23.27,23.80,4445700,21.78
2011-09-12,22.42,23.46,22.42,23.42,2890800,21.43
2011-09-09,23.32,23.81,22.80,23.02,3658300,21.07
2011-09-08,24.04,24.57,23.68,23.73,3392700,21.72
2011-09-07,23.19,24.57,23.12,24.53,3631300,22.45
2011-09-06,22.44,22.73,22.15,22.64,3425300,20.72
2011-09-02,23.99,24.15,23.25,23.25,3557000,21.28
2011-09-01,25.35,25.63,24.74,24.75,3382500,22.65
2011-08-31,25.18,25.78,25.02,25.36,2939800,23.21
2011-08-30,25.00,25.25,24.43,24.98,2274900,22.86
2011-08-29,24.04,25.21,24.04,25.20,2579900,23.06
2011-08-26,23.20,24.01,22.64,23.67,3248900,21.66
2011-08-25,24.13,24.71,23.07,23.59,3955100,21.59
2011-08-24,23.24,24.02,23.12,23.95,3543400,21.92
2011-08-23,22.19,23.43,21.83,23.41,5152400,21.43
2011-08-22,22.26,22.36,21.80,22.07,5005100,20.20
2011-08-19,21.88,22.82,21.56,21.63,6565700,19.80
2011-08-18,22.93,22.93,22.18,22.32,4563800,20.43
2011-08-17,23.86,24.17,23.49,23.79,2693300,21.77
2011-08-16,23.63,23.98,23.20,23.63,3557300,21.63
2011-08-15,23.75,24.10,23.60,24.10,3215300,22.06
2011-08-12,24.32,24.46,23.41,23.48,4524800,21.49
2011-08-11,22.26,24.50,22.14,24.09,5259900,22.05
2011-08-10,23.07,23.51,22.09,22.16,5165700,20.28
2011-08-09,22.86,24.20,21.55,24.17,6394800,22.12
2011-08-08,24.37,25.03,22.43,22.43,5626200,20.53
2011-08-05,26.63,26.84,24.89,25.33,5032200,23.18
2011-08-04,27.42,27.81,26.09,26.19,5242000,23.97
2011-08-03,27.44,28.05,27.18,27.99,4158600,25.62
2011-08-02,27.71,28.79,27.44,27.44,6182300,25.11
2011-08-01,28.16,28.16,27.05,27.42,2877300,25.10
2011-07-29,27.21,28.03,27.10,27.63,2773400,25.29
2011-07-28,27.51,28.10,27.47,27.57,1870900,25.23
2011-07-27,28.24,28.28,27.37,27.43,2458700,25.11
2011-07-26,28.61,28.77,28.32,28.38,1594900,25.97
2011-07-25,28.65,28.82,28.48,28.68,1340400,26.25
2011-07-22,29.32,29.32,28.80,28.99,1121200,26.53
2011-07-21,28.80,29.43,28.80,29.27,2427500,26.79
2011-07-20,28.43,28.81,28.28,28.54,2144000,26.12
2011-07-19,27.78,28.34,27.64,28.27,2240800,25.87
2011-07-18,28.16,28.27,27.41,27.64,1883500,25.30
2011-07-15,28.65,28.70,28.07,28.41,1695000,26.00
2011-07-14,29.00,29.20,28.38,28.47,1774400,26.06
2011-07-13,28.98,29.56,28.75,28.93,1725900,26.48
2011-07-12,28.68,29.34,28.64,28.82,2296400,26.38
2011-07-11,29.60,29.65,28.73,28.87,2253900,26.42
2011-07-08,30.31,30.35,30.04,30.15,2663600,27.59
2011-07-07,30.40,30.87,30.19,30.86,2926900,28.24
2011-07-06,30.08,30.18,29.66,29.96,2439700,27.42
2011-07-05,30.73,30.79,30.19,30.20,2803200,27.64
2011-07-01,30.35,31.00,30.26,30.87,2896900,28.25
2011-06-30,30.36,30.73,30.16,30.42,2261400,27.84
2011-06-29,29.86,30.32,29.63,30.27,2032400,27.70
2011-06-28,29.54,29.84,29.47,29.54,2017100,27.04
2011-06-27,29.12,29.53,29.02,29.40,2428100,26.91
2011-06-24,29.47,29.53,28.65,29.01,3037800,26.55
2011-06-23,29.12,29.54,28.69,29.47,2615700,26.97
2011-06-22,29.90,30.20,29.63,29.64,2014300,27.13
2011-06-21,29.62,30.12,29.57,30.10,2235100,27.55
2011-06-20,28.89,29.57,28.85,29.35,1992200,26.86
2011-06-17,28.88,29.15,28.82,29.10,2846100,26.63
2011-06-16,28.21,28.57,28.13,28.55,3161500,26.13
2011-06-15,28.89,29.11,28.13,28.13,2893300,25.75
2011-06-14,28.83,29.46,28.74,29.21,2694400,26.73
2011-06-13,28.32,28.57,28.14,28.47,2814400,26.06
2011-06-10,28.55,28.71,27.81,28.29,3558900,25.89
2011-06-09,28.96,29.26,28.65,28.79,3196500,26.35
2011-06-08,29.14,29.36,28.85,28.86,2195800,26.41
2011-06-07,29.44,29.67,29.31,29.31,2121200,26.83
2011-06-06,29.77,30.02,29.18,29.26,1805400,26.78
2011-06-03,29.89,30.35,29.73,29.88,2144200,27.35
2011-06-02,30.00,30.50,29.93,30.41,2961700,27.83
2011-06-01,31.17,31.18,29.95,30.02,3302600,27.48
2011-05-31,31.42,31.61,30.87,31.27,3774200,28.62
2011-05-27,31.13,31.41,30.86,30.97,2833300,28.34
2011-05-26,30.85,31.09,30.60,30.93,2202400,28.31
2011-05-25,30.73,31.19,30.55,30.95,2376700,28.33
2011-05-24,31.28,31.53,30.91,30.93,1445200,28.31
2011-05-23,30.98,31.41,30.98,31.19,1698900,28.55
2011-05-20,31.68,31.87,31.46,31.58,1593900,28.90
2011-05-19,31.91,31.92,31.48,31.81,1752500,29.11
2011-05-18,31.25,31.86,31.11,31.75,1988900,29.06
2011-05-17,30.68,31.25,30.61,31.24,1865600,28.59
2011-05-16,30.84,31.43,30.78,30.93,1223900,28.31
2011-05-13,31.94,32.10,30.87,31.02,1605300,28.39
2011-05-12,31.55,32.01,31.13,31.98,1500000,29.27
2011-05-11,31.93,31.99,31.27,31.67,2101500,28.99
2011-05-10,31.80,32.10,31.59,32.08,1709300,29.36
2011-05-09,31.41,31.70,31.18,31.61,1439700,28.93
2011-05-06,31.60,31.82,31.13,31.41,1851900,28.75
2011-05-05,31.14,31.71,30.97,31.18,2375400,28.54
2011-05-04,31.80,31.90,31.08,31.37,2305600,28.71
2011-05-03,31.66,32.59,31.35,31.83,4580400,29.13
2011-05-02,34.78,35.00,33.38,33.56,3128400,30.72
2011-04-29,33.31,33.80,33.15,33.75,2057000,30.89
2011-04-28,32.67,33.45,32.67,33.26,1612400,30.44
2011-04-27,32.02,32.86,31.87,32.77,2232000,29.99
2011-04-26,32.05,32.24,31.92,31.98,2200000,29.27
2011-04-25,31.68,31.97,31.57,31.84,1791200,29.14
2011-04-21,31.72,31.85,31.53,31.81,1183500,29.11
2011-04-20,31.36,31.61,31.28,31.54,1919200,28.87
2011-04-19,30.65,30.82,30.38,30.82,1362400,28.21
2011-04-18,30.85,31.03,30.38,30.57,3059500,27.98
2011-04-15,31.01,31.47,30.80,31.40,1685800,28.74
2011-04-14,31.01,31.19,30.64,30.93,1933000,28.31
2011-04-13,31.72,31.74,31.07,31.25,1893100,28.60
2011-04-12,31.63,31.83,31.22,31.46,1523500,28.79
2011-04-11,31.72,32.00,31.69,31.90,1747900,29.20
2011-04-08,32.03,32.20,31.50,31.72,1530500,29.03
2011-04-07,31.94,32.04,31.65,31.83,2017900,29.13
2011-04-06,31.86,32.12,31.69,32.07,1758700,29.35
2011-04-05,31.88,31.94,31.60,31.69,1565600,29.00
2011-04-04,31.89,32.10,31.81,31.99,1708300,29.28
2011-04-01,32.35,32.45,31.65,31.73,2342400,29.04
2011-03-31,31.63,32.18,31.47,32.11,3158200,29.39
2011-03-30,31.86,31.98,31.68,31.79,1949600,29.10
2011-03-29,31.59,31.77,31.32,31.70,1396600,29.01
2011-03-28,32.04,32.09,31.68,31.68,2391300,28.99
2011-03-25,31.87,32.18,31.67,31.86,1650100,29.16
2011-03-24,31.66,31.94,31.46,31.82,1833800,29.12
2011-03-23,31.51,31.67,31.08,31.50,2811700,28.83
2011-03-22,32.05,32.11,31.66,31.72,1567800,29.03
2011-03-21,32.31,32.35,31.92,32.05,2341400,29.33
2011-03-18,31.94,32.64,31.59,31.75,3784100,29.06
2011-03-17,31.28,31.60,30.88,31.41,2139400,28.75
2011-03-16,31.00,31.27,30.28,30.72,3268800,28.12
2011-03-15,30.88,31.36,30.43,31.16,5095100,28.52
2011-03-14,31.94,32.41,31.27,32.32,3149800,29.58
2011-03-11,32.14,32.40,31.81,32.33,1947700,29.59
2011-03-10,32.92,32.99,32.11,32.14,2959700,29.42
2011-03-09,33.39,33.63,33.18,33.53,1773200,30.69
2011-03-08,32.80,33.74,32.70,33.56,2251600,30.72
2011-03-07,33.26,33.57,32.56,32.68,2352400,29.91
2011-03-04,33.51,33.66,32.61,32.99,2742500,30.19
2011-03-03,33.53,33.96,33.40,33.67,2804600,30.82
2011-03-02,33.46,33.46,32.71,33.10,4205100,30.29
2011-03-01,34.27,34.45,33.41,33.50,2252400,30.66
2011-02-28,34.06,34.45,33.97,34.26,2027000,31.36
2011-02-25,33.61,33.95,33.53,33.94,1333400,31.06
2011-02-24,33.06,33.57,32.72,33.38,2376700,30.55
2011-02-23,33.47,33.81,32.84,33.14,1698600,30.33
2011-02-22,34.01,34.14,33.35,33.55,2881000,30.71
2011-02-18,34.11,34.70,33.96,34.69,2875000,31.75
2011-02-17,33.46,34.19,33.12,34.14,1835300,31.25
2011-02-16,32.66,33.67,32.55,33.58,2775800,30.73
2011-02-15,31.99,32.71,31.69,32.52,2859500,29.76
2011-02-14,32.43,32.74,31.84,32.08,2487000,29.36
2011-02-11,32.20,32.61,32.02,32.53,2984700,29.77
2011-02-10,32.33,32.75,32.26,32.40,2286900,29.65
2011-02-09,32.14,32.82,32.00,32.50,2862700,29.75
2011-02-08,32.72,33.04,32.07,32.24,5470400,29.51
2011-02-07,33.77,34.04,33.54,33.70,2856200,30.84
2011-02-04,33.34,33.80,33.10,33.56,2327800,30.72
2011-02-03,33.80,33.96,33.16,33.26,2652800,30.44
2011-02-02,34.13,34.33,33.77,33.88,1553000,31.01
2011-02-01,33.06,34.36,32.90,34.30,2346400,31.39
2011-01-31,32.77,33.26,32.60,32.77,2110200,29.99
2011-01-28,33.67,33.80,32.53,32.55,2448500,29.79
2011-01-27,33.01,33.66,32.86,33.64,1770400,30.79
2011-01-26,32.68,33.24,32.51,33.11,1517600,30.30
2011-01-25,32.20,32.64,32.06,32.61,1116800,29.85
2011-01-24,32.35,32.49,32.10,32.37,1516700,29.63
2011-01-21,32.59,32.84,32.16,32.36,2163700,29.62
2011-01-20,32.29,32.63,31.94,32.28,2339200,29.54
2011-01-19,33.03,33.13,32.09,32.26,2039700,29.53
2011-01-18,33.33,33.37,32.89,33.26,2264500,30.44
2011-01-14,32.70,33.35,32.46,33.35,2630300,30.52
2011-01-13,32.96,33.25,32.65,32.86,1856600,30.07
2011-01-12,32.74,33.23,32.63,33.23,1837900,30.41
2011-01-11,32.51,32.75,31.82,32.34,2414000,29.60
2011-01-10,32.05,32.45,31.75,32.33,1636600,29.59
2011-01-07,32.54,32.78,31.94,32.44,2526900,29.69
2011-01-06,32.90,32.96,32.31,32.38,3583300,29.64
2011-01-05,32.89,33.15,32.73,33.07,2076200,30.27
2011-01-04,33.70,33.70,32.71,33.02,2321000,30.22
2011-01-03,33.08,33.91,33.00,33.56,2622500,30.72
2010-12-31,32.49,32.75,32.40,32.56,959400,29.80
2010-12-30,32.77,33.00,32.52,32.54,807900,29.78
2010-12-29,33.07,33.08,32.78,32.80,661100,30.02
2010-12-28,33.15,33.15,32.84,33.01,635500,30.21
2010-12-27,32.83,33.17,32.69,33.10,1050500,30.29
2010-12-23,33.08,33.27,32.94,33.05,1605600,30.25
2010-12-22,32.90,33.34,32.85,33.32,1690600,30.50
2010-12-21,32.12,32.99,32.12,32.94,1959700,30.15
2010-12-20,32.13,32.28,31.74,31.84,2449500,29.14
2010-12-17,32.36,32.55,31.92,31.93,3692400,29.22
2010-12-16,32.46,32.65,32.19,32.37,3982600,29.63
2010-12-15,32.32,32.74,32.32,32.46,4149500,29.71
2010-12-14,32.05,32.50,31.85,32.42,3036600,29.67
2010-12-13,31.76,32.07,31.49,31.82,2415600,29.12
2010-12-10,31.88,31.95,30.94,31.45,3803600,28.78
2010-12-09,31.32,32.00,31.22,31.85,5143700,29.15
2010-12-08,29.90,31.00,29.63,30.96,4765800,28.34
2010-12-07,30.52,30.54,29.71,29.79,2549100,27.27
2010-12-06,29.64,30.20,29.48,30.02,1682000,27.48
2010-12-03,29.28,29.75,29.14,29.68,5519500,27.16
2010-12-02,28.89,29.67,28.55,29.42,4641300,26.93
2010-12-01,27.93,28.24,27.64,28.16,3746100,25.77
2010-11-30,27.14,27.51,27.04,27.24,2131400,24.93
2010-11-29,27.26,27.70,27.09,27.58,1312400,25.24
2010-11-26,27.62,27.78,27.39,27.53,646300,25.20
2010-11-24,27.74,28.11,27.64,28.01,1419700,25.64
2010-11-23,27.99,28.05,27.26,27.41,4308100,25.09
2010-11-22,28.56,28.65,27.93,28.53,2363100,26.11
2010-11-19,28.46,28.87,28.16,28.81,2275000,26.37
2010-11-18,28.16,28.64,28.11,28.53,2385300,26.11
2010-11-17,27.37,27.73,27.13,27.67,2023200,25.32
2010-11-16,28.26,28.48,27.75,27.86,3086600,25.00
2010-11-15,28.56,29.03,28.36,28.56,1661500,25.62
2010-11-12,28.57,28.82,28.20,28.34,1897900,25.43
2010-11-11,28.62,29.09,28.47,28.91,1906500,25.94
2010-11-10,28.87,29.36,28.81,29.28,2317800,26.27
2010-11-09,29.47,29.47,28.81,28.92,2244500,25.95
2010-11-08,29.56,29.63,29.19,29.46,6035400,26.43
2010-11-05,29.51,30.23,29.34,29.80,6974900,26.74
2010-11-04,28.48,29.63,28.35,29.59,7347800,26.55
2010-11-03,27.52,28.17,27.42,28.17,2437600,25.27
2010-11-02,27.39,27.91,27.12,27.50,2375700,24.67
2010-11-01,27.19,27.34,26.68,26.99,2081400,24.21
2010-10-29,27.01,27.17,26.80,26.84,1860600,24.08
2010-10-28,27.49,27.57,26.92,27.10,1849100,24.31
2010-10-27,26.61,27.30,26.61,27.26,2200700,24.46
2010-10-26,27.02,27.26,26.92,27.11,1766000,24.32
2010-10-25,27.83,28.38,27.08,27.23,2611500,24.43
2010-10-22,27.13,27.14,26.86,27.07,1896200,24.29
2010-10-21,26.97,27.34,26.74,27.09,3157000,24.30
2010-10-20,26.35,27.07,26.30,26.85,2080900,24.09
2010-10-19,26.37,27.10,26.12,26.26,3134100,23.56
2010-10-18,26.53,26.96,26.41,26.92,5650300,24.15
2010-10-15,26.98,27.03,26.19,26.48,3504600,23.76
2010-10-14,26.87,27.14,26.09,26.67,4699800,23.93
2010-10-13,27.15,27.51,27.01,27.02,3196900,24.24
2010-10-12,27.14,27.16,26.90,27.01,3958300,24.23
2010-10-11,27.33,27.33,27.05,27.22,1886900,24.42
2010-10-08,26.79,27.50,26.69,27.36,2696100,24.55
2010-10-07,26.98,27.10,26.57,26.70,2612800,23.95
2010-10-06,26.55,26.95,26.35,26.84,3685300,24.08
2010-10-05,26.09,26.75,25.86,26.55,4191100,23.82
2010-10-04,25.77,26.00,25.42,25.69,2884500,23.05
2010-10-01,26.22,26.50,25.66,25.92,2641700,23.25
2010-09-30,26.04,26.48,25.77,25.92,4185400,23.25
2010-09-29,26.03,26.29,25.84,25.95,2487000,23.28
2010-09-28,25.99,26.35,25.54,26.26,2310600,23.56
2010-09-27,25.83,26.21,25.62,25.92,3330500,23.25
2010-09-24,25.24,26.02,25.20,25.90,2384300,23.24
2010-09-23,25.35,25.63,24.79,24.80,3962200,22.25
2010-09-22,26.01,26.09,25.49,25.75,4589200,23.10
2010-09-21,26.21,26.64,26.05,26.20,2399200,23.51
2010-09-20,25.38,26.22,25.32,26.13,2159000,23.44
2010-09-17,25.67,25.87,25.10,25.35,2267200,22.74
2010-09-16,25.86,25.89,25.31,25.55,2010700,22.92
2010-09-15,25.85,26.00,25.54,25.94,2067200,23.27
2010-09-14,25.90,26.27,25.67,26.01,2096600,23.34
2010-09-13,26.00,26.15,25.72,26.11,1967000,23.43
2010-09-10,25.49,25.64,25.24,25.45,1880000,22.83
2010-09-09,25.60,25.77,25.22,25.49,2021800,22.87
2010-09-08,24.94,25.51,24.94,25.07,2258400,22.49
2010-09-07,25.19,25.19,24.71,24.78,3024100,22.23
2010-09-03,25.12,25.60,25.05,25.56,3207700,22.93
2010-09-02,24.45,24.82,24.26,24.79,2240000,22.24
2010-09-01,23.39,24.47,23.35,24.46,4461100,21.94
2010-08-31,22.50,23.13,22.23,23.05,4188700,20.68
2010-08-30,23.06,23.12,22.39,22.51,3553900,20.20
2010-08-27,22.20,23.22,21.74,23.21,4430200,20.82
2010-08-26,22.12,22.41,21.92,22.02,4618300,19.76
2010-08-25,21.29,22.12,21.19,22.03,4132200,19.76
2010-08-24,21.66,21.94,21.51,21.56,5029400,19.34
2010-08-23,22.53,22.53,21.99,21.99,2383100,19.73
2010-08-20,22.49,22.66,22.27,22.39,3105200,20.09
2010-08-19,22.87,23.02,22.60,22.74,6780500,20.40
2010-08-18,23.03,23.26,22.85,23.03,2555600,20.66
2010-08-17,23.00,23.14,22.92,23.01,4469400,20.64
2010-08-16,22.74,22.94,22.50,22.76,3338200,20.42
2010-08-13,22.72,23.21,22.60,22.89,2704700,20.54
2010-08-12,22.63,22.99,22.45,22.76,2632000,20.42
2010-08-11,23.72,23.72,22.92,22.98,3170400,20.62
2010-08-10,24.20,24.40,23.90,24.23,3916700,21.74
2010-08-09,24.12,24.51,23.95,24.51,3661600,21.99
2010-08-06,24.19,24.47,23.54,24.00,4198200,21.53
2010-08-05,24.51,24.60,24.25,24.55,3200400,22.03
2010-08-04,24.87,25.10,24.41,24.74,2735500,22.20
2010-08-03,24.78,25.60,24.00,24.80,5587900,22.25
2010-08-02,26.15,26.28,25.76,26.08,6348000,23.40
2010-07-30,25.49,25.83,25.28,25.61,4192600,22.98
2010-07-29,25.11,26.01,24.99,25.90,5322100,23.24
2010-07-28,25.39,25.48,24.80,24.92,3136100,22.36
2010-07-27,26.09,26.13,25.46,25.53,3153600,22.90
2010-07-26,25.63,25.81,25.17,25.63,2681700,22.99
2010-07-23,25.19,25.69,24.95,25.59,2350000,22.96
2010-07-22,24.74,25.44,24.65,25.35,2874500,22.74
2010-07-21,24.90,24.90,24.02,24.24,4541000,21.75
2010-07-20,23.55,24.53,23.49,24.49,2539500,21.97
2010-07-19,23.92,24.27,23.62,24.12,2507400,21.64
2010-07-16,24.90,24.96,23.71,23.80,3628400,21.35
2010-07-15,25.45,25.45,24.72,25.30,3234900,22.70
2010-07-14,25.40,25.67,25.07,25.40,3777000,22.79
2010-07-13,25.10,25.67,24.92,25.48,3151600,22.86
2010-07-12,24.72,24.87,24.42,24.61,2292400,22.08
2010-07-09,24.48,24.89,24.28,24.87,2811700,22.31
2010-07-08,24.33,24.53,23.98,24.51,2729800,21.99
2010-07-07,23.08,24.12,22.90,24.07,4037000,21.59
2010-07-06,23.57,23.68,22.61,22.96,4122100,20.60
2010-07-02,23.38,23.57,22.52,23.01,4776100,20.64
2010-07-01,23.45,23.65,22.35,23.14,4709700,20.76
2010-06-30,23.85,24.30,23.33,23.44,3480600,21.03
2010-06-29,24.69,24.91,23.71,23.93,5152300,21.47
2010-06-28,25.41,25.85,25.22,25.40,2572900,22.79
2010-06-25,25.13,25.76,24.84,25.40,8871900,22.79
2010-06-24,25.30,25.65,24.80,24.87,3763900,22.31
2010-06-23,25.69,25.84,25.16,25.51,3116700,22.89
2010-06-22,26.10,26.37,25.62,25.68,2266800,23.04
2010-06-21,26.78,26.84,25.88,26.07,2577400,23.39
2010-06-18,26.43,26.49,26.19,26.35,2280000,23.64
2010-06-17,26.47,26.55,25.94,26.40,2872300,23.69
2010-06-16,26.81,26.90,26.22,26.42,4323200,23.70
2010-06-15,26.27,27.13,26.06,27.04,3473900,24.26
2010-06-14,26.03,26.52,25.85,25.88,4779300,23.22
2010-06-11,25.90,26.10,25.62,25.75,5013900,23.10
2010-06-10,26.12,26.42,25.74,26.36,2839500,23.65
2010-06-09,25.90,26.29,25.13,25.29,3377500,22.69
2010-06-08,25.22,25.79,24.79,25.70,4905100,23.06
2010-06-07,26.01,26.23,24.97,25.03,3342900,22.46
2010-06-04,26.80,26.80,25.69,25.87,3412100,23.21
2010-06-03,27.59,27.79,26.99,27.41,1921100,24.59
2010-06-02,26.62,27.58,26.11,27.55,2720600,24.72
2010-06-01,26.81,27.29,26.27,26.30,2949700,23.60
2010-05-28,28.08,28.08,27.00,27.19,2875000,24.39
2010-05-27,26.78,28.13,26.76,28.12,3945000,25.23
2010-05-26,26.54,26.88,25.87,26.07,2690700,23.39
2010-05-25,25.01,26.12,24.58,26.10,4793200,23.42
2010-05-24,25.96,26.71,25.84,25.91,3450700,23.25
2010-05-21,25.11,26.55,25.11,26.20,7250900,23.51
2010-05-20,27.42,27.52,26.13,26.13,5003100,23.44
2010-05-19,27.98,28.68,27.45,28.16,4060800,25.26
2010-05-18,29.59,29.83,28.18,28.49,4272600,25.56
2010-05-17,28.93,29.54,28.40,29.31,2454000,26.30
2010-05-14,29.67,29.80,28.54,28.90,2635600,25.93
2010-05-13,30.47,30.68,30.10,30.11,1998200,27.01
2010-05-12,30.11,30.74,29.91,30.68,2031800,27.53
2010-05-11,29.76,30.53,29.54,29.85,5120600,26.78
2010-05-10,28.99,30.49,28.87,30.23,5321100,27.12
2010-05-07,28.42,28.93,27.35,27.67,5649400,24.82
2010-05-06,29.19,29.90,26.01,28.34,4691700,25.43
2010-05-05,29.08,30.13,28.82,29.40,3296200,26.38
2010-05-04,30.60,30.68,29.38,29.55,4663600,26.51
2010-05-03,29.58,30.39,29.47,30.26,2199400,27.15
2010-04-30,29.95,30.44,29.19,29.22,3014300,26.22
2010-04-29,29.64,30.56,29.64,30.33,4049900,27.21
2010-04-28,29.16,30.14,28.97,29.25,3061900,26.24
2010-04-27,30.43,30.65,28.74,28.82,5052000,25.86
2010-04-26,31.00,31.41,30.71,30.77,2915400,27.61
2010-04-23,30.00,31.10,29.82,31.04,4051600,27.85
2010-04-22,29.70,29.89,29.16,29.63,4029200,26.58
2010-04-21,30.22,30.41,29.65,30.08,2981100,26.99
2010-04-20,30.02,30.22,29.84,30.22,2993000,27.11
2010-04-19,28.58,29.67,28.58,29.67,3657200,26.62
2010-04-16,29.79,30.00,28.79,29.04,4965100,26.05
2010-04-15,29.74,30.12,29.48,29.90,3869500,26.83
2010-04-14,29.22,29.97,29.16,29.86,3053600,26.79
2010-04-13,28.97,29.26,28.89,29.10,2706200,26.11
2010-04-12,29.38,29.56,29.04,29.07,3001800,26.08
2010-04-09,29.58,29.67,28.86,29.30,3543400,26.29
2010-04-08,28.85,29.64,28.85,29.42,4243600,26.39
2010-04-07,30.24,30.33,29.28,29.63,4462100,26.58
2010-04-06,29.95,30.48,29.86,30.32,3186800,27.20
2010-04-05,29.58,30.22,29.58,30.09,4041200,27.00
2010-04-01,29.48,29.91,29.24,29.44,5247600,26.41
2010-03-31,28.70,29.24,28.64,29.21,5143300,26.21
2010-03-30,29.39,29.41,28.63,28.82,3183900,25.86
2010-03-29,29.36,29.49,28.92,29.32,4436000,26.31
2010-03-26,29.30,29.51,28.94,29.17,4691400,26.17
2010-03-25,28.91,29.61,28.80,29.18,6958500,26.18
2010-03-24,27.87,28.86,27.78,28.66,5912800,25.71
2010-03-23,27.57,28.10,27.32,28.04,3559000,25.16
2010-03-22,27.02,27.61,26.61,27.45,4335400,24.63
2010-03-19,27.40,27.94,27.24,27.40,4655700,24.58
2010-03-18,27.70,28.03,27.57,27.76,4021200,24.91
2010-03-17,27.01,28.10,26.97,27.76,6069300,24.91
2010-03-16,26.00,26.88,25.81,26.83,3894600,24.07
2010-03-15,25.55,25.97,25.36,25.97,3925100,23.30
2010-03-12,25.70,25.86,25.34,25.61,3234400,22.98
2010-03-11,25.30,25.46,24.93,25.44,2001500,22.82
2010-03-10,25.16,25.64,24.90,25.43,2716200,22.82
2010-03-09,24.73,25.24,24.69,25.04,2148900,22.47
2010-03-08,24.79,24.98,24.61,24.91,2499400,22.35
2010-03-05,24.32,24.86,24.11,24.80,2654900,22.25
2010-03-04,23.99,24.20,23.73,24.16,2784500,21.68
2010-03-03,23.87,24.21,23.73,23.96,2833900,21.50
2010-03-02,23.25,23.93,23.25,23.78,3145200,21.33
2010-03-01,23.24,23.55,23.10,23.16,2442100,20.78
2010-02-26,23.20,23.25,22.79,23.21,2308800,20.82
2010-02-25,22.67,23.17,22.40,23.12,3051900,20.74
2010-02-24,22.32,23.22,22.30,23.20,3551200,20.81
2010-02-23,22.81,22.85,22.10,22.21,3261500,19.93
2010-02-22,22.86,23.15,22.85,23.00,2344800,20.63
2010-02-19,22.80,22.93,22.45,22.83,2801200,20.48
2010-02-18,22.67,22.99,22.59,22.97,2654900,20.61
2010-02-17,22.91,23.10,22.77,22.84,3088400,20.49
2010-02-16,22.31,22.81,22.20,22.81,2727000,20.46
2010-02-12,21.94,22.12,21.66,22.04,3531300,19.77
2010-02-11,21.88,22.24,21.39,22.21,3834800,19.93
2010-02-10,21.33,22.05,21.18,21.90,3778400,19.65
2010-02-09,21.64,22.82,20.89,21.45,6365500,19.24
2010-02-08,22.61,22.93,22.08,22.19,3291100,19.91
2010-02-05,22.47,22.80,21.59,22.46,3843900,20.15
2010-02-04,23.01,23.31,22.53,22.57,3661500,20.25
2010-02-03,23.88,24.08,23.30,23.45,2894800,21.04
2010-02-02,23.41,24.05,23.10,24.00,3614800,21.53
2010-02-01,23.24,23.69,23.10,23.33,1882800,20.93
2010-01-29,23.38,23.66,22.98,23.05,3480200,20.68
2010-01-28,24.26,24.26,23.06,23.17,4017900,20.79
2010-01-27,23.36,24.02,23.14,24.01,3707900,21.54
2010-01-26,23.55,23.98,23.28,23.36,2806000,20.96
2010-01-25,23.76,24.08,23.42,23.76,2916500,21.32
2010-01-22,23.76,24.35,23.19,23.34,5751600,20.94
2010-01-21,25.16,25.38,23.75,23.81,5080800,21.36
2010-01-20,25.48,25.48,24.77,25.17,2338800,22.58
2010-01-19,25.16,25.96,25.03,25.78,2072700,23.13
2010-01-15,25.47,25.88,25.17,25.26,2082000,22.66
2010-01-14,25.53,25.83,25.08,25.65,1713600,23.01
2010-01-13,25.54,25.73,25.16,25.53,1946200,22.90
2010-01-12,26.59,26.98,25.21,25.35,3634200,22.74
2010-01-11,25.75,26.12,25.56,25.79,1318400,23.14
2010-01-08,25.47,25.76,25.29,25.67,3806100,23.03
2010-01-07,25.41,25.64,24.92,25.64,2642100,23.00
2010-01-06,25.44,25.49,24.78,25.42,2179300,22.81
2010-01-05,24.91,25.63,24.71,25.59,3689900,22.96
2010-01-04,24.11,25.03,24.10,25.00,3470900,22.43
2009-12-31,24.47,24.63,24.02,24.04,1241700,21.57
2009-12-30,24.53,24.59,24.26,24.35,1228300,21.85
2009-12-29,25.14,25.29,24.55,24.63,1590000,22.10
2009-12-28,25.51,25.63,24.91,24.97,1610300,22.40
2009-12-24,25.80,25.83,25.41,25.46,657600,22.84
2009-12-23,25.28,25.56,25.06,25.43,2058800,22.82
2009-12-22,24.14,25.21,24.14,25.21,2680100,22.62
2009-12-21,23.89,24.30,23.60,24.23,3323500,21.74
2009-12-18,23.77,24.04,23.50,23.72,3585200,21.28
2009-12-17,23.86,24.10,23.45,23.71,3573800,21.27
2009-12-16,23.49,24.40,23.47,24.02,2732200,21.55
2009-12-15,23.68,23.97,23.21,23.31,3118300,20.91
2009-12-14,23.60,24.28,23.52,23.87,2231200,21.42
2009-12-11,23.07,23.64,22.99,23.60,1878400,21.17
2009-12-10,23.27,23.47,22.98,23.07,3291500,20.70
2009-12-09,23.21,23.45,22.70,23.10,2386800,20.72
2009-12-08,23.02,23.41,22.97,23.28,2373100,20.89
2009-12-07,23.83,24.23,23.25,23.33,4986100,20.93
2009-12-04,23.15,24.12,22.36,24.09,11600700,21.61
2009-12-03,26.06,26.67,22.20,22.52,17184600,20.20
2009-12-02,25.39,26.02,25.16,25.98,3063100,23.31
2009-12-01,25.63,25.78,25.25,25.41,2556200,22.80
2009-11-30,25.09,25.43,24.72,25.39,2838600,22.78
2009-11-27,24.96,25.57,24.67,25.00,1558500,22.43
2009-11-25,26.06,26.49,25.91,26.18,2077100,23.49
2009-11-24,26.10,26.16,25.51,26.01,1840700,23.34
2009-11-23,26.54,26.54,25.87,26.08,1819000,23.40
2009-11-20,25.15,25.89,25.15,25.78,2921300,23.13
2009-11-19,26.74,27.01,26.11,26.20,2363100,23.51
2009-11-18,27.12,27.35,26.81,27.01,1479400,24.23
2009-11-17,26.57,27.15,26.39,27.12,2525200,24.33
2009-11-16,26.04,26.88,25.93,26.76,2971400,24.01
2009-11-13,25.84,26.02,25.33,25.73,1715000,23.08
2009-11-12,25.83,26.03,25.42,25.54,3404400,22.91
2009-11-11,26.18,26.75,26.14,26.34,1429400,23.63
2009-11-10,26.27,26.27,25.60,25.84,2124200,23.18
2009-11-09,26.17,26.80,26.01,26.77,2492200,23.57
2009-11-06,24.93,25.88,24.53,25.71,2308100,22.64
2009-11-05,25.54,25.75,24.79,25.45,3274900,22.41
2009-11-04,25.58,26.22,25.06,25.25,5077900,22.23
2009-11-03,25.61,25.69,24.05,25.17,4346500,22.16
2009-11-02,25.27,26.18,24.10,25.01,4297600,22.02
2009-10-30,26.33,26.53,24.86,25.04,3704500,22.05
2009-10-29,25.70,26.88,25.69,26.73,5192100,23.53
2009-10-28,26.50,26.81,24.92,24.96,4063900,21.98
2009-10-27,27.26,27.65,26.53,26.61,2327900,23.43
2009-10-26,28.21,28.84,26.93,27.06,2819900,23.82
2009-10-23,29.35,29.35,28.07,28.21,2789000,24.84
2009-10-22,28.30,29.69,28.05,29.39,2627400,25.88
2009-10-21,28.47,29.57,28.14,28.22,2880500,24.85
2009-10-20,29.46,29.47,28.48,28.54,3712000,25.13
2009-10-19,29.07,30.07,28.89,29.42,3323800,25.90
2009-10-16,28.81,29.11,28.47,28.85,4133700,25.40
2009-10-15,29.05,29.74,28.85,29.69,3947500,26.14
2009-10-14,28.51,29.64,28.29,29.47,4532100,25.95
2009-10-13,28.21,28.40,27.43,27.81,2168200,24.48
2009-10-12,28.48,28.58,28.16,28.51,1965000,25.10
2009-10-09,27.87,28.37,27.69,28.29,2550200,24.91
2009-10-08,27.68,28.33,27.50,28.11,4134000,24.75
2009-10-07,27.14,27.58,26.86,27.40,2661400,24.12
2009-10-06,26.91,27.88,26.43,27.26,4694700,24.00
2009-10-05,25.51,26.68,25.30,26.64,3038300,23.45
2009-10-02,25.11,25.81,24.38,25.26,4100100,22.24
2009-10-01,27.20,27.30,25.40,25.46,4714200,22.42
2009-09-30,27.84,28.39,26.86,27.39,3596200,24.11
2009-09-29,27.95,28.53,27.37,27.83,2827500,24.50
2009-09-28,25.92,27.99,25.75,27.97,4061500,24.63
2009-09-25,25.90,26.09,25.16,25.80,3377800,22.71
2009-09-24,26.58,26.90,25.81,26.03,3246400,22.92
2009-09-23,28.01,28.01,26.35,26.36,4944000,23.21
2009-09-22,28.03,28.29,27.50,27.76,3966400,24.44
2009-09-21,27.44,27.93,27.29,27.56,3307900,24.26
2009-09-18,29.18,29.30,28.14,28.29,4294400,24.91
2009-09-17,30.19,30.75,28.83,29.01,3894400,25.54
2009-09-16,28.40,30.87,28.20,30.83,5018800,27.14
2009-09-15,28.20,28.46,27.78,28.20,2841000,24.83
2009-09-14,27.36,28.03,27.07,28.00,3170200,24.65
2009-09-11,27.91,28.30,27.55,27.83,5297200,24.50
2009-09-10,26.70,28.56,26.50,28.49,4151600,25.08
2009-09-09,26.33,26.73,26.19,26.63,2496900,23.45
2009-09-08,26.54,26.78,25.70,26.32,4182700,23.17
2009-09-04,25.79,26.27,25.56,26.06,2353800,22.94
2009-09-03,25.89,26.42,25.28,25.77,4453400,22.69
2009-09-02,25.93,26.23,25.30,25.93,4456600,22.83
2009-09-01,27.95,28.36,25.95,26.16,4252500,23.03
2009-08-31,28.35,28.47,27.85,28.40,2432400,25.00
2009-08-28,29.11,29.41,28.31,28.88,2192400,25.43
2009-08-27,27.68,28.87,27.38,28.71,3192400,25.28
2009-08-26,28.04,28.33,27.48,28.10,3074800,24.74
2009-08-25,28.11,28.86,27.93,28.04,3490900,24.69
2009-08-24,28.12,28.69,27.65,27.85,5047900,24.52
2009-08-21,26.30,28.13,26.12,27.74,4771700,24.42
2009-08-20,24.76,26.10,24.75,25.99,2602700,22.88
2009-08-19,24.40,25.02,23.97,24.94,2925700,21.96
2009-08-18,24.22,24.84,24.15,24.79,2020500,21.83
2009-08-17,24.52,24.62,23.89,23.99,2994200,21.12
2009-08-14,26.35,26.57,25.10,25.54,3347900,22.49
2009-08-13,26.23,26.50,25.74,26.49,2501400,23.32
2009-08-12,25.16,26.09,24.25,25.81,3167600,22.72
2009-08-11,25.16,25.53,24.36,24.40,3520500,21.48
2009-08-10,25.58,25.86,25.11,25.28,2126700,22.26
2009-08-07,25.19,26.33,25.03,25.75,3515900,22.67
2009-08-06,25.91,25.96,23.98,24.72,4542400,21.76
2009-08-05,25.50,25.67,24.54,25.58,5582400,22.52
2009-08-04,24.79,26.91,24.26,25.33,10802100,22.30
2009-08-03,24.33,25.59,23.63,25.44,8536000,22.40
2009-07-31,23.23,23.78,22.92,23.70,4583700,20.87
2009-07-30,23.45,24.41,23.02,23.29,4411200,20.50
2009-07-29,22.59,22.89,22.30,22.57,2244300,19.87
2009-07-28,23.19,23.26,22.37,22.86,3066600,20.13
2009-07-27,22.79,23.71,22.67,23.61,2537600,20.79
2009-07-24,22.30,22.94,22.02,22.88,3008800,20.14
2009-07-23,20.64,22.66,20.63,22.60,5920700,19.90
2009-07-22,20.16,20.91,20.16,20.60,3107600,18.14
2009-07-21,20.46,20.94,20.25,20.66,3549000,18.19
2009-07-20,19.91,20.49,19.81,20.41,2973800,17.97
2009-07-17,19.59,19.84,19.05,19.78,3037700,17.41
2009-07-16,19.28,19.96,18.88,19.72,2895100,17.36
2009-07-15,19.13,19.80,18.93,19.51,6763200,17.18
2009-07-14,18.88,18.95,18.41,18.73,2928300,16.49
2009-07-13,17.48,18.91,17.33,18.88,4586300,16.62
2009-07-10,17.46,17.58,16.77,17.14,3346400,15.09
2009-07-09,17.74,18.01,17.52,17.58,3731700,15.48
2009-07-08,17.74,18.06,17.18,17.41,7811900,15.33
2009-07-07,18.39,18.42,17.67,17.69,4188500,15.57
2009-07-06,17.39,18.46,17.39,18.40,4836600,16.20
2009-07-02,18.71,18.71,17.69,17.69,4136800,15.57
2009-07-01,19.07,19.35,18.80,19.00,3732800,16.73
2009-06-30,19.14,19.21,18.33,18.84,3660300,16.59
2009-06-29,19.23,19.55,19.10,19.19,3732700,16.90
2009-06-26,19.52,19.77,18.91,19.11,8077800,16.82
2009-06-25,18.65,19.74,18.39,19.53,4703600,17.19
2009-06-24,18.30,19.50,18.18,18.89,5588100,16.63
2009-06-23,17.88,18.16,17.06,18.11,4944500,15.94
2009-06-22,18.70,18.85,17.48,17.52,5370600,15.42
2009-06-19,18.96,19.46,18.93,19.00,4417500,16.73
2009-06-18,18.40,19.12,18.29,18.64,3396900,16.41
2009-06-17,18.75,18.95,17.96,18.29,4154900,16.10
2009-06-16,19.89,19.92,18.78,18.97,3098000,16.70
2009-06-15,20.43,20.73,19.27,19.48,5696000,17.15
2009-06-12,21.34,21.51,20.46,20.89,4423800,18.39
2009-06-11,21.36,22.02,21.24,21.33,3635900,18.78
2009-06-10,22.13,22.38,21.36,21.64,4564500,19.05
2009-06-09,22.12,22.30,21.49,21.97,3567500,19.34
2009-06-08,21.83,22.45,21.12,22.15,4903100,19.50
2009-06-05,22.01,22.50,21.56,22.23,6528000,19.57
2009-06-04,21.19,21.75,20.62,21.57,7846900,18.99
2009-06-03,22.01,22.01,20.50,20.93,6243600,18.43
2009-06-02,22.92,23.42,22.06,22.23,5853000,19.57
2009-06-01,22.56,23.23,22.16,22.44,6978100,19.76
2009-05-29,21.95,22.22,21.20,22.20,7784500,19.55
2009-05-28,20.91,21.84,20.61,21.81,5528800,19.20
2009-05-27,21.26,22.41,20.40,20.56,8156500,18.10
2009-05-26,21.45,21.45,20.15,20.79,6065600,18.30
2009-05-22,20.36,21.13,19.91,20.58,4220200,18.12
2009-05-21,19.65,20.92,19.65,20.25,5280600,17.83
2009-05-20,21.52,22.23,20.02,20.21,7853600,17.79
2009-05-19,20.84,21.74,20.14,20.81,9627100,18.32
2009-05-18,19.04,20.70,18.54,20.57,9056700,18.11
2009-05-15,19.91,19.91,18.32,18.58,8963900,16.36
2009-05-14,18.52,19.85,18.25,18.86,10591100,16.60
2009-05-13,19.80,19.80,18.50,18.55,13362500,16.33
2009-05-12,20.12,20.26,19.16,19.74,38848500,17.38
2009-05-11,21.35,21.78,20.16,20.34,8222800,17.91
2009-05-08,21.76,24.34,20.93,23.68,7093100,20.85
2009-05-07,24.40,24.90,20.90,21.45,10114100,18.88
2009-05-06,19.15,24.37,18.75,23.29,15540800,20.50
2009-05-05,17.32,20.27,17.30,18.75,9751200,16.51
2009-05-04,16.08,17.06,15.47,16.93,9313500,14.91
2009-05-01,15.92,16.49,15.18,15.43,7029900,13.58
2009-04-30,16.19,17.13,15.79,16.34,8118100,14.39
2009-04-29,14.54,15.90,14.35,15.66,5644300,13.79
2009-04-28,14.21,14.75,13.84,14.18,4499400,12.48
2009-04-27,14.57,15.20,14.45,14.68,5996800,12.92
2009-04-24,14.99,15.60,14.40,15.31,6681600,13.48
2009-04-23,14.44,15.00,13.94,14.87,5655100,13.09
2009-04-22,13.59,14.78,13.05,14.21,7539600,12.51
2009-04-21,12.29,14.18,11.92,14.00,7224400,12.33
2009-04-20,14.43,14.56,12.84,12.92,7699400,11.37
2009-04-17,13.63,15.00,13.16,14.72,7292400,12.96
2009-04-16,14.01,14.24,13.00,13.76,7845900,12.11
2009-04-15,13.04,14.03,12.45,13.78,7108800,12.13
2009-04-14,14.71,14.88,12.91,13.04,7788500,11.48
2009-04-13,13.76,15.50,13.52,14.97,8574800,13.18
2009-04-09,12.93,14.68,12.64,14.47,11476800,12.74
2009-04-08,13.20,14.25,11.75,12.31,20320300,10.84
2009-04-07,10.14,10.80,9.60,10.15,8537100,8.94
2009-04-06,9.95,10.77,9.81,10.63,8504100,9.36
2009-04-03,8.88,10.53,8.60,10.53,9337300,9.27
2009-04-02,8.75,9.45,8.71,8.78,7194400,7.73
2009-04-01,7.92,8.33,7.74,8.16,7559000,7.18
2009-03-31,7.49,8.62,7.41,8.18,9171400,7.20
2009-03-30,9.72,9.72,7.87,7.98,8589800,7.03
2009-03-27,9.69,10.81,9.44,10.30,7303500,9.07
2009-03-26,9.46,10.00,9.17,9.92,8003800,8.73
2009-03-25,8.92,9.58,8.35,9.12,10313200,8.03
2009-03-24,8.00,9.41,7.61,8.65,10623400,7.62
2009-03-23,7.62,8.41,7.36,8.41,11187500,7.40
2009-03-20,7.75,7.75,6.81,7.00,8503900,6.16
2009-03-19,9.25,9.50,7.70,7.78,9815900,6.85
2009-03-18,8.00,9.15,7.80,8.90,14205900,7.84
2009-03-17,7.55,8.22,6.85,8.14,8973400,7.17
2009-03-16,8.05,8.70,7.30,7.38,12602400,6.50
2009-03-13,8.31,8.78,7.49,7.77,9264400,6.84
2009-03-12,7.49,8.43,6.96,8.20,8290900,7.22
2009-03-11,8.11,8.15,6.85,7.53,7067000,6.63
2009-03-10,6.33,7.35,5.74,7.27,9066100,6.40
2009-03-09,5.73,6.49,5.41,5.88,6252100,5.18
2009-03-06,6.50,6.74,5.66,6.08,7015000,5.35
2009-03-05,6.80,7.12,5.95,6.38,8529700,5.62
2009-03-04,7.24,7.82,6.02,7.31,10293800,6.44
2009-03-03,7.54,7.77,6.70,6.86,8712200,6.04
2009-03-02,7.70,8.00,7.27,7.30,7684200,6.43
2009-02-27,9.00,9.44,7.75,7.99,15432300,7.03
2009-02-26,10.57,11.43,10.27,10.59,5718300,9.32
2009-02-25,10.95,10.95,9.48,10.33,8497400,9.09
2009-02-24,9.54,11.11,9.15,11.07,8563600,9.75
2009-02-23,10.80,11.10,9.30,9.34,9025900,8.22
2009-02-20,10.00,10.93,9.16,10.52,9469200,9.26
2009-02-19,11.01,11.67,10.34,10.51,11782300,9.25
2009-02-18,11.05,11.19,10.32,10.55,5365200,9.29
2009-02-17,11.32,11.32,10.50,10.82,6387500,9.53
2009-02-13,11.84,12.00,11.32,11.64,4303100,10.25
2009-02-12,11.06,12.15,10.46,12.04,6583200,10.60
2009-02-11,11.94,12.44,11.00,11.66,6466200,10.27
2009-02-10,12.95,13.66,11.50,11.99,22830400,10.56
2009-02-09,17.55,18.83,16.90,17.03,7733000,14.99
2009-02-06,16.65,17.50,15.91,16.83,5144900,14.82
2009-02-05,16.36,17.86,15.63,16.62,5028400,14.63
2009-02-04,16.75,17.66,15.91,16.19,3009400,14.25
2009-02-03,17.39,17.39,15.05,16.64,4008200,14.65
2009-02-02,16.01,17.23,15.81,17.03,3219600,14.99
2009-01-30,18.25,18.52,16.43,16.59,3690700,14.61
2009-01-29,19.79,19.79,17.45,17.84,4439100,15.71
2009-01-28,17.90,20.70,17.50,20.48,6329800,18.03
2009-01-27,15.76,16.56,15.31,16.49,3244000,14.52
2009-01-26,16.12,16.89,14.96,15.48,3880500,13.63
2009-01-23,14.17,15.99,13.59,15.70,4323500,13.82
2009-01-22,15.59,15.90,14.03,14.91,5919000,13.13
2009-01-21,15.21,16.39,14.36,16.29,6277000,14.34
2009-01-20,16.02,16.17,13.48,13.95,6105200,12.28
2009-01-16,17.05,17.68,15.19,16.19,4132300,14.25
2009-01-15,16.89,17.35,15.44,16.40,4589300,14.44
2009-01-14,18.58,18.62,16.39,16.94,3946500,14.91
2009-01-13,18.26,19.85,18.15,19.10,4140300,16.82
2009-01-12,20.87,20.87,18.27,18.55,4474000,16.33
2009-01-09,21.98,22.55,20.74,20.94,2407900,18.44
2009-01-08,21.66,22.30,21.06,21.90,2938000,19.28
2009-01-07,23.79,23.79,21.62,21.83,3067000,19.22
2009-01-06,23.40,24.80,22.97,24.48,3214800,21.55
2009-01-05,23.28,23.99,22.71,23.08,2389800,20.32
2009-01-02,22.89,23.86,21.15,23.60,2876200,20.78
2008-12-31,21.45,22.82,21.03,22.57,2856000,19.87
2008-12-30,19.22,21.63,19.21,21.49,2249000,18.92
2008-12-29,19.51,19.72,18.35,19.02,1086000,16.75
2008-12-26,19.32,19.59,18.88,19.49,794100,17.16
2008-12-24,18.99,19.24,18.52,19.11,580400,16.82
2008-12-23,19.36,20.06,18.76,18.95,2879400,16.68
2008-12-22,20.37,20.68,18.95,19.25,4543500,16.95
2008-12-19,19.16,20.48,18.25,20.31,4148000,17.88
2008-12-18,19.84,21.00,18.69,18.94,6086500,16.68
2008-12-17,20.46,21.29,19.14,20.15,4804000,17.74
2008-12-16,17.70,20.79,16.97,20.60,5588400,18.14
2008-12-15,17.89,17.99,16.08,17.30,3995500,15.23
2008-12-12,16.28,18.12,15.89,17.85,4386200,15.72
2008-12-11,18.73,18.88,16.63,16.92,4056500,14.90
2008-12-10,18.90,20.13,17.82,19.15,5085600,16.86
2008-12-09,17.48,20.25,17.12,18.65,5668400,16.42
2008-12-08,20.02,21.50,17.54,17.84,7102600,15.71
2008-12-05,13.93,19.99,13.43,19.20,7703900,16.90
2008-12-04,13.77,14.92,13.29,13.64,2916000,12.01
2008-12-03,13.30,14.26,12.76,14.18,3770500,12.48
2008-12-02,12.28,14.00,11.56,13.91,5204500,12.25
2008-12-01,13.70,13.70,11.70,11.86,3956600,10.44
2008-11-28,13.60,14.21,13.38,13.81,1911600,12.16
2008-11-26,12.56,13.60,12.01,13.57,3468900,11.95
2008-11-25,12.86,13.10,11.87,12.88,4388100,11.34
2008-11-24,10.92,12.60,9.50,12.47,6189000,10.98
2008-11-21,9.97,10.40,8.78,10.00,7873000,8.80
2008-11-20,11.44,11.87,9.25,9.43,8332600,8.30
2008-11-19,14.09,14.50,11.44,11.67,8350400,10.27
2008-11-18,14.83,15.65,12.93,14.31,5924600,12.60
2008-11-17,16.58,16.58,14.98,15.00,3995700,13.21
2008-11-14,17.53,18.72,16.17,16.83,4702300,14.82
2008-11-13,17.78,18.91,14.27,18.76,6923900,16.52
2008-11-12,19.95,20.07,17.08,17.48,3827200,15.39
2008-11-11,22.67,22.76,19.78,20.63,3452100,17.77
2008-11-10,25.66,26.59,23.76,24.23,2848100,20.87
2008-11-07,23.83,25.42,23.83,25.19,2315700,21.69
2008-11-06,25.11,26.38,23.24,23.59,3521000,20.32
2008-11-05,28.18,29.41,25.41,25.54,4150300,22.00
2008-11-04,24.90,28.83,23.50,27.50,5940200,23.68
2008-11-03,18.88,23.13,18.43,22.39,3902300,19.28
2008-10-31,17.28,19.44,15.45,18.99,7028100,16.35
2008-10-30,21.54,22.07,19.19,20.07,4338600,17.28
2008-10-29,21.83,22.48,20.47,20.82,2891100,17.93
2008-10-28,18.85,22.06,17.71,22.00,3359000,18.95
2008-10-27,19.37,20.04,18.10,18.10,2729500,15.59
2008-10-24,16.63,20.27,15.00,19.61,4193000,16.89
2008-10-23,18.69,19.15,17.07,18.61,3596200,16.03
2008-10-22,20.50,21.06,18.08,18.52,2977800,15.95
2008-10-21,21.24,22.25,20.71,21.43,2101400,18.46
2008-10-20,21.08,21.77,19.75,21.30,2493500,18.34
2008-10-17,21.14,22.46,20.45,20.91,2745800,18.01
2008-10-16,22.29,22.95,19.03,22.00,3722900,18.95
2008-10-15,24.04,24.33,21.80,22.26,3725000,19.17
2008-10-14,26.92,26.95,23.01,24.72,3977400,21.29
2008-10-13,23.87,23.87,20.83,22.95,4251600,19.76
2008-10-10,14.99,21.21,12.50,18.20,7730200,15.67
2008-10-09,22.20,23.04,14.04,15.79,7063500,13.60
2008-10-08,26.17,28.15,20.60,21.74,5292100,18.72
2008-10-07,29.54,32.00,27.11,27.11,3298900,23.35
2008-10-06,31.00,32.75,27.20,29.47,2095600,25.38
2008-10-03,32.22,34.87,30.51,32.51,3117100,28.00
2008-10-02,37.60,37.60,29.38,31.52,3944900,27.15
2008-10-01,44.38,45.49,35.57,37.64,2926600,32.42
2008-09-30,39.59,45.00,39.52,43.49,2011700,37.45
2008-09-29,43.89,45.36,38.08,39.21,2903100,33.77
2008-09-26,43.31,44.95,42.39,44.15,1457700,38.02
2008-09-25,42.33,49.94,42.19,43.77,1109100,37.70
2008-09-24,41.51,43.34,40.60,42.00,1331400,36.17
2008-09-23,44.25,45.35,41.00,41.03,1997000,35.34
2008-09-22,51.75,51.75,43.86,44.24,1861800,38.10
2008-09-19,50.70,54.28,44.73,51.95,4443100,44.74
2008-09-18,39.74,44.33,34.82,43.39,7256600,37.37
2008-09-17,43.42,43.90,38.46,38.85,5177500,33.46
2008-09-16,41.95,44.84,41.17,44.63,6096200,38.44
2008-09-15,42.92,46.58,42.92,43.11,3827800,37.13
2008-09-12,46.16,47.97,45.85,47.44,2073100,40.86
2008-09-11,45.22,47.22,44.68,47.04,2564700,40.51
2008-09-10,46.00,47.29,44.19,46.13,2564500,39.73
2008-09-09,48.19,49.12,45.93,45.93,3476200,39.56
2008-09-08,47.49,48.80,46.13,48.76,4032000,41.99
2008-09-05,43.97,44.70,42.71,44.70,3114800,38.50
2008-09-04,45.93,46.40,44.51,44.60,1751900,38.41
2008-09-03,45.77,46.62,45.19,46.54,1285200,40.08
2008-09-02,46.73,47.49,45.34,46.10,1348400,39.70
2008-08-29,44.53,46.02,44.53,45.79,1743700,39.43
2008-08-28,44.59,45.51,44.21,45.39,1967800,39.09
2008-08-27,43.00,43.79,42.74,43.76,2194000,37.69
2008-08-26,42.92,43.27,42.19,43.11,1988100,37.13
2008-08-25,44.60,44.61,42.77,42.91,1791900,36.95
2008-08-22,44.30,45.50,44.26,45.05,2294200,38.80
2008-08-21,43.14,44.46,42.78,43.96,2359600,37.86
2008-08-20,44.88,45.10,43.11,44.20,3024100,38.07
2008-08-19,45.35,45.89,44.33,44.91,2279100,38.68
2008-08-18,48.95,48.95,46.14,46.49,2628500,40.04
2008-08-15,47.36,49.40,47.10,48.93,4026800,42.14
2008-08-14,44.08,46.79,43.61,46.76,2276600,40.27
2008-08-13,45.05,45.53,43.44,44.50,2438000,38.32
2008-08-12,46.15,46.49,44.99,45.40,1767500,39.10
2008-08-11,46.09,47.51,45.41,46.53,2054500,40.07
2008-08-08,44.69,46.46,44.69,45.99,2934200,39.61
2008-08-07,46.52,47.01,44.36,44.96,3500300,38.72
2008-08-06,47.44,49.99,46.53,47.05,3853100,40.52
2008-08-05,43.75,47.51,43.75,47.44,5297200,40.86
2008-08-04,41.33,43.38,40.83,42.90,2188300,36.95
2008-08-01,42.51,42.85,41.05,41.98,1729900,36.15
2008-07-31,42.04,43.10,41.64,42.51,2180000,36.61
2008-07-30,41.95,44.01,40.91,42.77,2424900,36.83
2008-07-29,39.71,42.07,39.58,42.01,2232400,36.18
2008-07-28,40.76,41.74,39.49,39.65,3964700,34.15
2008-07-25,41.39,42.43,40.66,41.25,2438600,35.52
2008-07-24,42.47,43.25,41.02,41.18,3489900,35.46
2008-07-23,40.52,42.82,40.31,42.43,3661400,36.54
2008-07-22,38.02,41.22,37.14,40.93,3011400,35.25
2008-07-21,39.68,39.75,38.18,38.37,2411400,33.04
2008-07-18,39.31,39.87,38.04,39.68,3675200,34.17
2008-07-17,37.89,39.40,37.24,39.26,4112100,33.81
2008-07-16,35.46,37.78,34.80,37.66,4597400,32.43
2008-07-15,36.40,37.13,35.10,35.48,2965400,30.56
2008-07-14,37.89,38.59,36.44,36.55,2096700,31.48
2008-07-11,38.09,38.35,36.72,37.36,3950300,32.17
2008-07-10,39.64,39.67,38.05,38.61,3347200,33.25
2008-07-09,41.68,42.26,39.36,39.56,2172300,34.07
2008-07-08,40.22,41.99,39.59,41.77,3025200,35.97
2008-07-07,41.28,41.52,39.24,39.88,2860300,34.35
2008-07-03,41.92,42.31,40.93,41.02,1052900,35.33
2008-07-02,40.94,42.37,40.94,41.44,2860800,35.69
2008-07-01,41.80,41.81,40.52,40.97,3491500,35.28
2008-06-30,42.53,43.35,41.90,41.97,2091900,36.15
2008-06-27,43.41,43.97,41.97,42.52,3919400,36.62
2008-06-26,45.84,46.32,43.39,43.41,3184900,37.39
2008-06-25,46.09,48.09,45.68,46.98,2900000,40.46
2008-06-24,45.36,46.16,44.82,45.65,2763600,39.31
2008-06-23,48.51,48.66,45.33,45.44,4609600,39.13
2008-06-20,49.43,50.11,48.23,48.27,2346100,41.57
2008-06-19,48.48,50.37,48.03,50.24,1964200,43.27
2008-06-18,48.77,49.40,48.15,48.41,1420000,41.69
2008-06-17,50.56,51.04,49.18,49.18,1347800,42.35
2008-06-16,49.80,50.70,49.74,50.39,1111500,43.40
2008-06-13,50.38,50.68,49.55,50.65,1248200,43.62
2008-06-12,49.10,50.64,48.97,49.76,1348300,42.85
2008-06-11,49.24,49.75,48.18,48.30,1238000,41.60
2008-06-10,49.09,50.27,48.84,49.79,1345900,42.88
2008-06-09,49.34,50.01,49.01,49.45,1721600,42.59
2008-06-06,51.01,51.63,49.00,49.19,2067800,42.36
2008-06-05,51.90,52.37,51.55,52.25,1595800,45.00
2008-06-04,51.70,52.17,51.40,51.55,2090300,44.40
2008-06-03,52.50,52.87,51.25,51.73,1516500,44.55
2008-06-02,53.44,53.68,51.96,52.35,1431400,45.08
2008-05-30,54.40,54.46,53.78,53.88,1183600,46.40
2008-05-29,53.11,54.35,52.94,54.08,1226200,46.57
2008-05-28,53.55,53.68,52.56,53.10,1253100,45.73
2008-05-27,52.16,53.30,52.16,53.21,1079100,45.83
2008-05-23,53.25,53.44,52.14,52.23,1085500,44.98
2008-05-22,52.71,53.91,52.22,53.67,1055200,46.22
2008-05-21,54.60,54.90,52.47,52.57,2150400,45.27
2008-05-20,55.93,56.21,54.38,54.50,1448600,46.94
2008-05-19,55.78,56.78,55.68,56.42,1145200,48.59
2008-05-16,56.26,56.49,55.07,55.78,1186500,48.04
2008-05-15,55.10,56.14,54.75,56.06,1180900,48.28
2008-05-14,54.94,55.64,54.50,55.17,1059700,47.51
2008-05-13,55.85,55.86,54.38,54.50,1311600,46.94
2008-05-12,53.61,55.58,53.59,55.51,1257800,47.81
2008-05-09,52.70,54.15,52.43,53.57,1510500,46.14
2008-05-08,54.56,54.87,52.77,52.98,2237200,45.63
2008-05-07,56.64,56.64,54.29,54.43,2010000,46.88
2008-05-06,55.00,58.04,54.70,56.50,4128900,48.66
2008-05-05,57.02,57.81,57.01,57.18,1543300,49.24
2008-05-02,56.60,59.00,56.60,57.92,2242100,49.88
2008-05-01,53.40,56.31,53.20,56.17,1943200,48.37
2008-04-30,54.63,54.88,53.62,53.66,1434700,46.21
2008-04-29,54.29,54.94,54.10,54.63,1166600,47.05
2008-04-28,54.56,54.82,53.79,54.50,872900,46.94
2008-04-25,53.93,54.42,53.26,54.06,1059300,46.56
2008-04-24,52.40,53.79,52.00,53.56,2475000,46.13
2008-04-23,52.70,53.09,51.92,52.19,1798200,44.95
2008-04-22,53.70,53.70,52.74,53.15,1917900,45.77
2008-04-21,54.50,54.74,53.53,53.90,899400,46.42
2008-04-18,55.30,55.64,54.50,54.98,1606700,47.35
2008-04-17,53.35,54.01,53.03,53.76,1234700,46.30
2008-04-16,52.78,53.92,52.70,53.82,1730700,46.35
2008-04-15,52.62,53.05,51.90,52.48,1851000,45.20
2008-04-14,53.00,53.00,52.06,52.18,1745900,44.94
2008-04-11,54.17,54.75,53.17,53.21,2334100,45.83
2008-04-10,55.07,55.70,54.70,55.03,1204600,47.39
2008-04-09,55.97,56.60,55.15,55.28,1453100,47.61
2008-04-08,56.69,56.89,56.24,56.40,1831800,48.57
2008-04-07,57.58,58.10,56.64,57.13,2015700,49.20
2008-04-04,57.69,58.41,57.08,57.27,1971700,49.32
2008-04-03,57.83,58.33,56.94,57.68,1885300,49.67
2008-04-02,58.96,59.53,58.09,58.29,1844400,50.20
2008-04-01,56.28,58.86,55.91,58.68,2469400,50.54
2008-03-31,54.73,56.03,54.44,55.72,1821100,47.99
2008-03-28,55.25,55.65,54.55,54.66,1742900,47.07
2008-03-27,55.42,55.71,53.86,55.05,2494700,47.41
2008-03-26,56.30,56.30,54.58,54.70,2370800,47.11
2008-03-25,55.88,57.44,55.50,56.70,1860500,48.83
2008-03-24,55.65,57.41,55.58,56.27,2204300,48.46
2008-03-20,53.86,55.48,53.22,55.47,3106800,47.77
2008-03-19,53.42,54.05,52.11,53.10,4544700,45.73
2008-03-18,49.49,52.28,49.22,52.28,3927600,45.02
2008-03-17,48.00,49.25,47.23,48.57,5491400,41.83
2008-03-14,51.73,52.00,49.05,49.15,3127900,42.33
2008-03-13,50.68,52.20,49.95,51.74,3715000,44.56
2008-03-12,52.94,53.88,52.12,52.13,2231900,44.89
2008-03-11,51.73,54.07,49.98,52.45,4676400,45.17
2008-03-10,51.64,52.56,49.85,50.50,2520700,43.49
2008-03-07,51.60,53.12,50.79,51.68,1884500,44.51
2008-03-06,53.32,53.67,51.87,52.03,3544800,44.81
2008-03-05,54.94,55.19,53.45,54.35,2585100,46.81
2008-03-04,54.19,54.48,52.63,54.18,3333500,46.66
2008-03-03,54.93,55.28,53.56,54.59,2333300,47.01
2008-02-29,56.19,57.11,55.07,55.23,2946400,47.56
2008-02-28,59.74,60.00,57.53,57.60,3772800,49.61
2008-02-27,59.60,61.41,58.89,60.28,2456200,51.91
2008-02-26,59.87,60.44,59.32,60.10,1780500,51.76
2008-02-25,58.50,60.02,57.28,59.88,2677500,51.57
2008-02-22,59.01,59.04,56.65,58.34,4828500,50.24
2008-02-21,57.37,59.12,56.76,58.86,6099000,50.69
2008-02-20,56.18,57.12,55.64,56.95,2382400,49.05
2008-02-19,57.33,57.58,56.29,56.93,1585300,49.03
2008-02-15,55.99,56.99,55.47,56.79,2006700,48.91
2008-02-14,57.21,57.78,56.32,56.32,3105600,48.50
2008-02-13,56.19,57.35,55.71,57.30,3058200,49.35
2008-02-12,54.46,56.02,54.42,55.65,2072100,47.93
2008-02-11,55.10,55.10,53.01,54.30,2784600,46.76
2008-02-08,55.05,55.28,54.40,55.01,3637800,47.38
2008-02-07,53.58,56.35,53.58,55.60,3624300,47.88
2008-02-06,53.36,54.38,53.01,53.96,3387300,46.47
2008-02-05,53.48,54.97,51.00,53.10,9202700,45.73
2008-02-04,61.00,61.25,59.81,59.81,1483300,51.51
2008-02-01,59.80,61.21,59.45,61.21,1703300,52.71
2008-01-31,56.68,60.39,56.68,59.61,2091100,51.34
2008-01-30,59.87,60.78,57.88,58.55,2200800,50.42
2008-01-29,59.50,60.24,59.06,60.05,1984200,51.72
2008-01-28,57.15,58.81,56.28,58.81,1586500,50.65
2008-01-25,59.58,60.12,57.03,57.36,2430900,49.40
2008-01-24,58.59,59.60,58.06,58.90,2469400,50.73
2008-01-23,55.24,59.12,54.09,58.12,5148300,50.05
2008-01-22,56.49,60.09,55.96,58.27,4262600,50.18
2008-01-18,63.35,63.53,59.20,59.88,4412700,51.57
2008-01-17,65.07,65.18,62.68,62.92,4329300,54.19
2008-01-16,65.21,66.36,64.62,65.00,2181600,55.98
2008-01-15,65.39,65.92,64.71,65.41,1658300,56.33
2008-01-14,66.90,67.00,66.01,66.60,1332700,57.36
2008-01-11,66.40,67.64,65.92,66.23,2324000,57.04
2008-01-10,65.67,67.63,65.51,67.00,2500200,57.70
2008-01-09,65.61,66.33,64.70,66.08,2532600,56.91
2008-01-08,67.45,67.50,65.49,65.66,2239500,56.55
2008-01-07,66.60,67.19,65.98,67.00,2662300,57.70
2008-01-04,66.96,67.66,66.88,67.09,1642800,57.78
2008-01-03,68.20,68.83,67.64,67.99,1231000,58.55
2008-01-02,68.67,68.94,67.67,67.96,1743800,58.53
