Date,Open,High,Low,Close,Volume,Adj Close
2013-12-31,129.61,129.77,128.29,128.64,455900,128.09
2013-12-30,127.97,128.89,127.97,128.88,575600,128.33
2013-12-27,128.32,128.49,127.67,128.11,493800,127.56
2013-12-26,127.34,128.33,127.24,127.88,521300,127.33
2013-12-24,126.20,127.39,125.97,127.21,279800,126.67
2013-12-23,126.92,126.96,125.79,126.20,1016500,125.66
2013-12-20,124.67,126.25,123.91,126.21,1750100,125.67
2013-12-19,122.29,124.01,121.80,123.87,1063200,123.34
2013-12-18,120.32,122.57,119.13,122.50,967600,121.98
2013-12-17,120.48,120.77,119.59,119.92,750400,119.41
2013-12-16,119.21,121.09,119.21,120.48,708900,119.97
2013-12-13,118.75,119.59,118.15,118.97,1136000,118.46
2013-12-12,118.39,118.92,117.64,118.27,1227600,117.77
2013-12-11,114.32,119.84,114.32,117.99,1121800,117.49
2013-12-10,119.55,120.73,119.48,119.69,894500,119.18
2013-12-09,121.21,122.52,120.28,120.79,921900,120.28
2013-12-06,119.74,121.58,118.96,121.10,1246000,120.58
2013-12-05,116.32,117.61,116.21,116.51,1379100,116.01
2013-12-04,115.94,117.11,115.19,116.71,1186500,116.21
2013-12-03,117.00,117.02,115.72,116.54,926600,116.04
2013-12-02,117.82,118.29,116.87,117.24,717000,116.74
2013-11-29,118.41,119.00,117.63,117.84,217700,117.34
2013-11-27,118.47,118.59,117.96,118.25,534700,117.75
2013-11-26,118.47,119.04,117.71,117.78,937600,117.28
2013-11-25,118.78,120.12,118.37,118.68,1096200,118.17
2013-11-22,116.59,118.64,116.20,118.62,1288200,118.11
2013-11-21,115.00,116.83,115.00,116.71,775800,116.21
2013-11-20,116.05,116.05,114.44,114.83,621300,114.34
2013-11-19,116.64,116.95,115.10,115.36,779300,114.87
2013-11-18,118.20,118.86,116.58,116.92,857400,116.42
2013-11-15,117.10,117.61,116.42,117.61,943300,117.11
2013-11-14,117.00,117.30,116.20,116.83,662100,116.33
2013-11-13,115.65,117.01,115.41,117.00,658800,116.50
2013-11-12,116.51,116.99,115.92,116.11,883500,115.62
2013-11-11,116.11,117.02,115.87,116.50,673800,116.00
2013-11-08,114.68,116.50,114.68,116.13,938500,115.64
2013-11-07,116.79,116.87,114.27,114.53,1152200,114.04
2013-11-06,116.25,116.53,115.21,115.94,681800,115.45
2013-11-05,115.92,116.62,114.91,115.94,544700,115.00
2013-11-04,116.40,116.99,115.78,116.31,621200,115.36
2013-11-01,116.51,117.53,115.49,115.99,1096900,115.05
2013-10-31,115.83,117.94,115.30,116.72,778900,115.77
2013-10-30,116.85,117.05,115.27,115.62,721500,114.68
2013-10-29,116.49,116.99,115.61,116.85,754500,115.90
2013-10-28,116.06,116.63,115.72,116.47,1325200,115.52
2013-10-25,114.32,116.44,113.40,116.42,1881300,115.47
2013-10-24,113.76,114.95,113.11,114.41,727000,113.48
2013-10-23,113.63,113.80,112.39,113.57,628600,112.65
2013-10-22,110.62,116.26,109.89,114.31,1060800,113.38
2013-10-21,113.48,115.56,113.10,115.06,2019500,114.12
2013-10-18,109.64,113.87,109.36,112.41,3278800,111.50
2013-10-17,105.40,107.04,105.00,106.82,1179800,105.95
2013-10-16,106.00,106.17,104.47,105.64,1343900,104.78
2013-10-15,107.33,107.57,104.99,105.64,1303900,104.78
2013-10-14,107.00,108.17,106.35,107.96,1546900,107.08
2013-10-11,107.26,107.97,106.99,107.78,721600,106.90
2013-10-10,105.21,107.19,105.10,107.06,1077500,106.19
2013-10-09,104.04,104.62,103.36,103.97,1042800,103.13
2013-10-08,106.33,106.48,104.20,104.28,1066400,103.43
2013-10-07,106.19,107.03,106.10,106.26,570500,105.40
2013-10-04,107.10,107.73,106.81,107.58,572900,106.71
2013-10-03,108.63,108.68,106.28,106.97,916900,106.10
2013-10-02,108.75,108.94,107.75,108.84,788500,107.96
2013-10-01,109.27,109.93,108.81,109.35,951900,108.46
2013-09-30,107.66,109.03,107.51,108.72,793900,107.84
2013-09-27,109.06,109.76,108.70,108.95,655800,108.06
2013-09-26,109.04,110.21,108.96,109.92,1112400,109.03
2013-09-25,108.85,109.58,108.35,109.14,1362500,108.25
2013-09-24,106.31,109.02,106.31,108.71,1316200,107.83
2013-09-23,107.09,107.30,106.07,106.35,883900,105.49
2013-09-20,108.68,108.84,107.35,107.54,964200,106.67
2013-09-19,107.77,108.96,107.59,108.16,713500,107.28
2013-09-18,105.30,107.65,104.89,107.59,794900,106.72
2013-09-17,104.97,105.53,104.61,105.22,569200,104.36
2013-09-16,105.11,105.78,104.66,104.98,924000,104.13
2013-09-13,104.67,104.98,103.72,104.36,616800,103.51
2013-09-12,104.96,105.09,104.31,104.53,919800,103.68
2013-09-11,105.46,105.81,104.24,105.00,1196800,104.15
2013-09-10,105.61,107.17,105.57,105.81,1186000,104.95
2013-09-09,103.89,105.36,103.89,104.76,952600,103.91
2013-09-06,103.55,104.62,102.27,103.22,820000,102.38
2013-09-05,101.01,103.51,100.79,103.07,794000,102.23
2013-09-04,100.88,102.14,100.88,102.10,692400,101.27
2013-09-03,101.99,102.45,100.32,100.99,1054800,100.17
2013-08-30,101.24,101.33,99.75,99.95,568000,99.14
2013-08-29,100.46,101.53,100.43,100.80,631200,99.98
2013-08-28,100.65,101.47,100.16,100.63,580100,99.81
2013-08-27,101.24,101.62,100.24,100.52,674800,99.70
2013-08-26,103.29,103.76,102.48,102.50,440300,101.67
2013-08-23,103.74,104.96,102.25,103.09,491900,102.25
2013-08-22,102.13,104.53,102.11,103.70,555600,102.41
2013-08-21,102.15,102.66,101.52,101.78,653100,100.51
2013-08-20,102.37,103.00,101.66,102.39,870600,101.12
2013-08-19,102.84,104.17,102.34,102.46,992700,101.19
2013-08-16,103.52,104.88,103.39,103.40,1126700,102.11
2013-08-15,104.97,105.08,103.44,103.77,1123700,102.48
2013-08-14,106.81,107.10,105.92,106.18,953300,104.86
2013-08-13,106.39,107.26,105.58,106.87,872400,105.54
2013-08-12,103.70,106.06,103.70,105.99,902500,104.67
2013-08-09,103.76,104.50,102.82,104.14,814800,102.85
2013-08-08,102.35,104.08,102.35,103.93,895500,102.64
2013-08-07,102.06,102.24,100.63,101.96,1517600,100.69
2013-08-06,100.00,101.89,99.92,101.50,2798900,100.24
2013-08-05,105.00,106.19,104.76,104.93,1314700,103.63
2013-08-02,105.16,105.39,104.19,105.24,1031800,103.93
2013-08-01,104.47,107.12,104.11,106.79,1035000,105.46
2013-07-31,103.00,104.38,102.82,103.28,724200,102.00
2013-07-30,101.89,103.27,101.32,102.51,722600,101.24
2013-07-29,101.90,102.51,101.25,101.34,541700,100.08
2013-07-26,101.04,102.23,100.57,102.12,819000,100.85
2013-07-25,100.37,101.54,99.48,101.41,822600,100.15
2013-07-24,103.00,103.10,101.26,101.31,735600,100.05
2013-07-23,103.13,103.69,102.50,102.72,584200,101.44
2013-07-22,103.18,103.81,102.38,102.86,720200,101.58
2013-07-19,101.07,103.17,100.98,103.11,1543900,101.83
2013-07-18,100.10,101.85,99.78,101.05,689500,99.79
2013-07-17,100.37,100.66,99.53,99.77,740400,98.53
2013-07-16,99.96,100.12,99.11,99.89,887600,98.65
2013-07-15,99.26,100.27,98.98,99.73,664600,98.49
2013-07-12,99.67,99.89,98.65,99.16,1042500,97.93
2013-07-11,99.73,100.26,99.40,99.93,809000,98.69
2013-07-10,97.33,98.42,97.23,98.13,742900,96.91
2013-07-09,97.05,98.46,96.90,98.01,959900,96.79
2013-07-08,98.03,98.10,96.27,96.40,1218400,95.20
2013-07-05,96.16,97.62,96.16,97.62,799100,96.41
2013-07-03,95.01,95.69,94.81,95.32,566000,94.14
2013-07-02,96.81,97.25,95.35,95.54,1106100,94.35
2013-07-01,96.36,97.55,95.94,96.98,752200,95.77
2013-06-28,96.00,96.48,95.40,95.40,2440300,94.21
2013-06-27,96.15,96.66,95.34,96.37,742800,95.17
2013-06-26,95.12,96.14,94.77,95.53,1235100,94.34
2013-06-25,93.85,94.59,93.32,94.31,1084800,93.14
2013-06-24,93.80,93.80,92.08,92.89,1520900,91.74
2013-06-21,96.44,96.64,94.59,94.85,2063000,93.67
2013-06-20,96.88,96.88,95.31,95.71,1651600,94.52
2013-06-19,98.79,99.27,97.75,97.83,1150900,96.61
2013-06-18,97.80,98.99,97.62,98.70,1042500,97.47
2013-06-17,98.09,98.28,97.18,97.77,762600,96.55
2013-06-14,96.48,98.01,96.48,97.41,477700,96.20
2013-06-13,96.92,98.41,96.29,98.02,837400,96.80
2013-06-12,98.88,98.88,96.80,96.88,913800,95.68
2013-06-11,97.34,98.63,97.11,98.18,1146500,96.96
2013-06-10,98.60,98.88,97.98,98.61,763500,97.38
2013-06-07,97.87,98.81,97.14,98.34,750300,97.12
2013-06-06,96.59,97.28,96.00,97.05,1527500,95.84
2013-06-05,97.96,98.35,96.26,96.55,1173300,95.35
2013-06-04,98.91,100.27,98.29,98.44,1562800,97.22
2013-06-03,99.96,100.27,97.76,98.78,1414300,97.55
2013-05-31,99.51,101.76,99.01,99.76,1319200,98.52
2013-05-30,98.20,100.43,97.74,99.86,966500,98.62
2013-05-29,97.48,98.88,97.34,97.93,864700,96.71
2013-05-28,99.72,99.93,98.21,98.30,799800,97.08
2013-05-24,98.45,98.78,97.52,98.29,749800,97.07
2013-05-23,98.64,99.58,97.91,99.32,812900,98.09
2013-05-22,101.02,101.88,99.24,99.62,763000,98.38
2013-05-21,100.47,101.20,99.75,100.96,1240600,99.70
2013-05-20,99.65,101.21,99.27,100.58,723500,99.33
2013-05-17,98.26,100.01,98.03,100.01,1857700,98.77
2013-05-16,97.42,98.15,96.93,97.59,1480400,96.38
2013-05-15,95.89,97.95,95.41,97.83,1447700,96.61
2013-05-14,93.88,96.81,93.88,96.68,1293200,95.48
2013-05-13,93.75,94.90,93.28,93.99,917300,92.82
2013-05-10,93.15,94.45,93.12,94.05,920900,92.88
2013-05-09,93.15,93.88,92.79,92.95,825400,91.79
2013-05-08,92.50,93.23,92.18,93.23,1054600,92.07
2013-05-07,92.26,93.49,92.07,93.14,854000,91.54
2013-05-06,91.22,92.18,91.02,91.88,1076600,90.30
2013-05-03,89.96,92.73,89.96,91.38,1327900,89.81
2013-05-02,87.60,88.57,87.36,88.49,1068900,86.97
2013-05-01,88.04,88.28,87.06,87.20,1288300,85.70
2013-04-30,88.68,88.73,87.31,88.57,1540100,87.05
2013-04-29,89.39,89.99,88.57,88.83,762800,87.30
2013-04-26,90.66,91.12,88.07,88.74,894900,87.21
2013-04-25,89.60,91.25,89.30,90.55,1336600,88.99
2013-04-24,88.09,89.52,88.05,89.37,1316300,87.83
2013-04-23,87.06,87.87,86.78,87.68,959700,86.17
2013-04-22,85.82,87.37,84.50,86.63,1438700,85.14
2013-04-19,86.41,86.52,85.13,85.55,1529000,84.08
2013-04-18,87.80,88.04,85.59,85.93,901400,84.45
2013-04-17,87.08,88.06,85.96,87.75,1593900,86.24
2013-04-16,86.93,88.12,86.42,88.02,1159200,86.51
2013-04-15,88.37,88.48,85.96,85.96,1795400,84.48
2013-04-12,89.51,89.74,88.47,89.04,1037200,87.51
2013-04-11,90.51,90.61,89.71,89.96,1429400,88.41
2013-04-10,90.69,91.09,89.99,90.41,1387800,88.85
2013-04-09,90.33,91.09,89.71,90.55,777400,88.99
2013-04-08,89.29,90.22,89.09,89.90,969500,88.35
2013-04-05,87.77,89.67,87.71,89.38,1767300,87.84
2013-04-04,87.76,89.67,87.73,89.42,1686400,87.88
2013-04-03,88.66,88.94,87.21,87.53,1824700,86.02
2013-04-02,90.14,90.36,88.31,88.79,1164200,87.26
2013-04-01,91.39,91.60,89.51,89.65,895900,88.11
2013-03-28,90.27,91.58,89.67,91.58,1241700,90.00
2013-03-27,89.44,90.32,88.69,90.15,1458500,88.60
2013-03-26,91.84,91.84,90.19,90.28,1549800,88.73
2013-03-25,92.68,92.81,90.33,90.98,1177300,89.41
2013-03-22,91.88,92.37,91.71,92.08,1342800,90.50
2013-03-21,93.80,94.21,91.90,92.02,1700400,90.44
2013-03-20,95.64,95.92,94.38,94.97,1107800,93.34
2013-03-19,96.27,96.46,93.87,95.18,1120800,93.54
2013-03-18,95.56,96.74,94.96,96.08,1106900,94.43
2013-03-15,96.71,97.32,96.30,96.72,1174900,95.06
2013-03-14,97.31,97.95,97.07,97.25,1006800,95.58
2013-03-13,97.07,97.22,96.24,96.99,644800,95.32
2013-03-12,97.70,97.75,96.03,97.05,1078600,95.38
2013-03-11,97.60,98.06,97.32,97.93,602500,96.25
2013-03-08,97.67,98.15,97.04,97.95,971800,96.27
2013-03-07,96.63,97.75,96.42,97.24,1067500,95.57
2013-03-06,96.98,97.21,95.93,96.42,741800,94.76
2013-03-05,94.54,96.72,94.54,96.45,1281200,94.79
2013-03-04,94.15,94.17,92.52,93.65,960800,92.04
2013-03-01,93.82,94.90,92.75,94.45,924200,92.83
2013-02-28,93.65,95.26,93.06,94.48,1036700,92.85
2013-02-27,91.50,93.77,91.45,93.56,1144800,91.95
2013-02-26,91.63,92.27,91.04,91.65,1576600,90.07
2013-02-25,95.09,95.25,90.83,90.90,1650500,89.34
2013-02-22,93.89,94.64,93.62,94.54,898900,92.91
2013-02-21,94.58,94.58,92.62,93.26,1335500,91.66
2013-02-20,97.43,97.43,94.75,95.02,1364000,93.39
2013-02-19,96.31,97.50,96.28,97.46,1113000,95.78
2013-02-15,96.27,97.29,95.71,96.04,1215200,94.39
2013-02-14,95.77,97.03,95.53,96.31,1044900,94.65
2013-02-13,95.60,96.57,95.37,96.33,1549900,94.67
2013-02-12,94.28,95.59,93.95,95.18,1152700,93.54
2013-02-11,94.10,94.57,93.43,94.39,640000,92.77
2013-02-08,93.83,94.48,93.69,94.32,566500,92.70
2013-02-07,93.68,94.64,93.07,93.80,1047700,92.19
2013-02-06,92.88,93.83,92.13,93.45,1010000,91.84
2013-02-05,93.54,94.36,93.05,93.95,1709000,91.91
2013-02-04,93.05,93.64,92.45,92.51,1032000,90.50
2013-02-01,93.92,94.11,93.34,93.85,1509100,91.81
2013-01-31,93.41,94.14,92.80,92.97,1199400,90.95
2013-01-30,94.10,94.77,93.09,93.28,1052800,91.26
2013-01-29,93.58,94.30,93.28,94.15,952600,92.11
2013-01-28,94.75,94.81,93.58,93.82,1262500,91.78
2013-01-25,94.38,94.57,93.69,94.37,723900,92.32
2013-01-24,92.99,94.69,92.83,93.97,1225700,91.93
2013-01-23,93.24,93.65,92.67,93.05,1378400,91.03
2013-01-22,93.26,93.57,91.91,93.28,1933900,91.26
2013-01-18,92.50,93.70,90.00,93.70,4266000,91.67
2013-01-17,90.00,91.93,89.70,91.36,2330600,89.38
2013-01-16,89.12,89.95,88.73,89.84,933400,87.89
2013-01-15,88.57,90.00,88.54,89.64,833500,87.69
2013-01-14,88.99,89.49,88.48,89.32,957800,87.38
2013-01-11,89.52,89.52,88.35,89.04,903000,87.11
2013-01-10,90.64,90.73,88.64,89.60,1636500,87.66
2013-01-09,88.62,90.25,88.59,90.17,1482500,88.21
2013-01-08,88.67,88.98,87.51,88.32,1242600,86.40
2013-01-07,88.08,88.35,87.26,88.25,1447300,86.33
2013-01-04,88.65,88.92,88.30,88.82,775700,86.89
2013-01-03,87.60,88.73,87.45,88.34,1336100,86.42
2013-01-02,87.45,88.58,86.51,87.66,1962800,85.76
2012-12-31,83.53,85.17,83.16,85.06,831700,83.21
2012-12-28,83.74,84.80,83.69,83.86,491400,82.04
2012-12-27,84.68,85.07,83.39,84.49,599500,82.66
2012-12-26,85.23,85.23,84.52,84.67,497700,82.83
2012-12-24,85.07,86.00,84.72,84.87,315500,83.03
2012-12-21,85.16,85.58,84.00,85.15,2423600,83.30
2012-12-20,86.08,86.62,85.71,86.55,1055200,84.67
2012-12-19,86.52,86.72,85.92,86.21,1366400,84.34
2012-12-18,83.88,87.04,83.72,86.65,2241500,84.77
2012-12-17,83.73,84.08,83.18,83.59,1089700,81.78
2012-12-14,83.00,84.41,83.00,83.49,1055400,81.68
2012-12-13,82.93,83.65,82.65,83.24,1060500,81.43
2012-12-12,83.91,84.42,83.04,83.12,883300,81.32
2012-12-11,84.20,84.49,83.15,83.40,1336500,81.59
2012-12-10,83.83,84.40,83.48,83.93,1049100,82.11
2012-12-07,82.79,83.88,82.67,83.81,975500,81.99
2012-12-06,82.61,82.94,81.58,82.33,1213900,80.54
2012-12-05,81.27,83.09,81.04,82.90,1522800,81.10
2012-12-04,80.47,81.44,80.15,81.18,964400,79.42
2012-12-03,82.75,82.78,80.27,80.30,1497300,78.56
2012-11-30,83.26,83.37,81.60,82.15,2209700,80.37
2012-11-29,83.17,83.60,82.70,83.39,1350500,81.58
2012-11-28,80.69,82.86,80.29,82.64,1310300,80.85
2012-11-27,81.18,82.08,80.01,81.07,1010600,79.31
2012-11-26,80.99,82.12,80.69,81.41,1214400,79.64
2012-11-23,80.59,81.73,79.98,81.43,381000,79.66
2012-11-21,79.84,80.69,79.45,80.10,1057600,78.36
2012-11-20,80.76,80.94,79.06,79.71,1471300,77.98
2012-11-19,80.70,81.50,80.35,81.05,1169700,79.29
2012-11-16,78.74,80.16,78.36,80.01,1991100,78.27
2012-11-15,77.76,79.50,77.50,78.59,1775100,76.88
2012-11-14,78.64,79.28,77.34,77.53,1728400,75.85
2012-11-13,78.17,79.62,78.03,78.23,1054200,76.53
2012-11-12,79.03,79.65,78.41,79.14,846400,77.42
2012-11-09,78.18,79.68,77.50,79.09,2253400,77.37
2012-11-08,78.42,79.81,78.18,78.52,2594300,76.82
2012-11-07,79.29,79.29,77.37,77.45,1982600,75.77
2012-11-06,80.42,81.03,80.07,80.42,911000,78.27
2012-11-05,78.73,80.12,78.12,79.96,1246600,77.83
2012-11-02,81.29,81.86,79.32,79.43,1420600,77.31
2012-11-01,78.73,81.16,78.55,80.87,2810200,78.71
2012-10-31,77.67,79.35,77.54,78.66,1388500,76.56
2012-10-26,77.76,77.90,76.83,77.58,1241900,75.51
2012-10-25,77.21,78.20,77.05,77.58,1543900,75.51
2012-10-24,76.97,77.51,75.93,76.14,1069300,74.11
2012-10-23,76.70,77.03,75.80,76.74,2111600,74.69
2012-10-22,78.12,79.38,77.11,78.10,2296400,76.02
2012-10-19,78.07,80.15,76.76,78.50,6173800,76.40
2012-10-18,83.58,85.42,83.18,85.07,2507000,82.80
2012-10-17,82.00,84.50,81.89,84.11,2033900,81.87
2012-10-16,80.64,82.27,80.63,81.97,1611200,79.78
2012-10-15,79.50,80.79,78.74,80.67,1565300,78.52
2012-10-12,79.38,79.98,78.69,79.40,941100,77.28
2012-10-11,79.98,80.79,79.02,79.18,1081300,77.07
2012-10-10,80.77,80.78,78.30,79.24,2630200,77.13
2012-10-09,83.48,83.48,81.45,81.48,1203300,79.31
2012-10-08,83.25,83.77,82.85,83.25,898100,81.03
2012-10-05,84.10,84.98,83.71,84.41,723500,82.16
2012-10-04,84.00,84.25,83.25,83.27,1470200,81.05
2012-10-03,83.72,84.11,83.07,83.52,563400,81.29
2012-10-02,83.76,84.18,83.02,83.60,781900,81.37
2012-10-01,83.77,85.34,83.25,83.43,1157800,81.20
2012-09-28,83.17,84.15,82.17,83.58,1232300,81.35
2012-09-27,82.90,84.28,82.63,83.68,1277400,81.45
2012-09-26,83.10,83.43,81.84,82.26,1140200,80.06
2012-09-25,85.04,85.48,83.12,83.18,1673500,80.96
2012-09-24,85.00,85.96,84.82,85.59,874800,83.31
2012-09-21,86.04,86.37,85.28,85.50,812800,83.22
2012-09-20,85.20,85.63,84.34,85.55,1267900,83.27
2012-09-19,85.17,86.15,84.95,85.93,936100,83.64
2012-09-18,84.77,85.20,84.35,85.18,1058900,82.91
2012-09-17,85.96,86.13,84.60,84.92,1296100,82.65
2012-09-14,85.56,87.71,85.56,86.38,2078900,84.07
2012-09-13,83.98,85.95,83.22,85.62,1177400,83.33
2012-09-12,84.60,85.22,83.96,84.17,840800,81.92
2012-09-11,83.76,84.91,83.61,84.41,873100,82.16
2012-09-10,83.35,84.49,83.16,83.71,1175400,81.48
2012-09-07,82.69,85.26,82.52,83.69,1631200,81.46
2012-09-06,80.13,82.32,80.02,82.29,2222400,80.09
2012-09-05,80.18,80.30,79.25,79.43,1397600,77.31
2012-09-04,79.69,80.40,78.96,80.01,1243800,77.87
2012-08-31,80.12,80.47,79.12,79.98,697500,77.85
2012-08-30,79.59,80.01,78.64,79.29,1383600,77.17
2012-08-29,80.89,80.98,79.64,80.17,923500,78.03
2012-08-28,81.21,81.45,80.71,80.77,805200,78.61
2012-08-27,81.94,82.06,81.08,81.40,1016100,79.23
2012-08-24,81.44,81.94,80.53,81.58,1272300,79.40
2012-08-23,81.93,82.17,81.00,81.76,779300,79.18
2012-08-22,82.23,82.50,81.36,82.18,804000,79.59
2012-08-21,83.16,84.00,82.01,82.27,1038800,79.67
2012-08-20,83.45,83.61,82.05,82.82,868600,80.21
2012-08-17,83.43,83.89,83.16,83.83,965700,81.18
2012-08-16,82.00,83.46,81.80,83.14,1009300,80.52
2012-08-15,81.85,82.01,81.09,81.86,1574900,79.28
2012-08-14,83.57,83.57,81.98,82.30,870100,79.70
2012-08-13,83.12,83.41,82.25,82.94,880800,80.32
2012-08-10,81.76,83.75,81.64,83.47,1177700,80.83
2012-08-09,81.93,82.73,81.79,82.12,1490100,79.53
2012-08-08,81.72,82.24,81.32,81.83,1018100,79.25
2012-08-07,81.20,83.12,80.98,82.30,1466700,79.70
2012-08-06,80.50,80.99,79.70,80.56,1762100,78.02
2012-08-03,80.40,80.75,79.19,79.97,1764800,77.45
2012-08-02,79.50,80.49,76.16,78.85,3632900,76.36
2012-08-01,80.98,82.56,80.83,81.56,2247400,78.99
2012-07-31,80.46,81.50,80.18,80.32,1529700,77.78
2012-07-30,81.30,81.73,79.95,80.74,1458600,78.19
2012-07-27,76.93,81.75,76.93,81.40,1708300,78.83
2012-07-26,78.30,79.48,77.43,78.44,1185500,75.96
2012-07-25,76.79,77.87,75.75,76.61,1109500,74.19
2012-07-24,76.80,77.19,75.08,76.01,1316900,73.61
2012-07-23,73.16,78.63,72.52,76.76,2435300,74.34
2012-07-20,76.89,78.10,76.37,76.96,1187200,74.53
2012-07-19,76.41,78.79,76.16,77.83,2752700,75.37
2012-07-18,72.99,77.40,72.20,76.49,2926200,74.08
2012-07-17,73.30,74.17,72.37,73.88,1231600,71.55
2012-07-16,72.47,73.38,72.04,72.98,1783900,70.68
2012-07-13,72.33,74.03,72.28,73.90,1205900,71.57
2012-07-12,70.68,72.75,70.42,72.25,1594300,69.97
2012-07-11,73.76,73.76,71.55,71.84,1938000,69.57
2012-07-10,74.57,76.20,71.76,72.61,3264300,70.32
2012-07-09,75.35,76.05,74.31,74.60,2308200,72.24
2012-07-06,76.42,76.42,75.02,75.74,1375500,73.35
2012-07-05,76.80,78.08,76.14,77.50,1130600,75.05
2012-07-03,75.47,77.18,74.69,77.18,854100,74.74
2012-07-02,77.20,77.24,74.96,75.69,1399700,73.30
2012-06-29,74.51,77.08,74.51,76.88,1908000,74.45
2012-06-28,74.14,74.52,71.90,73.10,2525600,70.79
2012-06-27,74.12,75.06,73.85,74.88,1366400,72.52
2012-06-26,74.55,74.78,72.80,73.73,2596900,71.40
2012-06-25,75.31,75.67,73.76,74.39,1959800,72.04
2012-06-22,77.20,77.68,75.68,76.68,2750800,74.26
2012-06-21,79.93,80.31,77.00,77.09,1694500,74.66
2012-06-20,81.32,81.53,79.22,79.61,1699000,77.10
2012-06-19,79.60,81.97,79.60,81.41,1341300,78.84
2012-06-18,78.28,79.43,77.81,79.11,865300,76.61
2012-06-15,78.36,78.86,78.06,78.73,1614800,76.24
2012-06-14,78.87,79.60,77.78,78.46,1731900,75.98
2012-06-13,81.14,81.14,78.65,78.93,2738800,76.44
2012-06-12,80.80,82.10,80.60,81.79,1765200,79.21
2012-06-11,82.32,82.47,80.20,80.30,1650800,77.77
2012-06-08,80.22,81.67,79.87,81.27,948800,78.70
2012-06-07,80.58,82.97,80.56,80.79,1546100,78.24
2012-06-06,79.08,80.30,78.85,80.25,1461800,77.72
2012-06-05,77.38,78.59,76.75,78.36,1538900,75.89
2012-06-04,77.95,78.34,75.65,77.83,2830300,75.37
2012-06-01,80.14,80.18,77.64,77.87,3441100,75.41
2012-05-31,82.93,83.59,81.00,81.74,2607600,79.16
2012-05-30,85.20,85.28,84.25,84.49,1094400,81.82
2012-05-29,85.11,87.00,84.93,86.48,1542000,83.75
2012-05-25,84.33,84.89,83.66,84.36,1208700,81.70
2012-05-24,84.96,85.14,83.29,84.46,1488800,81.79
2012-05-23,82.85,84.99,81.83,84.80,1477300,82.12
2012-05-22,82.96,83.99,82.33,83.61,1549300,80.97
2012-05-21,81.12,83.18,81.12,82.76,1716500,80.15
2012-05-18,81.61,82.32,80.01,80.61,2206500,78.07
2012-05-17,83.27,83.39,80.37,81.20,2409400,78.64
2012-05-16,84.86,84.86,83.06,83.18,1729300,80.55
2012-05-15,84.91,85.32,83.91,84.23,1081300,81.57
2012-05-14,85.50,86.07,85.03,85.11,1882300,82.42
2012-05-11,85.76,87.99,85.47,86.85,1579500,84.11
2012-05-10,86.31,87.17,85.91,86.21,2053200,83.49
2012-05-09,84.19,87.71,83.90,85.54,2427100,82.84
2012-05-08,83.94,85.69,82.81,85.39,2938800,82.69
2012-05-07,84.71,86.08,84.46,84.71,1718600,81.64
2012-05-04,86.46,86.46,84.27,85.14,1401700,82.05
2012-05-03,88.21,88.52,86.35,86.76,1439100,83.61
2012-05-02,87.19,88.38,87.14,88.17,1449300,84.97
2012-05-01,87.33,88.72,86.03,87.58,1893000,84.40
2012-04-30,89.00,89.00,87.08,87.69,1269700,84.51
2012-04-27,87.77,89.21,87.62,88.99,1747100,85.76
2012-04-26,87.10,87.92,86.65,87.32,1280400,84.15
2012-04-25,87.39,89.45,86.13,87.08,2874000,83.92
2012-04-24,83.54,88.25,82.92,87.96,5323800,84.77
2012-04-23,81.17,81.82,80.44,80.94,1875700,78.01
2012-04-20,81.91,83.12,81.54,82.79,1065600,79.79
2012-04-19,82.61,82.78,80.95,81.58,938400,78.62
2012-04-18,82.53,83.16,82.25,82.70,910200,79.70
2012-04-17,82.49,83.97,82.19,83.26,935500,80.24
2012-04-16,82.50,83.15,81.68,81.96,808500,78.99
2012-04-13,83.24,83.57,81.96,82.03,1007300,79.06
2012-04-12,82.17,84.08,82.17,83.69,1303100,80.66
2012-04-11,82.55,83.07,81.23,82.01,1255900,79.04
2012-04-10,82.24,82.59,80.99,81.44,1513700,78.49
2012-04-09,81.90,82.87,81.53,82.60,1008100,79.61
2012-04-05,83.19,83.85,82.96,83.10,875900,80.09
2012-04-04,84.06,84.67,83.33,83.47,1487000,80.44
2012-04-03,85.67,86.10,84.68,85.29,1117300,82.20
2012-04-02,84.52,86.34,83.84,86.03,1011400,82.91
2012-03-30,84.99,85.43,83.80,84.55,987500,81.48
2012-03-29,83.80,84.76,83.72,84.59,1130100,81.52
2012-03-28,85.90,86.03,83.75,84.43,1269100,81.37
2012-03-27,86.97,87.31,85.96,85.99,1097400,82.87
2012-03-26,86.30,87.31,86.08,86.97,1232900,83.82
2012-03-23,85.08,85.95,84.04,85.63,1037100,82.53
2012-03-22,86.23,86.33,83.70,84.89,1879800,81.81
2012-03-21,87.83,88.27,87.19,87.34,667800,84.17
2012-03-20,88.82,89.01,87.35,87.90,966300,84.71
2012-03-19,90.00,90.18,88.68,89.58,1001600,86.33
2012-03-16,90.97,91.00,90.09,90.15,870400,86.88
2012-03-15,89.33,90.88,88.91,90.75,924800,87.46
2012-03-14,89.52,90.11,88.96,89.24,835300,86.00
2012-03-13,89.59,89.94,88.79,89.70,1296800,86.45
2012-03-12,88.20,89.21,87.97,89.13,1553900,85.90
2012-03-09,87.94,89.20,87.47,88.22,637500,85.02
2012-03-08,87.23,87.97,86.57,87.85,978200,84.66
2012-03-07,85.88,86.67,85.58,86.19,1107800,83.07
2012-03-06,86.90,86.92,85.30,85.54,1912600,82.44
2012-03-05,88.47,88.77,87.38,88.15,1007400,84.95
2012-03-02,89.34,89.66,88.42,88.54,831000,85.33
2012-03-01,90.07,90.68,88.36,89.34,1471000,86.10
2012-02-29,90.54,91.47,89.74,89.81,1379800,86.55
2012-02-28,90.30,90.69,89.39,90.24,1331600,86.97
2012-02-27,88.67,90.68,88.62,90.24,1008900,86.97
2012-02-24,90.59,91.00,89.51,89.63,854900,86.38
2012-02-23,89.68,90.65,89.28,90.42,1425000,87.14
2012-02-22,89.83,90.44,89.21,90.00,1210900,86.74
2012-02-21,88.64,91.00,88.64,90.00,2193600,86.74
2012-02-17,89.89,89.92,88.53,88.57,1311100,85.36
2012-02-16,87.58,89.55,87.57,89.26,1357700,86.02
2012-02-15,89.35,89.41,87.22,87.60,1896200,84.42
2012-02-14,89.42,89.69,88.28,88.98,1511100,85.75
2012-02-13,88.52,90.37,88.01,90.25,1921200,86.98
2012-02-10,87.07,87.59,86.28,87.51,1121200,84.34
2012-02-09,88.14,88.53,87.63,88.18,1150300,84.98
2012-02-08,87.70,88.27,87.32,88.16,2179200,84.96
2012-02-07,86.26,88.37,86.05,87.75,2194700,84.19
2012-02-06,85.15,87.42,85.15,86.68,1678800,83.17
2012-02-03,83.62,85.80,83.62,85.72,1821000,82.24
2012-02-02,82.62,82.97,81.80,82.51,1108000,79.17
2012-02-01,82.26,82.98,81.32,82.61,1318000,79.26
2012-01-31,81.92,82.12,79.88,80.68,2045000,77.41
2012-01-30,80.71,81.72,80.51,81.46,961400,78.16
2012-01-27,81.14,81.82,80.86,81.50,1032200,78.20
2012-01-26,82.39,82.71,81.00,81.50,1484500,78.20
2012-01-25,81.17,82.68,80.33,82.37,1434400,79.03
2012-01-24,81.08,81.90,80.87,81.27,1532400,77.98
2012-01-23,81.25,82.00,80.31,81.70,1899500,78.39
2012-01-20,81.19,82.00,80.49,81.52,4973600,78.22
2012-01-19,85.49,86.60,84.50,84.97,2856600,81.53
2012-01-18,83.25,85.11,82.59,85.06,1389000,81.61
2012-01-17,83.48,84.60,82.94,83.47,1647100,80.09
2012-01-13,82.12,82.79,81.33,82.44,803200,79.10
2012-01-12,82.04,83.20,81.36,83.08,1034100,79.71
2012-01-11,80.50,81.95,80.41,81.72,1033800,78.41
2012-01-10,80.08,81.33,79.82,81.22,1553400,77.93
2012-01-09,77.93,79.03,77.18,78.82,1467800,75.62
2012-01-06,79.23,79.41,76.92,77.64,3096500,74.49
2012-01-05,77.66,79.25,76.98,78.94,2157500,75.74
2012-01-04,78.79,79.24,78.37,78.50,1715300,75.32
2012-01-03,78.31,79.76,78.17,78.83,1767300,75.63
2011-12-30,76.85,77.10,76.23,76.25,841100,73.16
2011-12-29,76.02,77.32,75.93,76.79,683700,73.68
2011-12-28,77.85,78.10,75.90,76.03,916600,72.95
2011-12-27,77.01,78.55,76.92,77.93,733600,74.77
2011-12-23,76.75,77.47,76.35,77.42,614600,74.28
2011-12-22,76.37,76.76,75.57,76.15,1140800,73.06
2011-12-21,76.10,76.20,74.80,76.02,994400,72.94
2011-12-20,75.27,76.74,75.25,76.45,1160700,73.35
2011-12-19,75.53,75.99,73.62,73.87,810900,70.88
2011-12-16,76.53,77.90,74.79,75.02,2400300,71.98
2011-12-15,77.03,77.18,75.43,75.68,1209800,72.61
2011-12-14,77.75,77.76,75.76,75.95,1501900,72.87
2011-12-13,80.22,81.00,77.70,78.33,1189600,75.15
2011-12-12,80.24,80.24,78.37,79.68,1172500,76.45
2011-12-09,79.95,81.43,79.65,81.02,1406300,77.74
2011-12-08,81.07,81.76,79.25,79.52,2633100,76.30
2011-12-07,83.22,83.84,81.38,81.90,2903700,78.58
2011-12-06,82.54,84.59,82.35,83.87,1601800,80.47
2011-12-05,83.88,84.62,82.10,82.83,1660800,79.47
2011-12-02,84.35,84.61,81.80,82.11,1932100,78.78
2011-12-01,82.78,84.07,82.45,83.02,1455900,79.65
2011-11-30,80.91,82.85,80.90,82.78,2320300,79.42
2011-11-29,79.96,80.62,78.16,78.26,2570500,75.09
2011-11-28,77.41,79.93,77.41,79.36,1982300,76.14
2011-11-25,75.79,76.48,74.96,74.98,497800,71.94
2011-11-23,77.43,77.43,75.60,75.87,1365000,72.79
2011-11-22,78.57,79.69,77.29,78.03,1791400,74.87
2011-11-21,79.77,79.90,78.05,78.91,1531500,75.71
2011-11-18,81.81,82.26,80.80,81.09,1320100,77.80
2011-11-17,83.14,83.16,80.35,80.86,1558200,77.58
2011-11-16,84.38,85.34,83.04,83.18,1504800,79.81
2011-11-15,83.73,85.84,83.12,85.33,1702900,81.87
2011-11-14,83.57,84.90,83.35,84.20,1709700,80.79
2011-11-11,83.51,84.93,83.16,84.22,1148400,80.81
2011-11-10,81.34,83.13,80.96,82.38,2454900,79.04
2011-11-09,81.51,81.90,79.54,80.20,2376700,76.95
2011-11-08,83.53,84.30,81.30,83.74,2172400,80.35
2011-11-07,84.22,84.70,81.35,82.96,2147000,79.24
2011-11-04,83.33,84.84,82.33,84.55,2509600,80.76
2011-11-03,82.24,84.63,81.07,84.43,2194900,80.65
2011-11-02,81.13,81.25,79.52,80.91,1673300,77.28
2011-11-01,78.48,80.35,75.68,78.50,2785400,74.98
2011-10-31,82.06,82.87,80.20,81.55,3420900,77.90
2011-10-28,84.20,84.49,82.41,83.89,1912300,80.13
2011-10-27,81.15,85.20,80.00,84.14,3889000,80.37
2011-10-26,79.16,79.16,77.28,78.43,2575300,74.91
2011-10-25,79.22,79.22,76.83,77.55,2057000,74.07
2011-10-24,77.85,80.37,77.85,79.87,2225400,76.29
2011-10-21,78.29,78.70,77.02,77.85,2378400,74.36
2011-10-20,76.67,77.50,75.21,77.06,2395500,73.61
2011-10-19,77.28,79.50,75.88,76.27,3380700,72.85
2011-10-18,75.87,78.17,72.58,77.15,5080200,73.69
2011-10-17,74.99,74.99,71.67,72.71,3631200,69.45
2011-10-14,73.33,73.95,71.92,73.61,1931700,70.31
2011-10-13,72.07,72.57,70.91,72.28,1285900,69.04
2011-10-12,72.62,73.75,72.25,72.85,1698000,69.58
2011-10-11,69.75,72.18,69.47,71.39,2124400,68.19
2011-10-10,67.53,70.24,67.51,70.20,2032700,67.05
2011-10-07,66.63,67.00,64.85,66.01,1992800,63.05
2011-10-06,64.72,67.48,64.23,66.21,2470800,63.24
2011-10-05,63.21,65.21,62.57,64.99,1699500,62.08
2011-10-04,59.35,63.14,59.26,62.99,1900000,60.17
2011-10-03,62.67,64.13,60.65,60.81,2440400,58.08
2011-09-30,63.93,64.75,62.18,63.13,3027300,60.30
2011-09-29,66.30,67.69,63.94,65.37,2141500,62.44
2011-09-28,65.62,66.29,64.20,64.29,2679500,61.41
2011-09-27,64.75,67.07,64.67,65.27,2050700,62.34
2011-09-26,62.75,63.62,60.36,63.50,2162000,60.65
2011-09-23,61.32,63.70,61.15,62.32,1836500,59.53
2011-09-22,62.27,62.75,60.81,61.91,2395600,59.14
2011-09-21,67.59,67.79,64.59,64.61,1559600,61.71
2011-09-20,69.84,69.97,67.31,67.38,1565700,64.36
2011-09-19,68.60,69.88,67.34,69.46,1397800,66.35
2011-09-16,70.95,71.77,69.55,70.07,2532100,66.93
2011-09-15,70.30,70.76,69.25,70.59,1971500,67.43
2011-09-14,68.04,70.36,67.15,69.35,2602700,66.24
2011-09-13,66.19,68.23,66.01,67.69,1966200,64.66
2011-09-12,65.48,66.22,64.29,66.08,2817400,63.12
2011-09-09,68.34,68.97,65.63,66.38,3606200,63.40
2011-09-08,69.55,70.74,69.32,69.69,2915200,66.57
2011-09-07,69.57,70.53,68.82,70.30,2012300,67.15
2011-09-06,67.79,68.27,66.21,68.07,3013500,65.02
2011-09-02,70.79,70.90,69.01,69.41,2059700,66.30
2011-09-01,73.35,74.17,72.17,72.29,2396900,69.05
2011-08-31,72.04,74.87,72.03,73.43,3337000,70.14
2011-08-30,70.41,71.88,70.06,71.41,2288900,68.21
2011-08-29,69.38,70.89,69.00,70.79,1694700,67.62
2011-08-26,65.00,67.91,64.15,67.70,1333200,64.67
2011-08-25,67.68,68.56,65.53,65.79,1571200,62.84
2011-08-24,65.67,67.95,65.17,67.85,2795600,64.46
2011-08-23,63.96,65.68,63.19,65.67,3055900,62.38
2011-08-22,65.73,65.93,63.34,63.60,2251500,60.42
2011-08-19,64.31,66.64,63.92,64.03,2761100,60.83
2011-08-18,66.66,67.05,64.98,65.64,3351500,62.36
2011-08-17,70.44,71.07,68.87,69.10,3192900,65.64
2011-08-16,70.21,70.73,69.69,69.97,2736200,66.47
2011-08-15,70.31,71.21,70.18,71.09,3494800,67.53
2011-08-12,67.22,69.82,67.07,69.58,4135300,66.10
2011-08-11,63.40,67.76,63.14,66.71,5009600,63.37
2011-08-10,64.12,65.69,62.80,63.02,4364400,59.87
2011-08-09,63.32,67.11,62.03,66.90,5348500,63.55
2011-08-08,65.88,66.98,62.07,62.17,4557700,59.06
2011-08-05,69.16,69.49,65.40,67.60,3874300,64.22
2011-08-04,70.45,70.77,67.65,67.85,4100800,64.46
2011-08-03,69.90,72.47,69.03,72.19,4465600,68.58
2011-08-02,74.01,74.73,70.70,70.88,7193500,67.33
2011-08-01,80.50,80.64,76.21,77.46,3116600,73.58
2011-07-29,77.50,79.77,77.24,79.02,2527000,75.07
2011-07-28,80.05,80.51,78.33,78.56,2107600,74.63
2011-07-27,83.92,84.01,79.72,79.93,3856600,75.93
2011-07-26,87.89,87.91,84.39,84.71,2111600,80.47
2011-07-25,86.39,88.72,86.39,87.84,1209100,83.45
2011-07-22,88.36,88.36,86.63,87.45,1222700,83.08
2011-07-21,87.88,89.23,86.69,88.49,1194200,84.06
2011-07-20,87.94,87.94,86.50,87.24,883200,82.88
2011-07-19,86.64,87.85,86.31,87.52,1177300,83.14
2011-07-18,87.19,87.24,85.40,85.90,1003700,81.60
2011-07-15,85.60,87.61,85.50,87.46,2318500,83.08
2011-07-14,86.56,87.29,84.85,85.01,1130200,80.76
2011-07-13,86.82,87.72,86.36,86.56,1417600,82.23
2011-07-12,86.55,87.31,86.09,86.19,1140700,81.88
2011-07-11,87.83,88.09,86.08,86.99,1438300,82.64
2011-07-08,88.67,89.37,88.37,89.27,996900,84.80
2011-07-07,91.32,91.34,90.01,90.12,1678100,85.61
2011-07-06,90.21,90.66,89.77,90.25,1377600,85.74
2011-07-05,91.68,91.80,90.39,90.66,1166500,86.12
2011-07-01,89.75,92.01,89.41,91.58,1988600,87.00
2011-06-30,87.37,90.59,87.07,89.74,2442400,85.25
2011-06-29,87.19,88.02,86.55,86.92,1462100,82.57
2011-06-28,85.81,87.49,85.42,86.89,1355800,82.54
2011-06-27,84.34,86.24,83.65,85.73,1067500,81.44
2011-06-24,86.04,86.48,84.92,85.04,1229200,80.79
2011-06-23,85.38,86.16,84.42,86.06,2095400,81.75
2011-06-22,86.09,87.77,85.80,86.54,1771000,82.21
2011-06-21,85.56,86.28,85.24,86.13,4576500,81.82
2011-06-20,85.09,85.55,84.50,85.29,2159700,81.02
2011-06-17,86.84,87.18,85.02,85.32,2020500,81.05
2011-06-16,87.21,87.21,85.00,86.15,1891100,81.84
2011-06-15,87.68,87.91,85.98,86.43,1765700,82.11
2011-06-14,87.67,89.10,87.54,88.77,1339800,84.33
2011-06-13,86.00,87.24,85.72,86.53,1906600,82.20
2011-06-10,87.26,87.27,85.61,85.83,1684000,81.54
2011-06-09,86.95,88.32,86.64,87.80,1526100,83.41
2011-06-08,86.68,87.06,86.10,86.58,1530600,82.25
2011-06-07,87.42,88.15,86.82,86.85,1788000,82.51
2011-06-06,85.79,87.48,85.69,87.16,2775500,82.80
2011-06-03,85.56,87.42,85.20,86.29,1737600,81.97
2011-06-02,85.77,87.98,85.68,86.90,2310100,82.55
2011-06-01,88.27,88.77,85.42,85.63,2745300,81.35
2011-05-31,90.14,90.60,87.92,88.85,2234400,84.41
2011-05-27,88.50,89.93,88.34,89.38,1373200,84.91
2011-05-26,87.16,88.23,86.98,88.01,1432200,83.61
2011-05-25,85.29,88.48,85.00,87.73,2558800,83.34
2011-05-24,85.44,86.39,84.95,85.80,2081500,81.51
2011-05-23,85.14,85.21,83.83,84.92,1950800,80.67
2011-05-20,87.61,87.87,86.32,86.44,2105700,82.12
2011-05-19,87.52,88.32,87.16,87.80,1229200,83.41
2011-05-18,85.39,87.30,85.38,87.05,1742200,82.70
2011-05-17,86.93,87.36,84.95,85.25,2230900,80.99
2011-05-16,86.84,88.26,86.41,87.70,2318900,83.31
2011-05-13,88.48,88.77,86.86,87.50,1084300,83.12
2011-05-12,87.61,88.76,86.34,88.53,2356500,84.10
2011-05-11,89.88,89.94,87.29,87.70,2218200,83.31
2011-05-10,89.53,90.34,89.03,90.27,1811200,85.75
2011-05-09,88.65,90.18,88.23,89.05,1810400,84.60
2011-05-06,89.96,90.38,88.26,88.90,2388200,84.45
2011-05-05,89.46,90.68,88.60,89.12,2905900,84.31
2011-05-04,92.08,92.53,89.83,89.98,2516800,85.12
2011-05-03,95.02,95.25,92.23,92.32,2144500,87.34
2011-05-02,94.79,95.24,93.01,93.32,1620200,88.28
2011-04-29,94.47,95.25,94.24,94.32,1660100,89.23
2011-04-28,94.58,94.67,92.96,94.11,2186100,89.03
2011-04-27,96.71,96.71,92.15,93.48,4719900,88.43
2011-04-26,95.98,99.40,95.79,98.49,2100000,93.17
2011-04-25,97.00,97.00,95.23,95.32,812300,90.18
2011-04-21,96.43,96.73,95.89,96.56,617400,91.35
2011-04-20,95.23,96.05,94.54,95.90,1128000,90.72
2011-04-19,92.26,94.11,92.26,93.87,1286800,88.80
2011-04-18,92.06,92.31,91.10,92.02,998800,87.05
2011-04-15,94.09,94.19,93.27,93.59,1086100,88.54
2011-04-14,92.86,94.07,92.18,93.91,882300,88.84
2011-04-13,93.62,94.63,92.50,93.58,1387200,88.53
2011-04-12,94.57,95.15,92.87,93.37,1556600,88.33
2011-04-11,95.37,96.15,94.82,95.24,920000,90.10
2011-04-08,97.38,97.81,94.86,95.31,1141500,90.17
2011-04-07,96.26,97.30,95.47,96.93,1763900,91.70
2011-04-06,96.88,97.30,95.58,95.98,1108100,90.80
2011-04-05,96.25,97.09,95.47,96.20,1267700,91.01
2011-04-04,96.44,96.44,95.21,96.20,1041800,91.01
2011-04-01,95.53,95.94,94.91,95.91,1307500,90.73
2011-03-31,94.46,95.00,94.34,94.68,1020800,89.57
2011-03-30,94.74,94.99,94.39,94.65,1141600,89.54
2011-03-29,93.09,94.49,92.61,94.32,1276700,89.23
2011-03-28,93.04,93.87,92.81,93.37,1541700,88.33
2011-03-25,93.11,93.66,92.74,92.96,1498200,87.94
2011-03-24,92.59,93.05,91.91,92.94,1812700,87.92
2011-03-23,90.30,92.55,89.41,92.15,1766600,87.18
2011-03-22,90.35,90.60,89.41,90.48,1467400,85.60
2011-03-21,90.09,90.72,89.69,90.23,1319100,85.36
2011-03-18,88.95,89.95,88.46,88.71,2160200,83.92
2011-03-17,88.20,88.54,86.79,88.07,1817800,83.32
2011-03-16,85.91,87.61,85.17,85.92,2739700,81.28
2011-03-15,83.66,86.46,83.11,85.71,1717300,81.08
2011-03-14,85.00,86.70,84.74,86.01,2138300,81.37
2011-03-11,84.20,85.58,83.61,85.39,1694800,80.78
2011-03-10,83.72,84.97,82.80,84.22,2544200,79.67
2011-03-09,85.77,86.22,84.74,85.30,1995900,80.70
2011-03-08,85.37,87.09,84.58,85.99,2097300,81.35
2011-03-07,87.56,87.60,84.93,85.21,2758900,80.61
2011-03-04,89.70,89.70,86.76,87.33,1571000,82.62
2011-03-03,87.78,89.75,87.60,89.55,1740100,84.72
2011-03-02,86.58,87.41,85.56,86.63,2205900,81.95
2011-03-01,89.64,89.70,86.28,86.78,1922100,82.10
2011-02-28,89.17,89.75,88.72,89.18,1504400,84.37
2011-02-25,88.29,89.46,88.29,88.55,1787300,83.77
2011-02-24,87.08,88.17,85.93,87.64,1557000,82.91
2011-02-23,88.60,88.96,86.41,87.23,1594500,82.52
2011-02-22,91.30,91.31,89.00,89.10,1165000,84.29
2011-02-18,92.13,92.29,91.33,91.88,961700,86.92
2011-02-17,91.37,91.99,90.58,91.65,729000,86.70
2011-02-16,91.86,92.62,90.68,91.21,936200,86.29
2011-02-15,92.10,92.34,90.89,91.40,873800,86.47
2011-02-14,93.17,93.38,92.36,92.40,1093100,87.41
2011-02-11,91.38,93.60,91.24,93.56,801300,88.51
2011-02-10,91.04,91.86,90.46,91.82,797200,86.86
2011-02-09,91.84,92.00,90.79,91.37,912700,86.44
2011-02-08,91.66,92.51,91.22,92.40,845800,87.41
2011-02-07,91.10,92.26,90.85,91.71,876100,86.46
2011-02-04,90.44,91.01,89.90,91.01,897400,85.80
2011-02-03,89.90,90.14,88.56,90.09,1000700,84.93
2011-02-02,89.60,90.66,89.59,89.93,959700,84.78
2011-02-01,90.37,90.67,88.30,90.45,1464600,85.27
2011-01-31,87.60,90.68,87.25,89.41,1696200,84.29
2011-01-28,88.33,90.12,86.62,87.19,1352800,82.20
2011-01-27,88.41,88.99,87.22,88.65,1124100,83.57
2011-01-26,86.98,88.89,86.74,88.19,1592700,83.14
2011-01-25,86.38,87.14,85.40,86.49,1194600,81.54
2011-01-24,86.03,87.07,85.76,87.07,1353100,82.08
2011-01-21,86.47,88.09,85.81,86.00,2587000,81.07
2011-01-20,87.84,89.26,85.23,85.51,4107900,80.61
2011-01-19,91.60,93.15,90.19,91.08,3335200,85.86
2011-01-18,89.59,91.93,89.32,91.91,1583700,86.65
2011-01-14,88.88,90.00,88.88,89.65,1310100,84.52
2011-01-13,89.24,89.44,88.19,89.23,1854200,84.12
2011-01-12,88.52,88.95,88.19,88.66,856600,83.58
2011-01-11,87.89,88.30,87.46,87.79,1025900,82.76
2011-01-10,87.45,87.45,85.91,87.25,1998800,82.25
2011-01-07,85.97,87.40,85.84,86.05,1175300,81.12
2011-01-06,87.50,87.73,85.71,85.91,1270400,80.99
2011-01-05,86.86,88.29,86.43,87.60,1346800,82.58
2011-01-04,87.50,87.57,85.78,87.47,1742800,82.46
2011-01-03,86.76,87.94,86.76,87.53,1458800,82.52
2010-12-31,85.90,86.68,85.76,86.30,563300,81.36
2010-12-30,85.95,86.44,85.73,85.98,618500,81.06
2010-12-29,86.24,86.80,86.02,86.15,622600,81.22
2010-12-28,85.87,86.08,85.24,85.87,583400,80.95
2010-12-27,85.07,85.98,84.85,85.81,540300,80.90
2010-12-23,85.61,86.18,85.03,85.30,588300,80.41
2010-12-22,85.91,86.30,85.41,85.60,594100,80.70
2010-12-21,85.31,86.25,84.79,85.99,970200,81.07
2010-12-20,85.03,85.42,84.48,84.97,1050300,80.10
2010-12-17,85.09,85.48,84.81,84.82,1712500,79.96
2010-12-16,85.46,85.85,84.92,85.35,986700,80.46
2010-12-15,86.02,86.93,85.27,85.32,773100,80.43
2010-12-14,86.38,86.71,85.75,86.10,829000,81.17
2010-12-13,86.66,87.36,85.95,86.39,1399100,81.44
2010-12-10,85.17,86.35,85.12,86.14,872600,81.21
2010-12-09,85.58,85.77,84.72,85.04,616000,80.17
2010-12-08,85.33,85.73,84.76,85.09,903200,80.22
2010-12-07,84.81,85.92,84.81,84.99,1188500,80.12
2010-12-06,83.78,84.93,83.69,84.70,657000,79.85
2010-12-03,83.52,84.40,83.51,84.22,714700,79.40
2010-12-02,83.16,84.52,82.84,83.99,1472400,79.18
2010-12-01,81.80,83.37,81.80,83.19,1397800,78.43
2010-11-30,79.47,80.60,79.02,80.23,1618300,75.64
2010-11-29,81.00,81.02,79.42,80.50,1084200,75.89
2010-11-26,81.46,82.20,81.16,81.46,526100,76.79
2010-11-24,80.45,82.30,80.45,82.29,1064600,77.58
2010-11-23,80.30,80.41,79.00,79.93,909200,75.35
2010-11-22,80.50,81.60,80.05,81.37,628400,76.71
2010-11-19,80.07,81.28,79.61,81.18,1280400,76.53
2010-11-18,79.00,80.64,78.91,79.83,883900,75.26
2010-11-17,76.27,78.84,76.27,78.05,1050400,73.58
2010-11-16,79.68,79.83,77.49,78.46,1427900,73.97
2010-11-15,80.08,81.27,79.20,80.40,1428600,75.80
2010-11-12,80.54,80.60,78.80,79.39,1151000,74.84
2010-11-11,79.84,81.31,79.66,81.31,1385500,76.65
2010-11-10,79.93,80.63,79.25,80.46,957200,75.85
2010-11-09,80.96,80.96,79.45,79.83,916100,75.26
2010-11-08,81.04,81.21,80.28,80.82,778200,76.19
2010-11-05,79.98,81.81,79.93,81.68,1371100,76.73
2010-11-04,79.39,80.49,79.03,80.38,1414200,75.51
2010-11-03,78.78,79.18,76.63,77.86,1314600,73.14
2010-11-02,78.06,78.83,77.70,78.51,1680500,73.75
2010-11-01,77.31,78.47,76.74,77.30,1896400,72.61
2010-10-29,75.59,77.16,75.40,76.55,1301800,71.91
2010-10-28,76.49,77.11,75.27,75.87,1023300,71.27
2010-10-27,75.76,76.08,74.91,75.98,1570400,71.37
2010-10-26,76.51,76.88,74.79,76.50,1648900,71.86
2010-10-25,76.87,77.95,76.84,77.19,1717300,72.51
2010-10-22,76.16,76.39,75.55,76.31,1571500,71.68
2010-10-21,76.05,77.25,74.77,75.95,1906600,71.35
2010-10-20,75.56,76.41,75.02,75.49,2616200,70.91
2010-10-19,78.26,78.71,74.23,75.08,5879600,70.53
2010-10-18,71.21,72.64,71.11,72.42,1942400,68.03
2010-10-15,72.02,72.02,70.45,71.03,1252200,66.72
2010-10-14,71.46,71.76,70.75,71.17,979800,66.86
2010-10-13,71.14,72.41,70.88,71.79,1204700,67.44
2010-10-12,70.89,70.92,69.36,70.53,1578900,66.25
2010-10-11,70.65,71.40,69.91,70.94,777500,66.64
2010-10-08,70.73,71.50,69.96,71.18,887900,66.87
2010-10-07,70.57,70.88,69.96,70.71,1333500,66.42
2010-10-06,70.72,71.27,69.64,70.19,1595800,65.94
2010-10-05,69.23,71.65,69.03,71.02,1771400,66.71
2010-10-04,69.98,70.37,67.52,68.28,2231100,64.14
2010-10-01,70.56,70.91,69.33,70.41,1518100,66.14
2010-09-30,70.80,72.12,69.79,70.06,1518600,65.81
2010-09-29,69.64,71.13,69.53,70.45,2499000,66.18
2010-09-28,69.63,70.34,68.57,70.11,871900,65.86
2010-09-27,69.68,69.94,69.30,69.42,824800,65.21
2010-09-24,69.06,70.21,68.83,69.88,1202000,65.64
2010-09-23,68.57,68.70,67.55,67.76,1446400,63.65
2010-09-22,69.46,70.10,69.04,69.38,1723200,65.17
2010-09-21,69.55,70.30,69.24,69.46,1574200,65.25
2010-09-20,68.77,70.00,68.23,69.84,1054300,65.61
2010-09-17,67.76,68.83,67.09,68.53,1644100,64.38
2010-09-16,66.98,67.35,66.70,67.22,951100,63.15
2010-09-15,66.64,67.34,66.21,67.21,979000,63.14
2010-09-14,67.64,67.69,66.97,66.98,1328300,62.92
2010-09-13,66.10,67.89,65.96,67.75,2122500,63.64
2010-09-10,65.30,65.80,64.95,65.05,1168200,61.11
2010-09-09,66.03,66.03,64.62,64.96,769600,61.02
2010-09-08,64.32,65.59,64.25,65.04,979900,61.10
2010-09-07,64.29,64.70,64.01,64.15,1001000,60.26
2010-09-03,64.84,65.48,64.01,64.97,1352700,61.03
2010-09-02,62.53,63.78,62.30,63.70,2028600,59.84
2010-09-01,60.19,62.31,60.19,62.20,1813700,58.43
2010-08-31,58.90,59.85,58.72,59.16,1718400,55.57
2010-08-30,60.59,60.93,59.34,59.36,950100,55.76
2010-08-27,60.52,60.93,59.29,60.69,1879200,57.01
2010-08-26,59.97,60.62,59.46,59.85,2978200,56.22
2010-08-25,59.56,60.18,58.71,59.66,2909400,56.04
2010-08-24,60.84,61.15,60.26,60.30,2633100,56.64
2010-08-23,63.69,64.41,61.91,61.98,1835100,58.22
2010-08-20,63.23,63.85,62.61,63.23,1955100,59.40
2010-08-19,64.75,64.90,63.41,63.80,3335500,59.93
2010-08-18,65.42,66.25,64.91,65.87,1850800,61.62
2010-08-17,63.95,65.99,63.93,65.51,2161000,61.29
2010-08-16,62.99,63.47,62.06,63.40,1820700,59.31
2010-08-13,62.67,63.81,62.48,63.52,1906900,59.42
2010-08-12,61.10,62.92,61.06,62.83,2016300,58.78
2010-08-11,62.75,63.81,62.10,62.35,1873100,58.33
2010-08-10,64.00,65.14,63.84,65.04,1795700,60.85
2010-08-09,65.83,65.92,64.67,65.31,1930200,61.10
2010-08-06,64.36,65.67,64.36,65.48,1789800,61.26
2010-08-05,63.98,65.49,63.79,65.39,1606300,61.17
2010-08-04,63.67,64.89,63.02,64.44,1626600,60.29
2010-08-03,64.14,64.68,62.32,64.18,3248900,60.04
2010-08-02,63.36,64.31,62.68,63.85,2127500,59.73
2010-07-30,61.10,62.39,60.20,62.12,1931500,58.12
2010-07-29,62.39,63.29,60.91,61.56,1717500,57.59
2010-07-28,60.98,61.99,60.95,61.81,2410900,57.83
2010-07-27,62.92,62.93,60.74,61.09,2112100,57.15
2010-07-26,62.13,62.66,61.56,62.36,2132800,58.34
2010-07-23,60.33,62.21,60.12,62.19,1786100,58.18
2010-07-22,59.35,60.71,59.21,60.60,2012200,56.69
2010-07-21,58.66,59.80,57.84,58.29,2271000,54.53
2010-07-20,55.78,58.09,55.63,57.97,1692600,54.23
2010-07-19,56.52,56.98,56.09,56.88,1417400,53.21
2010-07-16,57.61,57.73,56.11,56.26,1650600,52.63
2010-07-15,57.45,58.18,57.05,58.08,2172700,54.34
2010-07-14,57.91,57.94,56.95,57.40,2234700,53.70
2010-07-13,57.36,58.63,57.12,58.27,2530500,54.51
2010-07-12,56.97,57.22,56.10,56.44,1536100,52.80
2010-07-09,57.34,57.61,56.75,57.32,2469100,53.62
2010-07-08,57.40,57.64,56.29,57.27,2260300,53.58
2010-07-07,55.14,56.96,54.89,56.87,3077000,53.20
2010-07-06,55.79,56.42,54.40,54.80,1894100,51.27
2010-07-02,55.44,55.78,54.60,55.02,1495900,51.47
2010-07-01,55.70,55.93,54.26,55.23,1725700,51.67
2010-06-30,55.92,56.98,55.34,55.46,2290600,51.88
2010-06-29,56.84,56.93,55.18,56.16,3138400,52.54
2010-06-28,58.31,58.88,57.57,57.99,1909500,54.25
2010-06-25,56.50,58.26,56.22,58.21,3453600,54.46
2010-06-24,58.30,58.62,56.60,56.64,2328800,52.99
2010-06-23,58.61,59.37,57.63,58.64,1495200,54.86
2010-06-22,60.98,61.21,58.43,58.53,3064600,54.76
2010-06-21,61.86,62.18,60.65,61.03,2246700,57.10
2010-06-18,61.66,61.84,60.67,60.86,2057800,56.94
2010-06-17,62.20,62.52,60.68,61.50,1669400,57.54
2010-06-16,62.88,63.20,61.31,61.74,2264000,57.76
2010-06-15,61.82,63.55,61.54,63.47,1527600,59.38
2010-06-14,61.99,62.54,60.69,60.89,1392800,56.96
2010-06-11,60.07,61.38,59.83,61.06,1410300,57.12
2010-06-10,59.63,60.97,59.63,60.85,1422600,56.93
2010-06-09,58.94,60.28,58.20,58.42,1995900,54.65
2010-06-08,57.51,58.23,56.68,58.12,2632100,54.37
2010-06-07,59.04,59.04,56.96,57.08,2388500,53.40
2010-06-04,60.04,60.66,58.08,58.52,2115100,54.75
2010-06-03,62.14,62.36,61.41,61.98,1302400,57.98
2010-06-02,59.74,61.68,59.74,61.68,1940100,57.70
2010-06-01,60.66,62.12,59.48,59.50,1919100,55.66
2010-05-28,62.86,62.86,60.92,61.46,1595300,57.50
2010-05-27,61.75,62.73,60.96,62.73,1449300,58.69
2010-05-26,60.53,61.74,60.03,60.27,2096400,56.38
2010-05-25,58.01,60.00,57.32,59.85,2587800,55.99
2010-05-24,60.45,60.92,59.37,59.56,3288900,55.72
2010-05-21,58.24,60.58,58.24,60.57,3661700,56.67
2010-05-20,61.86,62.18,59.42,59.70,4172900,55.85
2010-05-19,64.70,65.18,62.40,63.63,1916200,59.53
2010-05-18,66.82,67.13,64.69,64.95,1428000,60.76
2010-05-17,66.54,67.46,64.50,66.27,2535500,61.75
2010-05-14,68.04,68.04,65.81,66.46,2005100,61.93
2010-05-13,68.71,69.69,68.02,68.18,1316500,63.53
2010-05-12,67.45,69.46,67.45,69.06,1408600,64.35
2010-05-11,66.89,68.02,66.48,67.05,2282300,62.48
2010-05-10,65.76,68.02,64.62,67.69,3250800,63.08
2010-05-07,64.39,64.83,61.91,62.25,3506600,58.01
2010-05-06,66.79,67.56,59.47,64.50,3336100,60.10
2010-05-05,67.00,67.63,66.64,67.24,2137100,62.66
2010-05-04,69.47,69.47,67.47,67.98,2070900,63.35
2010-05-03,69.87,70.98,69.41,70.82,1061500,65.99
2010-04-30,71.22,71.78,69.09,69.18,1486500,64.47
2010-04-29,69.65,71.29,69.65,71.23,1258400,66.38
2010-04-28,69.26,69.43,68.09,69.06,1283100,64.35
2010-04-27,70.64,71.36,68.50,68.75,1597000,64.07
2010-04-26,71.00,71.73,70.89,71.16,1355900,66.31
2010-04-23,70.13,70.99,69.75,70.99,1359000,66.15
2010-04-22,70.52,70.80,69.70,70.44,2868800,65.64
2010-04-21,68.37,71.17,68.37,71.00,3368200,66.16
2010-04-20,71.75,72.50,67.12,67.80,4872900,63.18
2010-04-19,69.04,69.74,67.99,69.39,2370100,64.66
2010-04-16,69.78,70.02,68.87,69.07,2015000,64.36
2010-04-15,70.30,70.72,70.01,70.21,1429000,65.43
2010-04-14,70.22,70.81,70.17,70.54,2550100,65.73
2010-04-13,69.27,69.85,69.03,69.76,1451300,65.01
2010-04-12,69.54,69.66,68.50,69.48,1537000,64.75
2010-04-09,67.77,68.67,67.51,68.48,1124700,63.81
2010-04-08,66.37,67.75,65.84,67.59,1639400,62.98
2010-04-07,66.05,67.06,65.90,66.50,1190800,61.97
2010-04-06,66.16,66.32,65.70,66.32,1038300,61.80
2010-04-05,65.40,66.56,65.40,66.42,971000,61.89
2010-04-01,65.12,65.69,64.80,65.27,859800,60.82
2010-03-31,65.33,65.55,64.69,64.74,1140800,60.33
2010-03-30,65.57,66.23,65.34,65.52,1245600,61.06
2010-03-29,64.92,65.31,64.77,65.24,1286800,60.79
2010-03-26,65.01,65.93,64.44,64.61,1659200,60.21
2010-03-25,66.16,66.42,64.70,64.79,1839800,60.38
2010-03-24,66.49,66.55,65.26,65.34,1521500,60.89
2010-03-23,65.78,66.71,65.16,66.57,1101400,62.03
2010-03-22,64.53,65.62,64.21,65.55,942900,61.08
2010-03-19,65.11,66.41,64.89,65.11,1714200,60.67
2010-03-18,65.26,65.91,65.11,65.60,1214900,61.13
2010-03-17,64.74,65.74,64.46,65.37,1476200,60.92
2010-03-16,63.96,64.67,63.89,64.44,1008600,60.05
2010-03-15,63.65,63.89,63.27,63.84,762400,59.49
2010-03-12,63.99,64.20,63.31,63.61,860400,59.28
2010-03-11,63.84,63.85,63.03,63.69,939700,59.35
2010-03-10,63.46,63.96,63.18,63.82,1154500,59.47
2010-03-09,62.89,63.60,62.68,63.33,1470900,59.01
2010-03-08,62.91,63.31,62.54,63.02,1402400,58.73
2010-03-05,62.86,63.23,62.51,62.93,1130900,58.64
2010-03-04,62.44,62.76,61.52,62.07,1897700,57.84
2010-03-03,63.20,63.66,62.30,62.41,2750600,58.16
2010-03-02,62.02,62.41,61.87,62.07,2012700,57.84
2010-03-01,60.17,62.58,60.15,61.71,3111800,57.51
2010-02-26,59.31,60.45,59.17,60.31,2204800,56.20
2010-02-25,57.55,59.06,57.46,58.90,1553900,54.89
2010-02-24,58.58,58.91,58.13,58.87,2075300,54.86
2010-02-23,58.72,59.06,57.76,58.31,1451100,54.34
2010-02-22,59.18,59.24,58.63,58.92,1249000,54.91
2010-02-19,58.59,59.29,58.20,59.00,1109200,54.98
2010-02-18,58.04,58.87,57.97,58.76,1522700,54.76
2010-02-17,57.75,58.33,57.26,58.19,1501600,54.22
2010-02-16,57.24,57.30,56.41,57.25,1561300,53.35
2010-02-12,55.91,57.65,55.21,56.08,2551600,52.03
2010-02-11,55.59,56.79,55.15,56.76,1370600,52.66
2010-02-10,55.70,55.98,54.86,55.55,1032700,51.53
2010-02-09,55.33,56.40,54.88,55.75,1651000,51.72
2010-02-08,54.95,55.17,53.95,54.54,1728200,50.60
2010-02-05,54.96,55.32,53.50,54.97,2101500,51.00
2010-02-04,56.52,56.74,54.93,54.93,1969200,50.96
2010-02-03,57.80,58.62,57.13,57.30,1800100,53.16
2010-02-02,57.55,58.21,57.20,58.14,1919400,53.94
2010-02-01,56.20,57.40,56.06,57.14,1622400,53.01
2010-01-29,56.83,57.86,55.67,55.91,2134700,51.87
2010-01-28,57.71,57.80,55.68,56.32,1439000,52.25
2010-01-27,56.49,57.74,56.15,57.40,3339500,53.25
2010-01-26,56.90,57.30,56.07,56.60,2343600,52.51
2010-01-25,58.52,59.04,56.37,57.37,2042900,53.22
2010-01-22,59.44,59.44,57.59,57.62,1462900,53.45
2010-01-21,60.40,61.43,58.76,59.52,2014800,55.22
2010-01-20,61.13,61.18,59.40,60.61,2339800,56.23
2010-01-19,61.74,62.85,60.58,61.42,3741400,56.98
2010-01-15,58.66,59.15,57.94,58.56,1712000,54.33
2010-01-14,58.03,58.94,57.56,58.79,1003100,54.54
2010-01-13,58.09,58.59,57.09,58.25,1371800,54.04
2010-01-12,57.45,58.09,57.38,57.94,1750700,53.75
2010-01-11,57.10,58.03,56.57,57.82,1682100,53.64
2010-01-08,54.47,56.23,54.12,56.22,1075200,52.16
2010-01-07,53.75,54.90,53.75,54.67,973600,50.72
2010-01-06,54.14,54.47,53.80,54.03,1670700,50.12
2010-01-05,54.35,54.82,53.94,54.26,1136400,50.34
2010-01-04,54.66,55.04,54.17,54.52,961000,50.58
2009-12-31,54.26,54.42,53.85,53.88,442800,49.98
2009-12-30,54.35,54.69,54.16,54.35,515500,50.42
2009-12-29,54.90,54.90,54.31,54.46,642200,50.52
2009-12-28,55.23,55.23,54.38,54.81,548500,50.85
2009-12-24,55.09,55.17,54.87,54.96,150900,50.99
2009-12-23,54.60,55.06,54.00,54.80,817500,50.84
2009-12-22,54.58,54.94,54.15,54.48,902700,50.54
2009-12-21,54.57,54.82,54.23,54.50,925700,50.56
2009-12-18,54.27,54.65,53.49,53.99,1388900,50.09
2009-12-17,55.26,55.41,54.17,54.20,951000,50.28
2009-12-16,55.94,56.12,55.41,55.69,874600,51.66
2009-12-15,55.74,56.28,55.56,55.67,790200,51.65
2009-12-14,54.59,55.93,54.34,55.72,1277200,51.69
2009-12-11,53.80,54.39,53.66,54.00,997600,50.10
2009-12-10,54.28,54.69,53.67,53.76,681600,49.87
2009-12-09,54.97,54.97,53.30,53.92,1061300,50.02
2009-12-08,54.97,55.05,53.91,54.09,931200,50.18
2009-12-07,55.19,55.87,54.92,55.53,1473600,51.52
2009-12-04,55.14,55.63,54.44,55.31,1058100,51.31
2009-12-03,54.91,55.43,54.11,54.23,841400,50.31
2009-12-02,54.47,55.31,54.43,54.90,999600,50.93
2009-12-01,54.21,55.21,54.21,54.75,987600,50.79
2009-11-30,53.39,53.99,52.80,53.96,1148700,50.06
2009-11-27,53.29,54.35,52.64,53.57,649600,49.70
2009-11-25,54.89,55.37,54.62,55.02,851000,51.04
2009-11-24,54.48,55.12,53.82,54.88,1393800,50.91
2009-11-23,54.54,55.32,54.20,54.34,1277800,50.41
2009-11-20,53.41,54.34,53.41,53.98,1436800,50.08
2009-11-19,55.45,55.54,53.82,54.31,1179900,50.38
2009-11-18,55.97,56.18,54.81,55.81,1441400,51.78
2009-11-17,56.84,56.84,55.90,56.09,1611100,52.03
2009-11-16,55.30,57.11,55.30,56.96,1562000,52.61
2009-11-13,55.50,55.60,54.70,55.00,2010500,50.80
2009-11-12,56.03,56.48,55.16,55.29,1190400,51.07
2009-11-11,57.41,57.67,55.55,56.11,1579700,51.83
2009-11-10,57.67,57.72,56.43,57.15,888300,52.79
2009-11-09,56.70,57.46,56.57,57.46,1038600,53.07
2009-11-06,56.21,57.13,55.93,56.14,996300,51.85
2009-11-05,55.07,56.68,54.76,56.63,1273400,52.31
2009-11-04,55.59,55.94,54.37,54.53,1804400,50.37
2009-11-03,52.90,55.48,52.69,55.25,2572400,51.03
2009-11-02,53.15,54.38,52.46,53.59,1455300,49.50
2009-10-30,54.07,54.43,52.60,52.96,1760700,48.92
2009-10-29,53.77,54.49,53.18,54.30,1509700,50.15
2009-10-28,54.09,54.52,52.84,53.07,1976600,49.02
2009-10-27,55.81,56.18,54.03,54.15,1864100,50.01
2009-10-26,56.95,58.19,55.52,55.73,1777700,51.47
2009-10-23,57.81,57.94,56.64,56.86,1442300,52.52
2009-10-22,56.41,58.18,55.76,57.74,1725800,53.33
2009-10-21,57.50,58.20,56.14,56.26,2095500,51.96
2009-10-20,58.60,59.36,56.46,57.97,3710400,53.54
2009-10-19,53.75,55.41,53.30,55.26,2198200,51.04
2009-10-16,53.01,53.57,52.27,53.27,1304100,49.20
2009-10-15,53.38,53.69,52.96,53.51,980300,49.42
2009-10-14,52.80,53.99,52.29,53.65,1574200,49.55
2009-10-13,52.84,52.91,51.73,52.23,1272200,48.24
2009-10-12,52.98,53.59,52.35,52.78,735800,48.75
2009-10-09,51.94,52.90,51.86,52.87,1101100,48.83
2009-10-08,51.56,52.38,51.02,51.95,1723100,47.98
2009-10-07,51.42,51.70,50.72,51.00,1388200,47.11
2009-10-06,51.48,52.23,51.18,51.51,1452000,47.58
2009-10-05,49.92,51.23,49.73,51.18,1449300,47.27
2009-10-02,49.62,50.11,49.36,49.50,1448800,45.72
2009-10-01,51.61,51.92,50.18,50.20,1424800,46.37
2009-09-30,52.92,53.30,51.18,51.84,2222300,47.88
2009-09-29,52.86,53.69,52.74,52.91,1405700,48.87
2009-09-28,52.31,53.16,52.14,52.82,1348600,48.79
2009-09-25,53.20,53.20,51.08,52.20,1693500,48.21
2009-09-24,53.03,53.50,52.04,52.24,1349200,48.25
2009-09-23,53.91,54.00,53.00,53.06,829800,49.01
2009-09-22,54.53,54.59,53.33,53.68,1714900,49.58
2009-09-21,54.72,54.96,53.95,54.12,986300,49.99
2009-09-18,55.30,55.57,54.73,55.18,1292400,50.97
2009-09-17,54.86,55.89,54.50,54.86,1650200,50.67
2009-09-16,54.47,55.34,53.82,54.95,2033100,50.75
2009-09-15,52.65,54.39,52.45,54.01,2496800,49.89
2009-09-14,49.66,52.78,49.66,52.64,2955700,48.62
2009-09-11,48.88,50.47,48.80,50.20,2475400,46.37
2009-09-10,48.24,48.71,47.63,48.71,1063300,44.99
2009-09-09,47.91,48.55,46.68,48.35,1863100,44.66
2009-09-08,48.75,49.22,47.99,48.09,2056600,44.42
2009-09-04,47.67,48.54,47.67,48.32,1203900,44.63
2009-09-03,47.21,47.89,46.89,47.66,1836000,44.02
2009-09-02,47.73,48.06,47.27,47.37,945300,43.75
2009-09-01,48.40,50.35,47.83,47.93,1865600,44.27
2009-08-31,48.76,48.78,47.75,48.66,1014500,44.94
2009-08-28,50.13,50.38,49.06,49.36,1092200,45.59
2009-08-27,49.92,50.29,48.98,49.68,1009700,45.89
2009-08-26,50.41,50.41,49.43,49.78,1106500,45.98
2009-08-25,50.17,51.05,49.68,50.33,1536000,46.49
2009-08-24,49.59,50.50,49.46,49.74,1078000,45.94
2009-08-21,48.97,49.92,48.65,49.49,1873000,45.71
2009-08-20,48.20,48.90,48.17,48.61,991600,44.90
2009-08-19,47.84,48.68,47.44,48.38,733600,44.45
2009-08-18,47.35,48.52,47.22,48.37,1099000,44.45
2009-08-17,47.79,48.25,46.84,47.22,823500,43.39
2009-08-14,49.97,50.03,48.46,48.87,878800,44.90
2009-08-13,50.00,50.22,49.00,49.86,1255000,45.81
2009-08-12,47.79,49.94,47.75,49.46,1877900,45.45
2009-08-11,48.05,48.23,47.15,47.61,1437100,43.75
2009-08-10,48.74,49.27,47.70,48.28,1980300,44.36
2009-08-07,47.69,48.83,47.11,48.75,2052800,44.79
2009-08-06,46.94,47.23,46.30,46.87,1228600,43.07
2009-08-05,47.85,48.10,46.30,46.64,1516400,42.86
2009-08-04,46.70,48.18,46.70,47.77,1689200,43.89
2009-08-03,44.73,46.94,44.52,46.81,3107300,43.01
2009-07-31,45.70,46.24,44.17,44.28,2828100,40.69
2009-07-30,45.79,47.85,45.01,45.70,4027800,41.99
2009-07-29,47.16,47.40,46.40,46.98,1387100,43.17
2009-07-28,47.59,47.96,46.87,47.55,992900,43.69
2009-07-27,47.91,48.14,47.30,48.14,1322200,44.23
2009-07-24,47.62,48.11,46.88,47.93,1604100,44.04
2009-07-23,47.12,48.05,46.69,48.00,1750300,44.11
2009-07-22,46.84,47.86,46.04,47.07,1577300,43.25
2009-07-21,46.73,47.91,45.66,46.73,2571600,42.94
2009-07-20,45.04,46.58,44.46,45.90,2113800,42.18
2009-07-17,44.48,45.09,44.21,44.47,1224700,40.86
2009-07-16,43.79,44.86,43.45,44.66,1583900,41.04
2009-07-15,42.65,44.04,42.41,43.87,2013200,40.31
2009-07-14,41.77,42.11,41.39,42.08,2086700,38.67
2009-07-13,40.43,41.63,40.19,41.62,1401000,38.24
2009-07-10,39.83,41.03,39.74,40.68,2221200,37.38
2009-07-09,40.47,40.83,39.53,40.20,2072900,36.94
2009-07-08,39.86,40.61,39.58,40.26,2790600,36.99
2009-07-07,41.17,41.58,39.95,39.98,1545800,36.74
2009-07-06,41.00,41.31,40.69,41.19,1828700,37.85
2009-07-02,42.21,42.26,41.33,41.60,1542800,38.22
2009-07-01,43.15,44.17,42.76,42.86,2119900,39.38
2009-06-30,42.95,43.40,42.42,42.96,2548800,39.47
2009-06-29,42.88,43.40,42.44,43.00,1682400,39.51
2009-06-26,42.08,42.96,42.02,42.74,5274100,39.27
2009-06-25,40.50,42.39,39.92,42.16,2967200,38.74
2009-06-24,40.92,42.61,40.76,41.05,1820800,37.72
2009-06-23,40.70,41.24,40.41,40.83,1964900,37.52
2009-06-22,41.86,41.95,40.54,40.54,1373900,37.25
2009-06-19,43.09,43.33,42.29,42.50,1362400,39.05
2009-06-18,43.21,43.40,42.22,42.75,1252800,39.28
2009-06-17,43.05,43.66,42.57,43.12,1610100,39.62
2009-06-16,44.58,45.16,43.37,43.41,1371900,39.89
2009-06-15,45.45,45.47,44.00,44.47,1156600,40.86
2009-06-12,45.92,46.20,45.31,46.19,1042600,42.44
2009-06-11,47.04,47.10,46.08,46.21,1916000,42.46
2009-06-10,47.68,48.15,46.13,46.96,1757300,43.15
2009-06-09,47.24,48.00,46.94,47.26,1682200,43.43
2009-06-08,47.29,48.00,46.40,47.53,1574400,43.67
2009-06-05,47.75,48.45,47.54,47.79,2680400,43.91
2009-06-04,46.24,46.95,45.66,46.83,1327400,43.03
2009-06-03,46.47,46.99,45.55,46.14,1511900,42.40
2009-06-02,46.54,47.71,46.42,46.98,2556800,43.17
2009-06-01,43.06,46.80,43.06,46.67,3713600,42.88
2009-05-29,42.73,43.18,41.86,42.26,4960200,38.83
2009-05-28,42.14,43.23,41.46,42.67,3359400,39.21
2009-05-27,44.09,44.82,43.37,43.40,2396800,39.88
2009-05-26,42.18,44.53,42.14,43.87,2679400,40.31
2009-05-22,42.45,43.31,41.91,42.53,1321700,39.08
2009-05-21,42.93,43.30,42.10,42.56,2985900,39.11
2009-05-20,45.52,45.73,43.39,43.54,3451400,40.01
2009-05-19,45.25,45.70,44.49,45.05,2363600,41.39
2009-05-18,44.05,45.66,43.83,45.57,2443100,41.64
2009-05-15,43.37,44.47,43.09,43.66,1983400,39.90
2009-05-14,43.24,44.34,43.10,43.39,2167000,39.65
2009-05-13,44.15,44.15,42.94,43.17,2191800,39.45
2009-05-12,45.45,45.50,43.75,44.74,2111000,40.88
2009-05-11,46.58,46.70,45.32,45.52,1669000,41.60
2009-05-08,46.55,47.41,45.60,47.16,1950900,43.10
2009-05-07,47.80,47.80,45.26,45.63,2815000,41.70
2009-05-06,47.17,47.82,46.41,47.40,1825300,43.32
2009-05-05,47.48,47.92,45.96,46.59,3114900,42.57
2009-05-04,46.18,47.75,46.02,47.62,1439700,43.52
2009-05-01,45.26,46.59,44.63,46.18,2119200,42.20
2009-04-30,45.53,47.12,45.30,45.35,2915800,41.44
2009-04-29,43.85,45.70,43.68,44.93,2205800,41.06
2009-04-28,42.50,44.59,42.42,43.23,2764100,39.50
2009-04-27,43.60,44.04,42.96,43.31,2962300,39.58
2009-04-24,44.07,44.69,43.55,43.90,4068300,40.12
2009-04-23,41.99,44.06,41.90,44.01,3876500,40.22
2009-04-22,39.42,42.25,39.28,41.96,3916400,38.34
2009-04-21,37.96,39.92,37.89,39.73,2843100,36.31
2009-04-20,39.49,39.49,37.86,38.15,2926600,34.86
2009-04-17,39.35,40.31,38.53,40.07,3570400,36.62
2009-04-16,35.26,39.80,35.00,38.91,5846600,35.56
2009-04-15,36.46,36.92,35.65,36.30,3661000,33.17
2009-04-14,37.07,37.77,36.44,36.97,1663300,33.78
2009-04-13,37.54,38.01,36.51,37.70,2174500,34.45
2009-04-09,37.16,39.21,37.16,39.13,2677300,35.76
2009-04-08,36.70,37.26,36.01,36.58,2230000,33.43
2009-04-07,37.33,37.33,36.34,36.61,2766700,33.45
2009-04-06,38.52,38.52,37.33,37.93,3349800,34.66
2009-04-03,37.97,38.82,37.22,38.55,2592300,35.23
2009-04-02,35.84,38.46,35.51,37.77,3672300,34.51
2009-04-01,33.63,35.00,33.13,34.84,2039300,31.84
2009-03-31,34.01,34.68,33.61,33.98,1848500,31.05
2009-03-30,34.64,35.00,33.21,33.74,1755400,30.83
2009-03-27,35.82,36.24,35.22,35.38,2360800,32.33
2009-03-26,34.29,36.31,34.20,36.28,2936500,33.15
2009-03-25,33.02,34.94,33.02,34.16,4287800,31.22
2009-03-24,33.42,34.55,33.23,33.97,2120800,31.04
2009-03-23,32.06,33.92,32.05,33.90,1797000,30.98
2009-03-20,32.91,32.91,31.22,31.41,1770900,28.70
2009-03-19,32.71,33.10,32.14,32.73,1950200,29.91
2009-03-18,31.17,32.68,30.57,32.34,2050700,29.55
2009-03-17,30.17,31.44,29.81,31.44,1631100,28.73
2009-03-16,30.77,31.43,30.37,30.47,2064600,27.84
2009-03-13,31.08,31.23,30.25,30.77,1140400,28.12
2009-03-12,30.24,31.08,29.36,30.99,1453700,28.32
2009-03-11,30.45,30.58,29.67,30.24,2301900,27.63
2009-03-10,28.37,29.97,28.37,29.97,2350100,27.39
2009-03-09,28.24,29.07,27.69,27.86,2426600,25.46
2009-03-06,29.28,29.76,27.71,28.63,3231500,26.16
2009-03-05,29.87,30.34,28.43,28.92,3406400,26.43
2009-03-04,31.59,31.80,30.91,31.32,3618100,28.62
2009-03-03,31.99,32.07,30.84,30.94,3010400,28.27
2009-03-02,32.86,32.86,31.31,31.42,1740700,28.71
2009-02-27,33.85,34.46,33.21,33.37,2490200,30.49
2009-02-26,35.72,35.97,34.12,34.32,1863600,31.36
2009-02-25,36.28,36.61,35.01,35.39,1730000,32.34
2009-02-24,35.72,37.03,35.04,36.78,1704000,33.61
2009-02-23,37.83,38.03,35.42,35.52,1919700,32.46
2009-02-20,37.25,38.41,36.63,37.47,1898200,34.24
2009-02-19,39.32,39.34,37.60,37.69,1707700,34.44
2009-02-18,38.99,39.55,38.08,38.67,1954900,35.34
2009-02-17,39.77,39.77,38.18,38.56,2360100,35.24
2009-02-13,40.22,41.70,40.22,40.69,1950300,36.95
2009-02-12,39.59,40.05,38.63,40.00,1744100,36.33
2009-02-11,40.79,42.19,39.64,40.28,1784300,36.58
2009-02-10,40.92,41.50,38.98,39.42,1670500,35.80
2009-02-09,41.53,42.12,40.72,41.42,1889400,37.62
2009-02-06,40.65,42.07,40.61,41.87,1568600,38.03
2009-02-05,39.60,41.30,38.88,40.71,2255600,36.97
2009-02-04,39.84,40.94,39.65,40.02,1676900,36.35
2009-02-03,38.62,39.61,37.56,39.32,2134400,35.71
2009-02-02,37.62,39.04,37.40,38.11,2360900,34.61
2009-01-30,39.40,39.40,37.81,38.21,2477100,34.70
2009-01-29,41.07,41.57,39.29,39.62,1672300,35.98
2009-01-28,40.74,42.20,40.45,41.79,1973200,37.95
2009-01-27,39.31,40.12,39.04,39.86,1483600,36.20
2009-01-26,38.92,40.35,38.38,38.85,1877600,35.28
2009-01-23,37.50,40.08,37.23,39.08,2243700,35.49
2009-01-22,38.92,39.04,37.53,38.56,3741600,35.02
2009-01-21,40.81,41.00,38.31,39.47,3304000,35.85
2009-01-20,36.40,41.38,36.38,40.29,4180100,36.59
2009-01-16,40.94,40.94,38.43,39.77,1804200,36.12
2009-01-15,39.33,40.20,38.10,39.77,1547400,36.12
2009-01-14,40.03,40.08,38.59,38.97,1690100,35.39
2009-01-13,40.81,41.50,40.04,40.62,1214700,36.89
2009-01-12,42.26,42.26,40.54,40.85,1001700,37.10
2009-01-09,43.32,43.59,41.56,42.27,1092400,38.39
2009-01-08,42.65,43.20,41.77,43.20,1782300,39.23
2009-01-07,45.45,45.45,42.55,43.03,1415400,39.08
2009-01-06,45.83,46.45,44.94,45.86,1698100,41.65
2009-01-05,45.29,45.61,44.16,45.34,2070800,41.18
2009-01-02,43.19,45.36,41.91,45.16,1470900,41.01
2008-12-31,41.82,43.00,41.70,42.54,1402200,38.64
2008-12-30,40.00,41.87,39.91,41.85,1347500,38.01
2008-12-29,39.69,39.85,39.18,39.74,1297200,36.09
2008-12-26,39.36,39.96,39.12,39.80,609000,36.15
2008-12-24,38.73,39.91,38.72,39.14,966100,35.55
2008-12-23,38.50,39.25,38.23,38.87,2475700,35.30
2008-12-22,37.81,37.81,36.83,37.66,1836600,34.20
2008-12-19,37.55,38.91,37.36,37.72,2289000,34.26
2008-12-18,38.53,38.62,36.81,37.23,1188300,33.81
2008-12-17,38.00,38.80,37.11,38.28,1503300,34.77
2008-12-16,36.46,38.36,35.90,38.36,1696900,34.84
2008-12-15,37.25,37.74,36.03,36.66,1460600,33.29
2008-12-12,35.97,37.42,35.19,37.03,1925000,33.63
2008-12-11,37.75,39.06,36.50,36.93,1985400,33.54
2008-12-10,38.24,38.65,37.07,38.14,2389100,34.64
2008-12-09,38.01,38.98,36.66,37.39,2802600,33.96
2008-12-08,39.27,39.88,37.93,38.99,1770200,35.41
2008-12-05,36.62,38.37,35.10,38.17,1838200,34.67
2008-12-04,36.90,38.12,35.99,37.50,3083000,34.06
2008-12-03,36.47,37.96,35.54,37.23,1960600,33.81
2008-12-02,37.52,38.10,36.44,37.56,2277500,34.11
2008-12-01,39.91,39.91,37.33,37.34,1576200,33.91
2008-11-28,39.72,41.12,39.72,41.08,816200,37.31
2008-11-26,38.18,40.78,37.66,40.62,1475700,36.89
2008-11-25,38.50,40.07,37.66,39.77,2248200,36.12
2008-11-24,34.46,38.70,34.46,37.80,2004600,34.33
2008-11-21,32.54,34.44,31.29,34.44,1719000,31.28
2008-11-20,33.41,35.16,31.57,31.82,1813800,28.90
2008-11-19,35.48,36.13,33.75,33.80,1612500,30.70
2008-11-18,34.85,35.86,34.17,35.58,2147000,32.31
2008-11-17,35.42,36.36,34.73,34.87,1320700,31.44
2008-11-14,37.26,38.37,35.80,35.95,1341700,32.42
2008-11-13,35.04,38.19,33.39,38.06,1691000,34.32
2008-11-12,35.52,36.37,34.46,34.66,1574800,31.25
2008-11-11,36.36,37.89,35.31,36.61,1648200,33.01
2008-11-10,38.55,38.77,36.42,36.99,1038700,33.35
2008-11-07,36.81,37.37,35.59,36.95,1576000,33.32
2008-11-06,37.88,38.49,36.02,36.23,1264800,32.67
2008-11-05,40.43,41.21,38.18,38.39,1409700,34.62
2008-11-04,40.22,41.10,38.95,41.01,1358700,36.98
2008-11-03,38.71,39.75,38.40,39.16,1191200,35.31
2008-10-31,38.27,40.16,37.29,38.77,1911200,34.96
2008-10-30,37.34,38.50,36.37,37.82,1991400,34.10
2008-10-29,37.17,38.54,35.72,36.31,2191600,32.74
2008-10-28,36.08,37.30,32.88,37.24,2868200,33.58
2008-10-27,34.99,37.50,34.50,34.58,2161000,31.18
2008-10-24,35.48,38.32,35.48,36.92,1790000,33.29
2008-10-23,38.10,39.40,36.20,38.38,2577600,34.61
2008-10-22,39.39,39.77,36.33,37.94,2541900,34.21
2008-10-21,41.51,42.96,39.50,39.72,2656500,35.82
2008-10-20,42.52,43.05,40.94,42.23,2213800,38.08
2008-10-17,41.39,43.63,39.90,41.54,2950400,37.46
2008-10-16,37.87,43.50,37.26,42.78,3783000,38.57
2008-10-15,44.58,44.58,39.20,39.20,1972800,35.35
2008-10-14,47.59,49.36,42.13,44.05,2491900,39.72
2008-10-13,42.41,46.05,40.31,45.67,2512000,41.18
2008-10-10,37.02,42.47,35.21,40.18,4032600,36.23
2008-10-09,41.61,42.73,37.60,38.15,2753400,34.40
2008-10-08,41.44,44.04,40.11,41.79,2650700,37.68
2008-10-07,45.92,46.39,41.88,42.54,2042500,38.36
2008-10-06,46.93,46.93,42.42,45.00,2469700,40.58
2008-10-03,49.84,51.44,47.26,47.34,2446700,42.69
2008-10-02,50.60,50.91,48.53,48.60,2650500,43.82
2008-10-01,52.01,52.52,50.77,51.09,2011100,46.07
2008-09-30,50.75,53.09,50.62,53.00,1938900,47.79
2008-09-29,52.24,52.98,48.67,50.02,1768300,45.10
2008-09-26,53.00,53.98,52.00,53.24,1702800,48.01
2008-09-25,53.19,54.62,53.19,53.87,1507000,48.57
2008-09-24,53.88,54.59,52.89,53.34,1739600,48.10
2008-09-23,55.26,56.29,53.69,53.83,1435400,48.54
2008-09-22,59.33,59.39,55.36,55.53,1397900,50.07
2008-09-19,60.37,60.94,54.04,59.32,4093000,53.49
2008-09-18,55.73,56.64,49.54,56.63,3989400,51.06
2008-09-17,57.60,57.84,55.08,55.08,1795600,49.67
2008-09-16,56.60,59.08,55.36,58.79,2480300,53.01
2008-09-15,59.01,60.10,57.53,57.64,2700700,51.97
2008-09-12,59.90,61.51,59.55,61.25,1230800,55.23
2008-09-11,59.29,61.07,58.62,60.96,2503300,54.97
2008-09-10,57.57,60.53,57.41,59.85,2814900,53.97
2008-09-09,62.21,62.21,56.83,57.17,2699900,51.55
2008-09-08,61.68,63.00,60.60,61.51,2548900,55.46
2008-09-05,60.43,60.76,58.11,60.37,2172800,54.44
2008-09-04,63.03,63.41,58.89,59.85,3106100,53.97
2008-09-03,64.50,64.50,62.70,63.01,1634400,56.82
2008-09-02,64.97,65.60,64.05,64.50,2449300,58.16
2008-08-29,64.90,65.44,64.07,64.07,1356700,57.77
2008-08-28,63.28,65.47,63.02,65.01,1191000,58.62
2008-08-27,61.93,63.56,61.39,63.02,1343100,56.82
2008-08-26,62.04,62.11,61.23,61.96,1401500,55.87
2008-08-25,62.76,62.79,61.35,61.96,1114200,55.87
2008-08-22,61.73,63.04,61.66,63.02,1243300,56.82
2008-08-21,61.14,61.69,60.51,61.55,1715200,55.50
2008-08-20,62.37,62.38,61.10,62.12,1730600,55.79
2008-08-19,63.67,63.67,61.61,62.06,1964500,55.73
2008-08-18,65.19,65.55,63.21,63.80,2182700,57.30
2008-08-15,66.91,66.99,64.67,65.24,1515900,58.59
2008-08-14,64.71,65.91,64.03,65.30,2034700,58.64
2008-08-13,63.75,65.74,63.40,65.34,2713400,58.68
2008-08-12,64.23,64.61,63.44,63.97,2133400,57.45
2008-08-11,62.57,64.72,62.52,64.00,2361700,57.48
2008-08-08,61.01,63.28,60.91,63.03,2478800,56.61
2008-08-07,60.90,62.34,59.82,61.41,4623200,55.15
2008-08-06,62.50,62.69,61.32,61.33,4892400,55.08
2008-08-05,63.61,63.61,62.08,62.64,4517100,56.25
2008-08-04,62.75,62.94,61.47,61.81,4023200,55.51
2008-08-01,62.16,62.48,60.30,60.56,3493400,54.39
2008-07-31,64.10,64.41,61.27,61.68,6015400,55.39
2008-07-30,67.05,68.04,66.52,68.04,3318400,61.10
2008-07-29,66.39,67.05,65.56,66.46,2850700,59.69
2008-07-28,67.10,67.32,66.06,66.62,2099300,59.83
2008-07-25,66.00,67.37,65.68,67.19,2367700,60.34
2008-07-24,68.91,69.15,65.46,65.62,2357100,58.93
2008-07-23,68.97,69.21,67.87,68.75,2073600,61.74
2008-07-22,68.04,68.93,67.96,68.86,1823600,61.84
2008-07-21,67.28,68.44,66.89,68.42,2188400,61.45
2008-07-18,68.04,68.16,66.38,66.88,2352800,60.06
2008-07-17,68.46,68.46,66.53,67.70,3217800,60.80
2008-07-16,66.98,68.41,65.53,68.21,4358100,61.26
2008-07-15,65.49,67.48,63.40,66.76,3581600,59.95
2008-07-14,69.93,69.93,68.04,68.90,1429200,61.88
2008-07-11,68.38,70.24,67.66,68.96,1868500,61.93
2008-07-10,70.05,70.93,66.44,69.05,3316500,62.01
2008-07-09,72.53,72.67,70.00,70.03,2349900,62.89
2008-07-08,70.06,72.69,69.10,72.33,3486400,64.96
2008-07-07,70.69,72.14,69.34,70.50,2362400,63.31
2008-07-03,70.67,71.13,69.12,70.53,1545300,63.34
2008-07-02,72.26,72.26,70.02,70.24,3458700,63.08
2008-07-01,70.00,72.45,70.00,72.26,4184500,64.89
2008-06-30,70.93,71.76,70.33,71.32,2391200,64.05
2008-06-27,69.99,71.52,69.66,70.94,4892500,63.71
2008-06-26,71.88,71.92,69.46,70.05,3076400,62.91
2008-06-25,74.60,74.60,71.27,72.59,3727000,65.19
2008-06-24,75.18,75.18,73.75,74.21,2193900,66.65
2008-06-23,76.26,76.51,74.96,75.31,1956800,67.63
2008-06-20,78.35,78.38,75.71,75.99,1920200,68.24
2008-06-19,76.30,78.88,75.95,78.55,2072600,70.54
2008-06-18,76.59,76.59,75.54,76.30,1665300,68.52
2008-06-17,77.73,78.32,76.89,76.94,1149600,69.10
2008-06-16,78.64,78.64,76.82,77.79,1500600,69.86
2008-06-13,77.16,79.96,77.16,78.67,2654300,70.65
2008-06-12,75.04,77.86,75.04,76.50,2014800,68.70
2008-06-11,76.74,76.75,74.56,74.81,2485000,67.18
2008-06-10,77.28,77.64,76.65,76.95,1676300,69.11
2008-06-09,78.35,79.01,77.25,77.69,2314400,69.77
2008-06-06,79.51,80.61,78.02,78.17,2359900,70.20
2008-06-05,80.42,80.42,78.39,79.78,3643400,71.65
2008-06-04,82.12,82.36,81.23,81.94,1987100,73.59
2008-06-03,83.55,83.71,81.62,82.52,1965700,74.11
2008-06-02,84.51,84.76,82.46,83.09,1595300,74.62
2008-05-30,83.90,85.08,83.27,84.67,1519500,76.04
2008-05-29,82.74,84.16,81.44,83.46,1340500,74.95
2008-05-28,82.24,82.92,81.33,82.84,1493000,74.40
2008-05-27,80.76,81.87,79.81,81.64,1701700,73.32
2008-05-23,81.51,81.51,79.69,80.57,1368500,72.36
2008-05-22,83.26,83.26,81.53,81.71,1587500,73.38
2008-05-21,84.65,85.58,82.60,82.96,1429300,74.50
2008-05-20,85.21,85.23,83.83,84.19,1519300,75.61
2008-05-19,85.40,86.50,84.84,85.44,1203800,76.73
2008-05-16,84.95,85.39,84.04,85.00,1447100,76.34
2008-05-15,85.46,85.50,84.12,85.10,1476000,76.43
2008-05-14,85.28,86.91,85.28,85.46,1467800,76.75
2008-05-13,85.10,86.22,83.72,85.69,1517200,76.96
2008-05-12,83.91,84.76,82.97,84.72,725700,75.90
2008-05-09,81.99,84.00,81.99,83.59,1383200,74.88
2008-05-08,81.06,83.34,80.61,83.07,1497700,74.42
2008-05-07,81.00,82.26,80.34,80.44,1530100,72.06
2008-05-06,81.74,81.80,80.10,81.26,1555600,72.80
2008-05-05,82.15,82.20,81.33,81.89,984100,73.36
2008-05-02,82.14,82.42,80.71,81.98,1814100,73.44
2008-05-01,80.67,81.52,79.38,81.26,1469100,72.80
2008-04-30,80.01,80.81,79.00,79.85,2525200,71.53
2008-04-29,78.85,80.39,78.64,78.87,1341700,70.65
2008-04-28,79.23,79.94,78.88,79.24,1459500,70.99
2008-04-25,79.60,79.91,78.23,79.45,1117000,71.17
2008-04-24,80.03,80.13,78.19,79.21,1841800,70.96
2008-04-23,81.61,81.79,78.64,79.47,2461900,71.19
2008-04-22,79.76,83.41,79.76,81.06,4301600,72.62
2008-04-21,75.57,77.38,75.33,76.97,1219800,68.95
2008-04-18,75.29,76.44,74.89,76.32,1143100,68.37
2008-04-17,74.90,75.17,73.45,74.31,1300300,66.57
2008-04-16,73.43,75.23,73.43,75.03,1383000,67.21
2008-04-15,72.31,73.30,71.50,72.88,1537900,65.29
2008-04-14,72.02,73.00,71.13,72.00,1653000,64.50
2008-04-11,72.50,72.84,71.45,71.72,1340700,64.25
2008-04-10,72.29,73.48,71.34,73.38,1906800,65.74
2008-04-09,72.49,72.49,71.10,71.86,1553900,64.37
2008-04-08,71.91,72.46,71.42,72.32,1024900,64.79
2008-04-07,73.91,73.91,72.10,72.28,1599600,64.75
2008-04-04,71.50,74.11,71.50,73.71,2363500,66.03
2008-04-03,71.59,72.29,71.06,71.37,1975500,63.94
2008-04-02,73.06,73.64,72.25,72.58,1836500,65.02
2008-04-01,69.98,73.13,69.90,73.13,2265900,65.51
2008-03-31,67.40,69.59,67.35,69.27,1894200,62.05
2008-03-28,67.11,68.31,66.63,67.56,1406200,60.52
2008-03-27,68.71,68.71,66.59,66.60,1376300,59.66
2008-03-26,68.34,68.45,67.26,68.12,1297900,61.02
2008-03-25,67.51,69.19,66.91,68.84,1992100,61.67
2008-03-24,65.33,67.74,65.27,67.25,1340700,60.25
2008-03-20,64.77,65.29,63.64,65.13,1491800,58.35
2008-03-19,66.40,66.77,64.57,64.57,1981500,57.84
2008-03-18,63.70,65.70,63.21,65.66,2339000,58.82
2008-03-17,61.44,63.27,61.44,62.39,1679200,55.89
2008-03-14,64.69,65.43,61.89,62.88,1702000,56.33
2008-03-13,62.66,64.86,62.11,64.50,1212800,57.78
2008-03-12,63.83,64.44,63.27,63.39,1228500,56.79
2008-03-11,61.93,63.72,61.68,63.57,2131300,56.95
2008-03-10,62.32,62.32,60.65,60.69,2052500,54.37
2008-03-07,62.42,63.66,61.96,62.39,1974100,55.89
2008-03-06,64.37,64.62,62.76,62.80,1118400,56.26
2008-03-05,64.12,65.24,64.00,64.82,1739900,58.07
2008-03-04,64.01,64.70,63.55,64.38,1670200,57.67
2008-03-03,64.62,65.10,63.98,64.74,1215600,58.00
2008-02-29,66.02,66.22,64.36,64.63,1776300,57.90
2008-02-28,66.80,67.85,66.25,66.69,1776600,59.74
2008-02-27,65.79,67.50,65.74,67.15,2195000,60.16
2008-02-26,65.65,66.50,65.19,66.09,1213300,59.21
2008-02-25,64.83,66.17,64.55,65.86,1723200,59.00
2008-02-22,64.99,65.25,63.07,64.91,2239400,58.15
2008-02-21,66.75,67.67,64.51,64.66,1947300,57.92
2008-02-20,65.45,66.75,64.67,66.64,1220800,59.70
2008-02-19,66.81,67.85,65.83,66.16,1011900,59.27
2008-02-15,65.98,65.98,64.68,65.87,1730800,58.82
2008-02-14,67.67,68.05,65.87,66.16,1949800,59.08
2008-02-13,66.28,68.17,65.75,68.03,1947800,60.75
2008-02-12,65.06,66.02,64.54,65.16,1193200,58.19
2008-02-11,64.82,65.11,63.31,64.53,1688200,57.62
2008-02-08,64.62,65.84,64.38,64.96,1328300,58.01
2008-02-07,65.21,65.95,64.29,65.08,1563700,58.12
2008-02-06,66.61,67.18,65.60,65.70,1626300,58.67
2008-02-05,66.91,66.91,65.65,66.15,1931500,59.07
2008-02-04,69.31,69.31,67.38,67.98,1423800,60.70
2008-02-01,67.61,69.25,67.50,68.89,1619700,61.52
2008-01-31,64.90,68.00,64.22,67.61,1899600,60.37
2008-01-30,64.72,66.96,64.43,65.66,2055600,58.63
2008-01-29,64.53,65.13,63.94,64.87,1190500,57.93
2008-01-28,64.20,64.48,62.55,64.00,1443600,57.15
2008-01-25,63.75,64.54,62.62,64.03,2439900,57.18
2008-01-24,62.22,62.85,61.51,62.42,2091200,55.74
2008-01-23,60.58,62.54,58.10,62.45,3157300,55.77
2008-01-22,58.90,63.08,58.74,62.33,2876700,55.66
2008-01-18,62.56,63.98,61.26,61.76,3735300,55.15
2008-01-17,68.12,68.28,61.07,61.11,4071900,54.57
2008-01-16,65.78,67.27,64.04,65.87,3473000,58.82
2008-01-15,66.60,66.90,65.30,66.10,2502800,59.03
2008-01-14,65.12,67.54,65.12,67.30,3187700,60.10
2008-01-11,65.21,66.01,64.00,64.47,1956200,57.57
2008-01-10,64.19,66.66,63.57,65.68,3015800,58.65
2008-01-09,66.59,66.61,63.61,66.61,4069800,59.48
2008-01-08,68.09,69.97,65.94,66.01,2996100,58.95
2008-01-07,70.51,71.50,67.37,67.88,3808200,60.62
2008-01-04,71.29,72.10,70.09,70.22,2139400,62.71
2008-01-03,71.66,72.86,71.54,71.84,2001600,64.15
2008-01-02,75.12,76.03,71.20,71.28,2120300,63.65
