Date,Open,High,Low,Close,Volume,Adj Close
2013-12-31,77.69,77.90,77.10,77.67,704500,77.42
2013-12-30,77.57,77.91,77.19,77.39,507300,77.14
2013-12-27,77.65,77.97,77.39,77.57,699000,77.32
2013-12-26,76.47,77.59,76.31,77.39,616400,77.14
2013-12-24,76.12,76.75,76.03,76.55,376700,76.30
2013-12-23,76.06,76.26,75.27,75.92,1332800,75.68
2013-12-20,74.92,75.91,74.82,75.40,1503900,75.16
2013-12-19,74.89,75.05,74.24,74.89,1005700,74.65
2013-12-18,73.08,75.14,72.54,75.09,1089500,74.85
2013-12-17,72.74,73.47,71.97,72.83,1414500,72.60
2013-12-16,70.75,71.78,69.76,71.60,1460100,71.37
2013-12-13,70.25,70.65,69.71,70.01,784300,69.78
2013-12-12,70.08,70.39,69.41,69.97,1030200,69.75
2013-12-11,71.60,71.83,70.12,70.25,953800,70.02
2013-12-10,70.87,72.30,70.68,71.64,902400,71.41
2013-12-09,70.81,71.47,70.60,71.24,640900,71.01
2013-12-06,70.79,71.16,70.26,70.95,755000,70.72
2013-12-05,69.63,70.13,69.32,69.75,599800,69.53
2013-12-04,69.55,70.28,68.92,69.78,547500,69.56
2013-12-03,69.97,70.25,69.35,69.99,789400,69.76
2013-12-02,70.60,70.98,70.12,70.43,771700,70.20
2013-11-29,71.28,71.35,70.70,70.72,362000,70.49
2013-11-27,71.00,71.42,70.41,71.27,616600,71.04
2013-11-26,70.77,71.30,70.67,70.94,836200,70.71
2013-11-25,70.50,71.06,70.49,70.80,597900,70.57
2013-11-22,70.33,70.60,69.34,70.37,900500,70.14
2013-11-21,69.85,70.50,69.60,70.42,885900,70.19
2013-11-20,70.00,70.40,69.51,69.64,942100,69.42
2013-11-19,70.33,70.55,69.32,69.60,758700,69.38
2013-11-18,70.72,70.94,70.04,70.29,638000,70.06
2013-11-15,70.30,70.74,69.92,70.48,1199400,70.25
2013-11-14,68.77,69.80,68.57,69.74,792500,69.52
2013-11-13,67.69,68.47,67.53,68.45,795100,68.23
2013-11-12,67.83,68.40,67.61,68.05,619600,67.83
2013-11-11,67.42,68.03,67.32,67.90,1198700,67.68
2013-11-08,66.33,67.38,66.31,67.36,1106500,67.14
2013-11-07,68.31,68.48,66.24,66.34,833100,66.13
2013-11-06,68.35,68.54,67.69,68.02,585300,67.80
2013-11-05,67.60,68.49,66.96,68.16,854300,67.94
2013-11-04,67.67,68.05,67.43,67.85,587000,67.63
2013-11-01,67.38,67.86,66.83,67.48,798600,67.26
2013-10-31,67.36,67.57,66.56,67.09,933400,66.87
2013-10-30,67.50,67.95,66.95,67.15,879600,66.93
2013-10-29,66.55,67.72,66.40,67.64,1002400,67.42
2013-10-28,66.53,66.79,66.26,66.37,815000,66.16
2013-10-25,65.75,66.70,65.58,66.67,1054100,66.46
2013-10-24,65.21,65.96,64.99,65.78,1124800,65.57
2013-10-23,64.43,65.16,63.80,65.11,1699300,64.90
2013-10-22,65.00,65.12,62.80,64.68,2864300,64.22
2013-10-21,65.50,65.82,65.31,65.70,1332900,65.24
2013-10-18,64.96,65.46,64.59,65.24,2055500,64.78
2013-10-17,64.75,64.85,64.18,64.56,1490600,64.10
2013-10-16,65.14,65.66,64.60,65.16,1083900,64.70
2013-10-15,65.79,65.99,64.56,64.74,875500,64.28
2013-10-14,66.04,66.26,65.45,65.99,896500,65.52
2013-10-11,65.35,66.60,65.25,66.39,514200,65.92
2013-10-10,64.66,65.42,64.49,65.42,734700,64.96
2013-10-09,63.98,64.32,63.34,63.80,667900,63.35
2013-10-08,65.12,65.66,63.78,63.83,861100,63.38
2013-10-07,65.15,65.79,65.01,65.25,731500,64.79
2013-10-04,65.56,66.56,65.29,66.31,720000,65.84
2013-10-03,66.01,66.30,64.85,65.58,732600,65.12
2013-10-02,65.42,66.31,65.10,66.27,944900,65.80
2013-10-01,64.73,66.11,64.73,65.98,962100,65.51
2013-09-30,65.03,65.39,64.78,64.94,1001900,64.48
2013-09-27,65.43,65.75,65.16,65.52,500600,65.06
2013-09-26,65.63,65.95,65.21,65.92,586200,65.45
2013-09-25,65.18,65.74,64.91,65.50,993900,65.04
2013-09-24,64.60,65.55,64.45,65.08,878800,64.62
2013-09-23,65.63,65.68,64.35,64.67,1015200,64.21
2013-09-20,65.39,66.49,65.39,65.82,2764400,65.35
2013-09-19,65.38,66.11,65.38,65.43,884900,64.97
2013-09-18,64.55,65.33,64.08,65.13,739300,64.67
2013-09-17,64.26,64.73,64.07,64.58,410100,64.12
2013-09-16,65.09,65.18,64.25,64.35,384800,63.90
2013-09-13,64.30,64.35,63.82,64.09,575500,63.64
2013-09-12,64.34,64.67,63.83,64.11,672300,63.66
2013-09-11,64.28,64.49,63.74,64.45,532100,63.99
2013-09-10,63.19,64.35,63.03,64.32,623300,63.87
2013-09-09,61.95,62.86,61.93,62.80,399000,62.36
2013-09-06,62.41,62.50,61.15,61.64,663300,61.20
2013-09-05,61.53,62.34,61.30,62.24,775600,61.80
2013-09-04,60.76,61.77,60.55,61.63,663900,61.19
2013-09-03,61.12,61.39,60.37,60.63,787800,60.20
2013-08-30,61.01,61.19,59.97,60.11,655000,59.69
2013-08-29,60.37,61.50,60.31,60.98,678500,60.55
2013-08-28,60.38,60.87,59.89,60.58,645100,60.15
2013-08-27,60.84,61.18,60.33,60.39,715300,59.96
2013-08-26,61.73,62.19,61.53,61.65,578200,61.21
2013-08-23,62.23,62.32,61.49,61.77,463400,61.33
2013-08-22,61.39,62.26,61.39,62.11,388200,61.67
2013-08-21,61.81,62.16,61.21,61.24,529200,60.81
2013-08-20,61.69,62.21,61.46,61.92,509500,61.48
2013-08-19,62.10,62.22,61.63,61.69,571100,61.25
2013-08-16,62.25,62.47,61.97,62.11,998700,61.67
2013-08-15,62.85,62.88,62.18,62.43,952700,61.99
2013-08-14,64.28,64.88,63.40,63.46,919200,63.01
2013-08-13,64.00,64.37,63.70,64.17,727300,63.72
2013-08-12,63.17,63.92,63.17,63.86,654900,63.41
2013-08-09,63.42,63.86,62.84,63.43,729900,62.98
2013-08-08,63.51,63.77,63.18,63.61,833400,63.16
2013-08-07,63.02,63.35,62.51,63.26,895500,62.81
2013-08-06,62.91,63.35,62.80,63.23,910800,62.78
2013-08-05,62.56,63.21,62.41,63.21,794600,62.76
2013-08-02,62.34,62.53,61.82,62.53,590600,62.09
2013-08-01,61.50,62.79,61.50,62.46,883200,62.02
2013-07-31,61.04,61.66,60.76,61.08,1364300,60.65
2013-07-30,60.46,61.09,59.84,60.88,1162500,60.45
2013-07-29,60.50,60.75,59.91,60.36,733800,59.93
2013-07-26,60.36,60.66,60.02,60.63,1270300,60.20
2013-07-25,59.93,60.81,59.65,60.79,679700,60.36
2013-07-24,60.04,60.44,59.70,59.88,1340700,59.46
2013-07-23,59.52,61.48,59.30,59.92,1406200,59.25
2013-07-22,60.97,61.75,60.38,60.43,1075400,59.75
2013-07-19,60.52,60.98,60.14,60.74,1214700,60.06
2013-07-18,60.52,60.55,59.97,60.45,958000,59.77
2013-07-17,60.48,60.79,60.06,60.23,661100,59.55
2013-07-16,60.97,61.47,60.16,60.19,863000,59.52
2013-07-15,61.20,61.31,60.27,60.88,1322000,60.20
2013-07-12,60.44,60.98,60.08,60.97,858900,60.29
2013-07-11,59.77,60.77,59.20,60.65,1379600,59.97
2013-07-10,58.78,59.16,58.24,58.85,864000,58.19
2013-07-09,59.23,59.50,58.68,58.89,1050200,58.23
2013-07-08,59.06,59.08,58.61,58.81,831900,58.15
2013-07-05,58.34,58.79,57.98,58.78,575700,58.12
2013-07-03,57.72,58.06,57.38,57.93,354700,57.28
2013-07-02,58.13,58.68,57.74,57.94,1149100,57.29
2013-07-01,58.00,58.52,57.65,58.25,837400,57.60
2013-06-28,58.34,58.49,57.64,57.69,2088200,57.04
2013-06-27,57.49,58.52,57.49,58.45,809700,57.79
2013-06-26,57.03,57.32,56.52,57.22,866300,56.58
2013-06-25,56.26,56.95,56.20,56.60,1336300,55.97
2013-06-24,56.14,56.61,55.49,55.80,1543200,55.17
2013-06-21,57.10,57.26,56.45,56.87,2218700,56.23
2013-06-20,58.17,58.17,56.61,56.71,1613200,56.07
2013-06-19,59.52,59.91,58.65,58.67,1661900,58.01
2013-06-18,58.95,59.73,58.47,59.57,1108000,58.90
2013-06-17,60.06,60.14,58.51,58.81,2226300,58.15
2013-06-14,59.26,60.00,59.13,59.72,1090600,59.05
2013-06-13,57.95,59.54,57.30,59.39,1288500,58.72
2013-06-12,59.12,59.13,57.92,58.05,567600,57.40
2013-06-11,58.73,59.22,58.36,58.65,778700,57.99
2013-06-10,59.18,59.52,58.86,59.46,1150000,58.79
2013-06-07,58.62,59.33,58.38,59.05,1259400,58.39
2013-06-06,57.05,58.21,56.96,58.21,1385800,57.56
2013-06-05,57.49,57.63,56.66,57.17,1504000,56.53
2013-06-04,58.12,58.47,56.78,57.77,1864100,57.12
2013-06-03,58.39,58.59,57.08,58.26,1197900,57.61
2013-05-31,58.37,59.59,58.22,58.24,1680400,57.59
2013-05-30,58.07,58.99,57.82,58.64,1326900,57.98
2013-05-29,57.16,58.06,57.05,57.88,777700,57.23
2013-05-28,58.00,58.49,57.41,57.70,767900,57.05
2013-05-24,56.20,57.59,56.05,57.47,1215100,56.83
2013-05-23,56.31,57.19,56.20,56.43,1499000,55.80
2013-05-22,57.86,58.54,56.94,57.06,1007600,56.42
2013-05-21,58.00,58.59,57.83,57.88,1006700,57.23
2013-05-20,57.64,58.46,57.43,58.08,748800,57.43
2013-05-17,57.61,58.21,57.35,57.82,1439100,57.17
2013-05-16,57.74,58.03,57.28,57.53,933700,56.89
2013-05-15,56.70,57.78,56.33,57.76,932700,57.11
2013-05-14,56.29,57.34,56.29,57.00,1233000,56.36
2013-05-13,55.65,56.42,55.52,56.25,829700,55.62
2013-05-10,55.81,56.17,55.35,55.75,1097100,55.12
2013-05-09,55.48,56.35,55.33,55.80,750200,55.17
2013-05-08,55.23,55.72,54.99,55.48,605200,54.86
2013-05-07,54.74,55.46,54.65,55.36,706300,54.74
2013-05-06,54.16,54.69,54.09,54.50,780000,53.89
2013-05-03,53.64,54.46,53.64,54.22,1772900,53.61
2013-05-02,53.70,53.80,52.98,53.25,1506700,52.65
2013-05-01,54.28,54.94,53.48,53.50,1442600,52.90
2013-04-30,54.38,54.84,53.86,54.35,1390300,53.74
2013-04-29,53.90,54.66,53.80,54.54,805300,53.93
2013-04-26,54.33,54.48,53.62,53.80,883100,53.20
2013-04-25,54.49,54.98,54.27,54.37,1226800,53.76
2013-04-24,52.95,54.52,52.95,54.37,1945100,53.76
2013-04-23,51.65,54.41,51.65,52.94,3200500,52.12
2013-04-22,50.34,50.38,49.67,50.05,1677100,49.27
2013-04-19,50.61,50.74,49.71,50.24,2394700,49.46
2013-04-18,51.95,52.09,50.49,50.60,1639500,49.82
2013-04-17,52.08,52.08,51.20,51.86,1482900,51.06
2013-04-16,51.91,52.53,51.32,52.52,1209300,51.71
2013-04-15,53.08,53.15,51.49,51.59,1059300,50.79
2013-04-12,53.72,54.20,53.28,53.35,975500,52.52
2013-04-11,53.90,54.77,53.78,53.94,1544600,53.10
2013-04-10,53.30,54.05,53.01,54.05,1205900,53.21
2013-04-09,52.94,53.51,52.86,53.28,1060300,52.45
2013-04-08,51.88,52.94,51.77,52.90,847400,52.08
2013-04-05,52.12,52.48,51.60,51.99,1364400,51.18
2013-04-04,51.90,52.84,51.87,52.78,1547300,51.96
2013-04-03,52.00,52.31,51.43,51.81,1509000,51.01
2013-04-02,51.92,52.60,51.70,51.89,1816200,51.09
2013-04-01,52.64,52.83,51.52,51.61,1226000,50.81
2013-03-28,51.55,52.81,51.35,52.75,1539600,51.93
2013-03-27,51.39,51.72,50.94,51.56,1039500,50.76
2013-03-26,52.25,52.33,51.18,51.65,2106200,50.85
2013-03-25,53.56,53.73,51.72,51.97,1634300,51.16
2013-03-22,53.28,53.62,53.06,53.39,1189400,52.56
2013-03-21,53.13,53.84,52.85,53.19,1692100,52.37
2013-03-20,53.53,54.20,53.41,53.49,1131200,52.66
2013-03-19,53.00,53.46,52.57,53.30,1508500,52.47
2013-03-18,52.12,53.24,51.88,52.78,887200,51.96
2013-03-15,52.14,53.21,52.08,52.69,2016700,51.87
2013-03-14,51.79,52.50,51.64,52.38,999000,51.57
2013-03-13,50.96,51.65,50.59,51.58,1417100,50.78
2013-03-12,51.71,51.74,50.55,50.92,1574800,50.13
2013-03-11,51.70,51.96,51.54,51.59,1386000,50.79
2013-03-08,51.96,52.06,51.55,51.69,1209000,50.89
2013-03-07,51.98,52.44,51.46,51.59,1238900,50.79
2013-03-06,52.98,52.98,51.67,51.92,2268500,51.11
2013-03-05,52.42,53.44,52.36,52.65,1425100,51.83
2013-03-04,52.22,52.34,51.54,51.99,920500,51.18
2013-03-01,52.62,52.79,51.69,52.23,1400200,51.42
2013-02-28,52.64,53.84,52.64,53.27,1401500,52.44
2013-02-27,50.73,52.86,50.73,52.62,919400,51.80
2013-02-26,50.86,51.11,50.22,50.74,1085200,49.95
2013-02-25,51.75,52.17,50.75,50.77,1782800,49.98
2013-02-22,51.15,51.83,51.05,51.56,1145200,50.76
2013-02-21,51.31,51.33,50.59,50.86,859100,50.07
2013-02-20,52.62,52.80,51.47,51.49,1016100,50.69
2013-02-19,52.90,53.46,52.58,52.62,1255800,51.80
2013-02-15,52.83,53.23,52.59,52.91,1379600,52.09
2013-02-14,52.72,53.19,52.72,52.83,1425900,52.01
2013-02-13,52.18,52.99,52.07,52.98,1520900,52.16
2013-02-12,51.32,52.29,51.21,52.03,1392500,51.22
2013-02-11,51.08,51.61,51.07,51.22,997500,50.43
2013-02-08,50.59,51.35,50.59,51.05,1708500,50.26
2013-02-07,51.09,51.22,50.10,50.53,1006600,49.75
2013-02-06,51.04,51.27,50.77,50.98,874600,50.19
2013-02-05,51.42,51.90,50.90,51.43,1082700,50.63
2013-02-04,50.60,51.51,50.58,51.00,985200,50.21
2013-02-01,51.01,51.32,50.48,51.01,1394300,50.22
2013-01-31,49.95,50.86,49.95,50.68,3225300,49.89
2013-01-30,51.20,51.37,49.66,49.90,3895700,49.13
2013-01-29,52.40,52.40,50.43,51.35,3890800,50.55
2013-01-28,53.28,53.33,52.76,52.83,1649800,52.01
2013-01-25,52.98,53.36,51.60,53.25,1496300,52.42
2013-01-24,52.98,53.24,52.70,52.85,1807500,52.03
2013-01-23,52.73,53.09,52.46,52.93,1593300,52.11
2013-01-22,52.53,53.04,52.22,52.97,1277000,51.92
2013-01-18,52.04,52.59,51.38,52.58,2744500,51.54
2013-01-17,51.00,52.08,51.00,51.85,1654300,50.82
2013-01-16,50.19,50.96,50.01,50.83,1201100,49.82
2013-01-15,49.97,50.51,49.87,50.31,952900,49.31
2013-01-14,50.27,50.44,50.10,50.34,898200,49.34
2013-01-11,50.51,50.65,50.34,50.39,860800,49.39
2013-01-10,50.91,50.96,50.17,50.60,737000,49.60
2013-01-09,49.75,50.58,49.70,50.57,1673900,49.57
2013-01-08,49.72,50.18,49.39,49.65,886500,48.67
2013-01-07,49.59,50.11,49.41,49.94,1287100,48.95
2013-01-04,50.31,50.31,49.73,49.94,1186800,48.95
2013-01-03,50.56,50.90,50.01,50.16,1102900,49.17
2013-01-02,50.06,50.83,49.96,50.61,1686200,49.61
2012-12-31,47.31,49.31,47.31,49.15,1995200,48.18
2012-12-28,47.61,48.01,47.42,47.51,1402000,46.57
2012-12-27,48.27,48.59,47.77,48.18,990100,47.23
2012-12-26,48.37,48.58,48.05,48.27,653500,47.32
2012-12-24,47.92,48.49,47.92,48.38,424200,47.42
2012-12-21,48.11,48.61,47.99,48.23,2051800,47.28
2012-12-20,48.86,48.95,48.37,48.78,1243600,47.82
2012-12-19,49.40,49.40,48.58,48.80,1070500,47.83
2012-12-18,49.00,49.50,48.82,49.25,2055200,48.28
2012-12-17,48.05,49.00,47.97,48.98,1542200,48.01
2012-12-14,47.82,48.33,47.70,47.96,957400,47.01
2012-12-13,47.47,47.99,47.32,47.84,1072600,46.89
2012-12-12,48.13,48.25,47.73,47.93,1466200,46.98
2012-12-11,48.10,48.44,47.70,47.91,1339700,46.96
2012-12-10,48.00,48.47,47.84,48.17,1002700,47.22
2012-12-07,47.97,48.13,47.43,48.04,1980600,47.09
2012-12-06,48.21,48.26,47.56,47.69,3348800,46.75
2012-12-05,48.48,48.49,47.59,48.21,1709900,47.26
2012-12-04,48.01,48.62,48.00,48.34,1085900,47.38
2012-12-03,48.74,48.99,47.81,47.92,1410600,46.97
2012-11-30,48.40,48.99,48.23,48.49,2048200,47.53
2012-11-29,48.14,48.99,48.10,48.92,2636100,47.95
2012-11-28,47.43,47.66,47.19,47.56,2734000,46.62
2012-11-27,47.60,48.01,47.13,47.60,3472600,46.66
2012-11-26,47.30,47.89,47.20,47.80,2471300,46.85
2012-11-23,46.29,47.66,46.18,47.66,1495000,46.72
2012-11-21,45.89,46.45,45.78,46.24,1752000,45.33
2012-11-20,45.82,46.14,45.69,46.07,2651000,45.16
2012-11-19,45.17,45.98,45.17,45.54,2551500,44.64
2012-11-16,43.89,45.02,43.89,44.84,2682200,43.95
2012-11-15,43.60,43.99,43.37,43.54,1440900,42.68
2012-11-14,44.18,44.51,43.63,43.74,2386700,42.87
2012-11-13,43.90,44.49,43.78,44.14,1744700,43.27
2012-11-12,44.53,44.63,43.98,44.19,1428200,43.32
2012-11-09,44.10,45.03,43.68,44.41,2404100,43.53
2012-11-08,44.83,45.34,44.46,44.46,1468800,43.58
2012-11-07,45.46,46.00,44.84,45.01,2888800,44.12
2012-11-06,45.60,46.12,45.16,46.01,2725300,45.10
2012-11-05,45.58,46.00,45.03,45.54,2334300,44.64
2012-11-02,45.84,46.11,45.15,45.75,4347100,44.84
2012-11-01,42.00,45.59,41.95,45.52,8227700,44.62
2012-10-31,41.56,42.88,41.50,42.24,2645800,41.40
2012-10-26,41.32,41.81,41.01,41.09,2040100,40.28
2012-10-25,41.32,41.44,40.87,41.25,1719700,40.43
2012-10-24,40.87,41.09,40.30,40.87,3274000,40.06
2012-10-23,41.63,41.65,40.74,40.95,2487400,39.92
2012-10-22,42.51,42.93,41.91,42.16,1867700,41.10
2012-10-19,42.74,42.87,41.91,42.58,4240400,41.51
2012-10-18,43.44,44.04,43.09,43.14,2209800,42.06
2012-10-17,43.83,44.34,43.49,43.65,2733000,42.56
2012-10-16,44.00,44.51,43.71,43.84,2059400,42.74
2012-10-15,43.60,43.93,43.04,43.91,1690700,42.81
2012-10-12,43.87,44.05,43.20,43.63,1840100,42.54
2012-10-11,43.85,43.99,43.42,43.71,2394100,42.62
2012-10-10,44.21,44.61,43.43,43.58,3800800,42.49
2012-10-09,45.30,46.12,44.37,44.39,3641200,43.28
2012-10-08,45.17,45.37,44.10,45.33,4239100,44.19
2012-10-05,44.94,46.57,44.56,45.46,5771300,44.32
2012-10-04,44.53,44.61,43.88,44.53,4259200,43.41
2012-10-03,43.15,44.76,43.09,44.21,5840300,43.10
2012-10-02,42.75,43.28,42.25,43.04,7648600,41.96
2012-10-01,44.10,44.87,41.97,42.48,11056300,41.42
2012-09-28,43.34,45.00,43.07,44.51,27976400,43.40
2012-09-27,42.28,43.54,42.28,43.38,3866800,42.29
2012-09-26,42.62,42.72,41.69,41.89,2703200,40.84
2012-09-25,43.67,43.86,42.54,42.73,3424400,41.66
2012-09-24,44.30,44.39,43.35,43.60,2112100,42.51
2012-09-21,43.94,44.25,43.18,44.04,2930800,42.94
2012-09-20,43.69,44.03,43.37,43.64,1629400,42.55
2012-09-19,42.62,44.47,42.52,44.16,3520200,43.05
2012-09-18,42.23,42.89,42.20,42.77,1857300,41.70
2012-09-17,42.82,43.76,41.97,42.35,1708100,41.29
2012-09-14,43.45,43.93,42.83,42.99,1569600,41.91
2012-09-13,43.81,43.90,43.00,43.38,1717100,42.29
2012-09-12,43.23,44.04,43.12,43.89,1027700,42.79
2012-09-11,43.10,43.32,42.87,43.03,758800,41.95
2012-09-10,43.35,43.93,43.09,43.22,484100,42.14
2012-09-07,43.60,43.69,43.17,43.30,744100,42.22
2012-09-06,43.00,43.73,42.79,43.45,1716800,42.36
2012-09-05,43.35,43.57,42.59,42.89,858800,41.82
2012-09-04,42.47,43.62,42.46,43.41,992000,42.32
2012-08-31,42.32,43.38,42.12,42.50,796000,41.44
2012-08-30,41.81,42.03,41.61,41.89,559200,40.84
2012-08-29,42.22,42.34,41.77,42.03,1008100,40.98
2012-08-28,42.56,42.62,42.12,42.18,815100,41.12
2012-08-27,43.34,43.37,42.49,42.61,1677100,41.54
2012-08-24,43.17,43.46,42.63,43.17,588700,42.09
2012-08-23,44.31,44.37,43.31,43.38,711400,42.29
2012-08-22,44.40,45.21,44.24,44.45,1683300,43.34
2012-08-21,44.11,44.70,43.96,44.52,973400,43.40
2012-08-20,43.74,44.34,43.67,44.13,1127300,43.02
2012-08-17,43.07,43.83,43.00,43.80,516600,42.70
2012-08-16,42.45,43.14,42.24,43.10,953600,42.02
2012-08-15,42.27,42.55,42.16,42.49,748700,41.43
2012-08-14,42.75,42.91,42.14,42.25,582700,41.19
2012-08-13,42.88,43.30,42.37,42.52,810100,41.45
2012-08-10,42.90,43.27,42.54,42.87,1157700,41.80
2012-08-09,43.48,43.65,42.94,42.97,1180400,41.89
2012-08-08,43.58,43.86,43.23,43.46,528500,42.37
2012-08-07,43.80,44.15,43.65,43.91,428800,42.81
2012-08-06,43.89,44.31,43.49,43.50,363300,42.41
2012-08-03,44.06,44.06,43.40,43.69,813400,42.60
2012-08-02,42.62,43.35,42.40,42.91,885800,41.84
2012-08-01,44.31,44.70,42.97,43.07,683900,41.99
2012-07-31,44.05,44.31,43.37,43.83,1031300,42.73
2012-07-30,44.70,44.81,44.16,44.28,462200,43.17
2012-07-27,43.18,45.03,42.92,44.75,1136500,43.63
2012-07-26,41.96,43.01,41.73,43.01,942800,41.93
2012-07-25,41.58,42.00,41.14,41.34,944200,40.30
2012-07-24,40.26,42.44,40.26,41.46,2101300,40.21
2012-07-23,39.19,39.98,38.91,39.61,843900,38.41
2012-07-20,40.31,40.45,39.59,39.75,554500,38.55
2012-07-19,40.25,40.74,39.91,40.68,745700,39.45
2012-07-18,38.93,40.38,38.91,39.94,426300,38.73
2012-07-17,38.50,39.32,38.29,39.11,649400,37.93
2012-07-16,38.71,38.71,38.14,38.24,368900,37.08
2012-07-13,38.00,39.05,37.94,38.85,492900,37.68
2012-07-12,37.60,38.17,37.43,37.98,527900,36.83
2012-07-11,38.12,38.28,37.78,37.98,742000,36.83
2012-07-10,39.66,39.93,38.08,38.30,912800,37.14
2012-07-09,39.20,39.63,39.08,39.55,893700,38.35
2012-07-06,39.74,39.85,38.95,39.29,955400,38.10
2012-07-05,39.66,40.20,39.66,40.09,963500,38.88
2012-07-03,38.78,39.79,38.60,39.76,369700,38.56
2012-07-02,38.48,38.77,37.93,38.72,864700,37.55
2012-06-29,37.91,38.69,37.61,38.28,1445800,37.12
2012-06-28,36.91,37.18,36.31,37.11,1270600,35.99
2012-06-27,37.51,37.55,37.20,37.35,624300,36.22
2012-06-26,37.49,37.49,36.81,37.15,1075800,36.03
2012-06-25,38.16,38.16,37.35,37.41,817300,36.28
2012-06-22,39.18,39.22,38.43,38.59,1025200,37.42
2012-06-21,39.85,40.14,38.94,38.99,1110100,37.81
2012-06-20,39.99,40.20,39.64,39.87,709500,38.67
2012-06-19,39.38,40.69,39.35,40.09,984600,38.88
2012-06-18,38.75,39.53,38.50,39.36,597500,38.17
2012-06-15,39.00,39.29,38.76,38.98,1488100,37.80
2012-06-14,38.85,39.20,38.69,38.98,552600,37.80
2012-06-13,39.51,39.51,38.65,38.84,769800,37.67
2012-06-12,38.93,39.56,38.86,39.55,906500,38.35
2012-06-11,40.12,40.25,38.88,38.92,567900,37.74
2012-06-08,39.25,40.00,38.98,39.81,744600,38.61
2012-06-07,39.96,40.28,39.12,39.25,2271900,38.06
2012-06-06,39.42,39.65,39.14,39.52,1133000,38.33
2012-06-05,39.02,39.33,38.67,39.15,589400,37.97
2012-06-04,39.88,39.95,38.59,39.13,1110000,37.95
2012-06-01,39.95,40.59,39.76,39.85,1009200,38.65
2012-05-31,40.91,41.09,39.46,40.76,1244500,39.53
2012-05-30,41.57,41.63,40.73,40.86,877300,39.63
2012-05-29,41.92,42.37,41.73,42.01,909800,40.74
2012-05-25,42.55,42.80,41.48,41.60,889000,40.34
2012-05-24,42.72,42.72,42.02,42.60,645400,41.31
2012-05-23,41.93,42.74,41.24,42.70,624000,41.41
2012-05-22,41.30,42.53,41.12,42.33,915700,41.05
2012-05-21,40.76,41.20,40.45,41.08,882200,39.84
2012-05-18,40.64,40.98,40.36,40.53,893700,39.31
2012-05-17,41.53,41.58,40.43,40.47,872500,39.25
2012-05-16,42.64,42.71,41.60,41.62,925400,40.36
2012-05-15,42.08,42.80,41.97,42.43,827600,41.15
2012-05-14,42.98,42.98,41.99,42.06,975500,40.79
2012-05-11,42.51,43.63,42.43,43.47,760500,42.16
2012-05-10,42.95,43.36,42.53,42.68,435000,41.39
2012-05-09,42.41,43.24,41.87,42.66,821800,41.37
2012-05-08,42.26,43.06,42.20,43.03,1002200,41.73
2012-05-07,42.48,42.80,42.43,42.60,503700,41.31
2012-05-04,43.12,43.12,42.34,42.67,717500,41.38
2012-05-03,43.57,43.79,43.25,43.27,762300,41.96
2012-05-02,43.07,43.67,42.84,43.57,1039600,42.25
2012-05-01,43.55,44.12,43.05,43.39,604500,42.08
2012-04-30,43.65,43.95,43.24,43.34,1268000,42.03
2012-04-27,44.12,44.12,43.57,43.64,1101600,42.32
2012-04-26,44.18,44.64,43.68,43.84,1727500,42.52
2012-04-25,44.08,44.47,43.72,44.30,1196200,42.96
2012-04-24,44.43,45.21,43.43,44.05,1239100,42.51
2012-04-23,44.22,44.35,43.34,44.11,940000,42.56
2012-04-20,44.37,45.27,44.37,44.80,708500,43.23
2012-04-19,44.33,44.78,43.70,44.24,761200,42.69
2012-04-18,43.88,44.48,43.60,44.40,936900,42.84
2012-04-17,44.25,44.45,43.95,44.13,1923700,42.58
2012-04-16,44.22,44.33,43.87,43.93,1290500,42.39
2012-04-13,44.06,44.36,43.80,44.05,1031600,42.51
2012-04-12,44.30,44.46,43.86,44.16,2138900,42.61
2012-04-11,44.04,44.10,43.36,43.79,896500,42.25
2012-04-10,44.97,44.97,43.34,43.55,1534800,42.02
2012-04-09,45.11,45.16,44.62,45.10,713400,43.52
2012-04-05,45.87,46.12,45.69,45.76,1101100,44.16
2012-04-04,46.36,46.40,45.64,46.11,3487700,44.49
2012-04-03,47.06,47.21,46.44,46.71,903800,45.07
2012-04-02,47.38,47.59,46.73,47.12,1095600,45.47
2012-03-30,47.19,47.82,46.75,47.61,2258300,45.94
2012-03-29,46.18,47.32,45.75,47.14,3327000,45.49
2012-03-28,47.07,48.77,45.53,46.32,8221900,44.70
2012-03-27,39.95,40.37,39.79,40.26,483800,38.85
2012-03-26,39.37,39.93,39.37,39.89,349000,38.49
2012-03-23,39.10,39.17,38.53,38.87,330400,37.51
2012-03-22,39.01,39.16,38.38,39.08,733600,37.71
2012-03-21,39.52,39.65,39.12,39.44,308500,38.06
2012-03-20,39.69,39.78,39.35,39.54,344600,38.15
2012-03-19,39.79,40.12,39.60,39.98,319300,38.58
2012-03-16,39.93,40.11,39.74,39.83,821600,38.43
2012-03-15,39.51,40.00,39.27,39.90,279500,38.50
2012-03-14,39.71,39.87,39.26,39.49,228000,38.11
2012-03-13,39.03,39.75,38.97,39.75,364300,38.36
2012-03-12,38.64,38.99,38.50,38.93,439700,37.56
2012-03-09,38.23,38.87,38.10,38.69,352800,37.33
2012-03-08,37.80,38.30,37.60,38.24,312000,36.90
2012-03-07,37.13,37.70,37.11,37.53,1749900,36.21
2012-03-06,37.73,37.76,37.00,37.15,512000,35.85
2012-03-05,38.31,38.32,37.92,38.18,396900,36.84
2012-03-02,38.78,38.78,38.30,38.36,667400,37.01
2012-03-01,38.54,39.08,38.47,38.63,615300,37.28
2012-02-29,38.85,39.25,38.50,38.50,1570700,37.15
2012-02-28,39.24,39.25,38.48,38.84,663200,37.48
2012-02-27,38.45,39.49,38.14,39.28,521800,37.90
2012-02-24,38.98,39.39,38.61,38.83,385700,37.47
2012-02-23,38.59,39.12,38.51,39.03,242400,37.66
2012-02-22,38.97,39.20,38.56,38.63,397800,37.28
2012-02-21,39.47,39.70,38.99,39.12,370600,37.75
2012-02-17,39.20,39.46,39.11,39.13,336900,37.76
2012-02-16,38.58,39.20,38.39,39.05,385100,37.68
2012-02-15,39.00,39.06,38.39,38.60,449000,37.25
2012-02-14,38.27,38.83,38.27,38.83,286500,37.47
2012-02-13,38.40,38.70,37.92,38.63,380800,37.28
2012-02-10,38.25,38.30,37.72,38.07,464300,36.74
2012-02-09,38.65,38.73,38.32,38.66,309700,37.30
2012-02-08,38.50,38.68,38.18,38.56,244400,37.21
2012-02-07,38.00,38.64,37.85,38.44,317300,37.09
2012-02-06,38.08,38.25,38.00,38.07,270700,36.74
2012-02-03,38.20,38.69,38.14,38.26,379800,36.92
2012-02-02,37.90,38.22,37.56,37.65,340500,36.33
2012-02-01,37.56,38.04,36.99,37.94,661700,36.61
2012-01-31,37.29,37.44,36.04,36.82,538500,35.53
2012-01-30,36.36,37.27,36.18,37.03,482900,35.73
2012-01-27,36.48,37.06,36.48,36.69,559200,35.40
2012-01-26,37.48,37.48,36.57,36.68,485700,35.39
2012-01-25,36.69,37.32,36.23,37.21,404600,35.91
2012-01-24,36.67,37.25,36.61,36.85,440200,35.35
2012-01-23,37.25,37.78,36.80,36.96,241400,35.45
2012-01-20,37.57,37.66,37.10,37.22,386500,35.70
2012-01-19,37.44,37.80,37.14,37.63,320500,36.09
2012-01-18,36.83,37.21,36.60,37.20,580400,35.68
2012-01-17,36.95,37.24,36.87,36.88,419500,35.37
2012-01-13,36.49,36.56,36.19,36.48,656400,34.99
2012-01-12,36.44,36.85,36.13,36.76,474300,35.26
2012-01-11,35.94,36.59,35.90,36.35,403200,34.87
2012-01-10,36.00,36.13,35.84,36.08,470500,34.61
2012-01-09,35.31,35.70,35.20,35.60,666900,34.15
2012-01-06,35.52,35.55,35.06,35.25,571100,33.81
2012-01-05,34.44,35.59,34.27,35.46,1162100,34.01
2012-01-04,34.07,34.71,33.88,34.59,936600,33.18
2012-01-03,34.11,34.60,33.94,34.12,689300,32.73
2011-12-30,33.61,33.73,33.29,33.29,485700,31.93
2011-12-29,33.12,33.63,32.93,33.55,995100,32.18
2011-12-28,33.62,33.62,32.75,32.92,435100,31.58
2011-12-27,33.51,33.73,33.23,33.56,360800,32.19
2011-12-23,33.11,33.54,32.93,33.51,460100,32.14
2011-12-22,33.34,33.34,32.63,32.94,1068300,31.60
2011-12-21,33.43,33.44,32.68,33.19,894700,31.84
2011-12-20,33.11,33.74,33.11,33.43,875400,32.07
2011-12-19,33.43,33.61,32.50,32.62,1055900,31.29
2011-12-16,33.74,34.20,33.02,33.19,2197100,31.84
2011-12-15,34.25,34.33,33.46,33.54,2034500,32.17
2011-12-14,34.24,34.95,33.88,33.92,1954100,32.54
2011-12-13,36.42,36.70,35.65,36.01,890300,34.54
2011-12-12,36.28,36.30,35.53,36.14,428100,34.66
2011-12-09,36.06,36.90,36.06,36.74,625800,35.24
2011-12-08,36.47,36.74,35.96,36.04,817200,34.57
2011-12-07,36.79,37.08,36.29,36.82,1413000,35.32
2011-12-06,37.40,37.50,36.86,36.98,940800,35.47
2011-12-05,37.66,37.69,37.05,37.35,722200,35.83
2011-12-02,36.52,37.61,36.52,37.11,691200,35.59
2011-12-01,37.86,38.18,37.19,37.23,695700,35.71
2011-11-30,37.39,38.05,37.13,38.03,1114600,36.48
2011-11-29,35.80,36.43,35.56,35.83,841500,34.37
2011-11-28,35.75,36.37,35.22,35.58,821100,34.13
2011-11-25,34.37,35.03,34.32,34.57,210700,33.16
2011-11-23,35.54,35.62,34.50,34.59,520100,33.18
2011-11-22,36.12,36.25,35.50,35.97,497900,34.50
2011-11-21,36.19,36.36,35.65,36.05,621500,34.58
2011-11-18,37.02,37.25,36.49,36.83,348800,35.33
2011-11-17,37.38,37.47,36.42,36.69,871400,35.19
2011-11-16,37.64,38.62,37.51,37.62,581500,36.08
2011-11-15,37.38,38.35,37.00,38.13,815700,36.57
2011-11-14,37.65,37.74,37.07,37.46,515200,35.93
2011-11-11,36.79,37.82,36.79,37.76,482100,36.22
2011-11-10,36.57,36.77,36.08,36.47,456500,34.98
2011-11-09,36.39,36.58,35.69,36.07,704800,34.60
2011-11-08,37.07,37.46,36.11,37.42,505800,35.89
2011-11-07,36.89,37.06,35.86,36.92,596000,35.41
2011-11-04,36.55,37.05,36.12,36.96,370400,35.45
2011-11-03,35.67,37.11,35.33,37.01,694200,35.50
2011-11-02,35.11,35.48,34.72,35.26,630400,33.82
2011-11-01,34.53,35.26,34.01,34.47,1023000,33.06
2011-10-31,36.39,36.82,35.77,35.95,647600,34.48
2011-10-28,37.20,37.26,36.20,36.83,1049500,35.33
2011-10-27,37.28,38.23,36.83,37.13,1212200,35.61
2011-10-26,36.89,37.56,35.74,36.79,795600,35.29
2011-10-25,37.14,37.39,36.20,36.64,555000,34.95
2011-10-24,36.32,37.55,36.32,37.48,353100,35.75
2011-10-21,35.71,36.32,35.35,36.31,480200,34.64
2011-10-20,35.33,35.66,34.63,35.20,868200,33.58
2011-10-19,35.68,35.85,35.18,35.37,952300,33.74
2011-10-18,35.41,35.84,34.61,35.65,1443300,34.01
2011-10-17,36.16,36.27,35.06,35.21,974900,33.59
2011-10-14,35.86,36.55,35.59,36.34,501500,34.67
2011-10-13,35.79,35.96,35.13,35.36,787500,33.73
2011-10-12,35.52,36.58,35.51,36.16,639800,34.49
2011-10-11,34.82,35.65,34.81,35.32,646600,33.69
2011-10-10,34.83,35.41,34.65,35.05,524300,33.44
2011-10-07,34.71,34.92,33.98,34.15,506100,32.58
2011-10-06,33.57,34.53,33.28,34.48,553400,32.89
2011-10-05,33.00,33.70,32.50,33.57,604000,32.02
2011-10-04,30.57,32.75,30.38,32.72,934900,31.21
2011-10-03,31.71,32.56,30.86,30.97,1084600,29.54
2011-09-30,31.94,32.78,31.73,32.01,1076400,30.54
2011-09-29,32.98,33.39,32.07,32.57,1442100,31.07
2011-09-28,33.55,34.09,32.13,32.30,827900,30.81
2011-09-27,33.58,34.39,33.08,33.30,837900,31.77
2011-09-26,31.98,32.61,31.06,32.55,824200,31.05
2011-09-23,31.38,32.23,31.20,31.66,923400,30.20
2011-09-22,31.57,32.22,31.22,31.58,1377600,30.13
2011-09-21,33.56,33.58,32.76,32.77,1145700,31.26
2011-09-20,34.05,34.41,33.58,33.61,879300,32.06
2011-09-19,33.28,34.14,32.92,33.95,830000,32.39
2011-09-16,34.52,34.63,33.70,33.97,1103100,32.41
2011-09-15,33.71,34.25,33.34,34.15,1045500,32.58
2011-09-14,32.84,33.77,31.98,33.32,933200,31.79
2011-09-13,31.87,32.72,31.77,32.46,786000,30.96
2011-09-12,30.89,31.76,30.80,31.66,840900,30.20
2011-09-09,32.33,32.40,31.18,31.31,1127300,29.87
2011-09-08,32.93,33.39,32.48,32.59,1247600,31.09
2011-09-07,32.56,33.48,32.41,33.30,656400,31.77
2011-09-06,31.14,32.18,31.03,31.98,837000,30.51
2011-09-02,32.36,32.96,31.90,32.15,470800,30.67
2011-09-01,34.51,34.63,33.32,33.40,939200,31.86
2011-08-31,34.89,35.49,34.04,34.32,1056400,32.74
2011-08-30,34.19,34.90,33.88,34.62,510500,33.03
2011-08-29,33.65,34.64,33.56,34.55,563200,32.96
2011-08-26,31.62,33.11,31.10,33.01,505000,31.49
2011-08-25,33.25,33.38,31.66,31.89,524300,30.42
2011-08-24,32.11,33.02,31.81,32.92,487300,31.40
2011-08-23,30.94,32.11,30.62,32.11,530300,30.63
2011-08-22,31.04,31.24,30.66,30.78,761100,29.36
2011-08-19,30.35,31.40,30.22,30.26,588100,28.87
2011-08-18,31.56,31.73,30.71,30.95,1021200,29.52
2011-08-17,33.28,33.47,32.47,32.77,344700,31.26
2011-08-16,33.16,33.33,32.66,33.05,623800,31.53
2011-08-15,33.07,33.66,33.05,33.66,555200,32.11
2011-08-12,32.87,33.16,32.37,32.84,731300,31.33
2011-08-11,30.84,33.02,30.70,32.55,743900,31.05
2011-08-10,31.16,31.94,30.58,30.59,1608000,29.18
2011-08-09,30.81,31.99,29.73,31.99,1182200,30.52
2011-08-08,32.52,32.90,30.08,30.08,1561800,28.69
2011-08-05,34.28,34.49,32.70,33.53,1633700,31.99
2011-08-04,35.06,35.09,33.61,33.76,1548400,32.20
2011-08-03,35.34,35.66,34.55,35.51,691400,33.87
2011-08-02,36.30,36.74,35.36,35.37,790100,33.74
2011-08-01,37.35,37.52,36.15,36.56,1061400,34.88
2011-07-29,36.72,37.41,36.55,36.81,589200,35.11
2011-07-28,37.80,38.10,37.19,37.22,1019200,35.51
2011-07-27,38.85,38.85,37.46,37.88,1150200,36.14
2011-07-26,40.36,40.36,38.10,38.90,1922300,36.92
2011-07-25,40.16,41.17,39.92,40.73,752300,38.65
2011-07-22,40.74,40.96,40.48,40.48,691500,38.42
2011-07-21,40.89,41.17,40.47,40.74,557500,38.66
2011-07-20,40.83,41.00,40.35,40.63,332000,38.56
2011-07-19,40.16,40.75,40.16,40.71,387600,38.64
2011-07-18,40.38,40.39,39.63,39.90,426800,37.87
2011-07-15,40.50,40.56,40.01,40.53,471100,38.46
2011-07-14,41.20,41.38,40.12,40.36,426000,38.30
2011-07-13,41.09,41.61,40.95,41.01,481300,38.92
2011-07-12,40.99,41.44,40.91,41.01,597900,38.92
2011-07-11,41.44,41.51,40.77,41.22,716400,39.12
2011-07-08,41.68,42.06,41.50,42.06,572200,39.92
2011-07-07,41.78,42.43,41.71,42.25,1125000,40.10
2011-07-06,41.37,41.55,41.22,41.45,955500,39.34
2011-07-05,41.35,41.65,41.16,41.45,633700,39.34
2011-07-01,40.31,41.38,40.30,41.27,427500,39.17
2011-06-30,39.71,40.65,39.59,40.36,638600,38.30
2011-06-29,39.57,39.73,39.07,39.57,659300,37.55
2011-06-28,39.05,39.41,38.84,39.36,369300,37.35
2011-06-27,38.71,39.16,38.47,38.83,599100,36.85
2011-06-24,39.26,39.40,38.57,38.74,1137600,36.77
2011-06-23,38.34,39.20,38.08,39.20,1087700,37.20
2011-06-22,38.96,39.25,38.75,38.90,896100,36.92
2011-06-21,38.48,39.13,38.36,38.97,877400,36.98
2011-06-20,37.65,38.34,37.65,38.18,517800,36.23
2011-06-17,37.99,38.00,37.66,37.79,634200,35.86
2011-06-16,37.46,37.81,37.14,37.59,738100,35.67
2011-06-15,37.48,37.84,37.30,37.48,868700,35.57
2011-06-14,37.53,38.13,37.38,37.89,428200,35.96
2011-06-13,37.18,37.40,36.98,37.11,358600,35.22
2011-06-10,37.58,37.58,36.91,37.00,527600,35.11
2011-06-09,37.37,37.97,37.07,37.82,772100,35.89
2011-06-08,37.44,37.56,37.15,37.25,521100,35.35
2011-06-07,37.94,38.02,37.46,37.47,706600,35.56
2011-06-06,38.23,38.38,37.61,37.69,743200,35.77
2011-06-03,38.92,38.92,38.08,38.26,718200,36.31
2011-06-02,38.99,39.36,38.65,38.89,566200,36.91
2011-06-01,40.39,40.49,38.95,38.95,751600,36.96
2011-05-31,40.22,40.49,39.74,40.48,651400,38.42
2011-05-27,39.60,40.00,39.52,39.85,614700,37.82
2011-05-26,39.19,39.45,38.72,39.36,721000,37.35
2011-05-25,38.25,39.51,38.12,39.41,822900,37.40
2011-05-24,38.53,38.76,38.09,38.38,389900,36.42
2011-05-23,38.53,38.68,38.19,38.47,451000,36.51
2011-05-20,39.45,39.56,38.86,39.01,395800,37.02
2011-05-19,39.51,39.84,39.16,39.57,365200,37.55
2011-05-18,38.85,39.47,38.71,39.38,327500,37.37
2011-05-17,38.96,39.11,38.39,38.85,666600,36.87
2011-05-16,39.17,39.66,39.07,39.20,456900,37.20
2011-05-13,39.98,40.07,39.26,39.41,440900,37.40
2011-05-12,39.25,39.98,38.94,39.93,592000,37.89
2011-05-11,39.96,39.96,39.16,39.36,320800,37.35
2011-05-10,39.49,40.15,39.44,40.00,413500,37.96
2011-05-09,39.03,39.74,38.88,39.43,411000,37.42
2011-05-06,39.45,39.75,38.88,39.07,358300,37.08
2011-05-05,39.07,39.53,38.74,38.99,394400,37.00
2011-05-04,39.81,39.91,39.18,39.32,581900,37.32
2011-05-03,39.98,40.50,39.72,39.82,501700,37.79
2011-05-02,40.39,40.57,40.19,40.25,564600,38.20
2011-04-29,40.00,40.34,39.94,40.16,738000,38.11
2011-04-28,39.63,39.96,39.57,39.94,834100,37.90
2011-04-27,39.64,39.86,38.91,39.61,810600,37.59
2011-04-26,39.79,40.28,39.31,39.67,1600000,37.46
2011-04-25,38.72,39.03,38.57,38.92,769900,36.75
2011-04-21,38.25,38.74,38.25,38.72,539100,36.56
2011-04-20,38.05,38.50,38.05,38.28,440300,36.15
2011-04-19,37.23,37.60,37.15,37.52,551700,35.43
2011-04-18,37.31,37.37,36.74,37.00,1020900,34.94
2011-04-15,37.74,37.97,37.60,37.84,771000,35.73
2011-04-14,37.64,37.90,37.38,37.70,706600,35.60
2011-04-13,38.17,38.35,37.84,37.97,522900,35.85
2011-04-12,38.41,38.48,37.85,38.01,479800,35.89
2011-04-11,38.83,39.11,38.40,38.64,525900,36.49
2011-04-08,39.39,39.49,38.64,38.89,877700,36.72
2011-04-07,39.47,39.70,39.00,39.24,759800,37.05
2011-04-06,39.47,39.77,39.34,39.48,1017100,37.28
2011-04-05,38.84,39.33,38.47,39.25,1459700,37.06
2011-04-04,38.65,39.10,38.46,38.50,1505900,36.35
2011-04-01,38.02,38.15,37.88,38.00,476700,35.88
2011-03-31,37.76,38.21,37.69,37.79,477800,35.68
2011-03-30,37.81,37.87,37.44,37.73,663600,35.63
2011-03-29,37.32,37.64,37.20,37.64,382200,35.54
2011-03-28,37.37,37.66,37.24,37.31,302100,35.23
2011-03-25,37.29,37.67,37.14,37.29,361000,35.21
2011-03-24,37.00,37.42,36.56,37.23,425100,35.15
2011-03-23,36.91,36.99,36.32,36.86,283800,34.81
2011-03-22,37.04,37.28,36.92,37.08,696800,35.01
2011-03-21,36.59,37.36,36.59,37.08,368000,35.01
2011-03-18,36.30,36.48,35.98,36.12,300000,34.11
2011-03-17,36.09,36.26,35.68,35.89,357100,33.89
2011-03-16,35.63,36.02,35.27,35.44,570300,33.46
2011-03-15,34.97,36.03,34.85,35.72,435100,33.73
2011-03-14,35.91,36.21,35.75,35.98,566100,33.97
2011-03-11,35.63,36.33,35.63,36.16,597200,34.14
2011-03-10,36.37,36.46,35.81,35.94,493600,33.94
2011-03-09,37.06,37.22,36.67,36.89,627200,34.83
2011-03-08,36.10,37.34,35.93,37.10,629900,35.03
2011-03-07,36.75,36.86,35.58,36.04,961400,34.03
2011-03-04,37.36,37.39,36.40,36.70,442500,34.65
2011-03-03,36.92,37.63,36.92,37.35,341600,35.27
2011-03-02,36.33,36.77,36.26,36.53,372700,34.49
2011-03-01,37.31,37.38,36.29,36.43,347500,34.40
2011-02-28,37.35,37.71,37.03,37.08,324600,35.01
2011-02-25,36.76,37.35,36.54,37.21,334900,35.14
2011-02-24,36.76,37.09,36.25,36.53,626400,34.49
2011-02-23,37.38,37.79,36.45,36.81,608900,34.76
2011-02-22,38.18,38.54,37.29,37.30,470300,35.22
2011-02-18,38.53,38.97,38.38,38.58,400500,36.43
2011-02-17,37.98,38.67,37.91,38.54,257000,36.39
2011-02-16,38.10,38.57,38.03,38.05,433500,35.93
2011-02-15,38.09,38.14,37.84,38.05,174900,35.93
2011-02-14,38.20,38.26,38.06,38.17,174900,36.04
2011-02-11,37.83,38.22,37.76,38.14,223800,36.01
2011-02-10,37.59,38.26,37.59,37.96,204200,35.84
2011-02-09,37.96,37.99,37.51,37.72,309700,35.62
2011-02-08,38.11,38.23,37.85,38.08,244600,35.96
2011-02-07,38.18,38.39,37.90,38.12,302100,35.99
2011-02-04,37.61,38.24,37.37,38.18,415000,36.05
2011-02-03,37.68,37.87,37.25,37.71,553600,35.61
2011-02-02,37.05,37.95,36.94,37.66,731200,35.56
2011-02-01,36.36,37.28,36.27,37.28,690700,35.20
2011-01-31,35.88,36.39,35.84,36.17,942600,34.15
2011-01-28,36.49,36.87,35.64,35.77,665500,33.78
2011-01-27,36.61,36.75,36.08,36.42,464600,34.39
2011-01-26,36.58,36.82,36.42,36.66,539600,34.62
2011-01-25,36.35,36.64,36.11,36.64,402200,34.41
2011-01-24,35.65,36.53,35.63,36.45,497000,34.23
2011-01-21,36.09,36.16,35.55,35.57,365100,33.40
2011-01-20,36.33,36.50,35.78,35.82,494800,33.64
2011-01-19,37.08,37.34,36.33,36.49,312400,34.27
2011-01-18,36.88,37.15,36.62,37.13,687700,34.87
2011-01-14,36.98,37.00,36.69,36.98,221500,34.73
2011-01-13,36.84,37.19,36.84,37.05,375400,34.79
2011-01-12,36.75,37.15,36.68,36.90,387400,34.65
2011-01-11,36.17,36.62,36.01,36.51,563800,34.29
2011-01-10,35.94,36.24,35.06,36.05,1027200,33.85
2011-01-07,36.63,37.11,36.12,36.52,410100,34.30
2011-01-06,36.48,37.20,36.48,36.58,463200,34.35
2011-01-05,36.23,36.79,36.23,36.41,389800,34.19
2011-01-04,36.97,37.04,35.87,36.39,419300,34.17
2011-01-03,36.83,37.21,36.75,36.98,323000,34.73
2010-12-31,36.68,36.81,36.48,36.51,195400,34.29
2010-12-30,36.64,36.88,36.58,36.76,262100,34.52
2010-12-29,36.80,36.90,36.55,36.62,153900,34.39
2010-12-28,36.77,36.84,36.23,36.75,320100,34.51
2010-12-27,36.38,36.65,36.18,36.59,194800,34.36
2010-12-23,36.41,36.80,36.25,36.56,313800,34.33
2010-12-22,37.05,37.19,36.48,36.50,798200,34.28
2010-12-21,36.46,37.22,36.44,37.15,470100,34.89
2010-12-20,36.57,36.63,36.26,36.43,503300,34.21
2010-12-17,36.33,36.46,35.99,36.39,897800,34.17
2010-12-16,35.74,36.39,35.51,36.38,908400,34.16
2010-12-15,35.77,36.04,35.58,35.59,339100,33.42
2010-12-14,35.88,36.03,35.56,35.78,629300,33.60
2010-12-13,35.62,36.02,35.33,35.88,681200,33.69
2010-12-10,35.22,35.65,35.22,35.50,483200,33.34
2010-12-09,35.12,35.21,34.79,35.20,566700,33.06
2010-12-08,34.81,35.25,34.73,35.00,552600,32.87
2010-12-07,34.50,35.16,34.43,34.85,813700,32.73
2010-12-06,34.12,34.49,33.92,34.27,315900,32.18
2010-12-03,33.92,34.17,33.71,34.04,649600,31.97
2010-12-02,33.51,34.09,33.46,33.98,437400,31.91
2010-12-01,33.38,33.81,33.38,33.51,599400,31.47
2010-11-30,32.48,33.45,32.36,32.90,947800,30.90
2010-11-29,32.87,32.88,32.08,32.79,440500,30.79
2010-11-26,32.79,33.28,32.70,33.11,295900,31.09
2010-11-24,32.81,33.13,32.74,33.09,288500,31.07
2010-11-23,32.25,32.58,32.07,32.51,478000,30.53
2010-11-22,32.40,32.74,32.24,32.63,766300,30.64
2010-11-19,32.50,32.64,32.12,32.53,734300,30.55
2010-11-18,32.70,32.96,32.54,32.57,439700,30.59
2010-11-17,32.57,32.57,32.09,32.32,497700,30.35
2010-11-16,32.58,32.63,32.20,32.47,803400,30.49
2010-11-15,33.02,33.40,32.78,32.85,412600,30.85
2010-11-12,32.80,32.98,32.57,32.82,418100,30.82
2010-11-11,32.90,33.47,32.81,33.10,460600,31.08
2010-11-10,32.99,33.41,32.64,33.11,525400,31.09
2010-11-09,33.66,33.77,32.80,32.94,554200,30.93
2010-11-08,33.82,33.84,33.36,33.61,531300,31.56
2010-11-05,33.97,34.05,33.71,33.87,710400,31.81
2010-11-04,33.84,34.02,33.62,33.94,573200,31.87
2010-11-03,33.19,33.55,33.04,33.41,750500,31.38
2010-11-02,32.90,33.26,32.70,33.15,633000,31.13
2010-11-01,32.90,33.21,32.25,32.58,570100,30.60
2010-10-29,32.25,32.85,32.23,32.73,735400,30.74
2010-10-28,32.69,32.74,32.06,32.40,980400,30.43
2010-10-27,32.64,32.76,32.06,32.71,1207300,30.72
2010-10-26,34.80,34.83,31.89,33.21,2291800,31.01
2010-10-25,34.61,35.73,34.57,35.45,1040100,33.10
2010-10-22,34.70,34.70,34.32,34.39,418200,32.11
2010-10-21,34.62,34.97,34.39,34.59,536300,32.30
2010-10-20,34.17,34.71,34.08,34.51,374800,32.22
2010-10-19,34.50,34.76,33.83,34.08,585200,31.82
2010-10-18,34.72,35.02,34.53,34.99,333500,32.67
2010-10-15,34.93,35.00,34.26,34.70,413900,32.40
2010-10-14,34.92,35.10,34.52,34.70,303100,32.40
2010-10-13,34.47,35.13,34.30,34.92,596500,32.61
2010-10-12,34.53,34.58,33.94,34.20,702200,31.93
2010-10-11,34.70,35.17,34.46,34.72,496100,32.42
2010-10-08,34.42,34.74,34.17,34.67,526600,32.37
2010-10-07,34.68,34.75,34.18,34.41,417400,32.13
2010-10-06,34.33,34.49,34.03,34.48,583600,32.19
2010-10-05,33.31,34.38,33.31,34.34,670300,32.06
2010-10-04,33.46,33.72,32.77,32.97,471200,30.78
2010-10-01,33.89,33.99,33.31,33.57,431900,31.35
2010-09-30,33.80,34.14,33.35,33.63,742100,31.40
2010-09-29,32.87,33.70,32.82,33.55,807600,31.33
2010-09-28,33.18,33.24,32.61,33.04,605600,30.85
2010-09-27,33.21,33.34,32.86,33.03,351800,30.84
2010-09-24,32.97,33.28,32.79,33.20,928200,31.00
2010-09-23,32.50,32.87,32.26,32.52,705400,30.36
2010-09-22,32.94,33.18,32.60,32.84,652300,30.66
2010-09-21,33.30,33.38,32.96,33.10,608400,30.91
2010-09-20,32.90,33.40,32.71,33.32,786000,31.11
2010-09-17,32.80,32.91,32.39,32.83,593800,30.65
2010-09-16,32.67,32.88,32.55,32.72,472000,30.55
2010-09-15,32.65,32.84,32.40,32.74,287800,30.57
2010-09-14,32.61,32.90,32.46,32.65,466200,30.49
2010-09-13,32.64,33.03,32.61,32.73,552000,30.56
2010-09-10,32.30,32.65,32.10,32.29,864200,30.15
2010-09-09,32.18,32.40,31.88,32.27,751700,30.13
2010-09-08,31.44,31.92,31.44,31.80,947200,29.69
2010-09-07,31.65,31.71,31.29,31.35,691100,29.27
2010-09-03,31.95,32.13,31.55,31.82,573300,29.71
2010-09-02,31.11,31.44,30.89,31.40,620300,29.32
2010-09-01,30.54,31.24,30.45,31.04,641800,28.98
2010-08-31,30.33,30.62,29.90,30.10,652100,28.11
2010-08-30,30.81,31.01,30.41,30.45,657000,28.43
2010-08-27,30.61,31.14,30.20,31.02,811100,28.96
2010-08-26,30.42,30.80,30.28,30.30,898700,28.29
2010-08-25,29.70,30.41,29.41,30.35,847400,28.34
2010-08-24,30.41,30.41,29.94,29.96,488600,27.97
2010-08-23,31.39,31.47,30.58,30.69,356600,28.66
2010-08-20,30.83,31.12,30.49,31.11,442700,29.05
2010-08-19,32.00,32.16,30.87,31.05,927400,28.99
2010-08-18,32.46,32.62,32.06,32.29,460000,30.15
2010-08-17,32.05,32.78,31.85,32.46,570900,30.31
2010-08-16,31.49,31.85,31.00,31.75,332600,29.65
2010-08-13,31.76,31.99,31.53,31.62,278100,29.52
2010-08-12,31.29,31.98,31.27,31.81,582200,29.70
2010-08-11,32.46,32.66,31.79,32.01,761000,29.89
2010-08-10,33.58,33.72,33.19,33.42,453800,31.21
2010-08-09,34.29,34.29,33.70,34.03,583900,31.77
2010-08-06,34.09,34.43,33.55,33.98,541300,31.73
2010-08-05,34.48,34.74,34.36,34.52,527500,32.23
2010-08-04,34.83,35.00,34.57,34.79,753200,32.48
2010-08-03,34.80,35.05,34.34,34.68,555400,32.38
2010-08-02,34.86,35.68,34.86,35.00,929900,32.68
2010-07-30,33.56,34.33,33.48,34.20,930900,31.93
2010-07-29,34.47,35.43,33.26,33.90,1146800,31.65
2010-07-28,33.96,34.27,33.76,34.00,648400,31.75
2010-07-27,34.75,34.93,34.15,34.27,546500,31.82
2010-07-26,34.45,34.95,34.21,34.50,653300,32.03
2010-07-23,33.40,34.44,33.40,34.36,616100,31.90
2010-07-22,32.99,33.63,32.94,33.61,738200,31.21
2010-07-21,32.91,33.25,32.31,32.50,673100,30.18
2010-07-20,31.75,32.72,31.46,32.63,539200,30.30
2010-07-19,32.11,32.46,31.60,32.40,515200,30.08
2010-07-16,32.62,32.68,31.76,31.92,565800,29.64
2010-07-15,33.11,33.14,32.31,32.86,654400,30.51
2010-07-14,33.14,33.27,32.77,33.22,437400,30.85
2010-07-13,32.92,33.50,32.91,33.34,736500,30.96
2010-07-12,32.82,33.23,32.34,32.42,339800,30.10
2010-07-09,32.87,33.31,32.67,33.05,260100,30.69
2010-07-08,32.77,32.96,32.43,32.94,327400,30.59
2010-07-07,31.42,32.34,31.29,32.34,618200,30.03
2010-07-06,32.02,32.11,31.13,31.40,686100,29.16
2010-07-02,31.80,32.00,31.32,31.57,584400,29.31
2010-07-01,32.26,32.37,31.20,31.68,654700,29.42
2010-06-30,32.24,32.85,32.07,32.20,806200,29.90
2010-06-29,33.03,33.03,32.11,32.36,1275200,30.05
2010-06-28,33.47,33.86,33.06,33.63,624100,31.23
2010-06-25,32.75,33.38,32.42,33.38,871800,30.99
2010-06-24,33.10,33.20,32.44,32.56,290000,30.23
2010-06-23,33.15,33.60,32.72,33.24,392400,30.86
2010-06-22,34.17,34.42,33.19,33.22,363400,30.85
2010-06-21,34.83,34.97,33.88,34.03,341400,31.60
2010-06-18,34.19,34.56,33.95,34.31,373000,31.86
2010-06-17,34.54,34.62,33.91,34.15,624200,31.71
2010-06-16,34.73,34.92,34.28,34.46,581900,32.00
2010-06-15,34.04,34.85,33.96,34.82,377800,32.33
2010-06-14,33.73,34.50,33.69,33.82,421000,31.40
2010-06-11,32.72,33.56,32.64,33.48,461400,31.09
2010-06-10,32.48,33.21,32.47,33.21,466000,30.84
2010-06-09,32.16,32.85,31.66,31.79,423400,29.52
2010-06-08,31.75,32.01,31.25,31.85,607200,29.57
2010-06-07,33.03,33.03,31.60,31.62,844800,29.36
2010-06-04,33.26,33.77,32.75,32.87,1042100,30.52
2010-06-03,34.33,34.50,33.86,34.03,935000,31.60
2010-06-02,33.62,34.16,33.25,34.16,697300,31.72
2010-06-01,34.07,34.54,33.48,33.51,967100,31.12
2010-05-28,34.56,34.62,33.99,34.36,1251500,31.90
2010-05-27,33.78,34.63,33.76,34.63,996200,32.16
2010-05-26,33.05,33.65,32.76,32.95,1215500,30.60
2010-05-25,31.70,32.81,31.25,32.81,1218600,30.47
2010-05-24,32.34,33.02,32.17,32.63,935100,30.30
2010-05-21,31.22,32.50,30.62,32.49,1198700,30.17
2010-05-20,32.52,32.68,31.65,31.66,1142700,29.40
2010-05-19,33.92,34.07,33.05,33.45,615200,31.06
2010-05-18,34.87,35.02,34.12,34.16,595700,31.72
2010-05-17,34.91,35.04,33.85,34.53,787600,32.06
2010-05-14,35.10,35.18,34.24,34.58,1072600,32.11
2010-05-13,35.35,35.75,35.06,35.42,552600,32.89
2010-05-12,34.27,35.70,34.27,35.54,742000,33.00
2010-05-11,33.58,34.51,33.52,34.21,1421600,31.77
2010-05-10,33.84,34.25,33.48,33.97,1117200,31.54
2010-05-07,32.89,33.04,31.76,32.04,3009400,29.75
2010-05-06,34.16,34.64,31.36,33.01,1296100,30.65
2010-05-05,34.82,35.01,34.17,34.37,974200,31.91
2010-05-04,36.29,36.50,35.02,35.14,722100,32.63
2010-05-03,36.41,37.11,36.39,36.96,425200,34.32
2010-04-30,37.24,37.58,36.11,36.16,744100,33.58
2010-04-29,36.76,37.39,36.53,37.14,687500,34.49
2010-04-28,36.91,37.10,36.32,36.42,1184500,33.82
2010-04-27,37.99,37.99,36.32,36.70,2182900,33.90
2010-04-26,38.73,39.32,38.73,38.98,710400,36.01
2010-04-23,37.79,38.77,37.54,38.69,659800,35.74
2010-04-22,37.11,37.88,36.75,37.85,355800,34.96
2010-04-21,36.75,37.49,36.75,37.49,516700,34.63
2010-04-20,36.29,37.17,36.29,36.78,657800,33.98
2010-04-19,36.25,36.40,35.67,36.23,501800,33.47
2010-04-16,36.50,36.85,36.03,36.46,282700,33.68
2010-04-15,36.31,37.00,36.24,36.76,421400,33.96
2010-04-14,36.38,36.52,36.08,36.50,584300,33.72
2010-04-13,35.98,36.23,35.58,36.13,449600,33.37
2010-04-12,36.59,36.60,35.90,36.14,758500,33.38
2010-04-09,36.14,36.73,35.89,36.60,643000,33.81
2010-04-08,35.68,36.15,35.37,36.13,224400,33.37
2010-04-07,36.11,36.19,35.74,35.93,320000,33.19
2010-04-06,36.37,36.39,36.09,36.28,300000,33.51
2010-04-05,36.13,36.61,36.01,36.47,246000,33.69
2010-04-01,35.90,36.40,35.75,36.08,486900,33.33
2010-03-31,35.57,36.32,35.53,35.62,846300,32.90
2010-03-30,35.10,35.61,34.94,35.60,854500,32.89
2010-03-29,34.73,35.03,34.68,34.98,400900,32.31
2010-03-26,34.71,35.00,34.36,34.64,405800,32.00
2010-03-25,35.03,35.45,34.54,34.57,448700,31.93
2010-03-24,35.32,35.96,34.73,34.73,392300,32.08
2010-03-23,34.42,35.49,34.02,35.37,717900,32.67
2010-03-22,33.96,34.62,33.56,34.25,608900,31.64
2010-03-19,34.13,35.40,34.12,34.13,930700,31.53
2010-03-18,35.27,35.64,35.17,35.34,356900,32.64
2010-03-17,35.26,35.64,35.21,35.32,350500,32.63
2010-03-16,34.60,35.25,34.47,35.21,646700,32.52
2010-03-15,34.07,34.60,33.78,34.60,609900,31.96
2010-03-12,34.33,34.33,33.78,34.16,328400,31.55
2010-03-11,34.07,34.33,33.79,34.30,301300,31.68
2010-03-10,34.21,34.43,34.07,34.33,304100,31.71
2010-03-09,33.95,34.45,33.84,34.24,328500,31.63
2010-03-08,34.26,34.41,33.99,34.04,561800,31.44
2010-03-05,34.44,34.52,34.08,34.34,514700,31.72
2010-03-04,34.24,34.59,33.92,34.16,928800,31.55
2010-03-03,34.40,34.51,33.87,34.07,672500,31.47
2010-03-02,34.25,34.56,34.12,34.23,650900,31.62
2010-03-01,33.74,34.88,33.41,34.32,1601100,31.70
2010-02-26,32.45,32.64,32.12,32.56,392500,30.08
2010-02-25,31.85,32.46,31.54,32.43,363700,29.96
2010-02-24,32.22,32.46,32.05,32.40,297400,29.93
2010-02-23,32.58,32.80,32.14,32.19,578800,29.74
2010-02-22,32.39,32.66,32.10,32.63,380300,30.14
2010-02-19,31.79,32.49,31.79,32.39,551400,29.92
2010-02-18,31.77,32.02,31.54,31.93,333300,29.49
2010-02-17,31.75,31.78,31.53,31.75,512100,29.33
2010-02-16,31.45,31.66,31.18,31.65,304000,29.24
2010-02-12,30.46,31.15,30.12,31.13,835300,28.76
2010-02-11,30.20,30.78,29.93,30.70,508600,28.36
2010-02-10,30.61,30.89,30.15,30.36,473400,28.04
2010-02-09,30.68,31.12,30.46,30.79,570200,28.44
2010-02-08,30.42,30.92,29.89,30.30,600600,27.99
2010-02-05,30.43,30.43,29.55,30.32,456600,28.01
2010-02-04,31.05,31.31,30.49,30.49,610800,28.16
2010-02-03,30.98,31.29,30.77,31.24,582700,28.86
2010-02-02,31.48,32.46,30.84,31.02,1216400,28.65
2010-02-01,30.72,31.42,30.55,31.35,592700,28.96
2010-01-29,30.99,31.42,30.49,30.54,592200,28.21
2010-01-28,30.96,31.07,30.38,30.79,376100,28.44
2010-01-27,30.88,31.05,30.53,30.95,416500,28.59
2010-01-26,31.39,31.58,31.14,31.20,202100,28.65
2010-01-25,31.90,32.01,31.22,31.40,443100,28.83
2010-01-22,32.20,32.35,31.63,31.69,414200,29.10
2010-01-21,32.69,32.75,31.97,32.36,528600,29.71
2010-01-20,32.93,33.10,32.42,32.62,672600,29.95
2010-01-19,32.76,33.65,32.76,33.29,654600,30.56
2010-01-15,33.35,33.53,32.68,32.73,461200,30.05
2010-01-14,33.25,33.56,33.17,33.51,523700,30.77
2010-01-13,33.40,33.43,32.93,33.42,357200,30.68
2010-01-12,33.56,33.65,33.02,33.25,677400,30.53
2010-01-11,34.15,34.15,33.65,33.88,359400,31.11
2010-01-08,33.59,34.20,33.46,33.99,485100,31.21
2010-01-07,32.78,33.79,32.68,33.74,568200,30.98
2010-01-06,32.66,32.87,32.48,32.85,483900,30.16
2010-01-05,33.21,33.36,32.44,32.75,692900,30.07
2010-01-04,32.39,33.72,32.38,33.38,712500,30.65
2009-12-31,32.71,32.85,32.25,32.30,277200,29.66
2009-12-30,32.71,33.13,32.56,32.74,410200,30.06
2009-12-29,32.83,33.16,32.68,32.92,312200,30.22
2009-12-28,32.86,32.97,32.68,32.87,369500,30.18
2009-12-24,32.68,32.99,32.68,32.88,142400,30.19
2009-12-23,32.38,32.99,32.22,32.82,616200,30.13
2009-12-22,32.31,32.64,31.91,32.21,664400,29.57
2009-12-21,32.01,32.42,31.96,32.30,501100,29.66
2009-12-18,32.20,32.52,31.27,31.87,1243000,29.26
2009-12-17,31.97,32.43,31.81,32.11,639600,29.48
2009-12-16,32.45,32.80,32.16,32.34,641700,29.69
2009-12-15,31.93,32.42,31.74,32.20,348100,29.56
2009-12-14,31.66,32.20,31.50,32.16,283800,29.53
2009-12-11,31.39,31.55,31.14,31.48,247700,28.90
2009-12-10,31.10,31.51,30.99,31.12,320300,28.57
2009-12-09,30.98,31.12,30.46,30.82,364700,28.30
2009-12-08,31.42,31.50,30.80,31.11,505000,28.56
2009-12-07,31.16,32.01,31.01,31.68,1395900,29.09
2009-12-04,30.99,31.40,30.66,31.14,694100,28.59
2009-12-03,30.71,30.95,30.56,30.65,518700,28.14
2009-12-02,30.60,30.90,30.45,30.70,475800,28.19
2009-12-01,30.28,30.78,30.09,30.68,753200,28.17
2009-11-30,30.44,30.51,29.72,30.10,498700,27.64
2009-11-27,30.18,30.77,29.84,30.34,268900,27.86
2009-11-25,30.61,31.05,30.43,30.90,505700,28.37
2009-11-24,30.52,30.57,30.06,30.45,485700,27.96
2009-11-23,30.69,31.08,30.48,30.55,503900,28.05
2009-11-20,30.59,30.66,30.18,30.50,254300,28.00
2009-11-19,31.13,31.25,30.39,30.67,293100,28.16
2009-11-18,31.70,31.90,31.23,31.45,366100,28.87
2009-11-17,31.99,31.99,31.65,31.80,407900,29.20
2009-11-16,31.49,32.29,31.40,32.03,601200,29.41
2009-11-13,31.03,31.31,30.51,31.22,599200,28.66
2009-11-12,31.34,31.66,30.79,30.87,703100,28.34
2009-11-11,31.64,31.70,31.14,31.44,526100,28.87
2009-11-10,31.27,31.77,31.02,31.45,727200,28.87
2009-11-09,31.09,31.55,30.85,31.47,309200,28.89
2009-11-06,30.66,31.03,30.32,30.70,297700,28.19
2009-11-05,30.00,30.90,30.00,30.84,988900,28.31
2009-11-04,29.93,30.29,29.63,29.69,798300,27.26
2009-11-03,29.25,30.17,29.24,29.79,1474500,27.35
2009-11-02,29.31,30.07,28.71,29.51,1004400,27.09
2009-10-30,30.24,30.33,28.97,29.10,1160500,26.72
2009-10-29,30.30,30.74,30.14,30.37,1154400,27.88
2009-10-28,31.06,31.18,29.99,30.08,912200,27.62
2009-10-27,31.92,32.20,31.22,31.31,658700,28.58
2009-10-26,31.99,32.57,31.53,31.87,664800,29.09
2009-10-23,32.59,32.59,31.48,32.05,1297400,29.26
2009-10-22,33.58,33.67,32.00,32.43,1510800,29.60
2009-10-21,33.43,34.27,33.14,33.62,1096000,30.69
2009-10-20,32.10,32.96,30.76,32.56,1414300,29.72
2009-10-19,32.70,33.92,32.64,33.63,1223800,30.70
2009-10-16,32.24,32.86,31.92,32.73,834800,29.88
2009-10-15,31.96,32.48,31.96,32.45,444900,29.62
2009-10-14,31.69,32.34,31.57,32.27,1034000,29.46
2009-10-13,31.09,31.50,30.86,31.44,776900,28.70
2009-10-12,31.08,31.35,31.03,31.30,495300,28.57
2009-10-09,30.47,30.99,30.47,30.95,353500,28.25
2009-10-08,29.76,30.65,29.71,30.61,629900,27.94
2009-10-07,29.40,29.77,29.32,29.53,401600,26.96
2009-10-06,29.49,30.06,29.44,29.57,965600,26.99
2009-10-05,28.71,29.36,28.68,29.35,736600,26.79
2009-10-02,28.23,28.72,28.18,28.53,541600,26.04
2009-10-01,29.47,29.47,28.61,28.61,966000,26.12
2009-09-30,29.85,30.07,28.92,29.52,651100,26.95
2009-09-29,29.69,30.16,29.57,29.83,688400,27.23
2009-09-28,29.38,29.90,29.00,29.66,478400,27.07
2009-09-25,29.66,29.87,29.20,29.26,434100,26.71
2009-09-24,30.03,30.10,29.32,29.67,494400,27.08
2009-09-23,30.25,30.39,29.84,29.88,434900,27.28
2009-09-22,30.57,30.60,30.06,30.23,441200,27.60
2009-09-21,30.31,30.62,30.07,30.30,533300,27.66
2009-09-18,31.13,31.20,30.64,30.69,1073200,28.01
2009-09-17,31.27,31.60,30.98,31.06,666000,28.35
2009-09-16,30.43,31.41,30.21,31.41,1120600,28.67
2009-09-15,30.91,31.69,30.90,31.53,794600,28.78
2009-09-14,30.01,31.13,30.01,30.84,716900,28.15
2009-09-11,30.25,30.59,30.12,30.39,1122500,27.74
2009-09-10,29.44,29.64,29.07,29.61,373600,27.03
2009-09-09,29.07,29.56,29.00,29.22,713200,26.67
2009-09-08,29.30,29.77,28.97,29.05,1176800,26.52
2009-09-04,27.97,29.30,27.92,29.27,734700,26.72
2009-09-03,27.92,28.72,27.62,28.04,422100,25.60
2009-09-02,27.94,28.26,27.73,27.73,572700,25.31
2009-09-01,28.25,29.07,27.61,27.91,840600,25.48
2009-08-31,28.28,28.37,27.94,28.33,859700,25.86
2009-08-28,28.97,29.07,28.33,28.66,459200,26.16
2009-08-27,28.41,28.80,27.70,28.72,587900,26.22
2009-08-26,28.25,28.74,28.08,28.51,764700,26.02
2009-08-25,28.10,28.52,27.68,28.37,501400,25.90
2009-08-24,28.03,28.42,27.77,27.86,384400,25.43
2009-08-21,27.50,28.10,27.14,28.04,258900,25.60
2009-08-20,27.23,27.50,27.04,27.24,409000,24.87
2009-08-19,26.90,27.46,26.66,27.23,410700,24.86
2009-08-18,26.06,27.28,26.06,27.22,651400,24.85
2009-08-17,26.72,26.80,25.86,26.02,596800,23.75
2009-08-14,27.67,27.67,26.84,27.17,318600,24.80
2009-08-13,27.42,27.67,27.06,27.67,297900,25.26
2009-08-12,27.03,27.83,27.03,27.48,498300,25.08
2009-08-11,27.38,27.49,26.68,27.10,473600,24.74
2009-08-10,27.37,27.87,27.27,27.53,436300,25.13
2009-08-07,27.56,27.81,27.27,27.61,573900,25.20
2009-08-06,27.28,27.64,27.04,27.16,521700,24.79
2009-08-05,28.04,28.20,26.89,27.12,730700,24.76
2009-08-04,27.78,28.05,27.55,27.98,301100,25.54
2009-08-03,27.58,27.94,27.23,27.86,688800,25.43
2009-07-31,27.55,27.78,27.32,27.32,637500,24.94
2009-07-30,27.38,27.75,27.35,27.56,717900,25.16
2009-07-29,27.41,27.59,26.86,26.98,369400,24.63
2009-07-28,28.15,28.27,27.48,27.69,610900,25.11
2009-07-27,28.31,28.59,28.03,28.39,395800,25.75
2009-07-24,28.14,28.50,27.87,28.28,679500,25.65
2009-07-23,27.18,28.45,27.18,28.25,765200,25.62
2009-07-22,26.28,27.33,26.27,27.12,781800,24.60
2009-07-21,27.82,27.98,26.20,26.63,1576500,24.15
2009-07-20,27.04,28.04,26.60,27.99,739600,25.38
2009-07-17,26.82,27.20,26.70,26.96,512300,24.45
2009-07-16,25.77,26.96,25.75,26.87,492700,24.37
2009-07-15,25.19,26.00,25.07,25.89,495300,23.48
2009-07-14,24.75,25.10,24.64,24.93,382600,22.61
2009-07-13,24.10,24.75,23.36,24.70,754600,22.40
2009-07-10,23.53,24.13,23.48,24.01,1229800,21.77
2009-07-09,23.49,23.83,23.22,23.76,674000,21.55
2009-07-08,23.81,23.90,23.20,23.48,710700,21.29
2009-07-07,24.13,24.23,23.47,23.71,733500,21.50
2009-07-06,24.55,24.71,23.92,24.18,472200,21.93
2009-07-02,25.32,25.39,24.67,24.85,565600,22.54
2009-07-01,25.88,26.03,24.60,25.72,867400,23.33
2009-06-30,25.68,25.89,25.20,25.62,785500,23.23
2009-06-29,25.35,25.96,25.35,25.79,591600,23.39
2009-06-26,25.27,25.66,24.99,25.54,1000300,23.16
2009-06-25,24.71,25.34,24.66,25.34,569300,22.98
2009-06-24,24.73,25.18,24.39,24.79,634800,22.48
2009-06-23,25.03,25.11,24.48,24.55,678900,22.26
2009-06-22,25.51,25.51,24.83,24.96,613400,22.64
2009-06-19,25.91,26.17,25.46,25.58,691200,23.20
2009-06-18,25.50,25.85,24.99,25.61,780200,23.23
2009-06-17,25.95,26.09,24.91,25.45,1324200,23.08
2009-06-16,27.07,27.32,25.95,26.02,741800,23.60
2009-06-15,27.97,27.97,26.67,26.95,426700,24.44
2009-06-12,28.45,28.52,27.79,27.97,607400,25.37
2009-06-11,27.71,29.07,27.70,28.75,847100,26.07
2009-06-10,28.57,28.86,27.61,28.05,469900,25.44
2009-06-09,28.53,28.64,28.16,28.46,617700,25.81
2009-06-08,27.86,28.75,27.50,28.46,1047900,25.81
2009-06-05,27.46,27.99,27.24,27.94,841100,25.34
2009-06-04,26.46,27.34,26.21,27.31,879000,24.77
2009-06-03,26.81,27.10,26.07,26.37,709000,23.91
2009-06-02,26.06,27.31,26.04,27.19,1376500,24.66
2009-06-01,25.26,26.34,25.13,26.22,742000,23.78
2009-05-29,25.36,25.55,24.63,25.03,775300,22.70
2009-05-28,25.43,25.55,24.49,25.36,619700,23.00
2009-05-27,24.89,25.66,24.69,25.29,1472100,22.94
2009-05-26,23.81,25.29,23.80,24.92,759300,22.60
2009-05-22,24.26,24.52,23.90,24.02,550600,21.78
2009-05-21,24.61,24.78,23.79,24.06,762100,21.82
2009-05-20,25.69,25.77,24.75,24.83,991300,22.52
2009-05-19,25.73,26.00,25.24,25.56,589000,23.18
2009-05-18,25.44,25.84,25.03,25.84,505700,23.43
2009-05-15,25.07,25.74,25.05,25.26,415100,22.91
2009-05-14,24.99,25.55,24.99,25.15,525400,22.81
2009-05-13,25.80,25.80,24.67,24.89,691600,22.57
2009-05-12,27.09,27.22,25.57,26.23,510700,23.79
2009-05-11,27.58,27.58,26.80,26.87,361600,24.37
2009-05-08,26.95,27.92,26.95,27.90,538700,25.30
2009-05-07,27.56,28.00,26.50,26.76,698300,24.27
2009-05-06,27.75,27.97,26.80,27.38,623800,24.83
2009-05-05,27.89,27.95,27.01,27.28,737800,24.74
2009-05-04,26.90,28.13,26.61,28.05,850200,25.44
2009-05-01,26.50,27.23,26.01,26.67,1099400,24.19
2009-04-30,27.00,27.55,26.43,26.64,917100,24.16
2009-04-29,26.13,27.10,25.82,26.70,863100,24.21
2009-04-28,25.76,26.40,25.66,25.95,1286300,23.37
2009-04-27,26.35,26.80,25.39,26.34,953600,23.72
2009-04-24,25.37,27.06,25.26,26.82,989700,24.15
2009-04-23,25.04,25.30,24.10,25.20,1132800,22.70
2009-04-22,23.19,25.53,23.19,25.04,1518200,22.55
2009-04-21,23.14,23.32,21.61,23.32,2539800,21.00
2009-04-20,24.55,24.55,23.09,23.43,668500,21.10
2009-04-17,24.67,25.22,24.52,25.07,640200,22.58
2009-04-16,23.70,24.77,23.49,24.61,741600,22.16
2009-04-15,23.63,24.01,23.35,23.78,565100,21.42
2009-04-14,23.67,23.93,23.19,23.79,797100,21.43
2009-04-13,24.17,24.22,23.33,24.05,393600,21.66
2009-04-09,23.46,24.10,23.38,24.10,926600,21.70
2009-04-08,23.04,23.20,22.70,22.96,850600,20.68
2009-04-07,23.60,23.60,22.80,22.84,932600,20.57
2009-04-06,24.46,24.53,23.68,23.90,878700,21.52
2009-04-03,24.15,24.78,24.05,24.69,856300,22.24
2009-04-02,23.23,24.31,22.83,24.15,1224500,21.75
2009-04-01,21.31,22.92,21.19,22.60,1340200,20.35
2009-03-31,21.64,22.15,21.40,21.67,817100,19.52
2009-03-30,21.50,21.51,20.91,21.45,567900,19.32
2009-03-27,22.09,22.34,21.73,22.05,684200,19.86
2009-03-26,21.62,22.46,21.44,22.45,713800,20.22
2009-03-25,20.99,21.57,20.52,21.43,1209700,19.30
2009-03-24,21.72,22.04,21.41,21.43,666200,19.30
2009-03-23,20.88,21.98,20.70,21.98,433400,19.80
2009-03-20,20.91,21.35,20.11,20.33,493800,18.31
2009-03-19,21.19,21.45,20.85,21.08,662200,18.98
2009-03-18,20.10,21.43,19.93,21.18,928000,19.07
2009-03-17,19.01,20.24,18.84,20.24,862200,18.23
2009-03-16,20.03,20.06,19.01,19.05,704700,17.16
2009-03-13,19.62,19.62,18.80,19.15,524800,17.25
2009-03-12,18.77,19.39,18.33,19.36,1017500,17.44
2009-03-11,18.54,19.08,18.43,18.92,1059000,17.04
2009-03-10,18.12,18.48,17.70,18.42,1128900,16.59
2009-03-09,17.69,18.08,17.23,17.60,1110500,15.85
2009-03-06,18.69,19.21,17.50,17.95,1136900,16.17
2009-03-05,19.58,19.79,18.54,18.68,630900,16.82
2009-03-04,19.62,20.46,19.33,20.07,817500,18.08
2009-03-03,19.73,19.73,19.06,19.13,767900,17.23
2009-03-02,20.23,20.50,19.41,19.49,551800,17.55
2009-02-27,20.33,21.55,20.27,20.87,925100,18.80
2009-02-26,21.43,21.48,20.55,20.64,564700,18.59
2009-02-25,21.63,21.81,20.88,21.25,682100,19.14
2009-02-24,21.18,22.25,21.04,21.97,576300,19.79
2009-02-23,22.31,22.43,20.92,20.96,812300,18.88
2009-02-20,22.71,22.71,21.67,22.22,789000,20.01
2009-02-19,23.26,23.85,22.62,22.76,598200,20.50
2009-02-18,23.74,23.90,23.00,23.31,825300,20.99
2009-02-17,24.16,24.37,23.51,23.66,789900,21.31
2009-02-13,24.67,25.55,24.64,25.06,1044300,22.57
2009-02-12,24.31,24.74,23.68,24.66,832800,22.21
2009-02-11,25.02,25.44,24.54,25.01,1024800,22.52
2009-02-10,25.75,26.21,24.50,24.83,1354200,22.36
2009-02-09,25.64,26.37,25.42,25.96,875800,23.38
2009-02-06,24.90,25.93,24.77,25.78,793700,23.22
2009-02-05,24.10,24.98,23.82,24.81,900900,22.34
2009-02-04,23.74,25.09,23.52,24.48,1383000,22.05
2009-02-03,23.26,24.12,22.02,23.81,1160600,21.44
2009-02-02,22.77,23.31,22.34,22.69,1096200,20.43
2009-01-30,24.05,24.74,22.65,22.87,1192000,20.60
2009-01-29,24.78,24.78,23.73,24.03,769200,21.64
2009-01-28,24.86,25.22,24.55,24.80,717100,22.34
2009-01-27,23.84,24.69,23.82,24.42,686000,21.83
2009-01-26,22.96,24.23,22.94,23.84,1391900,21.31
2009-01-23,22.45,23.48,22.36,23.04,556100,20.60
2009-01-22,23.05,23.57,22.42,23.00,808200,20.56
2009-01-21,22.76,23.41,22.36,23.36,898300,20.88
2009-01-20,23.54,23.58,22.39,22.55,806300,20.16
2009-01-16,23.97,23.97,22.60,23.75,973700,21.23
2009-01-15,22.56,23.38,21.97,23.13,800700,20.68
2009-01-14,23.30,23.48,22.46,22.62,659000,20.22
2009-01-13,23.72,24.21,23.31,23.62,792300,21.12
2009-01-12,25.16,25.16,23.43,23.66,887800,21.15
2009-01-09,25.60,25.69,24.57,25.15,674100,22.48
2009-01-08,25.10,25.71,24.58,25.64,758600,22.92
2009-01-07,25.73,26.00,25.27,25.30,899000,22.62
2009-01-06,25.43,26.38,25.32,26.22,905800,23.44
2009-01-05,25.04,25.71,24.95,25.30,1100600,22.62
2009-01-02,23.91,24.87,23.57,24.78,775500,22.15
2008-12-31,23.41,23.92,23.13,23.67,1098900,21.16
2008-12-30,22.87,23.37,22.78,23.33,1165400,20.86
2008-12-29,23.52,23.52,22.39,22.75,847600,20.34
2008-12-26,23.25,23.55,23.08,23.52,460400,21.03
2008-12-24,22.98,23.31,22.83,23.27,301700,20.80
2008-12-23,23.68,24.07,22.75,22.90,819700,20.47
2008-12-22,23.31,23.67,22.92,23.48,1389000,20.99
2008-12-19,23.93,23.94,23.09,23.36,1890100,20.88
2008-12-18,23.64,24.40,23.26,23.75,1328200,21.23
2008-12-17,24.64,25.18,24.45,24.89,794800,22.25
2008-12-16,23.90,25.06,23.62,24.93,443500,22.29
2008-12-15,24.10,24.68,23.33,23.60,818100,21.10
2008-12-12,22.18,23.97,22.00,23.74,797300,21.22
2008-12-11,24.60,24.67,22.30,22.72,914000,20.31
2008-12-10,24.22,25.14,24.02,24.72,921300,22.10
2008-12-09,23.33,24.31,22.92,24.01,892600,21.46
2008-12-08,23.73,24.38,22.46,23.56,826200,21.06
2008-12-05,21.77,23.22,21.35,23.18,948800,20.72
2008-12-04,22.03,22.91,21.45,21.96,947000,19.63
2008-12-03,22.34,23.54,21.96,22.85,927400,20.43
2008-12-02,22.65,23.21,22.01,22.85,939300,20.43
2008-12-01,24.03,24.14,22.31,22.32,787300,19.95
2008-11-28,23.87,24.86,23.37,24.86,359400,22.22
2008-11-26,22.40,24.15,21.82,24.09,760500,21.54
2008-11-25,21.76,22.97,21.51,22.97,1631100,20.53
2008-11-24,20.09,21.87,19.74,21.51,871100,19.23
2008-11-21,19.57,19.91,18.42,19.87,1319300,17.76
2008-11-20,20.91,21.65,19.00,19.14,1408700,17.11
2008-11-19,23.31,23.56,21.16,21.22,904700,18.97
2008-11-18,23.16,23.61,22.50,23.33,907200,20.86
2008-11-17,23.04,24.18,22.96,23.28,675300,20.81
2008-11-14,24.55,24.87,23.18,23.28,795600,20.81
2008-11-13,23.31,24.86,22.02,24.86,1219300,22.22
2008-11-12,23.79,23.82,22.97,23.18,1206000,20.72
2008-11-11,24.74,25.09,24.06,24.20,1042100,21.63
2008-11-10,26.65,26.69,24.73,25.08,1021700,22.42
2008-11-07,26.08,26.34,25.24,25.95,1026900,23.20
2008-11-06,26.89,27.45,25.81,25.95,1033900,23.20
2008-11-05,28.15,28.81,27.00,27.12,832400,24.24
2008-11-04,28.59,28.70,28.00,28.63,941100,25.59
2008-11-03,27.53,28.25,27.53,28.01,906700,25.04
2008-10-31,26.87,28.09,26.51,27.64,1308200,24.71
2008-10-30,26.67,27.16,25.94,26.65,1243500,23.82
2008-10-29,25.53,27.34,25.50,25.98,2054800,23.23
2008-10-28,25.00,26.10,23.92,26.09,1938300,23.32
2008-10-27,24.24,26.09,23.90,24.51,1314600,21.91
2008-10-24,24.68,25.97,24.31,25.01,1181500,22.36
2008-10-23,27.12,29.53,25.39,26.69,1382300,23.86
2008-10-22,28.75,29.23,25.61,26.45,1092600,23.65
2008-10-21,28.07,31.32,27.98,29.54,1941100,26.26
2008-10-20,27.51,29.02,27.32,29.02,940700,25.79
2008-10-17,26.67,28.97,26.00,27.49,1104500,24.43
2008-10-16,26.96,27.70,25.24,27.48,1508500,24.42
2008-10-15,29.35,29.57,26.83,26.83,1129100,23.85
2008-10-14,31.85,33.00,28.95,30.05,1708400,26.71
2008-10-13,29.75,31.55,29.66,31.51,931300,28.01
2008-10-10,27.21,30.83,25.93,28.68,2273700,25.49
2008-10-09,30.09,31.07,28.20,28.39,1171400,25.23
2008-10-08,29.19,31.82,27.96,30.40,1754100,27.02
2008-10-07,32.16,33.06,30.03,30.03,1182700,26.69
2008-10-06,31.54,31.86,29.14,31.60,1274200,28.09
2008-10-03,33.05,34.28,32.11,32.17,901500,28.59
2008-10-02,34.32,34.44,32.47,32.65,963600,29.02
2008-10-01,34.42,35.00,33.87,34.44,883500,30.61
2008-09-30,35.19,35.33,33.74,34.57,1264000,30.73
2008-09-29,38.50,38.50,33.92,34.66,1967100,30.81
2008-09-26,38.31,38.86,36.77,38.52,1297000,34.24
2008-09-25,38.25,39.07,37.85,38.74,659600,34.43
2008-09-24,38.64,38.91,37.65,38.19,976200,33.94
2008-09-23,37.79,39.18,37.76,38.50,1085500,34.22
2008-09-22,39.08,39.27,37.50,37.51,803200,33.34
2008-09-19,39.60,41.00,38.15,39.47,2275000,35.08
2008-09-18,37.28,39.48,36.80,37.99,2332900,33.77
2008-09-17,35.88,38.22,35.17,37.04,1581900,32.92
2008-09-16,34.54,36.75,34.54,36.50,1098300,32.44
2008-09-15,35.55,36.38,35.34,35.34,872300,31.41
2008-09-12,36.16,37.00,36.07,36.75,676200,32.66
2008-09-11,35.62,36.55,35.04,36.46,769900,32.41
2008-09-10,35.84,36.55,35.63,36.21,647300,32.18
2008-09-09,37.01,37.04,35.64,35.68,1095200,31.71
2008-09-08,35.84,37.10,35.84,36.90,1120100,32.80
2008-09-05,34.90,35.39,34.30,35.15,1053800,31.24
2008-09-04,36.17,36.22,35.16,35.16,630400,31.25
2008-09-03,36.63,37.13,36.11,36.59,889300,32.52
2008-09-02,37.19,37.56,36.39,36.61,588400,32.54
2008-08-29,37.26,37.43,36.70,36.75,380200,32.66
2008-08-28,37.00,37.31,36.87,37.31,387600,33.16
2008-08-27,36.70,36.95,36.33,36.83,423900,32.74
2008-08-26,36.45,36.64,35.97,36.25,397800,32.22
2008-08-25,37.22,37.23,36.31,36.55,391000,32.49
2008-08-22,37.24,37.62,36.97,37.22,390100,33.08
2008-08-21,37.08,37.27,36.72,37.01,601300,32.90
2008-08-20,37.02,37.36,36.69,37.21,1557500,33.07
2008-08-19,37.03,37.30,36.76,36.95,608100,32.84
2008-08-18,37.43,37.71,36.94,37.20,342600,33.06
2008-08-15,37.45,37.90,37.07,37.33,349100,33.18
2008-08-14,37.00,37.50,36.82,37.38,418600,33.22
2008-08-13,36.76,37.19,36.62,37.01,619100,32.90
2008-08-12,36.90,37.12,36.75,36.91,906500,32.81
2008-08-11,36.20,37.14,36.15,37.14,585900,33.01
2008-08-08,34.62,36.30,34.51,36.25,539700,32.22
2008-08-07,34.94,35.26,34.48,34.78,275800,30.91
2008-08-06,34.28,35.34,34.09,35.31,588100,31.38
2008-08-05,33.34,34.14,33.34,34.14,651500,30.34
2008-08-04,33.65,33.68,33.00,33.14,636400,29.46
2008-08-01,34.82,34.82,33.58,33.71,1485100,29.96
2008-07-31,35.64,35.75,34.62,34.62,1511300,30.77
2008-07-30,34.99,36.03,34.99,35.90,650600,31.91
2008-07-29,34.96,35.51,34.74,35.02,1057500,31.13
2008-07-28,34.97,35.34,34.77,34.77,993000,30.90
2008-07-25,35.01,35.21,34.69,35.02,583900,31.13
2008-07-24,34.95,35.10,34.78,34.89,1066300,31.01
2008-07-23,34.40,35.26,34.12,35.00,1240400,31.11
2008-07-22,35.91,35.95,33.34,34.43,2606200,30.45
2008-07-21,34.85,36.87,34.57,36.86,1353300,32.60
2008-07-18,34.74,34.84,34.31,34.76,742900,30.74
2008-07-17,33.86,34.60,33.76,34.59,696100,30.59
2008-07-16,32.78,33.61,32.23,33.61,752100,29.73
2008-07-15,32.23,33.21,31.75,32.63,1081600,28.86
2008-07-14,32.34,32.59,31.90,32.42,747900,28.67
2008-07-11,32.14,32.59,31.87,32.03,913000,28.33
2008-07-10,33.08,33.11,31.72,32.34,1220400,28.60
2008-07-09,33.94,34.16,33.04,33.17,864000,29.34
2008-07-08,33.30,33.81,32.90,33.69,957800,29.80
2008-07-07,33.16,33.61,32.90,33.22,955600,29.38
2008-07-03,33.08,33.40,32.78,33.11,469900,29.28
2008-07-02,34.74,34.82,32.96,32.98,987100,29.17
2008-07-01,34.74,35.11,34.17,34.82,1515000,30.80
2008-06-30,33.88,35.26,33.87,35.02,1170400,30.97
2008-06-27,33.98,34.14,33.66,33.87,1463600,29.96
2008-06-26,34.49,35.10,33.85,33.98,814200,30.05
2008-06-25,34.97,35.13,34.67,34.82,675300,30.80
2008-06-24,34.93,35.20,34.45,34.73,604300,30.72
2008-06-23,34.54,35.19,34.45,34.90,1883600,30.87
2008-06-20,34.73,34.86,34.38,34.44,1009700,30.46
2008-06-19,33.87,35.13,33.87,35.01,829900,30.96
2008-06-18,34.09,34.17,33.66,33.87,366700,29.96
2008-06-17,34.87,34.87,34.19,34.32,458000,30.35
2008-06-16,34.04,34.82,33.86,34.56,720900,30.57
2008-06-13,34.77,35.03,34.21,34.21,1135100,30.26
2008-06-12,34.67,35.18,34.41,34.48,819800,30.50
2008-06-11,35.62,35.68,34.65,34.67,609100,30.66
2008-06-10,35.50,35.85,35.31,35.58,716500,31.47
2008-06-09,36.57,36.62,35.63,35.85,602600,31.71
2008-06-06,36.81,36.95,36.25,36.32,655000,32.12
2008-06-05,36.65,37.22,36.48,37.21,807100,32.91
2008-06-04,37.00,37.29,36.18,36.52,877700,32.30
2008-06-03,37.29,37.52,36.64,37.20,462100,32.90
2008-06-02,37.41,37.41,36.90,37.10,479000,32.81
2008-05-30,37.46,37.72,37.29,37.43,427100,33.10
2008-05-29,36.96,37.74,36.50,37.39,820200,33.07
2008-05-28,36.25,37.11,36.20,36.95,732700,32.68
2008-05-27,35.73,35.85,35.30,35.77,542000,31.64
2008-05-23,36.25,36.41,35.51,35.73,436300,31.60
2008-05-22,36.44,36.78,36.13,36.34,382800,32.14
2008-05-21,37.36,37.41,36.06,36.30,446100,32.11
2008-05-20,37.24,37.50,37.01,37.22,393500,32.92
2008-05-19,37.20,37.81,37.08,37.30,534600,32.99
2008-05-16,37.30,37.46,36.75,37.25,429000,32.95
2008-05-15,37.25,37.57,36.89,37.14,622100,32.85
2008-05-14,37.28,37.85,37.06,37.30,498500,32.99
2008-05-13,37.09,37.30,36.81,37.05,436100,32.77
2008-05-12,36.71,37.09,36.59,37.01,617000,32.73
2008-05-09,36.20,36.87,36.18,36.73,516300,32.49
2008-05-08,36.49,36.98,36.23,36.78,642200,32.53
2008-05-07,37.50,37.53,36.35,36.51,622300,32.29
2008-05-06,37.33,37.65,37.05,37.50,519200,33.17
2008-05-05,37.60,37.82,37.35,37.43,361200,33.10
2008-05-02,37.66,38.76,37.49,37.70,1205400,33.34
2008-05-01,36.84,37.77,36.62,37.59,966200,33.25
2008-04-30,37.24,37.50,36.61,36.83,1057800,32.57
2008-04-29,36.90,37.33,36.70,37.24,863700,32.94
2008-04-28,36.76,37.00,36.28,36.90,495900,32.64
2008-04-25,36.67,36.68,35.94,36.59,602800,32.36
2008-04-24,35.77,36.68,35.49,36.50,1012300,32.28
2008-04-23,37.01,37.02,35.63,36.03,1074400,31.87
2008-04-22,36.99,38.15,36.32,37.00,2309500,32.57
2008-04-21,35.99,36.67,35.99,36.57,819000,32.20
2008-04-18,36.37,36.50,35.40,36.35,854700,32.00
2008-04-17,35.24,35.56,34.30,35.44,621900,31.20
2008-04-16,33.97,35.40,33.94,35.32,697700,31.09
2008-04-15,33.37,33.90,33.30,33.77,519800,29.73
2008-04-14,32.66,33.47,32.37,33.07,743800,29.11
2008-04-11,33.06,33.11,32.47,32.61,363800,28.71
2008-04-10,32.90,33.49,32.68,33.46,435000,29.46
2008-04-09,33.50,33.65,32.87,32.96,304900,29.02
2008-04-08,33.10,33.55,33.01,33.29,660800,29.31
2008-04-07,34.40,34.49,33.24,33.24,804200,29.26
2008-04-04,33.55,34.27,33.19,34.27,777700,30.17
2008-04-03,33.31,33.73,33.11,33.60,481600,29.58
2008-04-02,33.38,33.83,33.35,33.58,601600,29.56
2008-04-01,32.29,33.37,32.05,33.36,582600,29.37
2008-03-31,31.34,31.98,31.14,31.90,778900,28.08
2008-03-28,31.91,32.07,31.31,31.48,1150500,27.71
2008-03-27,32.65,32.71,31.72,31.97,775300,28.15
2008-03-26,32.80,32.93,32.33,32.52,340300,28.63
2008-03-25,32.35,32.99,32.04,32.88,501200,28.95
2008-03-24,31.51,32.50,31.39,32.22,515100,28.37
2008-03-20,31.45,31.68,30.98,31.55,679200,27.78
2008-03-19,31.86,32.29,31.38,31.38,544200,27.63
2008-03-18,31.31,31.80,30.98,31.77,557400,27.97
2008-03-17,30.68,31.31,30.42,30.85,661000,27.16
2008-03-14,32.04,32.16,30.82,31.34,816800,27.59
2008-03-13,31.17,32.09,30.87,31.87,403100,28.06
2008-03-12,31.53,32.18,31.43,31.61,467200,27.83
2008-03-11,31.17,31.53,30.70,31.53,570400,27.76
2008-03-10,30.98,31.18,30.27,30.32,870600,26.69
2008-03-07,31.00,31.38,30.87,31.00,630200,27.29
2008-03-06,31.89,32.00,31.17,31.19,719600,27.46
2008-03-05,32.03,32.62,31.97,32.11,928800,28.27
2008-03-04,32.12,32.40,31.36,31.85,845600,28.04
2008-03-03,32.64,32.79,31.98,32.40,742500,28.52
2008-02-29,33.78,33.86,32.55,32.62,786300,28.72
2008-02-28,33.95,34.42,33.54,34.21,626500,30.12
2008-02-27,33.90,34.75,33.90,34.29,427700,30.19
2008-02-26,33.92,34.66,33.68,34.52,840900,30.39
2008-02-25,33.47,34.11,32.90,34.11,738100,30.03
2008-02-22,33.31,33.59,32.66,33.49,728800,29.48
2008-02-21,34.28,34.50,33.08,33.16,618200,29.19
2008-02-20,33.44,34.32,33.15,34.25,462500,30.15
2008-02-19,33.93,34.09,33.37,33.58,549700,29.56
2008-02-15,33.71,33.76,33.12,33.65,558000,29.62
2008-02-14,34.16,34.38,33.69,33.85,568300,29.80
2008-02-13,34.00,34.33,33.99,34.24,822200,30.14
2008-02-12,33.93,34.05,33.48,33.74,602600,29.70
2008-02-11,33.54,33.87,33.05,33.82,657600,29.77
2008-02-08,33.11,33.85,32.91,33.63,1268600,29.61
2008-02-07,32.70,33.66,32.47,33.25,980800,29.27
2008-02-06,33.02,33.48,32.61,32.77,1139600,28.85
2008-02-05,31.78,34.77,29.85,32.91,1973500,28.97
2008-02-04,31.99,32.84,31.99,32.60,808900,28.70
2008-02-01,31.76,32.26,31.31,32.23,682000,28.37
2008-01-31,30.52,31.96,30.43,31.76,819400,27.96
2008-01-30,31.06,31.77,30.68,30.99,459100,27.28
2008-01-29,30.92,31.29,30.52,31.18,916600,27.45
2008-01-28,29.73,30.96,29.52,30.92,1220100,27.22
2008-01-25,29.12,30.42,29.08,29.82,1227000,26.25
2008-01-24,28.67,29.37,28.26,28.98,1416200,25.51
2008-01-23,27.33,28.48,26.83,28.47,1490000,25.06
2008-01-22,26.33,28.13,26.02,27.80,1694500,24.32
2008-01-18,28.10,28.86,27.47,27.78,2094000,24.31
2008-01-17,29.16,29.91,27.86,28.04,2054200,24.53
2008-01-16,29.43,29.72,29.09,29.10,1308800,25.46
2008-01-15,30.10,30.21,29.25,29.50,1843000,25.81
2008-01-14,31.14,31.14,30.27,30.32,846800,26.53
2008-01-11,30.47,31.15,30.31,30.78,1252600,26.93
2008-01-10,30.42,30.96,29.91,30.79,1295100,26.94
2008-01-09,31.42,31.49,29.68,30.58,1576100,26.76
2008-01-08,33.08,33.15,31.55,31.55,591800,27.61
2008-01-07,33.23,33.44,32.86,33.02,1090800,28.89
2008-01-04,33.74,33.86,32.74,32.97,767200,28.85
2008-01-03,34.17,34.39,33.88,34.13,532100,29.86
2008-01-02,34.67,34.98,33.93,34.18,401900,29.91
