Date,Open,High,Low,Close,Volume,Adj Close
2013-12-31,9.84,9.93,9.81,9.89,6774500,9.86
2013-12-30,9.83,9.86,9.77,9.84,4707200,9.81
2013-12-27,9.90,9.90,9.80,9.83,4730400,9.80
2013-12-26,9.85,9.91,9.84,9.88,5327200,9.85
2013-12-24,9.81,9.87,9.77,9.85,3982800,9.82
2013-12-23,9.66,9.83,9.64,9.82,7419600,9.79
2013-12-20,9.64,9.72,9.58,9.63,17570900,9.60
2013-12-19,9.54,9.65,9.52,9.59,10970000,9.56
2013-12-18,9.58,9.62,9.44,9.60,18371400,9.57
2013-12-17,9.56,9.61,9.50,9.52,8037700,9.49
2013-12-16,9.61,9.63,9.54,9.57,8494400,9.54
2013-12-13,9.52,9.56,9.45,9.53,14538200,9.50
2013-12-12,9.41,9.61,9.39,9.52,14537900,9.49
2013-12-11,9.65,9.66,9.39,9.42,15199700,9.39
2013-12-10,9.62,9.67,9.35,9.56,26578100,9.50
2013-12-09,9.76,9.79,9.61,9.63,15019300,9.57
2013-12-06,9.69,9.82,9.68,9.71,16302600,9.65
2013-12-05,9.57,9.68,9.55,9.56,10329700,9.50
2013-12-04,9.56,9.82,9.55,9.67,15705500,9.61
2013-12-03,9.73,9.77,9.49,9.55,16219300,9.49
2013-12-02,9.74,9.93,9.73,9.74,12211500,9.68
2013-11-29,9.83,9.84,9.70,9.73,4863500,9.67
2013-11-27,9.76,9.93,9.74,9.82,9213000,9.76
2013-11-26,9.86,9.90,9.75,9.76,10263400,9.70
2013-11-25,9.91,9.98,9.81,9.82,9733100,9.76
2013-11-22,9.77,9.86,9.70,9.86,7004400,9.80
2013-11-21,9.58,9.83,9.58,9.74,11750500,9.68
2013-11-20,9.59,9.70,9.56,9.61,12090600,9.55
2013-11-19,9.67,9.67,9.52,9.58,13752900,9.52
2013-11-18,9.86,9.89,9.65,9.66,12320000,9.60
2013-11-15,9.84,9.90,9.78,9.85,17799900,9.79
2013-11-14,9.72,9.82,9.64,9.81,12771100,9.75
2013-11-13,9.62,9.71,9.56,9.67,8358900,9.61
2013-11-12,9.76,9.80,9.59,9.64,10934000,9.58
2013-11-11,9.76,9.84,9.69,9.80,10476800,9.74
2013-11-08,9.30,9.78,9.29,9.78,37095500,9.72
2013-11-07,9.48,9.50,9.25,9.26,18588100,9.21
2013-11-06,9.59,9.59,9.35,9.45,21563400,9.39
2013-11-05,9.44,9.58,9.37,9.54,14482500,9.48
2013-11-04,9.56,9.61,9.45,9.45,12847000,9.39
2013-11-01,9.62,9.75,9.53,9.55,14832000,9.49
2013-10-31,9.55,9.68,9.49,9.63,46873700,9.57
2013-10-30,9.53,9.60,9.49,9.54,16111500,9.48
2013-10-29,9.60,9.63,9.49,9.50,15554200,9.44
2013-10-28,9.51,9.64,9.44,9.56,11539600,9.50
2013-10-25,9.54,9.58,9.40,9.49,16669800,9.43
2013-10-24,9.50,9.56,9.41,9.54,17386300,9.48
2013-10-23,9.59,9.68,9.51,9.59,22468800,9.53
2013-10-22,9.76,9.95,9.53,9.68,51792600,9.62
2013-10-21,10.05,10.13,9.96,10.04,20361200,9.98
2013-10-18,9.95,10.12,9.90,10.11,31126400,10.05
2013-10-17,9.77,9.95,9.72,9.94,16369300,9.88
2013-10-16,9.65,9.83,9.64,9.81,13392200,9.75
2013-10-15,9.70,9.72,9.53,9.57,11439100,9.51
2013-10-14,9.54,9.73,9.50,9.72,12353600,9.66
2013-10-11,9.43,9.65,9.40,9.59,16567100,9.53
2013-10-10,9.42,9.55,9.38,9.47,25179500,9.41
2013-10-09,9.25,9.33,9.19,9.28,14863400,9.23
2013-10-08,9.28,9.41,9.21,9.22,14940800,9.17
2013-10-07,9.33,9.39,9.27,9.27,9151500,9.22
2013-10-04,9.32,9.47,9.31,9.43,11716900,9.37
2013-10-03,9.33,9.43,9.23,9.30,17761100,9.25
2013-10-02,9.29,9.41,9.25,9.33,9730600,9.27
2013-10-01,9.26,9.42,9.26,9.40,12132200,9.34
2013-09-30,9.16,9.33,9.12,9.26,13037600,9.21
2013-09-27,9.24,9.47,9.19,9.30,20922200,9.25
2013-09-26,9.25,9.32,9.13,9.18,7553500,9.13
2013-09-25,9.18,9.35,9.04,9.25,19929600,9.20
2013-09-24,9.00,9.27,8.84,9.19,23539200,9.14
2013-09-23,9.25,9.26,9.03,9.07,22966200,9.02
2013-09-20,9.24,9.32,9.18,9.29,20894200,9.24
2013-09-19,9.62,9.64,9.15,9.21,36857600,9.16
2013-09-18,9.64,9.75,9.56,9.61,15766600,9.55
2013-09-17,9.60,9.64,9.54,9.64,11419200,9.58
2013-09-16,9.64,9.65,9.54,9.59,9681800,9.53
2013-09-13,9.46,9.54,9.40,9.52,6917000,9.46
2013-09-12,9.54,9.57,9.44,9.48,8416300,9.42
2013-09-11,9.64,9.67,9.50,9.55,8174000,9.49
2013-09-10,9.60,9.74,9.58,9.66,16719000,9.57
2013-09-09,9.59,9.60,9.43,9.54,15267000,9.45
2013-09-06,9.64,9.66,9.38,9.55,13253900,9.46
2013-09-05,9.50,9.64,9.50,9.57,9079300,9.48
2013-09-04,9.37,9.59,9.34,9.49,16323600,9.40
2013-09-03,9.53,9.65,9.28,9.35,14264700,9.27
2013-08-30,9.53,9.54,9.35,9.40,9168700,9.32
2013-08-29,9.41,9.62,9.39,9.49,10545600,9.40
2013-08-28,9.45,9.53,9.34,9.44,14454000,9.36
2013-08-27,9.69,9.70,9.45,9.46,20356800,9.37
2013-08-26,9.93,9.95,9.80,9.81,10436100,9.72
2013-08-23,10.10,10.13,9.89,9.94,9969400,9.85
2013-08-22,9.86,10.10,9.83,10.06,12848900,9.97
2013-08-21,9.84,9.97,9.72,9.84,18017000,9.75
2013-08-20,9.68,9.96,9.66,9.86,21645800,9.77
2013-08-19,9.84,9.88,9.68,9.68,14287800,9.59
2013-08-16,9.78,9.95,9.78,9.84,14188700,9.75
2013-08-15,9.83,9.90,9.76,9.81,14222200,9.72
2013-08-14,9.87,9.98,9.85,9.95,12576200,9.86
2013-08-13,9.90,9.96,9.76,9.88,11294200,9.79
2013-08-12,9.86,9.97,9.81,9.85,15257800,9.76
2013-08-09,9.92,10.05,9.91,9.92,10860200,9.83
2013-08-08,10.00,10.05,9.88,9.93,11255100,9.84
2013-08-07,10.00,10.00,9.87,9.91,12508300,9.82
2013-08-06,10.24,10.24,10.01,10.02,13452000,9.93
2013-08-05,10.23,10.29,10.17,10.25,7204200,10.16
2013-08-02,10.22,10.31,10.14,10.24,12861300,10.15
2013-08-01,10.12,10.30,10.05,10.26,18890800,10.17
2013-07-31,10.09,10.28,10.00,10.01,27569700,9.92
2013-07-30,10.13,10.19,9.99,10.04,17276200,9.95
2013-07-29,10.23,10.24,10.01,10.06,13308000,9.97
2013-07-26,10.10,10.25,10.07,10.23,10978700,10.14
2013-07-25,10.21,10.33,10.10,10.18,16872400,10.09
2013-07-24,10.46,10.52,10.22,10.22,19704400,10.13
2013-07-23,10.36,10.43,10.15,10.42,34590500,10.33
2013-07-22,10.23,10.42,10.21,10.42,19519500,10.33
2013-07-19,10.27,10.28,10.10,10.23,13346400,10.14
2013-07-18,9.96,10.27,9.88,10.23,16414100,10.14
2013-07-17,9.78,9.99,9.77,9.98,13162600,9.89
2013-07-16,9.94,9.97,9.71,9.74,25940500,9.65
2013-07-15,10.08,10.12,9.92,9.93,13011300,9.84
2013-07-12,9.94,10.02,9.88,10.00,14176600,9.91
2013-07-11,10.28,10.29,9.73,9.88,25174700,9.79
2013-07-10,10.21,10.22,10.01,10.13,18114300,10.04
2013-07-09,10.24,10.27,10.04,10.20,19810500,10.11
2013-07-08,10.31,10.34,10.15,10.15,16502800,10.06
2013-07-05,10.01,10.18,9.96,10.18,13319200,10.09
2013-07-03,9.75,9.89,9.65,9.88,9560100,9.79
2013-07-02,9.75,9.94,9.73,9.82,18019700,9.73
2013-07-01,9.62,9.80,9.61,9.74,12806200,9.65
2013-06-28,9.70,9.71,9.52,9.53,15855500,9.44
2013-06-27,9.60,9.71,9.54,9.71,20494800,9.62
2013-06-26,9.41,9.54,9.37,9.53,22702400,9.44
2013-06-25,9.19,9.31,9.13,9.27,13056800,9.19
2013-06-24,9.01,9.61,8.96,9.10,26617900,9.02
2013-06-21,9.15,9.18,9.02,9.10,29187300,9.02
2013-06-20,8.96,9.16,8.95,9.06,29187500,8.98
2013-06-19,9.07,9.15,9.02,9.07,18897200,8.99
2013-06-18,9.00,9.13,8.92,9.11,14771100,9.03
2013-06-17,9.08,9.08,8.92,8.97,14743500,8.89
2013-06-14,9.14,9.17,8.91,8.98,14164100,8.90
2013-06-13,9.06,9.18,8.97,9.17,11367700,9.09
2013-06-12,9.25,9.35,8.99,9.07,18000900,8.99
2013-06-11,9.24,9.37,9.19,9.22,18512700,9.11
2013-06-10,9.30,9.40,9.16,9.36,22035500,9.25
2013-06-07,9.10,9.25,8.98,9.21,20071900,9.10
2013-06-06,8.87,9.04,8.83,9.03,15185500,8.92
2013-06-05,8.94,9.00,8.82,8.88,18810000,8.77
2013-06-04,9.13,9.21,8.94,8.98,19924900,8.87
2013-06-03,9.16,9.22,8.90,9.12,22932200,9.01
2013-05-31,9.36,9.44,9.13,9.13,17333800,9.02
2013-05-30,9.26,9.48,9.25,9.38,15413600,9.27
2013-05-29,9.15,9.34,9.13,9.26,14873500,9.15
2013-05-28,9.23,9.31,9.19,9.23,15628300,9.12
2013-05-24,8.95,9.11,8.95,9.10,12234400,8.99
2013-05-23,8.92,9.09,8.82,8.99,15793900,8.88
2013-05-22,9.15,9.34,8.98,9.02,16338900,8.91
2013-05-21,9.19,9.23,9.12,9.16,10670600,9.05
2013-05-20,9.04,9.19,9.03,9.15,13365200,9.04
2013-05-17,9.00,9.09,8.97,9.05,15019300,8.94
2013-05-16,9.13,9.18,8.90,8.95,14737300,8.84
2013-05-15,8.98,9.19,8.95,9.14,15372000,9.03
2013-05-14,8.86,9.00,8.85,9.00,13326800,8.89
2013-05-13,8.83,8.91,8.78,8.84,9172900,8.73
2013-05-10,8.81,8.89,8.73,8.81,9702400,8.70
2013-05-09,8.80,8.92,8.78,8.81,15172600,8.70
2013-05-08,8.72,8.84,8.70,8.81,10197100,8.70
2013-05-07,8.77,8.80,8.65,8.73,12495400,8.62
2013-05-06,8.57,8.71,8.56,8.71,7999100,8.60
2013-05-03,8.55,8.65,8.54,8.58,13233900,8.48
2013-05-02,8.43,8.55,8.37,8.46,13190500,8.36
2013-05-01,8.46,8.52,8.42,8.43,17214600,8.33
2013-04-30,8.38,8.49,8.36,8.49,19998800,8.39
2013-04-29,8.40,8.44,8.37,8.42,12958600,8.32
2013-04-26,8.38,8.39,8.25,8.37,18355800,8.27
2013-04-25,8.23,8.39,8.23,8.32,15781600,8.22
2013-04-24,8.02,8.23,7.99,8.22,16023300,8.12
2013-04-23,7.92,8.12,7.85,8.01,24312100,7.91
2013-04-22,7.86,7.86,7.68,7.73,13024700,7.64
2013-04-19,7.74,7.84,7.63,7.83,12312800,7.73
2013-04-18,7.81,7.83,7.62,7.67,15995200,7.58
2013-04-17,7.88,7.90,7.71,7.79,12784800,7.69
2013-04-16,7.91,7.99,7.88,7.97,16890900,7.87
2013-04-15,8.11,8.12,7.80,7.80,14878900,7.70
2013-04-12,8.15,8.24,8.07,8.11,9023200,8.01
2013-04-11,8.24,8.25,8.11,8.22,7872600,8.12
2013-04-10,8.12,8.25,8.09,8.23,11696600,8.13
2013-04-09,8.07,8.12,7.96,8.08,15188100,7.98
2013-04-08,7.96,8.04,7.84,8.04,10312400,7.94
2013-04-05,7.81,8.02,7.76,7.99,14532400,7.89
2013-04-04,7.87,7.99,7.86,7.97,8922800,7.87
2013-04-03,8.01,8.04,7.81,7.87,15034200,7.77
2013-04-02,8.03,8.09,7.97,8.04,20246800,7.94
2013-04-01,8.19,8.22,7.97,8.02,9929800,7.92
2013-03-28,8.20,8.24,8.11,8.19,7841100,8.09
2013-03-27,8.24,8.24,8.12,8.22,11296300,8.12
2013-03-26,8.32,8.35,8.22,8.30,13455100,8.20
2013-03-25,8.29,8.31,8.17,8.28,9926500,8.18
2013-03-22,8.26,8.27,8.17,8.21,17160700,8.11
2013-03-21,8.36,8.39,8.21,8.22,10010700,8.12
2013-03-20,8.37,8.44,8.32,8.40,13419700,8.30
2013-03-19,8.31,8.34,8.22,8.29,15083100,8.19
2013-03-18,8.27,8.34,8.21,8.27,10948100,8.17
2013-03-15,8.33,8.42,8.29,8.36,28238200,8.26
2013-03-14,8.29,8.34,8.16,8.31,22810100,8.21
2013-03-13,8.14,8.27,8.05,8.25,15792200,8.15
2013-03-12,8.28,8.33,8.12,8.13,16614700,8.02
2013-03-11,8.15,8.35,8.14,8.31,12761300,8.20
2013-03-08,8.31,8.36,8.05,8.15,23946100,8.04
2013-03-07,8.07,8.24,8.05,8.22,14117700,8.11
2013-03-06,7.98,8.20,7.97,8.04,28197600,7.93
2013-03-05,7.92,8.00,7.88,7.92,17692800,7.81
2013-03-04,7.67,7.88,7.65,7.85,18824200,7.74
2013-03-01,7.60,7.72,7.55,7.71,17651400,7.61
2013-02-28,7.64,7.72,7.56,7.65,11554400,7.55
2013-02-27,7.50,7.66,7.47,7.62,11430600,7.52
2013-02-26,7.53,7.57,7.42,7.50,15518100,7.40
2013-02-25,7.83,7.86,7.48,7.48,18348500,7.38
2013-02-22,7.66,7.78,7.63,7.77,15388000,7.67
2013-02-21,7.68,7.75,7.54,7.59,23973600,7.49
2013-02-20,7.92,7.94,7.70,7.71,14877000,7.61
2013-02-19,7.86,7.97,7.85,7.96,12233800,7.85
2013-02-15,7.92,7.95,7.82,7.85,10253700,7.74
2013-02-14,7.82,7.91,7.81,7.91,12751900,7.80
2013-02-13,7.96,7.97,7.84,7.85,18352200,7.74
2013-02-12,7.96,7.97,7.87,7.93,11306400,7.82
2013-02-11,7.95,7.97,7.87,7.94,17158600,7.83
2013-02-08,7.96,7.96,7.90,7.93,8908400,7.82
2013-02-07,7.96,8.00,7.87,7.96,13759800,7.85
2013-02-06,7.90,7.99,7.86,7.94,16963200,7.83
2013-02-05,7.87,7.97,7.81,7.93,15305000,7.82
2013-02-04,7.82,7.87,7.75,7.81,10836800,7.71
2013-02-01,7.84,7.96,7.80,7.88,17800100,7.77
2013-01-31,7.61,7.81,7.56,7.78,26415700,7.68
2013-01-30,7.71,7.88,7.65,7.81,23375700,7.71
2013-01-29,7.68,7.75,7.67,7.71,19986400,7.61
2013-01-28,7.67,7.75,7.59,7.71,11641200,7.61
2013-01-25,7.73,7.77,7.63,7.69,12567700,7.59
2013-01-24,7.66,7.73,7.63,7.67,12471000,7.57
2013-01-23,7.75,7.85,7.64,7.66,22621500,7.56
2013-01-22,7.47,7.81,7.45,7.76,37498500,7.66
2013-01-18,7.47,7.57,7.35,7.43,18960500,7.33
2013-01-17,7.41,7.55,7.35,7.45,20294300,7.35
2013-01-16,7.33,7.45,7.30,7.38,21398100,7.28
2013-01-15,7.15,7.32,7.13,7.29,19088600,7.19
2013-01-14,7.24,7.28,7.16,7.19,13721500,7.09
2013-01-11,7.36,7.36,7.15,7.24,18322100,7.14
2013-01-10,7.33,7.39,7.24,7.35,17753800,7.25
2013-01-09,7.42,7.46,7.27,7.30,15827800,7.20
2013-01-08,7.44,7.48,7.28,7.40,14243500,7.30
2013-01-07,7.59,7.59,7.41,7.46,13545500,7.36
2013-01-04,7.37,7.59,7.37,7.59,22613400,7.49
2013-01-03,7.30,7.37,7.20,7.33,22191900,7.23
2013-01-02,7.32,7.37,7.17,7.31,17693800,7.21
2012-12-31,6.89,7.14,6.88,7.13,13624400,7.03
2012-12-28,6.93,7.01,6.92,6.93,7146900,6.84
2012-12-27,7.03,7.07,6.90,6.99,10721100,6.90
2012-12-26,7.01,7.08,6.99,7.02,7859900,6.93
2012-12-24,7.03,7.09,6.94,6.99,8580900,6.90
2012-12-21,7.10,7.18,7.02,7.11,27942100,7.01
2012-12-20,7.05,7.19,7.04,7.18,13758300,7.08
2012-12-19,7.19,7.19,7.03,7.05,25171800,6.96
2012-12-18,7.01,7.09,6.93,7.05,26744500,6.96
2012-12-17,6.76,6.92,6.72,6.91,12274700,6.82
2012-12-14,6.73,6.76,6.70,6.70,8104500,6.61
2012-12-13,6.76,6.80,6.68,6.73,11013200,6.64
2012-12-12,6.80,6.90,6.74,6.78,17598900,6.69
2012-12-11,6.75,6.82,6.71,6.76,10245600,6.66
2012-12-10,6.62,6.78,6.58,6.71,11709500,6.61
2012-12-07,6.54,6.65,6.54,6.64,9829800,6.54
2012-12-06,6.64,6.65,6.48,6.54,10795600,6.44
2012-12-05,6.48,6.60,6.41,6.57,23887200,6.47
2012-12-04,6.56,6.58,6.40,6.45,19936000,6.35
2012-12-03,6.69,6.73,6.56,6.58,11320800,6.48
2012-11-30,6.68,6.72,6.60,6.67,14760800,6.57
2012-11-29,6.65,6.72,6.63,6.67,13022900,6.57
2012-11-28,6.55,6.64,6.49,6.62,11786100,6.52
2012-11-27,6.68,6.73,6.59,6.59,16357400,6.49
2012-11-26,6.68,6.68,6.55,6.65,12192200,6.55
2012-11-23,6.61,6.69,6.56,6.69,4336100,6.59
2012-11-21,6.62,6.63,6.49,6.58,7115800,6.48
2012-11-20,6.48,6.63,6.41,6.61,19592600,6.51
2012-11-19,6.43,6.52,6.40,6.47,13808300,6.37
2012-11-16,6.38,6.42,6.19,6.32,26944600,6.23
2012-11-15,6.23,6.41,6.19,6.30,25281900,6.21
2012-11-14,6.48,6.52,6.24,6.25,23220300,6.16
2012-11-13,6.48,6.61,6.44,6.45,18309400,6.35
2012-11-12,6.49,6.59,6.41,6.53,15816400,6.43
2012-11-09,6.36,6.55,6.35,6.45,14840500,6.35
2012-11-08,6.55,6.66,6.38,6.38,27716700,6.28
2012-11-07,6.67,6.70,6.52,6.53,26524100,6.43
2012-11-06,6.60,6.82,6.59,6.80,19538800,6.70
2012-11-05,6.59,6.63,6.53,6.58,17183800,6.48
2012-11-02,6.75,6.78,6.62,6.66,24937700,6.56
2012-11-01,6.54,6.68,6.44,6.68,23302400,6.58
2012-10-31,6.64,6.65,6.36,6.52,25591900,6.42
2012-10-26,6.60,6.62,6.45,6.58,26657000,6.48
2012-10-25,6.51,6.61,6.41,6.61,26533000,6.51
2012-10-24,6.59,6.63,6.38,6.46,30320300,6.36
2012-10-23,6.57,6.70,6.44,6.54,78830800,6.44
2012-10-22,7.08,7.21,6.98,7.08,29660100,6.97
2012-10-19,7.20,7.22,7.01,7.13,19641500,7.02
2012-10-18,7.22,7.35,7.15,7.22,21805800,7.11
2012-10-17,7.14,7.28,7.08,7.18,24020200,7.07
2012-10-16,7.41,7.45,7.05,7.11,29515100,7.00
2012-10-15,7.33,7.40,7.19,7.39,20387000,7.28
2012-10-12,7.46,7.53,7.25,7.28,22036700,7.17
2012-10-11,7.66,7.69,7.60,7.62,12061600,7.51
2012-10-10,7.42,7.60,7.42,7.55,15323100,7.44
2012-10-09,7.51,7.55,7.41,7.43,12167700,7.32
2012-10-08,7.51,7.60,7.47,7.50,9858800,7.39
2012-10-05,7.60,7.72,7.51,7.57,17987200,7.46
2012-10-04,7.35,7.63,7.34,7.51,44795100,7.40
2012-10-03,7.20,7.42,7.15,7.32,16736500,7.21
2012-10-02,7.19,7.20,7.10,7.17,12283200,7.06
2012-10-01,7.25,7.31,7.12,7.13,11909800,7.02
2012-09-28,7.21,7.28,7.17,7.20,10087700,7.09
2012-09-27,7.24,7.32,7.16,7.28,16239800,7.17
2012-09-26,7.17,7.25,7.08,7.15,16307300,7.04
2012-09-25,7.45,7.49,7.20,7.21,16901000,7.10
2012-09-24,7.45,7.53,7.41,7.44,12356700,7.33
2012-09-21,7.73,7.73,7.50,7.52,18249300,7.41
2012-09-20,7.57,7.60,7.37,7.58,25494200,7.47
2012-09-19,7.30,7.70,7.29,7.65,43641900,7.54
2012-09-18,7.39,7.41,7.25,7.28,17647700,7.17
2012-09-17,7.60,7.61,7.38,7.39,16627700,7.28
2012-09-14,7.66,7.73,7.58,7.62,28851200,7.51
2012-09-13,7.30,7.63,7.23,7.59,31098100,7.48
2012-09-12,7.38,7.41,7.27,7.29,19857900,7.18
2012-09-11,7.43,7.48,7.27,7.33,19691000,7.21
2012-09-10,7.50,7.58,7.41,7.42,17988100,7.30
2012-09-07,7.26,7.40,7.23,7.37,14310200,7.25
2012-09-06,7.04,7.22,7.03,7.22,19027800,7.10
2012-09-05,7.00,7.02,6.96,6.99,7440500,6.88
2012-09-04,6.97,7.02,6.90,7.01,10960700,6.90
2012-08-31,7.08,7.09,6.95,6.96,13472100,6.85
2012-08-30,7.01,7.05,6.96,7.03,9792900,6.92
2012-08-29,7.11,7.15,7.03,7.05,7254400,6.94
2012-08-28,7.08,7.15,7.04,7.11,8419900,6.99
2012-08-27,7.21,7.24,7.06,7.10,8758300,6.98
2012-08-24,6.97,7.20,6.96,7.18,11452000,7.06
2012-08-23,7.09,7.12,6.98,7.01,9530500,6.90
2012-08-22,7.00,7.12,6.96,7.09,11480800,6.97
2012-08-21,7.14,7.20,7.01,7.03,10697900,6.92
2012-08-20,7.14,7.20,7.10,7.13,7563500,7.01
2012-08-17,7.17,7.17,7.11,7.16,9880200,7.04
2012-08-16,7.06,7.17,6.98,7.14,14300200,7.02
2012-08-15,7.04,7.08,6.99,7.05,9341800,6.94
2012-08-14,7.03,7.13,6.98,7.05,19726600,6.94
2012-08-13,6.96,7.00,6.86,6.99,14514300,6.88
2012-08-10,6.91,7.00,6.89,7.00,9166000,6.89
2012-08-09,6.89,6.97,6.87,6.97,15703400,6.86
2012-08-08,6.92,7.00,6.90,6.92,14447300,6.81
2012-08-07,7.04,7.09,6.95,6.96,16338400,6.85
2012-08-06,7.04,7.08,6.99,7.00,13054000,6.89
2012-08-03,6.84,7.01,6.81,6.93,19831800,6.82
2012-08-02,6.78,6.89,6.68,6.72,24547200,6.61
2012-08-01,7.01,7.04,6.84,6.86,17424300,6.75
2012-07-31,7.01,7.07,6.96,6.96,14849100,6.85
2012-07-30,7.08,7.14,7.04,7.05,14821100,6.94
2012-07-27,7.13,7.17,6.97,7.10,23248600,6.98
2012-07-26,6.97,7.09,6.93,7.07,25423800,6.96
2012-07-25,6.72,6.95,6.67,6.91,54846100,6.80
2012-07-24,6.71,6.80,6.53,6.65,55122200,6.54
2012-07-23,6.28,6.42,6.22,6.39,19290200,6.29
2012-07-20,6.50,6.67,6.38,6.41,24504700,6.31
2012-07-19,6.76,6.77,6.58,6.65,13646200,6.54
2012-07-18,6.79,6.83,6.69,6.72,14706800,6.61
2012-07-17,6.72,6.86,6.65,6.85,22593800,6.74
2012-07-16,6.66,6.71,6.61,6.66,8572300,6.55
2012-07-13,6.49,6.71,6.47,6.70,10887200,6.59
2012-07-12,6.48,6.53,6.41,6.47,17688100,6.36
2012-07-11,6.42,6.60,6.40,6.56,17732200,6.45
2012-07-10,6.68,6.68,6.35,6.43,19003300,6.33
2012-07-09,6.67,6.70,6.49,6.63,17789100,6.52
2012-07-06,6.66,6.73,6.60,6.68,12283000,6.57
2012-07-05,6.83,6.87,6.73,6.74,12849100,6.63
2012-07-03,6.85,6.92,6.81,6.86,7056400,6.75
2012-07-02,6.82,6.85,6.67,6.85,16385300,6.74
2012-06-29,6.74,6.75,6.65,6.75,13872500,6.64
2012-06-28,6.31,6.59,6.25,6.54,26919600,6.43
2012-06-27,6.40,6.43,6.27,6.41,38252700,6.31
2012-06-26,6.46,6.51,6.26,6.36,30158900,6.26
2012-06-25,6.55,6.55,6.38,6.40,12591700,6.30
2012-06-22,6.56,6.73,6.53,6.67,11907500,6.56
2012-06-21,6.75,6.78,6.49,6.51,17156500,6.40
2012-06-20,6.75,6.78,6.60,6.74,16161200,6.63
2012-06-19,6.64,6.80,6.61,6.73,20341200,6.62
2012-06-18,6.49,6.65,6.40,6.63,29114800,6.52
2012-06-15,6.39,6.45,6.29,6.45,19923300,6.35
2012-06-14,6.31,6.37,6.23,6.33,20100500,6.23
2012-06-13,6.14,6.29,6.09,6.19,16707100,6.09
2012-06-12,6.01,6.20,5.93,6.19,14956900,6.08
2012-06-11,6.27,6.29,6.00,6.00,16793300,5.89
2012-06-08,6.02,6.18,5.92,6.15,22293400,6.04
2012-06-07,6.12,6.22,5.96,6.09,23843500,5.98
2012-06-06,5.72,5.98,5.67,5.95,21829000,5.84
2012-06-05,5.53,5.69,5.52,5.65,19725900,5.55
2012-06-04,5.71,5.84,5.46,5.55,40786500,5.45
2012-06-01,6.10,6.12,5.84,5.88,27797500,5.78
2012-05-31,6.20,6.32,6.08,6.29,16986000,6.18
2012-05-30,6.36,6.37,6.17,6.20,14664800,6.09
2012-05-29,6.41,6.45,6.30,6.45,15164100,6.34
2012-05-25,6.34,6.45,6.31,6.32,9416400,6.21
2012-05-24,6.36,6.43,6.26,6.33,22893100,6.22
2012-05-23,6.23,6.36,6.10,6.31,21528000,6.20
2012-05-22,6.22,6.40,6.20,6.29,22049500,6.18
2012-05-21,6.15,6.30,6.14,6.20,20118400,6.09
2012-05-18,6.23,6.26,6.08,6.13,16579200,6.02
2012-05-17,6.26,6.41,6.18,6.19,22373800,6.08
2012-05-16,6.39,6.48,6.22,6.27,19353100,6.16
2012-05-15,6.47,6.54,6.27,6.33,35380700,6.22
2012-05-14,6.53,6.61,6.45,6.46,21945200,6.34
2012-05-11,6.55,6.71,6.50,6.66,13481100,6.54
2012-05-10,6.71,6.76,6.60,6.67,21164700,6.55
2012-05-09,6.58,6.65,6.45,6.56,33502000,6.44
2012-05-08,6.66,6.74,6.58,6.70,22575900,6.58
2012-05-07,6.66,6.84,6.66,6.71,24332500,6.59
2012-05-04,6.90,6.96,6.70,6.70,32698900,6.58
2012-05-03,6.82,6.98,6.75,6.98,34477100,6.86
2012-05-02,6.77,6.88,6.70,6.81,14286100,6.69
2012-05-01,6.77,6.94,6.73,6.84,18861000,6.72
2012-04-30,6.86,6.87,6.70,6.74,20117200,6.62
2012-04-27,6.79,6.92,6.67,6.88,22356400,6.76
2012-04-26,6.60,6.77,6.56,6.75,21268800,6.63
2012-04-25,6.61,6.70,6.47,6.65,37160700,6.53
2012-04-24,6.17,6.50,6.12,6.45,51517300,6.34
2012-04-23,5.94,6.14,5.91,6.09,21115400,5.98
2012-04-20,6.17,6.20,5.98,6.07,23152700,5.96
2012-04-19,6.28,6.28,6.05,6.12,17409900,6.01
2012-04-18,6.24,6.30,6.17,6.21,15807400,6.10
2012-04-17,6.29,6.40,6.26,6.29,19852300,6.18
2012-04-16,6.19,6.27,6.02,6.21,24395300,6.10
2012-04-13,6.27,6.28,6.02,6.11,28571400,6.00
2012-04-12,6.19,6.31,6.16,6.30,12921900,6.19
2012-04-11,6.17,6.24,6.13,6.19,22752400,6.08
2012-04-10,6.20,6.26,5.98,6.08,27960000,5.97
2012-04-09,6.31,6.33,6.15,6.22,18491500,6.11
2012-04-05,6.44,6.51,6.32,6.43,27900000,6.32
2012-04-04,6.54,6.61,6.42,6.47,29464300,6.35
2012-04-03,6.58,6.65,6.49,6.65,28854500,6.53
2012-04-02,6.56,6.63,6.49,6.58,14670100,6.46
2012-03-30,6.58,6.59,6.42,6.59,24444800,6.47
2012-03-29,6.48,6.53,6.37,6.52,16993600,6.40
2012-03-28,6.59,6.63,6.45,6.55,19884700,6.43
2012-03-27,6.66,6.69,6.56,6.58,23439400,6.46
2012-03-26,6.58,6.61,6.47,6.61,19665500,6.49
2012-03-23,6.37,6.45,6.27,6.43,27746500,6.32
2012-03-22,6.49,6.54,6.38,6.44,21917200,6.33
2012-03-21,6.57,6.63,6.50,6.59,61527300,6.47
2012-03-20,6.27,6.48,6.27,6.46,48395500,6.34
2012-03-19,6.39,6.52,6.34,6.35,48507500,6.24
2012-03-16,6.58,6.69,6.40,6.41,54444600,6.30
2012-03-15,6.25,6.58,6.14,6.44,63855600,6.33
2012-03-14,6.06,6.24,5.99,6.17,155278200,6.06
2012-03-13,5.69,5.82,5.62,5.78,36250700,5.67
2012-03-12,5.77,5.77,5.61,5.63,20877500,5.52
2012-03-09,5.80,5.86,5.75,5.80,16154800,5.69
2012-03-08,5.90,5.92,5.73,5.79,20082600,5.68
2012-03-07,5.79,5.88,5.75,5.83,19252400,5.72
2012-03-06,5.82,5.85,5.68,5.75,19287600,5.64
2012-03-05,5.95,5.97,5.86,5.93,15356100,5.81
2012-03-02,5.92,6.00,5.81,5.96,22915200,5.84
2012-03-01,5.82,5.91,5.77,5.85,13853400,5.74
2012-02-29,5.86,5.92,5.74,5.76,19058100,5.65
2012-02-28,5.86,5.93,5.77,5.83,17490800,5.72
2012-02-27,5.78,5.85,5.66,5.83,18419100,5.72
2012-02-24,5.93,5.94,5.73,5.80,9875200,5.69
2012-02-23,5.79,6.03,5.62,5.91,27750600,5.79
2012-02-22,5.93,5.95,5.73,5.80,18396100,5.69
2012-02-21,6.02,6.08,5.88,5.98,17806200,5.86
2012-02-17,5.98,6.05,5.93,6.00,17081400,5.88
2012-02-16,5.78,5.91,5.71,5.91,20137500,5.79
2012-02-15,5.70,5.85,5.67,5.78,29291400,5.67
2012-02-14,5.72,5.74,5.59,5.65,14735300,5.54
2012-02-13,5.76,5.80,5.70,5.75,23185800,5.64
2012-02-10,5.61,5.73,5.57,5.67,20558100,5.56
2012-02-09,5.57,5.70,5.54,5.68,17024600,5.57
2012-02-08,5.59,5.63,5.50,5.52,15727000,5.41
2012-02-07,5.56,5.62,5.51,5.59,10433400,5.48
2012-02-06,5.60,5.63,5.52,5.59,13781200,5.48
2012-02-03,5.55,5.68,5.51,5.64,23756800,5.53
2012-02-02,5.27,5.46,5.23,5.44,19688400,5.33
2012-02-01,5.32,5.37,5.23,5.32,16561000,5.22
2012-01-31,5.22,5.25,5.12,5.22,19252800,5.12
2012-01-30,5.23,5.24,5.12,5.17,12166300,5.07
2012-01-27,5.13,5.32,5.12,5.31,18874500,5.21
2012-01-26,5.39,5.42,5.08,5.17,22767900,5.07
2012-01-25,5.21,5.46,5.10,5.32,27643900,5.22
2012-01-24,4.91,5.24,4.80,5.23,43505100,5.13
2012-01-23,4.90,4.99,4.85,4.92,27691600,4.82
2012-01-20,4.91,4.93,4.79,4.91,21891000,4.81
2012-01-19,4.96,4.99,4.89,4.94,18676200,4.84
2012-01-18,4.80,4.94,4.75,4.91,15687500,4.81
2012-01-17,4.78,4.90,4.75,4.80,17048500,4.71
2012-01-13,4.58,4.87,4.53,4.79,25850900,4.70
2012-01-12,4.73,4.78,4.61,4.69,42072700,4.60
2012-01-11,4.66,4.84,4.60,4.80,18766800,4.71
2012-01-10,4.68,4.73,4.55,4.70,19395200,4.61
2012-01-09,4.48,4.69,4.47,4.53,25590700,4.44
2012-01-06,4.53,4.56,4.37,4.41,18310300,4.32
2012-01-05,4.29,4.60,4.24,4.52,31886900,4.43
2012-01-04,4.34,4.34,4.21,4.34,16914500,4.26
2012-01-03,4.39,4.46,4.32,4.35,14255500,4.27
2011-12-30,4.33,4.34,4.28,4.30,6497900,4.22
2011-12-29,4.24,4.36,4.22,4.36,10940300,4.27
2011-12-28,4.36,4.38,4.17,4.24,8561900,4.16
2011-12-27,4.36,4.40,4.31,4.36,7154100,4.27
2011-12-23,4.45,4.45,4.32,4.40,6548000,4.31
2011-12-22,4.24,4.45,4.23,4.40,14638200,4.31
2011-12-21,4.10,4.24,4.02,4.22,15449400,4.14
2011-12-20,3.90,4.12,3.90,4.10,16312600,4.02
2011-12-19,3.98,4.00,3.79,3.82,14526300,3.75
2011-12-16,4.00,4.08,3.96,3.99,15493000,3.91
2011-12-15,4.04,4.07,3.95,3.97,13066000,3.89
2011-12-14,3.96,4.05,3.92,3.98,17650600,3.90
2011-12-13,4.04,4.19,3.95,4.03,21571400,3.94
2011-12-12,4.01,4.06,3.95,4.00,16921800,3.91
2011-12-09,4.04,4.12,4.02,4.12,19569700,4.03
2011-12-08,4.11,4.13,3.86,4.00,25080600,3.91
2011-12-07,4.13,4.19,4.01,4.15,21198200,4.06
2011-12-06,4.27,4.28,4.13,4.16,27504300,4.07
2011-12-05,4.32,4.42,4.25,4.31,27032500,4.22
2011-12-02,4.21,4.39,4.14,4.22,27107900,4.13
2011-12-01,4.03,4.14,3.93,4.12,20822500,4.03
2011-11-30,3.78,4.11,3.75,4.11,37510200,4.02
2011-11-29,3.75,3.76,3.51,3.59,37564200,3.51
2011-11-28,3.89,3.92,3.70,3.78,16663600,3.70
2011-11-25,3.66,3.81,3.61,3.69,8919500,3.61
2011-11-23,3.82,3.86,3.65,3.68,18056600,3.60
2011-11-22,3.94,4.07,3.86,3.90,17226100,3.81
2011-11-21,4.00,4.05,3.94,3.97,20504900,3.88
2011-11-18,4.01,4.12,3.96,4.10,30265400,4.01
2011-11-17,4.04,4.18,3.90,3.94,28078600,3.85
2011-11-16,3.98,4.20,3.96,4.04,27342800,3.95
2011-11-15,3.97,4.07,3.96,4.04,35654000,3.95
2011-11-14,4.15,4.17,4.00,4.02,25422200,3.93
2011-11-11,4.30,4.31,4.10,4.17,27932300,4.08
2011-11-10,4.20,4.25,4.05,4.14,37694100,4.05
2011-11-09,4.18,4.28,4.05,4.08,40666800,3.99
2011-11-08,4.23,4.46,4.18,4.38,49531700,4.28
2011-11-07,4.01,4.17,3.97,4.16,25109700,4.07
2011-11-04,3.96,4.07,3.89,4.02,26084800,3.93
2011-11-03,4.00,4.08,3.78,3.99,46191100,3.90
2011-11-02,3.82,3.91,3.77,3.88,23103800,3.79
2011-11-01,3.71,3.85,3.57,3.70,31261000,3.62
2011-10-31,4.17,4.19,3.93,3.93,20626600,3.84
2011-10-28,4.20,4.31,4.12,4.27,27292500,4.18
2011-10-27,4.06,4.27,3.97,4.24,40336600,4.15
2011-10-26,3.80,3.88,3.65,3.84,26394900,3.76
2011-10-25,3.83,3.94,3.58,3.71,51002600,3.63
2011-10-24,3.80,3.97,3.75,3.90,26302200,3.81
2011-10-21,3.77,3.81,3.65,3.78,26251900,3.70
2011-10-20,3.70,3.74,3.55,3.69,22304300,3.61
2011-10-19,3.82,3.95,3.65,3.72,25055100,3.64
2011-10-18,3.52,3.90,3.45,3.83,28474000,3.75
2011-10-17,3.63,3.64,3.43,3.46,18460400,3.38
2011-10-14,3.77,3.81,3.56,3.70,22807000,3.62
2011-10-13,3.77,3.78,3.54,3.68,17848100,3.60
2011-10-12,3.66,3.94,3.64,3.82,31929500,3.74
2011-10-11,3.51,3.67,3.49,3.63,35357000,3.55
2011-10-10,3.49,3.62,3.42,3.60,30720300,3.52
2011-10-07,3.68,3.69,3.35,3.40,26245300,3.33
2011-10-06,3.31,3.70,3.21,3.66,36457600,3.58
2011-10-05,3.14,3.35,3.04,3.33,31151800,3.26
2011-10-04,2.98,3.20,2.82,3.19,48196900,3.12
2011-10-03,3.32,3.33,3.02,3.02,39222500,2.95
2011-09-30,3.47,3.50,3.33,3.33,19438600,3.26
2011-09-29,3.55,3.62,3.41,3.55,22082800,3.47
2011-09-28,3.61,3.64,3.42,3.43,30331300,3.35
2011-09-27,3.70,3.76,3.58,3.61,26274500,3.53
2011-09-26,3.52,3.62,3.39,3.60,22504500,3.52
2011-09-23,3.40,3.58,3.35,3.43,31923100,3.35
2011-09-22,3.48,3.55,3.36,3.42,27411800,3.34
2011-09-21,3.81,3.82,3.61,3.62,25442400,3.54
2011-09-20,3.85,3.88,3.76,3.78,22750300,3.70
2011-09-19,3.92,3.95,3.75,3.81,23983100,3.73
2011-09-16,3.97,4.01,3.85,4.00,29350600,3.91
2011-09-15,3.89,3.93,3.85,3.93,32222900,3.84
2011-09-14,3.97,3.97,3.72,3.83,43244000,3.75
2011-09-13,4.00,4.06,3.86,3.90,32058400,3.80
2011-09-12,3.89,4.10,3.89,3.99,28120900,3.89
2011-09-09,4.13,4.19,3.92,3.97,25915300,3.87
2011-09-08,4.30,4.41,4.15,4.18,23556000,4.08
2011-09-07,4.05,4.39,4.04,4.37,30761000,4.26
2011-09-06,3.95,4.05,3.82,3.89,24733200,3.79
2011-09-02,4.14,4.25,4.06,4.13,16496200,4.03
2011-09-01,4.53,4.64,4.31,4.31,13475600,4.20
2011-08-31,4.55,4.63,4.44,4.54,14342000,4.43
2011-08-30,4.38,4.55,4.30,4.48,21047900,4.37
2011-08-29,4.22,4.45,4.20,4.45,14104600,4.34
2011-08-26,4.04,4.18,3.91,4.12,21710500,4.02
2011-08-25,4.35,4.50,4.02,4.05,28893400,3.95
2011-08-24,4.02,4.21,4.01,4.16,21787600,4.06
2011-08-23,3.95,4.03,3.84,4.03,18383000,3.93
2011-08-22,4.04,4.08,3.88,3.88,28057500,3.79
2011-08-19,4.07,4.25,3.84,3.86,30736700,3.77
2011-08-18,4.35,4.35,4.14,4.19,25175900,4.09
2011-08-17,4.49,4.68,4.44,4.54,20354800,4.43
2011-08-16,4.48,4.58,4.36,4.39,16753900,4.28
2011-08-15,4.33,4.55,4.33,4.55,18312300,4.44
2011-08-12,4.57,4.68,4.26,4.30,27470300,4.19
2011-08-11,4.40,4.55,4.27,4.50,22526600,4.39
2011-08-10,4.62,4.68,4.21,4.23,22353200,4.13
2011-08-09,4.52,4.79,4.36,4.78,28100600,4.66
2011-08-08,4.87,5.05,4.25,4.41,39322300,4.30
2011-08-05,5.46,5.51,5.03,5.10,51296600,4.98
2011-08-04,5.65,5.71,5.34,5.34,44492800,5.21
2011-08-03,5.72,5.79,5.49,5.77,52328200,5.63
2011-08-02,5.89,5.91,5.64,5.70,37248400,5.56
2011-08-01,6.19,6.24,5.83,5.91,38487900,5.77
2011-07-29,6.09,6.20,6.03,6.09,13362100,5.94
2011-07-28,6.13,6.25,6.13,6.17,10539900,6.02
2011-07-27,6.35,6.40,6.12,6.13,22731100,5.98
2011-07-26,6.30,6.53,6.22,6.42,29206400,6.26
2011-07-25,6.12,6.27,6.07,6.21,16714800,6.06
2011-07-22,6.22,6.23,6.11,6.20,9152100,6.05
2011-07-21,6.06,6.29,6.06,6.23,22338700,6.08
2011-07-20,5.92,6.09,5.87,6.01,14464700,5.86
2011-07-19,5.84,5.92,5.74,5.90,13969300,5.76
2011-07-18,5.93,6.00,5.71,5.84,19009100,5.70
2011-07-15,5.94,6.02,5.90,5.99,14526700,5.84
2011-07-14,6.01,6.02,5.86,5.89,15267600,5.75
2011-07-13,6.03,6.09,5.92,5.95,14748600,5.80
2011-07-12,5.87,6.11,5.86,6.00,17227700,5.85
2011-07-11,6.03,6.08,5.87,5.90,11877300,5.76
2011-07-08,6.07,6.21,6.02,6.15,16166300,6.00
2011-07-07,6.11,6.20,6.07,6.17,16550600,6.02
2011-07-06,6.11,6.13,5.96,6.02,21705500,5.87
2011-07-05,6.24,6.27,6.08,6.17,12274600,6.02
2011-07-01,6.17,6.39,6.15,6.30,12580000,6.15
2011-06-30,6.14,6.24,6.10,6.20,11250200,6.05
2011-06-29,5.99,6.17,5.98,6.14,19652200,5.99
2011-06-28,5.97,6.00,5.86,5.94,14624600,5.79
2011-06-27,5.99,6.05,5.87,5.94,24294800,5.79
2011-06-24,6.17,6.19,5.92,5.94,19594800,5.79
2011-06-23,6.10,6.18,6.04,6.17,20292000,6.02
2011-06-22,6.26,6.46,6.20,6.21,28014000,6.06
2011-06-21,6.24,6.31,6.17,6.30,10575500,6.15
2011-06-20,6.22,6.27,6.08,6.19,15836300,6.04
2011-06-17,6.23,6.44,6.20,6.27,37657500,6.12
2011-06-16,6.08,6.18,6.06,6.16,19423600,6.01
2011-06-15,6.16,6.20,6.03,6.15,26063000,6.00
2011-06-14,6.13,6.34,6.05,6.26,25911900,6.10
2011-06-13,6.02,6.11,5.94,6.05,37826200,5.89
2011-06-10,6.09,6.18,5.93,6.14,21214400,5.98
2011-06-09,6.15,6.20,6.08,6.12,28643300,5.96
2011-06-08,6.01,6.24,6.01,6.13,20512300,5.97
2011-06-07,6.11,6.22,6.06,6.07,16943100,5.91
2011-06-06,6.35,6.35,5.92,6.05,35134200,5.89
2011-06-03,6.42,6.55,6.35,6.36,15828000,6.19
2011-06-02,6.54,6.64,6.46,6.54,14516800,6.37
2011-06-01,7.01,7.02,6.50,6.54,27865000,6.37
2011-05-31,7.10,7.12,6.99,7.06,10998500,6.88
2011-05-27,6.97,7.05,6.93,6.98,8359000,6.80
2011-05-26,6.78,6.96,6.78,6.94,9183100,6.76
2011-05-25,6.78,6.87,6.74,6.80,8485400,6.62
2011-05-24,6.84,6.86,6.73,6.77,15347400,6.59
2011-05-23,6.91,6.96,6.79,6.83,13387700,6.65
2011-05-20,7.05,7.13,6.92,6.95,18277100,6.77
2011-05-19,7.15,7.17,7.08,7.10,12779500,6.92
2011-05-18,7.23,7.25,7.10,7.13,19479800,6.94
2011-05-17,7.12,7.26,7.08,7.25,11747000,7.06
2011-05-16,7.03,7.26,7.02,7.13,12319600,6.94
2011-05-13,7.16,7.17,7.04,7.05,12441000,6.87
2011-05-12,7.14,7.21,7.01,7.17,14324900,6.98
2011-05-11,7.12,7.20,7.09,7.13,9886100,6.94
2011-05-10,7.18,7.24,7.13,7.13,12781800,6.94
2011-05-09,7.08,7.18,7.08,7.12,8403000,6.93
2011-05-06,7.19,7.19,7.05,7.09,22796500,6.91
2011-05-05,7.31,7.33,7.11,7.11,16146600,6.92
2011-05-04,7.35,7.39,7.27,7.37,10775800,7.18
2011-05-03,7.31,7.37,7.25,7.37,9194200,7.18
2011-05-02,7.37,7.41,7.30,7.35,6610200,7.16
2011-04-29,7.45,7.45,7.29,7.34,9251800,7.15
2011-04-28,7.39,7.45,7.31,7.44,9795800,7.25
2011-04-27,7.36,7.40,7.25,7.38,11759100,7.19
2011-04-26,7.21,7.37,7.15,7.34,12900000,7.15
2011-04-25,7.12,7.20,7.11,7.15,7269400,6.96
2011-04-21,7.10,7.19,6.99,7.17,10980500,6.98
2011-04-20,7.26,7.29,7.04,7.06,13776900,6.88
2011-04-19,7.17,7.24,6.83,7.17,37997800,6.98
2011-04-18,7.04,7.11,6.97,6.98,18570600,6.80
2011-04-15,7.30,7.30,7.12,7.17,12432300,6.98
2011-04-14,7.22,7.25,7.09,7.24,11618400,7.05
2011-04-13,7.34,7.35,7.14,7.21,12864300,7.02
2011-04-12,7.23,7.32,7.20,7.27,8016900,7.08
2011-04-11,7.27,7.32,7.24,7.26,5224300,7.07
2011-04-08,7.37,7.38,7.23,7.27,8317900,7.08
2011-04-07,7.43,7.44,7.29,7.33,8257400,7.14
2011-04-06,7.22,7.45,7.21,7.42,15023300,7.23
2011-04-05,7.25,7.32,7.19,7.19,9807500,7.00
2011-04-04,7.31,7.41,7.25,7.30,8935100,7.11
2011-04-01,7.33,7.45,7.25,7.29,13157800,7.10
2011-03-31,7.20,7.29,7.16,7.26,8638800,7.07
2011-03-30,7.18,7.25,7.10,7.23,14274400,7.04
2011-03-29,7.12,7.19,7.11,7.15,4989800,6.96
2011-03-28,7.18,7.21,7.12,7.14,6201300,6.95
2011-03-25,7.12,7.19,7.10,7.18,7712600,6.99
2011-03-24,7.21,7.21,7.08,7.13,8867100,6.94
2011-03-23,7.25,7.28,7.08,7.17,12838400,6.98
2011-03-22,7.21,7.32,7.20,7.30,14467600,7.11
2011-03-21,7.23,7.29,7.15,7.25,13042400,7.06
2011-03-18,7.48,7.50,7.06,7.10,43529600,6.92
2011-03-17,7.33,7.37,7.22,7.35,12127800,7.16
2011-03-16,7.33,7.38,7.18,7.20,13743000,7.01
2011-03-15,7.15,7.39,7.15,7.33,13461400,7.13
2011-03-14,7.37,7.43,7.23,7.38,12158800,7.18
2011-03-11,7.30,7.52,7.28,7.48,12273300,7.28
2011-03-10,7.57,7.62,7.34,7.34,15180700,7.14
2011-03-09,7.75,7.81,7.61,7.73,20795500,7.52
2011-03-08,7.43,7.69,7.43,7.64,10329300,7.43
2011-03-07,7.50,7.58,7.35,7.41,12924100,7.21
2011-03-04,7.63,7.64,7.38,7.48,12890500,7.28
2011-03-03,7.53,7.70,7.53,7.66,13455500,7.45
2011-03-02,7.42,7.56,7.40,7.47,10884000,7.27
2011-03-01,7.61,7.63,7.42,7.43,15105800,7.23
2011-02-28,7.63,7.64,7.51,7.64,9888000,7.43
2011-02-25,7.46,7.61,7.46,7.56,9274600,7.35
2011-02-24,7.30,7.44,7.25,7.41,12531500,7.21
2011-02-23,7.38,7.57,7.23,7.38,14627800,7.18
2011-02-22,7.64,7.70,7.36,7.38,17266200,7.18
2011-02-18,7.67,7.82,7.65,7.79,12778500,7.58
2011-02-17,7.74,7.77,7.65,7.70,11181900,7.49
2011-02-16,7.80,7.92,7.75,7.76,14388700,7.55
2011-02-15,7.90,7.96,7.82,7.84,9540100,7.63
2011-02-14,8.00,8.05,7.82,7.91,12170100,7.69
2011-02-11,7.68,8.09,7.67,8.02,19037600,7.80
2011-02-10,7.53,7.77,7.52,7.73,12961600,7.52
2011-02-09,7.75,7.84,7.59,7.61,15236300,7.40
2011-02-08,7.82,7.83,7.51,7.80,22539500,7.59
2011-02-07,7.91,7.99,7.78,7.79,17263800,7.58
2011-02-04,7.52,8.03,7.50,7.84,43875600,7.63
2011-02-03,7.21,7.63,7.21,7.53,41935200,7.32
2011-02-02,7.28,7.30,7.16,7.25,12138700,7.05
2011-02-01,7.16,7.35,7.13,7.32,25725200,7.12
2011-01-31,6.95,7.13,6.92,7.10,17078900,6.91
2011-01-28,7.17,7.21,6.84,6.88,27082300,6.69
2011-01-27,6.97,7.18,6.95,7.15,22602800,6.95
2011-01-26,6.95,7.03,6.79,6.97,30926300,6.78
2011-01-25,7.09,7.25,6.97,7.02,46595600,6.83
2011-01-24,7.41,7.43,7.22,7.30,15919100,7.10
2011-01-21,7.41,7.45,7.27,7.40,16576500,7.20
2011-01-20,7.05,7.26,6.98,7.23,21217300,7.03
2011-01-19,7.48,7.53,7.12,7.13,19513900,6.93
2011-01-18,7.48,7.62,7.35,7.55,22865800,7.34
2011-01-14,7.21,7.53,7.19,7.47,26048800,7.27
2011-01-13,7.27,7.29,7.18,7.24,15014400,7.04
2011-01-12,7.30,7.35,7.20,7.27,20313000,7.07
2011-01-11,7.12,7.25,7.08,7.22,16387800,7.02
2011-01-10,7.02,7.09,6.89,7.05,18965700,6.86
2011-01-07,7.17,7.22,6.91,7.02,25453800,6.83
2011-01-06,7.21,7.40,7.08,7.14,28247400,6.94
2011-01-05,6.97,7.21,6.97,7.21,15210700,7.01
2011-01-04,7.12,7.14,6.93,7.03,15605100,6.84
2011-01-03,7.16,7.23,7.01,7.07,19962600,6.88
2010-12-31,6.90,7.02,6.87,7.00,9530400,6.81
2010-12-30,6.87,6.95,6.85,6.92,10544900,6.73
2010-12-29,6.80,6.89,6.77,6.87,17977300,6.68
2010-12-28,6.77,6.82,6.74,6.79,8354300,6.60
2010-12-27,6.73,6.85,6.65,6.76,16492900,6.58
2010-12-23,6.82,6.92,6.72,6.75,13063000,6.57
2010-12-22,6.50,6.94,6.47,6.91,40880000,6.72
2010-12-21,6.34,6.47,6.34,6.45,15716900,6.27
2010-12-20,6.31,6.37,6.28,6.31,15469700,6.14
2010-12-17,6.26,6.42,6.23,6.24,39878000,6.07
2010-12-16,6.31,6.35,6.13,6.13,34668700,5.96
2010-12-15,6.56,6.56,6.19,6.31,96752400,6.14
2010-12-14,6.50,6.54,6.19,6.21,36139600,6.03
2010-12-13,6.40,6.62,6.20,6.55,47789900,6.36
2010-12-10,6.51,6.54,6.41,6.46,19232300,6.27
2010-12-09,6.41,6.55,6.27,6.50,36481200,6.31
2010-12-08,6.04,6.49,6.03,6.33,42035100,6.15
2010-12-07,6.20,6.22,5.97,6.01,18902400,5.84
2010-12-06,6.10,6.12,5.91,6.07,24239800,5.89
2010-12-03,5.95,6.10,5.91,6.08,20281800,5.90
2010-12-02,5.67,6.08,5.64,6.06,47685000,5.88
2010-12-01,5.46,5.68,5.43,5.67,28193000,5.51
2010-11-30,5.30,5.44,5.30,5.38,22928800,5.22
2010-11-29,5.23,5.42,5.21,5.37,25187500,5.21
2010-11-26,5.18,5.30,5.18,5.25,7149000,5.10
2010-11-24,5.24,5.38,5.17,5.24,22443600,5.09
2010-11-23,5.22,5.56,5.17,5.21,72941200,5.06
2010-11-22,5.46,5.49,5.26,5.35,30803400,5.20
2010-11-19,5.17,5.51,5.12,5.50,56849500,5.34
2010-11-18,5.62,5.66,5.14,5.31,124940100,5.16
2010-11-17,5.91,5.91,5.37,5.54,73884200,5.38
2010-11-16,6.06,6.06,5.56,5.92,79418100,5.75
2010-11-15,6.26,6.30,6.18,6.20,15669500,6.02
2010-11-12,6.35,6.38,6.14,6.15,20555200,5.97
2010-11-11,6.19,6.54,6.18,6.41,23826700,6.22
2010-11-10,6.25,6.33,6.15,6.25,21403000,6.07
2010-11-09,6.36,6.47,6.17,6.20,23531400,6.02
2010-11-08,6.43,6.44,6.21,6.34,22154300,6.16
2010-11-05,6.53,6.78,6.36,6.45,39522700,6.26
2010-11-04,6.39,6.59,6.32,6.54,24216400,6.35
2010-11-03,6.13,6.31,6.13,6.30,19403100,6.12
2010-11-02,6.30,6.30,6.08,6.12,19734100,5.94
2010-11-01,6.35,6.38,6.16,6.23,12189000,6.05
2010-10-29,6.29,6.40,6.26,6.30,19494000,6.12
2010-10-28,6.44,6.46,6.21,6.29,31014900,6.11
2010-10-27,6.43,6.56,6.34,6.37,19982900,6.19
2010-10-26,6.65,6.72,6.39,6.48,53827900,6.29
2010-10-25,7.22,7.23,7.01,7.03,14203800,6.83
2010-10-22,7.28,7.38,7.10,7.14,12958000,6.93
2010-10-21,7.33,7.53,7.23,7.28,14803400,7.07
2010-10-20,7.29,7.37,7.06,7.28,19653500,7.07
2010-10-19,7.19,7.46,7.19,7.34,17524800,7.13
2010-10-18,7.03,7.36,7.00,7.35,11702900,7.14
2010-10-15,7.22,7.26,6.92,7.06,14005700,6.86
2010-10-14,7.26,7.28,7.00,7.17,14106900,6.96
2010-10-13,7.54,7.57,7.28,7.30,12596700,7.09
2010-10-12,7.26,7.48,7.22,7.47,8845300,7.25
2010-10-11,7.40,7.47,7.30,7.32,5744000,7.11
2010-10-08,7.38,7.43,7.30,7.42,9048600,7.21
2010-10-07,7.56,7.60,7.30,7.36,12562500,7.15
2010-10-06,7.55,7.62,7.46,7.50,9105500,7.28
2010-10-05,7.35,7.62,7.26,7.54,18308000,7.32
2010-10-04,7.17,7.34,7.12,7.24,11761000,7.03
2010-10-01,7.33,7.43,7.13,7.18,12211600,6.97
2010-09-30,7.29,7.50,7.21,7.27,16714300,7.06
2010-09-29,7.03,7.29,6.98,7.21,28155000,7.00
2010-09-28,7.04,7.10,6.91,7.10,14300300,6.89
2010-09-27,7.00,7.09,6.93,6.97,10829200,6.77
2010-09-24,6.92,7.02,6.86,6.95,14530900,6.75
2010-09-23,6.82,7.06,6.76,6.76,13444600,6.56
2010-09-22,7.05,7.14,6.88,6.91,13547000,6.71
2010-09-21,7.07,7.32,7.02,7.09,19284000,6.88
2010-09-20,6.87,7.06,6.81,7.06,24188100,6.86
2010-09-17,6.98,7.00,6.82,6.83,25635200,6.63
2010-09-16,6.92,7.00,6.89,6.95,9689700,6.75
2010-09-15,7.09,7.12,6.93,6.99,16751600,6.79
2010-09-14,7.24,7.26,7.07,7.14,20255100,6.92
2010-09-13,7.08,7.29,7.08,7.28,13918500,7.06
2010-09-10,6.93,6.97,6.85,6.89,8154300,6.68
2010-09-09,7.06,7.09,6.77,6.91,13851400,6.70
2010-09-08,6.64,6.93,6.60,6.88,16209400,6.67
2010-09-07,6.77,6.80,6.56,6.57,12109400,6.37
2010-09-03,7.12,7.14,6.81,6.89,13639000,6.68
2010-09-02,6.86,6.93,6.80,6.93,8420200,6.72
2010-09-01,6.55,6.85,6.50,6.85,13605300,6.64
2010-08-31,6.38,6.56,6.35,6.43,14442000,6.24
2010-08-30,6.58,6.64,6.40,6.40,12162800,6.21
2010-08-27,6.45,6.60,6.35,6.60,13131000,6.40
2010-08-26,6.51,6.64,6.30,6.35,17536100,6.16
2010-08-25,6.47,6.55,6.25,6.48,20586000,6.28
2010-08-24,6.73,6.79,6.53,6.56,12927800,6.36
2010-08-23,6.93,7.09,6.83,6.84,13209400,6.63
2010-08-20,6.88,6.94,6.69,6.82,12275700,6.61
2010-08-19,7.17,7.27,6.90,6.94,15343400,6.73
2010-08-18,7.14,7.35,7.05,7.21,27061800,6.99
2010-08-17,7.29,7.29,7.08,7.15,12800200,6.93
2010-08-16,7.15,7.18,7.04,7.18,14887200,6.96
2010-08-13,7.13,7.27,7.11,7.15,12732300,6.93
2010-08-12,7.02,7.19,6.93,7.14,13204900,6.92
2010-08-11,7.52,7.55,7.16,7.17,17501300,6.95
2010-08-10,7.47,7.72,7.44,7.67,19654500,7.44
2010-08-09,7.44,7.62,7.34,7.59,16787900,7.36
2010-08-06,7.39,7.43,7.20,7.40,13619600,7.18
2010-08-05,7.54,7.55,7.25,7.47,15962800,7.24
2010-08-04,7.60,7.76,7.58,7.60,13133200,7.37
2010-08-03,7.66,7.76,7.56,7.58,15767500,7.35
2010-08-02,7.49,7.72,7.45,7.70,22209600,7.47
2010-07-30,7.28,7.42,7.25,7.33,17229200,7.11
2010-07-29,7.37,7.49,7.25,7.39,24413000,7.17
2010-07-28,7.11,7.36,7.11,7.28,23070800,7.06
2010-07-27,7.58,7.72,7.20,7.21,44147800,6.99
2010-07-26,6.69,7.10,6.59,7.09,26631800,6.88
2010-07-23,6.53,6.73,6.43,6.65,19309800,6.45
2010-07-22,6.31,6.62,6.30,6.60,22231500,6.40
2010-07-21,6.70,6.75,6.20,6.20,36413200,6.01
2010-07-20,6.52,6.59,6.33,6.56,21502600,6.36
2010-07-19,6.53,6.71,6.41,6.68,19111600,6.48
2010-07-16,6.93,6.95,6.51,6.55,21697500,6.35
2010-07-15,7.19,7.19,6.82,7.02,23794800,6.81
2010-07-14,7.25,7.25,7.01,7.15,22484800,6.93
2010-07-13,7.37,7.45,7.28,7.38,18449600,7.16
2010-07-12,7.08,7.33,7.05,7.24,20507200,7.02
2010-07-09,6.81,7.19,6.78,7.15,20138500,6.93
2010-07-08,6.73,6.84,6.65,6.83,24643800,6.62
2010-07-07,6.41,6.64,6.36,6.62,30843900,6.42
2010-07-06,6.35,6.59,6.32,6.41,21651600,6.22
2010-07-02,6.41,6.49,6.12,6.24,18842300,6.05
2010-07-01,6.59,6.75,6.22,6.39,27632300,6.20
2010-06-30,6.76,6.92,6.55,6.58,17448800,6.38
2010-06-29,6.95,6.99,6.67,6.76,29651000,6.56
2010-06-28,6.95,7.13,6.94,7.08,18553900,6.87
2010-06-25,6.93,6.99,6.75,6.99,24197300,6.78
2010-06-24,7.00,7.05,6.78,6.81,23105800,6.60
2010-06-23,7.01,7.13,6.90,7.07,17371600,6.86
2010-06-22,7.21,7.21,7.00,7.00,16738900,6.79
2010-06-21,7.26,7.35,7.11,7.17,19478200,6.95
2010-06-18,7.14,7.21,7.05,7.15,14760300,6.93
2010-06-17,7.21,7.23,7.05,7.15,19927900,6.93
2010-06-16,7.23,7.28,7.08,7.16,21471500,6.94
2010-06-15,7.23,7.37,7.05,7.34,16845500,7.12
2010-06-14,7.14,7.27,6.98,7.16,20885400,6.93
2010-06-11,7.07,7.07,6.85,7.06,19446800,6.84
2010-06-10,6.92,7.16,6.86,7.16,23385000,6.93
2010-06-09,7.18,7.20,6.74,6.79,30532600,6.58
2010-06-08,6.98,7.11,6.78,7.10,34936300,6.88
2010-06-07,7.19,7.31,6.88,6.91,20635000,6.69
2010-06-04,7.39,7.47,7.07,7.13,25696900,6.90
2010-06-03,7.75,7.85,7.59,7.64,13181400,7.40
2010-06-02,7.48,7.69,7.42,7.69,13643300,7.45
2010-06-01,7.54,7.69,7.38,7.38,17244200,7.15
2010-05-28,7.91,7.94,7.59,7.63,16599800,7.39
2010-05-27,7.60,7.89,7.45,7.88,23019100,7.63
2010-05-26,7.61,7.64,7.36,7.40,23517500,7.17
2010-05-25,6.93,7.48,6.85,7.45,35971100,7.21
2010-05-24,7.48,7.49,7.20,7.20,20185700,6.97
2010-05-21,7.08,7.52,7.00,7.47,42828400,7.23
2010-05-20,7.52,7.60,7.24,7.25,40050400,7.02
2010-05-19,7.84,8.01,7.60,7.82,36775400,7.57
2010-05-18,8.39,8.42,7.67,7.92,28755000,7.67
2010-05-17,8.25,8.35,7.96,8.27,27055800,8.01
2010-05-14,8.51,8.51,8.09,8.26,34245400,8.00
2010-05-13,8.77,8.96,8.72,8.74,17484400,8.46
2010-05-12,8.74,8.88,8.71,8.81,20856400,8.53
2010-05-11,8.28,8.86,8.28,8.67,32127900,8.40
2010-05-10,8.41,8.66,8.30,8.51,28882900,8.24
2010-05-07,8.25,8.38,7.75,7.99,46609300,7.74
2010-05-06,8.61,8.75,7.59,8.21,43556500,7.95
2010-05-05,8.40,8.82,8.20,8.67,24758100,8.40
2010-05-04,8.74,8.83,8.50,8.58,25258700,8.31
2010-05-03,8.85,8.96,8.71,8.84,20912900,8.56
2010-04-30,8.59,8.89,8.54,8.84,30368300,8.56
2010-04-29,8.56,8.72,8.43,8.65,24888900,8.38
2010-04-28,8.56,8.74,8.44,8.49,22352500,8.22
2010-04-27,8.62,8.70,8.37,8.43,39730200,8.16
2010-04-26,9.01,9.05,8.60,8.69,21155500,8.42
2010-04-23,8.95,9.14,8.80,8.95,27691000,8.67
2010-04-22,8.65,8.95,8.57,8.89,28106700,8.61
2010-04-21,8.62,9.33,8.50,8.79,60841600,8.51
2010-04-20,8.25,8.80,8.00,8.80,58631800,8.52
2010-04-19,8.20,8.44,8.04,8.33,29882900,8.07
2010-04-16,8.60,8.60,8.01,8.30,55336900,8.04
2010-04-15,8.80,8.87,8.45,8.53,39132300,8.26
2010-04-14,8.51,8.90,8.44,8.82,36670800,8.54
2010-04-13,8.54,8.66,8.34,8.34,38303500,8.08
2010-04-12,8.58,8.92,8.58,8.74,49794500,8.46
2010-04-09,8.65,8.71,8.50,8.59,17760100,8.32
2010-04-08,8.27,8.68,8.20,8.60,32548400,8.33
2010-04-07,8.62,8.90,8.29,8.37,54566600,8.11
2010-04-06,8.18,8.81,8.16,8.55,58256900,8.28
2010-04-05,7.93,8.20,7.84,8.19,28483800,7.93
2010-04-01,7.90,7.94,7.66,7.77,20835000,7.52
2010-03-31,7.55,7.88,7.52,7.85,21527100,7.60
2010-03-30,7.61,7.65,7.50,7.62,12744700,7.38
2010-03-29,7.69,7.78,7.52,7.64,17755000,7.40
2010-03-26,7.75,7.91,7.56,7.63,22603200,7.39
2010-03-25,7.97,8.05,7.65,7.69,35378100,7.45
2010-03-24,7.68,7.90,7.62,7.85,26987400,7.60
2010-03-23,7.62,7.74,7.50,7.73,23056900,7.49
2010-03-22,7.29,7.64,7.16,7.62,19801300,7.38
2010-03-19,7.38,7.60,7.32,7.38,22666300,7.15
2010-03-18,7.73,7.74,7.34,7.50,26623500,7.26
2010-03-17,7.60,7.77,7.55,7.70,25224500,7.46
2010-03-16,7.30,7.53,7.21,7.51,22336300,7.27
2010-03-15,7.28,7.38,7.11,7.23,19977400,6.99
2010-03-12,7.51,7.54,7.27,7.34,29002600,7.10
2010-03-11,7.34,7.46,7.25,7.38,24929300,7.14
2010-03-10,7.01,7.62,6.94,7.29,40783500,7.05
2010-03-09,6.93,7.00,6.76,6.91,22997500,6.68
2010-03-08,6.82,7.02,6.82,6.98,19023600,6.75
2010-03-05,6.74,6.85,6.69,6.84,18875100,6.61
2010-03-04,6.60,6.70,6.58,6.67,11836200,6.45
2010-03-03,6.61,6.69,6.59,6.62,12900100,6.40
2010-03-02,6.67,6.75,6.56,6.61,16207600,6.39
2010-03-01,6.76,6.83,6.55,6.65,16291900,6.43
2010-02-26,6.54,6.77,6.50,6.75,19859000,6.53
2010-02-25,6.48,6.57,6.40,6.54,18802500,6.32
2010-02-24,6.55,6.70,6.53,6.64,20217300,6.42
2010-02-23,6.73,6.76,6.50,6.53,20854700,6.31
2010-02-22,6.60,6.87,6.57,6.81,23729800,6.59
2010-02-19,6.40,6.62,6.39,6.57,14485500,6.35
2010-02-18,6.41,6.46,6.31,6.42,18949400,6.21
2010-02-17,6.66,6.70,6.42,6.46,16534700,6.25
2010-02-16,6.41,6.65,6.36,6.62,17782600,6.40
2010-02-12,6.32,6.39,6.21,6.35,22126400,6.14
2010-02-11,6.42,6.51,6.36,6.38,19687200,6.17
2010-02-10,6.27,6.48,6.25,6.36,18117800,6.15
2010-02-09,6.32,6.45,6.25,6.29,21901600,6.08
2010-02-08,6.18,6.44,6.06,6.23,25259900,6.02
2010-02-05,6.13,6.24,5.91,6.18,24816400,5.98
2010-02-04,6.33,6.34,6.03,6.12,41144000,5.92
2010-02-03,6.48,6.55,6.28,6.39,34371800,6.18
2010-02-02,6.69,6.78,6.50,6.58,35671900,6.36
2010-02-01,6.41,6.66,6.39,6.64,30603000,6.42
2010-01-29,6.49,6.57,6.32,6.35,29037400,6.14
2010-01-28,6.35,6.55,6.19,6.43,38907900,6.22
2010-01-27,6.05,6.34,6.05,6.17,38492200,5.97
2010-01-26,6.25,6.47,6.06,6.08,67534400,5.88
2010-01-25,6.60,6.69,6.30,6.55,34139700,6.33
2010-01-22,6.80,6.85,6.49,6.60,48623600,6.38
2010-01-21,6.78,7.27,6.76,6.86,81428500,6.63
2010-01-20,6.46,6.74,6.41,6.73,32758200,6.51
2010-01-19,6.41,6.56,6.36,6.51,22996900,6.30
2010-01-15,6.50,6.55,6.27,6.52,28504300,6.31
2010-01-14,6.34,6.57,6.30,6.55,31881500,6.33
2010-01-13,6.22,6.48,6.08,6.36,41055600,6.15
2010-01-12,6.26,6.35,6.20,6.25,32974200,6.04
2010-01-11,6.27,6.37,6.07,6.32,27433000,6.11
2010-01-08,6.15,6.29,6.07,6.18,25980300,5.98
2010-01-07,5.66,6.22,5.62,6.17,41430700,5.97
2010-01-06,5.61,5.69,5.55,5.67,22415300,5.48
2010-01-05,5.36,5.61,5.36,5.60,23691300,5.42
2010-01-04,5.36,5.47,5.33,5.42,11754800,5.24
2009-12-31,5.32,5.34,5.18,5.29,9583700,5.12
2009-12-30,5.31,5.37,5.27,5.32,10377600,5.14
2009-12-29,5.36,5.39,5.34,5.36,8039500,5.18
2009-12-28,5.43,5.48,5.32,5.35,9044900,5.17
2009-12-24,5.39,5.46,5.36,5.43,3305200,5.25
2009-12-23,5.52,5.54,5.36,5.38,7642600,5.20
2009-12-22,5.49,5.54,5.47,5.54,8637300,5.36
2009-12-21,5.48,5.49,5.44,5.48,11594700,5.30
2009-12-18,5.39,5.50,5.34,5.45,25628200,5.27
2009-12-17,5.25,5.51,5.22,5.33,16413500,5.15
2009-12-16,5.38,5.45,5.30,5.33,19343900,5.15
2009-12-15,5.50,5.58,5.33,5.34,22634400,5.16
2009-12-14,5.58,5.60,5.50,5.58,14594400,5.40
2009-12-11,5.56,5.58,5.49,5.58,10874400,5.39
2009-12-10,5.58,5.60,5.46,5.53,19940800,5.34
2009-12-09,5.71,5.71,5.54,5.56,15592300,5.37
2009-12-08,5.52,5.73,5.46,5.69,26151500,5.49
2009-12-07,5.65,5.67,5.54,5.64,27671600,5.44
2009-12-04,5.70,5.72,5.56,5.71,29569200,5.51
2009-12-03,5.93,5.98,5.48,5.50,36072400,5.31
2009-12-02,5.80,5.98,5.78,5.85,30304700,5.65
2009-12-01,5.91,5.99,5.66,5.78,34446800,5.58
2009-11-30,5.59,5.87,5.59,5.86,31663200,5.66
2009-11-27,5.57,5.76,5.50,5.58,16437100,5.39
2009-11-25,5.82,5.85,5.75,5.80,19397300,5.60
2009-11-24,5.68,5.85,5.57,5.74,28998900,5.54
2009-11-23,5.51,5.82,5.41,5.69,36944000,5.49
2009-11-20,5.31,5.52,5.29,5.45,35099900,5.26
2009-11-19,5.33,5.44,5.29,5.35,39438100,5.16
2009-11-18,5.23,5.57,5.10,5.39,56042900,5.20
2009-11-17,4.92,5.27,4.88,5.18,38180700,5.00
2009-11-16,4.90,5.04,4.85,4.93,29667600,4.76
2009-11-13,4.78,4.89,4.74,4.83,23893300,4.66
2009-11-12,4.82,4.96,4.74,4.77,34436600,4.60
2009-11-11,4.85,5.00,4.79,4.82,23008200,4.65
2009-11-10,4.93,5.00,4.76,4.83,20804000,4.66
2009-11-09,4.84,4.98,4.74,4.96,31464600,4.79
2009-11-06,4.71,4.90,4.68,4.75,24253200,4.59
2009-11-05,4.74,4.87,4.61,4.81,30675200,4.64
2009-11-04,4.97,5.02,4.65,4.67,31342400,4.51
2009-11-03,4.73,4.96,4.65,4.84,34751400,4.67
2009-11-02,4.91,5.04,4.71,4.78,38485000,4.61
2009-10-30,5.15,5.17,4.80,4.84,41091800,4.67
2009-10-29,4.96,5.21,4.94,5.18,46967600,5.00
2009-10-28,5.12,5.13,4.79,4.82,58697900,4.65
2009-10-27,5.05,5.24,4.92,5.07,45645500,4.89
2009-10-26,5.52,5.59,5.04,5.10,48627200,4.92
2009-10-23,5.90,5.90,5.45,5.53,41539800,5.34
2009-10-22,5.74,5.86,5.55,5.81,35075700,5.61
2009-10-21,5.68,6.02,5.68,5.71,43310700,5.51
2009-10-20,5.54,6.11,5.51,5.81,84135300,5.61
2009-10-19,5.88,5.90,5.65,5.70,31722600,5.50
2009-10-16,5.98,6.04,5.83,5.83,26271800,5.63
2009-10-15,6.03,6.20,5.94,6.09,35311700,5.88
2009-10-14,6.08,6.18,5.92,6.09,52926800,5.88
2009-10-13,6.03,6.12,5.91,5.96,34364600,5.75
2009-10-12,5.99,6.09,5.95,6.00,15915600,5.79
2009-10-09,5.94,5.97,5.87,5.95,19185600,5.74
2009-10-08,6.12,6.16,5.93,5.94,26485300,5.73
2009-10-07,5.86,6.01,5.77,6.00,20706300,5.79
2009-10-06,6.11,6.23,5.83,5.90,38988400,5.70
2009-10-05,5.91,6.07,5.86,5.96,27108000,5.75
2009-10-02,5.75,6.13,5.57,5.79,36211500,5.59
2009-10-01,6.16,6.29,5.91,5.97,43100000,5.76
2009-09-30,6.50,6.54,6.05,6.21,47949300,5.99
2009-09-29,6.63,6.72,6.44,6.45,34630800,6.23
2009-09-28,6.39,6.58,6.35,6.58,23837000,6.35
2009-09-25,6.21,6.42,6.20,6.36,27796200,6.14
2009-09-24,6.63,6.67,6.21,6.37,39934400,6.15
2009-09-23,6.90,6.91,6.57,6.57,28920900,6.34
2009-09-22,6.71,6.86,6.61,6.81,38885900,6.57
2009-09-21,6.13,6.66,6.12,6.53,42629900,6.30
2009-09-18,6.34,6.38,6.02,6.13,48860800,5.92
2009-09-17,6.41,6.81,6.13,6.27,68204500,6.05
2009-09-16,6.09,6.73,5.98,6.39,80536800,6.17
2009-09-15,5.60,6.20,5.50,6.06,68683800,5.85
2009-09-14,5.42,5.52,5.33,5.52,22909100,5.32
2009-09-11,5.61,5.65,5.47,5.51,21438800,5.31
2009-09-10,5.65,5.67,5.53,5.60,17469200,5.40
2009-09-09,5.61,5.69,5.52,5.66,23552600,5.45
2009-09-08,5.70,5.74,5.52,5.60,20003300,5.40
2009-09-04,5.27,5.56,5.25,5.53,29040800,5.33
2009-09-03,5.33,5.43,5.19,5.23,41649800,5.04
2009-09-02,5.44,5.50,5.16,5.19,49530900,5.00
2009-09-01,5.78,6.01,5.51,5.54,55743500,5.34
2009-08-31,5.87,5.95,5.78,5.86,34671500,5.65
2009-08-28,6.04,6.08,5.89,5.97,27695800,5.75
2009-08-27,5.86,5.95,5.64,5.92,40537000,5.70
2009-08-26,5.89,6.00,5.73,5.84,43023800,5.63
2009-08-25,5.88,5.99,5.72,5.83,44400900,5.62
2009-08-24,6.02,6.11,5.65,5.70,49706800,5.49
2009-08-21,5.63,5.91,5.59,5.86,52353200,5.65
2009-08-20,5.47,5.65,5.36,5.49,42430400,5.29
2009-08-19,5.34,5.80,5.27,5.51,38734200,5.31
2009-08-18,5.35,5.57,5.28,5.44,42514200,5.24
2009-08-17,5.30,5.46,5.20,5.25,42876400,5.06
2009-08-14,5.38,5.80,5.26,5.64,90586900,5.43
2009-08-13,5.19,5.28,4.93,5.20,66286700,5.01
2009-08-12,4.71,4.87,4.66,4.82,29488000,4.64
2009-08-11,4.94,4.95,4.70,4.76,34391500,4.59
2009-08-10,4.97,5.09,4.80,4.97,36374500,4.79
2009-08-07,4.75,5.00,4.70,4.93,42904400,4.75
2009-08-06,4.84,4.88,4.56,4.60,49824800,4.43
2009-08-05,4.65,4.81,4.58,4.73,46393000,4.56
2009-08-04,4.38,4.73,4.30,4.58,45954000,4.41
2009-08-03,4.33,4.52,4.28,4.44,38427200,4.28
2009-07-31,4.24,4.46,4.18,4.42,33580900,4.26
2009-07-30,4.02,4.28,4.00,4.23,55067800,4.08
2009-07-29,3.92,4.03,3.84,3.89,27424900,3.75
2009-07-28,4.03,4.05,3.88,3.91,26472600,3.77
2009-07-27,3.71,4.06,3.69,4.02,52668900,3.87
2009-07-24,3.61,3.72,3.53,3.69,20355800,3.56
2009-07-23,3.59,3.69,3.43,3.66,41573600,3.53
2009-07-22,3.40,3.67,3.30,3.50,49368600,3.37
2009-07-21,3.69,3.72,3.36,3.42,101115800,3.30
2009-07-20,4.08,4.13,4.01,4.04,24797500,3.89
2009-07-17,4.20,4.20,3.89,4.05,25975500,3.90
2009-07-16,4.15,4.25,4.09,4.22,21168400,4.07
2009-07-15,4.15,4.26,4.10,4.21,34197400,4.06
2009-07-14,4.06,4.16,4.00,4.09,25469500,3.94
2009-07-13,3.99,4.07,3.86,4.07,26174600,3.92
2009-07-10,3.82,3.91,3.77,3.90,18488000,3.76
2009-07-09,3.82,3.89,3.78,3.84,18983400,3.70
2009-07-08,3.85,3.91,3.55,3.76,34906000,3.62
2009-07-07,3.83,3.93,3.78,3.83,24461600,3.69
2009-07-06,3.77,3.90,3.75,3.84,23870000,3.70
2009-07-02,3.91,3.95,3.75,3.75,23419200,3.61
2009-07-01,4.04,4.06,3.95,3.97,16428700,3.83
2009-06-30,4.11,4.14,3.89,4.04,23859900,3.89
2009-06-29,3.92,4.13,3.86,4.07,31828500,3.92
2009-06-26,3.89,3.95,3.77,3.95,30677500,3.81
2009-06-25,3.76,3.96,3.75,3.96,31069100,3.82
2009-06-24,3.88,3.90,3.77,3.81,23272800,3.67
2009-06-23,3.84,3.92,3.66,3.76,33198800,3.62
2009-06-22,4.08,4.12,3.81,3.84,43225800,3.70
2009-06-19,4.13,4.17,3.98,4.13,65579800,3.98
2009-06-18,4.03,4.21,4.00,4.03,35301600,3.88
2009-06-17,4.16,4.19,3.84,3.99,57713200,3.84
2009-06-16,4.38,4.38,4.19,4.25,39745800,4.10
2009-06-15,4.38,4.51,4.25,4.33,47528000,4.17
2009-06-12,4.38,4.63,4.36,4.46,38747400,4.29
2009-06-11,4.12,4.53,4.09,4.37,103980700,4.20
2009-06-10,4.08,4.10,3.97,4.00,29959800,3.85
2009-06-09,4.07,4.11,4.01,4.06,21829400,3.90
2009-06-08,3.99,4.11,3.96,4.07,32855500,3.91
2009-06-05,4.17,4.23,3.97,4.00,51567000,3.85
2009-06-04,4.08,4.20,4.00,4.08,71373600,3.92
2009-06-03,4.01,4.13,4.00,4.04,38673600,3.88
2009-06-02,4.00,4.09,3.87,4.00,47847700,3.85
2009-06-01,4.21,4.24,3.95,3.99,58703700,3.84
2009-05-29,4.04,4.19,3.89,4.19,82740200,4.03
2009-05-28,4.05,4.09,3.77,4.02,65791800,3.86
2009-05-27,4.01,4.12,3.89,3.96,89481300,3.81
2009-05-26,4.00,4.02,3.67,3.83,112017900,3.68
2009-05-22,4.28,4.30,3.98,4.04,101604500,3.88
2009-05-21,3.99,4.22,3.90,4.10,570981700,3.94
2009-05-20,4.87,5.44,4.77,4.89,101898000,4.70
2009-05-19,5.27,5.88,5.16,5.24,32999100,5.04
2009-05-18,5.02,5.54,4.94,5.43,37149300,5.22
2009-05-15,5.00,5.06,4.70,4.85,22590800,4.66
2009-05-14,4.60,5.24,4.55,4.98,24657800,4.79
2009-05-13,5.02,5.18,4.65,4.70,34110900,4.52
2009-05-12,6.04,6.10,5.05,5.35,36450500,5.14
2009-05-11,6.35,6.52,5.87,5.92,34952800,5.69
2009-05-08,5.68,6.60,4.88,6.53,68338400,6.28
2009-05-07,6.52,6.55,5.03,5.23,42991600,5.03
2009-05-06,5.80,6.55,5.41,5.83,66646100,5.60
2009-05-05,5.30,5.58,5.02,5.49,30330200,5.28
2009-05-04,4.41,5.60,4.40,5.53,47691300,5.32
2009-05-01,4.43,4.69,4.36,4.39,14480200,4.22
2009-04-30,4.91,4.92,4.35,4.49,26542100,4.32
2009-04-29,4.95,5.06,4.51,4.66,26766300,4.48
2009-04-28,4.75,5.20,4.48,4.71,27102600,4.53
2009-04-27,5.39,5.48,4.85,4.91,28849400,4.72
2009-04-24,5.81,5.95,5.10,5.56,49489500,5.35
2009-04-23,5.97,6.15,5.20,5.82,37618700,5.60
2009-04-22,5.75,6.93,5.63,5.80,42371300,5.58
2009-04-21,5.01,6.54,4.81,6.14,53901000,5.90
2009-04-20,6.85,6.85,5.65,5.80,28862700,5.58
2009-04-17,6.78,7.60,6.15,7.23,62195300,6.95
2009-04-16,5.17,7.04,5.01,6.70,74214400,6.44
2009-04-15,4.65,5.01,4.50,5.00,13220200,4.81
2009-04-14,5.10,5.37,4.65,4.73,24231400,4.55
2009-04-13,4.22,5.13,4.09,5.03,24725600,4.84
2009-04-09,4.40,4.47,3.89,4.31,24425900,4.14
2009-04-08,4.06,4.11,3.68,3.83,9464700,3.68
2009-04-07,4.05,4.14,3.99,3.99,8528400,3.84
2009-04-06,4.16,4.32,4.10,4.23,11120900,4.07
2009-04-03,4.33,4.56,4.09,4.56,11442700,4.38
2009-04-02,4.75,4.78,4.32,4.45,14059300,4.28
2009-04-01,4.22,4.62,4.10,4.41,13533200,4.24
2009-03-31,4.13,4.30,3.89,4.26,11869100,4.10
2009-03-30,4.06,4.20,3.90,3.90,11894400,3.75
2009-03-27,4.36,4.75,4.32,4.32,11550400,4.15
2009-03-26,4.73,4.90,4.46,4.55,13933500,4.37
2009-03-25,4.51,5.00,4.30,4.69,17119900,4.51
2009-03-24,4.28,4.92,4.23,4.49,20627800,4.32
2009-03-23,4.47,4.63,4.22,4.50,22101900,4.33
2009-03-20,4.46,4.48,3.82,4.02,17175300,3.86
2009-03-19,5.13,5.19,4.25,4.34,20488400,4.17
2009-03-18,4.03,4.95,3.91,4.95,26273600,4.76
2009-03-17,3.85,4.15,3.78,4.09,12704300,3.93
2009-03-16,4.00,4.29,3.81,3.85,16162700,3.70
2009-03-13,3.80,4.00,3.60,3.89,13825900,3.64
2009-03-12,3.47,3.81,3.18,3.76,27849500,3.52
2009-03-11,3.92,4.00,3.41,3.53,17108500,3.31
2009-03-10,3.46,3.85,3.45,3.74,18503000,3.50
2009-03-09,2.94,3.34,2.85,3.27,16474700,3.06
2009-03-06,3.15,3.35,2.76,2.94,16812000,2.75
2009-03-05,3.39,3.49,2.90,3.10,15967600,2.90
2009-03-04,3.60,3.79,3.38,3.52,11990900,3.30
2009-03-03,3.80,3.90,3.41,3.43,13501600,3.21
2009-03-02,3.18,3.80,3.17,3.57,20402200,3.34
2009-02-27,3.30,3.95,3.10,3.42,34587500,3.20
2009-02-26,4.14,4.47,3.61,3.94,38114400,3.69
2009-02-25,3.20,4.10,2.83,3.76,38851300,3.52
2009-02-24,2.66,3.39,2.54,3.29,28278100,3.08
2009-02-23,3.10,3.15,2.64,2.69,16631400,2.52
2009-02-20,2.44,3.02,2.35,2.84,23819600,2.66
2009-02-19,3.00,3.14,2.63,2.64,11355900,2.47
2009-02-18,3.26,3.40,2.93,2.99,17067300,2.80
2009-02-17,2.98,3.23,2.98,3.09,21006300,2.89
2009-02-13,3.50,3.68,3.35,3.38,13067600,3.17
2009-02-12,3.37,3.61,3.22,3.57,21358200,3.34
2009-02-11,3.53,3.79,3.39,3.68,26647700,3.45
2009-02-10,4.65,4.67,3.17,3.24,47192400,3.03
2009-02-09,4.70,5.04,4.34,4.64,32890000,4.35
2009-02-06,3.03,4.55,3.01,4.20,47574100,3.93
2009-02-05,2.50,3.20,2.35,2.83,28918200,2.65
2009-02-04,2.65,2.79,2.38,2.50,15650500,2.34
2009-02-03,3.13,3.16,2.52,2.61,21499800,2.44
2009-02-02,3.40,3.45,2.67,2.92,27033800,2.74
2009-01-30,4.07,4.21,3.40,3.46,19374300,3.24
2009-01-29,4.49,4.49,4.06,4.14,15145500,3.88
2009-01-28,4.50,4.73,4.31,4.56,20610000,4.27
2009-01-27,4.51,4.65,4.01,4.08,13169500,3.82
2009-01-26,4.91,4.91,4.00,4.10,12730100,3.84
2009-01-23,4.05,4.75,4.00,4.66,15574900,4.36
2009-01-22,4.87,4.95,4.14,4.25,18333500,3.98
2009-01-21,4.79,5.02,4.45,4.95,22708300,4.64
2009-01-20,5.60,5.80,4.60,4.60,28075400,4.31
2009-01-16,6.35,6.50,5.81,6.07,16682700,5.69
2009-01-15,6.86,6.86,5.97,6.10,17505500,5.71
2009-01-14,6.92,7.10,6.74,6.85,12115100,6.42
2009-01-13,6.94,7.26,6.70,7.21,13708900,6.75
2009-01-12,7.21,7.34,6.90,7.02,12211500,6.58
2009-01-09,7.88,7.90,7.10,7.17,11123200,6.72
2009-01-08,7.85,7.99,7.74,7.79,9061500,7.30
2009-01-07,8.55,8.55,7.80,7.91,11288800,7.41
2009-01-06,8.86,8.90,8.50,8.83,7774200,8.27
2009-01-05,8.48,9.07,8.40,8.72,12011800,8.17
2009-01-02,8.12,8.67,7.99,8.61,8917000,8.06
2008-12-31,7.84,8.01,7.50,7.96,9690800,7.46
2008-12-30,8.00,8.12,7.73,7.89,6726900,7.39
2008-12-29,8.24,8.30,7.84,7.94,5662300,7.44
2008-12-26,8.33,8.39,8.08,8.24,2919600,7.72
2008-12-24,8.14,8.33,8.06,8.25,2298500,7.73
2008-12-23,8.26,8.50,7.96,8.12,8112500,7.61
2008-12-22,8.11,8.38,8.07,8.20,10655100,7.68
2008-12-19,8.62,9.00,8.02,8.07,11216500,7.56
2008-12-18,8.88,9.01,8.30,8.36,8145900,7.83
2008-12-17,8.59,8.93,8.35,8.77,9490200,8.21
2008-12-16,8.44,8.73,8.30,8.70,11796700,8.15
2008-12-15,8.87,8.87,8.05,8.26,6245800,7.74
2008-12-12,8.01,8.92,8.00,8.86,8101000,8.21
2008-12-11,8.94,9.09,8.25,8.30,8742400,7.69
2008-12-10,9.25,9.40,8.71,8.97,7694300,8.31
2008-12-09,9.73,9.98,9.00,9.11,10816100,8.44
2008-12-08,9.80,10.10,9.43,9.98,10243100,9.24
2008-12-05,9.44,9.80,8.96,9.56,15271200,8.85
2008-12-04,9.55,10.49,9.44,9.71,12350100,8.99
2008-12-03,8.69,10.00,8.68,9.94,10568500,9.21
2008-12-02,8.85,9.35,8.37,9.25,9995500,8.57
2008-12-01,9.90,9.99,8.36,8.47,9665700,7.84
2008-11-28,9.96,10.35,9.90,10.19,3418600,9.44
2008-11-26,9.08,10.05,8.95,10.00,7882700,9.26
2008-11-25,9.53,9.74,8.75,9.41,10100300,8.71
2008-11-24,8.75,9.43,8.03,9.38,13384600,8.69
2008-11-21,8.00,8.15,6.85,7.95,18836500,7.36
2008-11-20,8.61,8.83,7.52,7.66,16931300,7.09
2008-11-19,9.45,9.68,8.68,8.72,12025000,8.08
2008-11-18,9.16,9.77,8.87,9.59,11712600,8.88
2008-11-17,9.70,9.83,9.00,9.06,11114600,8.39
2008-11-14,10.16,10.65,9.65,9.67,7578200,8.96
2008-11-13,9.67,10.51,9.00,10.48,11345300,9.71
2008-11-12,10.16,10.62,9.52,9.64,10404700,8.93
2008-11-11,10.40,10.89,10.16,10.32,7705600,9.56
2008-11-10,11.17,11.36,10.44,10.68,5878800,9.89
2008-11-07,10.86,11.08,10.38,10.96,7644700,10.15
2008-11-06,11.28,11.85,10.50,10.63,10741300,9.84
2008-11-05,12.89,12.96,11.35,11.49,10277600,10.64
2008-11-04,12.00,12.64,11.86,12.51,11238600,11.59
2008-11-03,10.90,11.84,10.85,11.77,6798000,10.90
2008-10-31,10.70,11.40,10.70,11.09,9788700,10.27
2008-10-30,11.95,12.00,10.55,10.85,9908600,10.05
2008-10-29,11.48,12.36,11.19,11.36,14584600,10.52
2008-10-28,10.45,11.70,10.24,11.60,14647600,10.74
2008-10-27,8.90,10.49,8.90,9.95,13509900,9.21
2008-10-24,8.00,9.76,8.00,8.94,14203000,8.28
2008-10-23,10.72,10.73,9.09,9.79,15830900,9.07
2008-10-22,10.50,11.18,10.39,10.73,14518600,9.94
2008-10-21,10.31,11.50,10.09,11.29,13161000,10.46
2008-10-20,11.20,11.21,10.30,10.64,9708100,9.85
2008-10-17,10.93,11.50,10.41,10.77,14593000,9.97
2008-10-16,11.63,11.75,10.00,11.46,15458300,10.61
2008-10-15,10.94,11.94,10.63,11.67,17225100,10.81
2008-10-14,9.92,11.59,9.92,11.37,24236800,10.53
2008-10-13,10.88,11.07,8.25,8.84,16200200,8.19
2008-10-10,6.99,9.75,6.96,9.14,23495300,8.46
2008-10-09,10.37,10.37,7.48,7.60,26110600,7.04
2008-10-08,10.18,11.35,9.75,9.75,10697900,9.03
2008-10-07,12.25,12.46,10.56,10.64,10041900,9.85
2008-10-06,12.01,12.74,11.05,12.13,13982300,11.23
2008-10-03,13.74,14.50,12.06,13.52,15198200,12.52
2008-10-02,11.00,13.59,10.79,11.85,13198800,10.97
2008-10-01,9.84,11.18,9.75,10.45,20431100,9.68
2008-09-30,9.99,10.78,9.30,9.60,17028100,8.89
2008-09-29,12.81,13.39,8.25,8.25,24921400,7.64
2008-09-26,12.90,14.79,12.50,14.00,7889100,12.97
2008-09-25,13.80,14.33,13.18,13.85,7630700,12.83
2008-09-24,14.19,14.19,12.65,13.02,8033300,12.06
2008-09-23,15.31,15.31,13.72,13.72,10432100,12.71
2008-09-22,18.20,18.20,15.49,15.60,10714300,14.45
2008-09-19,19.10,19.80,15.47,19.80,31386600,18.34
2008-09-18,11.20,14.60,9.78,14.60,41575500,13.52
2008-09-17,11.47,11.68,10.34,10.87,23857800,10.07
2008-09-16,10.25,11.84,10.25,11.74,27133600,10.87
2008-09-15,10.68,12.10,10.51,11.12,28313400,10.30
2008-09-12,10.82,11.73,10.75,11.69,15471700,10.73
2008-09-11,10.26,11.20,10.16,11.12,18245000,10.21
2008-09-10,11.84,11.99,10.82,11.24,17378900,10.32
2008-09-09,11.95,12.50,11.52,11.55,23706200,10.60
2008-09-08,12.65,14.05,11.46,12.24,40573700,11.24
2008-09-05,10.17,11.10,10.10,11.09,15419200,10.18
2008-09-04,10.77,11.13,10.49,10.50,14924300,9.64
2008-09-03,10.90,11.22,10.65,11.00,18897000,10.10
2008-09-02,10.38,11.07,10.13,11.05,36412900,10.15
2008-08-29,8.74,9.55,8.70,9.27,12843400,8.51
2008-08-28,8.64,8.93,8.46,8.92,10617800,8.19
2008-08-27,8.26,8.58,8.25,8.47,7784000,7.78
2008-08-26,8.21,8.37,8.16,8.36,10985500,7.68
2008-08-25,8.13,8.40,8.10,8.18,9959000,7.51
2008-08-22,8.43,8.50,8.02,8.48,10364900,7.79
2008-08-21,8.33,8.62,8.11,8.15,13563900,7.48
2008-08-20,8.33,8.65,8.07,8.55,15302700,7.85
2008-08-19,8.44,8.47,8.12,8.29,17645400,7.61
2008-08-18,9.18,9.18,8.42,8.45,14985600,7.76
2008-08-15,9.10,9.46,8.83,9.10,10003900,8.36
2008-08-14,8.33,9.03,8.30,8.88,11824200,8.15
2008-08-13,8.98,8.98,8.01,8.36,25295800,7.68
2008-08-12,9.78,9.91,8.75,9.06,18092400,8.32
2008-08-11,9.63,10.31,9.60,9.98,14639200,9.16
2008-08-08,9.50,9.83,9.32,9.64,18921000,8.85
2008-08-07,9.75,10.31,9.31,9.47,23184400,8.70
2008-08-06,9.89,10.22,9.33,10.14,19784100,9.31
2008-08-05,9.73,10.07,9.52,9.93,14794100,9.12
2008-08-04,9.53,9.64,9.00,9.39,12723600,8.62
2008-08-01,9.43,9.88,9.17,9.53,15844100,8.75
2008-07-31,9.60,9.94,9.31,9.48,12241200,8.70
2008-07-30,10.02,10.57,9.24,9.74,23014300,8.94
2008-07-29,8.78,9.58,8.66,9.52,20292300,8.74
2008-07-28,9.05,9.50,8.65,8.68,21676000,7.97
2008-07-25,9.92,9.97,8.85,9.08,32394600,8.34
2008-07-24,11.62,11.86,9.85,10.16,28496900,9.33
2008-07-23,11.27,12.98,11.05,11.80,41887200,10.83
2008-07-22,8.43,11.55,7.83,11.40,68811300,10.47
2008-07-21,10.56,10.95,10.21,10.40,32679000,9.55
2008-07-18,10.24,10.49,9.52,10.11,32474800,9.28
2008-07-17,8.88,9.99,8.09,9.79,50837800,8.99
2008-07-16,7.14,8.04,6.82,8.01,43952300,7.35
2008-07-15,6.78,7.81,6.41,6.88,46462700,6.32
2008-07-14,8.68,8.83,7.05,7.13,32923600,6.55
2008-07-11,9.00,9.07,8.39,8.54,24724500,7.84
2008-07-10,9.60,9.99,9.26,9.48,17945800,8.70
2008-07-09,10.94,11.53,9.55,9.60,20843100,8.81
2008-07-08,9.71,11.11,9.52,10.95,25200000,10.05
2008-07-07,10.44,10.99,9.39,9.64,25609600,8.85
2008-07-03,10.82,11.05,9.86,10.31,16172500,9.47
2008-07-02,11.81,12.18,10.52,10.59,22226000,9.72
2008-07-01,10.76,11.59,10.60,11.59,25908700,10.64
2008-06-30,10.91,11.05,10.31,10.91,20115500,10.02
2008-06-27,11.09,11.22,10.50,10.78,16330700,9.90
2008-06-26,11.40,11.59,11.01,11.14,15826300,10.23
2008-06-25,11.43,12.11,11.41,11.58,24645900,10.63
2008-06-24,10.83,11.70,10.61,11.36,21535300,10.43
2008-06-23,11.32,11.38,10.59,10.87,13852100,9.98
2008-06-20,10.65,12.10,10.33,11.22,28882300,10.30
2008-06-19,11.48,11.50,10.32,11.18,32581100,10.27
2008-06-18,12.02,12.04,10.75,11.40,41276300,10.47
2008-06-17,13.78,14.00,12.69,12.73,17422500,11.69
2008-06-16,13.22,14.24,13.07,13.75,16466700,12.62
2008-06-13,13.54,13.87,12.37,13.28,18855900,12.19
2008-06-12,13.94,14.35,13.23,13.49,17694100,12.04
2008-06-11,14.45,14.56,13.50,13.69,16850900,12.22
2008-06-10,14.06,15.65,13.96,14.40,20288800,12.85
2008-06-09,15.60,15.70,14.09,14.34,22064100,12.80
2008-06-06,16.33,16.33,15.30,15.45,16256800,13.79
2008-06-05,16.31,16.74,16.25,16.54,8743700,14.76
2008-06-04,16.75,16.91,16.17,16.43,16492000,14.66
2008-06-03,17.36,17.49,16.36,16.68,19627200,14.88
2008-06-02,17.72,17.97,17.21,17.29,17573100,15.43
2008-05-30,18.69,18.74,17.79,17.82,7919700,15.90
2008-05-29,17.89,18.77,17.83,18.57,8585300,16.57
2008-05-28,19.17,19.19,17.66,18.08,18136500,16.13
2008-05-27,18.69,19.12,18.64,19.04,7281900,16.99
2008-05-23,19.03,19.19,18.61,18.66,6817600,16.65
2008-05-22,18.96,19.50,18.94,19.14,7700200,17.08
2008-05-21,19.84,19.90,18.84,18.90,12176100,16.86
2008-05-20,19.64,19.96,19.43,19.73,10641900,17.61
2008-05-19,20.19,20.27,19.66,19.71,9047100,17.59
2008-05-16,20.93,20.95,20.07,20.17,9985700,18.00
2008-05-15,21.15,21.32,20.93,21.32,6531000,19.02
2008-05-14,21.30,21.43,20.90,21.17,9112800,18.89
2008-05-13,21.62,21.80,21.27,21.43,6509000,19.12
2008-05-12,21.27,21.78,21.21,21.74,4537000,19.40
2008-05-09,21.17,21.86,20.89,21.17,7008200,18.89
2008-05-08,22.03,22.11,21.05,21.46,7220000,19.15
2008-05-07,22.83,23.00,21.81,21.91,6069100,19.55
2008-05-06,22.21,23.06,22.13,22.86,7799100,20.40
2008-05-05,23.41,23.46,22.83,22.89,6575900,20.43
2008-05-02,23.13,24.31,23.08,23.47,7979300,20.94
2008-05-01,22.06,23.16,21.95,23.04,7509600,20.56
2008-04-30,22.37,22.59,21.88,21.92,5689100,19.56
2008-04-29,22.34,22.49,22.04,22.35,5264300,19.94
2008-04-28,22.32,22.50,21.88,22.28,5011000,19.88
2008-04-25,22.16,22.30,21.43,22.22,8702800,19.83
2008-04-24,20.57,22.00,20.39,21.86,10758900,19.51
2008-04-23,20.71,20.93,20.23,20.43,6374500,18.23
2008-04-22,20.70,21.04,20.50,20.82,6153400,18.58
2008-04-21,21.52,21.53,20.68,20.99,6526600,18.73
2008-04-18,22.13,22.64,21.53,21.60,10126800,19.27
2008-04-17,20.21,21.86,20.21,21.69,8427100,19.35
2008-04-16,20.48,20.57,19.84,20.30,8958600,18.11
2008-04-15,19.71,20.59,19.45,20.12,15211100,17.95
2008-04-14,19.41,19.77,18.53,18.56,11666500,16.56
2008-04-11,19.75,20.28,19.61,19.77,7380900,17.64
2008-04-10,20.00,20.60,19.67,19.96,7811900,17.81
2008-04-09,20.55,20.79,20.11,20.18,3402600,18.01
2008-04-08,20.96,21.01,20.35,20.52,4712800,18.31
2008-04-07,21.26,21.54,20.91,21.15,5477200,18.87
2008-04-04,21.88,21.88,20.84,20.91,4861600,18.66
2008-04-03,21.53,21.92,20.83,21.81,6445000,19.46
2008-04-02,21.72,22.69,21.56,21.71,8086600,19.37
2008-04-01,20.13,21.59,20.13,21.45,10598500,19.14
2008-03-31,19.82,20.28,19.54,19.75,6079400,17.62
2008-03-28,20.63,20.90,19.59,19.65,6204800,17.53
2008-03-27,21.19,21.50,20.51,20.57,7423000,18.35
2008-03-26,20.50,21.95,20.50,21.18,6444000,18.90
2008-03-25,22.27,22.31,21.57,22.10,6019700,19.72
2008-03-24,21.77,23.12,21.77,22.14,7998100,19.76
2008-03-20,20.43,21.77,20.33,21.72,10573300,19.38
2008-03-19,20.19,20.95,20.08,20.40,14170100,18.20
2008-03-18,20.08,20.50,19.34,20.01,15082600,17.86
2008-03-17,19.73,20.53,18.94,19.50,14821400,17.40
2008-03-14,21.15,21.68,19.94,20.25,12038800,18.07
2008-03-13,20.41,21.71,20.25,21.51,9345300,18.85
2008-03-12,22.00,22.85,21.37,21.37,8096000,18.73
2008-03-11,21.49,21.92,20.54,21.92,8975500,19.21
2008-03-10,20.42,20.60,19.62,19.96,8819600,17.50
2008-03-07,19.85,20.88,19.65,20.36,6611400,17.85
2008-03-06,20.65,20.82,19.93,19.97,5834900,17.50
2008-03-05,21.09,21.51,20.73,20.94,7444200,18.35
2008-03-04,20.43,20.92,19.84,20.81,9506000,18.24
2008-03-03,21.13,21.16,20.42,20.59,6726500,18.05
2008-02-29,21.77,21.77,21.10,21.20,10053800,18.58
2008-02-28,23.01,23.20,21.90,21.94,6011400,19.23
2008-02-27,23.00,23.67,22.80,23.22,4138900,20.35
2008-02-26,22.98,23.49,22.79,23.19,5801800,20.33
2008-02-25,23.03,23.23,22.34,23.11,7002000,20.26
2008-02-22,22.60,23.14,22.13,23.11,4300300,20.26
2008-02-21,23.27,23.49,22.44,22.48,4036900,19.70
2008-02-20,22.27,23.40,22.09,23.23,5551000,20.36
2008-02-19,23.16,23.37,22.33,22.51,4595600,19.73
2008-02-15,22.79,23.07,22.32,22.93,5488000,20.10
2008-02-14,23.56,23.56,22.75,22.82,5208400,20.00
2008-02-13,23.94,24.15,23.07,23.59,5097800,20.68
2008-02-12,23.12,24.13,23.12,23.71,5168900,20.78
2008-02-11,23.25,23.32,22.54,23.01,4879200,20.17
2008-02-08,24.11,24.22,22.82,23.21,8180800,20.34
2008-02-07,23.09,24.41,23.09,24.20,6105300,21.21
2008-02-06,23.90,24.29,23.08,23.69,8174200,20.77
2008-02-05,24.30,24.86,24.15,24.24,5551500,21.25
2008-02-04,25.73,25.73,24.94,25.10,6979300,22.00
2008-02-01,25.51,25.84,25.08,25.73,5922900,22.55
2008-01-31,23.95,25.59,23.03,25.17,10774600,22.06
2008-01-30,24.77,25.26,24.18,24.34,8153800,21.34
2008-01-29,23.99,25.05,23.53,24.93,7482800,21.85
2008-01-28,22.69,23.79,22.47,23.79,7168400,20.85
2008-01-25,22.73,23.75,22.21,22.79,10424700,19.98
2008-01-24,22.02,22.80,21.68,22.47,9926600,19.70
2008-01-23,18.50,22.60,18.50,21.84,11130700,19.14
2008-01-22,17.95,20.44,17.90,20.13,11302800,17.64
2008-01-18,19.71,19.96,19.02,19.19,8426300,16.82
2008-01-17,21.26,21.29,19.52,19.57,9467400,17.15
2008-01-16,20.28,21.60,20.27,21.16,9617300,18.55
2008-01-15,20.15,20.66,19.75,20.34,9606900,17.83
2008-01-14,20.68,20.68,19.86,20.41,6360800,17.89
2008-01-11,19.92,20.90,19.42,20.47,7530200,17.94
2008-01-10,19.39,20.47,18.93,20.06,10915000,17.58
2008-01-09,19.58,19.65,18.61,19.58,10257700,17.16
2008-01-08,21.00,21.07,19.46,19.50,11255300,17.09
2008-01-07,20.97,21.35,20.37,20.85,9490200,18.28
2008-01-04,22.05,22.34,20.71,20.80,10403700,18.23
2008-01-03,23.45,23.60,23.13,23.28,3954300,20.41
2008-01-02,23.77,23.82,23.13,23.28,5969700,20.41
