Date,Open,High,Low,Close,Volume,Adj Close
2013-12-31,175.91,177.20,175.60,176.57,330300,176.06
2013-12-30,175.69,176.89,175.67,176.34,257800,175.83
2013-12-27,176.04,176.62,175.21,175.97,286900,175.46
2013-12-26,176.36,176.78,175.42,175.97,274200,175.46
2013-12-24,175.00,176.86,174.89,176.03,320700,175.52
2013-12-23,175.54,175.99,174.22,174.87,504400,173.92
2013-12-20,175.74,176.41,174.94,175.05,657100,174.10
2013-12-19,178.37,178.37,175.02,175.14,651900,174.19
2013-12-18,174.87,177.25,172.67,177.09,818800,176.13
2013-12-17,175.30,175.33,173.50,174.35,646400,173.40
2013-12-16,175.42,176.87,174.26,175.56,829400,174.60
2013-12-13,173.02,175.35,173.02,175.19,1000700,174.24
2013-12-12,170.59,173.39,169.86,173.02,921200,172.08
2013-12-11,172.23,173.14,170.95,171.09,723200,170.16
2013-12-10,170.73,172.52,170.73,171.73,697100,170.79
2013-12-09,172.64,174.52,171.01,171.18,596700,170.25
2013-12-06,174.74,174.74,171.93,172.29,705800,171.35
2013-12-05,172.89,173.84,172.02,173.50,613200,172.56
2013-12-04,172.37,174.20,172.37,173.63,602100,172.68
2013-12-03,173.79,174.84,171.84,173.15,710900,172.21
2013-12-02,175.08,175.28,173.18,174.05,414000,173.10
2013-11-29,174.90,175.71,173.74,175.23,265300,174.28
2013-11-27,175.69,175.69,173.81,174.31,325300,173.36
2013-11-26,175.57,177.00,175.29,175.36,508000,174.41
2013-11-25,175.42,175.98,174.60,175.51,507200,174.55
2013-11-22,172.21,175.12,172.19,175.02,667100,174.07
2013-11-21,172.42,172.93,170.80,171.98,663400,171.04
2013-11-20,173.91,174.68,171.81,172.00,606000,171.06
2013-11-19,173.56,174.27,172.50,173.26,558300,172.32
2013-11-18,175.29,175.76,172.65,173.07,730900,172.13
2013-11-15,176.52,176.82,173.44,175.90,1162200,174.94
2013-11-14,175.40,176.70,174.80,176.67,831000,175.71
2013-11-13,171.97,176.37,171.97,176.07,1225400,175.11
2013-11-12,172.16,173.08,171.21,171.49,1194800,170.56
2013-11-11,173.40,173.50,171.80,172.53,1346500,171.59
2013-11-08,172.99,173.72,172.32,173.42,1034500,172.48
2013-11-07,180.25,181.07,172.43,172.81,2559200,171.87
2013-11-06,180.00,180.78,176.81,180.52,3249500,179.54
2013-11-05,169.71,173.32,169.61,171.19,1961700,170.26
2013-11-04,169.67,171.98,168.31,169.59,935400,168.67
2013-11-01,166.55,168.97,166.44,168.80,973200,167.88
2013-10-31,166.33,166.92,164.92,165.64,571500,164.74
2013-10-30,165.60,167.84,165.53,166.82,679900,165.91
2013-10-29,165.79,166.27,164.55,165.61,628200,164.71
2013-10-28,164.44,165.22,163.07,165.05,533000,164.15
2013-10-25,165.00,165.60,163.98,164.54,457900,163.64
2013-10-24,164.16,165.14,163.97,164.70,418600,163.80
2013-10-23,166.08,166.44,163.21,164.21,541100,163.32
2013-10-22,164.20,167.11,163.61,166.53,915500,165.62
2013-10-21,164.26,164.86,163.10,163.61,398500,162.72
2013-10-18,162.01,163.94,161.80,163.90,637400,163.01
2013-10-17,158.47,162.00,157.01,161.68,1353600,160.80
2013-10-16,159.18,159.75,157.57,158.68,1418900,157.82
2013-10-15,160.95,161.66,158.31,158.73,1922600,157.87
2013-10-14,160.94,162.41,160.31,161.10,654900,160.22
2013-10-11,163.65,164.10,161.26,161.34,750000,160.46
2013-10-10,165.38,165.38,163.40,163.64,717200,162.75
2013-10-09,159.82,164.10,159.35,162.40,1071100,161.52
2013-10-08,164.56,165.01,160.55,161.10,794800,160.22
2013-10-07,165.45,166.60,164.25,164.35,634400,163.46
2013-10-04,164.47,167.57,163.76,166.69,547700,165.78
2013-10-03,164.15,166.23,163.25,164.48,851300,163.58
2013-10-02,164.34,164.41,161.90,164.01,908500,163.12
2013-10-01,165.64,166.32,164.04,164.93,557600,164.03
2013-09-30,163.59,165.65,162.56,164.73,684500,163.83
2013-09-27,165.03,166.31,164.33,165.63,800200,164.73
2013-09-26,164.07,166.04,163.66,165.53,734100,164.63
2013-09-25,164.56,165.76,161.98,163.00,782700,162.11
2013-09-24,165.27,166.53,164.06,165.18,772400,163.88
2013-09-23,166.79,167.40,163.86,165.00,771200,163.70
2013-09-20,168.17,168.65,167.04,167.33,936600,166.02
2013-09-19,168.10,169.35,167.91,168.31,725700,166.99
2013-09-18,167.10,169.30,165.74,168.12,831800,166.80
2013-09-17,168.03,168.03,166.36,166.68,410900,165.37
2013-09-16,168.73,169.41,166.92,167.21,779700,165.90
2013-09-13,163.18,166.83,163.11,166.35,869400,165.04
2013-09-12,163.63,164.16,162.22,163.06,1233300,161.78
2013-09-11,164.13,164.60,163.00,163.90,1476400,162.61
2013-09-10,166.29,166.30,162.53,163.04,2242900,161.76
2013-09-09,165.48,166.27,165.13,165.74,1804800,164.44
2013-09-06,166.43,166.78,163.31,165.18,1293300,163.88
2013-09-05,166.04,167.49,165.46,166.00,680700,164.70
2013-09-04,167.25,168.00,166.58,166.67,1012200,165.36
2013-09-03,167.99,168.49,165.68,167.12,753800,165.81
2013-08-30,166.64,166.84,165.00,165.41,313400,164.11
2013-08-29,165.55,167.11,165.50,166.14,398800,164.84
2013-08-28,165.81,167.02,165.35,165.55,651600,164.25
2013-08-27,167.53,169.99,165.68,165.78,613900,164.48
2013-08-26,171.57,172.41,170.11,170.21,247200,168.87
2013-08-23,172.66,172.73,170.74,171.65,386200,170.30
2013-08-22,172.24,173.43,171.60,172.36,390800,171.01
2013-08-21,171.78,173.00,171.06,171.86,412700,170.51
2013-08-20,171.05,173.62,170.76,171.97,464500,170.62
2013-08-19,172.06,173.00,170.17,170.23,834600,168.89
2013-08-16,173.54,174.65,172.01,172.08,885500,170.73
2013-08-15,174.99,175.55,173.57,174.44,678800,173.07
2013-08-14,178.54,178.80,176.01,176.76,523500,175.37
2013-08-13,177.70,179.06,177.42,178.53,481500,177.13
2013-08-12,175.00,178.42,174.70,178.08,560900,176.68
2013-08-09,177.51,179.21,177.04,178.95,683100,177.54
2013-08-08,174.16,179.20,173.11,177.70,1546300,176.30
2013-08-07,177.06,180.76,172.01,173.13,3092900,171.77
2013-08-06,187.36,189.80,186.01,189.51,881400,188.02
2013-08-05,187.25,189.28,187.25,188.30,575100,186.82
2013-08-02,186.69,188.64,185.02,188.03,503200,186.55
2013-08-01,183.85,187.60,182.86,186.99,629300,185.52
2013-07-31,182.46,183.13,180.98,182.06,609800,180.63
2013-07-30,180.43,182.06,180.04,181.64,460100,180.21
2013-07-29,180.67,180.91,179.81,180.29,189700,178.87
2013-07-26,178.00,181.10,177.51,180.98,499700,179.56
2013-07-25,179.13,181.15,178.98,179.26,783000,177.85
2013-07-24,180.54,181.14,179.02,179.13,382000,177.72
2013-07-23,180.91,181.81,180.00,180.14,532400,178.73
2013-07-22,179.95,181.67,179.59,180.49,1008700,179.07
2013-07-19,179.88,179.88,178.24,179.22,595400,177.81
2013-07-18,178.53,180.00,178.22,179.98,1125300,178.57
2013-07-17,180.52,181.35,178.26,178.53,404300,177.13
2013-07-16,181.57,182.27,179.40,180.16,444800,178.75
2013-07-15,182.37,182.78,181.09,181.75,324200,180.32
2013-07-12,183.00,183.55,181.99,182.40,303500,180.97
2013-07-11,181.95,183.44,181.43,183.24,668800,181.80
2013-07-10,177.75,180.15,177.75,180.02,627600,178.61
2013-07-09,173.91,178.20,173.91,177.63,575100,176.23
2013-07-08,174.99,176.12,174.28,175.96,1203300,174.58
2013-07-05,173.85,174.88,172.32,174.03,1220500,172.66
2013-07-03,170.89,173.48,170.89,172.79,160500,171.43
2013-07-02,173.93,174.75,171.90,172.67,495900,171.31
2013-07-01,174.18,176.00,173.67,173.94,522400,172.57
2013-06-28,173.06,175.21,171.04,173.74,647700,172.38
2013-06-27,171.73,174.19,171.06,173.65,490500,172.29
2013-06-26,172.70,174.61,170.05,170.37,677900,168.64
2013-06-25,170.44,171.81,169.49,170.26,608000,168.13
2013-06-24,169.09,170.30,165.73,168.58,657900,166.47
2013-06-21,171.57,172.00,167.46,169.09,811400,166.97
2013-06-20,176.44,176.61,169.73,170.33,757700,168.20
2013-06-19,178.66,179.96,177.52,177.81,589200,175.59
2013-06-18,175.98,178.96,175.33,178.90,438500,176.66
2013-06-17,174.46,177.38,174.46,176.10,608700,173.90
2013-06-14,173.21,174.84,172.91,173.15,367100,170.98
2013-06-13,173.26,174.94,172.75,174.43,569100,172.25
2013-06-12,175.21,175.21,172.22,172.46,254800,170.30
2013-06-11,173.55,175.30,172.67,173.78,439300,171.61
2013-06-10,176.10,176.43,175.19,175.80,649800,173.60
2013-06-07,175.09,177.00,174.89,175.94,495900,173.74
2013-06-06,173.14,174.94,172.56,174.59,394600,172.41
2013-06-05,175.15,175.97,173.60,173.74,331600,171.57
2013-06-04,175.36,178.39,174.72,176.32,695100,174.11
2013-06-03,175.24,175.89,172.45,175.65,773800,173.45
2013-05-31,175.39,177.92,174.84,175.09,847700,172.90
2013-05-30,177.52,178.51,175.26,175.57,961200,173.37
2013-05-29,178.39,179.68,176.71,177.33,811100,175.11
2013-05-28,182.75,183.29,178.37,178.47,1091800,176.24
2013-05-24,182.64,183.20,180.10,180.97,1038600,178.71
2013-05-23,179.99,184.49,177.81,183.69,1439400,181.39
2013-05-22,189.28,192.03,187.91,188.06,1122500,185.71
2013-05-21,187.01,190.00,186.51,189.56,579800,187.19
2013-05-20,186.89,187.50,186.19,186.68,742100,184.34
2013-05-17,185.10,187.88,185.02,187.01,413000,184.67
2013-05-16,186.50,187.09,183.33,184.80,758200,182.49
2013-05-15,186.30,187.44,185.07,186.71,470400,184.37
2013-05-14,184.29,186.77,183.64,186.55,652800,184.22
2013-05-13,184.59,185.38,183.67,183.79,256500,181.49
2013-05-10,184.00,185.10,183.44,185.00,274500,182.69
2013-05-09,184.97,186.63,183.31,183.62,612700,181.32
2013-05-08,184.96,185.50,184.09,185.37,268300,183.05
2013-05-07,181.30,185.09,181.30,185.01,613200,182.70
2013-05-06,179.29,181.80,178.60,180.92,474300,178.66
2013-05-03,178.73,180.85,178.73,179.26,320300,177.02
2013-05-02,179.17,179.75,176.64,177.54,544100,175.32
2013-05-01,181.31,181.42,178.17,178.57,605300,176.34
2013-04-30,176.92,181.83,176.50,181.58,1117800,179.31
2013-04-29,175.72,177.34,174.57,177.00,589100,174.79
2013-04-26,174.97,175.71,173.85,175.60,349600,173.40
2013-04-25,171.88,176.08,171.88,175.38,501400,173.19
2013-04-24,171.07,171.95,169.86,171.44,494000,169.30
2013-04-23,167.51,171.12,167.51,170.75,865000,168.61
2013-04-22,169.01,169.46,165.38,165.93,779600,163.85
2013-04-19,168.24,169.96,167.97,169.14,446100,167.02
2013-04-18,168.95,169.05,166.34,167.35,381400,165.26
2013-04-17,169.81,169.91,167.34,168.57,514100,166.46
2013-04-16,172.00,172.30,169.21,171.28,391900,169.14
2013-04-15,173.26,174.91,170.76,170.85,602300,168.71
2013-04-12,174.22,174.69,172.33,174.02,350500,171.84
2013-04-11,172.99,175.94,172.51,174.99,426300,172.80
2013-04-10,170.68,173.15,170.23,172.60,280000,170.44
2013-04-09,169.65,170.82,168.82,170.08,264600,167.95
2013-04-08,168.52,169.87,167.50,169.60,293400,167.48
2013-04-05,166.89,169.20,165.33,168.73,481700,166.62
2013-04-04,168.70,169.64,168.31,169.62,313100,167.50
2013-04-03,168.38,170.47,167.35,168.73,676100,166.62
2013-04-02,167.02,169.02,166.90,167.93,559700,165.83
2013-04-01,169.12,169.60,166.29,166.75,748400,164.66
2013-03-28,169.27,169.60,167.91,169.31,558800,167.19
2013-03-27,166.97,170.03,165.91,169.71,725700,167.59
2013-03-26,167.42,167.90,165.87,167.57,538100,165.47
2013-03-25,168.86,169.33,165.90,167.44,751900,164.95
2013-03-22,169.72,170.49,167.64,168.41,706200,165.91
2013-03-21,169.15,170.71,168.23,168.59,644200,166.08
2013-03-20,168.55,171.11,167.28,170.51,883200,167.97
2013-03-19,169.66,170.26,165.77,167.20,772500,164.71
2013-03-18,169.67,171.28,168.87,169.22,700600,166.70
2013-03-15,172.32,174.29,171.19,171.30,625100,168.75
2013-03-14,173.66,174.22,172.61,173.16,671700,170.59
2013-03-13,175.07,175.57,172.65,173.03,879100,170.46
2013-03-12,175.85,176.58,174.35,174.41,426900,171.82
2013-03-11,176.87,177.44,176.29,176.50,451700,173.88
2013-03-08,178.00,178.00,176.27,177.46,319600,174.82
2013-03-07,177.81,178.69,176.78,177.18,603000,174.55
2013-03-06,176.43,178.38,176.43,177.42,606400,174.78
2013-03-05,175.00,177.21,174.51,177.09,630300,174.46
2013-03-04,173.23,174.81,172.76,174.40,670000,171.81
2013-03-01,172.55,174.65,171.63,174.17,685200,171.58
2013-02-28,173.09,174.79,172.11,173.47,503100,170.89
2013-02-27,170.53,173.77,170.38,173.31,483100,170.73
2013-02-26,170.08,172.64,168.47,170.12,585200,167.59
2013-02-25,171.96,173.78,168.87,168.88,617200,166.37
2013-02-22,170.88,172.18,170.36,171.12,614100,168.58
2013-02-21,172.49,173.06,170.11,170.62,567100,168.08
2013-02-20,176.07,176.98,173.27,173.51,618700,170.93
2013-02-19,176.29,177.62,175.56,177.04,633600,174.41
2013-02-15,175.82,177.44,175.12,176.07,903900,173.45
2013-02-14,175.32,175.41,173.23,174.86,835300,172.26
2013-02-13,176.99,177.76,175.32,175.63,557800,173.02
2013-02-12,177.36,178.34,176.53,176.79,522200,174.16
2013-02-11,177.50,178.45,176.20,177.01,893000,174.38
2013-02-08,176.74,179.11,176.66,177.56,1457000,174.92
2013-02-07,174.14,178.10,173.16,178.06,1681000,175.41
2013-02-06,175.01,179.90,173.99,174.63,3722100,172.03
2013-02-05,162.86,165.15,162.86,164.91,1487700,162.46
2013-02-04,161.60,164.46,160.71,162.38,1039400,159.97
2013-02-01,165.79,167.20,161.06,161.54,2181600,159.14
2013-01-31,165.40,166.94,163.76,166.48,1413600,164.00
2013-01-30,167.80,168.10,166.42,167.42,987700,164.93
2013-01-29,168.50,168.71,166.71,167.95,603300,165.45
2013-01-28,169.98,170.13,168.02,168.83,566600,166.32
2013-01-25,164.84,170.32,164.84,170.08,952900,167.55
2013-01-24,164.56,165.89,163.79,165.38,738200,162.92
2013-01-23,161.96,164.48,160.91,164.19,1494100,161.75
2013-01-22,168.11,168.11,163.45,165.32,1007700,162.86
2013-01-18,168.21,168.79,166.57,167.70,635600,165.21
2013-01-17,167.07,168.55,165.02,168.06,771000,165.56
2013-01-16,166.10,166.91,165.81,166.75,760200,164.27
2013-01-15,165.85,167.74,165.46,166.95,743300,164.47
2013-01-14,166.02,167.49,165.62,166.34,631200,163.87
2013-01-11,167.34,167.85,165.00,165.93,1140000,163.46
2013-01-10,163.74,167.99,163.18,167.48,1140900,164.99
2013-01-09,163.86,165.70,161.86,165.58,1262700,163.12
2013-01-08,161.56,163.60,161.05,162.25,965000,159.84
2013-01-07,159.76,162.84,159.56,161.52,1447900,159.12
2013-01-04,157.10,159.61,156.47,159.39,1102700,157.02
2013-01-03,152.75,158.68,152.75,157.21,1618700,154.87
2013-01-02,152.75,152.79,149.25,152.10,1483700,149.84
2012-12-31,146.58,150.13,146.58,149.92,516600,147.69
2012-12-28,148.72,149.48,146.40,147.01,678300,144.82
2012-12-27,145.74,149.09,145.64,148.34,1063900,146.13
2012-12-26,151.46,151.46,144.14,146.03,1158000,143.86
2012-12-24,153.74,153.74,150.10,151.08,252000,148.83
2012-12-21,149.76,151.56,147.53,151.26,973300,149.01
2012-12-20,153.19,153.19,149.04,151.36,724500,149.11
2012-12-19,152.86,154.65,151.59,153.30,809600,151.02
2012-12-18,153.36,154.63,152.22,152.58,861800,150.31
2012-12-17,150.42,153.62,148.96,153.60,1045100,151.32
2012-12-14,149.30,151.15,149.30,150.09,797200,147.86
2012-12-13,150.73,152.03,148.49,148.77,569800,146.56
2012-12-12,154.46,154.90,150.24,150.50,885300,147.87
2012-12-11,152.61,154.22,150.65,154.16,726700,151.46
2012-12-10,155.49,155.91,151.43,151.98,787600,149.32
2012-12-07,154.23,155.80,153.15,155.35,865200,152.63
2012-12-06,152.25,154.05,151.23,153.76,635800,151.07
2012-12-05,154.96,155.40,151.26,152.74,511200,150.07
2012-12-04,157.96,158.14,153.27,154.51,606900,151.81
2012-12-03,158.18,159.46,157.39,157.46,409200,154.71
2012-11-30,160.46,160.49,156.79,157.09,924200,154.34
2012-11-29,162.50,162.50,159.14,160.40,958100,157.60
2012-11-28,159.05,163.62,158.84,162.55,943100,159.71
2012-11-27,158.27,160.31,157.59,159.12,786500,156.34
2012-11-26,159.29,159.95,157.28,158.97,584700,156.19
2012-11-23,158.03,159.97,157.41,159.90,292700,157.10
2012-11-21,156.47,157.76,154.76,156.50,445200,153.76
2012-11-20,156.13,156.62,155.09,156.51,434000,153.77
2012-11-19,154.00,156.55,153.55,156.54,875300,153.80
2012-11-16,148.61,151.83,148.61,151.38,800100,148.73
2012-11-15,149.56,151.22,148.62,149.85,714800,147.23
2012-11-14,153.50,153.79,148.75,149.13,842100,146.52
2012-11-13,148.18,153.89,148.18,152.51,681700,149.84
2012-11-12,151.64,152.70,150.72,151.89,439400,149.23
2012-11-09,151.67,153.18,149.03,151.27,800300,148.62
2012-11-08,155.87,155.87,150.27,150.30,789400,147.67
2012-11-07,158.95,158.95,154.63,155.91,788700,153.18
2012-11-06,160.79,161.56,159.37,160.44,578900,157.63
2012-11-05,159.61,161.66,158.94,161.23,519400,158.41
2012-11-02,163.24,164.77,159.68,160.75,1511200,157.94
2012-11-01,155.00,159.46,153.19,159.04,1099900,156.26
2012-10-31,155.00,157.10,152.51,153.69,1215700,151.00
2012-10-26,153.75,154.96,150.66,152.52,824600,149.85
2012-10-25,155.60,156.32,152.56,153.75,854100,151.06
2012-10-24,156.84,156.95,152.49,154.52,805000,151.82
2012-10-23,158.04,158.04,154.14,155.24,927200,152.53
2012-10-22,159.29,159.93,156.55,159.00,678300,156.22
2012-10-19,164.20,164.99,161.37,161.93,618200,159.10
2012-10-18,162.88,165.41,162.05,164.20,614200,161.33
2012-10-17,164.55,164.99,162.49,163.02,711500,160.17
2012-10-16,160.00,164.01,159.71,163.84,695800,160.98
2012-10-15,156.06,159.88,155.65,159.81,686900,157.02
2012-10-12,155.81,157.06,154.31,154.85,871400,152.14
2012-10-11,158.74,159.33,155.20,155.54,956100,152.82
2012-10-10,157.43,159.65,155.40,155.98,694500,153.25
2012-10-09,155.98,157.92,154.19,154.22,451400,151.52
2012-10-08,156.83,158.61,155.82,156.30,406800,153.57
2012-10-05,159.00,160.25,157.14,157.57,734500,154.81
2012-10-04,154.53,158.85,153.97,158.02,1025400,155.26
2012-10-03,154.70,156.00,153.64,154.55,726400,151.85
2012-10-02,151.96,155.34,151.76,153.83,923600,151.14
2012-10-01,151.60,154.15,150.79,151.76,695500,149.11
2012-09-28,150.77,152.28,148.06,151.23,1114800,148.59
2012-09-27,151.86,153.43,149.75,151.97,810400,149.31
2012-09-26,151.22,152.34,148.51,150.91,606400,148.27
2012-09-25,153.93,155.00,151.39,151.49,643900,148.45
2012-09-24,155.25,155.28,153.33,153.66,442200,150.57
2012-09-21,160.71,160.71,155.02,155.85,885800,152.72
2012-09-20,153.89,158.27,153.12,155.47,673000,152.35
2012-09-19,159.02,159.90,158.05,159.04,548200,155.85
2012-09-18,162.62,162.62,158.41,158.99,631600,155.80
2012-09-17,162.92,163.25,161.02,162.85,552700,159.58
2012-09-14,161.26,164.28,159.89,162.91,1212100,159.64
2012-09-13,158.68,160.66,156.50,160.21,1127700,156.99
2012-09-12,156.45,158.67,156.45,158.59,1064800,155.41
2012-09-11,153.61,156.50,151.32,156.22,2566400,153.08
2012-09-10,161.00,161.98,159.79,160.31,960500,157.09
2012-09-07,159.00,162.03,157.95,161.08,1358500,157.85
2012-09-06,156.21,158.92,154.64,158.85,647800,155.66
2012-09-05,157.40,157.46,154.42,154.80,732200,151.69
2012-09-04,158.55,158.55,155.96,157.02,593000,153.87
2012-08-31,158.70,159.62,156.00,158.65,439900,155.46
2012-08-30,158.15,159.99,157.80,157.84,536900,154.67
2012-08-29,159.68,160.71,158.48,159.34,677300,156.14
2012-08-28,158.67,160.38,157.57,159.06,1074500,155.87
2012-08-27,159.80,160.04,158.16,158.60,1003000,155.42
2012-08-24,156.30,160.76,155.95,159.58,1240500,156.38
2012-08-23,156.76,157.27,155.54,156.48,964700,153.34
2012-08-22,156.18,158.64,156.18,158.03,1172600,154.86
2012-08-21,157.20,158.90,155.69,156.39,898600,153.25
2012-08-20,159.52,159.52,156.21,157.16,941300,154.00
2012-08-17,153.71,160.50,153.48,159.79,1737900,156.58
2012-08-16,152.90,153.53,151.49,152.40,814100,149.34
2012-08-15,152.06,153.95,151.69,152.51,546200,149.45
2012-08-14,154.12,154.86,151.70,152.22,828200,149.16
2012-08-13,150.12,153.31,149.76,153.01,863200,149.94
2012-08-10,147.17,150.52,147.17,150.16,813300,147.14
2012-08-09,148.45,150.60,148.27,148.43,983600,145.45
2012-08-08,145.00,152.80,142.39,151.35,3143100,148.31
2012-08-07,154.00,156.68,153.02,153.03,1552900,149.96
2012-08-06,146.10,150.62,146.10,150.06,1193000,147.05
2012-08-03,143.04,145.78,142.50,145.67,719300,142.74
2012-08-02,141.23,142.15,136.59,140.12,1588200,137.31
2012-08-01,145.56,145.56,141.82,142.33,980900,139.47
2012-07-31,143.82,145.62,142.33,144.34,1609900,141.44
2012-07-30,148.39,149.45,146.22,147.11,862800,144.16
2012-07-27,148.41,149.71,147.25,148.15,1199600,145.18
2012-07-26,146.45,148.40,143.63,147.54,1152200,144.58
2012-07-25,144.00,145.37,139.67,143.08,2266500,140.21
2012-07-24,147.72,148.45,144.18,145.07,923400,142.16
2012-07-23,146.69,148.09,144.14,147.26,516100,144.30
2012-07-20,150.00,150.74,147.54,149.08,1085600,146.09
2012-07-19,145.18,154.14,145.18,152.26,1661100,149.20
2012-07-18,140.35,145.75,139.02,144.48,1571100,141.58
2012-07-17,142.77,143.98,141.55,142.02,1052000,139.17
2012-07-16,140.11,143.10,138.85,142.00,1064100,139.15
2012-07-13,137.47,141.71,137.47,141.00,779200,138.17
2012-07-12,137.14,137.86,134.29,136.87,1148000,134.12
2012-07-11,142.70,142.71,136.91,138.78,1705900,135.99
2012-07-10,143.67,146.18,142.71,143.70,901900,140.81
2012-07-09,144.37,145.75,141.38,142.41,716100,139.55
2012-07-06,146.00,147.99,143.00,144.42,929800,141.52
2012-07-05,143.90,149.53,143.90,147.59,1661600,144.63
2012-07-03,140.55,144.61,140.02,144.57,808000,141.67
2012-07-02,140.16,140.62,138.81,140.48,1452000,137.66
2012-06-29,138.85,140.38,135.89,140.06,2028600,137.25
2012-06-28,136.58,137.14,134.48,136.60,2221100,133.86
2012-06-27,141.06,141.06,136.83,138.00,1275900,135.23
2012-06-26,140.71,141.83,137.91,141.00,973100,137.78
2012-06-25,141.00,142.41,140.00,140.89,1018400,137.67
2012-06-22,144.35,144.46,142.09,142.81,643600,139.55
2012-06-21,147.93,149.45,142.82,143.30,1364400,140.02
2012-06-20,147.12,148.08,145.76,147.65,1029400,144.27
2012-06-19,145.48,148.85,145.48,147.39,880100,144.02
2012-06-18,145.70,145.97,143.50,145.17,815800,141.85
2012-06-15,143.00,146.19,141.99,145.98,1225600,142.64
2012-06-14,140.40,143.26,139.82,142.72,1968200,139.46
2012-06-13,141.61,142.41,139.27,139.83,996900,136.63
2012-06-12,141.92,142.69,138.72,142.66,899100,139.40
2012-06-11,146.44,146.44,140.74,140.97,451400,137.75
2012-06-08,143.53,145.31,141.62,145.05,929200,141.73
2012-06-07,146.36,146.83,142.92,144.27,728300,140.97
2012-06-06,144.67,145.90,143.69,145.22,659200,141.90
2012-06-05,142.21,143.52,140.75,143.19,834500,139.92
2012-06-04,141.75,143.26,140.24,142.86,999200,139.59
2012-06-01,145.68,145.70,140.45,141.63,1364900,138.39
2012-05-31,148.50,149.51,146.28,148.80,1103500,145.40
2012-05-30,150.35,150.83,147.90,148.69,1270500,145.29
2012-05-29,151.46,152.31,150.03,152.03,1246100,148.55
2012-05-25,148.74,150.49,148.63,149.84,801400,146.41
2012-05-24,152.00,152.50,146.81,148.68,1335200,145.28
2012-05-23,147.50,151.36,144.54,149.89,2587600,146.46
2012-05-22,154.71,161.30,147.86,150.27,4650700,146.83
2012-05-21,142.06,146.61,141.85,146.30,2585500,142.96
2012-05-18,145.51,146.29,141.12,141.51,1372200,138.28
2012-05-17,149.97,150.31,144.12,144.30,1756200,141.00
2012-05-16,151.83,152.60,146.36,149.96,2346400,146.53
2012-05-15,157.82,158.14,151.35,151.53,1812800,148.07
2012-05-14,158.71,159.89,156.61,157.57,606400,153.97
2012-05-11,157.49,161.81,157.18,160.57,660500,156.90
2012-05-10,161.54,162.29,158.18,158.47,876800,154.85
2012-05-09,161.00,162.44,158.53,160.94,725200,157.26
2012-05-08,163.99,163.99,154.25,163.38,2713500,159.65
2012-05-07,167.74,170.79,167.36,168.71,556600,164.85
2012-05-04,171.24,173.17,167.81,168.54,717500,164.69
2012-05-03,176.70,177.76,174.02,174.45,571400,170.46
2012-05-02,171.55,177.30,171.32,177.00,514100,172.95
2012-05-01,172.39,174.85,171.51,172.27,506000,168.33
2012-04-30,172.75,173.00,170.96,172.27,424800,168.33
2012-04-27,171.48,174.69,170.43,173.20,840500,169.24
2012-04-26,167.50,171.47,166.40,171.12,550500,167.21
2012-04-25,165.73,167.70,164.46,167.52,729300,163.69
2012-04-24,168.29,168.65,162.42,164.20,1094000,160.45
2012-04-23,169.02,169.37,166.36,168.01,602100,164.17
2012-04-20,169.73,172.02,169.09,171.27,607300,167.35
2012-04-19,173.43,173.64,169.29,169.35,794600,165.48
2012-04-18,172.46,174.05,171.57,173.30,451300,169.34
2012-04-17,170.95,173.37,170.95,172.84,555300,168.89
2012-04-16,172.79,174.23,169.28,170.70,784400,166.80
2012-04-13,171.35,173.28,170.60,172.51,482400,168.57
2012-04-12,170.88,173.16,170.11,171.80,656600,167.87
2012-04-11,171.57,173.91,170.51,170.85,607100,166.94
2012-04-10,176.06,176.06,169.67,169.80,882500,165.92
2012-04-09,174.38,177.17,173.43,176.45,718800,172.42
2012-04-05,173.91,179.00,173.91,178.06,763100,173.99
2012-04-04,174.00,175.00,172.40,174.00,487300,170.02
2012-04-03,174.94,177.30,174.10,175.59,713500,171.58
2012-04-02,174.44,176.73,173.87,175.29,470400,171.28
2012-03-30,175.05,176.35,173.50,174.33,647100,170.34
2012-03-29,174.14,175.10,172.60,174.75,481600,170.76
2012-03-28,175.85,176.33,171.81,174.80,531000,170.80
2012-03-27,177.11,177.26,175.56,176.13,436800,171.91
2012-03-26,176.40,177.54,173.57,177.14,503900,172.89
2012-03-23,175.98,175.98,171.26,174.16,511600,169.99
2012-03-22,174.48,176.73,174.34,175.50,600900,171.29
2012-03-21,176.99,177.95,175.84,176.58,500500,172.35
2012-03-20,177.69,179.04,175.04,176.99,764600,172.75
2012-03-19,177.77,177.99,174.90,176.60,572800,172.37
2012-03-16,178.05,178.50,176.56,177.75,744800,173.49
2012-03-15,177.74,178.71,176.31,178.05,622100,173.78
2012-03-14,181.38,182.48,177.78,178.53,730200,174.25
2012-03-13,178.89,180.17,176.36,179.87,622000,175.56
2012-03-12,176.95,178.93,176.19,177.64,516500,173.38
2012-03-09,174.17,177.38,173.67,176.39,527800,172.16
2012-03-08,172.84,174.70,172.15,173.78,662500,169.61
2012-03-07,172.48,172.74,170.68,171.34,797700,167.23
2012-03-06,174.39,174.39,169.59,170.51,1362600,166.42
2012-03-05,176.20,177.95,175.11,176.78,543000,172.54
2012-03-02,177.50,178.19,175.98,176.61,521900,172.38
2012-03-01,174.87,178.31,174.77,177.91,706000,173.65
2012-02-29,175.28,176.10,173.50,173.73,643400,169.57
2012-02-28,174.34,175.14,172.95,174.70,419100,170.51
2012-02-27,171.86,176.25,171.25,174.46,633500,170.28
2012-02-24,173.48,173.71,172.34,173.32,567100,169.17
2012-02-23,171.71,173.85,171.52,173.24,688900,169.09
2012-02-22,172.09,172.90,171.29,171.51,896300,167.40
2012-02-21,174.56,174.97,170.92,172.58,620500,168.44
2012-02-17,174.99,176.73,173.96,174.47,643300,170.29
2012-02-16,173.99,176.47,173.05,174.43,881400,170.25
2012-02-15,175.00,176.00,172.36,172.62,1022500,168.48
2012-02-14,171.27,174.87,171.00,174.78,891500,170.59
2012-02-13,173.05,174.49,171.26,172.37,853500,168.24
2012-02-10,169.95,174.10,169.95,172.60,1274700,168.46
2012-02-09,171.60,175.98,168.20,172.54,2000900,168.40
2012-02-08,170.71,178.47,170.02,171.49,5736700,167.38
2012-02-07,157.00,158.00,154.51,157.07,1257900,153.31
2012-02-06,155.58,157.81,154.48,157.41,881200,153.64
2012-02-03,154.72,156.87,154.00,155.97,797500,152.23
2012-02-02,153.17,156.00,152.45,153.00,667700,149.33
2012-02-01,152.86,154.66,152.25,153.91,1269800,150.22
2012-01-31,151.91,153.12,151.16,152.00,905600,148.36
2012-01-30,150.50,151.39,149.09,151.00,724800,147.38
2012-01-27,149.80,152.38,148.74,151.52,572700,147.89
2012-01-26,151.73,152.94,149.13,150.28,609300,146.68
2012-01-25,149.80,152.47,148.69,151.73,644800,148.09
2012-01-24,145.76,151.99,145.76,150.73,1439000,147.12
2012-01-23,145.91,147.90,143.04,145.97,770700,142.47
2012-01-20,147.16,147.82,146.07,146.94,710800,143.42
2012-01-19,146.11,147.10,144.81,146.67,1310500,143.15
2012-01-18,142.55,146.03,140.70,145.71,922100,142.22
2012-01-17,144.98,145.65,141.59,142.19,914600,138.78
2012-01-13,143.47,145.24,143.22,143.67,503000,140.23
2012-01-12,143.70,144.64,141.29,144.44,860200,140.98
2012-01-11,144.08,145.44,143.09,144.54,999600,141.08
2012-01-10,145.73,147.69,141.82,147.32,1594000,143.79
2012-01-09,145.55,147.50,144.26,146.36,1539000,142.85
2012-01-06,141.70,141.80,139.79,140.70,578700,137.33
2012-01-05,141.31,142.55,138.00,142.16,1059100,138.75
2012-01-04,137.04,144.21,137.04,142.88,1027400,139.46
2012-01-03,140.84,141.72,136.92,137.12,751500,133.83
2011-12-30,138.38,139.25,137.71,138.08,470500,134.77
2011-12-29,138.82,139.46,137.58,138.40,564100,135.08
2011-12-28,140.27,141.05,138.50,138.72,466000,135.39
2011-12-27,138.83,141.84,137.66,140.64,354500,137.07
2011-12-23,136.60,139.35,136.07,139.30,551200,135.77
2011-12-22,136.92,137.31,135.35,135.97,464200,132.52
2011-12-21,136.76,137.38,135.80,136.62,722300,133.16
2011-12-20,138.12,138.50,136.46,137.30,875500,133.82
2011-12-19,139.66,140.49,135.72,135.98,800600,132.53
2011-12-16,141.31,141.94,138.26,139.13,916400,135.60
2011-12-15,140.00,140.92,137.57,140.11,761600,136.56
2011-12-14,140.25,140.64,137.11,138.88,1191700,135.36
2011-12-13,145.82,146.54,139.47,141.01,685300,137.43
2011-12-12,145.30,146.10,143.47,145.20,785400,141.52
2011-12-09,146.29,147.99,143.58,147.18,797000,143.45
2011-12-08,148.55,150.00,145.65,146.34,807900,142.63
2011-12-07,150.67,151.51,148.19,149.35,924300,145.56
2011-12-06,150.62,152.00,149.52,150.63,1100200,146.81
2011-12-05,147.30,151.60,146.50,150.15,1650100,146.34
2011-12-02,145.09,148.08,144.36,144.71,770900,141.04
2011-12-01,140.89,143.99,139.83,143.32,1591000,139.69
2011-11-30,146.19,146.85,139.88,141.86,1602100,138.26
2011-11-29,143.49,143.57,139.75,140.66,1736300,137.09
2011-11-28,143.32,146.75,143.32,145.34,972900,141.65
2011-11-25,141.27,142.05,138.80,138.80,561000,135.28
2011-11-23,140.09,142.91,138.08,141.79,985000,138.19
2011-11-22,142.40,143.68,140.99,142.18,772600,138.57
2011-11-21,143.30,144.01,140.90,143.04,1315500,139.41
2011-11-18,149.66,149.72,145.38,146.22,1061800,142.51
2011-11-17,151.90,152.59,146.84,148.22,1490500,144.46
2011-11-16,153.58,154.94,151.55,152.00,935300,148.15
2011-11-15,155.86,157.06,153.82,155.41,888800,151.47
2011-11-14,154.80,157.57,154.26,156.11,850100,152.15
2011-11-11,153.19,156.67,150.85,155.50,1006700,151.56
2011-11-10,152.10,153.47,148.31,151.22,1201400,147.39
2011-11-09,149.05,151.82,147.00,149.94,3180300,146.14
2011-11-08,158.76,160.40,154.80,159.05,1621300,155.02
2011-11-07,156.82,159.23,154.00,157.32,958500,153.33
2011-11-04,155.52,158.42,154.75,157.34,936700,153.35
2011-11-03,157.62,158.75,150.02,157.39,2413000,153.40
2011-11-02,159.48,160.55,157.24,159.54,898200,155.49
2011-11-01,154.35,158.95,153.75,157.31,1328500,153.32
2011-10-31,160.68,164.55,158.77,158.79,1213000,154.76
2011-10-28,158.48,162.98,157.20,162.07,967000,157.96
2011-10-27,158.70,161.43,156.28,159.27,1493900,155.23
2011-10-26,155.19,155.87,150.03,153.24,987000,149.35
2011-10-25,155.78,156.89,153.01,153.61,873300,149.71
2011-10-24,151.77,159.37,151.77,157.55,1581700,153.55
2011-10-21,146.96,150.77,146.96,150.74,1225600,146.92
2011-10-20,142.78,146.70,141.39,145.28,1116300,141.60
2011-10-19,147.56,148.24,143.29,143.73,957700,140.09
2011-10-18,146.05,149.53,139.08,148.32,1790900,144.56
2011-10-17,148.00,148.55,143.88,144.27,667200,140.61
2011-10-14,147.67,148.75,146.27,148.22,824500,144.46
2011-10-13,143.34,146.29,143.32,145.75,644400,142.05
2011-10-12,144.66,146.51,143.84,144.85,1085400,141.18
2011-10-11,142.89,144.46,142.17,143.28,960700,139.65
2011-10-10,142.45,145.68,142.37,144.82,1035100,141.15
2011-10-07,141.88,143.66,138.89,141.05,1400500,137.47
2011-10-06,135.00,141.69,134.81,141.29,1712800,137.71
2011-10-05,131.03,133.40,128.61,132.88,1266300,129.51
2011-10-04,123.78,132.14,121.30,131.68,1900000,128.34
2011-10-03,126.91,132.28,125.64,125.67,1393000,122.48
2011-09-30,137.21,137.21,129.08,129.70,2383900,126.41
2011-09-29,145.70,145.93,134.00,139.80,1926000,136.26
2011-09-28,144.43,147.48,143.21,143.56,1731800,139.92
2011-09-27,150.00,152.39,147.90,148.77,1356200,144.80
2011-09-26,147.00,147.38,142.29,146.82,1315300,142.90
2011-09-23,142.58,147.15,142.58,146.53,1016600,142.62
2011-09-22,140.99,145.10,137.82,143.70,3154400,139.87
2011-09-21,151.83,153.28,146.67,146.83,1283300,142.91
2011-09-20,152.04,154.62,150.02,151.77,2042300,147.72
2011-09-19,145.03,151.70,144.74,150.52,1588700,146.51
2011-09-16,147.52,148.49,144.68,147.37,1667000,143.44
2011-09-15,144.10,148.54,143.63,147.86,1871300,143.92
2011-09-14,138.72,145.16,135.69,143.22,2016300,139.40
2011-09-13,135.03,139.00,133.50,138.49,845300,134.80
2011-09-12,132.50,135.83,131.17,134.95,999300,131.35
2011-09-09,135.27,138.54,132.51,133.98,1374700,130.41
2011-09-08,135.50,139.76,135.43,137.32,1185400,133.66
2011-09-07,132.93,136.93,131.71,136.80,707300,133.15
2011-09-06,127.46,131.27,126.19,131.04,1138300,127.55
2011-09-02,133.58,135.29,131.26,131.83,712700,128.31
2011-09-01,136.76,139.18,134.70,135.75,907000,132.13
2011-08-31,136.98,139.73,135.58,137.11,1279400,133.45
2011-08-30,134.91,136.67,133.87,135.82,980800,132.20
2011-08-29,132.86,135.73,132.74,135.60,1188800,131.98
2011-08-26,128.15,132.15,127.14,131.65,1258800,128.14
2011-08-25,133.39,134.16,128.91,129.26,1291900,125.81
2011-08-24,129.84,132.94,128.78,132.84,1229700,129.30
2011-08-23,121.10,130.63,120.09,130.51,2174600,127.03
2011-08-22,122.98,124.60,119.41,121.11,1897200,117.88
2011-08-19,125.11,129.73,121.00,121.12,2113800,117.89
2011-08-18,129.58,129.62,124.31,126.94,2349100,123.55
2011-08-17,138.57,138.99,132.11,133.74,2017900,130.17
2011-08-16,139.00,141.71,136.38,137.59,2026200,133.92
2011-08-15,138.45,140.91,137.10,140.69,1930300,136.94
2011-08-12,132.81,139.09,131.75,137.68,2346700,134.01
2011-08-11,127.30,132.38,126.59,130.55,2543600,127.07
2011-08-10,128.99,132.30,123.10,125.28,6254500,121.94
2011-08-09,116.62,120.28,105.11,119.85,4792300,116.65
2011-08-08,120.67,123.90,113.95,114.16,2416200,111.12
2011-08-05,122.34,125.51,119.61,124.52,1867600,121.20
2011-08-04,127.21,128.67,120.25,120.27,1559300,117.06
2011-08-03,127.17,129.67,123.97,129.52,1635600,126.07
2011-08-02,133.85,134.87,126.28,126.60,1862100,123.22
2011-08-01,136.92,136.92,133.00,135.45,910400,131.84
2011-07-29,134.18,135.93,133.50,135.07,851800,131.47
2011-07-28,133.61,137.73,133.46,135.58,988100,131.96
2011-07-27,137.24,137.31,132.62,133.03,692700,129.48
2011-07-26,138.08,138.50,136.15,137.40,594900,133.74
2011-07-25,137.89,139.60,137.40,138.53,383200,134.84
2011-07-22,140.00,140.22,138.77,139.39,289000,135.67
2011-07-21,139.41,141.37,138.97,140.09,1041100,136.35
2011-07-20,137.72,138.71,136.71,138.20,924500,134.51
2011-07-19,135.97,138.00,135.34,137.92,580500,134.24
2011-07-18,134.73,136.16,133.81,134.54,878500,130.95
2011-07-15,135.54,135.54,133.52,134.77,624600,131.18
2011-07-14,134.74,135.51,133.30,135.02,699300,131.42
2011-07-13,134.93,135.87,133.90,134.50,845700,130.91
2011-07-12,133.83,135.11,133.54,134.04,809800,130.47
2011-07-11,135.37,137.20,133.24,134.30,895400,130.72
2011-07-08,137.06,138.50,136.38,137.61,677400,133.94
2011-07-07,137.67,140.29,137.58,139.19,849600,135.48
2011-07-06,135.18,137.08,134.77,135.93,532300,132.31
2011-07-05,134.50,136.13,133.00,135.54,618500,131.93
2011-07-01,132.10,134.57,131.50,134.30,713000,130.72
2011-06-30,131.12,133.59,131.03,132.61,887000,129.07
2011-06-29,129.78,132.54,128.49,131.03,1004600,127.54
2011-06-28,126.62,130.03,126.62,129.90,949500,126.24
2011-06-27,126.12,127.25,125.50,126.21,1109000,122.66
2011-06-24,127.75,128.51,125.13,125.58,951400,122.04
2011-06-23,125.76,128.18,123.81,127.95,1800000,124.35
2011-06-22,127.78,129.46,126.82,127.19,868600,123.61
2011-06-21,127.35,128.10,126.41,127.83,752700,124.23
2011-06-20,123.19,127.12,122.92,126.16,828300,122.61
2011-06-17,124.00,124.65,122.75,124.04,1397700,120.55
2011-06-16,120.57,122.40,119.35,122.26,1336900,118.82
2011-06-15,120.99,121.75,120.13,120.57,1357500,117.17
2011-06-14,121.65,122.77,121.06,122.48,917700,119.03
2011-06-13,120.28,122.92,119.68,120.46,1097600,117.07
2011-06-10,121.00,121.51,119.32,119.63,997500,116.26
2011-06-09,119.92,122.81,119.92,121.83,1075800,118.40
2011-06-08,121.10,121.88,118.73,119.49,1491800,116.12
2011-06-07,122.24,123.45,121.95,122.07,1628700,118.63
2011-06-06,122.30,123.30,120.39,121.35,1699300,117.93
2011-06-03,119.25,124.59,119.25,122.74,1632500,119.28
2011-06-02,122.50,123.50,120.74,120.84,1899000,117.44
2011-06-01,126.12,127.35,121.38,121.45,3344200,118.03
2011-05-31,126.11,127.86,125.43,126.77,3963800,123.20
2011-05-27,118.42,126.60,118.42,126.43,4497900,122.87
2011-05-26,116.21,118.55,114.91,118.32,3573900,114.99
2011-05-25,117.95,122.20,114.60,114.70,8424000,111.47
2011-05-24,128.98,133.42,127.81,129.39,1698300,125.75
2011-05-23,129.25,130.18,127.75,128.62,1008700,125.00
2011-05-20,134.77,135.55,128.89,130.21,1658100,126.54
2011-05-19,134.72,136.50,134.05,136.10,660500,132.27
2011-05-18,131.49,134.02,131.49,134.01,434400,130.24
2011-05-17,131.29,132.38,129.53,131.36,575400,127.66
2011-05-16,132.97,134.15,131.98,132.25,419900,128.52
2011-05-13,134.87,135.74,133.19,133.31,488400,129.56
2011-05-12,131.93,134.66,130.98,134.58,627000,130.79
2011-05-11,132.78,133.73,130.42,131.87,418200,128.16
2011-05-10,130.32,133.23,130.03,132.69,718200,128.95
2011-05-09,129.59,130.45,128.89,129.56,326000,125.91
2011-05-06,130.44,131.45,128.35,129.61,631100,125.96
2011-05-05,127.28,130.46,126.80,130.02,709800,126.36
2011-05-04,127.70,129.10,126.99,128.27,582000,124.66
2011-05-03,129.24,129.92,126.87,127.76,439400,124.16
2011-05-02,131.52,132.40,128.70,129.29,515300,125.65
2011-04-29,131.64,131.84,130.07,130.77,650000,127.09
2011-04-28,132.21,132.43,131.14,131.56,493500,127.85
2011-04-27,131.68,132.62,130.84,132.31,374400,128.58
2011-04-26,132.48,132.73,130.66,130.99,560000,127.30
2011-04-25,132.76,134.14,131.74,132.24,297400,128.52
2011-04-21,132.00,133.47,131.01,133.00,420900,129.25
2011-04-20,130.20,133.03,129.82,131.77,642400,128.06
2011-04-19,127.88,130.50,127.88,128.49,708000,124.87
2011-04-18,127.46,127.94,125.51,127.38,662400,123.79
2011-04-15,128.67,129.94,127.79,129.00,553200,125.37
2011-04-14,127.46,128.75,126.61,128.00,475500,124.39
2011-04-13,125.17,128.88,125.00,128.39,713800,124.77
2011-04-12,123.44,124.93,123.19,124.31,334300,120.81
2011-04-11,123.80,125.25,123.07,124.48,400800,120.97
2011-04-08,126.32,126.74,122.49,123.60,582500,120.12
2011-04-07,125.38,127.32,124.50,126.08,534000,122.53
2011-04-06,128.82,129.39,125.07,125.49,622000,121.96
2011-04-05,127.47,130.19,127.13,128.59,599200,124.97
2011-04-04,126.89,128.82,125.93,128.00,723900,124.39
2011-04-01,124.52,127.89,124.22,126.63,838300,123.06
2011-03-31,124.36,124.63,122.98,123.65,502300,120.17
2011-03-30,123.75,125.28,123.33,124.85,589100,121.33
2011-03-29,119.61,123.57,119.43,123.52,586400,119.85
2011-03-28,120.69,122.28,119.34,119.43,678200,115.88
2011-03-25,120.09,122.13,119.77,120.51,683800,116.93
2011-03-24,120.66,120.66,118.65,119.64,535400,116.08
2011-03-23,118.06,119.91,117.13,119.48,431200,115.93
2011-03-22,119.93,120.61,118.27,118.49,743300,114.97
2011-03-21,119.43,120.67,117.36,119.75,1013200,116.19
2011-03-18,122.21,122.21,116.65,117.29,2343200,113.80
2011-03-17,123.00,123.13,121.29,121.69,1099200,118.07
2011-03-16,122.93,123.55,120.14,121.18,1276800,117.58
2011-03-15,119.85,123.88,119.09,123.19,1673600,119.53
2011-03-14,126.41,126.60,122.66,123.72,1021600,120.04
2011-03-11,123.96,127.97,123.55,127.23,776200,123.45
2011-03-10,125.15,127.21,124.26,125.51,709000,121.78
2011-03-09,126.02,127.50,125.10,126.78,546500,123.01
2011-03-08,124.87,126.94,123.81,126.60,747000,122.83
2011-03-07,126.06,126.44,123.39,124.62,469800,120.91
2011-03-04,126.45,126.60,124.21,125.29,637500,121.56
2011-03-03,125.83,127.04,125.41,126.46,624800,122.70
2011-03-02,124.11,125.13,123.01,124.29,743300,120.59
2011-03-01,126.91,127.48,123.31,124.10,1041300,120.41
2011-02-28,125.43,127.16,125.28,126.71,811200,122.94
2011-02-25,124.42,126.08,123.97,125.29,819800,121.56
2011-02-24,121.93,124.44,121.54,123.79,1112700,120.11
2011-02-23,123.94,123.98,120.77,122.10,1418100,118.47
2011-02-22,126.49,127.83,123.63,123.78,985500,120.10
2011-02-18,125.05,128.02,125.03,127.98,918000,124.17
2011-02-17,124.93,126.50,124.01,124.92,730300,121.20
2011-02-16,125.75,126.71,125.15,125.56,488800,121.83
2011-02-15,125.72,127.32,124.52,125.04,851500,121.32
2011-02-14,126.87,128.56,126.07,126.46,902000,122.70
2011-02-11,126.24,127.63,125.63,126.87,663600,123.10
2011-02-10,124.51,127.50,124.06,126.98,1612700,123.20
2011-02-09,120.41,128.04,120.25,125.35,3488800,121.62
2011-02-08,114.25,115.87,113.87,115.77,1132000,112.33
2011-02-07,112.66,115.15,112.56,113.84,870700,110.45
2011-02-04,108.76,112.98,108.59,112.56,1545400,109.21
2011-02-03,106.86,109.87,106.86,108.59,721500,105.36
2011-02-02,106.62,107.00,105.33,106.82,702400,103.64
2011-02-01,107.90,108.42,106.60,106.91,1217600,103.73
2011-01-31,104.23,107.54,104.12,107.18,1142000,103.99
2011-01-28,105.69,106.55,103.40,103.98,737000,100.89
2011-01-27,106.30,106.48,105.38,105.44,640100,102.30
2011-01-26,105.00,106.84,103.38,106.08,909700,102.93
2011-01-25,104.24,104.59,102.33,104.45,680800,101.34
2011-01-24,104.31,105.36,103.94,104.75,592500,101.63
2011-01-21,105.39,105.87,103.29,103.95,908400,100.86
2011-01-20,105.54,107.00,104.11,105.00,1292500,101.88
2011-01-19,109.51,109.51,105.56,105.69,1000900,102.55
2011-01-18,110.06,110.86,108.78,109.56,504400,106.30
2011-01-14,108.07,110.30,107.72,110.01,527100,106.74
2011-01-13,108.36,108.59,107.80,108.51,446700,105.28
2011-01-12,108.39,108.78,107.70,108.64,470200,105.41
2011-01-11,108.32,108.51,107.03,107.75,597700,104.55
2011-01-10,106.49,107.94,105.76,107.59,662600,104.39
2011-01-07,107.99,107.99,105.02,106.76,838800,103.58
2011-01-06,108.16,109.14,107.21,107.94,777600,104.73
2011-01-05,108.18,109.85,107.70,108.30,1695100,105.08
2011-01-04,113.49,114.54,108.17,108.36,2161800,105.14
2011-01-03,112.08,112.29,111.20,111.69,854400,108.37
2010-12-31,112.51,112.51,110.86,110.92,326500,107.62
2010-12-30,111.36,112.77,111.26,112.57,361800,109.22
2010-12-29,112.22,112.42,111.34,111.53,611700,108.21
2010-12-28,112.73,113.29,111.50,112.28,571600,108.84
2010-12-27,111.43,113.02,110.69,112.82,334800,109.37
2010-12-23,113.27,113.79,110.75,111.65,1023500,108.23
2010-12-22,115.07,115.13,113.36,113.77,575300,110.29
2010-12-21,113.87,115.45,113.08,115.32,675700,111.79
2010-12-20,114.29,114.76,112.86,113.59,859800,110.11
2010-12-17,113.04,114.50,112.70,114.16,1325700,110.67
2010-12-16,111.93,113.26,111.03,113.26,654200,109.79
2010-12-15,111.42,112.07,111.18,111.92,840600,108.49
2010-12-14,111.79,112.82,111.28,111.82,685100,108.40
2010-12-13,113.61,114.01,111.64,111.74,1113000,108.32
2010-12-10,112.32,113.10,111.64,112.99,551200,109.53
2010-12-09,113.48,113.95,112.68,113.02,573300,109.56
2010-12-08,111.73,113.01,111.29,112.76,516800,109.31
2010-12-07,112.30,113.37,111.78,111.85,1165200,108.43
2010-12-06,111.94,112.40,110.77,111.25,546800,107.85
2010-12-03,112.95,113.41,111.20,112.12,766500,108.69
2010-12-02,110.57,113.21,110.57,113.05,810200,109.59
2010-12-01,111.28,111.76,110.21,110.59,656700,107.21
2010-11-30,107.86,109.91,107.34,109.24,1075300,105.90
2010-11-29,108.94,109.05,106.90,108.70,683700,105.37
2010-11-26,108.94,110.45,108.75,109.82,400700,106.46
2010-11-24,107.83,109.87,107.53,109.82,1111200,106.46
2010-11-23,106.48,107.14,105.57,106.56,965600,103.30
2010-11-22,106.60,108.02,106.37,107.78,383700,104.48
2010-11-19,106.47,107.50,105.62,107.16,571800,103.88
2010-11-18,106.37,107.15,106.00,106.26,1128400,103.01
2010-11-17,102.65,105.75,102.39,105.42,1097900,102.19
2010-11-16,103.74,105.13,101.83,102.45,762600,99.31
2010-11-15,104.07,106.59,103.89,104.35,895200,101.16
2010-11-12,104.28,106.26,102.79,103.71,1097700,100.54
2010-11-11,106.22,107.14,104.98,106.50,1760400,103.24
2010-11-10,107.00,109.28,105.73,108.28,4197700,104.97
2010-11-09,101.49,101.87,100.19,100.92,1446200,97.83
2010-11-08,99.50,101.42,99.38,101.07,1060300,97.98
2010-11-05,98.89,100.62,98.89,99.62,769700,96.57
2010-11-04,97.99,99.40,97.01,99.33,1251000,96.29
2010-11-03,96.85,97.22,95.16,96.63,853400,93.67
2010-11-02,97.56,97.62,96.58,97.00,659700,94.03
2010-11-01,97.33,97.44,95.82,96.46,746600,93.51
2010-10-29,94.15,97.79,93.97,96.88,1548900,93.92
2010-10-28,95.17,95.17,92.92,93.92,1072600,91.05
2010-10-27,95.43,96.00,92.70,94.32,1605800,91.43
2010-10-26,94.41,96.92,93.91,96.49,1333900,93.54
2010-10-25,94.72,95.78,94.67,94.83,744400,91.93
2010-10-22,93.27,94.25,93.14,94.03,437700,91.15
2010-10-21,94.21,95.05,92.35,93.15,516700,90.30
2010-10-20,92.80,94.35,92.73,93.62,655700,90.75
2010-10-19,93.48,94.87,92.26,93.14,1152700,90.29
2010-10-18,95.40,95.98,94.21,95.66,637300,92.73
2010-10-15,94.86,95.66,93.90,95.27,744000,92.35
2010-10-14,94.41,94.90,93.24,94.07,468600,91.19
2010-10-13,94.37,95.41,93.67,94.40,616800,91.51
2010-10-12,93.28,94.00,92.62,93.72,650400,90.85
2010-10-11,93.07,94.27,93.07,93.72,720200,90.85
2010-10-08,91.01,94.16,90.98,92.91,851500,90.07
2010-10-07,92.03,92.63,90.57,91.08,1156100,88.29
2010-10-06,92.80,92.99,90.17,91.63,955100,88.83
2010-10-05,92.34,93.37,91.81,92.96,785300,90.12
2010-10-04,90.00,91.32,89.66,91.25,1132000,88.46
2010-10-01,90.79,90.83,89.34,90.31,704800,87.55
2010-09-30,90.83,91.76,88.99,89.86,955700,87.11
2010-09-29,91.67,91.67,89.86,90.09,716900,87.33
2010-09-28,89.23,91.41,87.95,91.09,677400,88.21
2010-09-27,89.16,90.11,88.79,89.00,643600,86.18
2010-09-24,87.42,89.51,87.42,89.26,921800,86.43
2010-09-23,87.51,87.79,85.81,86.04,1327600,83.32
2010-09-22,89.13,89.45,87.14,87.83,1060900,85.05
2010-09-21,89.81,90.07,88.45,89.19,1114900,86.37
2010-09-20,87.68,89.92,87.12,89.82,1059800,86.98
2010-09-17,86.53,87.77,86.31,87.67,1481700,84.89
2010-09-16,85.60,86.45,85.45,86.39,1062400,83.65
2010-09-15,84.40,85.93,84.25,85.83,721100,83.11
2010-09-14,83.08,85.87,82.99,85.10,1076200,82.41
2010-09-13,82.59,83.58,82.08,83.33,515800,80.69
2010-09-10,81.51,82.25,80.95,81.54,644900,78.96
2010-09-09,82.70,82.83,81.08,81.46,534300,78.88
2010-09-08,80.34,82.00,80.28,81.38,596500,78.80
2010-09-07,80.63,81.20,79.80,80.19,596600,77.65
2010-09-03,81.03,82.20,80.72,81.09,809400,78.52
2010-09-02,79.03,80.52,78.90,79.91,834800,77.38
2010-09-01,76.88,79.22,76.88,78.84,811500,76.34
2010-08-31,75.01,77.04,74.50,75.74,1544900,73.34
2010-08-30,78.10,78.18,75.37,75.46,1188800,73.07
2010-08-27,77.59,78.50,76.08,78.22,1412600,75.74
2010-08-26,81.61,81.92,77.06,77.14,1856300,74.70
2010-08-25,79.79,81.59,79.20,81.35,512700,78.77
2010-08-24,81.58,81.63,79.86,80.55,942400,78.00
2010-08-23,83.01,84.00,82.27,82.91,1040500,80.28
2010-08-20,81.90,83.24,81.15,83.04,919900,80.41
2010-08-19,82.78,83.20,81.45,82.72,987100,80.10
2010-08-18,82.13,83.78,81.93,83.14,739700,80.51
2010-08-17,80.70,83.24,80.63,82.46,1061300,79.85
2010-08-16,79.58,80.60,79.23,79.78,726300,77.25
2010-08-13,81.16,81.30,80.00,80.36,586300,77.82
2010-08-12,79.86,81.45,79.86,81.37,1230700,78.79
2010-08-11,83.19,83.19,81.11,81.77,1238700,79.18
2010-08-10,85.69,86.68,84.11,84.82,916200,82.13
2010-08-09,86.20,87.30,85.93,86.55,1479100,83.81
2010-08-06,82.72,85.84,82.72,85.79,1444900,83.07
2010-08-05,84.87,86.00,83.76,84.29,1653600,81.62
2010-08-04,82.04,85.88,80.00,85.47,3270400,82.76
2010-08-03,81.44,81.51,79.10,79.31,1613400,76.80
2010-08-02,80.58,82.20,80.45,81.64,1195400,79.05
2010-07-30,77.15,79.40,76.82,79.01,851600,76.51
2010-07-29,78.97,79.55,77.24,78.30,840100,75.82
2010-07-28,80.10,80.34,78.00,78.53,1354700,76.04
2010-07-27,82.17,82.57,79.56,80.12,1089300,77.58
2010-07-26,79.67,82.01,79.11,81.97,1225000,79.37
2010-07-23,76.35,79.54,75.83,79.22,1306300,76.71
2010-07-22,74.43,77.50,74.34,76.47,1148200,74.05
2010-07-21,74.58,75.04,73.19,73.31,961400,70.99
2010-07-20,71.61,74.59,71.39,74.39,1090600,72.03
2010-07-19,73.69,74.02,72.28,72.90,1483600,70.59
2010-07-16,76.68,76.71,73.67,73.90,1080200,71.56
2010-07-15,77.04,77.37,75.35,77.18,778100,74.74
2010-07-14,77.17,77.83,76.36,77.19,580900,74.75
2010-07-13,77.22,77.96,76.54,77.68,1156900,75.22
2010-07-12,77.00,77.21,75.47,76.12,892500,73.71
2010-07-09,77.88,77.90,76.12,77.16,866200,74.72
2010-07-08,75.94,77.49,75.68,77.22,2080400,74.77
2010-07-07,72.54,75.15,71.77,74.96,1369000,72.59
2010-07-06,74.00,74.61,71.12,71.93,1281800,69.65
2010-07-02,74.34,74.90,72.61,73.12,1119900,70.80
2010-07-01,73.32,74.32,71.14,73.95,2331500,71.61
2010-06-30,73.40,74.61,72.51,72.96,1503900,70.65
2010-06-29,75.71,75.71,72.91,73.40,2137400,70.98
2010-06-28,77.29,78.31,76.70,77.04,900600,74.50
2010-06-25,76.72,78.18,76.41,77.27,1731500,74.72
2010-06-24,78.43,78.53,76.08,76.52,2142600,74.00
2010-06-23,78.44,79.58,76.68,78.83,2945700,76.23
2010-06-22,79.95,81.00,77.93,78.18,2187400,75.60
2010-06-21,81.21,82.01,79.42,79.88,2430200,77.24
2010-06-18,80.93,81.30,80.32,80.45,1713900,77.80
2010-06-17,80.40,81.00,80.11,80.85,2294900,78.18
2010-06-16,80.14,80.81,80.00,80.12,7336900,77.48
2010-06-15,82.94,83.10,81.11,82.44,2485100,79.72
2010-06-14,84.00,85.00,83.71,84.17,1038000,81.39
2010-06-11,82.12,84.20,82.05,83.45,1048300,80.70
2010-06-10,81.70,83.57,81.64,83.20,1081600,80.46
2010-06-09,79.89,82.46,79.75,80.27,1697800,77.62
2010-06-08,78.90,79.89,77.20,79.41,1557000,76.79
2010-06-07,82.23,82.30,78.42,78.60,2051600,76.01
2010-06-04,85.13,85.13,81.05,81.78,1419400,79.08
2010-06-03,85.63,87.49,85.52,86.34,1036700,83.49
2010-06-02,82.58,85.90,82.56,85.84,1667000,83.01
2010-06-01,86.13,87.66,84.48,84.55,917600,81.76
2010-05-28,87.92,88.94,86.39,86.86,722300,83.99
2010-05-27,86.78,88.35,86.59,88.28,901000,85.37
2010-05-26,86.53,87.19,85.17,85.23,1604400,82.42
2010-05-25,83.15,85.94,81.30,85.60,1942600,82.78
2010-05-24,83.77,85.73,83.63,84.92,1571100,82.12
2010-05-21,83.42,86.52,83.42,84.27,2539100,81.49
2010-05-20,85.72,86.82,84.65,85.01,4014100,82.21
2010-05-19,82.99,89.26,82.70,88.10,5850700,85.19
2010-05-18,87.92,89.48,85.48,85.78,1802600,82.95
2010-05-17,89.42,90.01,84.52,86.98,2332800,84.11
2010-05-14,89.22,90.51,88.05,89.32,1559300,86.37
2010-05-13,91.92,92.42,89.71,90.18,757500,87.21
2010-05-12,89.75,92.07,89.37,91.92,611100,88.89
2010-05-11,88.10,90.31,88.10,89.03,1543800,86.09
2010-05-10,86.41,89.83,86.41,89.59,1198800,86.63
2010-05-07,84.46,86.20,80.83,82.74,1892200,80.01
2010-05-06,88.80,89.33,80.34,85.28,1865900,82.47
2010-05-05,89.52,91.66,88.46,89.41,1179000,86.46
2010-05-04,91.34,91.81,90.21,90.65,1225100,87.66
2010-05-03,90.70,93.38,89.90,92.37,714500,89.32
2010-04-30,93.98,94.88,89.83,89.90,1040800,86.93
2010-04-29,92.82,94.13,92.82,93.85,418900,90.75
2010-04-28,92.62,93.42,91.89,92.35,554000,89.30
2010-04-27,94.22,94.68,91.65,92.02,752500,88.98
2010-04-26,94.70,95.59,94.30,94.49,367700,91.37
2010-04-23,94.80,95.55,94.00,95.00,592300,91.87
2010-04-22,91.84,95.45,91.81,94.94,927600,91.81
2010-04-21,91.30,93.08,91.14,92.90,795800,89.84
2010-04-20,91.17,91.80,90.92,91.36,867800,88.35
2010-04-19,89.62,90.88,88.70,90.76,982100,87.77
2010-04-16,90.44,90.95,89.29,90.01,1225100,87.04
2010-04-15,91.28,91.28,89.97,90.62,740200,87.63
2010-04-14,90.63,91.36,90.08,91.18,1186800,88.17
2010-04-13,89.36,90.89,88.61,90.39,758200,87.41
2010-04-12,89.75,89.94,88.91,89.47,429200,86.52
2010-04-09,89.02,89.76,88.40,89.73,430700,86.77
2010-04-08,88.49,89.21,87.62,88.84,465300,85.91
2010-04-07,88.54,89.84,88.34,88.86,1105400,85.93
2010-04-06,87.94,88.22,87.42,88.09,519900,85.18
2010-04-05,86.86,88.38,86.66,88.14,624200,85.23
2010-04-01,85.60,86.83,85.59,86.53,1655900,83.68
2010-03-31,85.35,85.84,84.74,85.04,396500,82.23
2010-03-30,85.67,86.38,85.22,85.77,443500,82.94
2010-03-29,86.50,86.67,84.88,85.69,680200,82.77
2010-03-26,84.64,86.70,84.64,86.07,972700,83.13
2010-03-25,85.28,85.83,84.57,84.65,671600,81.76
2010-03-24,84.70,85.15,84.11,84.72,717900,81.83
2010-03-23,84.33,85.48,84.19,84.90,951500,82.00
2010-03-22,82.05,84.28,81.86,83.86,676100,81.00
2010-03-19,82.86,83.95,82.43,82.86,1056700,80.03
2010-03-18,81.91,83.48,81.63,83.32,1050900,80.48
2010-03-17,81.42,82.47,81.27,81.99,608900,79.19
2010-03-16,81.11,81.50,80.69,81.37,671800,78.59
2010-03-15,82.00,82.05,79.92,81.12,1813500,78.35
2010-03-12,83.09,83.17,81.94,82.16,721500,79.36
2010-03-11,81.75,82.76,81.39,82.67,869900,79.85
2010-03-10,82.69,83.07,81.89,82.35,1066800,79.54
2010-03-09,82.40,83.45,82.19,82.93,704100,80.10
2010-03-08,82.81,83.74,82.45,82.78,662900,79.96
2010-03-05,81.43,82.76,81.09,82.63,984500,79.81
2010-03-04,80.80,81.91,80.68,80.99,1528200,78.23
2010-03-03,80.64,80.94,80.02,80.35,834100,77.61
2010-03-02,81.12,81.73,80.41,80.63,1398800,77.88
2010-03-01,79.23,81.05,79.16,80.76,740500,78.00
2010-02-26,79.70,80.92,79.30,79.93,1103000,77.20
2010-02-25,79.58,79.89,78.73,79.64,1833800,76.92
2010-02-24,80.55,80.67,79.87,80.15,1887400,77.42
2010-02-23,80.96,81.31,79.89,80.28,1175000,77.54
2010-02-22,80.75,81.70,80.28,81.31,1112600,78.54
2010-02-19,80.48,81.18,80.00,80.60,1147000,77.85
2010-02-18,79.76,80.66,79.56,80.57,562500,77.82
2010-02-17,79.74,80.72,79.74,80.30,885700,77.56
2010-02-16,79.03,79.77,78.00,79.72,1097400,77.00
2010-02-12,78.05,78.78,77.75,78.69,908400,76.01
2010-02-11,77.79,79.34,77.77,79.03,1194100,76.33
2010-02-10,78.59,79.40,77.64,77.99,1132600,75.33
2010-02-09,78.29,79.44,78.13,78.59,1514300,75.91
2010-02-08,76.50,78.97,76.14,77.63,1848500,74.98
2010-02-05,77.38,77.57,75.06,76.65,3109400,74.04
2010-02-04,77.65,78.51,76.88,77.14,2692400,74.51
2010-02-03,79.45,81.21,76.90,78.51,7881700,75.83
2010-02-02,83.51,86.28,83.03,85.67,1426600,82.75
2010-02-01,82.80,83.67,82.63,83.14,792600,80.30
2010-01-29,82.12,84.38,81.73,82.00,1681900,79.20
2010-01-28,83.21,83.51,81.74,81.92,874400,79.13
2010-01-27,82.41,83.30,81.76,83.01,575200,80.18
2010-01-26,82.47,83.61,82.05,82.57,666700,79.75
2010-01-25,82.78,83.42,82.02,82.77,819500,79.95
2010-01-22,84.60,84.99,81.88,82.04,1015500,79.24
2010-01-21,86.24,86.95,84.10,84.48,1307100,81.60
2010-01-20,84.12,86.51,83.76,86.40,1948000,83.45
2010-01-19,83.90,84.94,83.82,84.77,596000,81.88
2010-01-15,84.51,85.53,82.88,83.83,977500,80.97
2010-01-14,85.16,85.64,84.66,85.11,496900,82.21
2010-01-13,84.25,85.97,83.76,85.70,827200,82.78
2010-01-12,84.98,85.66,83.20,83.82,867100,80.96
2010-01-11,86.48,86.97,84.99,85.56,1094600,82.64
2010-01-08,85.30,86.49,84.72,86.37,1202100,83.42
2010-01-07,84.15,86.49,84.12,85.74,1106900,82.81
2010-01-06,84.74,85.23,83.78,84.12,873000,81.25
2010-01-05,81.37,84.99,80.83,84.76,2044900,81.87
2010-01-04,81.84,81.90,80.18,81.56,899700,78.78
2009-12-31,82.66,82.66,80.98,80.98,371300,78.22
2009-12-30,82.07,82.65,81.88,82.54,289100,79.72
2009-12-29,82.47,82.56,81.24,82.41,498900,79.60
2009-12-28,82.84,83.26,81.67,82.06,484100,79.26
2009-12-24,81.87,82.56,81.64,82.41,265000,79.60
2009-12-23,81.79,82.28,80.99,81.89,540200,79.10
2009-12-22,80.94,81.72,80.41,81.38,623600,78.60
2009-12-21,80.03,81.30,79.94,81.05,469800,78.19
2009-12-18,79.30,80.18,78.23,79.71,1124700,76.90
2009-12-17,79.13,79.65,78.85,78.92,685200,76.13
2009-12-16,80.40,81.10,79.73,79.83,536000,77.01
2009-12-15,81.78,81.78,79.59,79.94,734900,77.12
2009-12-14,82.04,82.04,80.70,81.87,446000,78.98
2009-12-11,80.83,81.49,79.65,81.20,911700,78.33
2009-12-10,79.55,81.02,79.51,80.12,639400,77.29
2009-12-09,78.99,79.22,78.07,79.16,516100,76.37
2009-12-08,79.38,79.94,78.80,79.31,510400,76.51
2009-12-07,81.54,81.71,79.96,80.25,858200,77.42
2009-12-04,81.14,82.51,80.25,81.56,1655900,78.68
2009-12-03,80.87,81.10,79.89,80.18,1222200,77.35
2009-12-02,79.00,81.47,78.54,81.18,1907000,78.31
2009-12-01,78.03,79.33,77.80,78.80,1463400,76.02
2009-11-30,77.99,78.60,76.09,76.85,1332500,74.14
2009-11-27,77.28,78.48,75.37,77.11,982600,74.39
2009-11-25,78.17,79.50,78.03,79.16,1184600,76.37
2009-11-24,79.32,79.77,77.32,77.62,1327700,74.88
2009-11-23,79.81,80.61,78.46,78.91,1103200,76.12
2009-11-20,78.39,79.29,77.91,78.57,1172900,75.80
2009-11-19,78.86,79.00,77.34,78.71,1301600,75.93
2009-11-18,80.27,80.99,78.86,79.46,1197000,76.65
2009-11-17,81.82,81.82,78.98,80.28,1435700,77.45
2009-11-16,81.77,82.49,81.16,81.79,1169900,78.90
2009-11-13,79.60,81.34,78.92,80.84,1077700,77.99
2009-11-12,81.10,81.42,78.88,79.12,1348500,76.33
2009-11-11,81.40,83.00,80.70,81.51,1378700,78.63
2009-11-10,83.28,83.50,80.39,80.64,2104600,77.79
2009-11-09,78.81,82.07,78.44,81.68,2510300,78.80
2009-11-06,77.36,78.59,76.56,77.99,1653500,75.24
2009-11-05,77.22,77.77,75.32,77.72,1597700,74.98
2009-11-04,78.67,78.89,75.05,75.30,2362100,72.64
2009-11-03,78.51,79.98,76.34,78.47,3979700,75.70
2009-11-02,75.15,77.77,74.07,76.71,1985300,74.00
2009-10-30,75.64,77.24,74.00,74.42,1764900,71.79
2009-10-29,73.21,76.24,72.83,75.94,1585800,73.26
2009-10-28,74.47,75.51,71.71,71.82,1710000,69.28
2009-10-27,77.69,77.69,74.59,74.93,1406300,72.28
2009-10-26,78.19,80.45,77.89,78.29,1170500,75.53
2009-10-23,79.01,79.19,77.29,78.05,781600,75.29
2009-10-22,76.18,79.19,76.00,78.80,1231700,76.02
2009-10-21,77.94,78.81,75.81,75.95,768800,73.27
2009-10-20,77.89,79.12,77.11,78.22,1076700,75.46
2009-10-19,77.00,79.80,77.00,79.10,938300,76.31
2009-10-16,76.81,77.59,76.28,76.91,575600,74.19
2009-10-15,77.40,78.48,76.89,77.70,905400,74.96
2009-10-14,76.97,78.30,76.85,77.91,812400,75.16
2009-10-13,75.55,76.42,74.54,76.03,775200,73.35
2009-10-12,76.57,77.31,74.76,74.94,1173200,72.29
2009-10-09,75.70,76.32,74.69,76.21,723200,73.52
2009-10-08,75.84,76.00,74.85,75.60,1150600,72.93
2009-10-07,74.58,75.98,74.37,75.25,749300,72.59
2009-10-06,76.20,76.58,74.19,74.82,1238500,72.18
2009-10-05,73.77,75.91,73.57,75.75,643600,73.08
2009-10-02,72.90,74.35,72.35,73.28,969200,70.69
2009-10-01,76.13,76.66,73.71,73.81,893000,71.20
2009-09-30,77.84,77.87,76.00,76.62,857400,73.91
2009-09-29,77.18,78.54,76.39,77.38,1965500,74.65
2009-09-28,72.68,74.50,72.51,74.23,583100,71.61
2009-09-25,73.61,73.62,71.93,72.22,1105700,69.67
2009-09-24,75.80,75.87,73.15,73.62,1223100,71.02
2009-09-23,77.45,77.96,75.46,75.65,998400,72.98
2009-09-22,76.66,78.44,76.47,77.40,1441400,74.62
2009-09-21,75.00,76.87,74.61,76.34,1140400,73.60
2009-09-18,75.85,76.28,75.32,75.50,1249100,72.79
2009-09-17,74.40,76.01,74.40,75.52,1775300,72.81
2009-09-16,70.20,74.92,69.42,74.43,2551900,71.76
2009-09-15,69.39,70.00,68.43,69.61,871000,67.11
2009-09-14,68.80,69.94,68.26,69.48,677900,66.98
2009-09-11,69.10,69.80,68.85,69.50,951400,67.00
2009-09-10,69.33,69.85,68.17,69.11,641600,66.63
2009-09-09,68.47,69.65,68.12,69.24,901700,66.75
2009-09-08,67.48,68.72,67.35,68.67,1455200,66.20
2009-09-04,65.94,67.28,65.43,66.75,675300,64.35
2009-09-03,64.74,66.01,64.35,65.94,925200,63.57
2009-09-02,64.04,65.09,64.00,64.16,1053400,61.85
2009-09-01,66.02,67.63,64.51,64.67,1419700,62.35
2009-08-31,68.14,68.49,65.97,66.38,1220000,63.99
2009-08-28,70.00,70.00,68.29,68.72,671600,66.25
2009-08-27,68.15,69.53,66.57,69.13,1181600,66.65
2009-08-26,67.33,68.64,67.15,68.17,1168200,65.72
2009-08-25,66.93,68.24,66.22,67.53,718100,65.10
2009-08-24,67.03,67.87,66.11,66.22,1236700,63.84
2009-08-21,67.74,67.84,66.62,67.03,1591500,64.62
2009-08-20,67.13,68.21,66.25,67.00,1838600,64.59
2009-08-19,65.78,67.61,65.42,67.16,1787000,64.75
2009-08-18,64.71,66.91,64.60,66.78,1525200,64.38
2009-08-17,64.27,64.73,63.13,64.38,1931200,62.07
2009-08-14,67.03,67.33,65.04,65.46,1213800,63.11
2009-08-13,68.20,68.20,66.01,66.94,1590500,64.53
2009-08-12,68.47,69.30,68.02,68.41,1117700,65.95
2009-08-11,67.93,69.38,67.60,68.68,2150900,66.21
2009-08-10,70.40,71.12,68.10,68.24,2354900,65.79
2009-08-07,69.14,71.30,68.94,71.09,2667100,68.54
2009-08-06,67.83,68.93,67.25,68.81,2140200,66.34
2009-08-05,65.63,68.61,65.02,68.31,3235700,65.86
2009-08-04,64.46,64.62,63.05,63.79,1791100,61.50
2009-08-03,63.44,64.58,62.41,64.58,800300,62.26
2009-07-31,62.68,64.15,62.39,63.05,930500,60.78
2009-07-30,62.40,63.59,62.13,63.05,1132000,60.78
2009-07-29,61.26,62.59,60.54,61.41,1034900,59.20
2009-07-28,61.20,61.70,60.24,61.53,1165000,59.32
2009-07-27,61.21,62.06,60.30,62.02,1184800,59.79
2009-07-24,60.66,61.68,60.09,61.52,881300,59.31
2009-07-23,58.03,61.50,57.62,61.22,1864300,59.02
2009-07-22,56.95,58.92,56.60,58.13,1400200,56.04
2009-07-21,56.80,57.09,55.80,57.05,1364800,55.00
2009-07-20,55.49,56.47,55.19,56.43,967500,54.40
2009-07-17,55.21,55.63,54.89,55.53,1548400,53.53
2009-07-16,53.99,55.15,53.14,54.97,1167400,52.99
2009-07-15,53.20,54.40,52.16,54.28,1197100,52.33
2009-07-14,51.01,52.18,50.44,52.14,826800,50.27
2009-07-13,50.40,51.40,49.57,51.12,1097200,49.28
2009-07-10,50.10,51.29,50.10,50.54,908800,48.72
2009-07-09,50.70,51.33,50.02,50.24,1131700,48.43
2009-07-08,49.40,50.80,49.24,50.58,1527000,48.76
2009-07-07,50.30,50.53,49.20,49.36,1375300,47.59
2009-07-06,51.05,51.51,49.60,50.58,1247500,48.76
2009-07-02,52.96,53.40,51.18,51.60,981100,49.75
2009-07-01,53.90,54.76,53.50,53.64,887800,51.71
2009-06-30,53.86,55.35,53.12,53.54,1268600,51.62
2009-06-29,53.80,54.82,53.10,54.13,960700,52.19
2009-06-26,54.08,54.99,53.68,53.83,1194300,51.90
2009-06-25,51.43,54.50,51.43,54.19,2742700,52.24
2009-06-24,50.60,51.88,50.13,50.99,1504400,49.16
2009-06-23,51.28,51.39,49.57,49.91,1147700,48.07
2009-06-22,51.29,52.19,50.58,51.12,1607100,49.23
2009-06-19,51.10,52.57,51.10,52.28,1526300,50.35
2009-06-18,50.63,51.65,50.14,50.82,1067300,48.94
2009-06-17,51.43,51.99,50.61,51.23,1796900,49.34
2009-06-16,54.36,54.63,51.68,51.98,1632900,50.06
2009-06-15,52.64,54.34,51.55,54.10,2113100,52.10
2009-06-12,53.91,54.25,52.33,53.45,1468600,51.48
2009-06-11,56.21,56.24,54.37,54.52,1383400,52.51
2009-06-10,57.96,57.96,54.95,55.93,1368400,53.87
2009-06-09,56.57,57.09,55.46,56.63,1457900,54.54
2009-06-08,56.38,56.47,54.64,55.86,1945400,53.80
2009-06-05,57.73,58.28,56.03,56.39,1857000,54.31
2009-06-04,57.73,58.00,55.65,56.86,2213200,54.76
2009-06-03,57.94,59.10,57.74,58.55,2102100,56.39
2009-06-02,58.11,59.51,57.98,58.60,2591200,56.44
2009-06-01,55.54,59.21,54.15,58.58,3651400,56.42
2009-05-29,52.88,54.30,52.25,53.82,2381800,51.83
2009-05-28,54.36,55.35,52.12,53.16,2731200,51.20
2009-05-27,55.26,58.72,53.27,54.03,7165000,52.04
2009-05-26,49.76,54.69,49.76,54.38,3206300,52.37
2009-05-22,49.67,50.67,48.07,50.02,1467900,48.17
2009-05-21,49.00,50.33,48.17,48.95,1650400,47.14
2009-05-20,50.61,52.23,49.65,50.04,1946800,48.19
2009-05-19,50.05,51.34,49.08,50.52,1606400,48.66
2009-05-18,47.37,49.94,46.88,49.86,2040400,48.02
2009-05-15,46.14,47.70,45.76,46.73,1596400,45.01
2009-05-14,45.50,47.15,45.37,46.14,1869400,44.44
2009-05-13,47.60,48.00,45.25,45.47,2806900,43.79
2009-05-12,50.14,51.46,47.77,48.92,2081900,47.12
2009-05-11,50.54,51.20,48.99,49.38,2579400,47.56
2009-05-08,52.82,53.15,50.38,51.60,1241600,49.70
2009-05-07,54.55,54.97,51.77,52.00,1978200,50.08
2009-05-06,55.47,55.47,52.70,53.90,2063200,51.91
2009-05-05,53.01,54.74,52.28,54.48,1501200,52.47
2009-05-04,53.00,55.03,52.50,53.36,2009700,51.39
2009-05-01,53.49,54.90,53.04,53.95,1517200,51.96
2009-04-30,53.43,56.62,53.33,53.84,1711100,51.85
2009-04-29,51.74,53.95,51.53,52.72,1295100,50.77
2009-04-28,52.30,54.58,51.64,53.09,951000,51.13
2009-04-27,52.81,53.33,51.26,52.27,1095900,50.34
2009-04-24,52.31,54.25,51.44,53.68,1861800,51.70
2009-04-23,53.10,54.15,50.87,51.68,1880700,49.77
2009-04-22,49.19,54.68,49.19,53.37,2389500,51.40
2009-04-21,47.16,50.20,47.16,49.78,1607000,47.94
2009-04-20,50.06,50.08,46.92,47.52,1434700,45.77
2009-04-17,50.10,51.39,49.46,51.09,922300,49.20
2009-04-16,49.34,50.36,48.22,49.84,1222000,48.00
2009-04-15,49.22,50.46,47.92,49.20,2457700,47.38
2009-04-14,50.35,50.92,49.20,50.10,1676000,48.25
2009-04-13,48.24,51.75,47.75,51.51,2444600,49.61
2009-04-09,46.93,48.73,46.29,48.73,1668200,46.93
2009-04-08,43.11,45.28,42.89,45.26,1184500,43.59
2009-04-07,44.14,44.28,42.51,42.81,1305000,41.23
2009-04-06,46.26,46.96,44.31,45.06,2066400,43.40
2009-04-03,45.96,47.23,45.48,47.22,912300,45.48
2009-04-02,43.80,47.19,43.51,46.08,1824100,44.38
2009-04-01,41.64,43.17,40.79,43.03,1311900,41.44
2009-03-31,42.94,43.32,41.53,42.25,1025800,40.69
2009-03-30,43.09,43.27,41.87,42.57,1238100,41.00
2009-03-27,43.38,44.56,43.08,44.28,1563900,42.65
2009-03-26,43.00,45.58,42.72,44.62,1826700,42.97
2009-03-25,41.12,42.89,40.73,42.27,1719700,40.71
2009-03-24,40.59,42.27,40.28,41.18,2065300,39.61
2009-03-23,38.91,41.00,38.30,40.99,1459200,39.43
2009-03-20,39.57,39.77,37.27,37.80,1525800,36.36
2009-03-19,40.63,41.03,38.78,39.49,2154700,37.99
2009-03-18,37.15,40.59,37.01,40.17,4006900,38.64
2009-03-17,35.93,37.53,35.92,37.52,1238400,36.09
2009-03-16,36.93,37.29,35.80,35.88,1365300,34.51
2009-03-13,35.71,36.81,35.25,36.73,1318800,35.33
2009-03-12,35.51,36.07,34.68,35.96,2128600,34.59
2009-03-11,34.90,36.28,34.39,35.55,1303900,34.20
2009-03-10,32.47,35.08,32.47,34.82,1899400,33.49
2009-03-09,32.12,32.92,31.77,31.94,1422300,30.72
2009-03-06,33.37,33.53,31.65,32.54,2367100,31.30
2009-03-05,33.23,33.55,31.64,32.39,2137700,31.16
2009-03-04,33.01,34.59,32.48,34.01,1741300,32.72
2009-03-03,33.36,33.52,32.00,32.27,2282700,31.04
2009-03-02,33.49,34.25,32.77,32.85,1807800,31.60
2009-02-27,33.39,35.23,33.21,34.47,1522700,33.16
2009-02-26,35.88,35.89,33.76,33.88,2279600,32.59
2009-02-25,35.72,36.36,34.59,35.48,2040700,34.13
2009-02-24,34.26,36.09,33.88,35.95,2230300,34.58
2009-02-23,35.76,35.92,33.70,33.82,2320700,32.53
2009-02-20,35.13,36.61,34.98,35.56,1884600,34.21
2009-02-19,36.51,37.35,35.64,35.94,1536600,34.57
2009-02-18,35.77,36.36,34.98,36.12,2072300,34.75
2009-02-17,35.80,36.63,35.65,35.97,2808500,34.60
2009-02-13,38.30,38.80,37.01,37.27,1370300,35.85
2009-02-12,37.59,38.46,36.88,38.29,1848500,36.83
2009-02-11,39.09,39.60,37.81,38.27,2369300,36.81
2009-02-10,39.27,40.35,38.40,38.91,2606700,37.43
2009-02-09,41.85,41.95,39.67,40.14,3098000,38.61
2009-02-06,40.90,43.16,40.50,42.01,2533800,40.41
2009-02-05,38.54,40.88,38.54,40.37,2575400,38.83
2009-02-04,40.47,40.52,36.92,38.63,4676600,37.16
2009-02-03,39.05,41.13,38.57,39.70,3859200,38.19
2009-02-02,39.67,40.90,38.13,38.87,2997900,37.39
2009-01-30,41.23,41.79,40.07,41.03,3535900,39.47
2009-01-29,42.75,42.75,40.38,40.45,2383900,38.91
2009-01-28,41.94,44.27,41.52,43.21,2522200,41.57
2009-01-27,40.03,41.01,39.67,40.62,1949300,39.07
2009-01-26,38.44,40.60,38.15,39.98,2235300,38.46
2009-01-23,37.43,39.23,37.29,38.06,1258500,36.61
2009-01-22,37.72,38.86,37.17,38.44,2678600,36.98
2009-01-21,37.44,38.41,36.29,38.31,2176000,36.85
2009-01-20,38.83,39.36,36.79,37.25,3160200,35.83
2009-01-16,41.17,41.79,40.26,41.13,1839000,39.56
2009-01-15,39.97,41.10,38.50,40.39,2130100,38.85
2009-01-14,40.20,40.39,39.00,39.96,1976100,38.44
2009-01-13,40.39,41.58,40.16,41.02,1761500,39.46
2009-01-12,41.71,42.18,40.34,40.78,1541900,39.23
2009-01-09,45.25,45.25,41.49,41.74,1560300,40.15
2009-01-08,45.72,45.72,43.78,45.33,1333800,43.60
2009-01-07,46.82,46.82,45.55,46.06,1083400,44.31
2009-01-06,48.14,48.29,46.04,47.30,1272600,45.50
2009-01-05,47.51,47.69,45.98,47.52,1557900,45.71
2009-01-02,46.65,47.70,44.83,47.43,1075000,45.62
2008-12-31,44.50,46.32,44.38,45.41,938600,43.68
2008-12-30,42.35,44.71,42.08,44.61,1215600,42.91
2008-12-29,42.60,43.64,41.49,42.20,871600,40.59
2008-12-26,42.58,43.87,42.58,43.55,420000,41.89
2008-12-24,42.89,43.29,42.33,42.77,464800,41.14
2008-12-23,43.71,43.78,42.00,42.78,1243200,41.15
2008-12-22,46.72,46.92,42.20,43.15,1588400,41.46
2008-12-19,47.93,48.27,45.94,46.73,1739900,44.90
2008-12-18,48.47,49.00,46.71,47.48,1300500,45.62
2008-12-17,46.33,48.84,45.70,47.45,1623900,45.59
2008-12-16,43.13,47.38,42.89,47.12,1967400,45.27
2008-12-15,44.41,44.64,41.67,42.74,1932100,41.07
2008-12-12,41.62,44.87,41.62,44.29,1640800,42.55
2008-12-11,45.96,46.44,42.97,43.43,2021300,41.73
2008-12-10,46.54,47.67,45.59,46.44,1959200,44.62
2008-12-09,48.33,49.00,45.87,46.16,2018800,44.35
2008-12-08,48.67,50.62,48.43,49.00,2452600,47.08
2008-12-05,44.41,48.60,43.16,48.56,1899700,46.66
2008-12-04,43.75,46.46,43.37,45.08,2134600,43.31
2008-12-03,39.79,44.81,39.36,44.53,2640100,42.79
2008-12-02,39.93,41.68,38.58,40.71,2111300,39.11
2008-12-01,41.98,42.22,39.00,39.15,1455600,37.62
2008-11-28,42.83,43.44,41.20,43.20,661500,41.51
2008-11-26,38.68,43.55,37.86,43.23,2096600,41.54
2008-11-25,41.76,42.24,36.60,39.33,3156700,37.79
2008-11-24,36.60,41.94,35.67,40.83,3053100,39.23
2008-11-21,33.91,36.07,32.49,36.04,3488300,34.63
2008-11-20,32.29,35.84,31.22,32.66,3379000,31.38
2008-11-19,36.11,37.51,32.46,32.80,3360600,31.51
2008-11-18,40.00,40.00,34.61,36.31,4712700,34.89
2008-11-17,41.59,43.45,40.01,40.15,2323100,38.58
2008-11-14,42.94,44.11,41.55,42.15,2519600,40.50
2008-11-13,40.09,44.09,37.93,43.98,3355300,42.26
2008-11-12,38.95,41.06,38.05,39.72,3112700,38.16
2008-11-11,41.58,42.09,39.19,39.72,3055900,38.16
2008-11-10,46.71,47.66,42.18,42.75,2023200,41.08
2008-11-07,46.37,47.34,44.32,45.80,1989200,44.01
2008-11-06,46.67,47.08,44.05,45.91,2737600,44.11
2008-11-05,50.29,51.55,47.58,48.00,4876700,46.12
2008-11-04,48.15,50.00,46.46,49.51,2564900,47.57
2008-11-03,47.00,48.04,46.38,47.55,2042100,45.69
2008-10-31,44.38,48.45,44.34,47.17,2184400,45.32
2008-10-30,43.40,44.50,42.73,44.29,1643600,42.55
2008-10-29,43.33,44.65,41.09,42.17,2041400,40.52
2008-10-28,40.04,43.62,38.79,43.62,1638700,41.91
2008-10-27,39.27,41.30,38.45,38.93,1022900,37.40
2008-10-24,39.10,41.13,38.78,39.65,1949600,38.10
2008-10-23,45.01,45.11,39.89,42.39,2405700,40.73
2008-10-22,46.41,46.47,42.36,44.01,1701500,42.29
2008-10-21,48.70,50.26,47.17,47.50,1969500,45.64
2008-10-20,47.25,48.87,46.51,48.77,1508200,46.86
2008-10-17,45.94,48.99,45.50,46.80,1269300,44.97
2008-10-16,44.12,47.63,42.09,47.34,2758600,45.49
2008-10-15,49.09,50.31,44.06,44.19,2221700,42.46
2008-10-14,57.00,57.45,49.67,51.57,1804000,49.55
2008-10-13,52.74,54.65,51.11,54.65,1529600,52.51
2008-10-10,45.20,52.16,42.17,49.55,4401000,47.61
2008-10-09,52.20,53.52,47.06,47.55,2956100,45.69
2008-10-08,52.94,55.16,50.07,51.40,2738700,49.39
2008-10-07,57.38,58.21,53.88,54.15,2736500,52.03
2008-10-06,56.28,56.86,52.16,56.33,2719200,54.12
2008-10-03,62.47,62.47,57.65,57.99,2527800,55.72
2008-10-02,65.05,65.25,60.95,61.36,1837400,58.96
2008-10-01,65.76,66.30,64.39,65.48,1258000,62.91
2008-09-30,66.88,67.33,64.05,66.64,1551200,64.03
2008-09-29,70.64,70.64,65.00,65.80,2010500,63.22
2008-09-26,69.32,72.09,68.58,71.88,1458200,69.06
2008-09-25,69.10,71.49,68.71,70.59,2021500,67.82
2008-09-24,67.70,69.59,66.84,68.20,1107700,65.53
2008-09-23,67.87,69.40,67.11,68.12,1477100,65.40
2008-09-22,70.50,71.38,67.40,67.79,1492100,65.09
2008-09-19,72.24,82.02,68.87,71.46,2288400,68.61
2008-09-18,70.02,71.67,64.66,70.41,3136700,67.60
2008-09-17,71.46,72.66,68.65,68.93,2492100,66.18
2008-09-16,69.11,73.33,68.44,73.19,2497200,70.27
2008-09-15,69.64,73.59,69.18,70.69,1816000,67.87
2008-09-12,73.23,73.85,72.40,73.28,2235800,70.36
2008-09-11,72.18,74.61,71.51,74.39,1541000,71.42
2008-09-10,74.97,75.06,71.83,73.65,1676900,70.71
2008-09-09,76.03,76.47,73.85,74.17,1738000,71.21
2008-09-08,76.30,77.39,74.22,75.89,1651900,72.86
2008-09-05,72.16,74.14,71.30,73.91,1886300,70.96
2008-09-04,75.74,76.22,73.13,73.73,2315200,70.79
2008-09-03,75.48,76.70,74.65,76.53,2456100,73.48
2008-09-02,76.94,78.95,75.16,75.90,2124500,72.87
2008-08-29,74.77,76.70,74.63,75.88,1430200,72.85
2008-08-28,72.30,75.75,72.30,75.57,1980800,72.56
2008-08-27,72.00,73.65,71.68,73.03,1504700,70.12
2008-08-26,72.16,72.99,71.00,72.34,1128200,69.45
2008-08-25,72.42,73.90,71.35,71.98,1789900,69.11
2008-08-22,73.76,74.26,72.59,73.97,1329300,71.02
2008-08-21,72.12,74.04,71.93,72.94,1916700,70.03
2008-08-20,72.67,73.82,71.49,72.95,1929700,70.04
2008-08-19,73.19,73.99,72.00,72.85,2565700,69.94
2008-08-18,75.38,75.38,72.85,73.83,1857200,70.89
2008-08-15,73.50,75.43,72.94,75.01,1945700,72.02
2008-08-14,69.99,73.68,69.31,73.05,2781700,70.14
2008-08-13,70.53,70.99,68.34,69.75,1807500,66.97
2008-08-12,71.61,73.48,70.22,70.65,2926500,67.83
2008-08-11,70.56,75.11,70.07,71.89,2756200,69.02
2008-08-08,67.34,71.78,66.75,71.23,3125000,68.39
2008-08-07,65.24,68.40,65.24,67.07,3552100,64.39
2008-08-06,66.00,66.66,63.90,65.86,5997000,63.23
2008-08-05,58.97,61.67,58.97,61.50,3053300,59.05
2008-08-04,58.58,59.53,57.63,58.87,1652400,56.52
2008-08-01,59.08,59.86,58.18,59.01,1816200,56.66
2008-07-31,57.19,60.20,57.19,59.17,1564300,56.81
2008-07-30,59.56,61.05,58.25,58.42,1573000,56.09
2008-07-29,57.53,59.29,57.19,59.18,1087300,56.82
2008-07-28,59.37,60.06,57.35,57.61,1777700,55.31
2008-07-25,61.75,61.75,59.91,60.13,1492200,57.73
2008-07-24,63.05,64.10,61.47,61.80,1659200,59.34
2008-07-23,63.42,66.15,62.67,63.89,1446700,61.34
2008-07-22,62.72,63.48,59.23,63.48,1641500,60.95
2008-07-21,62.17,62.54,60.74,61.41,880800,58.96
2008-07-18,64.37,64.37,61.09,62.22,1525600,59.74
2008-07-17,60.28,62.91,58.09,62.59,2337100,60.09
2008-07-16,57.36,60.00,56.87,59.87,1782000,57.48
2008-07-15,55.68,57.92,53.86,56.95,3431300,54.68
2008-07-14,58.76,59.23,56.28,56.47,2352800,54.22
2008-07-11,58.22,59.56,56.44,57.66,2830100,55.36
2008-07-10,60.36,60.73,58.62,59.37,2019600,57.00
2008-07-09,64.66,64.67,60.60,60.87,1654600,58.44
2008-07-08,62.40,63.98,62.30,63.85,1894300,61.30
2008-07-07,64.10,64.61,61.93,62.44,1471000,59.95
2008-07-03,62.83,64.30,62.68,63.34,736200,60.81
2008-07-02,63.26,65.54,62.61,62.61,1802000,60.11
2008-07-01,61.93,63.00,60.16,62.74,1913400,60.24
2008-06-30,62.73,64.18,61.42,62.78,1457800,60.28
2008-06-27,64.80,64.80,62.45,62.96,1583400,60.45
2008-06-26,65.47,65.87,64.23,64.61,1609700,62.03
2008-06-25,66.52,67.99,65.20,66.46,1776000,63.81
2008-06-24,64.03,65.38,63.00,64.20,1335100,61.59
2008-06-23,64.91,64.93,63.63,64.00,1214900,61.40
2008-06-20,65.30,65.30,63.43,64.41,1577100,61.79
2008-06-19,64.16,66.13,64.16,65.98,1252900,63.30
2008-06-18,65.42,66.31,64.00,64.75,1318600,62.12
2008-06-17,67.70,67.82,65.81,66.10,827700,63.41
2008-06-16,65.79,67.37,63.93,67.02,953600,64.30
2008-06-13,64.68,66.99,64.42,66.27,1495800,63.58
2008-06-12,65.26,66.61,63.98,64.36,1362900,61.74
2008-06-11,66.51,66.74,64.63,64.74,2446100,62.11
2008-06-10,65.50,67.32,65.11,66.87,2164800,64.15
2008-06-09,67.70,67.73,65.47,66.01,1853000,63.33
2008-06-06,68.53,68.90,66.77,66.78,1630400,64.07
2008-06-05,69.16,70.24,68.77,69.57,1368100,66.74
2008-06-04,69.00,70.00,67.80,69.07,2230300,66.26
2008-06-03,68.80,69.50,68.37,69.39,2020700,66.57
2008-06-02,69.60,69.71,67.67,68.90,2197300,66.10
2008-05-30,69.88,70.37,68.50,69.85,1677200,67.01
2008-05-29,68.63,71.20,68.24,70.09,2829800,67.24
2008-05-28,66.52,70.13,65.02,69.00,11006100,66.20
2008-05-27,59.89,61.77,59.49,61.75,2362300,59.24
2008-05-23,59.15,59.98,58.67,59.53,1356300,57.11
2008-05-22,59.24,60.43,58.53,59.73,929700,57.30
2008-05-21,61.30,61.87,59.04,59.52,1644600,57.10
2008-05-20,61.47,61.68,60.71,61.19,999200,58.70
2008-05-19,62.45,63.55,61.70,62.26,618000,59.73
2008-05-16,63.15,63.21,61.00,62.29,914300,59.76
2008-05-15,63.07,63.73,61.46,63.16,1130500,60.59
2008-05-14,60.91,63.78,60.50,62.73,1705900,60.18
2008-05-13,61.17,61.32,60.25,60.50,1140100,58.04
2008-05-12,59.87,60.98,59.77,60.60,1017600,58.14
2008-05-09,58.28,59.88,58.21,59.60,1081100,57.18
2008-05-08,59.65,60.01,58.33,58.87,1304700,56.48
2008-05-07,60.86,61.93,59.64,59.88,1348700,57.45
2008-05-06,60.00,61.10,59.44,60.73,1548000,58.26
2008-05-05,62.42,62.68,60.42,60.76,2344000,58.29
2008-05-02,63.82,64.91,62.35,62.72,1566100,60.17
2008-05-01,61.90,65.00,61.75,63.90,1659100,61.30
2008-04-30,62.68,63.39,61.62,62.11,1066100,59.59
2008-04-29,62.55,63.00,61.47,62.39,907200,59.85
2008-04-28,61.61,64.33,60.79,63.05,1928400,60.49
2008-04-25,59.25,61.70,59.20,61.62,1849500,59.12
2008-04-24,58.00,59.61,57.68,58.95,1119800,56.55
2008-04-23,58.31,58.42,57.13,57.87,809100,55.52
2008-04-22,58.99,58.99,57.23,58.05,911200,55.69
2008-04-21,58.89,59.40,58.53,59.06,584600,56.66
2008-04-18,59.74,60.84,59.12,59.32,945700,56.91
2008-04-17,57.67,59.05,57.66,58.86,792600,56.47
2008-04-16,58.43,58.48,57.63,57.96,1177100,55.60
2008-04-15,59.52,59.52,57.66,58.10,1230000,55.74
2008-04-14,58.98,60.05,58.70,59.10,692500,56.70
2008-04-11,58.80,60.05,58.52,58.97,1146900,56.57
2008-04-10,58.42,60.85,57.63,59.72,1763500,57.29
2008-04-09,59.94,60.12,57.78,58.20,1242000,55.84
2008-04-08,59.74,60.50,59.52,59.74,1686300,57.31
2008-04-07,61.05,61.19,59.68,60.04,1177200,57.60
2008-04-04,61.21,61.21,59.82,60.55,1204500,58.09
2008-04-03,60.53,61.54,60.16,60.91,1244600,58.43
2008-04-02,60.56,63.09,60.56,60.98,1778900,58.50
2008-04-01,58.66,61.07,58.53,60.66,1787600,58.20
2008-03-31,57.57,58.63,57.07,58.29,1353300,55.92
2008-03-28,57.60,59.00,56.79,57.62,3146000,55.28
2008-03-27,61.65,62.20,60.80,61.00,758900,58.52
2008-03-26,62.56,62.75,60.93,61.27,898300,58.78
2008-03-25,62.95,63.47,61.20,62.76,1192700,60.16
2008-03-24,60.66,65.49,60.66,63.27,1645500,60.65
2008-03-20,56.92,60.72,56.92,60.29,1094700,57.79
2008-03-19,59.82,59.96,57.69,57.76,1025600,55.37
2008-03-18,57.42,59.07,57.09,58.89,1174900,56.45
2008-03-17,55.99,57.30,55.00,56.45,2149100,54.11
2008-03-14,58.52,59.49,56.83,57.48,1380500,55.10
2008-03-13,57.20,58.20,55.08,57.98,1770900,55.58
2008-03-12,57.72,59.03,57.03,58.02,1140700,55.62
2008-03-11,56.95,57.81,55.71,57.81,1747800,55.42
2008-03-10,57.10,57.34,55.56,55.74,2211900,53.43
2008-03-07,57.73,59.03,56.97,57.46,1848500,55.08
2008-03-06,60.90,61.40,58.17,58.31,2114100,55.90
2008-03-05,62.88,63.32,60.84,61.21,1567500,58.68
2008-03-04,61.32,62.75,60.90,62.52,1505700,59.93
2008-03-03,61.98,62.35,60.18,62.25,1874500,59.67
2008-02-29,64.81,65.44,61.89,62.19,2137700,59.62
2008-02-28,67.36,67.51,65.18,65.60,1716500,62.88
2008-02-27,67.35,68.40,67.00,67.98,1370100,65.17
2008-02-26,65.71,68.67,65.49,67.50,2075000,64.71
2008-02-25,64.22,66.06,63.20,65.67,1697100,62.95
2008-02-22,65.52,65.88,63.40,64.86,1741700,62.17
2008-02-21,67.55,67.83,65.07,65.37,1284200,62.66
2008-02-20,64.22,66.92,63.78,66.80,1909700,64.03
2008-02-19,66.55,67.12,64.26,64.78,1434500,62.10
2008-02-15,65.36,65.98,64.62,65.92,1950100,63.19
2008-02-14,66.81,67.16,65.59,65.69,2320800,62.97
2008-02-13,66.90,67.85,65.66,66.74,2289000,63.98
2008-02-12,65.29,66.89,65.08,66.41,2543400,63.66
2008-02-11,63.85,65.75,62.72,64.46,2059900,61.79
2008-02-08,63.09,64.19,62.54,63.72,2000100,61.08
2008-02-07,62.02,64.56,62.00,63.24,3992800,60.62
2008-02-06,60.94,65.12,60.11,63.19,9465500,60.57
2008-02-05,59.51,59.93,57.27,57.46,3360400,55.08
2008-02-04,61.22,61.64,59.95,60.46,2282800,57.96
2008-02-01,61.93,62.34,59.42,61.23,2926100,58.70
2008-01-31,56.79,61.00,56.40,60.68,4696300,58.17
2008-01-30,61.35,62.43,60.29,60.73,2525900,58.22
2008-01-29,60.55,61.78,59.32,61.54,1963900,58.99
2008-01-28,58.81,60.07,57.95,60.00,1688000,57.52
2008-01-25,62.00,62.04,58.70,59.19,1983700,56.74
2008-01-24,61.38,63.60,60.42,61.18,3887000,58.65
2008-01-23,55.59,62.09,54.54,61.34,5738700,58.80
2008-01-22,50.91,57.58,50.55,56.60,3773000,54.26
2008-01-18,52.25,53.66,51.62,53.36,1965900,51.15
2008-01-17,53.28,54.28,51.88,51.99,1947800,49.84
2008-01-16,51.30,54.36,50.91,53.57,2159500,51.35
2008-01-15,51.25,52.51,50.95,51.33,3192400,49.21
2008-01-14,54.01,54.01,51.64,52.90,4460900,50.71
2008-01-11,57.57,57.86,54.86,55.29,2356100,53.00
2008-01-10,57.00,59.11,56.12,58.21,1793100,55.80
2008-01-09,56.35,57.32,54.16,57.32,2993500,54.95
2008-01-08,57.55,58.96,56.41,56.59,1549400,54.25
2008-01-07,56.82,58.33,56.40,57.26,2027900,54.89
2008-01-04,59.75,59.86,56.34,56.59,3487500,54.25
2008-01-03,61.84,62.99,59.80,60.18,2173000,57.69
2008-01-02,61.63,62.46,61.52,61.64,1364500,59.09
