Date,Open,High,Low,Close,Volume,Adj Close
2013-12-31,33.29,33.37,33.12,33.20,1121400,32.95
2013-12-30,33.35,33.43,33.23,33.29,1295400,33.03
2013-12-27,33.75,33.77,33.53,33.58,1048100,33.06
2013-12-26,33.72,33.88,33.62,33.67,867500,33.15
2013-12-24,33.42,33.90,33.41,33.69,476100,33.17
2013-12-23,33.53,33.58,33.31,33.35,1164800,32.84
2013-12-20,33.00,33.56,32.94,33.29,2681200,32.78
2013-12-19,32.94,33.17,32.68,33.00,2104600,32.49
2013-12-18,33.34,33.35,32.45,32.98,4158900,32.47
2013-12-17,33.82,33.84,33.24,33.27,2107700,32.76
2013-12-16,34.00,34.03,33.67,33.88,1372000,33.36
2013-12-13,33.82,33.97,33.70,33.94,1033700,33.42
2013-12-12,33.81,34.06,33.65,33.73,1402200,33.21
2013-12-11,34.48,34.56,33.84,33.91,1633800,33.39
2013-12-10,34.46,34.81,34.43,34.53,1330600,34.00
2013-12-09,34.92,34.95,34.48,34.54,1482900,34.01
2013-12-06,34.75,34.99,34.68,34.90,905300,34.36
2013-12-05,34.44,34.64,34.36,34.47,945800,33.94
2013-12-04,34.49,34.56,34.14,34.51,1105300,33.98
2013-12-03,34.75,34.93,34.35,34.61,1983600,34.08
2013-12-02,34.97,35.06,34.75,34.94,1276600,34.40
2013-11-29,34.79,35.15,34.72,34.91,621000,34.37
2013-11-27,34.96,35.02,34.67,34.82,747000,34.29
2013-11-26,34.87,35.09,34.81,34.94,1788000,34.40
2013-11-25,35.12,35.15,34.79,34.84,897000,34.30
2013-11-22,34.78,35.04,34.61,35.02,896600,34.48
2013-11-21,34.59,34.80,34.34,34.73,1505100,34.20
2013-11-20,35.06,35.11,34.81,34.94,824400,34.40
2013-11-19,35.12,35.16,34.87,35.00,813100,34.46
2013-11-18,35.19,35.29,34.90,35.15,1075500,34.61
2013-11-15,34.97,35.13,34.81,35.11,1276900,34.57
2013-11-14,34.69,35.12,34.69,34.99,1356400,34.45
2013-11-13,33.89,34.62,33.85,34.61,1156600,34.08
2013-11-12,34.04,34.27,33.91,34.11,1574000,33.59
2013-11-11,34.33,34.38,34.01,34.10,975700,33.58
2013-11-08,34.03,34.33,33.94,34.32,1313700,33.79
2013-11-07,34.38,34.38,33.95,34.10,1781700,33.58
2013-11-06,34.16,34.37,33.99,34.28,2062600,33.75
2013-11-05,33.99,34.25,33.92,34.13,1178100,33.61
2013-11-04,34.23,34.23,33.84,34.14,3070400,33.62
2013-11-01,34.30,34.96,34.06,34.34,2340500,33.81
2013-10-31,33.48,33.62,33.22,33.47,1307900,32.96
2013-10-30,33.85,33.96,33.34,33.35,1187500,32.84
2013-10-29,33.79,34.07,33.70,33.84,1043900,33.32
2013-10-28,33.74,33.85,33.61,33.71,1539500,33.19
2013-10-25,33.68,33.76,33.39,33.74,2061700,33.22
2013-10-24,33.70,33.78,33.42,33.58,1387100,33.06
2013-10-23,33.67,33.83,33.61,33.69,1169000,33.17
2013-10-22,33.37,33.73,33.35,33.70,1795500,33.18
2013-10-21,33.20,33.25,32.93,33.25,1102700,32.74
2013-10-18,33.21,33.28,33.07,33.12,1504800,32.61
2013-10-17,33.01,33.20,33.00,33.15,2140000,32.64
2013-10-16,33.24,33.30,33.01,33.15,2121000,32.64
2013-10-15,33.05,33.30,32.95,32.99,1642100,32.48
2013-10-14,32.89,33.21,32.81,33.19,1631700,32.68
2013-10-11,32.65,33.09,32.65,33.05,1754600,32.54
2013-10-10,32.61,32.70,32.42,32.63,2019100,32.13
2013-10-09,32.77,32.80,32.29,32.37,1623600,31.87
2013-10-08,32.91,33.00,32.40,32.64,1629800,32.14
2013-10-07,32.79,33.08,32.71,32.93,1618900,32.42
2013-10-04,32.84,33.16,32.77,33.03,1238800,32.52
2013-10-03,33.16,33.21,32.58,32.83,1732300,32.33
2013-10-02,33.34,33.43,33.08,33.28,1196500,32.77
2013-10-01,33.35,33.62,33.27,33.54,988700,33.02
2013-09-30,33.50,33.64,33.28,33.36,1456700,32.85
2013-09-27,33.61,33.77,33.55,33.75,1262500,33.23
2013-09-26,33.97,34.10,33.89,34.08,1052800,33.30
2013-09-25,33.96,34.18,33.71,33.96,1607800,33.18
2013-09-24,34.01,34.36,33.95,34.14,1458300,33.36
2013-09-23,34.08,34.29,33.91,34.07,1296900,33.29
2013-09-20,34.09,34.18,33.84,34.18,5862200,33.40
2013-09-19,34.00,34.20,33.93,34.05,1578800,33.27
2013-09-18,33.35,33.93,33.19,33.93,1347600,33.15
2013-09-17,33.46,33.54,33.21,33.35,919000,32.59
2013-09-16,33.42,33.55,33.28,33.47,1134100,32.70
2013-09-13,33.25,33.27,32.92,33.00,1957200,32.25
2013-09-12,33.18,33.30,33.00,33.25,1764800,32.49
2013-09-11,32.73,33.28,32.57,33.19,1853200,32.43
2013-09-10,32.71,32.83,32.56,32.73,1573900,31.98
2013-09-09,32.24,32.56,32.24,32.49,1464500,31.75
2013-09-06,32.44,32.53,32.08,32.17,1784700,31.43
2013-09-05,32.43,32.52,32.30,32.38,878800,31.64
2013-09-04,32.11,32.65,31.94,32.46,1887000,31.72
2013-09-03,32.84,32.86,31.99,32.16,2082800,31.42
2013-08-30,33.00,33.03,32.43,32.51,1440400,31.77
2013-08-29,33.14,33.30,32.85,32.95,1129400,32.20
2013-08-28,33.25,33.34,33.06,33.24,798700,32.48
2013-08-27,33.53,33.64,33.24,33.30,1149400,32.54
2013-08-26,33.76,33.87,33.68,33.85,997600,33.08
2013-08-23,33.64,33.82,33.53,33.78,900900,33.01
2013-08-22,33.53,33.77,33.34,33.56,562300,32.79
2013-08-21,33.62,33.62,33.31,33.36,750800,32.60
2013-08-20,33.35,33.73,33.15,33.65,659500,32.88
2013-08-19,33.41,33.48,33.28,33.36,1034700,32.60
2013-08-16,33.63,33.70,33.30,33.49,4397200,32.72
2013-08-15,34.49,34.49,33.55,33.75,2099500,32.98
2013-08-14,34.82,34.98,34.72,34.84,998300,34.04
2013-08-13,34.72,34.99,34.60,34.89,1007900,34.09
2013-08-12,34.66,34.90,34.55,34.74,1043500,33.95
2013-08-09,34.96,34.98,34.68,34.83,1390000,34.03
2013-08-08,34.58,35.04,34.50,34.93,847800,34.13
2013-08-07,34.26,34.48,34.15,34.44,1473300,33.65
2013-08-06,34.48,34.55,34.32,34.43,1260800,33.64
2013-08-05,34.42,34.63,34.34,34.55,748700,33.76
2013-08-02,34.34,34.57,34.27,34.54,1269600,33.75
2013-08-01,34.06,34.58,34.02,34.41,1330200,33.62
2013-07-31,34.20,34.22,33.67,33.91,2306200,33.13
2013-07-30,33.93,34.25,33.84,34.18,1397400,33.40
2013-07-29,34.14,34.21,33.75,33.80,2293400,33.03
2013-07-26,35.13,35.25,33.99,34.27,1992400,33.49
2013-07-25,35.11,35.18,34.56,35.14,1903100,34.34
2013-07-24,35.13,35.61,35.05,35.11,1466100,34.31
2013-07-23,35.19,35.23,34.94,35.00,1008100,34.20
2013-07-22,35.27,35.42,35.06,35.13,867900,34.33
2013-07-19,35.46,35.50,35.01,35.30,929000,34.49
2013-07-18,35.18,35.59,35.13,35.44,856400,34.63
2013-07-17,35.27,35.34,35.00,35.13,824100,34.33
2013-07-16,35.28,35.40,35.03,35.14,804500,34.34
2013-07-15,35.26,35.45,35.23,35.31,581500,34.50
2013-07-12,35.33,35.50,35.12,35.26,839400,34.45
2013-07-11,35.12,35.36,35.05,35.33,1056400,34.52
2013-07-10,34.75,35.08,34.60,34.72,992600,33.93
2013-07-09,34.50,34.88,34.47,34.78,881800,33.98
2013-07-08,34.20,34.42,34.05,34.27,1673000,33.49
2013-07-05,33.83,34.18,33.52,34.15,930400,33.37
2013-07-03,33.60,33.78,33.47,33.71,482600,32.94
2013-07-02,34.09,34.31,33.65,33.79,1745700,33.02
2013-07-01,33.97,34.27,33.84,34.14,1658200,33.36
2013-06-28,33.82,34.11,33.72,33.94,2837900,33.16
2013-06-27,33.95,34.02,33.75,33.95,1324200,33.17
2013-06-26,33.75,34.06,33.65,34.03,1860700,33.02
2013-06-25,33.00,33.56,32.93,33.48,1975200,32.49
2013-06-24,33.24,33.24,32.75,32.75,1733600,31.78
2013-06-21,33.62,33.71,33.15,33.45,1975900,32.46
2013-06-20,33.87,33.87,33.31,33.39,1275400,32.40
2013-06-19,34.71,34.75,34.05,34.10,1525900,33.09
2013-06-18,34.27,34.77,34.26,34.75,1132300,33.72
2013-06-17,34.33,34.52,33.97,34.17,1551500,33.16
2013-06-14,33.84,34.19,33.63,34.06,1447100,33.05
2013-06-13,33.33,34.06,33.33,33.98,1713800,32.97
2013-06-12,33.93,33.93,33.57,33.59,1313600,32.60
2013-06-11,33.37,33.87,33.37,33.72,987400,32.72
2013-06-10,33.96,34.12,33.67,33.72,1207400,32.72
2013-06-07,33.43,33.95,32.81,33.92,2539100,32.92
2013-06-06,33.82,33.88,33.35,33.66,1395600,32.66
2013-06-05,34.00,34.04,33.57,33.82,1851100,32.82
2013-06-04,34.31,34.38,33.89,34.15,1861700,33.14
2013-06-03,34.12,34.39,33.81,34.37,1980600,33.35
2013-05-31,34.50,34.66,34.10,34.10,2749700,33.09
2013-05-30,34.26,34.91,34.21,34.65,1720700,33.62
2013-05-29,34.46,34.47,33.85,34.06,1752300,33.05
2013-05-28,34.83,34.92,34.46,34.65,1457400,33.62
2013-05-24,34.62,34.74,34.49,34.62,1123100,33.59
2013-05-23,34.70,35.00,34.54,34.71,1872300,33.68
2013-05-22,35.06,35.28,34.51,34.55,1338200,33.53
2013-05-21,34.98,35.28,34.91,35.09,1113500,34.05
2013-05-20,34.88,35.10,34.84,34.96,1403200,33.92
2013-05-17,34.68,34.98,34.59,34.89,2157800,33.86
2013-05-16,34.33,34.56,34.14,34.54,2434100,33.52
2013-05-15,33.89,34.58,33.73,34.41,2738900,33.39
2013-05-14,33.84,34.00,33.69,33.90,2171400,32.90
2013-05-13,33.97,34.05,33.76,33.79,1334300,32.79
2013-05-10,34.56,34.61,33.94,33.95,2343000,32.94
2013-05-09,34.74,34.89,34.39,34.56,1132700,33.54
2013-05-08,34.93,35.01,34.74,34.83,1041900,33.80
2013-05-07,34.75,35.08,34.68,34.98,1606900,33.94
2013-05-06,34.43,34.71,34.29,34.67,1117300,33.64
2013-05-03,34.28,34.51,34.18,34.48,1403800,33.46
2013-05-02,34.19,34.25,33.88,34.12,896500,33.11
2013-05-01,34.00,34.62,33.96,34.10,1591200,33.09
2013-04-30,33.68,34.29,33.59,34.08,2550400,33.07
2013-04-29,33.76,34.32,33.58,33.67,2092300,32.67
2013-04-26,33.29,34.54,33.12,34.31,3857800,33.29
2013-04-25,33.37,33.87,33.15,33.25,1979900,32.27
2013-04-24,32.80,33.23,32.80,33.21,935500,32.23
2013-04-23,32.62,33.01,32.62,32.81,1282500,31.84
2013-04-22,32.64,32.83,32.28,32.53,1110700,31.57
2013-04-19,32.39,32.74,32.21,32.68,1349000,31.71
2013-04-18,32.51,32.51,32.10,32.26,1217300,31.30
2013-04-17,32.89,32.95,32.16,32.43,1761000,31.47
2013-04-16,32.93,33.23,32.80,33.06,1395200,32.08
2013-04-15,33.39,33.48,32.60,32.80,2441300,31.83
2013-04-12,33.60,33.79,33.46,33.52,1544300,32.53
2013-04-11,33.31,33.77,33.07,33.74,2817600,32.74
2013-04-10,32.80,33.40,32.74,33.36,2664500,32.37
2013-04-09,32.55,32.90,32.50,32.70,1126000,31.73
2013-04-08,32.32,32.51,32.07,32.49,868900,31.53
2013-04-05,32.23,32.44,32.12,32.38,1170600,31.42
2013-04-04,32.43,32.65,32.40,32.50,1019800,31.54
2013-04-03,32.56,32.74,32.26,32.34,1152800,31.38
2013-04-02,32.63,32.94,32.46,32.60,883000,31.63
2013-04-01,32.93,32.99,32.38,32.48,858200,31.52
2013-03-28,32.56,33.01,32.40,33.00,1701100,32.02
2013-03-27,32.18,32.57,32.06,32.56,1205800,31.60
2013-03-26,32.67,32.85,32.53,32.59,1713300,31.40
2013-03-25,32.66,32.90,32.51,32.64,1082900,31.44
2013-03-22,32.51,32.76,32.49,32.65,1054500,31.45
2013-03-21,32.36,32.65,32.36,32.48,942500,31.29
2013-03-20,32.20,32.54,32.20,32.50,1178500,31.31
2013-03-19,32.05,32.33,31.96,32.10,1225300,30.92
2013-03-18,31.77,32.12,31.70,32.07,950800,30.90
2013-03-15,31.71,32.01,31.56,31.97,2170800,30.80
2013-03-14,31.88,31.95,31.80,31.90,1301500,30.73
2013-03-13,31.69,32.21,31.69,31.87,2350000,30.70
2013-03-12,31.72,31.80,31.35,31.54,1041200,30.39
2013-03-11,31.31,31.82,31.19,31.72,1891100,30.56
2013-03-08,31.05,31.33,30.95,31.30,1537800,30.15
2013-03-07,31.11,31.22,30.87,30.87,2393000,29.74
2013-03-06,31.35,31.42,31.01,31.04,2252000,29.90
2013-03-05,31.29,31.46,31.18,31.28,2132400,30.13
2013-03-04,31.12,31.24,30.91,31.20,1278300,30.06
2013-03-01,31.30,31.32,31.01,31.09,1893800,29.95
2013-02-28,31.37,31.57,31.26,31.44,1551900,30.29
2013-02-27,30.93,31.34,30.77,31.30,1951500,30.15
2013-02-26,31.08,31.26,30.68,30.90,2364800,29.77
2013-02-25,31.43,31.57,30.94,30.95,1528400,29.82
2013-02-22,31.03,31.46,30.97,31.34,1085400,30.19
2013-02-21,31.07,31.27,30.94,30.97,1602500,29.84
2013-02-20,31.12,31.34,31.12,31.19,2089800,30.05
2013-02-19,31.35,31.42,30.98,31.17,2551100,30.03
2013-02-15,31.36,31.62,31.26,31.31,1817100,30.16
2013-02-14,31.14,31.44,30.98,31.30,1951900,30.15
2013-02-13,31.26,31.39,31.17,31.22,2156100,30.08
2013-02-12,31.41,31.41,31.16,31.19,2329000,30.05
2013-02-11,31.17,31.55,31.12,31.27,2538000,30.13
2013-02-08,30.87,31.29,29.96,31.12,7228300,29.98
2013-02-07,31.46,31.95,31.46,31.84,2622900,30.67
2013-02-06,31.20,31.56,31.02,31.55,2862300,30.39
2013-02-05,31.51,31.73,31.30,31.39,2142600,30.24
2013-02-04,31.66,31.66,31.36,31.38,1374500,30.23
2013-02-01,32.04,32.20,31.81,31.82,2160300,30.65
2013-01-31,31.45,31.99,31.35,31.89,2987300,30.72
2013-01-30,31.85,31.89,31.50,31.54,2220900,30.39
2013-01-29,31.78,31.94,31.70,31.82,1375300,30.65
2013-01-28,31.34,32.40,31.34,31.78,4893600,30.62
2013-01-25,30.80,31.14,30.72,31.11,1258200,29.97
2013-01-24,30.91,30.95,30.76,30.80,1618800,29.67
2013-01-23,30.80,30.91,30.65,30.87,1085700,29.74
2013-01-22,30.54,30.89,30.47,30.87,1170000,29.74
2013-01-18,30.40,30.60,30.34,30.60,1124700,29.48
2013-01-17,30.26,30.50,30.22,30.39,1254400,29.28
2013-01-16,30.31,30.33,30.01,30.25,1386800,29.14
2013-01-15,30.25,30.33,30.08,30.31,900700,29.20
2013-01-14,30.25,30.41,30.19,30.24,1328500,29.13
2013-01-11,30.17,30.26,30.14,30.19,992900,29.08
2013-01-10,30.04,30.22,29.99,30.19,1636600,29.08
2013-01-09,29.80,30.03,29.68,30.00,1362900,28.90
2013-01-08,29.72,29.84,29.66,29.78,1045300,28.69
2013-01-07,29.72,29.83,29.55,29.72,1121500,28.63
2013-01-04,29.82,29.94,29.73,29.86,1417500,28.77
2013-01-03,29.57,29.95,29.51,29.73,1617300,28.64
2013-01-02,29.61,29.75,29.34,29.53,2366000,28.45
2012-12-31,29.00,29.35,28.82,29.33,1137400,28.26
2012-12-28,29.32,29.32,28.99,29.01,884200,27.95
2012-12-27,29.57,29.58,29.23,29.51,1073400,28.20
2012-12-26,29.71,29.79,29.49,29.56,995000,28.25
2012-12-24,29.74,29.83,29.46,29.74,392500,28.42
2012-12-21,29.77,29.88,29.54,29.79,2105300,28.47
2012-12-20,29.91,29.93,29.64,29.92,1476300,28.59
2012-12-19,29.82,29.97,29.64,29.96,1776600,28.63
2012-12-18,29.35,29.75,29.00,29.74,1543200,28.42
2012-12-17,29.13,29.33,29.09,29.28,1536300,27.98
2012-12-14,29.06,29.28,29.04,29.13,1264100,27.84
2012-12-13,28.98,29.21,28.86,29.13,2226900,27.84
2012-12-12,28.96,29.17,28.86,28.91,2213300,27.63
2012-12-11,29.08,29.10,28.80,28.86,2321600,27.58
2012-12-10,29.07,29.13,28.97,29.03,2700500,27.74
2012-12-07,29.20,29.23,28.98,29.10,1865700,27.81
2012-12-06,29.16,29.19,28.86,29.11,1725800,27.82
2012-12-05,28.71,29.26,28.67,29.13,2650300,27.84
2012-12-04,28.42,28.69,28.37,28.59,1648900,27.32
2012-12-03,28.54,28.58,28.27,28.41,2106600,27.15
2012-11-30,28.27,28.47,28.07,28.47,3561000,27.21
2012-11-29,28.35,28.36,28.11,28.24,1174000,26.99
2012-11-28,27.99,28.28,27.92,28.25,1526400,27.00
2012-11-27,28.09,28.22,27.81,28.07,1857400,26.83
2012-11-26,27.73,28.12,27.73,28.10,1631300,26.86
2012-11-23,27.72,27.93,27.60,27.93,422500,26.69
2012-11-21,27.50,27.65,27.39,27.65,1038100,26.43
2012-11-20,27.32,27.49,27.27,27.48,1505300,26.26
2012-11-19,27.20,27.50,27.02,27.32,4561100,26.11
2012-11-16,26.68,27.05,26.60,27.01,3014300,25.81
2012-11-15,26.49,26.66,26.45,26.62,3309800,25.44
2012-11-14,26.75,26.78,26.48,26.54,3026800,25.36
2012-11-13,26.66,26.82,26.62,26.73,12808100,25.55
2012-11-12,26.73,26.82,26.60,26.75,2010200,25.57
2012-11-09,26.74,26.94,26.70,26.75,1898300,25.57
2012-11-08,26.83,27.07,26.80,26.84,2899700,25.65
2012-11-07,26.90,27.02,26.81,26.90,3996100,25.71
2012-11-06,26.92,27.18,26.85,27.04,2609500,25.84
2012-11-05,26.42,26.93,26.25,26.85,2448600,25.66
2012-11-02,27.44,27.46,26.30,26.48,6996900,25.31
2012-11-01,28.35,28.52,27.96,28.31,2764500,27.06
2012-10-31,28.50,28.90,28.25,28.35,1506300,27.09
2012-10-26,28.50,28.60,28.19,28.22,2288500,26.97
2012-10-25,28.29,28.56,28.18,28.49,990900,27.23
2012-10-24,28.33,28.37,28.02,28.07,1101200,26.83
2012-10-23,28.12,28.36,27.98,28.28,1194400,27.03
2012-10-22,28.33,28.46,28.18,28.36,1329900,27.10
2012-10-19,28.56,28.79,28.17,28.34,2054400,27.08
2012-10-18,28.38,28.69,28.25,28.62,1252100,27.35
2012-10-17,28.02,28.48,27.93,28.44,1760700,27.18
2012-10-16,28.11,28.14,27.58,27.94,1987600,26.70
2012-10-15,27.79,28.04,27.73,28.03,884800,26.79
2012-10-12,27.71,27.94,27.66,27.80,995200,26.57
2012-10-11,27.74,27.78,27.60,27.66,1457300,26.44
2012-10-10,27.59,27.64,27.47,27.56,1476300,26.34
2012-10-09,27.94,28.08,27.63,27.64,1646800,26.42
2012-10-08,27.79,27.99,27.69,27.91,1139400,26.67
2012-10-05,27.69,28.00,27.65,27.86,1245400,26.63
2012-10-04,27.50,27.71,27.31,27.62,1754500,26.40
2012-10-03,27.46,27.73,27.38,27.48,1473700,26.26
2012-10-02,27.40,27.52,27.28,27.40,1523600,26.19
2012-10-01,27.74,27.95,27.24,27.29,2538100,26.08
2012-09-28,27.30,27.53,27.25,27.51,2197200,26.29
2012-09-27,27.17,27.47,27.15,27.33,2587900,26.12
2012-09-26,27.61,27.75,27.32,27.37,1599000,25.93
2012-09-25,28.07,28.16,27.66,27.70,2594200,26.25
2012-09-24,28.01,28.12,27.93,27.99,1703500,26.52
2012-09-21,28.22,28.32,27.96,28.01,4333800,26.54
2012-09-20,28.34,28.39,28.19,28.22,2211900,26.74
2012-09-19,28.57,28.62,28.10,28.52,2400000,27.02
2012-09-18,28.40,28.66,28.36,28.66,2168500,27.16
2012-09-17,28.62,28.90,28.48,28.48,5938100,26.99
2012-09-14,28.82,28.91,28.48,28.61,6339400,27.11
2012-09-13,28.25,28.87,28.15,28.84,5140200,27.33
2012-09-12,28.32,28.41,28.19,28.24,1582000,26.76
2012-09-11,28.15,28.33,28.02,28.22,1813400,26.74
2012-09-10,28.23,28.29,28.09,28.21,1377000,26.73
2012-09-07,28.02,28.39,27.97,28.38,2050300,26.89
2012-09-06,27.60,28.08,27.55,28.02,1672000,26.55
2012-09-05,27.50,27.64,27.35,27.50,1942100,26.06
2012-09-04,27.70,27.70,27.26,27.49,1462300,26.05
2012-08-31,27.79,27.98,27.58,27.65,1201600,26.20
2012-08-30,27.51,27.73,27.47,27.63,1148200,26.18
2012-08-29,27.70,27.79,27.60,27.60,1386700,26.15
2012-08-28,27.64,27.80,27.63,27.71,999200,26.26
2012-08-27,27.86,27.94,27.65,27.71,972400,26.26
2012-08-24,27.75,28.03,27.66,27.84,1092300,26.38
2012-08-23,28.04,28.08,27.79,27.84,1104400,26.38
2012-08-22,28.06,28.20,27.85,28.10,1868100,26.62
2012-08-21,28.35,28.46,28.07,28.09,1691500,26.62
2012-08-20,28.73,28.74,28.18,28.25,2406800,26.77
2012-08-17,28.91,28.97,28.78,28.81,1566100,27.30
2012-08-16,28.75,28.99,28.71,28.90,1176800,27.38
2012-08-15,28.59,28.88,28.59,28.73,982000,27.22
2012-08-14,28.87,28.99,28.58,28.67,1322300,27.17
2012-08-13,28.81,28.81,28.59,28.72,1440800,27.21
2012-08-10,28.75,28.91,28.70,28.84,1235300,27.33
2012-08-09,28.72,28.95,28.68,28.79,1186200,27.28
2012-08-08,28.65,28.82,28.55,28.78,1535100,27.27
2012-08-07,29.06,29.08,28.69,28.84,1519100,27.33
2012-08-06,28.85,29.07,28.84,28.93,1932700,27.41
2012-08-03,28.76,28.90,28.65,28.73,1760600,27.22
2012-08-02,28.47,28.68,28.28,28.30,5024300,26.81
2012-08-01,28.99,29.22,28.42,28.63,3522800,27.13
2012-07-31,28.49,28.96,28.34,28.93,5192100,27.41
2012-07-30,28.18,28.61,28.16,28.56,2585600,27.06
2012-07-27,27.43,28.49,27.31,28.17,5995300,26.69
2012-07-26,27.25,27.41,26.80,27.22,4364600,25.79
2012-07-25,27.11,27.20,26.91,27.12,2248200,25.70
2012-07-24,27.08,27.11,26.84,27.10,2911300,25.68
2012-07-23,26.89,27.12,26.67,27.12,2200800,25.70
2012-07-20,27.38,27.51,27.10,27.22,2269000,25.79
2012-07-19,27.20,27.58,26.99,27.52,2325300,26.08
2012-07-18,26.92,27.20,26.81,27.19,2538200,25.76
2012-07-17,26.80,27.04,26.70,27.00,1899200,25.58
2012-07-16,26.83,26.88,26.63,26.79,2791300,25.38
2012-07-13,26.54,26.88,26.47,26.87,3023900,25.46
2012-07-12,26.29,26.65,26.20,26.55,2466700,25.16
2012-07-11,26.40,26.51,26.09,26.48,5692500,25.09
2012-07-10,26.00,26.39,26.00,26.39,5197800,25.00
2012-07-09,25.77,26.00,25.76,25.97,1813700,24.61
2012-07-06,25.80,26.00,25.77,25.85,1456300,24.49
2012-07-05,26.09,26.14,25.97,26.02,1349400,24.65
2012-07-03,26.08,26.19,26.01,26.10,1605800,24.73
2012-07-02,26.46,26.47,26.10,26.14,2502800,24.77
2012-06-29,25.77,26.47,25.68,26.46,3562200,25.07
2012-06-28,25.27,25.46,25.15,25.42,1627800,24.09
2012-06-27,25.69,25.71,25.52,25.59,1897500,24.04
2012-06-26,25.39,25.60,25.32,25.49,1986600,23.94
2012-06-25,25.42,25.54,25.28,25.39,2137700,23.85
2012-06-22,25.89,25.95,25.54,25.58,3551700,24.03
2012-06-21,26.18,26.34,25.76,25.76,6873700,24.20
2012-06-20,26.21,26.26,25.90,26.15,1331900,24.56
2012-06-19,26.10,26.37,25.98,26.21,1130900,24.62
2012-06-18,25.69,25.89,25.58,25.87,1386000,24.30
2012-06-15,25.93,25.95,25.73,25.78,2115000,24.22
2012-06-14,25.84,25.98,25.71,25.85,1803100,24.28
2012-06-13,25.60,25.88,25.52,25.76,2873400,24.20
2012-06-12,26.04,26.05,25.61,25.65,4293500,24.09
2012-06-11,26.56,26.56,25.91,25.93,1939100,24.36
2012-06-08,26.00,26.31,25.98,26.29,1927100,24.70
2012-06-07,26.33,26.48,26.04,26.06,3887200,24.48
2012-06-06,25.85,26.19,25.81,26.16,2265300,24.57
2012-06-05,25.80,25.95,25.65,25.74,2402700,24.18
2012-06-04,26.16,26.18,25.65,25.83,2651000,24.26
2012-06-01,26.12,26.25,26.03,26.05,3367800,24.47
2012-05-31,26.31,26.48,26.06,26.36,2447900,24.76
2012-05-30,26.61,26.70,26.25,26.26,3374200,24.67
2012-05-29,26.94,26.97,26.53,26.77,3301000,25.15
2012-05-25,26.79,27.00,26.68,26.81,1724400,25.18
2012-05-24,26.81,27.00,26.47,26.66,2427700,25.04
2012-05-23,26.31,26.94,26.28,26.91,2528000,25.28
2012-05-22,26.47,26.67,26.35,26.63,2329600,25.02
2012-05-21,25.96,26.41,25.96,26.41,2259500,24.81
2012-05-18,26.15,26.17,25.90,25.99,5218800,24.41
2012-05-17,25.94,26.03,25.80,25.90,4033700,24.33
2012-05-16,25.91,26.07,25.86,25.97,3087500,24.40
2012-05-15,25.76,25.97,25.47,25.67,3392700,24.11
2012-05-14,26.11,26.11,25.47,25.73,6295100,24.17
2012-05-11,26.89,26.94,26.66,26.72,2368000,25.10
2012-05-10,26.69,27.07,26.62,27.03,3460200,25.39
2012-05-09,26.68,26.74,26.47,26.49,2676800,24.88
2012-05-08,26.80,26.91,26.56,26.82,3382200,25.19
2012-05-07,27.05,27.09,26.81,26.90,2365500,25.27
2012-05-04,27.20,27.31,26.78,26.88,2405800,25.25
2012-05-03,27.53,27.61,27.08,27.16,2664000,25.51
2012-05-02,27.33,27.44,27.17,27.33,3975800,25.67
2012-05-01,27.35,27.61,27.21,27.52,4675400,25.85
2012-04-30,27.33,27.65,27.05,27.37,5632600,25.71
2012-04-27,28.34,28.78,26.96,27.01,17483500,25.37
2012-04-26,31.02,31.14,30.59,31.14,2382700,29.25
2012-04-25,30.93,31.32,30.87,31.04,1643600,29.16
2012-04-24,30.84,30.94,30.72,30.77,1566100,28.90
2012-04-23,30.80,30.83,30.57,30.77,1311200,28.90
2012-04-20,30.92,31.28,30.85,31.01,1782500,29.13
2012-04-19,30.99,31.09,30.60,30.82,1881700,28.95
2012-04-18,30.84,31.21,30.81,30.98,1430700,29.10
2012-04-17,30.83,31.02,30.51,30.96,2061900,29.08
2012-04-16,30.87,30.96,30.66,30.73,1287500,28.87
2012-04-13,30.80,30.85,30.59,30.78,2350800,28.91
2012-04-12,30.55,30.95,30.35,30.89,2072200,29.02
2012-04-11,30.40,30.50,30.16,30.49,1358500,28.64
2012-04-10,30.56,30.67,30.05,30.10,2294500,28.27
2012-04-09,30.38,30.82,30.38,30.65,1538300,28.79
2012-04-05,30.37,30.75,30.22,30.75,1418500,28.89
2012-04-04,30.47,30.57,30.26,30.45,1661500,28.60
2012-04-03,30.87,30.90,30.50,30.70,1573500,28.84
2012-04-02,30.52,31.00,30.43,30.88,2091900,29.01
2012-03-30,30.40,30.62,30.16,30.56,1759300,28.71
2012-03-29,30.24,30.32,30.00,30.29,2047800,28.45
2012-03-28,30.56,30.60,30.28,30.49,2303000,28.43
2012-03-27,30.63,30.74,30.49,30.61,1815000,28.55
2012-03-26,30.41,30.59,30.34,30.52,1262800,28.46
2012-03-23,30.36,30.36,30.07,30.24,1301100,28.20
2012-03-22,30.19,30.40,29.87,30.36,1411000,28.31
2012-03-21,30.30,30.40,30.05,30.30,1107900,28.26
2012-03-20,30.40,30.45,30.20,30.34,1166100,28.29
2012-03-19,30.54,30.67,30.23,30.59,1560400,28.53
2012-03-16,30.56,30.73,30.44,30.50,1432100,28.44
2012-03-15,30.58,30.66,30.51,30.54,997900,28.48
2012-03-14,30.71,30.92,30.56,30.63,1667800,28.57
2012-03-13,30.65,30.76,30.43,30.70,2044400,28.63
2012-03-12,30.53,30.75,30.41,30.56,1196600,28.50
2012-03-09,30.03,30.69,29.85,30.55,2333400,28.49
2012-03-08,29.71,30.08,29.61,30.02,1112200,28.00
2012-03-07,29.65,29.74,29.29,29.52,1523200,27.53
2012-03-06,29.66,29.85,29.54,29.59,1820500,27.60
2012-03-05,29.70,29.87,29.62,29.85,1094100,27.84
2012-03-02,29.88,29.95,29.68,29.82,1425800,27.81
2012-03-01,29.88,30.10,29.75,29.93,1922900,27.91
2012-02-29,29.71,29.95,29.59,29.83,2147400,27.82
2012-02-28,29.75,29.78,29.49,29.62,1510900,27.62
2012-02-27,29.60,29.98,29.43,29.80,1705800,27.79
2012-02-24,29.84,29.92,29.76,29.84,797400,27.83
2012-02-23,29.77,29.94,29.69,29.84,1376600,27.83
2012-02-22,29.78,29.90,29.67,29.77,1714400,27.76
2012-02-21,29.69,29.86,29.62,29.73,2102300,27.73
2012-02-17,29.81,29.89,29.52,29.60,2989900,27.60
2012-02-16,29.79,29.79,29.47,29.69,5178900,27.69
2012-02-15,30.28,30.35,29.67,29.80,3703000,27.79
2012-02-14,30.45,30.49,30.05,30.16,2378200,28.13
2012-02-13,30.27,30.49,30.10,30.45,2703100,28.40
2012-02-10,29.90,30.20,29.44,30.15,3100900,28.12
2012-02-09,30.00,30.20,29.77,30.09,2803400,28.06
2012-02-08,29.72,29.99,29.69,29.96,2195300,27.94
2012-02-07,29.87,29.90,29.67,29.72,2529100,27.72
2012-02-06,29.85,30.05,29.69,29.98,1578600,27.96
2012-02-03,29.97,30.11,29.84,30.04,1679200,28.01
2012-02-02,30.00,30.10,29.62,29.65,2747500,27.65
2012-02-01,29.50,30.14,29.41,30.01,4356200,27.99
2012-01-31,29.15,29.31,29.00,29.28,2302300,27.31
2012-01-30,28.74,29.08,28.55,29.07,2252300,27.11
2012-01-27,28.65,29.04,28.41,28.95,1727400,27.00
2012-01-26,28.79,29.00,28.61,28.69,2482800,26.76
2012-01-25,28.25,28.63,28.03,28.56,1709300,26.63
2012-01-24,28.27,28.41,28.06,28.35,1382700,26.44
2012-01-23,28.05,28.44,28.03,28.38,1586900,26.47
2012-01-20,28.00,28.18,27.82,28.10,2162600,26.21
2012-01-19,27.77,27.96,27.66,27.96,1937100,26.08
2012-01-18,27.50,27.67,27.20,27.66,2905800,25.80
2012-01-17,27.97,28.10,27.49,27.51,1966400,25.66
2012-01-13,28.00,28.00,27.67,27.73,1762700,25.86
2012-01-12,27.44,28.19,27.36,28.17,3707200,26.27
2012-01-11,27.43,27.55,27.00,27.30,2952800,25.46
2012-01-10,27.40,28.12,27.40,27.78,2343000,25.91
2012-01-09,27.91,28.00,27.69,27.74,1675500,25.87
2012-01-06,27.65,27.94,27.37,27.84,6083500,25.96
2012-01-05,27.32,27.81,27.21,27.60,2035700,25.74
2012-01-04,27.47,27.55,27.14,27.40,2869100,25.55
2012-01-03,28.01,28.17,27.30,27.55,3082700,25.69
2011-12-30,27.53,27.60,27.42,27.55,1516600,25.69
2011-12-29,27.12,27.75,27.12,27.60,1651200,25.74
2011-12-28,28.11,28.17,27.67,27.75,1150300,25.67
2011-12-27,27.83,28.17,27.76,28.12,1586100,26.02
2011-12-23,27.45,27.87,27.37,27.87,1314400,25.79
2011-12-22,27.00,27.61,26.95,27.44,2063900,25.39
2011-12-21,26.95,27.00,26.67,26.95,2304000,24.93
2011-12-20,26.77,27.16,26.77,26.90,2373500,24.89
2011-12-19,26.54,27.00,26.37,26.42,2478000,24.44
2011-12-16,27.07,27.08,26.34,26.46,4899500,24.48
2011-12-15,27.15,27.26,26.60,26.77,2513600,24.77
2011-12-14,26.87,27.12,26.76,26.87,2860000,24.86
2011-12-13,27.36,27.63,26.84,26.93,2320400,24.92
2011-12-12,27.39,27.61,27.07,27.24,2202500,25.20
2011-12-09,26.92,27.69,26.85,27.40,2853800,25.35
2011-12-08,27.14,27.25,26.35,26.79,7572900,24.79
2011-12-07,27.15,27.44,26.98,27.35,5957000,25.30
2011-12-06,27.11,27.37,27.05,27.15,2932200,25.12
2011-12-05,27.06,27.26,26.92,27.03,5205100,25.01
2011-12-02,27.53,27.54,26.69,26.78,3298100,24.78
2011-12-01,27.45,27.61,27.29,27.35,1761200,25.30
2011-11-30,27.34,27.64,27.15,27.45,2666100,25.40
2011-11-29,26.69,26.88,26.57,26.81,3226500,24.80
2011-11-28,26.32,26.71,26.17,26.61,2340000,24.62
2011-11-25,25.79,26.12,25.79,25.82,758500,23.89
2011-11-23,26.05,26.12,25.78,25.88,2045800,23.94
2011-11-22,26.14,26.49,26.04,26.24,1809400,24.28
2011-11-21,26.48,26.55,26.08,26.15,2232400,24.19
2011-11-18,26.80,26.95,26.58,26.76,1965300,24.76
2011-11-17,26.82,26.90,26.47,26.63,2788300,24.64
2011-11-16,27.16,27.34,26.90,26.95,2639600,24.93
2011-11-15,27.11,27.48,27.00,27.23,6835600,25.19
2011-11-14,27.63,27.64,27.18,27.26,2327100,25.22
2011-11-11,27.52,27.73,27.47,27.72,1715000,25.65
2011-11-10,27.52,27.67,26.98,27.15,2343300,25.12
2011-11-09,27.47,27.67,27.13,27.19,2597800,25.16
2011-11-08,27.92,28.03,27.57,27.94,3807400,25.85
2011-11-07,28.00,28.08,27.41,27.69,3657300,25.62
2011-11-04,28.05,28.26,27.72,28.18,2105500,26.07
2011-11-03,28.07,28.41,27.84,28.34,3156300,26.22
2011-11-02,28.00,28.18,27.72,27.79,3084200,25.71
2011-11-01,27.87,28.13,27.49,27.60,5142700,25.54
2011-10-31,28.82,29.16,28.44,28.46,3399800,26.33
2011-10-28,29.87,29.95,28.86,28.98,4396300,26.81
2011-10-27,29.96,30.01,29.32,29.52,4784200,27.31
2011-10-26,29.81,29.87,28.81,29.27,3278200,27.08
2011-10-25,29.32,29.79,28.99,29.44,2338200,27.24
2011-10-24,29.09,29.57,29.06,29.49,1672700,27.28
2011-10-21,28.57,28.98,28.57,28.98,2482600,26.81
2011-10-20,28.35,28.57,28.17,28.38,3081100,26.26
2011-10-19,28.52,28.80,28.26,28.36,2408900,26.24
2011-10-18,28.59,28.73,28.20,28.60,4632400,26.46
2011-10-17,28.94,29.00,28.49,28.58,2169500,26.44
2011-10-14,28.74,29.01,28.62,29.01,2048600,26.84
2011-10-13,28.46,28.53,28.22,28.35,1587600,26.23
2011-10-12,28.51,29.07,28.44,28.74,2483600,26.59
2011-10-11,28.57,28.64,28.16,28.35,2499800,26.23
2011-10-10,28.56,28.85,28.32,28.85,1986700,26.69
2011-10-07,28.32,28.51,27.96,28.08,3071900,25.98
2011-10-06,27.71,28.12,27.37,28.11,2538600,26.01
2011-10-05,27.64,27.76,27.19,27.71,2317300,25.64
2011-10-04,26.60,27.35,26.32,27.35,3900000,25.30
2011-10-03,27.84,28.19,26.95,26.95,3948300,24.93
2011-09-30,27.89,28.66,27.85,28.06,2905200,25.96
2011-09-29,28.35,28.40,27.57,28.10,2886200,26.00
2011-09-28,28.50,29.08,28.10,28.12,2734700,25.81
2011-09-27,28.86,29.12,28.57,28.72,2818200,26.36
2011-09-26,27.93,28.33,27.87,28.31,3625700,25.99
2011-09-23,26.88,27.85,26.80,27.79,3586600,25.51
2011-09-22,26.55,27.04,26.39,26.95,4407500,24.74
2011-09-21,28.37,28.42,27.21,27.21,2205400,24.98
2011-09-20,28.50,29.09,28.19,28.42,2307700,26.09
2011-09-19,28.49,28.50,27.80,28.15,2587900,25.84
2011-09-16,29.12,29.12,28.56,28.84,5693800,26.47
2011-09-15,29.22,29.32,28.77,29.02,2207600,26.64
2011-09-14,28.69,29.14,28.06,28.85,2560900,26.48
2011-09-13,28.31,28.74,28.15,28.51,2576200,26.17
2011-09-12,27.93,28.33,27.66,28.27,3297900,25.95
2011-09-09,28.63,28.80,28.13,28.23,2830200,25.91
2011-09-08,29.13,29.36,28.91,29.03,2373100,26.65
2011-09-07,29.19,29.47,29.04,29.32,3029000,26.91
2011-09-06,28.23,28.91,28.10,28.85,2771200,26.48
2011-09-02,29.50,29.63,28.91,29.00,2850900,26.62
2011-09-01,30.30,30.52,29.89,30.00,3163000,27.54
2011-08-31,30.60,30.71,30.09,30.36,3307200,27.87
2011-08-30,30.30,30.58,30.05,30.41,2784400,27.91
2011-08-29,30.01,30.59,29.97,30.50,2501100,28.00
2011-08-26,29.15,29.91,28.65,29.68,3120000,27.24
2011-08-25,29.86,29.87,29.23,29.36,3274100,26.95
2011-08-24,28.82,29.69,28.75,29.67,3672400,27.24
2011-08-23,28.36,28.92,27.89,28.92,3391000,26.55
2011-08-22,28.05,28.20,27.86,28.08,5412100,25.78
2011-08-19,27.13,27.78,27.08,27.50,7198700,25.24
2011-08-18,27.45,27.48,26.66,27.43,8605300,25.18
2011-08-17,28.12,28.44,28.01,28.17,4944200,25.86
2011-08-16,27.67,28.03,27.42,27.91,4495600,25.62
2011-08-15,27.14,28.09,27.14,28.07,4245400,25.77
2011-08-12,26.45,27.21,26.06,26.91,3735700,24.70
2011-08-11,25.47,26.65,25.30,26.33,3635800,24.17
2011-08-10,25.79,26.29,25.30,25.36,5793400,23.28
2011-08-09,25.16,26.28,24.72,26.24,6687300,24.09
2011-08-08,26.33,26.56,24.75,24.76,7145000,22.73
2011-08-05,27.18,27.36,26.46,26.83,6645600,24.63
2011-08-04,27.65,27.88,26.82,26.82,5434900,24.62
2011-08-03,28.05,28.37,27.53,27.81,4555400,25.53
2011-08-02,28.66,28.81,28.03,28.05,4182900,25.75
2011-08-01,29.21,29.44,28.64,28.76,4454200,26.40
2011-07-29,28.64,29.76,28.46,29.03,4148300,26.65
2011-07-28,29.30,29.43,28.46,28.75,5280300,26.39
2011-07-27,29.71,29.73,29.27,29.53,2443100,27.11
2011-07-26,30.08,30.08,29.71,29.81,1712000,27.36
2011-07-25,29.96,30.17,29.89,30.13,1973300,27.66
2011-07-22,30.61,30.61,30.25,30.27,1132500,27.79
2011-07-21,30.20,30.86,30.18,30.68,1786700,28.16
2011-07-20,29.97,30.31,29.87,30.07,2021700,27.60
2011-07-19,29.42,30.11,29.39,29.97,2635300,27.51
2011-07-18,29.63,29.71,29.23,29.31,1756300,26.91
2011-07-15,29.67,29.79,29.43,29.65,3711800,27.22
2011-07-14,30.12,30.41,29.62,29.67,3187600,27.24
2011-07-13,30.20,30.45,30.06,30.09,2540600,27.62
2011-07-12,30.58,30.58,30.12,30.13,2927900,27.66
2011-07-11,30.91,30.93,30.64,30.75,1220700,28.23
2011-07-08,31.34,31.34,31.03,31.28,1366800,28.71
2011-07-07,31.54,31.73,31.43,31.65,1622200,29.05
2011-07-06,31.14,31.33,30.96,31.33,1253200,28.76
2011-07-05,31.16,31.28,31.10,31.12,2197200,28.57
2011-07-01,30.93,31.24,30.92,31.11,2801700,28.56
2011-06-30,30.85,31.04,30.79,30.85,2293400,28.32
2011-06-29,30.86,30.97,30.66,30.85,2291400,28.32
2011-06-28,30.70,30.84,30.62,30.84,1495800,28.13
2011-06-27,30.58,30.71,30.38,30.64,1178500,27.94
2011-06-24,31.04,31.10,30.46,30.49,3358100,27.81
2011-06-23,30.75,31.12,30.32,31.10,2582900,28.36
2011-06-22,30.95,31.29,30.86,31.12,2006200,28.38
2011-06-21,30.90,31.04,30.77,31.03,1104300,28.30
2011-06-20,30.33,30.90,30.22,30.84,1621100,28.13
2011-06-17,30.54,30.61,30.34,30.46,2566300,27.78
2011-06-16,30.06,30.40,29.98,30.29,2630900,27.62
2011-06-15,30.04,30.13,29.62,29.90,2476200,27.27
2011-06-14,30.35,30.43,30.24,30.33,1747100,27.66
2011-06-13,29.94,30.18,29.75,30.10,2477500,27.45
2011-06-10,30.10,30.16,29.84,29.87,1883900,27.24
2011-06-09,30.17,30.37,30.04,30.19,2112200,27.53
2011-06-08,30.12,30.25,29.96,30.17,2899200,27.52
2011-06-07,30.48,30.55,30.16,30.16,1780000,27.51
2011-06-06,30.64,30.67,30.38,30.41,1792200,27.73
2011-06-03,30.81,30.81,30.59,30.61,2079300,27.92
2011-06-02,31.28,31.35,30.89,31.13,2036900,28.39
2011-06-01,31.47,31.58,31.16,31.19,2766300,28.45
2011-05-31,31.70,31.86,31.34,31.52,6619500,28.75
2011-05-27,31.57,31.75,31.47,31.54,1669800,28.76
2011-05-26,31.35,31.54,31.10,31.43,2269900,28.66
2011-05-25,31.44,31.54,31.12,31.41,3005200,28.65
2011-05-24,32.05,32.16,31.64,31.64,2527800,28.86
2011-05-23,31.80,31.95,31.60,31.90,1525900,29.09
2011-05-20,32.80,32.87,32.13,32.15,2491500,29.32
2011-05-19,32.95,33.10,32.83,32.94,2590900,30.04
2011-05-18,32.36,32.93,32.12,32.91,2508500,30.01
2011-05-17,32.25,32.44,31.96,32.31,3820300,29.47
2011-05-16,32.30,32.57,32.17,32.30,1776100,29.46
2011-05-13,32.45,32.57,32.29,32.36,2907300,29.51
2011-05-12,32.10,32.51,31.92,32.48,2865200,29.62
2011-05-11,32.00,32.17,31.92,32.14,2434000,29.31
2011-05-10,31.94,32.09,31.90,32.01,1483800,29.19
2011-05-09,31.89,31.95,31.67,31.91,1660900,29.10
2011-05-06,31.88,32.15,31.77,31.89,2132200,29.08
2011-05-05,31.69,31.80,31.38,31.59,2582000,28.81
2011-05-04,31.95,32.00,31.55,31.81,2578900,29.01
2011-05-03,31.81,32.06,31.57,31.93,5361400,29.12
2011-05-02,31.68,32.10,31.60,31.90,3531000,29.09
2011-04-29,31.00,31.92,30.84,31.62,5374400,28.84
2011-04-28,30.57,31.00,30.35,30.96,4174600,28.24
2011-04-27,30.27,30.67,30.17,30.63,3688800,27.93
2011-04-26,29.84,30.41,29.79,30.27,2304100,27.61
2011-04-25,29.69,29.91,29.42,29.71,2644300,27.10
2011-04-21,29.97,29.99,29.61,29.66,1555200,27.05
2011-04-20,29.75,29.89,29.58,29.89,2241000,27.26
2011-04-19,29.55,29.59,29.24,29.41,1685300,26.82
2011-04-18,29.54,29.58,29.24,29.56,2581500,26.96
2011-04-15,29.98,30.11,29.79,29.79,2212900,27.17
2011-04-14,29.91,29.97,29.75,29.87,1901500,27.24
2011-04-13,30.17,30.20,29.91,30.02,1670500,27.38
2011-04-12,29.76,30.21,29.76,30.07,3482000,27.42
2011-04-11,29.90,30.16,29.78,29.85,1891800,27.22
2011-04-08,30.26,30.26,29.66,29.91,1313300,27.28
2011-04-07,30.19,30.29,29.99,30.12,1463500,27.47
2011-04-06,30.04,30.32,30.03,30.29,2421600,27.62
2011-04-05,30.01,30.11,29.86,29.93,1928400,27.30
2011-04-04,30.09,30.24,30.00,30.13,1336700,27.48
2011-04-01,30.09,30.30,29.99,30.10,2015400,27.45
2011-03-31,30.10,30.23,29.92,30.04,1911500,27.40
2011-03-30,30.11,30.19,30.05,30.14,2110300,27.49
2011-03-29,29.80,30.22,29.77,30.19,2419300,27.35
2011-03-28,29.95,30.18,29.80,29.85,2039800,27.04
2011-03-25,29.65,29.98,29.61,29.87,4296100,27.06
2011-03-24,29.36,29.57,29.13,29.56,2609300,26.78
2011-03-23,28.95,29.23,28.83,29.16,1874500,26.42
2011-03-22,29.51,29.65,28.95,29.00,2759600,26.27
2011-03-21,29.54,29.84,29.48,29.58,1699900,26.80
2011-03-18,29.27,29.47,29.10,29.27,2213400,26.52
2011-03-17,28.95,29.34,28.72,28.95,3790100,26.23
2011-03-16,29.09,29.13,28.36,28.56,4967000,25.87
2011-03-15,28.99,29.40,28.93,29.18,7730000,26.44
2011-03-14,29.62,29.66,29.41,29.59,2904500,26.81
2011-03-11,29.57,29.85,29.46,29.69,3255000,26.90
2011-03-10,29.71,29.98,29.52,29.60,4473600,26.82
2011-03-09,29.92,30.01,29.70,29.92,6163200,27.11
2011-03-08,29.70,30.01,29.43,29.92,3184100,27.11
2011-03-07,29.83,29.95,29.49,29.60,3283800,26.82
2011-03-04,29.73,29.90,29.48,29.78,2143800,26.98
2011-03-03,29.54,29.85,29.51,29.82,2167200,27.02
2011-03-02,28.98,29.31,28.81,29.31,3528600,26.55
2011-03-01,29.63,29.75,28.99,28.99,2424100,26.26
2011-02-28,29.33,29.69,29.28,29.61,3726500,26.83
2011-02-25,29.22,29.34,29.09,29.25,2775200,26.50
2011-02-24,28.79,29.22,28.79,29.06,3720400,26.33
2011-02-23,29.51,29.60,28.86,28.86,4232300,26.15
2011-02-22,29.75,29.94,29.22,29.58,5004200,26.80
2011-02-18,29.99,30.00,29.83,29.99,5166700,27.17
2011-02-17,30.03,30.03,29.91,29.99,5144000,27.17
2011-02-16,29.95,30.11,29.70,30.05,4885300,27.22
2011-02-15,29.94,30.03,29.79,29.84,2918400,27.03
2011-02-14,30.09,30.17,29.69,29.98,3170800,27.16
2011-02-11,30.18,30.51,29.94,30.05,4630000,27.22
2011-02-10,30.41,30.59,30.30,30.41,1563400,27.55
2011-02-09,30.44,30.58,30.26,30.53,2038900,27.66
2011-02-08,30.62,30.66,30.34,30.47,2386000,27.60
2011-02-07,30.31,30.65,30.24,30.55,2087300,27.68
2011-02-04,30.34,30.58,29.95,30.10,2457600,27.27
2011-02-03,30.44,30.49,30.13,30.35,2433500,27.50
2011-02-02,30.34,30.68,30.28,30.50,2214600,27.63
2011-02-01,30.11,30.76,29.89,30.46,5643300,27.60
2011-01-31,30.81,31.05,30.58,30.84,1449500,27.94
2011-01-28,31.25,31.50,30.57,30.69,2164300,27.80
2011-01-27,31.02,31.34,30.95,31.29,1857900,28.35
2011-01-26,30.92,31.10,30.71,31.00,1480800,28.08
2011-01-25,30.51,30.74,30.35,30.71,1392700,27.82
2011-01-24,30.22,30.65,30.16,30.52,1439200,27.65
2011-01-21,30.41,30.48,30.15,30.24,3212900,27.40
2011-01-20,30.32,30.44,30.15,30.38,2340800,27.52
2011-01-19,30.31,30.38,30.04,30.38,2493500,27.52
2011-01-18,29.93,30.33,29.69,30.28,2565100,27.43
2011-01-14,29.32,29.87,29.21,29.85,2410700,27.04
2011-01-13,29.49,29.49,29.23,29.30,1409800,26.54
2011-01-12,29.35,29.54,29.15,29.43,3422200,26.66
2011-01-11,29.38,29.49,29.17,29.24,1851300,26.49
2011-01-10,29.54,29.60,29.22,29.26,2440100,26.51
2011-01-07,29.81,29.91,29.53,29.63,1635500,26.84
2011-01-06,29.63,29.86,29.54,29.79,2177900,26.99
2011-01-05,29.76,29.95,29.56,29.60,1901500,26.82
2011-01-04,30.06,30.06,29.70,29.91,2516500,27.10
2011-01-03,30.03,30.29,29.91,30.05,2264800,27.22
2010-12-31,29.88,29.98,29.79,29.86,1186400,27.05
2010-12-30,29.80,30.06,29.78,29.94,1192000,27.12
2010-12-29,30.24,30.41,30.11,30.11,1126200,27.10
2010-12-28,30.12,30.20,29.87,30.16,2182200,27.14
2010-12-27,29.98,30.11,29.85,30.07,1211700,27.06
2010-12-23,29.99,30.17,29.81,30.16,2499400,27.14
2010-12-22,29.91,30.17,29.91,30.02,2840600,27.02
2010-12-21,30.46,30.50,29.97,29.98,2297200,26.98
2010-12-20,30.33,30.44,30.15,30.34,2778400,27.30
2010-12-17,30.00,30.42,29.98,30.41,3538800,27.37
2010-12-16,30.01,30.10,29.89,29.93,3549500,26.94
2010-12-15,30.04,30.28,29.88,29.98,4160900,26.98
2010-12-14,30.50,30.52,30.03,30.03,3893500,27.03
2010-12-13,30.00,30.42,30.00,30.41,2627000,27.37
2010-12-10,29.83,29.94,29.58,29.93,3585800,26.94
2010-12-09,29.02,29.65,28.92,29.63,4936000,26.67
2010-12-08,28.51,28.89,28.46,28.81,2885200,25.93
2010-12-07,28.98,28.99,28.43,28.45,3240000,25.60
2010-12-06,28.75,28.86,28.31,28.79,5023600,25.91
2010-12-03,29.12,29.18,28.55,28.79,2690500,25.91
2010-12-02,28.70,29.33,28.69,29.33,2789300,26.40
2010-12-01,28.48,28.69,28.30,28.63,2079100,25.77
2010-11-30,28.15,28.19,27.97,28.14,2999800,25.32
2010-11-29,28.01,28.39,27.70,28.34,2698300,25.50
2010-11-26,28.30,28.40,28.09,28.27,780400,25.44
2010-11-24,28.13,28.61,28.12,28.59,1957100,25.73
2010-11-23,27.90,28.07,27.80,28.00,1677700,25.20
2010-11-22,28.00,28.30,27.89,28.16,2679900,25.34
2010-11-19,28.31,28.33,27.83,28.17,3096700,25.35
2010-11-18,28.35,28.50,28.21,28.30,2706000,25.47
2010-11-17,27.85,28.23,27.78,28.04,3973100,25.23
2010-11-16,28.05,28.20,27.70,27.88,3822600,25.09
2010-11-15,28.40,28.56,28.33,28.33,2556200,25.50
2010-11-12,28.16,28.56,28.02,28.27,3767800,25.44
2010-11-11,28.48,28.68,28.11,28.17,3857000,25.35
2010-11-10,28.59,28.71,28.37,28.66,3277300,25.79
2010-11-09,28.44,29.03,28.36,28.59,3949600,25.73
2010-11-08,28.94,28.94,28.39,28.45,6286600,25.60
2010-11-05,29.44,29.44,28.05,29.04,12700600,26.13
2010-11-04,30.02,30.12,29.74,29.95,3807000,26.95
2010-11-03,29.86,30.05,29.57,29.84,2044400,26.85
2010-11-02,29.64,30.04,29.64,29.89,4241600,26.90
2010-11-01,29.90,30.27,29.28,29.45,3830500,26.50
2010-10-29,30.26,30.26,29.70,29.81,4750100,26.83
2010-10-28,30.25,30.50,30.12,30.44,2827100,27.39
2010-10-27,30.38,30.38,29.84,30.08,3837700,27.07
2010-10-26,30.90,31.06,30.51,30.65,2202200,27.58
2010-10-25,30.87,31.22,30.80,30.82,1785400,27.74
2010-10-22,30.90,30.99,30.61,30.71,2178300,27.64
2010-10-21,30.50,30.87,30.50,30.80,3479200,27.72
2010-10-20,30.18,30.70,30.11,30.32,2534700,27.29
2010-10-19,30.06,30.37,29.97,30.08,4403500,27.07
2010-10-18,30.88,30.97,30.17,30.30,3760300,27.27
2010-10-15,31.32,31.41,30.60,30.74,4443100,27.66
2010-10-14,31.89,32.00,31.04,31.05,4616700,27.94
2010-10-13,31.35,32.13,31.24,31.87,3686700,28.68
2010-10-12,31.11,31.22,30.77,31.15,1405900,28.03
2010-10-11,31.24,31.43,31.07,31.24,876300,28.11
2010-10-08,31.08,31.30,31.00,31.22,1479300,28.10
2010-10-07,31.37,31.41,30.95,31.10,1720800,27.99
2010-10-06,30.94,31.34,30.88,31.20,2814800,28.08
2010-10-05,30.45,31.18,30.40,31.05,2789000,27.94
2010-10-04,30.42,30.58,30.02,30.19,2088300,27.17
2010-10-01,30.57,30.74,30.34,30.56,2400800,27.50
2010-09-30,30.69,30.78,30.31,30.49,3327700,27.44
2010-09-29,29.93,30.54,29.82,30.43,3800000,27.39
2010-09-28,29.85,30.21,29.56,30.16,3864200,26.96
2010-09-27,30.48,30.63,29.83,29.89,4420900,26.72
2010-09-24,30.72,30.81,30.47,30.53,3795300,27.29
2010-09-23,30.93,31.00,30.23,30.36,3586000,27.14
2010-09-22,31.54,31.85,31.20,31.22,3051400,27.91
2010-09-21,31.54,31.88,31.44,31.66,2544600,28.30
2010-09-20,31.35,31.67,31.03,31.60,2090300,28.25
2010-09-17,30.98,31.43,30.96,31.21,5000900,27.90
2010-09-16,30.81,31.00,30.68,30.95,2164900,27.67
2010-09-15,30.71,30.85,30.41,30.84,2391800,27.57
2010-09-14,30.78,31.08,30.51,30.79,2839900,27.53
2010-09-13,30.94,30.96,30.57,30.71,1917500,27.45
2010-09-10,30.51,30.71,30.32,30.60,2029900,27.36
2010-09-09,30.67,30.93,30.25,30.43,2924600,27.20
2010-09-08,30.40,30.54,30.00,30.09,3183600,26.90
2010-09-07,30.88,30.99,30.36,30.41,2398400,27.19
2010-09-03,31.09,31.25,30.85,31.14,2454400,27.84
2010-09-02,30.19,30.80,29.72,30.78,4223300,27.52
2010-09-01,29.84,30.59,29.73,30.27,2691200,27.06
2010-08-31,29.66,29.75,29.33,29.43,2789000,26.31
2010-08-30,30.01,30.27,29.82,29.82,1682200,26.66
2010-08-27,29.76,30.28,29.48,30.25,2295300,27.04
2010-08-26,29.92,30.11,29.57,29.64,1960700,26.50
2010-08-25,29.69,29.90,29.26,29.77,2216100,26.61
2010-08-24,29.81,30.09,29.51,29.95,3479300,26.77
2010-08-23,30.64,30.68,30.00,30.06,3507200,26.87
2010-08-20,30.39,30.65,30.04,30.51,4258800,27.28
2010-08-19,29.94,30.65,29.75,30.11,4387900,26.92
2010-08-18,30.21,30.31,29.86,30.00,1755600,26.82
2010-08-17,29.89,30.50,29.74,30.16,2180600,26.96
2010-08-16,29.34,29.70,29.03,29.66,2156600,26.52
2010-08-13,29.42,29.72,29.38,29.40,2343500,26.28
2010-08-12,29.50,29.62,28.97,29.43,4719400,26.31
2010-08-11,30.94,30.94,29.78,29.94,3431000,26.77
2010-08-10,31.57,31.58,31.13,31.28,2182100,27.96
2010-08-09,31.83,31.90,31.62,31.77,1822800,28.40
2010-08-06,31.64,31.66,31.23,31.64,2826300,28.29
2010-08-05,32.24,32.31,31.75,31.84,2671100,28.46
2010-08-04,32.40,32.57,32.31,32.39,1814100,28.96
2010-08-03,32.36,32.49,32.12,32.31,1632100,28.88
2010-08-02,32.32,32.51,32.15,32.47,2073000,29.03
2010-07-30,32.00,32.00,31.06,31.86,2319700,28.48
2010-07-29,32.37,32.45,31.68,31.98,3007700,28.59
2010-07-28,32.18,32.24,31.95,32.12,1397200,28.71
2010-07-27,32.85,32.95,32.17,32.25,2274200,28.83
2010-07-26,32.24,32.67,32.15,32.65,2089300,29.19
2010-07-23,31.64,32.06,31.42,32.06,2023900,28.66
2010-07-22,31.47,31.84,31.30,31.75,3520200,28.38
2010-07-21,30.57,31.10,30.39,31.10,4987200,27.80
2010-07-20,29.85,30.47,29.67,30.45,2068600,27.22
2010-07-19,30.04,30.21,29.76,30.12,1672600,26.93
2010-07-16,30.61,30.76,29.89,29.98,2922700,26.80
2010-07-15,30.38,30.80,30.12,30.74,2311900,27.48
2010-07-14,30.74,30.74,30.13,30.44,2994600,27.21
2010-07-13,30.88,31.04,30.73,30.89,2052700,27.61
2010-07-12,30.56,30.71,30.41,30.59,1197700,27.35
2010-07-09,30.52,30.64,30.38,30.60,1663800,27.36
2010-07-08,30.28,30.55,30.24,30.53,1808800,27.29
2010-07-07,29.42,30.19,29.11,30.12,3717700,26.93
2010-07-06,29.50,29.93,29.21,29.44,2736100,26.32
2010-07-02,29.63,29.74,29.14,29.26,1859900,26.16
2010-07-01,29.90,29.94,29.00,29.53,3637500,26.40
2010-06-30,29.55,30.19,29.37,29.73,2771900,26.58
2010-06-29,30.45,30.45,29.36,29.56,2307300,26.43
2010-06-28,30.99,31.20,30.70,30.89,1937400,27.44
2010-06-25,30.48,30.98,30.02,30.97,3668300,27.52
2010-06-24,30.53,30.85,30.29,30.34,2405600,26.96
2010-06-23,30.62,30.83,30.36,30.63,1811500,27.21
2010-06-22,31.38,31.48,30.56,30.60,2270900,27.19
2010-06-21,31.75,31.92,31.07,31.29,1985700,27.80
2010-06-18,31.56,31.74,31.35,31.52,2576500,28.00
2010-06-17,31.39,31.54,31.02,31.54,2451600,28.02
2010-06-16,31.15,31.36,31.03,31.30,2270200,27.81
2010-06-15,31.20,31.31,30.86,31.29,2934400,27.80
2010-06-14,30.71,31.09,30.71,30.84,2879400,27.40
2010-06-11,30.33,30.67,30.21,30.67,2515800,27.25
2010-06-10,29.92,30.67,29.92,30.65,2925400,27.23
2010-06-09,29.14,29.86,29.14,29.60,4202300,26.30
2010-06-08,28.05,29.00,28.04,28.94,4837600,25.71
2010-06-07,28.57,28.64,28.02,28.07,2567900,24.94
2010-06-04,29.58,29.58,28.39,28.51,3138600,25.33
2010-06-03,29.82,29.99,29.66,29.96,1861100,26.62
2010-06-02,29.23,29.68,28.92,29.68,2482900,26.37
2010-06-01,28.94,29.37,28.68,29.05,3652600,25.81
2010-05-28,29.32,29.37,28.85,29.12,1807300,25.87
2010-05-27,28.79,29.25,28.72,29.25,2952200,25.99
2010-05-26,28.70,28.76,28.26,28.32,3410700,25.16
2010-05-25,27.69,28.47,27.65,28.46,3736400,25.29
2010-05-24,28.51,28.64,28.26,28.27,2183400,25.12
2010-05-21,28.02,28.73,27.72,28.65,4421900,25.45
2010-05-20,29.02,29.02,28.25,28.25,4101000,25.10
2010-05-19,29.68,29.72,29.23,29.41,2764300,26.13
2010-05-18,30.20,30.22,29.64,29.75,3817500,26.43
2010-05-17,29.64,29.89,29.32,29.79,4192800,26.47
2010-05-14,29.84,29.95,29.23,29.58,2763300,26.28
2010-05-13,30.28,30.31,29.95,30.10,3327700,26.74
2010-05-12,30.07,30.38,29.90,30.36,2013800,26.97
2010-05-11,29.87,30.42,29.77,29.99,2634000,26.65
2010-05-10,30.24,30.28,29.77,30.00,2906400,26.65
2010-05-07,29.15,29.37,28.53,28.95,5331400,25.72
2010-05-06,29.89,30.16,27.68,29.08,4698600,25.84
2010-05-05,29.92,30.22,29.65,29.95,2316500,26.61
2010-05-04,31.32,31.32,30.00,30.14,4088700,26.78
2010-05-03,31.19,31.60,31.01,31.58,3606500,28.06
2010-04-30,30.31,31.47,30.31,31.03,5158500,27.57
2010-04-29,30.00,30.28,29.80,30.17,3131200,26.81
2010-04-28,29.79,30.00,29.58,29.80,1868500,26.48
2010-04-27,30.35,30.39,29.56,29.62,3804600,26.32
2010-04-26,30.30,30.77,30.27,30.59,2318500,27.18
2010-04-23,30.18,30.52,29.99,30.27,3829700,26.89
2010-04-22,30.27,30.34,29.96,30.28,2301800,26.90
2010-04-21,30.45,30.61,30.25,30.44,2106200,27.05
2010-04-20,30.35,30.58,30.28,30.49,2481700,27.09
2010-04-19,30.36,30.45,29.91,30.29,1925800,26.91
2010-04-16,30.65,30.91,30.26,30.38,3472600,26.99
2010-04-15,30.52,30.81,30.07,30.69,3530100,27.27
2010-04-14,30.01,30.23,29.76,30.12,3412100,26.76
2010-04-13,30.00,30.00,29.66,29.94,1952700,26.60
2010-04-12,30.07,30.07,29.87,29.99,1857000,26.65
2010-04-09,29.89,29.95,29.70,29.95,1709600,26.61
2010-04-08,29.68,29.84,29.53,29.79,1848500,26.47
2010-04-07,29.62,29.79,29.48,29.68,1774700,26.37
2010-04-06,29.41,29.76,29.28,29.75,1709100,26.43
2010-04-05,29.32,29.50,29.18,29.39,1499700,26.11
2010-04-01,29.26,29.49,29.03,29.18,1587700,25.93
2010-03-31,29.06,29.16,28.79,29.02,2306700,25.78
2010-03-30,29.20,29.25,29.01,29.13,1625400,25.88
2010-03-29,29.07,29.25,28.98,29.22,3546100,25.79
2010-03-26,28.77,29.03,28.68,28.97,2710300,25.57
2010-03-25,28.96,29.06,28.73,28.76,2519300,25.39
2010-03-24,28.86,29.00,28.67,28.84,2736000,25.46
2010-03-23,28.56,29.00,28.48,28.88,2448300,25.49
2010-03-22,28.47,28.63,28.32,28.55,2848600,25.20
2010-03-19,28.55,29.00,28.39,28.55,3551500,25.20
2010-03-18,28.92,28.96,28.75,28.85,2450500,25.47
2010-03-17,28.94,29.04,28.72,28.84,2725100,25.46
2010-03-16,29.09,29.09,28.71,28.84,2965900,25.46
2010-03-15,28.70,29.06,28.64,29.04,2382400,25.63
2010-03-12,28.83,29.01,28.69,28.71,2355000,25.34
2010-03-11,28.68,28.84,28.43,28.80,2608300,25.42
2010-03-10,29.06,29.12,28.48,28.72,4380400,25.35
2010-03-09,29.12,29.27,28.88,29.00,2319400,25.60
2010-03-08,29.51,29.54,29.16,29.24,1474500,25.81
2010-03-05,29.30,29.55,29.20,29.51,2738700,26.05
2010-03-04,29.26,29.26,28.87,29.07,1680100,25.66
2010-03-03,29.30,29.44,29.01,29.23,1505800,25.80
2010-03-02,29.03,29.34,29.01,29.31,2362400,25.87
2010-03-01,28.33,28.91,28.32,28.89,1716500,25.50
2010-02-26,28.21,28.44,28.11,28.14,1711200,24.84
2010-02-25,27.78,28.15,27.56,28.14,2182400,24.84
2010-02-24,27.81,28.07,27.47,28.06,1845900,24.77
2010-02-23,28.00,28.15,27.58,27.66,2165500,24.42
2010-02-22,28.30,28.34,27.92,28.00,2257100,24.72
2010-02-19,27.60,28.27,27.47,28.08,2898300,24.79
2010-02-18,27.42,27.71,27.34,27.63,2154600,24.39
2010-02-17,27.24,27.60,27.10,27.42,2343500,24.20
2010-02-16,26.26,27.29,26.21,27.02,4363500,23.85
2010-02-12,26.45,26.45,25.50,26.03,5628400,22.98
2010-02-11,25.75,26.28,25.50,26.22,2677500,23.14
2010-02-10,25.80,26.01,25.56,25.89,1842800,22.85
2010-02-09,25.84,26.14,25.63,25.87,1957500,22.84
2010-02-08,25.68,25.96,25.41,25.62,1832200,22.61
2010-02-05,25.86,26.19,25.15,25.68,3908000,22.67
2010-02-04,26.54,26.64,25.88,25.92,3138500,22.88
2010-02-03,26.88,27.03,26.60,26.75,2030200,23.61
2010-02-02,26.92,27.19,26.80,27.02,2238900,23.85
2010-02-01,26.82,27.08,26.59,27.00,1131400,23.83
2010-01-29,27.11,27.20,26.70,26.79,1844600,23.65
2010-01-28,27.09,27.10,26.50,26.90,2021600,23.74
2010-01-27,26.87,27.09,26.62,27.04,1682700,23.87
2010-01-26,27.27,27.36,26.93,26.95,2258800,23.79
2010-01-25,27.70,27.83,27.11,27.43,2386600,24.21
2010-01-22,28.00,28.28,27.54,27.58,2158800,24.34
2010-01-21,28.51,29.01,28.11,28.20,2566100,24.89
2010-01-20,28.33,28.36,28.00,28.31,1295400,24.99
2010-01-19,28.35,28.68,28.33,28.59,1575800,25.24
2010-01-15,29.21,29.26,28.36,28.38,2361800,25.05
2010-01-14,29.20,29.30,28.99,29.22,1439700,25.79
2010-01-13,28.96,29.34,28.88,29.28,1198300,25.85
2010-01-12,28.80,28.91,28.54,28.88,1279900,25.49
2010-01-11,29.15,29.43,28.78,28.92,2301600,25.53
2010-01-08,28.79,28.99,28.48,28.93,1375400,25.54
2010-01-07,28.86,29.05,28.67,28.89,1648400,25.50
2010-01-06,28.65,28.97,28.52,28.94,1833400,25.55
2010-01-05,28.64,28.72,28.49,28.72,1204500,25.35
2010-01-04,28.58,28.78,28.37,28.68,1425500,25.32
2009-12-31,28.47,28.56,28.28,28.31,1336500,24.99
2009-12-30,28.44,28.60,28.14,28.54,1227100,25.19
2009-12-29,28.58,28.83,28.40,28.65,1204800,25.12
2009-12-28,28.58,28.58,28.44,28.54,826600,25.03
2009-12-24,28.47,28.73,28.45,28.50,279200,24.99
2009-12-23,28.17,28.48,28.15,28.44,1009400,24.94
2009-12-22,28.23,28.31,27.98,28.08,1440500,24.62
2009-12-21,28.06,28.35,27.83,28.09,1921400,24.63
2009-12-18,27.94,28.17,27.73,27.83,3596300,24.40
2009-12-17,28.69,28.74,27.92,27.97,3124500,24.53
2009-12-16,29.12,29.30,28.51,28.80,4636500,25.25
2009-12-15,29.60,29.62,29.01,29.11,2522300,25.52
2009-12-14,29.80,29.82,29.48,29.51,1691200,25.88
2009-12-11,29.22,29.69,29.22,29.57,1964800,25.93
2009-12-10,28.92,29.45,28.92,29.29,2392900,25.68
2009-12-09,28.96,28.99,28.59,28.83,1351400,25.28
2009-12-08,28.83,29.19,28.50,28.92,2042200,25.36
2009-12-07,28.82,29.14,28.49,29.11,1767100,25.52
2009-12-04,28.84,29.27,28.50,28.78,1920300,25.24
2009-12-03,28.66,28.95,28.45,28.47,993800,24.96
2009-12-02,28.61,28.85,28.29,28.65,1050200,25.12
2009-12-01,28.51,28.71,28.36,28.57,1228300,25.05
2009-11-30,28.06,28.26,27.94,28.20,1407700,24.73
2009-11-27,27.81,28.37,27.64,28.03,841900,24.58
2009-11-25,28.23,28.44,28.03,28.38,1572000,24.88
2009-11-24,27.90,28.23,27.71,28.23,1415600,24.75
2009-11-23,27.75,28.40,27.72,27.86,1628600,24.43
2009-11-20,27.49,27.57,27.24,27.40,1089600,24.03
2009-11-19,28.01,28.02,27.41,27.52,1087700,24.13
2009-11-18,28.39,28.40,27.98,28.09,1164900,24.63
2009-11-17,28.13,28.37,27.90,28.34,1627600,24.85
2009-11-16,27.59,28.07,27.59,27.97,1273000,24.53
2009-11-13,27.02,27.56,26.98,27.52,2565900,24.13
2009-11-12,27.54,27.56,27.02,27.05,1496600,23.72
2009-11-11,27.57,28.09,27.40,27.58,1434700,24.18
2009-11-10,27.36,27.55,27.33,27.47,2784100,24.09
2009-11-09,26.79,27.50,26.73,27.48,2117700,24.10
2009-11-06,26.71,27.06,26.46,26.66,1762300,23.38
2009-11-05,26.54,26.91,26.54,26.91,1902500,23.60
2009-11-04,26.16,26.82,25.93,26.41,2093900,23.16
2009-11-03,26.14,26.32,25.69,26.07,3879000,22.86
2009-11-02,25.80,26.28,25.80,26.13,2535000,22.91
2009-10-30,26.28,26.60,25.80,25.91,2932300,22.72
2009-10-29,26.40,26.56,25.67,26.35,3173200,23.10
2009-10-28,26.89,26.89,26.29,26.29,2525600,23.05
2009-10-27,26.64,27.16,26.57,26.87,2223100,23.56
2009-10-26,26.77,27.23,26.65,26.70,2435000,23.41
2009-10-23,27.15,27.72,26.75,26.80,4064000,23.50
2009-10-22,27.85,27.98,27.58,27.71,3777100,24.30
2009-10-21,27.85,28.35,27.74,27.77,1888400,24.35
2009-10-20,27.86,28.00,27.50,27.90,1277200,24.46
2009-10-19,27.63,28.00,27.49,27.92,1248200,24.48
2009-10-16,27.45,27.79,27.21,27.64,2346600,24.24
2009-10-15,26.80,27.61,26.80,27.58,2466700,24.18
2009-10-14,26.86,27.00,26.57,27.00,3807400,23.67
2009-10-13,26.55,26.73,26.51,26.68,2921700,23.39
2009-10-12,26.96,26.97,26.60,26.62,2103900,23.34
2009-10-09,26.76,26.97,26.67,26.97,1368600,23.65
2009-10-08,26.51,26.83,26.33,26.78,1695000,23.48
2009-10-07,26.14,26.32,25.95,26.31,2277600,23.07
2009-10-06,25.98,26.21,25.78,26.18,2003800,22.96
2009-10-05,25.65,26.01,25.48,25.80,2080800,22.62
2009-10-02,25.59,25.91,25.44,25.77,1963600,22.60
2009-10-01,26.54,26.54,25.66,25.81,2430500,22.63
2009-09-30,26.75,26.81,26.20,26.57,2333100,23.30
2009-09-29,26.89,26.95,26.56,26.75,1295700,23.46
2009-09-28,26.44,27.05,26.42,26.94,1289600,23.46
2009-09-25,26.49,26.66,26.15,26.31,1415800,22.91
2009-09-24,26.81,26.90,26.36,26.57,1503900,23.13
2009-09-23,26.90,27.15,26.58,26.79,1506400,23.32
2009-09-22,26.91,27.16,26.62,26.91,1987200,23.43
2009-09-21,27.26,27.27,26.73,26.83,1856000,23.36
2009-09-18,27.11,27.32,26.98,27.30,1971100,23.77
2009-09-17,26.97,27.25,26.82,27.05,1637900,23.55
2009-09-16,26.74,27.12,26.67,27.10,1081700,23.59
2009-09-15,25.81,26.75,25.01,26.72,1050200,23.26
2009-09-14,26.19,26.75,26.13,26.69,1778600,23.24
2009-09-11,26.62,26.78,26.33,26.39,1742100,22.98
2009-09-10,26.58,26.58,26.26,26.56,1869800,23.12
2009-09-09,26.28,26.70,26.20,26.54,2088500,23.11
2009-09-08,26.00,26.38,25.99,26.33,2793300,22.92
2009-09-04,25.71,25.97,25.48,25.96,1119100,22.60
2009-09-03,25.32,25.72,25.24,25.69,1883100,22.37
2009-09-02,25.61,25.61,25.04,25.43,2112100,22.14
2009-09-01,25.52,26.30,25.25,25.51,2006700,22.21
2009-08-31,25.66,25.98,25.49,25.61,1119800,22.30
2009-08-28,26.23,26.26,25.56,25.73,1466900,22.40
2009-08-27,25.93,26.04,25.41,25.98,1016200,22.62
2009-08-26,25.71,25.99,25.65,25.84,1309000,22.50
2009-08-25,26.03,26.28,25.67,25.71,1345400,22.38
2009-08-24,26.15,26.23,25.80,25.90,1127200,22.55
2009-08-21,25.30,26.16,25.21,26.02,1900800,22.65
2009-08-20,25.07,25.32,24.99,25.18,1513600,21.92
2009-08-19,24.94,25.25,24.82,25.18,1305300,21.92
2009-08-18,25.19,25.26,24.77,25.14,2011400,21.89
2009-08-17,24.87,25.16,24.24,25.16,2153100,21.91
2009-08-14,25.67,25.67,24.95,25.24,2121100,21.98
2009-08-13,25.49,25.64,25.29,25.55,1370400,22.25
2009-08-12,24.92,25.71,24.90,25.46,1629700,22.17
2009-08-11,24.86,25.01,24.63,24.92,1436800,21.70
2009-08-10,24.88,25.16,24.71,25.10,1727700,21.85
2009-08-07,24.73,25.15,24.62,25.01,2549300,21.78
2009-08-06,25.03,25.25,24.15,24.46,2842700,21.30
2009-08-05,24.94,25.09,24.75,24.99,3754200,21.76
2009-08-04,25.30,25.40,24.66,24.84,4324800,21.63
2009-08-03,26.78,26.78,25.24,25.34,6813500,22.06
2009-07-31,26.23,26.86,26.13,26.60,2963100,23.16
2009-07-30,27.34,27.34,26.14,26.27,3939300,22.87
2009-07-29,26.44,26.57,26.02,26.38,3234600,22.97
2009-07-28,26.39,26.75,26.23,26.59,1637000,23.15
2009-07-27,26.49,26.55,26.05,26.51,1874200,23.08
2009-07-24,26.34,26.74,25.92,26.49,1927600,23.06
2009-07-23,26.27,26.54,26.01,26.51,2469500,23.08
2009-07-22,26.31,26.50,25.84,26.30,2028500,22.90
2009-07-21,26.62,26.95,25.87,26.39,2011600,22.98
2009-07-20,26.26,26.59,26.05,26.40,1956000,22.99
2009-07-17,25.81,26.37,25.20,26.20,3082800,22.81
2009-07-16,25.67,26.00,25.36,25.94,2593800,22.58
2009-07-15,25.02,25.78,25.02,25.68,4316800,22.36
2009-07-14,24.43,25.04,24.36,25.02,2613000,21.78
2009-07-13,23.92,24.59,23.92,24.58,2774600,21.40
2009-07-10,23.53,24.06,23.41,23.99,2147600,20.89
2009-07-09,23.87,23.94,23.48,23.70,1989300,20.63
2009-07-08,23.32,23.98,23.32,23.85,3647500,20.77
2009-07-07,23.84,24.00,23.32,23.41,1446200,20.38
2009-07-06,23.49,24.00,23.46,23.94,1575100,20.84
2009-07-02,24.01,24.31,23.69,23.69,1926100,20.63
2009-07-01,24.50,24.71,24.11,24.27,2463900,21.13
2009-06-30,24.11,24.45,23.90,24.41,2637100,21.25
2009-06-29,23.94,24.32,23.82,24.29,1588400,21.15
2009-06-26,24.03,24.36,23.45,23.93,2853400,20.67
2009-06-25,23.11,24.14,23.02,24.14,2439300,20.85
2009-06-24,22.62,23.55,22.33,23.19,2592900,20.03
2009-06-23,22.77,22.89,22.45,22.57,1876600,19.49
2009-06-22,23.16,23.54,22.55,22.81,2748100,19.70
2009-06-19,23.55,23.64,23.16,23.49,2644700,20.29
2009-06-18,23.12,23.53,22.89,23.44,1573200,20.25
2009-06-17,22.39,23.16,22.39,23.04,1984300,19.90
2009-06-16,22.93,23.01,22.31,22.45,1955800,19.39
2009-06-15,23.23,23.45,22.69,22.82,1815500,19.71
2009-06-12,23.23,23.52,22.85,23.49,1559000,20.29
2009-06-11,22.84,23.48,22.59,23.29,2506300,20.12
2009-06-10,22.85,23.00,22.26,22.64,1712200,19.56
2009-06-09,22.32,22.82,22.32,22.66,1823700,19.57
2009-06-08,22.77,22.81,21.69,22.48,3141400,19.42
2009-06-05,23.07,23.25,22.90,23.00,2227400,19.87
2009-06-04,22.79,23.06,22.63,22.70,1710100,19.61
2009-06-03,23.08,23.58,22.54,22.78,1760100,19.68
2009-06-02,23.57,23.71,23.14,23.20,2341900,20.04
2009-06-01,23.11,23.69,23.05,23.61,2264400,20.39
2009-05-29,22.24,22.83,22.10,22.79,3481600,19.68
2009-05-28,21.59,22.49,21.50,22.24,3475800,19.21
2009-05-27,22.27,22.48,21.43,21.50,2869600,18.57
2009-05-26,21.45,22.43,21.29,22.32,2070300,19.28
2009-05-22,21.59,21.96,21.45,21.54,1192400,18.61
2009-05-21,21.95,21.95,21.33,21.53,1513500,18.60
2009-05-20,22.38,22.71,22.01,22.07,1849200,19.06
2009-05-19,22.70,22.87,22.03,22.27,2762800,19.24
2009-05-18,22.29,22.68,21.93,22.67,3309000,19.58
2009-05-15,22.50,22.67,22.00,22.17,1730100,19.15
2009-05-14,22.12,22.80,22.03,22.59,1693000,19.51
2009-05-13,22.69,22.69,21.98,22.12,2273800,19.11
2009-05-12,23.50,23.73,22.57,22.99,2167400,19.86
2009-05-11,23.76,23.81,23.36,23.42,3068400,20.23
2009-05-08,22.84,23.82,22.84,23.77,3695400,20.53
2009-05-07,23.31,23.42,22.51,22.87,2911200,19.75
2009-05-06,23.05,23.64,22.96,23.16,2532200,20.00
2009-05-05,22.93,23.06,22.50,23.05,3707200,19.91
2009-05-04,22.64,22.88,22.40,22.76,4825500,19.66
2009-05-01,21.65,23.06,21.42,22.68,6153200,19.59
2009-04-30,20.71,21.13,20.53,21.00,5312700,18.14
2009-04-29,19.70,20.94,19.65,20.71,5061700,17.89
2009-04-28,19.47,19.69,19.10,19.53,3908300,16.87
2009-04-27,19.36,19.99,19.31,19.68,2430700,17.00
2009-04-24,19.62,19.80,19.32,19.51,2976200,16.85
2009-04-23,19.67,19.67,19.20,19.50,3433400,16.84
2009-04-22,19.73,20.00,19.50,19.59,3763700,16.92
2009-04-21,19.39,19.94,19.32,19.91,3238700,17.20
2009-04-20,20.20,20.24,19.19,19.49,4562500,16.83
2009-04-17,19.86,20.58,19.78,20.43,4134000,17.65
2009-04-16,19.67,20.06,19.05,19.78,5671000,17.08
2009-04-15,19.76,20.08,19.30,19.60,4399000,16.93
2009-04-14,19.75,19.96,19.24,19.77,4065300,17.08
2009-04-13,19.35,19.95,19.15,19.81,3122500,17.11
2009-04-09,18.88,19.59,18.77,19.44,4275500,16.79
2009-04-08,18.69,18.82,18.48,18.71,3102900,16.16
2009-04-07,18.51,18.95,18.24,18.65,4629700,16.11
2009-04-06,18.07,18.78,18.04,18.71,4297600,16.16
2009-04-03,17.91,18.32,17.77,18.18,3656800,15.70
2009-04-02,17.13,18.37,16.68,18.01,5340800,15.56
2009-04-01,16.94,17.10,16.31,16.88,3957900,14.58
2009-03-31,16.92,17.54,16.82,17.15,3557600,14.81
2009-03-30,16.97,17.40,16.69,16.82,3519600,14.53
2009-03-27,17.37,17.71,17.17,17.54,2999400,14.99
2009-03-26,17.62,17.79,17.16,17.60,2849200,15.04
2009-03-25,17.54,17.90,16.98,17.45,3937900,14.91
2009-03-24,17.37,17.59,16.93,17.33,3628600,14.81
2009-03-23,17.23,17.57,16.75,17.57,3284600,15.01
2009-03-20,17.59,17.86,16.94,16.97,3109100,14.50
2009-03-19,17.67,17.84,17.32,17.55,4791400,14.99
2009-03-18,17.10,17.81,16.71,17.52,3701200,14.97
2009-03-17,17.13,17.31,16.83,17.15,2754000,14.65
2009-03-16,17.35,17.68,17.06,17.15,3803200,14.65
2009-03-13,16.75,17.31,16.42,17.19,4138800,14.69
2009-03-12,15.88,16.98,15.88,16.72,4498200,14.29
2009-03-11,16.08,16.11,15.50,15.85,6282000,13.54
2009-03-10,16.32,16.47,15.05,15.95,10230200,13.63
2009-03-09,16.49,17.17,15.99,16.10,5029600,13.76
2009-03-06,17.31,17.93,16.06,16.47,6067300,14.07
2009-03-05,18.52,18.63,17.18,17.31,4717900,14.79
2009-03-04,19.34,19.34,18.45,18.64,4942200,15.93
2009-03-03,18.91,19.53,18.85,18.99,6221200,16.22
2009-03-02,19.56,19.68,18.51,18.74,5218900,16.01
2009-02-27,20.84,21.20,19.36,19.90,8188800,17.00
2009-02-26,22.85,22.88,21.82,21.84,3661900,18.66
2009-02-25,22.50,23.12,22.25,22.71,4548400,19.40
2009-02-24,22.70,23.03,22.25,22.73,4299800,19.42
2009-02-23,23.98,24.30,22.69,22.77,3870200,19.45
2009-02-20,23.74,23.99,23.00,23.81,3484200,20.34
2009-02-19,23.89,24.19,23.72,23.84,2144200,20.37
2009-02-18,23.80,24.02,23.25,23.76,2854500,20.30
2009-02-17,23.34,23.95,23.17,23.63,2937800,20.19
2009-02-13,24.58,24.62,23.94,24.10,4295300,20.59
2009-02-12,23.51,24.67,22.86,24.59,4787500,21.01
2009-02-11,23.74,24.07,23.47,23.79,3251400,20.33
2009-02-10,24.00,24.55,23.39,23.58,4026700,20.15
2009-02-09,24.38,24.61,23.96,24.54,2822500,20.97
2009-02-06,24.56,24.78,24.31,24.44,3807200,20.88
2009-02-05,24.71,24.93,24.22,24.49,4047900,20.92
2009-02-04,25.12,25.55,24.66,24.82,3343100,21.21
2009-02-03,25.36,25.53,24.91,25.11,3615100,21.45
2009-02-02,25.54,25.79,24.78,25.27,3892000,21.59
2009-01-30,26.28,26.54,25.76,25.86,4624900,22.09
2009-01-29,26.34,26.81,26.14,26.23,2735200,22.41
2009-01-28,26.48,26.70,26.28,26.60,2791800,22.73
2009-01-27,26.14,26.44,25.99,26.29,2625900,22.46
2009-01-26,25.48,26.20,25.48,25.95,2975300,22.17
2009-01-23,25.35,25.98,25.26,25.46,3470200,21.75
2009-01-22,25.91,26.10,25.02,25.83,4424800,22.07
2009-01-21,25.40,26.12,25.33,25.91,4015500,22.14
2009-01-20,25.46,25.95,25.11,25.14,4290000,21.48
2009-01-16,24.85,25.72,24.56,25.54,4530100,21.82
2009-01-15,22.88,24.63,22.54,24.60,4062200,21.02
2009-01-14,23.71,23.71,22.46,22.85,2916300,19.52
2009-01-13,24.31,24.47,23.49,23.90,2932400,20.42
2009-01-12,25.28,25.35,24.00,24.27,3852600,20.74
2009-01-09,25.83,26.04,25.12,25.23,2599900,21.56
2009-01-08,25.26,25.62,25.12,25.60,3864200,21.87
2009-01-07,25.39,25.61,25.00,25.28,2928500,21.60
2009-01-06,25.72,26.52,25.44,25.84,3714800,22.08
2009-01-05,24.99,25.64,24.68,25.61,3049900,21.88
2009-01-02,24.99,25.20,24.54,25.07,3736300,21.42
2008-12-31,23.80,25.00,23.68,24.79,2716100,21.18
2008-12-30,23.30,23.79,23.00,23.78,2043700,20.32
2008-12-29,23.12,23.35,22.73,23.22,1509600,19.68
2008-12-26,22.94,23.16,22.78,23.11,696600,19.58
2008-12-24,22.79,23.01,22.65,22.97,498100,19.46
2008-12-23,23.85,23.85,22.62,22.72,2233700,19.25
2008-12-22,23.49,23.53,22.94,23.42,2306300,19.85
2008-12-19,22.92,23.80,22.88,23.51,3405300,19.92
2008-12-18,22.69,23.52,22.38,22.75,3584400,19.28
2008-12-17,22.92,23.31,22.22,22.66,3258400,19.20
2008-12-16,23.59,23.85,22.77,23.43,4042100,19.85
2008-12-15,24.07,24.39,22.79,23.36,3026200,19.80
2008-12-12,22.12,23.83,21.97,23.83,4478700,20.19
2008-12-11,23.37,23.61,22.27,22.58,2764100,19.13
2008-12-10,23.73,24.25,23.59,23.83,5173900,20.19
2008-12-09,23.51,23.93,22.95,23.74,4654100,20.12
2008-12-08,23.27,24.00,22.95,23.50,3896400,19.91
2008-12-05,21.70,22.78,21.17,22.60,4911600,19.15
2008-12-04,21.79,22.74,21.62,21.62,31099500,18.32
2008-12-03,22.13,23.73,21.76,22.03,9232400,18.67
2008-12-02,22.11,22.68,21.64,21.98,3020200,18.63
2008-12-01,23.62,23.78,21.85,21.88,2318700,18.54
2008-11-28,22.60,24.00,22.54,24.00,1128500,20.34
2008-11-26,20.73,23.27,20.73,22.57,1683900,19.13
2008-11-25,22.97,23.58,22.14,23.35,2683000,19.79
2008-11-24,21.53,23.18,21.06,22.84,2493200,19.35
2008-11-21,20.95,21.39,19.77,21.13,2371700,17.91
2008-11-20,22.00,22.21,20.18,20.55,3479900,17.41
2008-11-19,23.60,24.37,22.21,22.27,1944900,18.87
2008-11-18,23.41,24.14,22.93,23.64,2563200,20.03
2008-11-17,24.43,24.76,23.16,23.37,2431100,19.80
2008-11-14,25.35,25.75,24.47,24.70,1697200,20.93
2008-11-13,24.56,25.75,23.61,25.75,3008700,21.82
2008-11-12,24.15,25.32,23.77,24.49,3749400,20.75
2008-11-11,23.87,24.86,23.38,24.49,1510700,20.75
2008-11-10,24.43,24.58,23.86,24.15,1249000,20.46
2008-11-07,23.44,24.07,23.32,23.96,1418800,20.30
2008-11-06,23.95,24.26,23.14,23.30,2702700,19.74
2008-11-05,24.28,24.61,23.82,24.11,1442800,20.43
2008-11-04,24.27,24.60,24.13,24.50,1052800,20.76
2008-11-03,23.91,24.41,23.68,23.93,1764100,20.28
2008-10-31,23.77,24.15,22.50,23.70,2466200,20.08
2008-10-30,21.34,23.67,21.06,23.67,2747000,20.06
2008-10-29,19.52,21.18,19.44,20.29,2342400,17.19
2008-10-28,18.65,19.56,18.25,19.56,2190600,16.58
2008-10-27,19.72,19.72,18.40,18.43,2109400,15.62
2008-10-24,19.00,20.26,18.98,19.86,1955800,16.83
2008-10-23,21.58,22.04,19.84,20.66,1960800,17.51
2008-10-22,22.49,22.76,20.79,21.44,2491900,18.17
2008-10-21,23.64,23.85,22.68,22.82,2120200,19.34
2008-10-20,22.45,23.93,22.45,23.85,2494500,20.21
2008-10-17,21.51,23.37,21.34,22.24,1984500,18.85
2008-10-16,21.73,22.02,20.55,21.98,2632100,18.63
2008-10-15,23.46,23.70,21.62,21.62,1601900,18.32
2008-10-14,25.22,25.69,23.20,23.82,3066200,20.19
2008-10-13,23.25,24.87,22.25,24.50,3363900,20.76
2008-10-10,22.29,23.58,19.99,22.50,2430200,19.07
2008-10-09,24.26,25.09,22.58,22.98,1299600,19.47
2008-10-08,24.81,25.83,23.17,24.25,3113200,20.55
2008-10-07,27.58,27.58,25.10,25.25,1720800,21.40
2008-10-06,27.72,27.72,25.89,27.03,1800100,22.91
2008-10-03,28.41,29.26,28.25,28.35,1141600,24.02
2008-10-02,29.39,29.39,27.76,28.08,2092100,23.79
2008-10-01,29.47,29.96,29.21,29.41,1383200,24.92
2008-09-30,30.34,30.43,29.33,29.98,1554600,25.40
2008-09-29,30.83,30.90,29.72,29.92,1215500,25.35
2008-09-26,31.01,31.31,30.58,31.23,544200,26.30
2008-09-25,31.40,31.92,31.05,31.51,735100,26.54
2008-09-24,30.77,31.42,29.66,31.22,946200,26.29
2008-09-23,31.62,33.51,30.30,30.79,883400,25.93
2008-09-22,31.67,33.00,31.36,31.50,809900,26.53
2008-09-19,33.61,36.52,30.75,31.84,2199600,26.82
2008-09-18,29.15,32.91,29.00,32.73,2303400,27.57
2008-09-17,31.13,31.13,28.69,28.87,2102100,24.32
2008-09-16,32.63,32.63,29.77,31.48,2481400,26.51
2008-09-15,33.83,33.99,32.52,32.76,1206300,27.59
2008-09-12,33.43,34.50,32.93,34.50,1131500,29.06
2008-09-11,32.55,33.52,32.15,33.50,764700,28.22
2008-09-10,33.06,33.08,32.07,32.78,1053800,27.61
2008-09-09,33.53,33.68,32.71,32.97,1182700,27.77
2008-09-08,33.60,34.00,33.00,33.71,869400,28.39
2008-09-05,32.65,33.32,32.16,33.09,1690500,27.87
2008-09-04,32.95,33.14,32.70,32.74,1214000,27.58
2008-09-03,33.33,33.90,32.74,33.14,1415500,27.91
2008-09-02,33.14,33.58,32.84,33.39,1468300,28.12
2008-08-29,33.09,33.28,32.75,32.87,555900,27.68
2008-08-28,32.91,33.31,32.56,33.24,971600,28.00
2008-08-27,32.60,32.90,32.57,32.77,757400,27.60
2008-08-26,32.97,33.00,32.47,32.62,843800,27.47
2008-08-25,32.95,33.16,32.82,32.92,599800,27.73
2008-08-22,32.90,33.28,32.74,33.21,585300,27.97
2008-08-21,32.47,33.05,32.46,32.79,1132800,27.62
2008-08-20,32.65,32.98,32.48,32.67,1525100,27.52
2008-08-19,33.01,33.25,32.50,32.60,1127700,27.46
2008-08-18,33.25,33.47,32.78,33.06,1304000,27.84
2008-08-15,34.22,34.28,33.15,33.15,1629500,27.92
2008-08-14,34.02,34.20,33.58,33.94,2355500,28.59
2008-08-13,34.55,34.70,33.74,34.18,1428100,28.79
2008-08-12,34.90,35.05,34.39,34.55,2542100,29.10
2008-08-11,35.30,35.30,34.57,35.05,5464900,29.52
2008-08-08,34.45,34.86,34.33,34.86,2361000,29.36
2008-08-07,34.20,34.77,33.65,34.29,1623500,28.88
2008-08-06,33.57,34.99,33.15,34.52,3402600,29.07
2008-08-05,32.51,33.78,32.25,33.72,1827300,28.40
2008-08-04,32.64,32.79,32.22,32.29,1218400,27.20
2008-08-01,31.90,32.64,31.80,32.51,2426300,27.38
2008-07-31,32.23,32.67,32.12,32.50,1455900,27.37
2008-07-30,32.29,32.60,32.00,32.35,1838200,27.25
2008-07-29,31.95,32.26,31.87,32.08,1904600,27.02
2008-07-28,32.51,32.67,31.51,32.05,3620200,26.99
2008-07-25,32.75,33.13,32.45,32.71,1593500,27.55
2008-07-24,32.67,33.21,32.67,32.98,2349100,27.78
2008-07-23,32.39,32.86,32.10,32.67,2255300,27.52
2008-07-22,32.25,33.21,32.11,32.39,2216600,27.28
2008-07-21,32.68,33.01,32.44,32.88,2112300,27.69
2008-07-18,32.60,32.70,31.96,32.45,4030100,27.33
2008-07-17,31.50,32.51,31.10,32.50,3720300,27.37
2008-07-16,30.41,31.43,30.40,31.43,2977100,26.47
2008-07-15,31.33,31.62,30.21,30.37,6061300,25.58
2008-07-14,33.01,33.11,30.78,31.76,13719400,26.75
2008-07-11,28.34,28.34,27.39,27.90,3075500,23.50
2008-07-10,28.26,28.56,27.29,28.44,2095200,23.95
2008-07-09,29.14,29.21,28.10,28.34,2861100,23.87
2008-07-08,28.32,29.28,28.30,29.16,2456200,24.56
2008-07-07,29.16,29.20,28.19,28.61,3547600,24.10
2008-07-03,33.11,33.11,28.95,29.15,2219300,24.55
2008-07-02,29.06,29.44,28.72,28.93,3404100,24.37
2008-07-01,29.46,29.46,28.96,29.10,4099900,24.51
2008-06-30,29.50,30.17,29.09,29.70,2995700,25.01
2008-06-27,30.45,30.45,29.62,29.69,2796900,25.01
2008-06-26,31.87,31.87,30.46,30.46,1921100,25.51
2008-06-25,31.19,32.23,31.15,31.73,2738100,26.58
2008-06-24,30.80,31.07,30.70,30.73,3062100,25.74
2008-06-23,31.27,31.43,30.63,30.98,4286700,25.95
2008-06-20,31.20,31.37,30.75,31.19,2146000,26.12
2008-06-19,31.50,31.58,30.76,31.51,1554300,26.39
2008-06-18,32.00,32.23,31.13,31.53,1904300,26.41
2008-06-17,31.65,32.29,31.44,32.25,2313700,27.01
2008-06-16,31.50,32.57,31.40,31.49,3639300,26.37
2008-06-13,33.80,34.44,33.48,33.85,1711500,28.35
2008-06-12,33.10,34.24,33.03,33.66,1029000,28.19
2008-06-11,33.84,33.94,32.78,32.81,1069700,27.48
2008-06-10,33.89,34.11,33.66,33.84,926000,28.34
2008-06-09,34.16,34.25,33.69,34.07,866200,28.54
2008-06-06,33.97,34.44,33.81,34.01,1103600,28.48
2008-06-05,33.16,34.27,32.98,34.25,1031700,28.69
2008-06-04,32.77,33.42,32.55,33.05,520400,27.68
2008-06-03,32.81,33.04,32.65,32.82,452400,27.49
2008-06-02,32.85,32.99,32.55,32.79,463200,27.46
2008-05-30,32.77,33.00,32.64,32.93,801500,27.58
2008-05-29,32.70,33.06,32.40,32.86,566800,27.52
2008-05-28,32.82,32.90,32.48,32.80,471500,27.47
2008-05-27,32.45,33.00,32.38,32.75,473400,27.43
2008-05-23,32.50,32.74,32.09,32.44,678400,27.17
2008-05-22,32.32,32.82,32.32,32.65,612200,27.35
2008-05-21,32.49,32.81,32.25,32.32,666200,27.07
2008-05-20,32.60,32.80,32.27,32.50,357100,27.22
2008-05-19,32.99,33.08,32.55,32.77,439700,27.45
2008-05-16,33.39,33.40,32.72,32.97,495300,27.61
2008-05-15,32.92,33.19,32.76,33.18,342900,27.79
2008-05-14,32.64,33.14,32.37,32.87,550100,27.53
2008-05-13,32.58,32.66,32.14,32.66,495300,27.35
2008-05-12,32.03,32.40,31.76,32.35,365400,27.09
2008-05-09,31.99,32.07,31.70,31.99,374500,26.79
2008-05-08,32.17,32.20,31.92,32.20,435600,26.97
2008-05-07,32.08,32.42,32.01,32.06,883400,26.85
2008-05-06,31.80,32.12,31.59,32.05,696200,26.84
2008-05-05,32.11,32.14,31.86,32.02,688000,26.82
2008-05-02,32.25,32.46,31.98,32.12,508500,26.90
2008-05-01,31.85,32.25,31.80,32.10,624200,26.89
2008-04-30,32.14,32.22,31.74,31.79,727100,26.63
2008-04-29,31.95,32.24,31.84,32.02,631500,26.82
2008-04-28,32.00,32.11,31.75,32.06,674100,26.85
2008-04-25,31.23,32.03,31.14,31.97,659900,26.78
2008-04-24,31.25,31.37,30.59,31.25,625600,26.17
2008-04-23,30.88,31.40,30.74,31.27,529000,26.19
2008-04-22,31.05,31.18,30.90,30.90,445000,25.88
2008-04-21,31.32,31.34,30.91,31.18,416400,26.11
2008-04-18,31.41,31.66,31.25,31.50,550000,26.38
2008-04-17,30.45,31.05,30.41,31.03,725900,25.99
2008-04-16,30.30,30.66,30.21,30.63,747600,25.65
2008-04-15,29.96,30.14,29.76,30.07,520300,25.18
2008-04-14,29.98,30.01,29.66,29.85,689200,25.00
2008-04-11,30.00,30.08,29.62,29.78,504900,24.94
2008-04-10,29.89,30.31,29.75,30.29,729900,25.37
2008-04-09,30.38,30.41,29.86,30.00,505400,25.13
2008-04-08,29.97,30.54,29.87,30.34,572400,25.41
2008-04-07,30.27,30.31,29.89,30.12,662000,25.23
2008-04-04,30.09,30.26,29.93,30.21,723400,25.30
2008-04-03,29.71,30.03,29.54,30.02,848100,25.14
2008-04-02,29.70,29.96,29.62,29.79,1036100,24.95
2008-04-01,29.56,29.80,29.41,29.63,1181600,24.82
2008-03-31,29.05,29.33,28.92,29.24,1529900,24.49
2008-03-28,29.11,29.28,28.78,28.92,1092300,24.22
2008-03-27,29.53,29.61,29.12,29.22,1208000,24.33
2008-03-26,29.66,29.72,29.30,29.57,779800,24.62
2008-03-25,29.45,29.87,29.41,29.80,1802000,24.81
2008-03-24,29.61,29.93,29.42,29.45,871900,24.52
2008-03-20,29.15,29.59,28.95,29.52,974700,24.58
2008-03-19,29.86,30.28,29.26,29.26,843200,24.36
2008-03-18,29.80,30.00,29.38,29.83,913500,24.84
2008-03-17,28.97,29.71,28.50,29.37,922000,24.46
2008-03-14,30.27,30.28,29.11,29.32,1083900,24.41
2008-03-13,29.58,30.22,29.35,30.09,1095600,25.06
2008-03-12,29.75,30.22,29.72,29.99,783600,24.97
2008-03-11,29.89,30.10,29.49,29.75,1014800,24.77
2008-03-10,29.91,29.91,29.24,29.27,838600,24.37
2008-03-07,29.66,30.14,29.50,29.93,987600,24.92
2008-03-06,30.67,30.75,29.85,29.87,979400,24.87
2008-03-05,30.35,30.81,30.33,30.79,1120000,25.64
2008-03-04,30.37,30.79,30.03,30.59,896000,25.47
2008-03-03,30.50,30.84,30.41,30.62,921300,25.50
2008-02-29,31.02,31.14,30.31,30.53,1170100,25.42
2008-02-28,31.75,31.94,31.33,31.39,795500,26.14
2008-02-27,31.48,32.00,31.48,31.91,924000,26.57
2008-02-26,31.76,31.83,31.52,31.78,1045200,26.46
2008-02-25,31.08,31.87,31.01,31.80,1268900,26.48
2008-02-22,31.00,31.10,30.51,31.04,798600,25.85
2008-02-21,31.13,31.34,30.84,30.88,952900,25.71
2008-02-20,30.55,31.04,30.26,31.01,1199000,25.82
2008-02-19,31.57,31.57,30.69,30.72,856000,25.58
2008-02-15,31.22,31.39,30.70,31.18,845200,25.96
2008-02-14,31.45,31.82,31.29,31.41,1132800,26.15
2008-02-13,31.00,31.41,30.83,31.34,1012700,26.10
2008-02-12,30.17,30.94,30.10,30.72,1464100,25.58
2008-02-11,30.24,30.24,29.88,30.07,790000,25.04
2008-02-08,30.16,30.56,30.05,30.27,1284800,25.20
2008-02-07,30.87,30.98,29.95,30.34,1683400,25.26
2008-02-06,29.99,31.46,29.78,31.07,1732300,25.87
2008-02-05,30.00,30.21,29.29,29.29,921800,24.39
2008-02-04,30.22,30.46,30.19,30.37,770300,25.29
2008-02-01,29.99,30.48,29.92,30.22,1193100,25.16
2008-01-31,29.42,30.32,29.36,30.00,1377700,24.98
2008-01-30,29.63,30.42,29.60,29.92,869100,24.91
2008-01-29,29.83,29.97,29.64,29.75,958600,24.77
2008-01-28,28.91,29.66,28.76,29.66,1298500,24.70
2008-01-25,29.24,29.36,28.71,28.97,1473300,24.12
2008-01-24,29.01,29.15,28.51,28.95,1724200,24.11
2008-01-23,27.96,29.04,27.59,28.92,2268700,24.08
2008-01-22,28.35,29.24,27.30,28.60,2208200,23.81
2008-01-18,29.57,30.07,29.23,29.56,1644200,24.61
2008-01-17,30.60,31.24,29.33,29.46,1803600,24.53
2008-01-16,30.16,30.62,29.80,30.54,2151100,25.43
2008-01-15,30.16,30.72,29.81,30.50,1779600,25.40
2008-01-14,30.37,30.40,29.99,30.16,1190100,25.11
2008-01-11,30.15,30.51,29.90,30.22,1014500,25.16
2008-01-10,30.03,30.70,29.77,30.34,1803400,25.26
2008-01-09,30.14,30.44,29.50,30.19,1635900,25.14
2008-01-08,30.48,30.60,30.02,30.14,1325600,25.10
2008-01-07,29.58,30.74,29.35,30.26,1586000,25.20
2008-01-04,30.13,30.46,29.46,29.69,1406300,24.72
2008-01-03,30.70,30.89,30.34,30.48,1156600,25.38
2008-01-02,31.22,31.22,30.54,30.64,1345800,25.51
