Date,Open,High,Low,Close,Volume,Adj Close
2013-12-31,39.36,39.76,39.17,39.33,1546800,39.33
2013-12-30,39.49,39.81,39.10,39.46,2371100,39.46
2013-12-27,39.65,39.88,39.45,39.73,1296500,39.73
2013-12-26,40.17,40.39,39.57,39.68,1605600,39.68
2013-12-24,40.18,40.22,40.00,40.18,618400,40.18
2013-12-23,39.69,40.46,39.65,40.12,2467400,40.12
2013-12-20,39.54,39.89,39.29,39.32,3078500,39.32
2013-12-19,38.43,39.62,38.43,39.50,4596900,39.50
2013-12-18,38.58,38.62,37.82,38.44,4887100,38.44
2013-12-17,38.00,38.65,37.85,38.58,5640300,38.58
2013-12-16,38.62,38.65,37.63,37.96,4579900,37.96
2013-12-13,38.57,38.85,38.32,38.58,3244900,38.58
2013-12-12,38.26,38.98,38.04,38.65,2998000,38.65
2013-12-11,38.95,39.00,38.07,38.19,4855900,38.19
2013-12-10,39.32,39.65,38.85,39.03,2399500,39.03
2013-12-09,38.84,39.50,38.84,39.38,3406500,39.38
2013-12-06,39.43,39.87,38.51,38.68,3707800,38.68
2013-12-05,38.07,39.03,38.00,38.97,3937700,38.97
2013-12-04,38.74,38.90,38.05,38.20,2843400,38.20
2013-12-03,39.13,39.17,38.65,38.84,3034100,38.84
2013-12-02,39.44,39.69,39.10,39.19,4775300,39.19
2013-11-29,39.03,39.05,38.53,38.66,934400,38.66
2013-11-27,38.63,38.97,38.41,38.84,2077000,38.84
2013-11-26,39.29,39.29,38.70,38.72,3086400,38.72
2013-11-25,39.12,39.62,38.77,39.23,4683600,39.23
2013-11-22,38.70,39.15,38.61,39.14,3760000,39.14
2013-11-21,38.00,39.18,37.92,38.69,4315600,38.69
2013-11-20,37.26,38.28,37.26,37.89,4224500,37.89
2013-11-19,36.25,37.70,36.09,37.44,5558200,37.44
2013-11-18,35.70,36.80,35.70,36.30,3757800,36.30
2013-11-15,36.07,36.50,36.07,36.47,3273300,36.47
2013-11-14,35.87,36.25,35.59,35.94,2752600,35.94
2013-11-13,35.53,35.97,35.44,35.92,3106800,35.92
2013-11-12,36.01,36.26,35.67,35.81,2713000,35.81
2013-11-11,36.23,36.28,35.90,35.92,2271000,35.92
2013-11-08,35.68,36.35,35.68,36.15,3120400,36.15
2013-11-07,36.70,36.80,35.58,35.68,4790300,35.68
2013-11-06,36.95,37.25,36.42,36.62,3303500,36.62
2013-11-05,37.59,37.82,36.66,36.72,4954000,36.72
2013-11-04,38.41,38.47,37.56,37.85,5102200,37.85
2013-11-01,38.69,39.10,37.29,38.20,8390600,38.20
2013-10-31,37.52,37.63,36.94,37.22,5333200,37.22
2013-10-30,37.52,37.82,37.02,37.49,3582000,37.49
2013-10-29,37.14,37.54,37.07,37.47,2601400,37.47
2013-10-28,37.01,37.24,36.64,37.12,3183600,37.12
2013-10-25,36.90,37.36,36.64,37.13,3289900,37.13
2013-10-24,36.14,36.91,36.12,36.76,2761700,36.76
2013-10-23,36.52,36.60,35.80,36.26,2826300,36.26
2013-10-22,36.38,37.34,36.37,36.73,5430200,36.73
2013-10-21,36.45,36.64,36.11,36.36,2346600,36.36
2013-10-18,36.75,36.75,36.06,36.47,3208000,36.47
2013-10-17,36.89,36.96,36.39,36.53,2337400,36.53
2013-10-16,36.86,37.23,36.72,37.02,2826000,37.02
2013-10-15,36.22,36.97,36.08,36.58,3600700,36.58
2013-10-14,35.71,36.46,35.71,36.23,3819200,36.23
2013-10-11,35.40,35.99,35.25,35.90,4483000,35.90
2013-10-10,35.58,35.99,35.30,35.54,5567300,35.54
2013-10-09,35.54,35.60,34.88,35.16,6939900,35.16
2013-10-08,35.99,36.04,35.33,35.54,3563500,35.54
2013-10-07,35.59,36.20,35.00,35.86,3724600,35.86
2013-10-04,35.75,36.12,35.56,35.89,2263000,35.89
2013-10-03,35.96,36.09,35.50,35.70,2211300,35.70
2013-10-02,36.17,36.36,35.77,36.06,2750900,36.06
2013-10-01,36.25,37.08,36.19,36.28,3330600,36.28
2013-09-30,36.06,36.57,36.06,36.38,3707600,36.38
2013-09-27,36.99,37.04,36.30,36.44,3399800,36.44
2013-09-26,37.01,37.28,36.66,37.25,2817500,37.25
2013-09-25,37.03,37.30,36.87,37.01,3664100,37.01
2013-09-24,37.11,37.30,36.95,37.02,3648200,37.02
2013-09-23,36.83,37.33,36.54,37.15,3711600,37.15
2013-09-20,37.07,37.32,36.86,37.06,5602200,37.06
2013-09-19,38.05,38.15,37.17,37.18,4485100,37.18
2013-09-18,37.69,38.07,37.33,37.95,4035900,37.95
2013-09-17,37.91,38.14,37.59,37.71,5665900,37.71
2013-09-16,38.21,38.28,37.76,37.91,4250100,37.91
2013-09-13,38.34,38.34,37.77,37.93,5095100,37.93
2013-09-12,38.46,38.82,38.09,38.30,2752900,38.30
2013-09-11,38.07,38.49,37.55,38.49,2756100,38.49
2013-09-10,38.23,38.26,37.71,38.02,3216600,38.02
2013-09-09,37.80,38.27,37.60,38.14,3545500,38.14
2013-09-06,37.98,38.12,37.46,37.63,2709100,37.63
2013-09-05,38.42,38.63,37.81,37.96,2774500,37.96
2013-09-04,38.25,38.53,37.79,38.31,2541400,38.31
2013-09-03,38.65,38.85,38.06,38.34,2341000,38.34
2013-08-30,38.31,38.71,38.06,38.20,3083500,38.20
2013-08-29,38.17,38.48,37.82,38.27,3506700,38.27
2013-08-28,38.07,38.65,37.89,38.23,2473200,38.23
2013-08-27,37.82,38.13,37.67,38.02,2468600,38.02
2013-08-26,38.22,38.75,38.12,38.33,2579100,38.33
2013-08-23,37.73,38.20,37.61,38.16,2579000,38.16
2013-08-22,36.94,37.74,36.94,37.63,1208100,37.63
2013-08-21,36.76,37.28,36.69,36.91,3016600,36.91
2013-08-20,36.78,37.46,36.74,36.81,2129100,36.81
2013-08-19,36.78,37.29,36.40,36.64,3271600,36.64
2013-08-16,37.22,37.40,36.71,36.95,1919400,36.95
2013-08-15,37.05,37.58,36.63,37.36,2002800,37.36
2013-08-14,37.60,37.86,37.27,37.43,2142200,37.43
2013-08-13,37.86,37.88,37.15,37.59,2091800,37.59
2013-08-12,37.30,38.00,37.24,37.92,2815000,37.92
2013-08-09,37.62,37.68,37.29,37.48,2463100,37.48
2013-08-08,37.69,37.98,36.97,37.71,3766200,37.71
2013-08-07,38.02,38.23,37.42,37.62,3498400,37.62
2013-08-06,38.42,38.51,37.88,38.18,2702300,38.18
2013-08-05,38.59,38.67,37.99,38.45,5572000,38.45
2013-08-02,39.75,39.75,38.28,38.65,5706200,38.65
2013-08-01,39.25,40.11,38.99,39.91,3808000,39.91
2013-07-31,38.63,39.20,38.59,38.79,2341700,38.79
2013-07-30,38.30,38.43,37.68,38.34,1753900,38.34
2013-07-29,39.00,39.01,37.92,38.14,2900300,38.14
2013-07-26,39.18,39.58,38.46,39.32,3273500,39.32
2013-07-25,37.68,39.56,37.63,39.51,4927700,39.51
2013-07-24,38.32,38.37,37.53,37.58,2476300,37.58
2013-07-23,38.52,38.94,38.26,38.32,1565700,38.32
2013-07-22,38.93,39.04,38.33,38.47,1742600,38.47
2013-07-19,39.07,39.29,38.61,39.15,2345000,39.15
2013-07-18,38.54,39.20,38.51,38.98,2196600,38.98
2013-07-17,38.15,38.77,38.14,38.35,1815000,38.35
2013-07-16,38.15,38.60,37.83,38.06,1525400,38.06
2013-07-15,38.81,38.97,38.18,38.22,2492600,38.22
2013-07-12,38.47,38.75,38.21,38.74,2602400,38.74
2013-07-11,39.23,39.61,38.28,38.51,3746400,38.51
2013-07-10,38.81,39.02,38.47,38.78,2705800,38.78
2013-07-09,38.56,38.81,38.31,38.73,2645700,38.73
2013-07-08,38.17,38.49,38.02,38.23,2340300,38.23
2013-07-05,37.91,37.92,37.37,37.91,1930500,37.91
2013-07-03,37.61,37.78,37.05,37.63,1387800,37.63
2013-07-02,36.83,37.98,36.67,37.60,2856100,37.60
2013-07-01,36.79,36.92,36.43,36.71,3605600,36.71
2013-06-28,36.24,36.61,35.88,36.53,6520500,36.53
2013-06-27,36.26,37.60,36.25,36.35,4531000,36.35
2013-06-26,36.78,37.15,36.34,36.97,2158100,36.97
2013-06-25,36.42,36.66,36.01,36.50,2504600,36.50
2013-06-24,35.64,36.31,34.84,35.94,3891500,35.94
2013-06-21,36.16,36.31,35.53,36.12,3126000,36.12
2013-06-20,37.05,37.05,35.86,35.98,2754000,35.98
2013-06-19,38.19,38.28,37.51,37.57,2414200,37.57
2013-06-18,37.53,38.11,37.36,38.03,2878200,38.03
2013-06-17,36.89,37.77,36.89,37.50,2946300,37.50
2013-06-14,37.00,37.37,36.26,36.54,2245600,36.54
2013-06-13,36.55,37.12,36.33,36.96,2298000,36.96
2013-06-12,37.46,37.48,36.47,36.56,1555700,36.56
2013-06-11,37.86,37.86,37.08,37.12,1680500,37.12
2013-06-10,38.34,38.49,37.95,38.36,2520700,38.36
2013-06-07,37.30,38.31,37.20,38.29,2148800,38.29
2013-06-06,37.54,37.71,36.42,37.08,3002800,37.08
2013-06-05,37.80,37.92,37.37,37.63,2783300,37.63
2013-06-04,37.95,38.11,37.51,37.87,3225100,37.87
2013-06-03,37.77,38.34,37.63,38.07,2594300,38.07
2013-05-31,38.26,38.60,37.69,37.69,3134400,37.69
2013-05-30,38.40,38.71,38.13,38.43,2384600,38.43
2013-05-29,38.34,38.85,38.24,38.47,1968000,38.47
2013-05-28,38.68,38.77,38.14,38.61,2812100,38.61
2013-05-24,38.60,38.79,37.82,38.08,2096700,38.08
2013-05-23,38.36,39.07,37.94,38.83,3321200,38.83
2013-05-22,39.26,39.65,38.65,38.81,5619100,38.81
2013-05-21,39.71,40.34,39.53,39.58,3843200,39.58
2013-05-20,38.86,39.77,38.86,39.57,3975900,39.57
2013-05-17,38.06,38.95,38.00,38.86,3497500,38.86
2013-05-16,37.74,38.31,37.74,37.97,5076300,37.97
2013-05-15,37.25,37.98,37.22,37.96,3623400,37.96
2013-05-14,36.43,37.42,36.40,37.42,3101700,37.42
2013-05-13,36.81,37.08,36.26,36.35,3695700,36.35
2013-05-10,36.59,36.86,36.12,36.80,3739400,36.80
2013-05-09,36.41,36.96,36.17,36.68,3626700,36.68
2013-05-08,36.56,36.81,36.06,36.37,2676800,36.37
2013-05-07,37.21,37.59,36.37,36.47,3369000,36.47
2013-05-06,37.01,37.65,36.81,37.06,4428300,37.06
2013-05-03,36.50,37.42,36.00,37.04,7323000,37.04
2013-05-02,36.54,37.02,36.07,36.99,5658800,36.99
2013-05-01,37.09,37.19,36.43,36.53,3592500,36.53
2013-04-30,36.84,37.59,36.49,37.42,5344300,37.42
2013-04-29,36.18,37.26,36.16,36.97,6486200,36.97
2013-04-26,36.09,36.17,34.93,35.48,4312500,35.48
2013-04-25,35.16,36.70,35.13,36.11,6871400,36.11
2013-04-24,35.28,35.59,34.78,34.97,5155900,34.97
2013-04-23,35.20,35.33,34.75,35.14,2593700,35.14
2013-04-22,35.38,35.51,34.68,35.13,4574600,35.13
2013-04-19,36.04,36.04,35.01,35.38,4180800,35.38
2013-04-18,35.90,36.22,34.92,35.87,8074200,35.87
2013-04-17,36.26,36.43,35.25,35.91,4241100,35.91
2013-04-16,36.79,36.93,36.35,36.51,3996500,36.51
2013-04-15,37.55,37.58,36.34,36.34,4974100,36.34
2013-04-12,38.96,39.18,37.90,37.95,4878900,37.95
2013-04-11,38.45,39.71,38.37,39.26,5647500,39.26
2013-04-10,38.14,38.55,37.88,38.36,5041400,38.36
2013-04-09,37.40,38.42,37.38,37.98,3305000,37.98
2013-04-08,37.58,37.94,37.20,37.43,3760100,37.43
2013-04-05,35.59,37.62,35.59,37.41,4885100,37.41
2013-04-04,35.78,36.15,35.47,35.90,3989300,35.90
2013-04-03,36.93,36.97,35.63,35.75,4825300,35.75
2013-04-02,36.99,37.20,36.62,36.92,3515000,36.92
2013-04-01,37.39,37.62,36.70,36.98,2993600,36.98
2013-03-28,37.51,37.79,37.09,37.26,7267600,37.26
2013-03-27,37.65,38.00,37.39,37.62,4245600,37.62
2013-03-26,37.35,37.79,37.15,37.72,4106400,37.72
2013-03-25,37.94,38.28,37.49,37.77,5098600,37.77
2013-03-22,38.08,38.57,37.47,37.67,4172700,37.67
2013-03-21,37.82,38.90,37.66,37.79,4987500,37.79
2013-03-20,38.65,39.35,38.18,38.86,4348900,38.86
2013-03-19,38.80,38.80,37.92,38.44,4509100,38.44
2013-03-18,38.19,39.02,38.11,38.67,5668800,38.67
2013-03-15,38.56,39.25,38.27,38.59,6408900,38.59
2013-03-14,37.92,38.65,37.83,38.58,4208000,38.58
2013-03-13,37.77,38.00,37.55,37.79,2560100,37.79
2013-03-12,38.00,38.07,37.55,37.80,2519600,37.80
2013-03-11,37.56,38.17,37.35,37.91,3236400,37.91
2013-03-08,37.39,37.75,37.15,37.60,4842200,37.60
2013-03-07,36.19,37.81,36.15,37.36,6924400,37.36
2013-03-06,36.10,36.40,35.75,36.23,4138400,36.23
2013-03-05,35.71,36.19,35.52,35.91,3856800,35.91
2013-03-04,35.08,35.80,35.02,35.40,4753500,35.40
2013-03-01,34.20,35.33,33.89,35.26,5637200,35.26
2013-02-28,34.12,34.65,34.11,34.27,4044900,34.27
2013-02-27,33.40,34.36,33.38,34.23,4839300,34.23
2013-02-26,33.10,33.55,32.86,33.42,5327000,33.42
2013-02-25,34.35,34.60,32.89,32.90,9095100,32.90
2013-02-22,33.24,33.55,33.02,33.35,6414300,33.35
2013-02-21,32.70,33.69,31.91,33.12,9601300,33.12
2013-02-20,33.22,33.43,32.91,33.09,4227900,33.09
2013-02-19,33.21,33.44,33.07,33.28,5762100,33.28
2013-02-15,33.14,33.31,32.69,33.04,7776000,33.04
2013-02-14,33.64,33.90,33.26,33.31,4633800,33.31
2013-02-13,33.24,33.75,33.18,33.70,4026400,33.70
2013-02-12,33.68,33.80,33.09,33.25,3460100,33.25
2013-02-11,34.36,34.36,33.59,33.59,2882500,33.59
2013-02-08,34.65,34.76,34.17,34.50,3741700,34.50
2013-02-07,34.46,34.97,34.15,34.60,4567100,34.60
2013-02-06,34.09,34.50,33.96,34.46,2223800,34.46
2013-02-05,33.93,34.37,33.69,34.25,4002600,34.25
2013-02-04,33.80,34.21,33.66,33.75,1954100,33.75
2013-02-01,34.52,34.56,33.71,34.09,3292700,34.09
2013-01-31,34.29,34.67,33.85,34.30,4167800,34.30
2013-01-30,34.31,34.77,34.11,34.43,3415900,34.43
2013-01-29,33.24,34.04,33.15,34.01,3498200,34.01
2013-01-28,34.38,34.38,33.15,33.25,3153700,33.25
2013-01-25,34.29,34.72,34.09,34.63,2316900,34.63
2013-01-24,34.28,34.84,33.96,34.18,3079400,34.18
2013-01-23,34.52,34.54,33.99,34.24,3915400,34.24
2013-01-22,33.75,34.91,33.74,34.70,5206800,34.70
2013-01-18,33.59,33.69,33.25,33.69,2181600,33.69
2013-01-17,32.89,33.78,32.85,33.57,3118300,33.57
2013-01-16,33.14,33.22,32.57,32.80,2213200,32.80
2013-01-15,32.53,33.34,32.35,33.16,3859600,33.16
2013-01-14,32.60,32.81,32.38,32.58,2307700,32.58
2013-01-11,32.30,32.56,32.00,32.51,3329700,32.51
2013-01-10,32.25,32.39,31.62,32.09,5357600,32.09
2013-01-09,32.68,32.87,32.01,32.09,6207800,32.09
2013-01-08,33.40,33.40,32.52,32.73,4110300,32.73
2013-01-07,33.92,34.10,33.37,33.51,3643000,33.51
2013-01-04,33.46,34.34,33.15,34.34,4635500,34.34
2013-01-03,33.29,33.85,32.82,33.47,3954300,33.47
2013-01-02,34.07,34.07,32.49,33.35,5878000,33.35
2012-12-31,32.66,33.43,32.51,33.41,2681800,33.41
2012-12-28,32.89,33.06,32.54,32.78,2597800,32.78
2012-12-27,33.23,33.30,32.53,33.13,3062200,33.13
2012-12-26,34.10,34.21,33.29,33.29,2262000,33.29
2012-12-24,34.32,34.32,33.78,33.94,1082100,33.94
2012-12-21,33.80,34.56,33.69,34.45,5269400,34.45
2012-12-20,33.83,34.31,33.58,34.29,3481000,34.29
2012-12-19,34.07,34.12,33.30,33.74,3822900,33.74
2012-12-18,33.11,33.98,33.07,33.95,4099900,33.95
2012-12-17,33.00,33.12,32.56,33.12,4170900,33.12
2012-12-14,33.05,33.40,32.82,32.93,4134200,32.93
2012-12-13,34.08,34.08,33.02,33.09,3454500,33.09
2012-12-12,33.79,34.55,33.79,34.08,3205300,34.08
2012-12-11,33.66,33.90,33.51,33.71,3578300,33.71
2012-12-10,34.23,34.34,33.28,33.66,4679300,33.66
2012-12-07,34.95,34.95,34.18,34.38,3722200,34.38
2012-12-06,34.41,34.88,34.29,34.76,4648800,34.76
2012-12-05,34.20,34.75,34.16,34.50,4119900,34.50
2012-12-04,34.83,34.98,33.86,33.98,3468200,33.98
2012-12-03,35.02,35.44,34.84,34.98,4133400,34.98
2012-11-30,35.46,35.63,34.37,34.71,4362400,34.71
2012-11-29,35.71,35.90,34.86,35.36,4633400,35.36
2012-11-28,35.45,35.60,34.90,35.42,5486300,35.42
2012-11-27,36.03,36.15,35.50,35.82,2771100,35.82
2012-11-26,36.18,36.20,35.64,35.98,3654000,35.98
2012-11-23,36.45,36.70,36.12,36.60,1605000,36.60
2012-11-21,35.90,36.35,35.62,36.31,3174800,36.31
2012-11-20,35.99,36.19,35.63,35.89,3302500,35.89
2012-11-19,35.92,36.56,35.78,36.09,5017100,36.09
2012-11-16,34.57,35.72,33.94,35.64,5193800,35.64
2012-11-15,34.90,35.11,34.19,34.39,5985800,34.39
2012-11-14,35.12,35.54,34.62,34.92,5777500,34.92
2012-11-13,33.72,35.57,33.68,35.10,6166300,35.10
2012-11-12,34.34,34.42,33.85,33.96,2655500,33.96
2012-11-09,34.06,34.91,33.93,34.20,4904500,34.20
2012-11-08,35.32,35.66,34.13,34.16,5842300,34.16
2012-11-07,35.80,35.88,35.09,35.23,3548400,35.23
2012-11-06,35.95,36.33,35.78,36.26,4065200,36.26
2012-11-05,35.35,36.13,35.35,35.68,3937000,35.68
2012-11-02,36.17,36.32,34.97,35.91,8863700,35.91
2012-11-01,34.70,35.70,34.16,35.60,6535300,35.60
2012-10-31,34.52,35.18,34.18,34.70,5011200,34.70
2012-10-26,33.98,34.33,33.60,34.14,2541800,34.14
2012-10-25,34.12,34.21,33.40,33.94,2431300,33.94
2012-10-24,34.16,34.42,33.58,33.72,2991600,33.72
2012-10-23,34.46,34.75,33.89,34.16,3702900,34.16
2012-10-22,35.34,35.57,34.58,34.97,3096900,34.97
2012-10-19,36.00,36.20,35.05,35.25,3480200,35.25
2012-10-18,36.12,36.12,35.52,35.99,3879300,35.99
2012-10-17,36.39,36.47,35.75,36.10,4023500,36.10
2012-10-16,36.27,36.39,35.87,36.11,2612300,36.11
2012-10-15,35.91,36.24,35.61,36.19,2335800,36.19
2012-10-12,36.00,36.39,35.47,36.11,3919500,36.11
2012-10-11,35.54,36.87,35.54,36.07,4660500,36.07
2012-10-10,35.61,35.80,34.89,35.08,2314300,35.08
2012-10-09,35.66,36.09,35.23,35.77,3611200,35.77
2012-10-08,35.31,35.64,35.09,35.54,2037600,35.54
2012-10-05,35.94,36.01,35.35,35.51,2504800,35.51
2012-10-04,35.33,35.86,35.15,35.78,2912600,35.78
2012-10-03,35.28,35.28,34.68,35.05,4403600,35.05
2012-10-02,36.10,36.17,34.89,35.46,3470900,35.46
2012-10-01,35.34,36.10,35.24,35.35,5929800,35.35
2012-09-28,34.73,35.13,34.49,34.78,7806500,34.78
2012-09-27,33.45,35.15,33.42,34.94,6504100,34.94
2012-09-26,33.21,33.71,32.87,33.31,4458700,33.31
2012-09-25,33.66,33.80,33.24,33.27,3242700,33.27
2012-09-24,33.70,33.97,33.27,33.43,2600600,33.43
2012-09-21,34.12,34.46,33.85,33.99,4558900,33.99
2012-09-20,33.98,34.38,33.59,34.03,4863400,34.03
2012-09-19,34.24,34.57,33.81,34.10,3273300,34.10
2012-09-18,34.40,34.66,33.65,34.12,3879600,34.12
2012-09-17,34.92,35.67,34.43,34.44,3892700,34.44
2012-09-14,35.86,36.50,35.11,35.64,6367400,35.64
2012-09-13,35.50,36.22,34.63,35.76,5526300,35.76
2012-09-12,34.24,35.45,34.03,35.39,8213500,35.39
2012-09-11,32.87,34.23,32.86,34.16,5424400,34.16
2012-09-10,32.54,32.98,32.45,32.50,2433500,32.50
2012-09-07,32.25,32.82,31.88,32.63,2738900,32.63
2012-09-06,31.73,33.10,31.55,32.35,4180600,32.35
2012-09-05,31.35,32.16,31.30,31.52,3081200,31.52
2012-09-04,31.14,31.36,30.73,31.25,2365900,31.25
2012-08-31,30.88,31.62,30.81,31.13,2912000,31.13
2012-08-30,30.74,30.82,30.29,30.61,2946800,30.61
2012-08-29,31.46,31.59,30.86,30.92,2047500,30.92
2012-08-28,31.83,32.03,31.20,31.32,2651300,31.32
2012-08-27,31.60,32.45,31.42,31.90,3304100,31.90
2012-08-24,30.80,31.67,30.80,31.55,3995100,31.55
2012-08-23,32.79,32.79,30.90,30.95,7066200,30.95
2012-08-22,32.32,32.99,31.90,32.87,3345000,32.87
2012-08-21,32.29,32.79,32.13,32.35,3062500,32.35
2012-08-20,32.10,32.28,31.72,32.18,2301900,32.18
2012-08-17,32.38,32.51,32.14,32.20,3222100,32.20
2012-08-16,31.96,32.73,31.64,32.62,3419000,32.62
2012-08-15,31.33,32.06,31.25,31.80,2923000,31.80
2012-08-14,31.83,31.99,31.13,31.30,4346300,31.30
2012-08-13,32.18,32.27,31.48,31.61,3082100,31.61
2012-08-10,32.40,32.40,31.36,32.04,4332700,32.04
2012-08-09,31.69,33.24,31.58,32.82,5082600,32.82
2012-08-08,31.45,32.12,31.32,31.86,3202600,31.86
2012-08-07,30.83,32.40,30.80,31.75,5601800,31.75
2012-08-06,30.65,30.93,30.18,30.55,4925200,30.55
2012-08-03,32.69,32.85,30.13,30.60,13242300,30.60
2012-08-02,32.29,32.55,31.38,32.13,7155600,32.13
2012-08-01,33.29,33.34,31.02,33.01,11068200,33.01
2012-07-31,34.06,34.16,33.23,33.25,6277500,33.25
2012-07-30,33.14,34.67,33.14,34.27,6995800,34.27
2012-07-27,33.09,33.17,32.48,33.01,4242300,33.01
2012-07-26,32.34,32.89,31.85,32.83,3724400,32.83
2012-07-25,32.16,32.36,31.33,31.73,3868200,31.73
2012-07-24,31.82,32.45,31.70,32.14,6123300,32.14
2012-07-23,31.34,31.95,31.08,31.71,4956700,31.71
2012-07-20,31.32,32.03,31.19,31.97,4409300,31.97
2012-07-19,31.80,31.87,31.40,31.68,5952300,31.68
2012-07-18,31.49,32.14,31.27,31.60,5851000,31.60
2012-07-17,32.12,32.43,30.94,31.60,5132100,31.60
2012-07-16,31.48,32.52,31.37,32.12,6009400,32.12
2012-07-13,31.01,31.76,30.96,31.66,3635900,31.66
2012-07-12,30.93,31.22,30.28,30.98,5658900,30.98
2012-07-11,31.08,31.66,30.91,31.23,5090700,31.23
2012-07-10,32.52,32.72,30.81,31.01,6527900,31.01
2012-07-09,31.76,32.25,31.61,31.98,5506700,31.98
2012-07-06,31.83,32.52,31.44,31.90,4597200,31.90
2012-07-05,32.64,32.70,31.98,32.15,4180700,32.15
2012-07-03,32.31,32.75,32.15,32.75,2641200,32.75
2012-07-02,31.89,32.05,31.18,31.90,5400100,31.90
2012-06-29,31.55,31.94,31.04,31.93,9460000,31.93
2012-06-28,30.96,31.31,30.08,30.78,9481400,30.78
2012-06-27,29.96,31.34,29.96,31.14,8515300,31.14
2012-06-26,29.19,29.67,28.69,29.53,7044900,29.53
2012-06-25,29.22,29.56,28.44,29.15,6736300,29.15
2012-06-22,27.69,29.44,27.53,29.02,12887800,29.02
2012-06-21,28.74,29.17,27.38,27.44,8874000,27.44
2012-06-20,28.53,29.46,28.35,28.79,7244700,28.79
2012-06-19,28.09,29.09,27.99,28.41,6599200,28.41
2012-06-18,27.07,28.04,26.60,27.93,7015000,27.93
2012-06-15,26.99,27.43,26.69,27.38,6518900,27.38
2012-06-14,25.93,26.98,25.63,26.94,10153200,26.94
2012-06-13,26.44,26.59,25.63,25.82,5977400,25.82
2012-06-12,26.56,26.84,26.20,26.57,4564000,26.57
2012-06-11,27.36,27.53,26.36,26.39,4966600,26.39
2012-06-08,27.00,27.23,26.55,27.09,6122900,27.09
2012-06-07,28.67,28.78,27.18,27.22,5952100,27.22
2012-06-06,28.09,28.67,27.77,28.14,4424600,28.14
2012-06-05,27.10,27.71,26.98,27.54,3275500,27.54
2012-06-04,27.39,27.75,26.59,27.22,6168800,27.22
2012-06-01,27.41,27.88,26.88,27.43,5884900,27.43
2012-05-31,28.19,28.27,27.17,28.03,6691200,28.03
2012-05-30,29.36,29.36,28.03,28.14,4334200,28.14
2012-05-29,29.24,30.10,29.18,29.73,3588700,29.73
2012-05-25,28.90,29.25,28.44,28.77,5297100,28.77
2012-05-24,29.80,29.80,28.36,28.84,5641200,28.84
2012-05-23,28.85,29.66,28.34,29.59,5569500,29.59
2012-05-22,29.67,30.44,28.97,29.21,4926800,29.21
2012-05-21,29.20,29.86,29.15,29.65,4711700,29.65
2012-05-18,29.17,29.82,28.91,29.11,5987500,29.11
2012-05-17,28.91,29.55,28.73,28.89,5354400,28.89
2012-05-16,28.74,29.61,28.55,28.81,5423800,28.81
2012-05-15,30.00,30.12,28.55,28.63,7661100,28.63
2012-05-14,30.10,30.36,29.84,29.97,4644200,29.97
2012-05-11,30.45,30.98,30.16,30.40,4666400,30.40
2012-05-10,31.06,31.63,30.49,30.74,7113300,30.74
2012-05-09,29.09,31.47,28.91,30.81,13412000,30.81
2012-05-08,28.57,29.70,28.21,29.59,9686400,29.59
2012-05-07,28.68,29.11,28.21,28.83,8921700,28.83
2012-05-04,29.88,30.63,28.26,28.73,14730700,28.73
2012-05-03,31.48,31.78,30.75,30.96,6512200,30.96
2012-05-02,32.14,32.29,30.94,31.15,7550200,31.15
2012-05-01,31.65,32.75,31.30,32.46,7875600,32.46
2012-04-30,30.50,31.73,30.21,31.58,8441400,31.58
2012-04-27,30.06,30.60,29.76,30.51,7677900,30.51
2012-04-26,29.18,30.16,28.76,29.99,8753900,29.99
2012-04-25,28.44,29.41,28.36,29.32,6678400,29.32
2012-04-24,28.05,28.27,27.69,28.21,4655400,28.21
2012-04-23,27.45,28.32,27.15,27.96,6442100,27.96
2012-04-20,28.38,28.61,27.81,27.85,4505600,27.85
2012-04-19,28.17,28.63,28.10,28.24,4684000,28.24
2012-04-18,28.13,28.31,27.95,28.21,4397400,28.21
2012-04-17,28.26,28.52,27.95,28.22,4566000,28.22
2012-04-16,28.60,28.87,27.85,27.98,4660100,27.98
2012-04-13,28.82,29.09,28.00,28.40,5598300,28.40
2012-04-12,28.63,29.12,28.40,28.95,7580700,28.95
2012-04-11,29.37,29.58,28.57,28.64,5431100,28.64
2012-04-10,29.04,29.43,28.97,29.30,9654400,29.30
2012-04-09,29.12,29.16,28.71,29.03,4388400,29.03
2012-04-05,29.83,30.29,29.42,29.58,5752800,29.58
2012-04-04,29.93,30.20,29.65,29.89,4834800,29.89
2012-04-03,30.80,30.86,29.85,30.29,5105700,30.29
2012-04-02,30.56,31.14,30.36,30.90,3824000,30.90
2012-03-30,30.53,30.86,30.31,30.60,4045800,30.60
2012-03-29,30.39,30.54,29.91,30.35,6446600,30.35
2012-03-28,31.54,31.64,30.44,30.69,6248000,30.69
2012-03-27,32.25,32.31,31.57,31.63,4920600,31.63
2012-03-26,32.60,32.94,31.93,32.24,3784600,32.24
2012-03-23,31.73,32.56,31.58,32.38,5433700,32.38
2012-03-22,33.10,33.15,31.39,31.66,7383200,31.66
2012-03-21,33.63,33.82,33.30,33.41,4372100,33.41
2012-03-20,34.39,34.39,33.55,33.63,4166600,33.63
2012-03-19,34.61,35.00,34.20,34.70,3131200,34.70
2012-03-16,33.65,34.77,33.65,34.54,7527800,34.54
2012-03-15,33.20,33.77,32.98,33.56,4615800,33.56
2012-03-14,33.60,34.16,32.94,33.12,6606000,33.12
2012-03-13,33.12,33.72,32.52,33.65,4130700,33.65
2012-03-12,33.57,33.58,32.54,33.01,3952000,33.01
2012-03-09,34.00,34.25,33.47,33.52,4188800,33.52
2012-03-08,32.64,33.94,32.64,33.77,5123600,33.77
2012-03-07,32.46,32.72,32.09,32.46,3606400,32.46
2012-03-06,32.19,32.55,32.00,32.41,4740000,32.41
2012-03-05,33.07,33.36,32.46,32.55,4438600,32.55
2012-03-02,33.75,34.27,33.28,33.38,6260000,33.38
2012-03-01,33.29,34.09,33.25,33.70,5805200,33.70
2012-02-29,33.28,33.52,32.81,33.06,9992200,33.06
2012-02-28,33.00,34.00,32.69,33.31,23942300,33.31
2012-02-27,35.21,35.89,35.00,35.33,9345500,35.33
2012-02-24,35.54,35.80,35.02,35.21,4635600,35.21
2012-02-23,34.93,35.40,34.50,35.40,3643500,35.40
2012-02-22,35.42,35.54,34.65,34.85,4982500,34.85
2012-02-21,35.74,35.98,35.09,35.30,4996500,35.30
2012-02-17,35.70,35.94,35.11,35.54,7267700,35.54
2012-02-16,34.59,35.83,34.08,35.60,6785500,35.60
2012-02-15,33.78,34.97,33.74,34.53,5162300,34.53
2012-02-14,33.77,34.28,33.41,33.70,4222000,33.70
2012-02-13,33.83,34.17,33.45,33.60,4344800,33.60
2012-02-10,33.24,33.84,33.17,33.59,6758200,33.59
2012-02-09,32.90,34.28,32.48,33.50,8610400,33.50
2012-02-08,32.49,33.11,32.25,32.93,6146100,32.93
2012-02-07,31.76,32.57,31.48,32.49,6435500,32.49
2012-02-06,31.19,31.82,30.99,31.74,4178200,31.74
2012-02-03,30.96,31.49,30.60,31.29,6218500,31.29
2012-02-02,30.40,31.62,30.38,30.98,5627600,30.98
2012-02-01,31.46,31.46,30.06,30.41,9947200,30.41
2012-01-31,32.14,32.15,30.78,31.14,6454600,31.14
2012-01-30,31.74,32.28,31.32,31.97,4615300,31.97
2012-01-27,31.30,32.15,31.25,32.04,4542000,32.04
2012-01-26,32.67,32.67,31.17,31.39,8107900,31.39
2012-01-25,31.75,32.69,31.51,32.62,6565300,32.62
2012-01-24,32.26,32.29,31.64,31.73,6898300,31.73
2012-01-23,31.05,32.70,31.02,32.46,15654200,32.46
2012-01-20,29.05,29.47,28.37,29.43,8911300,29.43
2012-01-19,29.73,29.82,28.97,29.06,7742400,29.06
2012-01-18,29.20,29.70,28.87,29.68,5228500,29.68
2012-01-17,29.69,29.69,28.72,29.15,7081600,29.15
2012-01-13,29.29,29.58,28.97,29.42,7945100,29.42
2012-01-12,29.84,30.10,28.81,29.77,10326500,29.77
2012-01-11,31.84,31.97,29.81,29.92,17184400,29.92
2012-01-10,33.62,33.66,32.30,32.51,6678900,32.51
2012-01-09,33.17,33.56,32.97,33.08,4629800,33.08
2012-01-06,33.70,33.80,32.96,33.20,4766100,33.20
2012-01-05,33.17,33.70,32.93,33.65,5197900,33.65
2012-01-04,32.55,33.52,32.27,33.40,4395700,33.40
2012-01-03,32.70,32.88,31.96,32.70,3980600,32.70
2011-12-30,32.05,32.35,31.90,31.94,2121200,31.94
2011-12-29,32.16,32.43,31.90,32.14,2285700,32.14
2011-12-28,32.65,32.80,32.00,32.14,2253400,32.14
2011-12-27,32.93,33.17,32.56,32.57,2951900,32.57
2011-12-23,33.48,33.64,32.74,32.89,2839000,32.89
2011-12-22,32.75,33.90,32.75,33.40,5302300,33.40
2011-12-21,32.79,32.88,32.00,32.74,5495600,32.74
2011-12-20,33.29,33.79,32.46,32.86,6468200,32.86
2011-12-19,33.42,33.42,32.57,32.66,3889900,32.66
2011-12-16,33.43,33.53,32.70,33.49,5600600,33.49
2011-12-15,34.07,34.13,33.01,33.11,4832200,33.11
2011-12-14,34.17,34.54,33.45,33.53,5142300,33.53
2011-12-13,35.86,36.13,34.16,34.60,4380600,34.60
2011-12-12,36.15,36.19,35.08,35.59,2789000,35.59
2011-12-09,35.95,36.95,35.90,36.79,2845000,36.79
2011-12-08,36.76,37.04,35.80,35.89,3952100,35.89
2011-12-07,37.50,37.56,36.43,36.87,3808800,36.87
2011-12-06,37.47,38.27,37.35,37.69,3453500,37.69
2011-12-05,38.18,38.53,37.36,37.61,3597300,37.61
2011-12-02,38.24,38.50,37.42,37.69,3651100,37.69
2011-12-01,38.13,38.99,37.74,37.90,4772100,37.90
2011-11-30,38.12,38.15,36.52,38.05,8256900,38.05
2011-11-29,36.52,37.25,36.25,36.90,3411100,36.90
2011-11-28,36.15,36.92,36.13,36.45,3157300,36.45
2011-11-25,35.54,35.84,35.02,35.03,1925200,35.03
2011-11-23,36.53,36.80,35.63,35.63,3533100,35.63
2011-11-22,37.89,38.12,36.84,37.13,3780200,37.13
2011-11-21,38.02,38.35,37.41,38.07,3316800,38.07
2011-11-18,38.95,39.43,38.29,38.62,3876600,38.62
2011-11-17,40.31,40.38,38.21,38.52,7012800,38.52
2011-11-16,40.86,41.64,40.33,40.43,3844800,40.43
2011-11-15,41.27,42.00,40.96,41.66,2451500,41.66
2011-11-14,42.05,42.07,41.03,41.50,2482100,41.50
2011-11-11,42.15,42.69,41.97,42.37,2157800,42.37
2011-11-10,41.05,41.89,40.30,41.65,3948800,41.65
2011-11-09,40.72,41.40,40.26,40.36,4561900,40.36
2011-11-08,42.30,42.30,40.78,42.10,4294700,42.10
2011-11-07,42.60,43.00,41.62,41.97,3586700,41.97
2011-11-04,42.40,42.79,41.78,42.66,2454300,42.66
2011-11-03,42.46,42.81,41.42,42.70,3287000,42.70
2011-11-02,42.11,42.11,41.15,41.73,3703500,41.73
2011-11-01,40.54,41.31,39.98,40.82,4857800,40.82
2011-10-31,43.53,43.70,42.01,42.04,3962600,42.04
2011-10-28,40.75,44.36,40.27,44.21,8008200,44.21
2011-10-27,42.71,44.33,42.35,43.52,5256100,43.52
2011-10-26,40.89,41.82,40.17,41.52,4591500,41.52
2011-10-25,40.91,41.05,39.72,40.18,3179000,40.18
2011-10-24,40.49,41.42,40.42,41.11,3662000,41.11
2011-10-21,40.40,40.62,39.70,40.25,4394500,40.25
2011-10-20,39.29,40.36,39.15,39.97,4638800,39.97
2011-10-19,40.13,40.25,39.38,39.52,6242800,39.52
2011-10-18,38.86,40.58,38.65,40.15,5191000,40.15
2011-10-17,38.91,39.37,38.75,38.89,5641700,38.89
2011-10-14,38.02,39.03,37.56,39.02,5931200,39.02
2011-10-13,36.34,37.76,35.89,37.66,6566200,37.66
2011-10-12,35.93,37.26,35.83,36.56,4781700,36.56
2011-10-11,35.18,36.00,35.11,35.72,4272100,35.72
2011-10-10,35.33,35.72,35.05,35.43,4119600,35.43
2011-10-07,35.50,35.70,33.79,34.38,6199800,34.38
2011-10-06,34.84,35.75,34.51,35.34,5347100,35.34
2011-10-05,33.90,35.45,33.30,35.25,5943800,35.25
2011-10-04,32.10,33.75,30.94,33.68,7503100,33.68
2011-10-03,32.86,33.55,32.28,32.30,6125100,32.30
2011-09-30,34.00,34.15,33.31,33.33,4822300,33.33
2011-09-29,35.23,35.37,33.67,34.59,5107900,34.59
2011-09-28,36.37,36.65,34.39,34.46,5666400,34.46
2011-09-27,36.31,37.36,35.97,36.19,5152000,36.19
2011-09-26,34.23,35.88,33.41,35.83,5211800,35.83
2011-09-23,34.59,35.15,33.87,33.91,3958600,33.91
2011-09-22,36.98,37.12,34.13,34.96,7757100,34.96
2011-09-21,38.86,40.10,38.00,38.23,8672000,38.23
2011-09-20,39.84,39.90,38.12,38.70,7554100,38.70
2011-09-19,38.18,39.99,37.77,39.66,9985400,39.66
2011-09-16,38.99,39.43,38.29,38.98,4771400,38.98
2011-09-15,38.60,38.92,38.09,38.75,4730000,38.75
2011-09-14,36.93,38.71,36.58,38.26,8046600,38.26
2011-09-13,36.13,37.04,36.00,36.93,6064600,36.93
2011-09-12,35.40,36.17,35.02,35.95,4379000,35.95
2011-09-09,36.72,37.05,35.63,35.91,4716800,35.91
2011-09-08,38.01,38.47,37.30,37.46,4698100,37.46
2011-09-07,36.71,37.70,36.69,37.60,4672400,37.60
2011-09-06,35.56,36.41,35.23,36.33,4497200,36.33
2011-09-02,37.00,37.18,36.18,36.69,3202000,36.69
2011-09-01,38.19,38.68,37.79,37.96,3283400,37.96
2011-08-31,38.08,38.57,37.58,37.95,3873100,37.95
2011-08-30,37.82,38.33,36.81,37.56,6324700,37.56
2011-08-29,37.54,38.18,36.77,37.98,4188900,37.98
2011-08-26,36.00,36.98,35.34,36.96,5358200,36.96
2011-08-25,37.67,38.11,36.22,36.40,4916200,36.40
2011-08-24,37.26,37.70,36.77,37.39,4971300,37.39
2011-08-23,35.98,37.40,35.56,37.33,4424900,37.33
2011-08-22,36.93,37.11,35.51,35.74,7059600,35.74
2011-08-19,36.07,37.15,36.02,36.21,8547400,36.21
2011-08-18,37.73,37.83,36.09,36.70,13427200,36.70
2011-08-17,39.07,40.34,38.77,38.98,6503100,38.98
2011-08-16,39.27,39.96,38.40,38.71,9179300,38.71
2011-08-15,38.70,39.93,38.36,39.88,6187200,39.88
2011-08-12,38.62,39.42,37.64,38.17,6851600,38.17
2011-08-11,36.61,38.62,35.60,38.11,8270100,38.11
2011-08-10,36.55,37.40,35.48,36.11,9642400,36.11
2011-08-09,35.15,36.55,34.00,36.44,11094500,36.44
2011-08-08,36.22,36.39,34.48,34.67,9579900,34.67
2011-08-05,40.90,40.92,37.01,37.70,11434500,37.70
2011-08-04,41.71,41.75,39.76,39.87,8069700,39.87
2011-08-03,42.49,42.49,40.93,42.42,6510200,42.42
2011-08-02,43.62,44.45,42.48,42.51,6723400,42.51
2011-08-01,45.31,45.33,43.55,43.77,5865100,43.77
2011-07-29,45.98,46.91,44.53,44.56,11048900,44.56
2011-07-28,47.59,48.78,47.34,47.47,6257100,47.47
2011-07-27,48.14,48.40,47.29,47.48,5233000,47.48
2011-07-26,48.60,49.14,48.10,48.40,5021300,48.40
2011-07-25,48.54,49.25,48.33,48.65,4565400,48.65
2011-07-22,48.43,49.04,48.19,49.00,3778500,49.00
2011-07-21,47.81,48.90,47.71,48.50,4597900,48.50
2011-07-20,48.40,48.40,47.39,47.50,4925300,47.50
2011-07-19,47.55,48.31,47.41,48.27,4154700,48.27
2011-07-18,46.82,48.00,46.82,47.04,8549200,47.04
2011-07-15,45.12,47.62,44.94,47.53,10052600,47.53
2011-07-14,43.77,44.02,43.25,43.67,5833700,43.67
2011-07-13,43.50,44.56,43.33,43.78,3209300,43.78
2011-07-12,42.50,43.64,42.44,43.28,3130400,43.28
2011-07-11,43.34,43.50,42.57,42.70,2935100,42.70
2011-07-08,43.77,44.43,43.61,43.91,3434100,43.91
2011-07-07,44.34,44.73,43.88,44.51,3410900,44.51
2011-07-06,43.95,44.08,43.46,43.86,2629400,43.86
2011-07-05,43.66,44.37,43.42,44.01,3275400,44.01
2011-07-01,43.01,43.89,42.49,43.80,4100200,43.80
2011-06-30,42.54,43.18,42.44,42.88,3435700,42.88
2011-06-29,41.69,42.89,41.63,42.33,4584700,42.33
2011-06-28,41.02,41.82,41.02,41.61,3175100,41.61
2011-06-27,40.42,40.92,40.04,40.69,4056600,40.69
2011-06-24,41.45,41.51,40.72,40.84,3357100,40.84
2011-06-23,41.32,41.71,40.58,41.62,4403700,41.62
2011-06-22,42.00,42.74,41.80,42.15,3181900,42.15
2011-06-21,41.54,42.32,41.52,42.20,2716000,42.20
2011-06-20,40.92,41.60,40.78,41.26,2910900,41.26
2011-06-17,41.71,41.82,40.89,41.16,3668700,41.16
2011-06-16,41.37,41.69,40.71,41.32,4662200,41.32
2011-06-15,41.39,41.97,40.87,41.38,5005500,41.38
2011-06-14,41.71,42.23,41.58,41.80,3284400,41.80
2011-06-13,42.20,42.50,40.86,41.23,3654100,41.23
2011-06-10,42.95,43.06,42.11,42.22,4537800,42.22
2011-06-09,43.84,43.91,42.99,43.16,4412800,43.16
2011-06-08,43.45,44.23,43.18,43.66,3386500,43.66
2011-06-07,43.20,43.83,42.61,43.25,5240300,43.25
2011-06-06,43.47,43.87,42.80,43.00,5257600,43.00
2011-06-03,41.74,43.89,41.44,43.73,7705000,43.73
2011-06-02,42.23,42.76,41.87,42.22,4927400,42.22
2011-06-01,43.54,43.74,41.73,41.93,6374200,41.93
2011-05-31,43.90,44.23,42.73,43.77,4466100,43.77
2011-05-27,43.55,43.90,43.09,43.37,3237500,43.37
2011-05-26,43.15,43.51,42.76,43.18,4620400,43.18
2011-05-25,42.67,43.73,42.67,43.44,3895900,43.44
2011-05-24,42.88,43.62,42.65,42.84,3087200,42.84
2011-05-23,42.24,42.87,41.99,42.67,4076100,42.67
2011-05-20,41.80,43.18,41.38,42.87,5203300,42.87
2011-05-19,42.45,42.59,41.46,41.87,3441900,41.87
2011-05-18,42.09,42.89,41.99,42.21,3273700,42.21
2011-05-17,41.10,41.98,41.05,41.85,6442100,41.85
2011-05-16,41.10,42.26,40.97,41.23,3150900,41.23
2011-05-13,41.49,41.60,40.63,41.20,3312100,41.20
2011-05-12,41.49,41.70,40.59,41.41,4589000,41.41
2011-05-11,42.87,42.87,41.12,41.61,4483000,41.61
2011-05-10,42.57,43.19,42.34,43.01,3204900,43.01
2011-05-09,42.17,42.82,41.93,42.61,2877800,42.61
2011-05-06,42.43,43.40,41.28,41.91,5129700,41.91
2011-05-05,41.90,42.84,41.37,41.81,5823100,41.81
2011-05-04,42.99,43.00,42.06,42.23,4681900,42.23
2011-05-03,43.31,43.74,42.77,43.13,5328600,43.13
2011-05-02,43.98,44.69,43.49,43.75,5594700,43.75
2011-04-29,43.79,44.36,42.81,43.86,7372200,43.86
2011-04-28,42.11,43.07,41.71,42.72,6971400,42.72
2011-04-27,41.31,42.30,40.73,42.25,5732900,42.25
2011-04-26,40.66,41.24,40.42,41.21,3300000,41.21
2011-04-25,40.80,40.88,40.22,40.52,2883800,40.52
2011-04-21,40.83,41.00,40.12,40.54,3409900,40.54
2011-04-20,40.36,40.93,40.16,40.79,4783800,40.79
2011-04-19,39.99,40.12,39.54,39.92,4104700,39.92
2011-04-18,39.36,40.15,38.86,39.97,6490000,39.97
2011-04-15,38.88,39.97,38.81,39.96,6245900,39.96
2011-04-14,38.28,39.07,38.25,39.01,5890800,39.01
2011-04-13,38.55,38.84,38.26,38.41,5160700,38.41
2011-04-12,39.07,39.22,37.90,38.02,7019900,38.02
2011-04-11,40.33,40.55,39.35,39.60,5987900,39.60
2011-04-08,40.96,41.25,40.20,40.55,5204000,40.55
2011-04-07,41.18,41.50,40.40,41.04,6355200,41.04
2011-04-06,42.55,42.72,41.19,41.40,4688100,41.40
2011-04-05,42.40,42.82,42.27,42.39,3418800,42.39
2011-04-04,42.39,42.96,42.13,42.62,4014000,42.62
2011-04-01,43.37,43.53,42.78,42.87,4072100,42.87
2011-03-31,43.28,43.84,42.58,42.97,4006300,42.97
2011-03-30,43.00,43.96,42.92,43.24,4768100,43.24
2011-03-29,42.40,42.85,41.82,42.50,4597500,42.50
2011-03-28,43.31,43.44,42.52,42.55,4196800,42.55
2011-03-25,43.42,43.70,43.00,43.49,4765600,43.49
2011-03-24,42.72,43.56,42.35,43.06,5518200,43.06
2011-03-23,42.12,42.65,41.93,42.51,4161000,42.51
2011-03-22,41.54,42.46,41.52,42.03,4635700,42.03
2011-03-21,41.56,42.12,41.39,41.61,4739000,41.61
2011-03-18,41.40,41.40,40.74,41.12,9465300,41.12
2011-03-17,40.47,41.47,40.33,40.90,12497700,40.90
2011-03-16,38.85,40.85,38.65,40.02,13234500,40.02
2011-03-15,37.24,39.28,36.64,38.75,10061000,38.75
2011-03-14,37.43,38.48,36.90,38.38,6875300,38.38
2011-03-11,35.77,37.19,35.72,36.90,3589700,36.90
2011-03-10,36.91,37.03,36.03,36.12,6874200,36.12
2011-03-09,37.32,37.52,37.10,37.32,4139400,37.32
2011-03-08,37.91,37.91,37.29,37.34,3385300,37.34
2011-03-07,38.02,38.22,37.36,37.91,4279400,37.91
2011-03-04,38.06,38.17,37.29,37.85,4416800,37.85
2011-03-03,38.18,38.26,37.51,37.97,4163600,37.97
2011-03-02,38.10,38.25,37.55,37.83,4753400,37.83
2011-03-01,39.00,39.10,37.66,37.90,7574200,37.90
2011-02-28,39.56,39.64,38.86,39.48,6650500,39.48
2011-02-25,37.43,38.95,37.33,38.87,6651300,38.87
2011-02-24,37.93,38.08,37.17,37.61,6557500,37.61
2011-02-23,36.28,38.40,36.28,37.99,8907900,37.99
2011-02-22,36.98,36.99,36.06,36.36,7000400,36.36
2011-02-18,36.27,36.57,36.22,36.45,6978800,36.45
2011-02-17,35.73,36.85,35.59,36.19,6895000,36.19
2011-02-16,36.95,37.44,36.75,37.00,4072600,37.00
2011-02-15,37.47,37.66,36.70,36.95,4032100,36.95
2011-02-14,36.85,37.82,36.67,37.46,4793400,37.46
2011-02-11,36.96,37.15,36.50,36.91,4231000,36.91
2011-02-10,37.27,37.37,36.49,37.05,6937200,37.05
2011-02-09,38.68,38.68,37.11,37.38,6544500,37.38
2011-02-08,39.52,39.73,38.47,38.83,4710000,38.83
2011-02-07,39.39,40.16,39.36,39.46,4110300,39.46
2011-02-04,39.40,39.65,39.00,39.34,2425300,39.34
2011-02-03,39.01,39.34,38.77,39.31,2794900,39.31
2011-02-02,38.97,39.34,38.70,39.03,5822600,39.03
2011-02-01,39.63,39.97,39.28,39.44,6829200,39.44
2011-01-31,38.90,39.79,38.85,39.50,5575100,39.50
2011-01-28,39.23,39.49,38.70,38.79,3847200,38.79
2011-01-27,39.94,39.94,39.04,39.27,4952200,39.27
2011-01-26,38.58,39.91,38.47,39.82,4854800,39.82
2011-01-25,38.83,39.23,38.12,38.48,5346300,38.48
2011-01-24,37.68,39.30,37.51,39.05,6295600,39.05
2011-01-21,38.41,38.45,37.95,38.17,4039000,38.17
2011-01-20,38.60,38.75,37.86,38.00,7132500,38.00
2011-01-19,38.99,39.13,38.70,38.94,5145000,38.94
2011-01-18,39.10,39.38,38.77,38.95,5771100,38.95
2011-01-14,39.33,39.44,39.04,39.38,5654400,39.38
2011-01-13,38.89,39.28,38.61,39.26,5373800,39.26
2011-01-12,38.19,38.99,37.86,38.91,5656700,38.91
2011-01-11,38.39,38.48,38.00,38.27,3744100,38.27
2011-01-10,38.01,38.29,37.61,38.09,4017800,38.09
2011-01-07,37.82,38.22,37.51,38.15,4472500,38.15
2011-01-06,37.92,38.03,37.34,37.75,4205200,37.75
2011-01-05,37.35,37.53,37.07,37.33,3265300,37.33
2011-01-04,38.55,38.61,37.12,37.58,5918600,37.58
2011-01-03,37.81,38.25,37.58,38.07,4261300,38.07
2010-12-31,37.23,37.60,36.91,37.43,2643400,37.43
2010-12-30,37.23,37.58,36.89,37.23,2738600,37.23
2010-12-29,36.69,37.13,36.55,37.01,2735100,37.01
2010-12-28,36.21,36.68,35.96,36.55,2891600,36.55
2010-12-27,36.12,36.26,35.80,36.19,1672900,36.19
2010-12-23,35.79,36.47,35.56,36.19,3802100,36.19
2010-12-22,35.66,35.99,35.40,35.93,2856600,35.93
2010-12-21,35.59,35.96,35.08,35.50,5391700,35.50
2010-12-20,35.50,35.77,34.73,35.51,6006300,35.51
2010-12-17,35.61,36.46,35.49,35.77,7715700,35.77
2010-12-16,35.15,35.76,35.11,35.68,5243000,35.68
2010-12-15,35.15,35.50,34.94,35.11,4950000,35.11
2010-12-14,36.18,36.22,35.12,35.31,5489000,35.31
2010-12-13,35.84,36.54,35.72,36.23,4880200,36.23
2010-12-10,36.06,36.08,35.58,35.65,6274700,35.65
2010-12-09,36.36,36.52,35.62,36.10,4168500,36.10
2010-12-08,36.94,37.14,35.98,36.22,7284700,36.22
2010-12-07,37.96,38.18,36.77,36.92,5895000,36.92
2010-12-06,37.90,37.90,37.20,37.36,5203000,37.36
2010-12-03,37.56,38.02,37.21,37.91,6061000,37.91
2010-12-02,36.96,37.84,36.88,37.72,4719300,37.72
2010-12-01,36.94,37.25,36.63,36.88,4975100,36.88
2010-11-30,36.13,36.73,36.00,36.20,5744800,36.20
2010-11-29,36.23,36.66,36.13,36.49,5898700,36.49
2010-11-26,36.57,36.65,36.27,36.31,2062600,36.31
2010-11-24,36.67,36.94,36.27,36.72,5580000,36.72
2010-11-23,37.48,37.48,36.32,36.37,7459700,36.37
2010-11-22,38.28,38.37,37.11,38.14,4410200,38.14
2010-11-19,37.78,38.54,37.56,38.42,3952400,38.42
2010-11-18,37.60,38.32,37.60,38.13,2734800,38.13
2010-11-17,37.39,38.14,37.24,37.44,4130300,37.44
2010-11-16,37.53,37.58,36.73,37.18,5528100,37.18
2010-11-15,38.16,38.37,37.81,38.01,4368000,38.01
2010-11-12,38.18,38.42,37.59,37.89,5073600,37.89
2010-11-11,37.76,38.49,37.76,38.45,3398900,38.45
2010-11-10,37.98,38.25,37.37,38.14,4013000,38.14
2010-11-09,38.46,39.36,37.64,37.81,7515200,37.81
2010-11-08,35.97,37.25,35.63,37.24,4503000,37.24
2010-11-05,36.58,36.67,35.82,36.09,2945000,36.09
2010-11-04,36.04,36.62,35.84,36.47,4716300,36.47
2010-11-03,35.17,35.55,34.82,35.53,5642700,35.53
2010-11-02,35.00,35.16,34.30,34.92,4006400,34.92
2010-11-01,34.57,35.78,34.42,34.56,7932200,34.56
2010-10-29,32.87,34.34,32.82,33.84,7928500,33.84
2010-10-28,33.72,33.95,33.02,33.64,3769200,33.64
2010-10-27,32.98,33.42,32.44,33.39,4457800,33.39
2010-10-26,33.80,33.91,33.13,33.28,4185000,33.28
2010-10-25,34.22,34.56,33.75,33.96,3004000,33.96
2010-10-22,34.44,34.55,33.68,33.91,2767900,33.91
2010-10-21,34.65,35.15,33.93,34.33,5377600,34.33
2010-10-20,34.09,34.90,34.04,34.54,3606400,34.54
2010-10-19,34.36,34.59,33.77,34.04,4516000,34.04
2010-10-18,34.74,34.97,34.36,34.90,2598400,34.90
2010-10-15,34.83,34.96,34.30,34.62,6321200,34.62
2010-10-14,34.64,34.89,34.15,34.49,4327800,34.49
2010-10-13,33.93,34.86,33.82,34.67,6027800,34.67
2010-10-12,33.54,33.73,32.80,33.60,3935200,33.60
2010-10-11,33.87,34.45,33.64,33.70,2583500,33.70
2010-10-08,33.40,34.05,33.05,33.87,3981300,33.87
2010-10-07,34.14,34.23,33.15,33.28,3677900,33.28
2010-10-06,33.43,33.91,33.25,33.89,3623400,33.89
2010-10-05,33.11,33.53,32.77,33.27,3988600,33.27
2010-10-04,33.25,33.55,32.53,32.73,3126600,32.73
2010-10-01,33.90,33.97,33.30,33.46,4159700,33.46
2010-09-30,33.93,34.00,32.75,33.44,4698200,33.44
2010-09-29,32.51,33.83,32.28,33.64,5429600,33.64
2010-09-28,32.46,32.85,32.00,32.75,4078700,32.75
2010-09-27,33.05,33.39,32.46,32.48,3561900,32.48
2010-09-24,32.56,33.21,32.23,33.05,4520400,33.05
2010-09-23,31.79,32.57,31.57,32.28,5246200,32.28
2010-09-22,32.02,32.60,31.95,32.20,4896700,32.20
2010-09-21,31.87,32.41,31.50,32.09,5592700,32.09
2010-09-20,31.71,32.00,30.96,31.94,4183600,31.94
2010-09-17,31.93,32.00,30.61,31.44,9221000,31.44
2010-09-16,32.34,32.77,31.78,31.91,6349000,31.91
2010-09-15,32.62,32.74,32.09,32.52,4514800,32.52
2010-09-14,33.06,33.36,32.74,32.88,3557000,32.88
2010-09-13,33.84,33.99,32.82,33.06,4106100,33.06
2010-09-10,33.08,33.39,32.89,33.37,2741900,33.37
2010-09-09,33.67,33.70,32.72,32.94,3008400,32.94
2010-09-08,33.15,33.47,32.75,33.22,3354900,33.22
2010-09-07,33.71,33.91,32.92,33.04,4429500,33.04
2010-09-03,34.05,34.60,33.91,34.07,3754800,34.07
2010-09-02,33.55,33.84,33.14,33.78,2716700,33.78
2010-09-01,33.20,34.15,32.96,33.55,4532300,33.55
2010-08-31,33.00,33.41,32.50,32.72,4388900,32.72
2010-08-30,33.31,33.92,33.11,33.17,3055800,33.17
2010-08-27,32.64,33.50,31.89,33.35,3906600,33.35
2010-08-26,33.08,33.36,32.22,32.41,3874000,32.41
2010-08-25,32.53,33.01,31.96,32.91,5507600,32.91
2010-08-24,33.44,33.54,32.72,32.81,5205600,32.81
2010-08-23,33.90,34.18,33.69,33.88,2395000,33.88
2010-08-20,33.96,34.19,33.40,33.71,3698500,33.71
2010-08-19,34.51,34.79,34.18,34.32,5006800,34.32
2010-08-18,34.90,34.93,34.34,34.79,5780100,34.79
2010-08-17,33.98,35.02,33.94,34.96,6911900,34.96
2010-08-16,34.23,34.23,33.25,33.53,6917300,33.53
2010-08-13,34.32,35.16,34.27,34.47,4036800,34.47
2010-08-12,34.38,35.00,34.30,34.66,5214200,34.66
2010-08-11,36.46,36.48,34.87,34.93,8074200,34.93
2010-08-10,37.01,37.35,36.85,37.07,5006900,37.07
2010-08-09,37.73,37.81,37.05,37.62,2628200,37.62
2010-08-06,38.00,38.31,37.06,37.45,6673000,37.45
2010-08-05,37.88,38.65,37.45,38.46,6306900,38.46
2010-08-04,37.42,38.19,37.15,38.14,4728300,38.14
2010-08-03,37.01,37.67,36.53,37.28,6462500,37.28
2010-08-02,37.15,37.37,36.88,37.13,5867400,37.13
2010-07-30,36.41,37.07,36.31,36.45,5824400,36.45
2010-07-29,37.25,37.57,36.26,36.73,5341800,36.73
2010-07-28,37.33,37.80,36.89,37.03,4334900,37.03
2010-07-27,37.68,37.83,36.43,37.34,5508500,37.34
2010-07-26,37.75,37.97,37.40,37.58,3315000,37.58
2010-07-23,37.64,38.02,37.18,37.75,2905000,37.75
2010-07-22,37.89,38.60,37.67,37.86,4524600,37.86
2010-07-21,37.26,37.79,36.72,37.37,5781700,37.37
2010-07-20,35.87,36.98,35.75,36.86,7512600,36.86
2010-07-19,37.90,37.90,36.18,36.36,5631700,36.36
2010-07-16,38.39,38.43,37.24,37.41,4647900,37.41
2010-07-15,38.78,38.95,37.70,38.81,3243500,38.81
2010-07-14,38.22,39.14,37.78,38.76,3341000,38.76
2010-07-13,38.97,39.07,38.21,38.36,3367900,38.36
2010-07-12,38.25,39.18,38.16,38.37,3301200,38.37
2010-07-09,38.64,38.72,38.05,38.41,2297600,38.41
2010-07-08,38.83,39.03,37.51,38.67,5143000,38.67
2010-07-07,37.71,38.32,37.49,38.24,7595600,38.24
2010-07-06,38.39,38.84,37.28,37.66,5180400,37.66
2010-07-02,37.96,39.18,37.15,37.75,6008000,37.75
2010-07-01,38.88,39.32,37.47,38.83,5157600,38.83
2010-06-30,38.82,39.76,38.50,38.64,3825500,38.64
2010-06-29,40.25,40.29,38.70,39.02,4549400,39.02
2010-06-28,41.80,41.84,40.53,41.05,3318700,41.05
2010-06-25,41.14,41.93,40.86,41.55,4285200,41.55
2010-06-24,41.89,42.39,40.64,40.91,4458400,40.91
2010-06-23,42.00,42.51,41.67,42.12,3607200,42.12
2010-06-22,43.53,43.77,41.76,42.06,5186800,42.06
2010-06-21,45.01,45.25,43.40,43.76,4022300,43.76
2010-06-18,44.15,44.29,43.07,44.08,6061700,44.08
2010-06-17,44.85,45.25,44.05,44.57,4021000,44.57
2010-06-16,44.88,45.10,44.15,44.68,4001900,44.68
2010-06-15,43.82,45.04,43.77,44.99,4866400,44.99
2010-06-14,44.76,44.84,43.21,43.54,5941100,43.54
2010-06-11,43.44,44.38,43.18,43.91,3929500,43.91
2010-06-10,42.80,44.02,42.80,44.01,4653100,44.01
2010-06-09,42.33,43.13,41.67,41.90,5868400,41.90
2010-06-08,42.05,42.51,41.02,42.05,6552100,42.05
2010-06-07,42.37,42.99,41.36,41.85,7879000,41.85
2010-06-04,41.64,44.18,41.25,41.70,11785900,41.70
2010-06-03,40.51,42.50,40.12,42.43,10538900,42.43
2010-06-02,37.54,40.46,37.27,40.42,10092700,40.42
2010-06-01,37.12,38.52,36.69,36.79,5541800,36.79
2010-05-28,37.38,38.29,37.01,37.61,6454300,37.61
2010-05-27,36.81,37.86,36.65,37.45,8820600,37.45
2010-05-26,36.95,37.24,35.67,35.86,6817300,35.86
2010-05-25,34.99,36.44,34.79,36.35,6529000,36.35
2010-05-24,36.91,37.28,35.85,35.89,5539300,35.89
2010-05-21,35.79,37.74,35.38,37.27,6872300,37.27
2010-05-20,36.91,37.48,36.33,36.35,7698000,36.35
2010-05-19,38.65,38.65,36.86,38.06,5905800,38.06
2010-05-18,38.95,39.77,38.11,38.37,4674000,38.37
2010-05-17,39.04,39.40,37.67,38.46,5672600,38.46
2010-05-14,39.35,39.57,38.30,39.06,4774800,39.06
2010-05-13,39.99,40.83,39.40,39.78,3754700,39.78
2010-05-12,39.14,40.32,39.12,40.09,4441400,40.09
2010-05-11,38.69,39.85,38.61,38.91,4207300,38.91
2010-05-10,39.10,39.31,38.41,39.24,5268500,39.24
2010-05-07,37.89,38.74,36.27,37.16,7483700,37.16
2010-05-06,39.41,40.04,35.07,38.09,8008500,38.09
2010-05-05,38.78,40.00,38.46,39.60,6161600,39.60
2010-05-04,39.82,39.95,38.87,39.32,4862400,39.32
2010-05-03,40.13,40.87,39.71,40.54,5172600,40.54
2010-04-30,38.65,40.09,37.81,39.68,13212100,39.68
2010-04-29,41.52,41.81,39.69,40.38,6719600,40.38
2010-04-28,41.33,41.77,40.95,41.23,4332900,41.23
2010-04-27,42.01,42.17,40.65,40.92,4550800,40.92
2010-04-26,43.26,43.39,42.36,42.41,3753800,42.41
2010-04-23,41.45,43.28,40.87,43.09,7129500,43.09
2010-04-22,40.21,41.75,39.85,41.51,6029500,41.51
2010-04-21,41.16,41.50,40.38,40.66,6895000,40.66
2010-04-20,40.04,41.39,39.94,40.79,6301500,40.79
2010-04-19,40.26,40.26,39.32,39.70,5081700,39.70
2010-04-16,41.43,41.43,40.16,40.48,5700400,40.48
2010-04-15,41.56,42.35,41.16,41.63,6628000,41.63
2010-04-14,41.48,41.77,40.75,41.59,4965400,41.59
2010-04-13,41.75,42.08,41.36,41.57,6012100,41.57
2010-04-12,41.41,42.16,41.06,41.76,5056300,41.76
2010-04-09,41.27,41.65,40.94,41.30,4197100,41.30
2010-04-08,40.48,40.90,39.87,40.74,4475200,40.74
2010-04-07,41.74,41.97,40.62,40.78,7149000,40.78
2010-04-06,42.23,42.75,41.84,41.93,4903800,41.93
2010-04-05,41.81,42.94,41.26,42.74,5515800,42.74
2010-04-01,40.97,41.87,40.96,41.48,4476900,41.48
2010-03-31,40.26,41.11,40.01,40.72,5747000,40.72
2010-03-30,40.58,40.58,39.59,40.22,5579100,40.22
2010-03-29,39.66,40.95,39.10,40.73,10466500,40.73
2010-03-26,38.24,38.24,37.21,37.70,6531000,37.70
2010-03-25,39.85,40.13,38.02,38.13,5917400,38.13
2010-03-24,39.61,40.19,39.29,39.42,4807700,39.42
2010-03-23,40.04,40.44,39.40,39.93,6037200,39.93
2010-03-22,39.11,40.12,38.56,39.95,6931600,39.95
2010-03-19,39.60,41.10,38.25,39.60,14948800,39.60
2010-03-18,42.75,42.95,40.61,40.78,8188100,40.78
2010-03-17,42.72,43.50,42.51,42.96,5268700,42.96
2010-03-16,42.59,43.16,42.26,42.58,5198000,42.58
2010-03-15,44.01,44.11,42.48,43.42,3646200,43.42
2010-03-12,44.57,44.95,44.24,44.36,3237700,44.36
2010-03-11,44.58,44.75,44.17,44.38,4162500,44.38
2010-03-10,44.02,45.30,43.83,44.94,8785500,44.94
2010-03-09,41.71,44.50,41.71,43.89,12645000,43.89
2010-03-08,42.70,42.89,42.15,42.25,5226000,42.25
2010-03-05,41.19,42.72,41.19,42.59,7242100,42.59
2010-03-04,42.59,42.81,40.57,40.77,8134600,40.77
2010-03-03,42.59,42.93,42.39,42.49,5061700,42.49
2010-03-02,42.77,42.77,42.32,42.41,4886600,42.41
2010-03-01,43.22,43.42,42.41,42.53,5909000,42.53
2010-02-26,43.67,44.02,41.59,42.55,8346100,42.55
2010-02-25,41.91,43.13,41.63,42.99,4691800,42.99
2010-02-24,42.64,43.24,42.33,42.74,3634900,42.74
2010-02-23,43.34,43.34,42.07,42.49,5540300,42.49
2010-02-22,45.68,45.69,43.21,43.43,7098700,43.43
2010-02-19,45.71,45.98,45.09,45.30,4057500,45.30
2010-02-18,45.65,45.85,45.04,45.81,3990600,45.81
2010-02-17,45.76,45.95,44.87,45.70,3221500,45.70
2010-02-16,45.03,45.90,44.83,45.57,3754300,45.57
2010-02-12,43.68,44.56,43.28,44.27,3960600,44.27
2010-02-11,43.05,44.44,42.88,44.34,4450900,44.34
2010-02-10,42.64,43.45,42.00,43.05,5220300,43.05
2010-02-09,42.44,43.29,42.05,42.64,4205500,42.64
2010-02-08,41.99,42.93,41.62,41.76,3246600,41.76
2010-02-05,41.99,42.30,40.50,42.10,5515500,42.10
2010-02-04,43.78,43.78,41.81,41.88,5133300,41.88
2010-02-03,44.96,45.46,44.13,44.38,3359600,44.38
2010-02-02,44.93,45.49,44.30,45.48,4223700,45.48
2010-02-01,43.62,45.22,43.62,44.81,4477700,44.81
2010-01-29,44.46,45.16,42.57,42.88,4340400,42.88
2010-01-28,44.93,45.19,43.16,43.94,3698600,43.94
2010-01-27,45.46,45.86,43.56,44.57,3918400,44.57
2010-01-26,45.89,46.33,45.21,45.55,3228800,45.55
2010-01-25,45.91,46.83,45.60,46.32,2546200,46.32
2010-01-22,46.39,46.94,45.35,45.44,4101200,45.44
2010-01-21,47.71,48.13,46.32,46.63,4374900,46.63
2010-01-20,48.10,48.29,46.62,47.66,3446100,47.66
2010-01-19,48.29,48.79,47.22,48.71,4118400,48.71
2010-01-15,49.31,49.70,48.50,48.65,3278500,48.65
2010-01-14,49.90,50.12,48.36,49.41,3858300,49.41
2010-01-13,48.90,49.93,48.00,49.78,2765600,49.78
2010-01-12,49.65,49.66,48.34,48.72,3902800,48.72
2010-01-11,51.80,52.82,49.11,50.48,4778400,50.48
2010-01-08,50.46,51.52,49.93,51.47,2694400,51.47
2010-01-07,51.09,51.23,50.15,50.95,2841500,50.95
2010-01-06,51.26,51.89,50.65,51.40,4307800,51.40
2010-01-05,50.61,51.93,50.43,51.65,4760800,51.65
2010-01-04,49.69,50.83,48.84,50.83,3473200,50.83
2009-12-31,48.93,49.43,48.14,48.20,1649200,48.20
2009-12-30,49.24,49.24,48.32,48.93,2848800,48.93
2009-12-29,50.17,50.74,49.28,49.36,3401200,49.36
2009-12-28,51.28,51.28,49.56,49.99,3356200,49.99
2009-12-24,50.84,51.33,50.33,50.62,1282100,50.62
2009-12-23,49.60,50.65,49.40,50.57,3986200,50.57
2009-12-22,48.93,49.47,48.28,49.35,4926200,49.35
2009-12-21,47.90,48.87,47.81,48.79,4881200,48.79
2009-12-18,46.02,47.52,45.87,47.45,8271600,47.45
2009-12-17,44.99,45.55,44.30,45.40,5023100,45.40
2009-12-16,45.02,45.83,44.67,45.32,4725000,45.32
2009-12-15,44.26,44.74,44.09,44.47,3144600,44.47
2009-12-14,43.52,45.09,43.46,44.46,6535600,44.46
2009-12-11,41.81,42.20,41.31,41.45,4903900,41.45
2009-12-10,40.86,42.29,40.75,42.04,5652300,42.04
2009-12-09,41.77,41.77,39.76,40.73,7280500,40.73
2009-12-08,42.51,42.69,41.05,41.31,5830900,41.31
2009-12-07,42.90,43.95,42.34,42.93,3359300,42.93
2009-12-04,43.52,44.42,42.00,42.95,4127200,42.95
2009-12-03,44.02,44.17,43.00,43.08,3732900,43.08
2009-12-02,44.60,45.07,43.94,44.10,3172800,44.10
2009-12-01,44.48,45.09,44.39,44.56,4223500,44.56
2009-11-30,43.51,44.91,43.32,43.96,4926900,43.96
2009-11-27,43.52,44.23,43.00,43.86,2989700,43.86
2009-11-25,43.26,45.13,42.95,45.11,5923700,45.11
2009-11-24,41.92,43.18,41.65,43.17,4588500,43.17
2009-11-23,42.31,43.19,42.08,42.28,4254300,42.28
2009-11-20,41.00,41.64,41.00,41.49,5487600,41.49
2009-11-19,41.69,41.91,41.10,41.49,4203100,41.49
2009-11-18,42.27,42.59,41.72,42.14,5140900,42.14
2009-11-17,42.52,42.65,41.70,42.31,4663600,42.31
2009-11-16,42.64,43.05,42.33,42.71,6609900,42.71
2009-11-13,42.49,42.78,42.15,42.29,5846700,42.29
2009-11-12,44.47,44.47,42.21,42.57,5569500,42.57
2009-11-11,46.09,46.24,43.88,44.70,3961800,44.70
2009-11-10,45.95,46.41,45.00,45.51,2869400,45.51
2009-11-09,45.25,46.55,45.19,46.18,2713900,46.18
2009-11-06,44.80,45.84,44.35,44.74,2579300,44.74
2009-11-05,45.13,45.73,44.32,45.55,3864700,45.55
2009-11-04,46.17,46.44,44.64,44.78,3603800,44.78
2009-11-03,43.92,45.75,43.12,45.46,4242400,45.46
2009-11-02,44.10,45.91,43.84,44.55,5534200,44.55
2009-10-30,46.87,47.98,43.39,43.58,9298200,43.58
2009-10-29,44.13,46.63,44.13,45.89,6148100,45.89
2009-10-28,46.26,46.44,43.62,43.62,4467600,43.62
2009-10-27,46.41,47.71,46.02,46.78,3590500,46.78
2009-10-26,47.41,48.68,45.94,46.14,3646400,46.14
2009-10-23,48.83,49.15,46.83,47.22,3455300,47.22
2009-10-22,48.61,48.80,47.41,48.62,3980400,48.62
2009-10-21,48.98,49.98,48.66,48.74,3698800,48.74
2009-10-20,50.41,50.61,48.56,49.46,3564400,49.46
2009-10-19,49.20,50.26,49.08,50.17,3997300,50.17
2009-10-16,49.24,49.59,48.50,49.12,4189500,49.12
2009-10-15,45.94,49.51,45.82,49.49,8493100,49.49
2009-10-14,46.20,46.80,45.77,46.67,3434500,46.67
2009-10-13,45.48,45.88,44.37,45.31,3126500,45.31
2009-10-12,46.00,46.41,45.17,45.39,2569600,45.39
2009-10-09,44.61,45.41,44.31,45.34,4053100,45.34
2009-10-08,43.31,44.83,43.31,44.76,3615500,44.76
2009-10-07,43.05,43.33,42.15,42.97,2725500,42.97
2009-10-06,42.60,43.37,42.52,43.15,2709500,43.15
2009-10-05,40.95,42.22,40.61,41.97,3574000,41.97
2009-10-02,40.00,41.30,39.31,40.77,5028400,40.77
2009-10-01,42.54,43.00,40.18,40.28,4806700,40.28
2009-09-30,42.55,43.20,41.63,42.68,5024200,42.68
2009-09-29,41.38,42.57,40.99,42.31,4340200,42.31
2009-09-28,41.09,41.80,40.86,41.47,2348000,41.47
2009-09-25,41.71,42.08,40.62,41.00,3757600,41.00
2009-09-24,42.63,42.76,41.38,41.91,3405600,41.91
2009-09-23,44.52,44.63,42.50,42.81,3902700,42.81
2009-09-22,44.09,44.51,43.48,44.39,3213000,44.39
2009-09-21,42.99,43.39,42.11,43.34,3859700,43.34
2009-09-18,45.68,45.68,43.59,44.03,4136400,44.03
2009-09-17,44.68,45.80,44.62,45.08,4545800,45.08
2009-09-16,43.58,45.04,43.17,44.81,4497100,44.81
2009-09-15,42.53,43.45,42.10,43.21,6419100,43.21
2009-09-14,41.02,42.15,40.69,42.05,3951400,42.05
2009-09-11,40.84,42.25,40.84,41.59,6858700,41.59
2009-09-10,39.50,40.64,39.23,40.64,5163300,40.64
2009-09-09,39.80,39.85,38.68,39.65,4172400,39.65
2009-09-08,38.61,39.28,38.40,39.05,6018200,39.05
2009-09-04,35.79,37.37,35.79,37.21,3557300,37.21
2009-09-03,36.13,36.48,35.64,35.85,3441400,35.85
2009-09-02,36.31,36.58,35.67,35.87,5847800,35.87
2009-09-01,36.76,37.50,36.05,36.28,4766100,36.28
2009-08-31,37.76,37.98,36.57,36.86,4965500,36.86
2009-08-28,38.72,39.04,38.08,38.43,4095600,38.43
2009-08-27,38.50,38.57,37.58,38.40,4035600,38.40
2009-08-26,39.07,39.33,37.96,38.71,5185300,38.71
2009-08-25,41.34,41.50,39.39,39.67,4670000,39.67
2009-08-24,41.49,41.93,40.99,41.25,4318500,41.25
2009-08-21,40.42,41.65,40.12,41.48,5955500,41.48
2009-08-20,38.75,40.30,38.58,39.84,7762000,39.84
2009-08-19,37.27,39.30,36.85,38.74,4605100,38.74
2009-08-18,37.18,38.00,36.91,37.70,4911300,37.70
2009-08-17,37.21,37.44,36.13,37.02,5820200,37.02
2009-08-14,39.57,39.80,37.67,38.11,5192600,38.11
2009-08-13,39.12,40.11,37.96,39.69,6091800,39.69
2009-08-12,37.99,39.32,37.99,38.76,4553200,38.76
2009-08-11,38.74,38.74,38.02,38.03,3759000,38.03
2009-08-10,39.35,39.67,38.62,38.89,3881500,38.89
2009-08-07,40.27,40.48,39.53,39.62,4463500,39.62
2009-08-06,41.26,41.31,39.31,39.63,4975300,39.63
2009-08-05,42.71,42.74,40.94,41.02,4978900,41.02
2009-08-04,42.90,43.13,42.45,42.79,4266500,42.79
2009-08-03,41.99,43.65,41.68,43.31,6957700,43.31
2009-07-31,40.07,41.70,40.07,41.43,6701900,41.43
2009-07-30,41.42,41.80,40.77,41.44,4924400,41.44
2009-07-29,40.56,40.56,39.54,40.13,4658900,40.13
2009-07-28,41.26,41.53,40.16,41.24,4062300,41.24
2009-07-27,42.46,42.75,41.52,41.74,4092300,41.74
2009-07-24,41.68,42.70,41.64,42.46,2382800,42.46
2009-07-23,41.23,42.45,40.96,42.15,3496300,42.15
2009-07-22,40.47,41.94,40.27,41.22,3789100,41.22
2009-07-21,41.71,41.94,40.63,41.27,3647500,41.27
2009-07-20,41.33,41.86,40.44,41.02,4004900,41.02
2009-07-17,39.64,41.02,39.24,40.60,5283500,40.60
2009-07-16,38.99,40.00,38.39,39.77,3896800,39.77
2009-07-15,39.36,40.15,38.86,39.11,5943600,39.11
2009-07-14,38.09,38.61,37.50,38.54,4517700,38.54
2009-07-13,36.77,37.58,35.63,37.58,3506100,37.58
2009-07-10,36.25,36.94,35.62,36.78,4300500,36.78
2009-07-09,35.92,37.48,35.92,37.09,4568500,37.09
2009-07-08,35.40,36.17,34.68,35.39,5348000,35.39
2009-07-07,36.54,36.57,35.46,35.52,4260200,35.52
2009-07-06,35.63,36.68,34.25,36.61,7727800,36.61
2009-07-02,37.75,37.75,36.56,36.56,3438800,36.56
2009-07-01,39.27,39.60,38.41,38.49,3397100,38.49
2009-06-30,39.20,39.90,38.08,38.85,5033200,38.85
2009-06-29,39.18,39.48,38.88,39.18,4187500,39.18
2009-06-26,39.48,39.48,38.80,38.94,6160800,38.94
2009-06-25,38.50,39.73,38.48,39.67,5141500,39.67
2009-06-24,38.47,39.26,38.20,38.69,4713200,38.69
2009-06-23,38.78,39.17,37.39,38.15,5855500,38.15
2009-06-22,40.11,40.18,38.04,38.26,5892000,38.26
2009-06-19,42.23,42.38,40.72,40.96,5072800,40.96
2009-06-18,42.34,42.52,41.27,41.60,4278500,41.60
2009-06-17,42.74,42.74,41.00,42.10,5112400,42.10
2009-06-16,44.53,45.00,42.47,42.75,4843400,42.75
2009-06-15,44.16,44.16,43.24,43.89,4233300,43.89
2009-06-12,44.51,44.72,43.68,44.53,4725600,44.53
2009-06-11,42.40,46.47,42.40,45.19,9388100,45.19
2009-06-10,43.27,43.58,41.77,42.35,4958400,42.35
2009-06-09,43.18,43.49,41.96,42.77,4098600,42.77
2009-06-08,42.23,42.89,41.50,42.57,4124200,42.57
2009-06-05,43.57,43.97,41.88,42.38,5505000,42.38
2009-06-04,42.49,43.41,41.75,43.31,5207900,43.31
2009-06-03,43.97,44.00,41.44,42.13,5672500,42.13
2009-06-02,45.17,45.42,44.27,44.66,4618100,44.66
2009-06-01,44.60,46.03,44.58,45.65,4271500,45.65
2009-05-29,44.26,44.26,42.77,43.47,5007800,43.47
2009-05-28,42.30,43.75,41.45,43.52,4972700,43.52
2009-05-27,42.23,43.01,41.85,41.92,4410800,41.92
2009-05-26,39.76,41.97,39.13,41.86,5504900,41.86
2009-05-22,40.27,40.64,39.49,40.11,3173700,40.11
2009-05-21,40.00,40.37,39.22,39.71,5294900,39.71
2009-05-20,41.27,41.56,40.58,40.75,6224700,40.75
2009-05-19,40.41,41.14,39.86,40.44,4015000,40.44
2009-05-18,39.77,40.88,39.67,40.55,4341100,40.55
2009-05-15,38.88,39.61,38.66,39.05,5239000,39.05
2009-05-14,39.10,39.62,38.29,39.24,4185100,39.24
2009-05-13,39.79,40.36,38.42,39.17,5658400,39.17
2009-05-12,40.48,40.92,39.30,40.75,5488900,40.75
2009-05-11,40.33,41.07,39.45,40.02,3278900,40.02
2009-05-08,41.00,41.76,40.37,41.32,4141200,41.32
2009-05-07,42.38,43.31,39.62,40.26,7382900,40.26
2009-05-06,40.65,42.03,40.03,41.76,5343800,41.76
2009-05-05,41.11,41.15,38.82,39.63,5063700,39.63
2009-05-04,39.11,41.27,39.00,41.19,5322500,41.19
2009-05-01,36.05,39.25,35.93,38.49,7109100,38.49
2009-04-30,36.93,37.62,35.26,35.86,5393500,35.86
2009-04-29,37.24,37.24,36.01,36.41,6021200,36.41
2009-04-28,33.95,37.52,33.42,36.64,9781400,36.64
2009-04-27,33.36,33.89,32.91,33.47,4853300,33.47
2009-04-24,34.68,34.68,33.38,34.43,5129300,34.43
2009-04-23,33.35,33.89,32.86,33.78,4346700,33.78
2009-04-22,32.07,33.59,32.07,32.82,6820000,32.82
2009-04-21,32.39,32.96,31.39,32.90,6534000,32.90
2009-04-20,32.67,33.35,32.11,32.89,6004400,32.89
2009-04-17,32.27,33.85,32.27,33.71,5841400,33.71
2009-04-16,30.74,32.56,30.07,32.24,5675700,32.24
2009-04-15,30.44,30.98,29.71,30.58,3683000,30.58
2009-04-14,30.46,31.46,30.15,30.59,4787900,30.59
2009-04-13,30.82,31.28,29.82,30.96,4291400,30.96
2009-04-09,32.42,33.00,30.89,31.21,7169900,31.21
2009-04-08,30.68,31.97,29.82,31.50,3986300,31.50
2009-04-07,31.03,31.11,30.25,30.75,4864500,30.75
2009-04-06,31.80,32.18,31.23,31.84,4239800,31.84
2009-04-03,31.73,32.53,31.10,32.32,4514900,32.32
2009-04-02,31.12,32.29,31.08,31.69,6277100,31.69
2009-04-01,29.06,30.35,28.90,30.01,6882500,30.01
2009-03-31,30.88,30.99,29.52,29.69,5798400,29.69
2009-03-30,31.01,31.05,29.86,30.37,4992400,30.37
2009-03-27,32.51,33.05,31.08,31.97,5955000,31.97
2009-03-26,34.49,35.48,33.35,33.88,8280000,33.88
2009-03-25,33.05,34.00,32.27,33.90,6463000,33.90
2009-03-24,33.49,33.55,32.47,33.12,5296600,33.12
2009-03-23,31.73,34.15,31.70,34.14,7551500,34.14
2009-03-20,32.15,32.85,30.56,30.85,6977300,30.85
2009-03-19,31.60,33.11,31.52,32.01,6720200,32.01
2009-03-18,30.15,31.38,29.11,30.89,6741800,30.89
2009-03-17,28.56,30.43,28.05,30.43,5329000,30.43
2009-03-16,27.15,29.29,27.08,28.67,5686000,28.67
2009-03-13,28.56,28.56,27.04,27.43,6259700,27.43
2009-03-12,27.96,28.69,26.82,28.39,6618500,28.39
2009-03-11,28.73,29.14,27.40,28.01,5458000,28.01
2009-03-10,29.15,29.30,27.82,28.43,8346400,28.43
2009-03-09,28.55,30.35,28.02,28.27,6210200,28.27
2009-03-06,29.67,30.53,27.61,28.72,6648800,28.72
2009-03-05,28.52,29.85,28.00,29.20,7468800,29.20
2009-03-04,29.06,30.25,28.84,29.16,7563400,29.16
2009-03-03,27.37,29.06,27.11,28.05,6775400,28.05
2009-03-02,27.77,28.99,26.66,27.05,8088700,27.05
2009-02-27,26.97,30.09,26.97,28.77,13691900,28.77
2009-02-26,28.25,28.85,27.30,27.53,6501800,27.53
2009-02-25,26.16,28.03,26.00,27.42,6049400,27.42
2009-02-24,25.26,27.09,25.26,26.93,7544100,26.93
2009-02-23,28.32,28.60,25.90,25.99,5412500,25.99
2009-02-20,27.89,28.25,26.78,27.63,5385800,27.63
2009-02-19,29.18,29.52,28.11,28.59,4739700,28.59
2009-02-18,29.85,29.90,27.92,28.56,5715200,28.56
2009-02-17,31.24,31.28,29.62,29.71,4301500,29.71
2009-02-13,31.46,32.87,31.46,32.33,3804700,32.33
2009-02-12,30.42,31.70,30.03,31.60,4036600,31.60
2009-02-11,32.31,32.79,30.29,31.17,4827200,31.17
2009-02-10,32.88,33.77,31.94,32.18,6819800,32.18
2009-02-09,33.02,33.76,32.62,33.00,6708700,33.00
2009-02-06,32.63,33.03,31.53,32.73,6883500,32.73
2009-02-05,32.10,33.17,31.77,32.83,9186600,32.83
2009-02-04,32.75,33.33,31.85,32.47,6913200,32.47
2009-02-03,31.07,32.49,30.42,32.25,6021800,32.25
2009-02-02,30.83,31.69,30.05,30.88,6260800,30.88
2009-01-30,32.88,33.35,31.33,31.65,6856600,31.65
2009-01-29,31.12,33.03,31.12,31.86,5133400,31.86
2009-01-28,31.69,32.42,31.29,32.29,6327500,32.29
2009-01-27,32.46,32.47,30.39,31.15,6013200,31.15
2009-01-26,32.07,33.30,31.20,31.93,6661500,31.93
2009-01-23,28.48,32.20,28.34,31.74,7574400,31.74
2009-01-22,29.25,30.02,28.10,29.48,6753500,29.48
2009-01-21,27.45,30.27,27.25,30.17,8320900,30.17
2009-01-20,28.03,29.13,26.62,26.92,8284200,26.92
2009-01-16,28.39,29.83,27.42,28.60,7199300,28.60
2009-01-15,27.47,28.07,25.64,27.71,6923500,27.71
2009-01-14,28.73,29.00,27.25,27.68,7272900,27.68
2009-01-13,28.09,29.95,28.09,29.50,6398300,29.50
2009-01-12,29.64,30.00,27.93,28.34,5811200,28.34
2009-01-09,31.00,31.49,29.56,30.23,5890700,30.23
2009-01-08,31.19,31.28,29.33,31.01,7015800,31.01
2009-01-07,33.05,33.50,30.72,31.80,5375200,31.80
2009-01-06,34.35,35.40,33.22,33.74,8286100,33.74
2009-01-05,31.53,33.85,30.94,32.87,7635300,32.87
2009-01-02,29.40,31.40,29.35,31.09,4313400,31.09
2008-12-31,29.04,29.67,28.42,28.97,4860900,28.97
2008-12-30,28.67,29.72,27.94,29.67,4209200,29.67
2008-12-29,28.27,28.87,27.83,28.81,4470100,28.81
2008-12-26,27.80,28.48,27.07,27.88,1742500,27.88
2008-12-24,27.38,27.93,26.70,27.80,1394500,27.80
2008-12-23,27.71,28.17,26.25,27.68,5357800,27.68
2008-12-22,28.71,28.71,26.31,27.23,5942000,27.23
2008-12-19,26.14,28.80,25.69,28.23,11045700,28.23
2008-12-18,27.51,27.84,25.01,25.42,7195800,25.42
2008-12-17,27.87,29.20,26.88,27.06,7199400,27.06
2008-12-16,28.28,29.38,26.62,28.41,6586200,28.41
2008-12-15,29.57,30.53,26.91,27.78,5505900,27.78
2008-12-12,27.50,29.46,26.59,28.78,5615600,28.78
2008-12-11,30.87,32.25,28.09,28.92,6427600,28.92
2008-12-10,30.60,31.64,29.91,30.68,5866300,30.68
2008-12-09,28.49,30.54,27.60,29.15,5929000,29.15
2008-12-08,28.13,29.81,27.86,28.67,7707700,28.67
2008-12-05,25.23,26.27,22.76,26.13,12436200,26.13
2008-12-04,30.86,30.86,26.01,26.34,8753600,26.34
2008-12-03,29.08,31.60,28.88,31.14,7448000,31.14
2008-12-02,30.30,30.90,28.43,29.90,7112700,29.90
2008-12-01,33.33,33.33,28.90,29.03,8723600,29.03
2008-11-28,35.73,35.84,32.47,34.37,3092300,34.37
2008-11-26,30.09,35.87,29.83,35.85,9212200,35.85
2008-11-25,31.99,32.71,23.50,30.46,17114300,30.46
2008-11-24,27.87,32.30,27.00,30.91,9931300,30.91
2008-11-21,25.48,26.88,22.79,26.70,13043100,26.70
2008-11-20,29.03,29.37,23.42,23.73,11326500,23.73
2008-11-19,32.66,32.94,30.30,30.38,6784000,30.38
2008-11-18,32.67,32.86,30.55,32.45,6846600,32.45
2008-11-17,29.43,32.88,29.43,31.20,6590000,31.20
2008-11-14,32.82,33.94,30.09,30.26,10143000,30.26
2008-11-13,29.70,34.05,27.69,33.86,11089400,33.86
2008-11-12,32.95,32.95,29.50,29.79,6973900,29.79
2008-11-11,33.79,35.03,31.07,33.43,5354700,33.43
2008-11-10,36.00,36.61,33.70,34.87,5989800,34.87
2008-11-07,33.60,34.55,32.90,34.42,6884900,34.42
2008-11-06,35.23,36.13,31.00,32.90,9551400,32.90
2008-11-05,35.71,39.08,35.52,36.91,5987000,36.91
2008-11-04,35.28,38.90,35.28,37.22,7528800,37.22
2008-11-03,35.06,36.56,32.74,33.94,5283100,33.94
2008-10-31,35.96,36.69,32.68,35.62,8251200,35.62
2008-10-30,32.46,34.39,30.89,34.07,9788200,34.07
2008-10-29,28.70,33.27,28.48,30.95,8399400,30.95
2008-10-28,26.81,28.41,23.81,28.29,8724900,28.29
2008-10-27,25.97,28.67,25.46,25.49,5725800,25.49
2008-10-24,24.54,27.72,24.00,27.11,7105000,27.11
2008-10-23,26.58,28.74,24.88,27.94,8465300,27.94
2008-10-22,29.45,29.75,25.02,26.13,8516100,26.13
2008-10-21,32.00,33.77,30.80,30.91,7121000,30.91
2008-10-20,30.21,33.93,30.00,33.62,11522300,33.62
2008-10-17,25.70,32.31,24.98,29.10,11442200,29.10
2008-10-16,22.56,26.61,22.11,26.45,14060300,26.45
2008-10-15,29.25,29.25,21.41,21.86,11533400,21.86
2008-10-14,30.18,31.74,28.30,30.92,14179900,30.92
2008-10-13,22.26,28.44,22.19,28.44,10965700,28.44
2008-10-10,20.03,22.71,19.05,20.81,13876200,20.81
2008-10-09,25.79,27.50,23.36,23.48,10243900,23.48
2008-10-08,25.00,26.92,23.11,25.03,13991400,25.03
2008-10-07,28.79,29.29,26.50,26.63,8729800,26.63
2008-10-06,27.23,28.48,24.21,28.22,10642700,28.22
2008-10-03,28.00,31.24,27.85,29.33,8681400,29.33
2008-10-02,29.73,29.86,27.00,27.72,7717500,27.72
2008-10-01,29.76,31.29,28.97,30.19,6052100,30.19
2008-09-30,28.35,31.12,28.04,30.54,5972000,30.54
2008-09-29,31.81,32.00,27.00,27.91,5903400,27.91
2008-09-26,34.23,34.68,32.77,33.24,5452100,33.24
2008-09-25,34.24,35.91,33.50,35.39,4660400,35.39
2008-09-24,35.28,36.13,34.37,34.69,4850100,34.69
2008-09-23,35.01,37.41,34.41,35.02,5102100,35.02
2008-09-22,35.25,37.08,34.71,35.01,6300300,35.01
2008-09-19,33.94,35.81,32.57,35.42,9295400,35.42
2008-09-18,31.58,33.52,30.43,32.39,10222700,32.39
2008-09-17,31.03,32.29,28.96,30.73,8801800,30.73
2008-09-16,29.12,31.32,27.50,31.32,7396600,31.32
2008-09-15,30.88,31.80,29.01,29.96,7989900,29.96
2008-09-12,31.77,33.10,31.47,32.80,6316300,32.80
2008-09-11,30.48,32.21,29.38,31.00,9655000,31.00
2008-09-10,28.80,31.10,28.80,30.69,8504400,30.69
2008-09-09,31.17,31.65,28.21,28.53,15667700,28.53
2008-09-08,35.06,36.23,31.74,31.99,8419600,31.99
2008-09-05,33.77,34.00,32.28,33.79,6721500,33.79
2008-09-04,35.06,36.19,33.12,33.77,6427500,33.77
2008-09-03,35.32,36.62,33.79,34.80,6780600,34.80
2008-09-02,36.93,36.93,35.54,35.76,5880600,35.76
2008-08-29,39.22,39.34,37.87,38.37,3007100,38.37
2008-08-28,39.66,39.97,37.27,38.85,5559000,38.85
2008-08-27,39.78,40.73,38.68,39.20,5858900,39.20
2008-08-26,38.24,39.35,37.88,39.08,4495700,39.08
2008-08-25,38.07,38.69,36.99,37.65,4521200,37.65
2008-08-22,38.45,38.78,36.62,37.67,4435100,37.67
2008-08-21,39.60,40.02,38.30,38.72,7179400,38.72
2008-08-20,37.29,38.85,36.99,38.78,7833200,38.78
2008-08-19,34.29,36.71,33.90,36.63,6091900,36.63
2008-08-18,35.50,35.98,34.36,34.54,5669300,34.54
2008-08-15,35.05,35.59,34.17,35.18,5939600,35.18
2008-08-14,35.29,36.13,34.51,35.59,7424700,35.59
2008-08-13,33.06,35.67,32.81,35.46,6901800,35.46
2008-08-12,32.50,33.30,31.69,32.98,9924800,32.98
2008-08-11,32.54,33.00,30.86,32.38,5714700,32.38
2008-08-08,33.10,33.26,31.45,32.56,5258600,32.56
2008-08-07,35.42,36.20,33.96,34.00,4861700,34.00
2008-08-06,33.85,35.83,33.84,34.84,5668800,34.84
2008-08-05,32.57,34.28,32.02,33.90,7381400,33.90
2008-08-04,36.11,36.11,32.57,32.85,7936700,32.85
2008-08-01,35.79,38.15,35.10,36.32,6732300,36.32
2008-07-31,37.44,38.84,36.12,36.31,11926800,36.31
2008-07-30,32.47,36.01,31.61,35.73,8181000,35.73
2008-07-29,33.54,33.54,31.56,32.98,8089200,32.98
2008-07-28,34.10,35.27,33.13,33.77,5858400,33.77
2008-07-25,33.34,35.79,33.34,34.00,9933000,34.00
2008-07-24,33.92,34.74,31.19,32.98,14292900,32.98
2008-07-23,36.35,36.76,33.50,33.89,11696900,33.89
2008-07-22,40.41,40.41,36.31,36.63,11114900,36.63
2008-07-21,38.57,40.95,37.87,40.82,4704600,40.82
2008-07-18,37.15,40.20,37.15,38.53,5854000,38.53
2008-07-17,41.57,41.57,36.86,37.95,9457500,37.95
2008-07-16,41.94,42.10,38.73,40.71,7043300,40.71
2008-07-15,42.30,43.82,40.34,40.85,5010500,40.85
2008-07-14,42.61,43.75,42.05,42.67,3494300,42.67
2008-07-11,43.49,44.11,41.38,42.64,4500000,42.64
2008-07-10,40.00,42.75,39.82,42.69,5166100,42.69
2008-07-09,41.59,43.73,39.73,39.83,6592200,39.83
2008-07-08,41.36,41.73,38.25,41.62,9134900,41.62
2008-07-07,44.78,45.64,40.83,42.51,9116300,42.51
2008-07-03,47.34,49.90,44.10,45.04,4907600,45.04
2008-07-02,49.75,52.69,47.58,47.61,7867700,47.61
2008-07-01,47.33,48.97,47.19,48.53,5992300,48.53
2008-06-30,46.83,47.93,46.40,47.61,6304000,47.61
2008-06-27,45.36,47.19,45.36,46.62,5013300,46.62
2008-06-26,45.67,46.49,44.10,45.36,5929700,45.36
2008-06-25,47.14,47.60,44.40,45.63,7055800,45.63
2008-06-24,47.53,48.42,47.10,47.23,4842400,47.23
2008-06-23,45.82,48.38,45.61,48.17,4953500,48.17
2008-06-20,46.13,46.50,45.10,45.57,6466600,45.57
2008-06-19,47.10,48.00,44.04,44.57,7664700,44.57
2008-06-18,46.94,46.94,45.37,46.22,7948300,46.22
2008-06-17,46.33,47.02,46.11,46.45,6522200,46.45
2008-06-16,47.28,47.52,45.65,46.10,8094200,46.10
2008-06-13,46.80,47.36,45.76,46.63,5496000,46.63
2008-06-12,48.20,48.26,46.59,46.76,6049400,46.76
2008-06-11,47.86,49.03,47.55,48.33,4095300,48.33
2008-06-10,48.87,49.24,46.80,47.74,7187300,47.74
2008-06-09,46.72,48.79,46.00,48.69,5902300,48.69
2008-06-06,46.84,47.49,45.95,45.98,8345300,45.98
2008-06-05,45.82,47.13,45.20,46.04,58487600,46.04
2008-06-04,43.81,45.60,43.58,44.46,4471700,44.46
2008-06-03,45.70,46.10,43.84,44.24,4658600,44.24
2008-06-02,44.29,45.82,44.20,44.79,4048300,44.79
2008-05-30,43.45,44.72,42.92,44.34,4756900,44.34
2008-05-29,44.42,45.06,43.38,43.50,4273800,43.50
2008-05-28,44.63,45.06,43.57,45.06,6792800,45.06
2008-05-27,44.30,44.88,43.50,43.83,3485300,43.83
2008-05-23,45.81,46.47,43.37,45.05,4458500,45.05
2008-05-22,45.91,46.71,44.56,45.49,4296800,45.49
2008-05-21,48.49,50.00,45.56,45.84,5407200,45.84
2008-05-20,46.37,47.97,46.26,47.85,3097800,47.85
2008-05-19,46.51,47.28,45.51,45.87,3247200,45.87
2008-05-16,45.97,46.70,45.28,46.12,3733900,46.12
2008-05-15,45.15,45.81,43.76,45.11,5080500,45.11
2008-05-14,45.16,45.74,44.16,44.37,4094700,44.37
2008-05-13,43.88,44.91,43.12,44.82,3822500,44.82
2008-05-12,44.85,45.05,43.70,43.96,3989000,43.96
2008-05-09,46.30,46.38,44.67,45.40,3329600,45.40
2008-05-08,44.62,45.67,43.76,45.57,4547900,45.57
2008-05-07,45.80,45.95,43.65,44.13,4758000,44.13
2008-05-06,43.49,44.69,42.93,44.40,3318500,44.40
2008-05-05,42.67,43.24,42.05,43.13,3175000,43.13
2008-05-02,41.16,42.76,41.07,41.95,2999400,41.95
2008-05-01,42.17,42.17,39.58,40.90,5094700,40.90
2008-04-30,41.70,42.88,41.25,42.31,4616300,42.31
2008-04-29,42.51,42.51,41.13,41.36,4045800,41.36
2008-04-28,44.75,45.23,42.79,43.12,3734700,43.12
2008-04-25,40.28,45.43,40.28,44.46,13538900,44.46
2008-04-24,39.51,39.54,37.22,37.59,4211600,37.59
2008-04-23,39.99,39.99,38.61,39.48,4242800,39.48
2008-04-22,40.54,41.57,39.71,39.78,3833300,39.78
2008-04-21,40.74,40.75,39.63,40.62,3684000,40.62
2008-04-18,39.55,40.63,38.82,40.42,3555300,40.42
2008-04-17,39.99,40.65,38.44,39.05,4195900,39.05
2008-04-16,39.14,40.06,38.64,40.00,4067300,40.00
2008-04-15,38.75,39.68,37.77,38.76,3843600,38.76
2008-04-14,37.00,38.63,36.92,38.08,4377800,38.08
2008-04-11,37.50,37.93,36.63,36.80,3902300,36.80
2008-04-10,36.17,37.98,36.17,37.90,4981700,37.90
2008-04-09,37.22,37.59,35.76,36.24,5783300,36.24
2008-04-08,36.58,37.62,36.33,36.99,2648600,36.99
2008-04-07,38.17,38.42,36.36,36.77,5473100,36.77
2008-04-04,35.26,36.96,35.26,36.38,4225900,36.38
2008-04-03,35.73,35.86,35.01,35.18,6032000,35.18
2008-04-02,33.81,36.34,33.78,35.50,9090900,35.50
2008-04-01,33.69,34.06,32.96,33.77,3409800,33.77
2008-03-31,34.02,34.21,32.79,33.69,4782700,33.69
2008-03-28,32.63,33.98,32.52,33.22,2909300,33.22
2008-03-27,33.60,33.75,32.39,32.52,4982400,32.52
2008-03-26,32.29,33.70,32.05,33.52,4865000,33.52
2008-03-25,62.08,64.83,62.08,64.15,3894600,32.08
2008-03-24,60.01,63.67,60.01,61.94,3726200,30.97
2008-03-20,59.90,60.73,56.78,60.43,7678600,30.22
2008-03-19,66.16,66.20,60.51,60.51,6702800,30.25
2008-03-18,63.27,66.03,63.27,65.96,5027200,32.98
2008-03-17,63.26,64.21,60.84,62.10,6013600,31.05
2008-03-14,68.05,68.11,64.81,65.85,5809400,32.92
2008-03-13,64.01,68.50,63.10,67.36,7456000,33.68
2008-03-12,64.51,65.90,64.21,64.44,3582200,32.22
2008-03-11,63.90,65.73,63.00,65.11,4877600,32.56
2008-03-10,62.80,63.41,61.54,62.28,5832400,31.14
2008-03-07,65.00,65.38,61.39,62.83,8340400,31.42
2008-03-06,67.68,68.16,65.22,65.46,5551000,32.73
2008-03-05,67.23,68.08,65.80,67.92,6043800,33.96
2008-03-04,67.26,68.05,64.14,66.00,6870800,33.00
2008-03-03,65.10,69.12,65.10,67.83,9316600,33.92
2008-02-29,69.69,71.85,64.88,65.23,10471800,32.62
2008-02-28,65.38,67.90,65.38,67.65,8271400,33.83
2008-02-27,66.71,68.13,65.25,65.61,6458600,32.81
2008-02-26,67.48,68.85,64.38,68.13,9494800,34.06
2008-02-25,61.80,67.64,61.80,67.61,12888200,33.81
2008-02-22,60.90,61.89,59.76,61.72,6358600,30.86
2008-02-21,64.15,64.15,60.65,60.84,6058600,30.42
2008-02-20,61.93,64.23,61.30,63.66,4115800,31.83
2008-02-19,61.31,63.81,61.31,62.30,5986600,31.15
2008-02-15,61.40,61.66,58.21,60.56,6330200,30.28
2008-02-14,63.52,64.44,61.62,61.79,6369800,30.90
2008-02-13,61.36,63.77,61.36,63.40,6010200,31.70
2008-02-12,62.08,62.96,59.51,60.97,9737600,30.49
2008-02-11,58.07,62.00,58.07,61.87,7386800,30.93
2008-02-08,54.05,58.25,54.04,58.07,5947400,29.03
2008-02-07,52.88,54.51,51.55,54.27,4875400,27.14
2008-02-06,55.80,55.82,53.08,53.10,3769800,26.55
2008-02-05,56.25,56.68,54.23,54.23,4136400,27.11
2008-02-04,55.59,57.88,55.58,57.17,3784200,28.58
2008-02-01,56.00,57.09,54.81,56.11,5805000,28.06
2008-01-31,53.27,56.25,52.30,56.10,6541200,28.05
2008-01-30,52.90,54.96,52.70,53.95,4191600,26.98
2008-01-29,53.35,54.38,52.29,53.34,3908400,26.67
2008-01-28,50.96,52.96,50.10,52.95,4636000,26.48
2008-01-25,52.17,53.42,50.61,51.05,3979400,25.52
2008-01-24,51.40,52.07,50.26,51.70,7650200,25.85
2008-01-23,49.99,51.60,47.54,50.92,9030200,25.46
2008-01-22,48.66,51.01,47.82,50.82,5822200,25.41
2008-01-18,49.74,51.22,48.41,50.84,7762800,25.42
2008-01-17,53.28,53.95,49.41,49.64,7460600,24.82
2008-01-16,56.57,56.57,51.41,53.17,7826000,26.58
2008-01-15,59.36,59.36,56.65,56.69,5296000,28.34
2008-01-14,59.11,60.18,58.76,60.02,5466000,30.01
2008-01-11,58.45,59.57,57.87,57.98,6238400,28.99
2008-01-10,57.44,59.11,56.63,59.05,5239000,29.52
2008-01-09,55.56,58.46,55.42,57.59,6044400,28.80
2008-01-08,56.22,57.14,55.69,55.97,7035000,27.99
2008-01-07,56.62,57.43,54.84,55.91,5167200,27.95
2008-01-04,58.68,59.14,56.25,56.62,5772800,28.31
2008-01-03,58.99,59.23,58.00,59.13,4006200,29.57
2008-01-02,56.00,58.63,55.80,58.61,8891400,29.31
