Date,Open,High,Low,Close,Volume,Adj Close
2013-12-31,92.26,93.02,91.87,92.78,635300,92.44
2013-12-30,91.43,92.18,90.91,92.09,689000,91.75
2013-12-27,91.40,92.00,90.61,90.87,560300,90.54
2013-12-26,91.08,91.18,90.59,90.97,497500,90.63
2013-12-24,90.50,91.41,90.39,91.03,288100,90.69
2013-12-23,89.50,91.37,89.49,90.50,1267200,90.17
2013-12-20,90.83,91.38,90.47,90.62,1081200,90.29
2013-12-19,90.85,91.20,90.29,90.43,806200,90.10
2013-12-18,90.24,91.51,88.97,91.47,1166200,91.13
2013-12-17,90.86,90.97,89.93,90.32,891200,89.65
2013-12-16,89.16,91.10,89.16,90.85,962500,90.17
2013-12-13,89.30,89.78,88.84,89.31,611400,88.65
2013-12-12,89.21,89.50,88.63,89.20,678900,88.54
2013-12-11,90.04,90.30,88.87,89.10,885500,88.44
2013-12-10,90.00,90.52,89.49,90.09,692300,89.42
2013-12-09,89.86,90.93,89.86,90.33,868000,89.66
2013-12-06,90.46,90.55,88.86,89.70,1087500,89.03
2013-12-05,89.92,90.74,88.97,89.70,1500600,89.03
2013-12-04,88.12,89.47,88.00,88.58,871000,87.92
2013-12-03,87.90,89.09,87.63,88.42,1087000,87.76
2013-12-02,89.14,89.42,87.83,88.04,1152600,87.39
2013-11-29,88.63,89.72,87.92,89.14,1009300,88.48
2013-11-27,88.15,88.83,87.42,88.16,1913200,87.50
2013-11-26,86.09,88.88,86.00,88.02,5554200,87.37
2013-11-25,81.31,81.55,80.29,80.99,1637400,80.39
2013-11-22,81.65,81.71,80.76,81.08,734100,80.48
2013-11-21,80.38,81.64,80.38,81.50,710900,80.89
2013-11-20,82.29,82.46,79.81,80.59,1170600,79.99
2013-11-19,82.40,83.00,82.03,82.26,617900,81.65
2013-11-18,83.00,83.48,82.18,82.49,891400,81.88
2013-11-15,81.28,82.86,80.78,82.74,1007000,82.12
2013-11-14,82.43,82.53,81.37,82.24,798400,81.63
2013-11-13,81.48,82.72,81.31,82.64,637500,82.03
2013-11-12,81.26,82.05,81.18,81.73,947500,81.12
2013-11-11,79.53,81.78,79.53,81.40,1146500,80.79
2013-11-08,78.37,79.69,78.37,79.65,576300,79.06
2013-11-07,79.85,80.29,78.15,78.24,695900,77.66
2013-11-06,80.42,80.59,79.33,79.56,515000,78.97
2013-11-05,79.02,80.45,78.53,80.19,723200,79.59
2013-11-04,79.14,79.69,78.93,79.38,443500,78.79
2013-11-01,79.23,79.56,78.50,79.01,331400,78.42
2013-10-31,79.45,79.81,78.84,79.17,670800,78.58
2013-10-30,79.72,80.46,79.48,79.70,709400,79.11
2013-10-29,79.51,79.95,79.29,79.79,411100,79.20
2013-10-28,79.36,79.66,78.84,79.50,537500,78.91
2013-10-25,79.00,79.37,78.50,79.32,787500,78.73
2013-10-24,78.60,79.32,78.46,78.87,1216100,78.28
2013-10-23,78.61,78.96,77.75,78.42,735200,77.84
2013-10-22,78.59,79.33,78.20,79.05,736600,78.46
2013-10-21,78.39,78.87,77.72,78.79,834000,78.20
2013-10-18,77.97,78.46,77.65,78.14,941100,77.56
2013-10-17,76.80,77.64,76.30,77.53,620500,76.95
2013-10-16,76.32,77.34,75.98,76.98,957800,76.41
2013-10-15,76.27,76.88,75.22,75.44,1102400,74.88
2013-10-14,75.92,76.70,75.69,76.46,489200,75.89
2013-10-11,75.46,76.59,74.94,76.57,887700,76.00
2013-10-10,76.23,76.73,75.07,75.38,1670100,74.82
2013-10-09,74.83,75.10,73.63,73.91,1505100,73.36
2013-10-08,75.92,76.09,74.56,74.76,626100,74.20
2013-10-07,76.63,76.99,75.90,75.91,829400,75.35
2013-10-04,76.56,77.72,76.56,77.61,830600,77.03
2013-10-03,76.41,77.35,75.97,76.56,1229700,75.99
2013-10-02,76.47,76.64,75.71,76.34,1037600,75.77
2013-10-01,76.69,77.60,76.41,76.86,942700,76.29
2013-09-30,76.43,76.90,76.15,76.62,895600,76.05
2013-09-27,76.69,77.17,76.49,76.89,846700,76.32
2013-09-26,77.48,77.82,76.81,77.21,919000,76.64
2013-09-25,79.01,79.23,77.22,77.47,982600,76.89
2013-09-24,78.95,79.84,78.61,79.12,638600,78.53
2013-09-23,79.21,79.59,78.20,78.53,877500,77.95
2013-09-20,80.31,80.49,79.01,79.40,2117700,78.81
2013-09-19,80.70,81.08,79.95,80.13,673600,79.53
2013-09-18,79.47,80.46,78.36,80.29,907300,79.69
2013-09-17,78.99,79.87,78.99,79.86,531900,78.93
2013-09-16,79.92,80.15,78.75,78.96,622500,78.04
2013-09-13,79.24,79.52,78.43,78.95,659200,78.03
2013-09-12,78.87,79.66,78.57,79.02,1022100,78.10
2013-09-11,78.57,79.23,78.22,78.87,654100,77.95
2013-09-10,78.21,79.14,78.12,78.57,762000,77.65
2013-09-09,77.50,78.00,77.14,77.83,762100,76.92
2013-09-06,78.12,78.33,76.33,77.03,745000,76.13
2013-09-05,78.42,78.51,77.87,77.91,621300,77.00
2013-09-04,76.55,78.49,76.51,78.47,1395800,77.56
2013-09-03,77.75,77.82,76.15,76.54,1195600,75.65
2013-08-30,77.34,77.84,76.88,77.11,1009200,76.21
2013-08-29,76.80,77.78,76.65,77.07,1579100,76.17
2013-08-28,79.37,79.60,76.83,77.25,3335100,76.35
2013-08-27,82.50,83.33,79.09,80.82,3278900,79.88
2013-08-26,82.34,82.75,81.12,81.67,2033500,80.72
2013-08-23,81.51,82.09,80.61,82.00,1119700,81.04
2013-08-22,80.94,81.61,80.49,81.50,793000,80.55
2013-08-21,81.07,81.36,80.22,80.57,759000,79.63
2013-08-20,80.00,81.68,79.91,81.19,1224400,80.24
2013-08-19,79.45,80.80,78.81,79.83,1516000,78.90
2013-08-16,79.99,81.10,79.42,79.62,1895800,78.69
2013-08-15,81.16,81.16,79.79,80.30,1082000,79.36
2013-08-14,82.13,82.84,81.44,81.60,1150800,80.65
2013-08-13,81.38,82.59,80.74,82.28,1060500,81.32
2013-08-12,80.73,81.56,80.51,81.46,494500,80.51
2013-08-09,81.36,81.55,80.84,81.36,390200,80.41
2013-08-08,81.27,81.70,80.65,81.36,800900,80.41
2013-08-07,81.00,81.39,80.38,80.65,1259300,79.71
2013-08-06,81.20,81.63,80.37,81.46,1060900,80.51
2013-08-05,81.09,81.45,80.89,81.16,492900,80.21
2013-08-02,80.25,81.78,80.02,81.47,1094800,80.52
2013-08-01,80.15,81.62,80.12,81.11,1459000,80.16
2013-07-31,79.89,80.20,79.42,79.51,704300,78.58
2013-07-30,78.46,79.99,78.46,79.65,1216100,78.72
2013-07-29,79.80,79.86,78.38,78.66,956400,77.74
2013-07-26,78.71,80.07,78.23,80.03,1096800,79.10
2013-07-25,78.23,79.73,78.14,79.63,925900,78.70
2013-07-24,78.72,79.14,78.05,78.46,837800,77.55
2013-07-23,79.12,79.38,78.37,78.41,760500,77.50
2013-07-22,78.75,79.41,78.60,78.99,521800,78.07
2013-07-19,78.79,78.92,78.18,78.82,477700,77.90
2013-07-18,78.30,79.01,78.30,78.81,662400,77.89
2013-07-17,78.58,78.90,78.04,78.23,914500,77.32
2013-07-16,79.68,79.83,77.88,78.28,1040000,77.37
2013-07-15,78.54,80.32,78.11,79.78,1847200,78.85
2013-07-12,77.00,77.47,76.75,77.02,1039400,76.12
2013-07-11,76.64,77.31,76.58,77.09,1128700,76.19
2013-07-10,75.53,75.92,75.08,75.90,1017100,75.02
2013-07-09,75.36,75.82,74.78,75.53,1148900,74.65
2013-07-08,73.80,75.15,73.77,74.92,1834200,74.05
2013-07-05,73.28,73.60,72.56,73.44,663000,72.58
2013-07-03,72.19,72.85,72.06,72.56,733500,71.71
2013-07-02,72.88,73.54,72.11,72.50,1079100,71.65
2013-07-01,73.29,73.54,72.62,72.78,684500,71.93
2013-06-28,72.26,73.21,72.04,72.84,1775700,71.99
2013-06-27,72.82,73.18,72.50,72.57,834500,71.72
2013-06-26,73.01,73.50,71.98,72.48,1068600,71.63
2013-06-25,71.82,72.50,71.41,72.13,820100,71.29
2013-06-24,71.60,72.24,70.70,71.31,1037000,70.48
2013-06-21,72.62,72.78,70.77,72.51,1847500,71.66
2013-06-20,74.21,74.28,71.78,72.11,1645200,71.27
2013-06-19,76.72,76.76,75.00,75.07,1055300,74.19
2013-06-18,75.63,77.22,75.42,76.59,1345400,75.70
2013-06-17,75.97,76.41,75.34,75.76,914000,74.54
2013-06-14,75.46,76.34,75.25,75.48,1208700,74.27
2013-06-13,76.07,76.21,74.28,75.34,2099100,74.13
2013-06-12,77.47,77.86,76.33,76.40,878600,75.17
2013-06-11,78.02,78.03,76.85,77.07,1504500,75.83
2013-06-10,79.40,79.56,78.34,78.67,570900,77.40
2013-06-07,78.72,79.46,78.52,79.30,599600,78.02
2013-06-06,77.64,77.95,76.74,77.90,727300,76.65
2013-06-05,78.50,79.03,77.68,77.83,1452100,76.58
2013-06-04,78.66,79.42,78.36,78.84,1558900,77.57
2013-06-03,77.74,78.96,77.62,78.94,1232700,77.67
2013-05-31,78.25,79.50,77.77,77.78,1315000,76.53
2013-05-30,78.46,78.46,77.92,78.18,740700,76.92
2013-05-29,78.83,78.91,77.51,78.32,1007700,77.06
2013-05-28,80.78,81.25,78.60,79.22,4054600,77.94
2013-05-24,75.71,76.40,75.23,76.21,1419100,74.98
2013-05-23,76.40,76.67,75.79,76.19,1443600,74.96
2013-05-22,78.61,79.35,77.07,77.32,1994600,76.08
2013-05-21,78.00,78.59,77.92,78.38,1007300,77.12
2013-05-20,77.90,78.29,77.53,77.91,773600,76.66
2013-05-17,76.64,78.29,76.47,78.00,1968300,76.74
2013-05-16,76.50,77.33,76.31,76.49,1371200,75.26
2013-05-15,76.58,76.87,76.28,76.58,928000,75.35
2013-05-14,76.50,76.84,76.25,76.68,1029000,75.45
2013-05-13,76.28,76.92,76.04,76.59,677500,75.36
2013-05-10,75.83,76.77,75.67,76.50,724200,75.27
2013-05-09,76.08,76.73,75.47,75.81,766500,74.59
2013-05-08,75.14,76.29,75.11,76.06,747600,74.84
2013-05-07,74.73,75.47,74.14,75.45,1215700,74.24
2013-05-06,75.29,76.15,75.24,75.55,757700,74.33
2013-05-03,75.00,75.85,74.79,75.31,965100,74.10
2013-05-02,73.89,74.69,73.73,74.39,943000,73.19
2013-05-01,73.57,74.20,73.34,73.57,831800,72.39
2013-04-30,72.90,74.08,72.90,73.68,883000,72.49
2013-04-29,73.02,73.76,72.69,73.06,1002200,71.88
2013-04-26,72.87,73.21,72.64,72.93,671400,71.76
2013-04-25,72.48,73.66,72.42,72.96,1140100,71.79
2013-04-24,71.92,72.63,71.74,72.29,965200,71.13
2013-04-23,72.20,72.54,71.07,71.81,1071100,70.65
2013-04-22,70.17,71.25,69.35,71.06,1138200,69.92
2013-04-19,69.66,70.37,69.58,70.11,1165400,68.98
2013-04-18,70.53,70.99,68.91,69.47,1237400,68.35
2013-04-17,71.06,71.48,70.14,70.36,1276800,69.23
2013-04-16,71.08,71.60,70.67,71.52,1266300,70.37
2013-04-15,72.53,72.58,70.10,70.31,1873900,69.18
2013-04-12,72.96,73.29,72.18,72.67,1361100,71.50
2013-04-11,72.62,74.20,72.27,73.38,1848200,72.20
2013-04-10,71.31,72.45,71.21,72.33,926100,71.17
2013-04-09,71.00,71.23,70.49,71.01,1006500,69.87
2013-04-08,70.53,71.17,70.40,70.91,1001100,69.77
2013-04-05,69.75,70.76,69.31,70.61,1164000,69.47
2013-04-04,70.79,71.11,70.46,70.87,951700,69.73
2013-04-03,71.42,71.96,70.19,70.81,2101600,69.67
2013-04-02,70.64,72.48,70.56,72.00,2287600,70.84
2013-04-01,69.69,70.72,69.43,70.24,1650900,69.11
2013-03-28,68.31,69.61,68.27,69.54,1153400,68.42
2013-03-27,67.98,68.48,67.87,68.42,870700,67.32
2013-03-26,68.38,68.86,67.80,68.41,1351300,67.31
2013-03-25,69.51,69.75,67.86,68.23,1499400,67.13
2013-03-22,70.15,70.78,68.82,69.23,4432900,68.12
2013-03-21,69.10,69.37,67.75,67.91,2370300,66.82
2013-03-20,69.23,69.78,68.57,69.59,1558900,68.47
2013-03-19,68.97,69.03,67.99,68.50,2290300,67.40
2013-03-18,68.47,68.96,67.84,68.83,1578500,67.72
2013-03-15,69.00,69.48,68.55,69.42,1446300,67.99
2013-03-14,68.90,69.19,68.64,69.09,1417200,67.66
2013-03-13,68.48,69.05,68.35,68.84,1716000,67.42
2013-03-12,68.82,69.00,68.22,68.46,2734200,67.05
2013-03-11,70.01,70.02,68.97,69.11,1946300,67.68
2013-03-08,70.01,70.71,69.58,70.25,2562400,68.80
2013-03-07,70.47,71.08,70.06,70.88,1451500,69.42
2013-03-06,70.14,70.48,69.66,70.06,2358900,68.61
2013-03-05,70.70,70.74,69.74,70.17,3230800,68.72
2013-03-04,68.66,70.52,67.66,70.48,4850500,69.03
2013-03-01,66.94,69.29,66.77,69.04,2662000,67.62
2013-02-28,66.51,67.50,66.36,67.16,1806900,65.77
2013-02-27,65.91,66.96,65.24,66.66,1480000,65.28
2013-02-26,64.49,66.12,64.07,66.01,2216600,64.65
2013-02-25,64.63,65.35,64.01,64.01,1521900,62.69
2013-02-22,64.52,64.85,63.85,64.38,933200,63.05
2013-02-21,64.18,64.75,63.95,64.28,1070700,62.95
2013-02-20,65.65,65.65,64.38,64.40,1622400,63.07
2013-02-19,64.78,65.69,64.45,65.65,1642200,64.30
2013-02-15,63.79,65.28,63.66,64.78,2131700,63.44
2013-02-14,63.15,63.90,62.82,63.70,1468000,62.39
2013-02-13,63.72,63.79,63.17,63.45,1068300,62.14
2013-02-12,63.27,63.67,63.04,63.60,1043600,62.29
2013-02-11,62.88,63.30,62.67,63.10,861800,61.80
2013-02-08,62.90,63.00,62.47,62.89,1568700,61.59
2013-02-07,63.19,63.25,62.22,62.70,1577300,61.41
2013-02-06,63.58,64.14,62.73,63.19,2021700,61.89
2013-02-05,62.42,63.85,62.13,63.72,2190700,62.41
2013-02-04,61.55,63.67,61.42,62.17,4001800,60.89
2013-02-01,66.09,66.39,63.57,64.77,5692100,63.43
2013-01-31,64.81,66.00,64.78,65.75,2941100,64.39
2013-01-30,64.49,65.26,64.15,65.18,2038900,63.84
2013-01-29,63.63,64.72,63.45,64.55,1434100,63.22
2013-01-28,64.24,64.24,63.47,63.84,1226000,62.52
2013-01-25,63.17,64.58,63.00,64.17,1963300,62.85
2013-01-24,61.84,62.87,61.74,62.31,1685600,61.02
2013-01-23,61.65,63.50,61.62,62.73,2011700,61.44
2013-01-22,63.57,63.70,62.50,63.14,1812300,61.84
2013-01-18,63.70,63.90,62.73,63.80,1807100,62.48
2013-01-17,63.40,63.92,62.94,63.66,1868700,62.35
2013-01-16,62.74,63.86,62.24,63.76,2778900,62.44
2013-01-15,61.10,63.42,60.75,63.24,3360500,61.94
2013-01-14,60.61,61.28,60.30,61.25,3848100,59.99
2013-01-11,60.00,60.40,59.53,60.28,3145700,59.04
2013-01-10,58.73,61.50,58.65,60.40,10797500,59.15
2013-01-09,62.54,63.76,62.41,63.26,2929800,61.95
2013-01-08,61.10,63.11,60.65,62.60,4260900,61.31
2013-01-07,60.97,61.36,60.13,61.10,2171400,59.84
2013-01-04,61.01,61.60,60.56,61.18,2627200,59.92
2013-01-03,60.14,61.99,58.94,60.28,4886600,59.04
2013-01-02,58.11,59.35,57.11,58.93,5809600,57.71
2012-12-31,56.30,57.60,56.11,57.34,1669400,56.16
2012-12-28,56.79,57.20,55.99,56.44,1880200,55.28
2012-12-27,56.67,57.09,55.83,57.03,2564300,55.85
2012-12-26,58.22,58.28,56.60,56.68,2286000,55.51
2012-12-24,58.33,58.47,58.03,58.32,571400,57.12
2012-12-21,57.90,58.48,57.63,58.40,2235200,57.20
2012-12-20,59.00,59.12,57.74,58.51,1849100,57.30
2012-12-19,59.90,60.34,58.96,58.99,1990100,57.77
2012-12-18,58.49,59.91,58.37,59.87,2410400,58.63
2012-12-17,58.14,59.00,57.98,58.83,1283100,57.30
2012-12-14,57.46,58.62,57.35,58.09,2080900,56.58
2012-12-13,57.38,57.99,57.05,57.52,1517800,56.03
2012-12-12,58.07,58.10,57.17,57.39,1424800,55.90
2012-12-11,57.86,58.06,57.13,57.85,2383700,56.35
2012-12-10,58.38,58.73,57.03,57.48,2398400,55.99
2012-12-07,59.08,59.43,58.13,58.42,1264700,56.90
2012-12-06,58.45,58.73,58.07,58.62,849000,57.10
2012-12-05,59.00,59.26,58.18,58.32,1524700,56.81
2012-12-04,58.03,59.28,57.84,58.88,2370500,57.35
2012-12-03,58.96,58.96,57.88,58.16,2308000,56.65
2012-11-30,58.87,59.49,57.87,58.98,4773800,57.45
2012-11-29,58.50,60.00,58.18,59.80,10585800,58.25
2012-11-28,62.48,64.25,62.35,63.73,2899300,62.08
2012-11-27,63.30,63.78,62.26,62.63,2062300,61.00
2012-11-26,62.13,63.39,61.94,63.34,2786500,61.70
2012-11-23,61.55,62.25,61.39,62.07,672000,60.46
2012-11-21,61.21,61.70,60.50,61.23,1077200,59.64
2012-11-20,60.97,61.50,60.47,60.84,1264700,59.26
2012-11-19,60.10,61.57,60.10,60.93,1702100,59.35
2012-11-16,59.73,60.25,58.91,59.54,1781700,57.99
2012-11-15,60.35,60.67,58.88,59.37,2651600,57.83
2012-11-14,61.50,62.28,60.14,60.31,1444300,58.74
2012-11-13,61.25,62.22,60.84,61.24,1062300,59.65
2012-11-12,61.27,61.75,60.90,61.41,1035900,59.82
2012-11-09,60.69,62.00,60.23,60.99,1614500,59.41
2012-11-08,63.05,63.43,60.96,61.09,1720000,59.50
2012-11-07,64.71,64.71,62.59,62.92,2368900,61.29
2012-11-06,65.37,65.67,64.53,65.36,1492000,63.66
2012-11-05,65.00,65.84,64.65,65.31,885100,63.61
2012-11-02,66.51,66.58,65.15,65.25,1495800,63.56
2012-11-01,63.16,66.78,63.16,66.27,2821700,64.55
2012-10-31,62.70,63.68,62.39,63.22,833500,61.58
2012-10-26,63.18,63.44,61.85,62.57,896700,60.95
2012-10-25,63.54,63.68,62.16,63.04,1005500,61.40
2012-10-24,63.46,63.89,62.78,63.05,988700,61.41
2012-10-23,63.31,63.52,62.27,63.08,1327000,61.44
2012-10-22,63.77,64.21,63.25,64.01,1397300,62.35
2012-10-19,64.82,64.96,63.63,64.20,1840700,62.53
2012-10-18,64.64,65.00,63.95,64.87,1126700,63.19
2012-10-17,64.49,65.02,64.14,64.92,1267700,63.23
2012-10-16,62.01,64.56,61.95,64.06,1900800,62.40
2012-10-15,62.39,62.71,61.52,61.80,1427100,60.20
2012-10-12,62.59,62.90,61.90,62.21,970500,60.60
2012-10-11,62.26,63.62,62.18,62.59,1670000,60.97
2012-10-10,62.25,62.68,61.36,61.51,957200,59.91
2012-10-09,62.96,63.25,61.94,62.11,1000800,60.50
2012-10-08,62.86,63.59,62.47,62.97,1020700,61.34
2012-10-05,63.40,64.12,62.69,63.01,993400,61.37
2012-10-04,62.60,63.35,62.36,62.97,991600,61.34
2012-10-03,62.30,63.27,62.05,62.35,1502200,60.73
2012-10-02,61.72,62.23,61.07,62.08,1662300,60.47
2012-10-01,62.35,62.81,61.27,61.50,1683800,59.90
2012-09-28,61.50,62.08,60.69,61.88,1175500,60.27
2012-09-27,61.56,62.22,60.77,61.90,1304800,60.29
2012-09-26,61.51,61.73,60.46,61.18,1985600,59.59
2012-09-25,63.61,63.77,61.53,61.59,1458900,59.99
2012-09-24,63.05,63.68,62.90,63.34,1113200,61.70
2012-09-21,64.60,64.68,63.25,63.51,2341500,61.86
2012-09-20,64.03,64.77,63.64,64.30,2015000,62.63
2012-09-19,64.37,64.93,63.93,64.56,1357600,62.88
2012-09-18,64.90,65.07,63.70,64.08,1715900,62.42
2012-09-17,65.36,65.72,64.65,65.30,1854400,63.29
2012-09-14,64.22,65.92,64.22,65.60,2670800,63.58
2012-09-13,63.21,64.27,61.87,63.98,2754200,62.01
2012-09-12,62.32,63.00,61.77,62.55,1871200,60.63
2012-09-11,61.79,62.74,61.60,62.26,2653900,60.35
2012-09-10,62.74,64.61,62.50,63.04,2692000,61.10
2012-09-07,60.98,63.06,60.98,62.64,2868000,60.72
2012-09-06,59.92,61.12,59.61,60.74,2237100,58.87
2012-09-05,59.30,60.75,59.26,59.31,3575700,57.49
2012-09-04,61.73,61.95,59.01,60.49,4760000,58.63
2012-08-31,62.04,62.40,61.64,61.95,1335900,60.05
2012-08-30,62.31,62.75,61.65,61.72,1828600,59.82
2012-08-29,62.40,63.00,62.34,62.75,1852300,60.82
2012-08-28,62.36,62.84,61.80,62.50,2855000,60.58
2012-08-27,61.69,63.22,61.62,62.71,9426700,60.78
2012-08-24,58.04,58.55,57.80,58.50,2919200,56.70
2012-08-23,58.47,58.61,57.93,58.46,1910300,56.66
2012-08-22,58.93,58.99,58.13,58.62,2632000,56.82
2012-08-21,59.66,59.99,58.86,59.02,2254000,57.21
2012-08-20,60.67,60.69,59.23,59.45,1691200,57.62
2012-08-17,60.86,61.16,60.54,60.66,2297900,58.80
2012-08-16,59.42,59.86,59.00,59.63,1094800,57.80
2012-08-15,59.03,59.69,58.94,59.41,1269300,57.58
2012-08-14,58.42,59.50,58.42,59.18,1969200,57.36
2012-08-13,58.48,58.72,58.13,58.31,1225400,56.52
2012-08-10,58.48,58.53,57.76,58.48,1153600,56.68
2012-08-09,58.05,59.10,58.02,58.62,1717000,56.82
2012-08-08,57.44,58.53,56.87,58.30,2242700,56.51
2012-08-07,56.70,58.46,56.70,58.00,2411000,56.22
2012-08-06,55.07,56.83,55.05,56.33,2002100,54.60
2012-08-03,54.08,55.12,53.78,54.74,1976100,53.06
2012-08-02,54.47,54.59,52.76,53.58,2313100,51.93
2012-08-01,55.25,55.87,54.59,54.77,2102600,53.09
2012-07-31,54.50,55.50,52.92,54.93,3060200,53.24
2012-07-30,57.37,57.80,56.57,57.21,1166700,55.45
2012-07-27,56.50,58.11,56.49,57.43,1988100,55.67
2012-07-26,55.59,56.28,55.11,56.04,1598400,54.32
2012-07-25,54.99,55.31,54.29,54.66,1387800,52.98
2012-07-24,55.11,55.46,54.13,54.71,1443500,53.03
2012-07-23,54.98,55.32,53.83,55.16,1566900,53.46
2012-07-20,56.71,56.71,55.54,55.97,2350400,54.25
2012-07-19,55.78,57.31,55.58,57.18,3295100,55.42
2012-07-18,53.52,55.58,53.38,55.25,3314900,53.55
2012-07-17,52.60,53.63,52.18,52.87,2276800,51.25
2012-07-16,52.02,53.25,51.81,52.55,2406700,50.94
2012-07-13,51.05,52.46,50.95,52.16,2649100,50.56
2012-07-12,51.08,51.46,50.52,50.85,2935300,49.29
2012-07-11,51.53,51.80,50.90,51.61,2148900,50.02
2012-07-10,52.45,53.15,51.46,51.83,2032100,50.24
2012-07-09,53.27,53.45,52.07,52.40,2057900,50.79
2012-07-06,53.57,53.64,53.14,53.45,1620000,51.81
2012-07-05,53.18,54.71,53.18,54.06,1621200,52.40
2012-07-03,53.17,54.24,52.68,53.70,1146900,52.05
2012-07-02,53.49,53.50,52.25,52.89,2415900,51.26
2012-06-29,51.82,53.40,51.48,52.95,2708600,51.32
2012-06-28,50.14,51.31,49.95,51.07,2836900,49.50
2012-06-27,51.64,51.64,49.72,50.29,4863500,48.74
2012-06-26,51.29,52.13,50.56,51.65,2276000,50.06
2012-06-25,51.73,51.88,50.58,51.32,1698600,49.74
2012-06-22,52.67,52.77,51.81,52.26,2422100,50.65
2012-06-21,53.97,54.09,52.20,52.60,2496300,50.98
2012-06-20,54.01,54.78,53.61,54.09,2023700,52.43
2012-06-19,53.97,54.27,53.49,53.70,2480000,52.05
2012-06-18,52.93,53.99,52.74,53.75,2152000,52.10
2012-06-15,53.84,53.86,53.42,53.59,3113500,51.63
2012-06-14,53.79,54.46,53.07,53.54,4408900,51.58
2012-06-13,54.91,55.22,53.75,54.06,2167800,52.09
2012-06-12,54.61,55.64,53.82,55.53,2253800,53.50
2012-06-11,55.96,56.18,54.21,54.32,1789500,52.34
2012-06-08,55.53,55.53,54.62,55.28,2877700,53.26
2012-06-07,57.23,57.29,55.19,55.87,2166200,53.83
2012-06-06,56.05,57.07,56.05,56.59,2244900,54.52
2012-06-05,55.05,55.85,54.26,55.47,3284900,53.44
2012-06-04,54.70,55.15,53.46,54.70,3317400,52.70
2012-06-01,54.29,54.54,53.67,54.34,3514800,52.36
2012-05-31,56.76,56.82,54.92,55.39,3557600,53.37
2012-05-30,56.94,57.25,56.07,56.59,2933300,54.52
2012-05-29,56.50,57.80,56.50,57.37,3254100,55.27
2012-05-25,56.99,57.56,56.25,56.32,4670700,54.26
2012-05-24,56.29,57.68,55.75,57.59,12590500,55.49
2012-05-23,61.18,61.99,60.07,61.80,2889500,59.54
2012-05-22,61.56,62.85,61.07,61.44,1942600,59.20
2012-05-21,61.02,61.35,60.15,61.14,1828900,58.91
2012-05-18,60.23,61.40,60.03,60.64,2730400,58.43
2012-05-17,61.98,62.17,60.07,60.07,2551100,57.88
2012-05-16,61.44,63.28,61.37,62.15,2346300,59.88
2012-05-15,61.65,62.15,61.00,61.25,1382400,59.01
2012-05-14,61.67,62.50,61.51,61.59,1927600,59.34
2012-05-11,63.16,63.85,62.99,63.04,1268600,60.74
2012-05-10,64.57,64.98,63.47,63.63,1574400,61.31
2012-05-09,64.04,64.56,63.10,64.14,1802300,61.80
2012-05-08,64.99,64.99,62.91,64.75,2545200,62.39
2012-05-07,65.81,66.36,65.50,65.71,1546100,63.31
2012-05-04,67.63,67.67,65.87,65.95,1795700,63.54
2012-05-03,68.76,68.97,67.65,67.97,1367300,65.49
2012-05-02,68.22,68.86,67.83,68.53,1339500,66.03
2012-05-01,68.44,69.41,68.02,68.73,1095300,66.22
2012-04-30,69.61,69.67,68.11,68.46,1354100,65.96
2012-04-27,69.22,69.77,68.64,69.47,1236300,66.93
2012-04-26,68.13,69.00,67.92,68.74,1264100,66.23
2012-04-25,66.80,68.43,66.59,68.41,2084300,65.91
2012-04-24,66.82,66.89,65.61,65.93,1662800,63.52
2012-04-23,66.28,67.13,65.78,67.00,2074900,64.55
2012-04-20,66.41,67.50,66.37,67.15,1820600,64.70
2012-04-19,66.35,67.11,65.59,66.15,1079600,63.73
2012-04-18,66.96,66.96,66.15,66.43,1229200,64.00
2012-04-17,66.67,67.32,66.15,66.96,1228100,64.51
2012-04-16,66.80,67.22,66.01,66.66,1541000,64.23
2012-04-13,67.23,67.62,66.40,66.40,1425500,63.98
2012-04-12,66.68,67.40,66.57,67.37,1245700,64.91
2012-04-11,66.60,67.22,66.28,66.76,2301900,64.32
2012-04-10,67.20,67.45,65.53,65.82,2315200,63.42
2012-04-09,66.55,67.58,65.77,67.20,1755900,64.75
2012-04-05,67.18,68.67,67.11,67.58,2251800,65.11
2012-04-04,67.57,68.34,67.43,68.19,2981500,65.70
2012-04-03,69.82,70.00,67.88,67.98,4001800,65.50
2012-04-02,69.00,70.47,68.91,70.02,1865400,67.46
2012-03-30,69.50,70.16,68.46,69.13,3577700,66.61
2012-03-29,69.65,69.76,68.93,69.05,2773500,66.53
2012-03-28,71.50,71.66,69.64,70.07,2173700,67.51
2012-03-27,72.30,72.53,71.61,71.69,1437000,69.07
2012-03-26,70.49,72.39,70.33,72.33,2574000,69.69
2012-03-23,72.48,72.48,70.71,71.45,1905700,68.84
2012-03-22,72.33,72.89,71.80,72.48,2063000,69.83
2012-03-21,72.78,73.50,72.57,72.91,2961600,70.25
2012-03-20,72.22,74.20,71.87,73.27,8657900,70.59
2012-03-19,68.05,68.89,67.29,68.68,3303800,66.17
2012-03-16,68.88,68.92,67.55,68.03,2665000,65.55
2012-03-15,70.15,70.15,68.71,68.95,3195900,66.15
2012-03-14,70.55,70.89,69.86,70.19,1506500,67.34
2012-03-13,69.41,70.58,69.32,70.44,2186900,67.58
2012-03-12,69.08,69.48,68.68,69.14,2341100,66.33
2012-03-09,69.15,69.50,68.61,68.77,2201700,65.98
2012-03-08,68.11,69.26,68.00,68.90,2183200,66.10
2012-03-07,67.64,68.22,67.14,67.84,1664500,65.09
2012-03-06,67.18,67.32,66.10,67.10,2239200,64.38
2012-03-05,68.17,68.50,67.29,68.03,2208100,65.27
2012-03-02,66.38,67.65,66.21,67.47,2552000,64.73
2012-03-01,65.03,66.88,64.75,66.53,2194200,63.83
2012-02-29,65.42,65.42,64.73,65.01,2049600,62.37
2012-02-28,65.06,65.47,64.76,65.24,1411600,62.59
2012-02-27,64.42,65.36,64.18,64.89,1310300,62.26
2012-02-24,64.69,65.08,64.32,64.68,1455800,62.06
2012-02-23,64.87,65.04,64.22,64.48,2444600,61.86
2012-02-22,65.71,65.79,64.46,64.49,1675400,61.87
2012-02-21,66.44,66.96,65.36,65.59,1443000,62.93
2012-02-17,66.10,66.82,65.95,66.28,1127700,63.59
2012-02-16,65.31,66.24,65.15,65.79,1435700,63.12
2012-02-15,65.89,66.56,65.29,65.41,1701800,62.76
2012-02-14,63.91,65.80,63.91,65.57,1810900,62.91
2012-02-13,64.28,64.89,63.85,64.36,1073400,61.75
2012-02-10,63.65,64.19,63.29,63.88,1192800,61.29
2012-02-09,64.14,64.59,63.53,64.18,1544500,61.58
2012-02-08,64.42,65.39,63.49,64.01,1898200,61.41
2012-02-07,64.58,65.00,63.68,64.64,1554700,62.02
2012-02-06,65.01,65.60,64.58,65.16,1330700,62.52
2012-02-03,64.27,65.69,64.05,65.21,1724300,62.56
2012-02-02,64.27,64.75,63.52,63.70,1196300,61.12
2012-02-01,64.20,64.61,63.65,63.94,1368100,61.35
2012-01-31,63.42,64.15,63.26,63.80,2259300,61.21
2012-01-30,62.71,63.41,62.46,63.30,1541000,60.73
2012-01-27,63.25,63.78,62.92,63.49,1864900,60.91
2012-01-26,63.99,64.25,63.07,63.56,1726000,60.98
2012-01-25,63.02,64.30,62.49,63.73,1899600,61.14
2012-01-24,62.80,63.70,62.29,63.28,3087500,60.71
2012-01-23,61.40,63.27,61.17,63.01,2752400,60.45
2012-01-20,63.03,63.19,61.49,61.88,2670500,59.37
2012-01-19,60.87,63.24,60.82,63.08,3094700,60.52
2012-01-18,59.62,60.55,59.26,60.54,3247700,58.08
2012-01-17,59.64,60.14,59.31,59.65,2418600,57.23
2012-01-13,58.80,60.00,58.61,59.10,3312600,56.70
2012-01-12,60.08,60.20,58.78,59.79,3247800,57.36
2012-01-11,59.40,60.20,59.12,59.98,4070900,57.55
2012-01-10,60.64,60.86,58.81,59.94,16277800,57.51
2012-01-09,65.99,67.31,65.39,66.94,2240400,64.22
2012-01-06,66.70,66.85,65.59,65.75,1653600,63.08
2012-01-05,66.14,66.77,65.25,66.68,2424000,63.97
2012-01-04,66.26,67.22,65.93,66.79,1616400,64.08
2012-01-03,67.57,67.95,66.18,66.48,1815100,63.78
2011-12-30,67.38,67.44,66.22,66.26,1260000,63.57
2011-12-29,66.76,67.60,66.41,67.36,1377200,64.63
2011-12-28,67.56,67.56,66.40,66.50,1794700,63.80
2011-12-27,65.17,67.79,64.64,67.45,2029600,64.71
2011-12-23,64.59,65.19,63.80,65.18,1244300,62.54
2011-12-22,64.91,65.37,64.18,64.57,1748000,61.95
2011-12-21,63.27,64.65,62.60,64.65,2302600,62.03
2011-12-20,63.24,64.14,62.69,63.14,2193300,60.58
2011-12-19,62.55,63.14,62.22,62.43,1752800,59.90
2011-12-16,63.90,64.12,62.38,62.61,2671100,60.07
2011-12-15,64.50,64.66,63.49,63.94,2354600,61.07
2011-12-14,64.96,64.96,63.25,63.65,2562500,60.79
2011-12-13,67.85,68.25,64.73,65.19,2356600,62.26
2011-12-12,67.04,67.72,65.90,67.67,2172300,64.63
2011-12-09,67.05,68.29,66.57,67.88,1523400,64.83
2011-12-08,68.80,69.11,66.79,66.93,2021000,63.92
2011-12-07,68.91,69.89,67.79,69.46,2168600,66.34
2011-12-06,68.07,69.34,67.78,68.97,2304000,65.87
2011-12-05,68.48,69.48,67.52,67.89,2478400,64.84
2011-12-02,67.37,67.98,67.12,67.60,2581900,64.56
2011-12-01,66.26,68.24,66.10,66.35,4129500,63.37
2011-11-30,69.56,69.90,65.98,67.04,6779600,64.03
2011-11-29,66.43,68.41,63.98,67.22,9847300,64.20
2011-11-28,73.80,74.88,72.49,73.62,3703100,70.31
2011-11-25,68.66,70.24,68.66,69.50,1325200,66.38
2011-11-23,71.36,71.56,69.10,69.12,2638800,66.01
2011-11-22,72.11,73.40,71.71,71.96,1866100,68.73
2011-11-21,73.76,74.41,70.76,71.87,2586700,68.64
2011-11-18,75.39,75.69,74.34,75.44,1467500,72.05
2011-11-17,75.83,76.76,74.31,74.94,1720900,71.57
2011-11-16,77.04,77.47,75.63,75.79,1602100,72.39
2011-11-15,77.94,78.32,76.44,77.79,1691800,74.30
2011-11-14,76.66,78.43,76.34,78.23,2047000,74.72
2011-11-11,76.33,78.00,75.37,76.85,1861800,73.40
2011-11-10,76.12,76.33,74.22,75.13,2052800,71.75
2011-11-09,75.70,76.79,74.50,75.41,2529400,72.02
2011-11-08,78.51,78.89,76.22,77.79,1746900,74.30
2011-11-07,78.16,78.52,76.17,77.84,1322800,74.34
2011-11-04,77.54,78.27,76.08,77.94,2285500,74.44
2011-11-03,79.00,79.00,75.55,78.54,2552500,75.01
2011-11-02,78.58,79.00,77.39,78.75,2072600,75.21
2011-11-01,76.27,77.89,74.86,77.08,2883700,73.62
2011-10-31,77.59,80.94,77.45,79.73,2872600,76.15
2011-10-28,78.50,79.64,77.78,78.90,1680100,75.36
2011-10-27,78.00,80.99,76.73,79.49,3850500,75.92
2011-10-26,75.78,76.02,73.14,75.49,2006800,72.10
2011-10-25,74.92,76.12,73.50,74.42,1908700,71.08
2011-10-24,74.57,76.40,74.14,76.28,2416500,72.85
2011-10-21,73.19,74.99,72.86,74.60,3167300,71.25
2011-10-20,70.91,72.66,70.91,72.39,1871900,69.14
2011-10-19,71.32,72.67,70.70,71.16,1669600,67.96
2011-10-18,70.43,72.34,68.77,71.29,2875200,68.09
2011-10-17,72.61,73.36,69.91,70.12,1724000,66.97
2011-10-14,71.63,72.72,70.45,72.03,1569100,68.79
2011-10-13,70.46,72.19,69.79,70.35,2341000,67.19
2011-10-12,70.66,73.51,70.09,71.34,2880500,68.14
2011-10-11,69.26,69.97,68.55,69.76,1356900,66.63
2011-10-10,67.76,70.50,67.76,69.92,1858500,66.78
2011-10-07,67.00,68.25,65.52,66.37,2806700,63.39
2011-10-06,62.03,67.13,62.03,66.58,3319100,63.59
2011-10-05,62.34,62.86,60.90,62.58,3395200,59.77
2011-10-04,57.90,62.25,56.21,61.96,3701600,59.18
2011-10-03,59.80,62.18,58.66,58.79,3524600,56.15
2011-09-30,63.07,63.73,60.20,60.82,4846700,58.09
2011-09-29,70.85,70.89,61.77,64.70,5758400,61.79
2011-09-28,70.61,71.58,69.34,69.49,1669800,66.37
2011-09-27,71.68,73.24,70.30,70.85,2391900,67.67
2011-09-26,70.80,71.78,68.02,69.89,2858000,66.75
2011-09-23,67.14,71.40,67.14,70.53,2388800,67.36
2011-09-22,68.47,69.89,66.11,67.47,3213800,64.44
2011-09-21,75.25,76.26,72.13,72.19,1580300,68.95
2011-09-20,76.54,77.84,75.02,75.04,1699800,71.67
2011-09-19,73.48,76.78,73.07,76.07,2647000,72.65
2011-09-16,75.31,76.29,74.57,75.00,3158400,71.63
2011-09-15,74.50,75.85,73.37,75.11,2934100,71.46
2011-09-14,72.77,74.99,71.88,73.99,2720500,70.39
2011-09-13,70.21,72.74,69.44,72.45,2211800,68.93
2011-09-12,67.65,69.87,67.14,69.85,1872000,66.45
2011-09-09,69.39,70.89,67.76,68.49,1885100,65.16
2011-09-08,70.17,72.00,69.85,70.36,1710800,66.94
2011-09-07,69.92,70.86,69.61,70.84,1322600,67.40
2011-09-06,65.79,68.76,65.38,68.65,2087000,65.31
2011-09-02,69.45,69.49,67.52,68.00,2073900,64.69
2011-09-01,71.95,73.05,70.80,71.02,1942700,67.57
2011-08-31,71.77,72.84,70.75,71.96,2391300,68.46
2011-08-30,70.96,71.92,70.23,71.25,1679100,67.79
2011-08-29,70.05,71.63,69.50,71.52,3262700,68.04
2011-08-26,66.89,69.50,65.63,69.01,7571900,65.66
2011-08-25,65.09,67.34,62.70,63.11,3335000,60.04
2011-08-24,62.56,63.84,61.54,63.67,2042200,60.57
2011-08-23,59.23,62.74,58.81,62.72,3358900,59.67
2011-08-22,58.95,59.83,58.06,59.04,3674400,56.17
2011-08-19,58.05,60.70,57.21,57.36,2998600,54.57
2011-08-18,62.00,62.11,58.56,59.21,5995400,56.33
2011-08-17,66.19,66.24,63.35,64.27,4829800,61.15
2011-08-16,67.01,67.73,64.93,65.66,2932000,62.47
2011-08-15,68.64,68.67,66.96,68.20,1864600,64.88
2011-08-12,68.83,69.78,67.30,68.31,2383300,64.99
2011-08-11,65.70,68.70,64.75,67.68,3723600,64.39
2011-08-10,64.86,67.92,63.25,65.41,4644200,62.23
2011-08-09,63.63,66.51,61.15,66.50,4201800,63.27
2011-08-08,66.54,67.40,60.63,62.27,5319300,59.24
2011-08-05,68.79,70.05,66.81,69.14,5050100,65.78
2011-08-04,72.95,73.75,67.78,68.00,5871100,64.69
2011-08-03,73.72,73.76,70.96,73.07,3644600,69.52
2011-08-02,79.02,79.74,73.30,73.38,3506400,69.81
2011-08-01,80.72,80.81,78.30,79.97,1784600,76.08
2011-07-29,79.11,79.97,77.92,79.59,1803900,75.72
2011-07-28,79.33,80.87,79.23,79.42,1221200,75.56
2011-07-27,81.27,81.40,78.95,79.05,1590400,75.21
2011-07-26,81.83,82.39,81.27,81.56,1055700,77.60
2011-07-25,82.00,82.57,81.50,81.72,1421100,77.75
2011-07-22,82.91,83.60,82.74,82.91,1125900,78.88
2011-07-21,83.91,84.12,82.78,83.09,1637900,79.05
2011-07-20,84.45,84.45,82.89,83.44,1818100,79.38
2011-07-19,81.75,84.06,81.71,83.82,1783200,79.75
2011-07-18,81.38,81.76,80.64,81.19,1072600,77.24
2011-07-15,82.71,82.90,80.95,81.88,1429100,77.90
2011-07-14,82.33,82.93,80.56,81.47,1614300,77.51
2011-07-13,81.17,83.00,81.03,82.08,1784300,78.09
2011-07-12,80.00,81.25,80.00,80.50,1251000,76.59
2011-07-11,81.41,81.99,80.16,80.58,1590800,76.66
2011-07-08,81.86,82.86,81.65,82.30,1979800,78.30
2011-07-07,82.08,84.49,81.79,83.05,3127700,79.01
2011-07-06,81.00,81.97,80.64,81.43,1536700,77.47
2011-07-05,79.36,81.57,79.07,81.14,1849000,77.20
2011-07-01,78.80,79.58,77.92,79.40,1617800,75.54
2011-06-30,78.17,79.00,78.03,78.52,1355900,74.70
2011-06-29,78.18,78.55,77.14,77.74,1934100,73.96
2011-06-28,76.80,78.35,76.68,77.93,1572200,74.14
2011-06-27,75.78,77.00,75.10,76.38,1609600,72.67
2011-06-24,75.58,76.84,75.37,75.70,2004700,72.02
2011-06-23,74.69,76.35,74.23,76.27,2567600,72.56
2011-06-22,76.57,77.92,76.31,76.43,1921200,72.71
2011-06-21,75.27,76.99,74.88,76.85,2732300,73.11
2011-06-20,73.42,75.34,73.19,74.99,1404800,71.34
2011-06-17,73.35,74.09,73.04,73.80,1764300,70.21
2011-06-16,72.79,72.97,71.72,72.71,1626400,69.18
2011-06-15,73.55,74.19,72.57,73.04,1577200,69.21
2011-06-14,73.28,74.59,73.01,74.43,1770800,70.53
2011-06-13,71.50,72.86,71.50,72.51,1354800,68.71
2011-06-10,72.40,72.53,70.96,71.41,1593000,67.67
2011-06-09,72.93,73.28,72.23,72.65,1645300,68.84
2011-06-08,73.42,73.88,72.30,72.58,1392500,68.78
2011-06-07,73.88,74.86,73.36,73.40,1994700,69.55
2011-06-06,73.25,74.00,72.68,72.73,1435200,68.92
2011-06-03,72.51,74.34,72.06,73.24,1911100,69.40
2011-06-02,73.45,74.02,72.20,73.58,1698400,69.73
2011-06-01,73.81,74.79,73.24,73.38,2109100,69.54
2011-05-31,76.80,77.02,75.17,75.66,2802300,71.70
2011-05-27,76.07,76.61,75.03,76.50,1951300,72.49
2011-05-26,73.17,76.88,73.17,76.04,7944300,72.06
2011-05-25,68.13,70.39,67.57,70.04,2400300,66.37
2011-05-24,68.62,69.54,68.62,68.86,1546600,65.25
2011-05-23,68.29,68.90,68.10,68.27,1503900,64.69
2011-05-20,70.00,70.26,68.78,69.24,1107900,65.61
2011-05-19,70.45,70.45,69.35,70.26,1367300,66.58
2011-05-18,68.45,70.17,68.18,70.13,1004500,66.46
2011-05-17,68.47,69.08,67.77,68.45,2074900,64.86
2011-05-16,68.65,69.43,68.47,68.91,1654200,65.30
2011-05-13,69.35,69.54,68.29,68.95,1304900,65.34
2011-05-12,67.97,69.25,67.38,69.18,1155700,65.56
2011-05-11,68.94,69.34,67.42,68.25,1522600,64.67
2011-05-10,68.45,69.76,68.08,69.35,1575000,65.72
2011-05-09,67.76,68.32,67.14,68.03,939000,64.47
2011-05-06,68.95,69.16,67.22,67.66,1407500,64.12
2011-05-05,66.80,68.85,66.48,68.11,1727100,64.54
2011-05-04,67.89,68.89,66.94,67.39,1431200,63.86
2011-05-03,68.62,68.99,67.59,67.97,1486400,64.41
2011-05-02,69.71,70.26,68.72,68.86,1282600,65.25
2011-04-29,68.56,69.72,68.23,69.44,1200000,65.80
2011-04-28,68.71,68.94,68.14,68.46,1153000,64.87
2011-04-27,66.91,68.85,66.58,68.75,1754500,65.15
2011-04-26,67.05,67.33,66.38,66.68,1705800,63.19
2011-04-25,66.61,67.00,66.47,66.85,1317300,63.35
2011-04-21,65.80,67.26,65.65,66.92,1786700,63.41
2011-04-20,64.95,65.96,64.78,65.76,1874300,62.31
2011-04-19,63.90,64.75,63.89,64.10,1902800,60.74
2011-04-18,64.13,64.47,63.22,63.80,2033300,60.46
2011-04-15,63.34,65.18,62.99,65.00,2422300,61.59
2011-04-14,61.76,63.29,61.52,63.16,2555700,59.85
2011-04-13,61.71,62.37,61.31,62.31,2095500,59.05
2011-04-12,61.57,62.33,61.29,61.48,1033800,58.26
2011-04-11,61.75,62.19,61.34,62.05,1234000,58.80
2011-04-08,62.60,62.71,61.12,61.43,1071100,58.21
2011-04-07,61.99,63.09,61.17,62.21,1964800,58.95
2011-04-06,63.62,63.85,62.41,62.62,1117600,59.34
2011-04-05,62.16,63.77,62.15,63.24,1850400,59.93
2011-04-04,62.39,62.62,61.70,62.43,956300,59.16
2011-04-01,61.75,62.82,61.69,62.52,1461400,59.24
2011-03-31,61.45,61.83,60.69,61.44,1585400,58.22
2011-03-30,60.84,61.67,60.50,61.60,1780300,58.37
2011-03-29,58.54,60.74,58.54,60.74,1679200,57.56
2011-03-28,60.09,60.27,58.60,58.60,1895700,55.53
2011-03-25,59.93,60.58,59.49,60.00,1877000,56.86
2011-03-24,59.93,60.14,58.67,59.60,1853000,56.48
2011-03-23,59.30,59.95,57.90,59.37,2173700,56.26
2011-03-22,60.00,60.22,59.24,59.49,2719300,56.37
2011-03-21,61.62,62.28,59.73,60.22,6564900,57.07
2011-03-18,57.50,57.69,56.50,57.29,3353500,54.29
2011-03-17,57.08,57.42,55.77,56.67,2533200,53.70
2011-03-16,57.56,58.18,55.60,56.27,3389500,53.09
2011-03-15,56.12,58.09,54.58,57.68,5404800,54.42
2011-03-14,61.45,61.68,58.88,59.86,5629100,56.47
2011-03-11,61.10,63.41,60.85,63.19,1986000,59.61
2011-03-10,62.96,63.11,61.76,61.90,1782600,58.40
2011-03-09,63.64,63.84,62.95,63.74,1563100,60.13
2011-03-08,63.10,64.62,62.89,63.70,2156900,60.09
2011-03-07,64.02,65.19,62.65,62.97,2301500,59.41
2011-03-04,62.05,62.68,61.77,62.59,1334400,59.05
2011-03-03,61.29,62.23,60.65,62.12,1315800,58.60
2011-03-02,60.19,61.35,59.98,60.72,1104800,57.28
2011-03-01,61.77,62.09,60.23,60.29,1058600,56.88
2011-02-28,61.39,62.31,61.25,61.55,1242600,58.07
2011-02-25,61.00,61.84,60.36,61.15,919800,57.69
2011-02-24,59.98,61.11,59.62,60.55,1767000,57.12
2011-02-23,62.73,62.73,58.98,59.96,2685600,56.57
2011-02-22,63.33,64.60,62.60,62.70,1253000,59.15
2011-02-18,64.00,64.70,63.84,64.70,1372700,61.04
2011-02-17,63.75,64.71,63.70,63.86,1358900,60.25
2011-02-16,64.36,64.93,63.48,63.99,1884400,60.37
2011-02-15,64.34,64.93,63.68,64.06,1084000,60.43
2011-02-14,64.59,65.59,64.33,64.72,2315000,61.06
2011-02-11,62.96,64.49,62.52,64.45,1460100,60.80
2011-02-10,62.62,63.45,62.34,63.40,946500,59.81
2011-02-09,61.88,63.21,61.83,62.79,1289100,59.24
2011-02-08,62.46,62.70,62.04,62.25,987200,58.73
2011-02-07,61.73,62.98,61.73,62.38,1197500,58.85
2011-02-04,62.47,62.69,61.14,61.96,2398800,58.45
2011-02-03,59.05,60.91,59.05,60.82,2002000,57.38
2011-02-02,58.79,59.03,57.96,58.55,1519500,55.24
2011-02-01,58.79,59.60,58.45,59.01,1284900,55.67
2011-01-31,57.80,58.50,57.25,58.13,966300,54.84
2011-01-28,59.10,59.25,57.35,57.54,1030800,54.28
2011-01-27,59.18,59.52,58.91,59.12,1180200,55.77
2011-01-26,58.67,59.74,58.10,59.11,1463100,55.76
2011-01-25,57.76,58.65,57.21,58.60,1503900,55.28
2011-01-24,57.29,58.32,57.29,58.13,965600,54.84
2011-01-21,58.36,58.52,57.61,57.83,1304600,54.56
2011-01-20,57.75,58.80,57.20,57.76,2439300,54.49
2011-01-19,59.09,59.12,58.06,58.22,1336200,54.92
2011-01-18,60.03,60.17,58.90,59.02,1774800,55.68
2011-01-14,59.74,60.54,59.47,60.05,1400700,56.65
2011-01-13,60.83,60.98,59.74,59.88,1348200,56.49
2011-01-12,61.25,61.45,60.67,60.99,1719800,57.54
2011-01-11,62.81,62.81,60.00,60.56,4360300,57.13
2011-01-10,58.98,61.15,58.70,60.94,2481800,57.49
2011-01-07,60.16,60.83,58.37,59.35,1502600,55.99
2011-01-06,60.53,60.58,59.49,60.19,1747000,56.78
2011-01-05,60.26,60.94,60.16,60.52,1571500,57.09
2011-01-04,61.71,61.71,60.15,60.61,1909600,57.18
2011-01-03,62.28,62.56,59.68,61.78,2137700,58.28
2010-12-31,63.08,63.08,62.11,62.27,996500,58.75
2010-12-30,63.87,64.16,62.76,63.11,1104200,59.54
2010-12-29,63.32,64.37,63.32,64.00,928000,60.38
2010-12-28,63.91,64.23,63.26,63.30,1002800,59.72
2010-12-27,63.88,64.11,63.29,63.84,905400,60.23
2010-12-23,64.03,64.28,63.58,64.24,1301900,60.60
2010-12-22,65.34,65.36,63.91,64.20,1649700,60.57
2010-12-21,65.63,65.76,65.17,65.44,1119800,61.74
2010-12-20,65.30,65.50,64.50,65.27,1198700,61.58
2010-12-17,64.14,65.20,64.11,65.16,1456600,61.47
2010-12-16,63.15,64.81,63.05,64.61,1293200,60.95
2010-12-15,63.33,64.17,62.95,63.36,1119400,59.54
2010-12-14,63.54,63.95,62.89,63.17,986800,59.36
2010-12-13,64.20,64.28,63.48,63.52,1067000,59.69
2010-12-10,62.63,63.83,62.60,63.68,965500,59.84
2010-12-09,63.22,63.23,62.30,62.57,1496400,58.80
2010-12-08,63.32,63.46,62.12,62.69,1311200,58.91
2010-12-07,64.07,64.40,63.04,63.10,2284400,59.29
2010-12-06,63.12,63.29,62.55,63.07,1243400,59.27
2010-12-03,62.80,63.39,62.14,63.30,2521200,59.48
2010-12-02,62.90,63.42,62.50,63.20,2865500,59.39
2010-12-01,62.95,63.65,62.39,62.75,2418700,58.96
2010-11-30,60.11,62.67,59.90,62.10,3075700,58.35
2010-11-29,60.48,60.98,59.89,60.64,2117500,56.98
2010-11-26,61.16,61.19,60.31,60.60,1581200,56.94
2010-11-24,60.41,61.58,59.75,61.33,6792200,57.63
2010-11-23,58.50,59.03,57.25,58.27,4595800,54.76
2010-11-22,57.88,59.59,57.65,59.22,3492500,55.65
2010-11-19,56.89,58.07,56.30,58.03,1718900,54.53
2010-11-18,56.59,57.35,55.54,56.87,1643000,53.44
2010-11-17,54.65,56.20,54.65,55.66,2089000,52.30
2010-11-16,55.83,56.90,54.20,54.54,3846200,51.25
2010-11-15,56.13,57.24,56.09,56.21,1503900,52.82
2010-11-12,57.02,57.73,55.40,55.66,2511000,52.30
2010-11-11,56.90,57.78,56.80,57.04,1965100,53.60
2010-11-10,56.80,57.69,56.36,57.67,1578200,54.19
2010-11-09,57.25,57.79,56.52,56.84,1921800,53.41
2010-11-08,56.64,57.04,56.20,56.97,1247900,53.53
2010-11-05,55.97,57.38,55.80,56.95,1624200,53.51
2010-11-04,54.44,55.94,54.26,55.87,2475700,52.50
2010-11-03,54.17,54.29,53.18,53.90,1725600,50.65
2010-11-02,53.74,54.48,53.71,54.10,2536000,50.84
2010-11-01,53.12,53.97,52.96,53.48,2297600,50.25
2010-10-29,51.54,53.00,51.46,53.00,1982300,49.80
2010-10-28,51.85,52.17,50.85,51.50,1478600,48.39
2010-10-27,51.94,52.28,50.99,51.59,1968900,48.48
2010-10-26,51.10,52.88,51.10,52.41,2337100,49.25
2010-10-25,51.00,51.79,50.99,51.50,1400200,48.39
2010-10-22,50.58,50.88,50.20,50.48,1001100,47.44
2010-10-21,50.16,51.45,49.94,50.54,1811000,47.49
2010-10-20,49.42,50.14,49.38,49.85,1341400,46.84
2010-10-19,49.99,50.24,49.19,49.40,2613400,46.42
2010-10-18,50.33,50.83,50.18,50.61,1537100,47.56
2010-10-15,50.01,50.59,49.53,50.54,2090600,47.49
2010-10-14,49.83,49.87,48.97,49.44,1983000,46.46
2010-10-13,50.27,50.56,49.51,49.90,1867000,46.89
2010-10-12,49.01,50.19,48.67,49.83,2280000,46.82
2010-10-11,48.63,49.61,48.63,49.26,1362400,46.29
2010-10-08,47.94,49.05,47.88,48.51,1875700,45.58
2010-10-07,47.80,48.23,47.15,47.79,1799600,44.91
2010-10-06,47.67,47.85,47.11,47.46,1254400,44.60
2010-10-05,46.98,48.00,46.73,47.74,2004500,44.86
2010-10-04,46.77,46.89,45.92,46.45,2072300,43.65
2010-10-01,47.72,47.72,46.48,46.97,1495100,44.14
2010-09-30,46.88,47.20,46.27,46.99,1637400,44.16
2010-09-29,47.01,47.01,46.50,46.71,1639300,43.89
2010-09-28,46.04,47.17,45.32,47.11,2813800,44.27
2010-09-27,45.62,46.12,45.33,45.86,1635200,43.09
2010-09-24,45.39,45.65,45.21,45.51,2492900,42.76
2010-09-23,43.47,45.07,43.20,44.69,4078800,41.99
2010-09-22,45.35,45.90,45.14,45.56,2054100,42.81
2010-09-21,46.24,46.27,45.00,45.57,2944100,42.82
2010-09-20,45.12,46.33,44.97,46.18,2440300,43.39
2010-09-17,44.58,45.06,44.24,44.98,2171800,42.27
2010-09-16,43.34,44.43,43.33,44.42,2073000,41.74
2010-09-15,43.54,43.91,43.31,43.87,1324800,40.99
2010-09-14,43.51,44.54,43.30,43.80,1783300,40.92
2010-09-13,43.00,43.64,42.97,43.55,2362200,40.69
2010-09-10,42.19,42.66,42.14,42.50,1544500,39.71
2010-09-09,43.10,43.10,41.91,42.15,1698600,39.38
2010-09-08,42.11,42.71,42.03,42.50,1919600,39.71
2010-09-07,42.67,42.78,41.99,42.08,1738600,39.32
2010-09-03,42.54,43.15,42.10,42.80,2396400,39.99
2010-09-02,41.36,42.11,41.30,42.05,1879600,39.29
2010-09-01,40.07,41.35,40.06,41.13,2660100,38.43
2010-08-31,39.67,40.66,39.43,39.63,3262000,37.03
2010-08-30,40.69,40.87,39.78,39.84,3436100,37.22
2010-08-27,42.15,42.49,39.51,40.71,7814200,38.04
2010-08-26,42.38,43.06,42.03,42.04,3494800,39.28
2010-08-25,41.64,42.48,41.19,42.21,3581000,39.44
2010-08-24,42.37,42.77,41.50,41.98,3021200,39.22
2010-08-23,43.65,44.12,42.93,43.05,2193600,40.22
2010-08-20,42.73,43.34,42.19,43.30,2159300,40.46
2010-08-19,43.48,43.94,42.51,43.21,3127200,40.37
2010-08-18,42.75,43.82,42.23,43.51,2363100,40.65
2010-08-17,42.23,43.17,42.14,42.76,2146000,39.95
2010-08-16,41.51,42.09,41.35,41.68,2024300,38.94
2010-08-13,42.30,42.60,41.78,41.79,3404000,39.05
2010-08-12,41.70,42.62,41.25,42.44,3126300,39.65
2010-08-11,43.13,43.33,42.19,42.48,3114000,39.69
2010-08-10,43.94,44.20,43.24,44.01,2939800,41.12
2010-08-09,43.36,44.57,43.36,44.40,3682500,41.48
2010-08-06,42.62,43.34,42.19,43.34,5317300,40.49
2010-08-05,42.02,43.40,41.63,43.26,3122200,40.42
2010-08-04,42.38,42.86,42.19,42.45,1997600,39.66
2010-08-03,43.49,43.55,41.69,42.25,3447400,39.48
2010-08-02,42.75,43.95,42.53,43.55,3009500,40.69
2010-07-30,40.81,42.28,40.13,42.07,2753600,39.31
2010-07-29,42.14,42.40,40.68,41.51,2512200,38.78
2010-07-28,41.83,42.22,41.41,41.73,2346200,38.99
2010-07-27,42.19,42.71,41.67,42.01,3038600,39.25
2010-07-26,41.70,42.14,41.23,42.09,1444600,39.33
2010-07-23,40.81,41.58,40.46,41.50,1835100,38.77
2010-07-22,39.79,40.97,39.78,40.71,2163300,38.04
2010-07-21,40.08,40.33,39.11,39.21,2635900,36.63
2010-07-20,38.25,39.70,37.98,39.56,2743600,36.96
2010-07-19,39.36,39.52,38.47,38.80,3520500,36.25
2010-07-16,40.49,40.57,39.14,39.18,4360600,36.61
2010-07-15,40.91,41.04,39.93,40.79,2701000,38.11
2010-07-14,40.08,41.10,39.60,41.04,3652600,38.34
2010-07-13,39.24,40.50,39.21,40.17,2617800,37.53
2010-07-12,38.79,39.07,38.31,38.77,1281400,36.22
2010-07-09,38.88,39.06,38.37,39.02,1571000,36.46
2010-07-08,39.20,39.59,38.32,38.88,3231700,36.33
2010-07-07,36.37,38.80,36.27,38.70,4360500,36.16
2010-07-06,37.98,37.98,35.81,36.29,4546100,33.91
2010-07-02,38.41,39.11,36.94,37.20,2370700,34.76
2010-07-01,37.71,38.35,36.45,38.11,4381600,35.61
2010-06-30,38.57,39.28,37.73,37.91,3490500,35.42
2010-06-29,40.11,40.15,38.21,38.58,3344400,36.05
2010-06-28,41.14,41.27,40.46,40.89,2139200,38.20
2010-06-25,40.83,41.18,40.25,41.02,3177700,38.33
2010-06-24,41.54,41.91,40.38,40.74,3174600,38.06
2010-06-23,42.40,42.46,41.45,42.04,3369100,39.28
2010-06-22,44.06,44.44,42.11,42.17,2443200,39.40
2010-06-21,45.14,45.36,43.67,43.99,2844600,41.10
2010-06-18,43.78,44.86,43.78,44.44,2621200,41.52
2010-06-17,44.50,44.50,43.11,43.79,2794300,40.91
2010-06-16,44.67,44.94,43.83,44.35,1900600,41.20
2010-06-15,44.33,44.82,43.66,44.80,1630300,41.62
2010-06-14,44.08,44.75,43.81,43.96,2039500,40.84
2010-06-11,43.30,44.04,42.94,43.61,2315900,40.52
2010-06-10,43.14,43.86,42.77,43.64,2984600,40.54
2010-06-09,41.48,43.50,41.48,42.43,5947600,39.42
2010-06-08,40.58,41.27,40.00,41.21,4800500,38.29
2010-06-07,42.20,42.64,40.52,40.64,2865100,37.76
2010-06-04,43.18,43.75,41.82,42.13,3306800,39.14
2010-06-03,45.25,45.42,43.76,44.49,2837300,41.33
2010-06-02,44.97,44.97,43.51,44.61,3675100,41.45
2010-06-01,45.00,45.99,44.65,44.69,2628100,41.52
2010-05-28,46.65,46.82,45.15,45.43,3706900,42.21
2010-05-27,46.56,47.40,45.54,46.86,7605400,43.54
2010-05-26,43.00,44.55,42.98,43.59,5719000,40.50
2010-05-25,41.24,42.70,40.75,42.60,3382500,39.58
2010-05-24,42.72,43.10,42.26,42.32,2770300,39.32
2010-05-21,40.78,42.83,40.61,42.72,3954200,39.69
2010-05-20,43.03,43.12,41.62,41.76,4606500,38.80
2010-05-19,43.25,44.12,42.57,43.43,3203700,40.35
2010-05-18,45.64,45.99,43.52,43.63,3529900,40.53
2010-05-17,44.96,45.37,43.84,45.23,2886300,42.02
2010-05-14,46.00,46.00,44.54,44.91,3496800,41.72
2010-05-13,47.86,48.00,46.15,46.41,2680600,43.12
2010-05-12,46.80,48.09,46.56,47.94,2086900,44.54
2010-05-11,46.00,47.18,45.92,46.50,1717200,43.20
2010-05-10,45.62,46.86,45.62,46.62,2800400,43.31
2010-05-07,44.88,45.56,43.12,43.55,4704300,40.46
2010-05-06,47.00,47.20,42.04,44.79,5343000,41.61
2010-05-05,47.40,48.47,47.26,47.39,1656400,44.03
2010-05-04,48.74,48.87,47.83,48.06,1989500,44.65
2010-05-03,48.84,49.74,48.51,49.53,1356500,46.02
2010-04-30,49.90,50.00,48.33,48.48,1556200,45.04
2010-04-29,49.91,50.35,49.63,49.95,1497100,46.41
2010-04-28,49.99,50.59,49.15,49.48,1267500,45.97
2010-04-27,51.68,51.77,49.61,49.84,1814200,46.30
2010-04-26,51.62,52.19,51.46,51.94,1604100,48.26
2010-04-23,50.91,51.50,50.60,51.46,970100,47.81
2010-04-22,49.94,51.18,49.53,50.91,1495100,47.30
2010-04-21,49.48,50.60,49.29,50.38,1206100,46.81
2010-04-20,49.79,50.22,49.13,49.48,1340900,45.97
2010-04-19,50.04,50.34,48.59,49.38,1907800,45.88
2010-04-16,50.78,51.16,49.78,50.20,1805700,46.64
2010-04-15,51.39,51.39,50.64,50.90,1934200,47.29
2010-04-14,50.61,51.23,50.49,51.14,1406000,47.51
2010-04-13,49.78,50.50,49.68,50.34,1677600,46.77
2010-04-12,49.85,50.01,49.73,49.81,1407800,46.28
2010-04-09,49.51,49.82,49.03,49.79,884300,46.26
2010-04-08,48.94,49.66,48.50,49.43,1786300,45.92
2010-04-07,48.98,49.27,48.55,48.81,1750400,45.35
2010-04-06,48.39,49.33,48.39,49.20,1389200,45.71
2010-04-05,48.28,49.17,47.99,49.12,1216500,45.64
2010-04-01,47.85,48.32,47.78,48.25,1665300,44.83
2010-03-31,46.75,47.70,46.70,47.49,2895800,44.12
2010-03-30,47.34,47.63,46.62,46.92,1615100,43.59
2010-03-29,47.54,47.56,47.04,47.28,1096900,43.93
2010-03-26,47.29,47.94,47.03,47.32,1409500,43.96
2010-03-25,47.70,47.91,47.05,47.09,2007600,43.75
2010-03-24,46.89,47.37,46.63,47.33,2326700,43.97
2010-03-23,48.15,48.18,47.21,47.76,2600700,44.37
2010-03-22,44.83,47.49,44.75,47.41,7936900,44.05
2010-03-19,47.25,48.00,46.88,47.25,2537500,43.90
2010-03-18,46.98,48.38,46.92,47.58,2411600,44.20
2010-03-17,48.01,48.07,47.09,47.39,2502400,43.84
2010-03-16,46.06,48.01,45.96,47.99,3199700,44.40
2010-03-15,45.78,46.11,45.46,46.04,864000,42.59
2010-03-12,45.94,46.15,45.45,46.00,939200,42.56
2010-03-11,45.65,45.75,45.04,45.60,1307900,42.19
2010-03-10,45.82,46.11,45.61,45.89,1025400,42.45
2010-03-09,45.96,46.15,45.60,45.87,1382600,42.44
2010-03-08,45.72,46.28,45.72,46.01,919000,42.57
2010-03-05,45.63,46.05,45.39,45.94,1306600,42.50
2010-03-04,45.10,45.71,45.03,45.43,930400,42.03
2010-03-03,45.13,45.56,44.83,44.97,1545600,41.60
2010-03-02,45.57,45.80,44.73,44.90,1622500,41.54
2010-03-01,44.50,45.74,44.33,45.59,2148700,42.18
2010-02-26,43.78,44.55,43.65,44.39,2042600,41.07
2010-02-25,42.88,43.82,42.55,43.78,1881500,40.50
2010-02-24,43.07,43.72,42.87,43.69,1285400,40.42
2010-02-23,43.51,43.71,42.81,42.94,1264500,39.73
2010-02-22,43.62,43.74,43.33,43.51,1120700,40.25
2010-02-19,43.26,43.62,43.02,43.54,1679100,40.28
2010-02-18,42.88,43.38,42.70,43.35,1290700,40.10
2010-02-17,42.79,43.12,42.36,43.05,2188200,39.83
2010-02-16,41.81,42.10,41.63,42.08,1378200,38.93
2010-02-12,40.95,41.57,40.92,41.51,1216600,38.40
2010-02-11,41.11,41.64,40.69,41.54,2170100,38.43
2010-02-10,40.79,41.74,40.69,41.14,3484500,38.06
2010-02-09,40.35,40.35,39.34,40.07,2424400,37.07
2010-02-08,39.74,40.09,39.17,39.79,1866100,36.81
2010-02-05,39.95,40.02,38.89,39.70,3333400,36.73
2010-02-04,41.32,41.58,39.89,40.00,2358500,37.01
2010-02-03,41.82,42.01,41.35,41.63,1314200,38.51
2010-02-02,41.20,42.13,41.20,42.05,1613700,38.90
2010-02-01,40.61,41.14,40.61,41.10,1388500,38.02
2010-01-29,41.20,41.65,40.54,40.61,2234700,37.57
2010-01-28,41.59,41.62,40.66,40.82,1503800,37.76
2010-01-27,41.32,41.76,40.87,41.37,1781900,38.27
2010-01-26,41.71,41.96,41.23,41.47,2257100,38.37
2010-01-25,41.87,42.01,41.33,41.73,2716900,38.61
2010-01-22,41.67,41.87,40.68,40.79,3137700,37.74
2010-01-21,42.86,43.16,41.57,41.77,5403200,38.64
2010-01-20,43.76,43.83,42.91,43.10,3555500,39.87
2010-01-19,45.23,45.30,44.03,44.10,3526400,40.80
2010-01-15,45.46,45.69,44.76,45.37,4630800,41.97
2010-01-14,46.49,46.63,45.23,45.36,5030400,41.96
2010-01-13,46.43,46.98,46.12,46.88,3054800,43.37
2010-01-12,46.34,46.58,45.35,46.44,8526400,42.96
2010-01-11,46.23,47.02,45.90,46.68,3001300,43.19
2010-01-08,46.53,46.60,45.50,46.01,3589200,42.57
2010-01-07,45.08,46.97,45.02,46.89,3562300,43.38
2010-01-06,44.11,45.07,44.05,44.96,1699600,41.59
2010-01-05,44.04,44.34,43.44,44.28,1217000,40.97
2010-01-04,43.66,44.59,43.59,43.99,1935200,40.70
2009-12-31,43.72,43.91,42.91,43.00,717300,39.78
2009-12-30,43.53,43.82,43.38,43.76,660200,40.48
2009-12-29,44.17,44.20,43.67,43.91,553300,40.62
2009-12-28,44.00,44.49,43.82,43.95,805000,40.66
2009-12-24,43.84,43.98,43.52,43.80,349900,40.52
2009-12-23,43.76,44.00,43.44,43.82,1083400,40.54
2009-12-22,43.21,43.89,43.04,43.68,844300,40.41
2009-12-21,42.65,43.43,42.43,43.30,1097500,40.06
2009-12-18,42.42,42.56,41.69,42.32,1707800,39.15
2009-12-17,42.18,42.57,42.08,42.41,1567300,39.24
2009-12-16,42.66,43.02,42.34,42.83,1843200,39.47
2009-12-15,42.21,42.49,41.96,42.33,1242600,39.01
2009-12-14,42.38,42.62,41.89,42.60,1959000,39.25
2009-12-11,41.10,42.26,41.05,42.15,2363700,38.84
2009-12-10,40.72,41.27,40.63,40.91,1465400,37.70
2009-12-09,40.77,40.85,40.07,40.44,1882900,37.26
2009-12-08,41.03,41.21,40.51,40.70,2295100,37.50
2009-12-07,41.31,42.01,41.12,41.57,2027900,38.31
2009-12-04,43.31,43.39,40.95,41.51,5860400,38.25
2009-12-03,43.06,43.20,42.41,42.50,1843600,39.16
2009-12-02,43.04,43.99,42.92,43.07,2076700,39.69
2009-12-01,42.87,43.74,42.84,43.07,2446300,39.69
2009-11-30,43.27,43.42,41.87,42.68,3630200,39.33
2009-11-27,42.71,43.82,42.36,43.21,1904700,39.82
2009-11-25,44.01,44.04,42.95,43.89,7790200,40.44
2009-11-24,42.28,42.50,41.52,41.83,3499800,38.54
2009-11-23,42.01,42.47,41.50,41.81,1958400,38.53
2009-11-20,40.96,41.71,40.56,41.30,2005100,38.06
2009-11-19,41.91,41.91,40.74,41.17,2659600,37.94
2009-11-18,42.57,42.89,42.17,42.25,1647300,38.93
2009-11-17,42.84,43.04,42.14,42.67,1430100,39.32
2009-11-16,42.52,43.24,42.52,43.01,2006200,39.63
2009-11-13,42.09,42.55,41.64,42.24,2351800,38.92
2009-11-12,42.43,42.99,41.66,41.87,2079600,38.58
2009-11-11,43.26,43.80,42.40,42.72,2182700,39.37
2009-11-10,42.79,43.20,42.20,43.03,2485100,39.65
2009-11-09,41.81,42.95,41.49,42.76,2499000,39.40
2009-11-06,41.18,42.20,41.02,41.35,2092400,38.10
2009-11-05,40.58,41.35,39.99,41.30,2274500,38.06
2009-11-04,40.54,41.21,40.10,40.26,1970000,37.10
2009-11-03,39.47,40.46,39.12,40.28,2050900,37.12
2009-11-02,39.55,40.34,39.01,39.71,2155400,36.59
2009-10-30,40.64,40.86,39.11,39.29,3171700,36.20
2009-10-29,38.98,40.94,38.98,40.80,2840900,37.60
2009-10-28,40.47,40.73,38.57,38.70,2443600,35.66
2009-10-27,41.20,41.64,40.36,40.60,2416400,37.41
2009-10-26,41.56,42.23,40.99,41.21,1683400,37.97
2009-10-23,41.88,42.52,41.16,41.45,2511100,38.19
2009-10-22,40.68,41.87,40.45,41.69,1920100,38.42
2009-10-21,41.71,42.11,40.65,40.68,1590500,37.49
2009-10-20,42.15,42.15,41.24,41.86,2244500,38.57
2009-10-19,42.00,42.62,41.80,42.15,1786000,38.84
2009-10-16,41.63,42.23,41.08,41.90,1663900,38.61
2009-10-15,41.34,42.17,41.34,42.10,1424200,38.79
2009-10-14,41.39,41.99,41.29,41.73,1865700,38.45
2009-10-13,40.48,41.02,39.98,40.96,1419800,37.74
2009-10-12,41.00,41.51,40.47,40.54,1506300,37.36
2009-10-09,40.65,40.89,40.39,40.88,1001400,37.67
2009-10-08,40.39,41.12,40.05,40.61,1797700,37.42
2009-10-07,40.24,40.77,39.65,40.02,1980200,36.88
2009-10-06,39.04,40.96,39.01,40.29,4266000,37.13
2009-10-05,37.80,38.68,37.55,38.51,1810400,35.49
2009-10-02,37.45,38.08,37.26,37.71,2415500,34.75
2009-10-01,38.27,38.56,37.75,38.00,3378900,35.02
2009-09-30,38.24,39.01,37.83,38.53,5194100,35.50
2009-09-29,37.62,38.44,37.57,38.33,2745500,35.32
2009-09-28,36.39,37.74,36.07,37.62,1923000,34.67
2009-09-25,36.65,36.65,35.64,36.15,2754300,33.31
2009-09-24,37.23,37.35,36.29,36.81,1770800,33.92
2009-09-23,38.23,38.26,37.18,37.21,1825700,34.29
2009-09-22,38.50,38.58,38.00,38.15,1486200,35.15
2009-09-21,38.50,38.68,37.91,38.25,1489700,35.25
2009-09-18,38.87,39.11,38.45,38.76,2097500,35.72
2009-09-17,38.46,39.40,38.36,38.82,2672300,35.77
2009-09-16,37.88,38.78,37.53,38.63,2352600,35.44
2009-09-15,38.25,38.25,37.38,37.68,3103200,34.57
2009-09-14,37.09,38.18,36.69,38.18,2590700,35.03
2009-09-11,38.08,38.25,37.18,37.35,3016300,34.27
2009-09-10,37.99,38.89,37.84,38.12,4675900,34.97
2009-09-09,36.90,37.70,36.63,37.28,2323000,34.20
2009-09-08,36.45,37.11,36.01,37.01,4827400,33.95
2009-09-04,35.93,36.09,35.27,36.04,1324100,33.06
2009-09-03,35.28,36.01,35.03,35.97,2057500,33.00
2009-09-02,34.86,35.22,34.70,34.85,2808700,31.97
2009-09-01,35.90,36.64,34.92,34.93,3625500,32.05
2009-08-31,37.07,37.19,36.11,36.38,3768800,33.38
2009-08-28,36.18,37.66,35.50,37.57,8504000,34.47
2009-08-27,33.87,34.11,33.17,33.75,2794400,30.96
2009-08-26,33.58,34.45,33.16,33.66,2709700,30.88
2009-08-25,32.57,33.62,32.19,33.10,2319500,30.37
2009-08-24,32.53,33.43,32.23,32.32,2424000,29.65
2009-08-21,31.20,32.29,31.13,32.10,3063600,29.45
2009-08-20,30.21,30.87,30.09,30.78,1813900,28.24
2009-08-19,29.30,30.16,29.06,29.97,3008000,27.49
2009-08-18,29.75,30.13,29.34,29.74,1840900,27.28
2009-08-17,30.69,31.01,29.44,29.45,2833900,27.02
2009-08-14,31.04,31.53,30.72,31.49,2862300,28.89
2009-08-13,30.53,31.04,30.04,31.01,1355200,28.45
2009-08-12,30.22,31.03,30.22,30.66,1103800,28.13
2009-08-11,30.97,30.97,30.04,30.17,2211200,27.68
2009-08-10,31.57,31.61,30.70,31.05,1513600,28.49
2009-08-07,30.50,31.75,30.07,31.61,3275800,29.00
2009-08-06,29.72,30.52,29.65,30.06,1629000,27.58
2009-08-05,29.20,29.81,29.08,29.64,1351600,27.19
2009-08-04,30.39,30.39,29.58,29.58,3033600,27.14
2009-08-03,30.51,30.52,29.76,30.48,1748100,27.96
2009-07-31,29.71,30.21,29.60,29.83,953600,27.37
2009-07-30,29.48,30.42,29.38,29.74,2514900,27.28
2009-07-29,28.75,29.58,28.55,28.98,1600100,26.59
2009-07-28,28.75,29.06,27.95,28.99,1890100,26.60
2009-07-27,29.81,29.83,28.79,29.33,1694500,26.91
2009-07-24,29.40,29.95,28.90,29.87,3985100,27.40
2009-07-23,28.87,29.95,28.60,29.49,2978300,27.05
2009-07-22,28.65,29.27,28.12,28.87,2315400,26.49
2009-07-21,28.99,29.41,27.95,28.58,1928900,26.22
2009-07-20,28.02,28.95,27.73,28.87,2887100,26.49
2009-07-17,27.72,28.00,27.21,27.95,1866400,25.64
2009-07-16,27.06,27.80,26.75,27.68,1638600,25.39
2009-07-15,27.40,27.58,26.78,27.34,2497400,25.08
2009-07-14,25.45,27.05,25.14,27.00,5364700,24.77
2009-07-13,24.71,25.28,24.13,25.28,2121600,23.19
2009-07-10,24.70,25.49,24.39,24.62,2087700,22.59
2009-07-09,25.73,25.83,24.58,24.94,4365500,22.88
2009-07-08,24.14,25.78,23.92,25.60,7171100,23.49
2009-07-07,24.68,24.68,23.85,23.91,3524900,21.94
2009-07-06,24.07,24.94,24.07,24.70,3427900,22.66
2009-07-02,25.14,25.46,24.15,24.29,2668300,22.28
2009-07-01,25.74,26.25,25.37,25.93,2105300,23.79
2009-06-30,25.69,26.22,25.13,25.36,1938300,23.27
2009-06-29,25.74,26.20,25.27,25.93,1271300,23.79
2009-06-26,25.51,26.05,25.51,25.66,1586400,23.54
2009-06-25,25.01,26.14,24.89,25.81,2538700,23.68
2009-06-24,25.00,25.51,24.84,25.08,1787500,23.01
2009-06-23,25.41,25.53,24.57,24.78,2511800,22.73
2009-06-22,25.95,25.95,25.13,25.33,2375700,23.24
2009-06-19,26.03,26.48,25.91,26.09,2966500,23.94
2009-06-18,26.04,26.05,25.09,25.73,2290800,23.60
2009-06-17,25.78,26.26,25.04,25.79,2892800,23.50
2009-06-16,26.65,26.67,25.70,25.79,3296000,23.50
2009-06-15,26.96,27.15,26.09,26.32,3202900,23.99
2009-06-12,27.86,28.08,27.01,27.29,3963600,24.87
2009-06-11,29.06,29.25,27.71,27.80,3371800,25.34
2009-06-10,29.85,30.00,28.66,29.05,2472900,26.48
2009-06-09,29.71,29.98,29.02,29.65,2472000,27.02
2009-06-08,29.57,29.94,28.77,29.63,2108200,27.00
2009-06-05,30.56,30.90,29.55,29.76,2150400,27.12
2009-06-04,30.67,30.71,29.71,30.22,2678200,27.54
2009-06-03,30.49,31.02,30.10,30.65,3147300,27.93
2009-06-02,30.51,31.31,30.38,30.68,3782700,27.96
2009-06-01,28.85,31.10,28.64,31.01,4765500,28.26
2009-05-29,27.07,28.42,27.05,28.37,4958400,25.86
2009-05-28,28.29,28.73,27.06,28.13,3416000,25.64
2009-05-27,28.30,29.08,27.76,28.19,3536200,25.69
2009-05-26,26.14,28.24,25.88,28.09,2860400,25.60
2009-05-22,26.19,26.88,25.79,26.42,1487600,24.08
2009-05-21,26.28,26.63,25.57,26.07,1522500,23.76
2009-05-20,27.54,28.70,26.66,26.83,2246600,24.45
2009-05-19,26.47,27.59,25.99,27.30,2838600,24.88
2009-05-18,25.90,26.59,25.85,26.53,1438500,24.18
2009-05-15,25.35,26.52,25.22,25.48,2356200,23.22
2009-05-14,25.11,26.18,24.64,25.40,1941200,23.15
2009-05-13,26.01,26.23,25.09,25.28,2591200,23.04
2009-05-12,28.08,28.43,26.27,26.83,2970900,24.45
2009-05-11,28.54,28.54,27.70,27.85,3262800,25.38
2009-05-08,28.52,29.14,27.82,28.78,1974600,26.23
2009-05-07,28.96,29.39,27.92,28.23,2668000,25.73
2009-05-06,29.57,29.97,28.14,28.60,2100100,26.06
2009-05-05,29.01,29.40,28.62,29.12,1306400,26.54
2009-05-04,28.30,29.21,28.08,29.21,2085200,26.62
2009-05-01,29.03,29.17,27.94,28.10,2750400,25.61
2009-04-30,28.86,30.17,28.60,28.94,3667100,26.37
2009-04-29,28.09,28.99,27.78,28.57,3388200,26.04
2009-04-28,27.90,28.88,27.71,28.00,2930800,25.52
2009-04-27,28.03,28.72,27.15,28.37,6384900,25.86
2009-04-24,27.51,29.11,26.96,28.71,5265200,26.17
2009-04-23,27.19,27.70,26.15,26.80,4797900,24.42
2009-04-22,26.89,28.56,26.32,27.31,4795100,24.89
2009-04-21,24.22,27.32,24.22,27.14,6602500,24.73
2009-04-20,26.41,26.41,24.59,24.65,3294300,22.47
2009-04-17,26.26,26.99,25.77,26.91,2818000,24.52
2009-04-16,23.97,26.88,23.85,26.50,5628600,24.15
2009-04-15,23.37,23.83,23.16,23.73,2731400,21.63
2009-04-14,23.59,24.02,23.08,23.68,3643200,21.58
2009-04-13,23.91,23.91,23.24,23.63,2106800,21.54
2009-04-09,23.20,24.38,22.96,24.22,3583000,22.07
2009-04-08,21.67,22.49,21.67,22.49,2302300,20.50
2009-04-07,22.20,22.20,21.32,21.45,2360800,19.55
2009-04-06,22.94,23.10,22.15,22.62,2192100,20.62
2009-04-03,23.40,23.58,22.28,23.45,2306300,21.37
2009-04-02,22.38,23.83,22.24,23.34,3229800,21.27
2009-04-01,21.40,21.99,20.91,21.86,1876000,19.92
2009-03-31,21.49,21.99,20.78,21.56,2475300,19.65
2009-03-30,22.05,22.05,20.73,21.21,2351800,19.33
2009-03-27,21.73,22.65,21.73,22.41,3104900,20.42
2009-03-26,22.78,23.15,22.19,22.73,4623700,20.72
2009-03-25,23.40,23.89,21.77,22.48,4029300,20.49
2009-03-24,22.95,23.75,22.58,23.17,2912700,21.12
2009-03-23,21.39,23.40,20.76,23.37,8257300,21.30
2009-03-20,21.12,21.15,19.97,20.23,3162700,18.44
2009-03-19,21.47,21.50,20.51,20.77,3167500,18.93
2009-03-18,20.04,21.37,19.88,21.14,3274300,19.27
2009-03-17,19.57,20.27,18.80,20.25,3597700,18.30
2009-03-16,19.94,19.98,19.30,19.30,2585200,17.44
2009-03-13,19.81,19.99,19.17,19.68,2873900,17.79
2009-03-12,18.34,19.77,17.90,19.61,3118200,17.72
2009-03-11,18.46,19.10,18.07,18.45,3641800,16.67
2009-03-10,17.36,18.37,17.13,18.26,3916300,16.50
2009-03-09,16.95,17.77,16.75,16.94,2560400,15.31
2009-03-06,17.32,17.63,16.70,17.21,3584600,15.55
2009-03-05,17.85,18.04,16.94,17.13,3630600,15.48
2009-03-04,17.74,18.51,17.33,18.28,4343400,16.52
2009-03-03,18.05,18.05,16.97,17.32,4329800,15.65
2009-03-02,18.59,19.06,17.58,17.61,3284000,15.91
2009-02-27,18.77,19.64,18.55,19.04,3006100,17.21
2009-02-26,19.52,19.65,18.92,18.96,3105300,17.13
2009-02-25,19.65,19.83,18.90,19.09,3162300,17.25
2009-02-24,19.13,20.12,18.91,19.75,4363800,17.85
2009-02-23,19.95,20.27,18.86,18.95,3894400,17.13
2009-02-20,19.50,20.00,19.20,19.75,3672600,17.85
2009-02-19,20.09,20.51,19.60,19.75,3176000,17.85
2009-02-18,20.14,20.21,19.40,19.82,3600000,17.91
2009-02-17,19.90,20.29,19.51,19.92,5299300,18.00
2009-02-13,20.62,21.07,20.12,20.18,3680100,18.24
2009-02-12,20.90,21.00,19.58,20.57,6120000,18.59
2009-02-11,21.53,21.73,20.52,21.00,6498400,18.98
2009-02-10,22.30,22.88,21.45,21.56,2318200,19.48
2009-02-09,22.68,23.06,22.26,22.75,1264600,20.56
2009-02-06,21.74,23.38,21.74,22.89,2957600,20.69
2009-02-05,20.74,21.83,20.61,21.74,2847400,19.65
2009-02-04,21.31,21.50,20.69,20.88,1975900,18.87
2009-02-03,20.69,21.40,20.22,21.30,2111300,19.25
2009-02-02,20.46,20.95,20.03,20.47,2421400,18.50
2009-01-30,21.58,22.10,20.64,20.75,2844400,18.75
2009-01-29,22.75,22.77,21.70,21.73,2274800,19.64
2009-01-28,22.24,23.37,22.00,23.00,3142500,20.79
2009-01-27,21.16,21.75,20.99,21.58,2312200,19.50
2009-01-26,20.83,21.99,20.79,21.21,2160700,19.17
2009-01-23,20.50,21.52,20.26,21.18,2142400,19.14
2009-01-22,20.89,21.65,20.40,21.21,2666300,19.17
2009-01-21,21.81,21.82,20.62,21.73,3704400,19.64
2009-01-20,22.77,22.83,21.18,21.30,3325100,19.25
2009-01-16,22.61,22.94,22.08,22.84,3343200,20.64
2009-01-15,21.88,22.81,21.10,22.08,4330100,19.95
2009-01-14,20.74,22.60,20.36,21.95,10094700,19.84
2009-01-13,22.05,23.09,21.45,22.00,3790800,19.88
2009-01-12,22.38,22.63,21.70,22.06,4383400,19.94
2009-01-09,23.97,24.15,22.12,22.40,5891700,20.24
2009-01-08,23.67,24.24,23.17,24.08,4084200,21.76
2009-01-07,25.22,25.50,24.45,24.83,2896200,22.44
2009-01-06,25.92,26.20,25.04,25.89,2314900,23.40
2009-01-05,25.27,25.90,24.76,25.66,2621700,23.19
2009-01-02,23.93,25.79,23.58,25.54,3396700,23.08
2008-12-31,23.08,23.90,23.08,23.63,2497100,21.35
2008-12-30,21.83,23.08,21.61,23.03,2683100,20.81
2008-12-29,22.33,22.51,21.05,21.50,2595700,19.43
2008-12-26,22.30,22.75,22.23,22.42,826600,20.26
2008-12-24,22.90,22.90,22.07,22.34,838100,20.19
2008-12-23,23.09,23.25,22.19,22.42,1966000,20.26
2008-12-22,24.53,24.65,22.34,22.84,2383200,20.64
2008-12-19,24.92,25.43,23.76,24.53,2499200,22.17
2008-12-18,25.95,25.95,24.43,24.72,2375000,22.34
2008-12-17,24.21,26.15,23.70,25.74,3198100,23.11
2008-12-16,22.71,24.56,22.19,24.43,2888500,21.93
2008-12-15,23.20,23.23,22.01,22.40,1464100,20.11
2008-12-12,22.01,23.22,21.80,22.81,2360400,20.48
2008-12-11,23.99,24.69,22.85,23.24,2246900,20.86
2008-12-10,23.68,24.45,23.19,24.20,2023000,21.73
2008-12-09,24.02,25.37,23.18,23.36,3385400,20.97
2008-12-08,24.51,25.60,23.82,24.35,5286000,21.86
2008-12-05,20.67,23.90,19.87,23.70,5272100,21.28
2008-12-04,18.79,22.32,18.46,21.25,5395000,19.08
2008-12-03,18.46,19.78,18.20,19.18,4196200,17.22
2008-12-02,18.24,19.23,17.69,18.84,3439700,16.91
2008-12-01,19.19,19.34,17.88,17.98,4322600,16.14
2008-11-28,20.84,21.25,19.26,19.79,2193900,17.77
2008-11-26,18.66,21.50,18.61,20.91,8252900,18.77
2008-11-25,21.48,22.00,18.64,20.83,6109400,18.70
2008-11-24,19.53,21.19,18.68,21.05,5969400,18.90
2008-11-21,18.25,19.56,16.75,19.48,4478600,17.49
2008-11-20,17.64,19.74,17.26,17.86,4320100,16.03
2008-11-19,19.51,20.13,17.58,17.71,4674200,15.90
2008-11-18,19.24,19.88,18.76,19.72,3090700,17.70
2008-11-17,20.02,20.82,19.42,19.42,3179400,17.43
2008-11-14,21.48,22.20,19.76,20.31,3217700,18.23
2008-11-13,19.64,22.44,18.73,22.44,5293600,20.15
2008-11-12,20.92,20.92,19.48,19.53,3692500,17.53
2008-11-11,22.00,22.31,20.72,21.16,4225700,19.00
2008-11-10,23.63,25.56,22.18,22.70,2267600,20.38
2008-11-07,23.32,23.83,22.54,23.02,2540600,20.67
2008-11-06,24.54,25.43,22.77,23.02,3399800,20.67
2008-11-05,26.33,26.33,24.71,24.90,4132400,22.35
2008-11-04,26.29,26.92,25.36,26.73,2207500,24.00
2008-11-03,27.40,27.71,25.02,25.11,2856000,22.54
2008-10-31,26.44,28.35,25.57,27.45,2435100,24.64
2008-10-30,26.90,27.60,25.34,26.01,3034400,23.35
2008-10-29,24.62,26.90,23.65,25.44,3924700,22.84
2008-10-28,22.53,24.92,21.68,24.80,4398700,22.26
2008-10-27,22.47,23.82,21.76,21.84,2155200,19.61
2008-10-24,22.50,23.42,22.00,22.68,5279300,20.36
2008-10-23,24.81,25.17,22.80,23.80,2702500,21.37
2008-10-22,25.40,25.63,23.37,24.53,3679400,22.02
2008-10-21,26.77,28.31,26.10,26.21,2186800,23.53
2008-10-20,27.89,28.35,26.77,27.34,2973900,24.54
2008-10-17,26.90,28.26,25.80,27.52,2802700,24.71
2008-10-16,25.89,27.79,24.45,27.61,5311300,24.79
2008-10-15,28.10,28.70,25.70,25.78,3699400,23.14
2008-10-14,33.90,34.19,28.53,29.09,4067200,26.12
2008-10-13,29.97,33.02,29.97,32.55,5747900,29.22
2008-10-10,23.12,30.80,21.78,28.76,8440000,25.82
2008-10-09,27.62,28.37,24.46,24.67,5009400,22.15
2008-10-08,27.87,29.74,27.02,27.79,7154500,24.95
2008-10-07,31.10,31.50,28.43,28.66,3715300,25.73
2008-10-06,31.74,31.74,28.72,30.78,4611700,27.63
2008-10-03,33.68,34.42,32.31,32.34,2932300,29.03
2008-10-02,35.10,35.42,33.61,33.67,2244200,30.23
2008-10-01,35.07,35.80,35.02,35.34,2326000,31.73
2008-09-30,35.52,35.86,34.65,35.52,2401600,31.89
2008-09-29,36.04,36.81,33.66,34.73,3414200,31.18
2008-09-26,36.34,36.76,35.79,36.73,1436300,32.97
2008-09-25,37.18,37.58,36.56,36.76,2053500,33.00
2008-09-24,35.93,37.63,35.77,36.84,3041800,33.07
2008-09-23,36.00,36.90,35.50,35.93,3268200,32.26
2008-09-22,38.09,38.09,35.50,35.82,3602000,32.16
2008-09-19,40.01,44.88,38.02,38.07,4764900,34.18
2008-09-18,37.22,38.70,35.15,38.22,5236500,34.31
2008-09-17,38.37,38.81,36.01,36.58,5602800,32.69
2008-09-16,38.83,40.25,38.25,38.98,3760400,34.83
2008-09-15,40.56,41.48,39.75,39.91,3100100,35.66
2008-09-12,42.40,43.00,41.55,42.07,2458100,37.59
2008-09-11,42.65,43.16,41.83,42.72,3608300,38.17
2008-09-10,44.65,44.65,43.10,43.84,2374100,39.17
2008-09-09,45.14,45.80,43.65,43.91,2704400,39.24
2008-09-08,44.16,45.75,43.04,45.57,3996400,40.72
2008-09-05,42.92,43.49,42.25,43.00,2809500,38.42
2008-09-04,43.74,44.77,43.32,43.50,2722200,38.87
2008-09-03,42.97,44.33,42.95,43.93,2847200,39.25
2008-09-02,44.80,45.72,42.98,43.31,3958500,38.70
2008-08-29,43.64,44.75,43.50,44.17,3342600,39.47
2008-08-28,44.00,44.45,42.27,43.85,8379800,39.18
2008-08-27,39.15,40.29,38.86,39.61,2508200,35.39
2008-08-26,38.63,39.67,38.51,39.29,2856800,35.11
2008-08-25,39.70,39.82,38.42,38.51,1951200,34.41
2008-08-22,38.93,40.05,38.93,39.96,1816100,35.71
2008-08-21,37.87,38.78,37.31,38.58,1711000,34.47
2008-08-20,39.09,39.55,38.30,38.42,1650600,34.33
2008-08-19,40.05,40.12,38.70,39.08,1954000,34.92
2008-08-18,41.82,42.08,40.00,40.32,1846900,36.03
2008-08-15,40.80,42.18,40.55,41.59,1448200,37.16
2008-08-14,39.40,41.60,39.40,40.79,1598200,36.45
2008-08-13,40.97,41.03,39.33,39.97,1928600,35.72
2008-08-12,40.98,41.70,40.56,41.36,1935800,36.96
2008-08-11,40.86,43.15,40.46,41.20,2998800,36.82
2008-08-08,38.71,41.62,38.71,41.23,2305000,36.84
2008-08-07,38.27,39.19,37.69,38.65,2412100,34.54
2008-08-06,39.40,39.68,38.14,39.17,2232600,35.00
2008-08-05,38.00,40.32,37.90,39.74,3264500,35.51
2008-08-04,37.03,38.01,36.31,37.51,2920900,33.52
2008-08-01,37.73,38.08,36.81,37.00,2546300,33.06
2008-07-31,37.28,38.56,36.68,37.79,2633500,33.77
2008-07-30,37.64,38.31,36.73,37.36,1765400,33.38
2008-07-29,36.45,37.59,36.45,37.33,3144700,33.36
2008-07-28,36.78,37.55,35.93,36.35,2446800,32.48
2008-07-25,36.64,38.16,36.50,37.24,4784200,33.28
2008-07-24,40.09,40.20,38.63,38.70,2293500,34.58
2008-07-23,39.86,42.07,39.29,40.10,2827200,35.83
2008-07-22,38.82,40.40,38.13,39.89,2529500,35.64
2008-07-21,39.50,40.29,38.66,39.21,1307200,35.04
2008-07-18,42.44,42.44,39.40,39.64,2146400,35.42
2008-07-17,39.69,41.11,38.12,40.82,3603100,36.48
2008-07-16,37.29,39.50,36.87,39.24,2440100,35.06
2008-07-15,37.30,38.27,36.09,37.30,2661900,33.33
2008-07-14,37.53,38.24,36.86,37.32,2176700,33.35
2008-07-11,38.19,38.19,35.44,37.03,4309500,33.09
2008-07-10,39.80,39.86,37.93,38.22,3323400,34.15
2008-07-09,41.23,42.11,39.54,39.87,2588200,35.63
2008-07-08,39.89,41.56,39.78,41.39,2725200,36.98
2008-07-07,40.71,40.94,39.21,39.98,2130900,35.72
2008-07-03,40.60,41.07,39.76,40.32,1202400,36.03
2008-07-02,41.61,42.24,40.12,40.20,2372200,35.92
2008-07-01,40.33,41.36,39.66,41.20,3996300,36.82
2008-06-30,42.08,42.08,40.26,40.75,3258200,36.41
2008-06-27,42.41,42.79,41.37,42.10,1223000,37.62
2008-06-26,42.97,43.10,42.00,42.19,1805300,37.70
2008-06-25,42.94,44.82,42.73,43.38,2019500,38.76
2008-06-24,44.19,44.19,42.37,42.72,3628100,38.17
2008-06-23,45.44,45.84,44.13,44.43,1708400,39.70
2008-06-20,46.71,46.71,44.71,45.16,2396100,40.35
2008-06-19,46.21,46.95,45.76,46.79,1082500,41.81
2008-06-18,46.92,47.39,45.86,46.34,1683500,41.41
2008-06-17,47.93,47.93,46.86,47.32,1345200,42.13
2008-06-16,46.19,47.79,46.02,47.46,2541000,42.26
2008-06-13,46.14,46.74,45.60,46.67,1905400,41.55
2008-06-12,45.66,46.87,45.60,46.02,2309900,40.97
2008-06-11,46.15,46.67,44.80,45.33,2412100,40.36
2008-06-10,46.00,46.87,45.73,46.35,1946400,41.27
2008-06-09,45.81,46.40,45.16,46.21,2470800,41.14
2008-06-06,47.09,47.09,45.42,45.60,2334800,40.60
2008-06-05,47.30,48.23,46.98,47.58,1920300,42.36
2008-06-04,47.99,48.00,46.59,47.13,2078400,41.96
2008-06-03,47.98,48.30,47.37,47.97,2671600,42.71
2008-06-02,48.99,49.03,47.20,48.00,2598600,42.74
2008-05-30,49.25,49.98,48.62,49.03,4395300,43.65
2008-05-29,47.88,48.77,47.25,47.74,2809700,42.51
2008-05-28,47.07,48.25,46.80,47.88,1985900,42.63
2008-05-27,46.15,47.62,45.70,46.55,2044000,41.45
2008-05-23,46.95,46.95,45.30,46.11,1828700,41.05
2008-05-22,46.83,48.15,46.10,47.08,2730800,41.92
2008-05-21,47.96,48.53,46.81,46.95,2079600,41.80
2008-05-20,47.73,48.29,46.61,47.78,2026700,42.54
2008-05-19,48.33,49.74,47.95,48.22,2849400,42.93
2008-05-16,48.83,48.83,47.00,48.20,2673600,42.92
2008-05-15,45.91,48.95,45.29,48.88,6213800,43.52
2008-05-14,45.83,46.50,45.56,45.85,1949700,40.82
2008-05-13,44.00,45.78,43.85,45.60,2722100,40.60
2008-05-12,42.70,43.91,42.22,43.82,1230600,39.02
2008-05-09,42.00,42.60,41.52,42.43,873000,37.78
2008-05-08,42.56,43.02,41.83,42.29,1810800,37.65
2008-05-07,42.69,44.12,42.47,42.51,1060900,37.85
2008-05-06,42.41,43.05,41.65,42.73,1629100,38.05
2008-05-05,44.23,44.48,42.65,42.73,1656600,38.05
2008-05-02,44.77,45.48,43.74,44.27,1310500,39.42
2008-05-01,43.25,44.75,42.92,44.27,1988300,39.42
2008-04-30,45.05,45.30,43.37,43.54,1596100,38.77
2008-04-29,44.66,45.69,44.47,44.96,1395400,40.03
2008-04-28,44.40,45.41,43.88,44.89,2292300,39.97
2008-04-25,43.43,44.61,43.13,44.47,2421100,39.59
2008-04-24,42.01,43.53,41.65,43.13,1615200,38.40
2008-04-23,41.15,42.15,40.71,41.92,1406800,37.32
2008-04-22,42.24,42.24,40.63,41.11,1493200,36.60
2008-04-21,41.70,42.49,41.44,42.34,1165500,37.70
2008-04-18,42.69,42.95,41.85,42.01,2163200,37.40
2008-04-17,41.43,41.80,40.99,41.53,1027200,36.98
2008-04-16,41.53,41.81,40.58,41.64,2149300,37.07
2008-04-15,41.01,41.36,40.48,41.26,1521100,36.74
2008-04-14,40.87,41.59,40.78,40.90,1344100,36.42
2008-04-11,41.08,42.06,40.62,40.86,1444100,36.38
2008-04-10,41.13,42.40,40.78,41.50,2465600,36.95
2008-04-09,41.69,42.24,40.65,41.21,2090300,36.69
2008-04-08,42.69,42.94,41.72,42.11,1836800,37.49
2008-04-07,43.48,43.97,42.54,42.87,1590100,38.17
2008-04-04,43.51,43.63,42.52,43.06,1327600,38.34
2008-04-03,43.70,43.77,42.67,43.62,1329200,38.84
2008-04-02,43.75,44.23,42.88,43.51,1914700,38.74
2008-04-01,42.40,43.81,42.40,43.66,2179600,38.87
2008-03-31,41.06,42.26,40.80,41.84,2413600,37.25
2008-03-28,40.88,42.59,39.65,41.15,4535400,36.64
2008-03-27,44.22,44.95,43.03,43.15,3330600,38.42
2008-03-26,42.96,44.70,42.82,44.39,4863800,39.52
2008-03-25,42.02,43.77,40.95,43.56,6035500,38.78
2008-03-24,41.81,44.40,41.00,42.65,8774900,37.97
2008-03-20,36.64,38.95,36.25,38.60,4288700,34.37
2008-03-19,37.01,37.50,36.35,36.60,2299300,32.59
2008-03-18,37.03,37.50,35.43,36.44,3870900,32.44
2008-03-17,36.92,37.14,35.03,36.40,4835900,32.28
2008-03-14,39.10,39.29,36.93,37.75,2692300,33.47
2008-03-13,36.67,39.29,35.65,38.77,3347400,34.38
2008-03-12,38.11,38.69,37.17,37.25,2348700,33.03
2008-03-11,36.70,38.04,36.23,38.04,2183300,33.73
2008-03-10,37.59,37.95,35.84,35.87,1962200,31.81
2008-03-07,36.94,37.79,36.58,37.48,2379100,33.23
2008-03-06,38.82,39.00,37.12,37.21,2089400,32.99
2008-03-05,39.17,40.32,38.54,38.93,1940400,34.52
2008-03-04,38.40,39.58,38.11,39.08,2138200,34.65
2008-03-03,37.51,39.07,36.89,38.69,2370800,34.31
2008-02-29,38.76,38.96,37.30,37.64,1743800,33.38
2008-02-28,40.08,40.36,39.03,39.12,2223200,34.69
2008-02-27,40.18,40.78,39.04,40.25,3107100,35.69
2008-02-26,40.04,41.85,39.84,40.75,3266400,36.13
2008-02-25,37.27,40.93,36.81,40.46,5884000,35.88
2008-02-22,36.99,37.55,36.33,37.32,2053600,33.09
2008-02-21,37.93,38.47,36.74,36.91,1729600,32.73
2008-02-20,37.09,38.04,36.88,37.86,2437300,33.57
2008-02-19,39.12,39.19,37.35,37.50,2096800,33.25
2008-02-15,39.12,39.12,37.95,38.52,1750900,34.16
2008-02-14,39.98,40.49,39.04,39.15,1959300,34.71
2008-02-13,40.43,40.67,39.14,39.89,2712800,35.37
2008-02-12,39.87,40.95,39.86,40.26,2583200,35.70
2008-02-11,39.93,40.19,38.80,39.70,4073000,35.20
2008-02-08,40.14,42.74,39.53,39.86,6594700,35.34
2008-02-07,36.51,38.76,36.26,38.18,2560500,33.85
2008-02-06,37.95,39.09,36.64,36.73,3531900,32.57
2008-02-05,38.03,39.67,37.25,37.63,3628900,33.37
2008-02-04,40.86,40.86,38.60,38.79,2912800,34.39
2008-02-01,40.36,41.16,39.93,40.86,2123900,36.23
2008-01-31,36.83,40.46,36.50,39.79,4230000,35.28
2008-01-30,39.00,39.06,37.35,37.35,3509800,33.12
2008-01-29,38.86,39.38,37.90,39.20,1374900,34.76
2008-01-28,37.24,38.82,36.42,38.70,1702700,34.31
2008-01-25,39.11,39.14,36.90,37.26,2551900,33.04
2008-01-24,39.28,40.33,37.92,38.67,2880700,34.29
2008-01-23,36.77,39.37,36.23,39.13,6676900,34.70
2008-01-22,35.25,38.42,34.10,37.94,6894500,33.64
2008-01-18,37.50,39.81,37.18,37.49,5754800,33.24
2008-01-17,37.03,39.00,36.29,37.18,6491000,32.97
2008-01-16,35.43,37.33,35.43,36.99,4899900,32.80
2008-01-15,33.50,35.87,33.46,35.66,6772400,31.62
2008-01-14,35.83,35.87,32.84,34.04,8401300,30.18
2008-01-11,37.95,37.95,34.65,35.80,12003300,31.74
2008-01-10,40.08,41.10,39.77,40.32,3548300,35.75
2008-01-09,40.83,40.84,39.05,40.62,3203100,36.02
2008-01-08,42.15,42.25,40.75,40.83,1983700,36.20
2008-01-07,41.55,42.52,40.82,41.85,2802300,37.11
2008-01-04,41.96,41.96,40.20,41.38,2722700,36.69
2008-01-03,44.17,44.46,42.04,42.24,2120900,37.45
2008-01-02,46.01,46.14,43.60,43.95,2358200,38.97
