Date,Open,High,Low,Close,Volume,Adj Close
2013-12-31,62.26,62.50,62.08,62.34,1114200,62.07
2013-12-30,61.70,62.29,61.60,62.07,1090700,61.80
2013-12-27,62.34,62.48,60.97,61.58,1683600,61.31
2013-12-26,61.50,62.19,61.32,62.08,1385900,61.81
2013-12-24,61.05,61.35,60.74,61.20,1203300,60.93
2013-12-23,61.75,61.90,60.12,60.96,3189000,60.69
2013-12-20,239.30,245.79,237.99,245.79,23002800,61.18
2013-12-19,239.12,240.43,238.02,238.48,1735600,59.36
2013-12-18,235.83,239.63,233.64,239.34,1800400,59.57
2013-12-17,235.26,235.99,233.86,235.07,1461200,58.51
2013-12-16,234.97,235.70,233.66,234.69,1878800,58.41
2013-12-13,234.00,234.91,231.20,234.48,3049200,58.36
2013-12-12,229.50,233.09,228.94,232.24,2933600,57.80
2013-12-11,231.81,232.69,228.68,229.20,2352000,57.05
2013-12-10,232.71,233.14,228.56,231.25,2615600,57.56
2013-12-09,233.64,234.28,232.06,232.94,1853200,57.98
2013-12-06,243.28,243.28,232.59,233.57,1575600,58.14
2013-12-05,233.49,235.46,232.35,233.00,2256400,57.73
2013-12-04,233.79,234.50,231.55,233.55,1668800,57.87
2013-12-03,235.67,235.97,233.32,234.04,2232800,57.99
2013-12-02,236.19,238.25,234.71,235.74,2281600,58.41
2013-11-29,235.00,237.18,234.21,234.58,988800,58.12
2013-11-27,235.38,236.60,234.12,234.93,1611200,58.21
2013-11-26,232.99,235.65,232.67,234.40,1712000,58.08
2013-11-25,233.09,234.53,232.50,233.40,3142000,57.83
2013-11-22,225.88,232.41,224.59,232.10,3455600,57.51
2013-11-21,225.44,225.44,223.30,224.53,1441600,55.63
2013-11-20,225.00,226.52,224.00,224.74,1270400,55.69
2013-11-19,224.14,225.30,223.10,224.26,1404000,55.57
2013-11-18,225.50,226.85,223.93,224.44,1832400,55.61
2013-11-15,224.13,225.59,223.17,225.56,1770000,55.89
2013-11-14,223.00,224.68,221.36,224.51,1724000,55.63
2013-11-13,217.45,223.06,217.25,223.01,2487200,55.26
2013-11-12,218.18,219.24,217.15,217.83,2522000,53.97
2013-11-11,219.00,219.76,218.68,219.05,1350400,54.28
2013-11-08,217.05,218.79,216.26,218.74,2722800,54.20
2013-11-07,222.46,223.04,216.73,217.05,2486800,53.78
2013-11-06,222.64,225.58,220.98,222.46,3661600,55.12
2013-11-05,218.68,220.38,217.12,219.75,2445200,54.45
2013-11-04,216.70,218.93,216.13,218.63,2324800,54.17
2013-11-01,215.00,216.65,214.82,215.50,1131200,53.40
2013-10-31,215.11,216.24,213.17,215.00,2460800,53.27
2013-10-30,216.29,216.84,213.38,214.96,1832000,53.26
2013-10-29,217.00,217.69,215.50,216.00,3320000,53.52
2013-10-28,212.20,216.61,211.83,216.55,3431600,53.66
2013-10-25,213.04,213.21,210.61,212.23,2228000,52.59
2013-10-24,213.44,213.44,210.70,210.75,1958800,52.22
2013-10-23,211.38,212.68,210.02,212.44,1676000,52.64
2013-10-22,212.26,212.99,210.31,211.44,3193200,52.39
2013-10-21,212.90,214.40,210.28,211.23,5260800,52.34
2013-10-18,202.95,204.30,201.41,204.30,2419200,50.62
2013-10-17,200.59,203.40,200.23,201.89,2613200,50.02
2013-10-16,197.05,201.41,197.05,201.33,3356800,49.89
2013-10-15,197.38,198.66,195.80,196.07,4588000,48.58
2013-10-14,193.40,198.20,193.40,197.58,1934800,48.96
2013-10-11,194.73,196.15,193.41,196.10,2066000,48.59
2013-10-10,195.26,195.66,194.09,194.73,1312800,48.25
2013-10-09,190.44,193.46,189.32,192.42,2310400,47.68
2013-10-08,193.95,194.46,189.36,189.76,3070400,47.02
2013-10-07,195.14,196.35,193.82,193.85,2017200,48.03
2013-10-04,194.99,197.07,194.69,196.51,1979600,48.69
2013-10-03,195.59,198.17,193.36,194.54,2212000,48.20
2013-10-02,200.41,201.24,193.79,195.80,3317600,48.52
2013-10-01,199.60,200.00,197.51,198.84,2118400,49.27
2013-09-30,197.15,199.48,197.01,199.05,2287600,49.32
2013-09-27,199.59,199.99,196.80,198.48,2569200,49.18
2013-09-26,199.72,200.74,198.71,199.61,2215600,49.46
2013-09-25,202.84,202.88,198.67,199.24,2385600,49.37
2013-09-24,202.82,203.43,201.59,202.58,1631600,50.20
2013-09-23,203.02,203.27,200.22,202.44,1703600,50.16
2013-09-20,204.69,204.94,201.94,203.32,3225600,50.38
2013-09-19,199.33,204.64,199.33,204.49,3366800,50.67
2013-09-18,197.23,200.34,195.57,200.21,1830400,49.61
2013-09-17,196.12,197.73,196.09,197.67,1880800,48.98
2013-09-16,197.38,198.74,195.73,196.09,2075600,48.59
2013-09-13,194.47,195.70,193.46,195.50,1306800,48.44
2013-09-12,192.79,194.81,192.52,194.71,2194400,48.25
2013-09-11,192.02,192.96,190.73,192.96,2379600,47.81
2013-09-10,191.95,192.57,189.85,192.15,1686800,47.61
2013-09-09,191.43,192.55,190.91,191.67,1319200,47.49
2013-09-06,193.20,193.59,189.38,191.26,1259600,47.39
2013-09-05,192.10,194.04,191.63,193.30,1992800,47.68
2013-09-04,189.81,192.98,189.81,192.11,1676000,47.39
2013-09-03,188.80,190.16,188.24,189.05,2043600,46.63
2013-08-30,187.56,188.93,186.53,187.21,1597600,46.18
2013-08-29,186.58,188.05,185.62,186.86,2220000,46.09
2013-08-28,185.81,187.53,185.70,186.59,1968800,46.03
2013-08-27,189.11,189.42,185.81,186.19,2753200,45.93
2013-08-26,191.20,191.96,188.84,189.17,1788800,46.66
2013-08-23,191.38,193.83,190.06,191.09,1723200,47.14
2013-08-22,190.87,192.21,188.46,190.76,1540400,47.05
2013-08-21,191.34,192.96,190.07,190.52,1313600,46.99
2013-08-20,191.14,192.98,189.80,191.42,2422800,47.22
2013-08-19,192.22,193.50,190.82,190.90,1712000,47.09
2013-08-16,192.01,194.61,192.01,192.75,1916000,47.54
2013-08-15,195.36,195.43,192.27,193.05,2762000,47.62
2013-08-14,198.96,199.31,195.81,196.23,2421200,48.40
2013-08-13,198.52,199.72,197.28,199.13,1520800,49.12
2013-08-12,197.88,199.28,197.67,198.19,1387600,48.89
2013-08-09,198.80,200.36,197.70,198.89,1348800,49.06
2013-08-08,199.74,200.06,198.67,198.93,1314400,49.07
2013-08-07,199.76,200.76,198.29,198.31,2410000,48.92
2013-08-06,200.67,201.95,200.02,201.06,2054400,49.59
2013-08-05,201.12,202.35,200.87,201.15,706400,49.62
2013-08-02,200.75,202.34,199.91,202.30,1040400,49.90
2013-08-01,198.12,201.48,197.19,201.07,1402000,49.60
2013-07-31,197.96,199.36,196.62,197.00,1394400,48.59
2013-07-30,198.13,198.75,197.00,197.52,1453600,48.72
2013-07-29,198.64,198.95,196.62,197.13,1161600,48.63
2013-07-26,196.34,199.30,196.00,199.09,1580000,49.11
2013-07-25,196.59,198.04,195.93,197.79,1553600,48.79
2013-07-24,197.12,197.84,195.88,196.71,1230800,48.52
2013-07-23,195.33,196.86,194.83,196.18,1390000,48.39
2013-07-22,193.55,196.37,193.51,194.86,3024800,48.07
2013-07-19,197.20,199.53,194.26,196.94,5119600,48.58
2013-07-18,195.61,199.85,195.61,199.53,2383200,49.22
2013-07-17,198.56,199.49,197.03,197.49,1980400,48.71
2013-07-16,199.41,200.19,198.00,198.17,1977600,48.88
2013-07-15,199.33,200.09,198.56,199.51,1974400,49.21
2013-07-12,199.45,200.55,198.73,199.56,1264800,49.22
2013-07-11,199.51,200.08,198.67,199.72,1686000,49.26
2013-07-10,198.01,199.34,196.77,197.89,1668000,48.81
2013-07-09,200.43,200.43,194.73,198.48,1284800,48.96
2013-07-08,197.82,199.47,196.34,197.00,2050000,48.59
2013-07-05,194.06,197.62,194.06,196.28,1722400,48.42
2013-07-03,192.37,194.16,190.87,193.82,979200,47.81
2013-07-02,194.57,196.14,192.17,193.58,2641600,47.75
2013-07-01,193.93,196.99,193.58,195.03,2073200,48.11
2013-06-28,191.80,195.06,190.27,193.06,3594800,47.62
2013-06-27,192.00,193.00,190.94,192.08,1516400,47.38
2013-06-26,190.77,191.76,189.24,191.31,2711600,47.19
2013-06-25,187.24,189.03,186.25,188.21,2514400,46.42
2013-06-24,184.43,187.06,182.45,185.65,2415600,45.79
2013-06-21,187.80,189.87,184.52,186.02,3067600,45.88
2013-06-20,191.50,191.75,186.24,186.83,2281600,46.08
2013-06-19,190.58,193.09,190.58,192.50,3392800,47.48
2013-06-18,188.29,190.80,187.80,190.48,1771200,46.98
2013-06-17,188.50,189.41,186.73,188.16,1791600,46.41
2013-06-14,187.64,188.65,186.50,187.14,1419600,46.16
2013-06-13,190.21,190.62,187.39,188.50,3056400,46.50
2013-06-12,189.58,189.85,188.16,189.58,2353200,46.76
2013-06-11,185.93,189.64,185.39,188.06,2095200,46.39
2013-06-10,187.30,187.96,185.98,187.00,1002400,46.13
2013-06-07,185.00,187.34,175.75,187.17,2067200,46.17
2013-06-06,183.36,184.87,182.14,184.77,1819600,45.58
2013-06-05,185.48,187.23,184.85,185.35,2175200,45.50
2013-06-04,185.25,187.42,182.51,186.64,1671200,45.82
2013-06-03,183.79,185.69,182.24,185.62,1952400,45.57
2013-05-31,184.84,187.20,183.86,183.86,2467600,45.14
2013-05-30,185.08,185.93,183.95,184.95,1734800,45.41
2013-05-29,184.15,185.84,183.50,184.54,1223200,45.31
2013-05-28,186.11,186.86,183.82,184.74,983600,45.35
2013-05-24,184.17,184.49,182.02,183.82,1710800,45.13
2013-05-23,182.78,186.22,181.76,185.12,1296000,45.45
2013-05-22,186.50,187.91,184.29,185.03,1299200,45.43
2013-05-21,182.49,186.69,182.49,186.15,1593600,45.70
2013-05-20,183.83,185.91,183.60,185.50,1792400,45.54
2013-05-17,181.47,184.65,181.47,183.73,2013600,45.11
2013-05-16,185.67,186.39,180.79,181.51,2386400,44.56
2013-05-15,183.89,187.02,183.89,185.66,3129600,45.58
2013-05-14,182.29,184.85,182.11,184.72,1488400,45.35
2013-05-13,182.51,183.10,180.84,182.30,2040400,44.76
2013-05-10,180.80,183.43,180.49,183.12,2376800,44.96
2013-05-09,180.98,181.98,179.63,180.62,1755200,44.34
2013-05-08,179.95,181.42,178.56,181.01,1925600,44.44
2013-05-07,178.24,180.01,178.06,179.95,2068000,44.18
2013-05-06,177.04,178.36,176.55,177.36,1940400,43.54
2013-05-03,176.24,178.19,174.24,177.55,2201600,43.59
2013-05-02,176.83,177.16,174.01,175.35,2510800,43.05
2013-05-01,177.96,178.77,174.60,175.39,2798000,43.06
2013-04-30,174.81,178.28,174.35,178.22,2623200,43.75
2013-04-29,175.01,176.92,173.08,174.81,1805600,42.92
2013-04-26,177.45,177.63,171.12,174.82,4137600,42.92
2013-04-25,174.80,178.91,174.06,178.75,2627200,43.88
2013-04-24,174.32,175.00,172.28,174.19,1999600,42.76
2013-04-23,173.30,174.76,172.12,173.82,1691200,42.67
2013-04-22,169.83,173.95,169.83,173.00,2224400,42.47
2013-04-19,168.25,170.28,167.80,169.15,1404000,41.53
2013-04-18,169.68,170.00,166.73,167.66,1294800,41.16
2013-04-17,169.15,170.98,166.76,169.25,1978000,41.55
2013-04-16,167.61,169.95,166.57,169.77,1996400,41.68
2013-04-15,171.17,171.40,166.27,166.27,2431600,40.82
2013-04-12,170.63,172.14,169.63,171.60,3450000,42.13
2013-04-11,172.16,174.34,170.53,171.37,3084000,42.07
2013-04-10,169.46,173.15,169.39,172.41,2040000,42.33
2013-04-09,169.84,170.56,168.80,168.95,1764400,41.48
2013-04-08,168.85,169.97,168.34,169.97,1438000,41.73
2013-04-05,167.76,169.51,166.07,169.07,2506000,41.51
2013-04-04,168.50,169.83,167.82,169.75,1677200,41.67
2013-04-03,168.18,169.58,167.49,168.22,2413200,41.30
2013-04-02,165.71,168.25,165.52,167.93,1242000,41.23
2013-04-01,167.76,167.78,164.50,165.61,1946000,40.66
2013-03-28,166.47,168.65,165.91,167.75,2354800,41.18
2013-03-27,164.67,166.16,164.50,165.96,1249200,40.74
2013-03-26,166.23,166.23,164.29,165.70,1428800,40.68
2013-03-25,166.80,167.70,163.28,165.65,4143200,40.67
2013-03-22,167.46,168.82,165.85,166.12,3139600,40.78
2013-03-21,166.37,166.49,163.76,166.28,2215600,40.82
2013-03-20,166.50,166.89,165.41,166.40,2320000,40.85
2013-03-19,164.08,165.82,163.35,165.67,3269600,40.67
2013-03-18,164.59,165.05,162.47,163.69,2128800,40.19
2013-03-15,163.87,166.24,163.60,165.26,3730800,40.57
2013-03-14,164.59,165.83,163.75,165.04,2476400,40.52
2013-03-13,162.35,164.66,162.19,164.11,2436400,40.29
2013-03-12,161.05,163.16,160.96,162.90,2644800,39.99
2013-03-11,162.52,163.05,160.66,161.75,2480400,39.71
2013-03-08,162.75,163.28,161.41,162.82,2362800,39.97
2013-03-07,163.42,164.22,161.28,162.50,2486000,39.89
2013-03-06,163.38,164.92,162.53,163.17,2004800,40.06
2013-03-05,164.00,165.15,162.81,164.26,3118000,40.11
2013-03-04,160.76,163.52,160.76,163.40,2213600,39.90
2013-03-01,161.25,161.25,159.38,160.69,3230000,39.24
2013-02-28,160.67,162.10,159.75,161.26,2650000,39.38
2013-02-27,156.50,160.99,156.21,160.86,3697600,39.28
2013-02-26,155.58,158.88,155.58,158.03,2511600,38.59
2013-02-25,159.76,160.52,157.52,157.53,2760800,38.47
2013-02-22,160.25,160.41,156.79,158.54,2104000,38.72
2013-02-21,159.50,160.74,158.02,158.97,3322000,38.82
2013-02-20,163.74,163.74,160.16,160.43,3819600,39.18
2013-02-19,158.35,163.38,158.20,163.38,5696800,39.90
2013-02-15,154.15,159.49,153.83,157.88,6417200,38.56
2013-02-14,151.88,153.53,150.30,152.81,4635600,37.32
2013-02-13,152.66,153.09,151.55,152.32,2684400,37.20
2013-02-12,152.48,153.97,151.88,152.68,2640800,37.29
2013-02-11,152.33,152.90,150.87,152.09,2484400,37.14
2013-02-08,153.98,154.86,152.26,153.03,3831600,37.37
2013-02-07,151.26,154.46,150.50,153.89,4786400,37.58
2013-02-06,149.10,153.09,148.76,151.26,4864000,36.94
2013-02-05,147.13,149.54,147.12,148.74,3416000,36.32
2013-02-04,147.60,149.73,146.71,147.03,4133600,35.91
2013-02-01,149.14,149.14,147.41,147.87,3346400,36.11
2013-01-31,146.01,148.85,146.01,147.58,3971600,36.04
2013-01-30,146.46,147.85,145.72,145.74,2762000,35.59
2013-01-29,147.89,148.04,146.38,147.00,2946000,35.90
2013-01-28,148.72,148.84,146.47,147.69,3769200,36.07
2013-01-25,145.84,149.22,145.00,148.97,5243200,36.38
2013-01-24,150.60,151.04,142.79,145.78,8147200,35.60
2013-01-23,147.64,150.90,146.65,150.76,3945600,36.82
2013-01-22,148.32,149.16,147.39,148.89,4141200,36.36
2013-01-18,151.18,151.18,147.31,147.94,7368000,36.13
2013-01-17,153.18,153.50,148.65,151.13,4423600,36.91
2013-01-16,154.13,154.47,152.16,152.90,1736800,37.34
2013-01-15,153.35,155.71,152.45,153.89,3933200,37.58
2013-01-14,148.99,154.00,148.01,153.88,2991600,37.58
2013-01-11,151.81,151.81,148.96,149.00,2790800,36.39
2013-01-10,148.14,150.93,147.39,150.92,3491200,36.86
2013-01-09,149.58,150.25,147.22,147.70,3810800,36.07
2013-01-08,149.10,150.74,148.54,149.29,3527600,36.46
2013-01-07,152.24,152.67,148.28,149.38,4676800,36.48
2013-01-04,152.50,154.00,151.21,153.81,2711600,37.56
2013-01-03,150.78,152.25,150.25,151.79,3161200,37.07
2013-01-02,153.03,154.16,147.13,150.36,4928000,36.72
2012-12-31,147.66,151.49,147.51,150.97,2195200,36.87
2012-12-28,149.19,150.47,147.77,148.29,1911200,36.21
2012-12-27,148.23,150.61,147.40,150.15,2359200,36.67
2012-12-26,150.08,150.61,146.11,148.01,2472800,36.15
2012-12-24,150.09,150.57,148.50,150.06,814000,36.65
2012-12-21,150.49,150.99,148.68,150.10,3153200,36.66
2012-12-20,151.41,151.67,148.30,150.65,2556400,36.79
2012-12-19,152.23,153.86,151.15,151.22,2934000,36.93
2012-12-18,151.64,153.30,151.26,151.84,2896000,37.08
2012-12-17,148.15,151.16,147.92,151.11,3212000,36.90
2012-12-14,149.24,150.00,146.90,148.18,3128400,36.19
2012-12-13,149.69,150.40,147.00,147.44,2461200,36.01
2012-12-12,151.77,151.77,148.61,149.72,2593200,36.56
2012-12-11,149.04,151.41,148.62,151.30,3486800,36.95
2012-12-10,152.30,152.57,146.84,148.65,6568000,36.30
2012-12-07,153.20,153.77,150.52,152.61,3425600,37.27
2012-12-06,153.94,155.61,152.64,153.00,4262800,37.36
2012-12-05,156.17,158.39,152.93,154.84,4385200,37.60
2012-12-04,160.65,160.97,155.71,156.19,2644400,37.93
2012-12-03,161.74,162.31,160.64,161.05,2214800,39.11
2012-11-30,161.98,162.07,159.23,160.51,3168000,38.98
2012-11-29,162.51,162.51,160.04,161.79,2732800,39.29
2012-11-28,155.75,162.25,155.55,162.10,2952400,39.36
2012-11-27,153.21,157.46,152.04,155.94,2910000,37.87
2012-11-26,158.11,159.33,155.50,157.28,2849200,38.19
2012-11-23,157.37,158.57,157.13,158.53,758800,38.50
2012-11-21,158.03,158.73,156.24,156.83,1432400,38.08
2012-11-20,157.03,157.95,156.16,157.57,2107200,38.26
2012-11-19,155.86,158.48,155.68,156.99,4422000,38.12
2012-11-16,154.03,156.28,153.45,155.82,2267200,37.84
2012-11-15,154.18,156.23,153.01,153.87,1670000,37.36
2012-11-14,157.33,158.68,153.50,154.48,2699200,37.51
2012-11-13,159.27,159.27,155.53,156.54,2877200,38.01
2012-11-12,160.04,160.25,154.73,159.68,4418400,38.78
2012-11-09,153.16,155.24,152.76,152.93,3160800,37.14
2012-11-08,157.59,157.59,153.28,153.46,2576800,37.27
2012-11-07,159.27,159.83,156.20,157.58,2096400,38.27
2012-11-06,158.36,160.67,157.94,160.67,1248800,39.02
2012-11-05,157.73,159.46,157.32,158.69,934400,38.54
2012-11-02,160.15,161.49,157.95,157.96,1580000,38.36
2012-11-01,157.70,160.71,156.00,159.71,2480000,38.78
2012-10-31,159.03,159.98,154.85,156.48,3393200,38.00
2012-10-26,155.32,155.50,153.00,154.64,2009600,37.55
2012-10-25,157.63,158.40,154.71,155.19,1893600,37.69
2012-10-24,155.89,156.77,153.20,156.73,4066800,38.06
2012-10-23,158.42,158.75,154.05,155.67,4454000,37.80
2012-10-22,161.28,162.62,154.46,159.46,8322000,38.72
2012-10-19,168.52,168.93,165.65,166.77,3850000,40.50
2012-10-18,168.93,169.19,167.06,168.83,1784400,41.00
2012-10-17,167.95,169.82,166.93,168.86,1694400,41.01
2012-10-16,164.22,168.32,164.22,168.28,2698000,40.86
2012-10-15,161.89,164.54,160.97,163.65,2102400,39.74
2012-10-12,160.32,162.64,160.00,161.73,1898000,39.27
2012-10-11,160.97,161.34,159.95,160.03,1064400,38.86
2012-10-10,160.41,161.48,159.31,159.58,1061200,38.75
2012-10-09,161.35,162.52,159.77,160.06,1192400,38.87
2012-10-08,162.95,163.06,161.02,161.21,1027200,39.15
2012-10-05,163.69,163.99,161.89,162.81,1519200,39.54
2012-10-04,161.33,163.85,160.86,162.95,2484800,39.57
2012-10-03,161.48,162.00,160.31,160.59,1538000,39.00
2012-10-02,158.63,161.23,157.87,161.21,2054400,39.15
2012-10-01,159.06,161.09,157.93,158.64,1703200,38.52
2012-09-28,159.08,160.36,156.87,159.36,2333200,38.70
2012-09-27,159.01,161.28,158.57,160.44,1623600,38.96
2012-09-26,157.79,159.80,157.52,158.68,1992800,38.53
2012-09-25,158.64,159.89,157.55,157.76,2674000,38.31
2012-09-24,158.10,158.70,157.15,157.21,2350000,38.18
2012-09-21,160.45,160.93,158.29,158.49,2905600,38.49
2012-09-20,160.59,161.31,157.99,160.20,2022400,38.90
2012-09-19,160.33,162.77,159.02,160.73,2136800,39.03
2012-09-18,163.21,163.50,159.44,160.53,2858000,38.98
2012-09-17,163.57,163.83,161.63,163.65,2280400,39.74
2012-09-14,161.25,164.35,160.39,164.33,4192000,39.90
2012-09-13,156.03,162.13,155.44,161.01,4086400,39.10
2012-09-12,156.01,156.72,154.68,155.61,1862400,37.79
2012-09-11,153.91,155.79,152.87,155.75,2334800,37.82
2012-09-10,153.25,156.31,152.97,154.92,2316400,37.62
2012-09-07,152.97,153.95,152.67,153.87,2019200,37.36
2012-09-06,150.98,152.96,150.62,152.75,1899600,37.09
2012-09-05,151.77,152.21,150.77,151.30,1114400,36.57
2012-09-04,152.40,152.57,150.42,151.26,1528400,36.56
2012-08-31,152.81,153.71,151.69,152.68,1682400,36.90
2012-08-30,152.30,152.72,150.34,152.33,1968000,36.81
2012-08-29,152.55,153.43,151.94,152.88,2139600,36.95
2012-08-28,150.01,153.10,149.67,152.94,2770800,36.96
2012-08-27,150.32,150.49,149.15,149.74,2274800,36.19
2012-08-24,148.49,150.38,148.25,150.22,1896000,36.31
2012-08-23,149.04,149.13,147.44,148.52,2303200,35.89
2012-08-22,149.04,149.42,147.72,149.18,1694400,36.05
2012-08-21,150.63,151.35,149.23,149.64,1623600,36.16
2012-08-20,153.61,153.61,148.90,149.73,3184000,36.19
2012-08-17,151.01,153.11,150.68,153.03,1603600,36.98
2012-08-16,149.19,151.74,148.62,151.04,1960000,36.50
2012-08-15,149.40,150.00,148.90,149.25,1450800,36.07
2012-08-14,150.40,151.51,149.24,149.36,2105600,36.10
2012-08-13,147.00,149.59,146.63,149.58,1488800,36.15
2012-08-10,148.99,149.20,146.46,147.33,2680800,35.61
2012-08-09,149.36,150.00,147.78,149.18,2268800,36.05
2012-08-08,150.01,150.28,149.27,149.92,2387200,36.23
2012-08-07,150.53,154.15,150.41,151.50,2598000,36.61
2012-08-06,149.63,150.35,149.31,149.71,1737200,36.18
2012-08-03,147.89,149.59,147.61,149.06,1281600,36.02
2012-08-02,145.38,148.07,144.76,146.45,2562400,35.39
2012-08-01,149.70,150.25,145.61,145.77,3582000,35.23
2012-07-31,149.72,150.05,147.52,149.30,3258000,36.08
2012-07-30,150.39,151.28,149.33,150.25,2319600,36.31
2012-07-27,149.44,150.85,148.75,150.15,3318000,36.29
2012-07-26,149.08,150.71,147.13,148.91,2577600,35.99
2012-07-25,148.87,149.48,146.40,147.28,2520000,35.59
2012-07-24,149.81,150.10,147.13,148.41,2802000,35.87
2012-07-23,147.96,150.77,147.02,150.12,3678000,36.28
2012-07-20,152.97,152.97,149.11,150.45,3973600,36.36
2012-07-19,145.62,152.91,145.23,152.42,9735600,36.84
2012-07-18,140.05,143.01,138.98,141.81,3891600,34.27
2012-07-17,139.47,140.99,139.47,140.50,3085600,33.96
2012-07-16,138.83,140.52,138.61,139.20,1990400,33.64
2012-07-13,137.35,140.27,136.52,139.87,2188800,33.80
2012-07-12,134.68,137.08,133.71,136.11,2910800,32.89
2012-07-11,137.31,137.31,133.36,135.69,4485200,32.79
2012-07-10,138.10,141.24,136.50,137.24,5222400,33.17
2012-07-09,135.11,135.90,133.20,134.00,4280800,32.38
2012-07-06,134.01,135.00,133.36,135.00,9132400,32.63
2012-07-05,132.25,135.37,131.48,134.85,8004800,32.59
2012-07-03,131.39,132.78,129.53,131.32,3233600,31.74
2012-07-02,132.37,133.67,131.34,131.90,6530000,31.88
2012-06-29,135.92,137.51,132.43,133.45,9350000,32.25
2012-06-28,137.84,138.13,132.56,134.00,4939200,32.38
2012-06-27,138.59,140.04,137.07,138.53,2094000,33.48
2012-06-26,140.88,141.29,138.22,138.65,2863200,33.51
2012-06-25,141.97,142.44,139.76,140.15,3922000,33.87
2012-06-22,141.25,143.68,140.00,143.56,7518400,34.70
2012-06-21,142.43,143.26,139.55,139.88,2609600,33.81
2012-06-20,142.40,143.94,141.00,142.50,2893200,34.44
2012-06-19,142.44,144.51,141.79,142.43,2840400,34.42
2012-06-18,140.06,141.55,138.92,141.17,2331600,34.12
2012-06-15,139.75,141.02,138.65,140.91,3352400,34.05
2012-06-14,144.82,144.82,138.05,139.75,3147600,33.77
2012-06-13,140.00,140.87,137.21,138.08,2558000,33.37
2012-06-12,138.95,140.34,137.66,139.98,1927200,33.83
2012-06-11,140.81,140.85,137.93,138.06,1840800,33.37
2012-06-08,138.24,139.76,137.15,139.68,2490800,33.76
2012-06-07,140.80,141.00,137.91,139.31,2198800,33.67
2012-06-06,139.00,139.74,138.07,139.52,2184000,33.72
2012-06-05,135.70,138.36,135.18,137.99,2066000,33.18
2012-06-04,134.56,136.53,133.50,136.16,3016000,32.74
2012-06-01,137.99,138.77,133.83,134.35,3716000,32.30
2012-05-31,140.68,141.55,138.56,141.04,1903200,33.91
2012-05-30,142.13,142.33,140.42,140.82,1768400,33.86
2012-05-29,141.91,143.69,140.86,143.54,2278800,34.51
2012-05-25,141.71,142.36,140.09,141.20,1939200,33.95
2012-05-24,140.36,143.85,140.02,141.61,2946400,34.05
2012-05-23,139.06,141.17,136.96,139.43,3348000,33.52
2012-05-22,137.98,142.60,137.98,139.51,5102400,33.54
2012-05-21,134.47,137.24,133.46,137.10,3844800,32.96
2012-05-18,134.19,136.84,133.50,133.83,3563200,32.18
2012-05-17,137.85,138.35,133.44,133.96,4723200,32.21
2012-05-16,138.10,138.97,136.72,138.00,4342800,33.18
2012-05-15,138.43,139.71,137.28,137.44,2914000,33.04
2012-05-14,137.64,139.66,136.70,138.88,3216400,33.39
2012-05-11,138.96,140.70,138.51,139.34,2292400,33.50
2012-05-10,141.79,142.63,139.16,139.38,3604000,33.51
2012-05-09,139.97,141.71,139.46,139.97,4652800,33.65
2012-05-08,145.25,145.25,138.42,141.86,5454000,34.11
2012-05-07,147.70,149.30,147.04,147.42,2848000,35.44
2012-05-04,152.40,152.51,148.24,148.61,3434800,35.73
2012-05-03,155.51,155.75,153.23,153.57,1988400,36.92
2012-05-02,153.22,156.15,152.76,155.71,2136400,37.44
2012-05-01,152.71,154.37,150.78,153.32,3622000,36.86
2012-04-30,154.37,154.89,151.65,152.05,2153200,36.56
2012-04-27,154.98,155.84,150.44,154.20,5447600,37.07
2012-04-26,149.93,154.35,149.93,154.00,5016000,37.02
2012-04-25,147.34,149.88,147.34,149.27,3206400,35.89
2012-04-24,150.02,150.35,146.52,147.01,2654000,35.34
2012-04-23,150.20,150.34,147.75,150.12,2681600,36.09
2012-04-20,149.47,151.33,149.16,151.03,2401600,36.31
2012-04-19,149.10,150.27,148.17,149.14,2033200,35.86
2012-04-18,149.60,149.85,148.40,149.00,3234800,35.82
2012-04-17,149.18,150.57,148.96,150.00,1845600,36.06
2012-04-16,149.45,150.51,148.51,148.96,3510000,35.81
2012-04-13,146.35,149.42,146.25,149.04,3217200,35.83
2012-04-12,145.34,146.85,144.78,146.72,2196000,35.27
2012-04-11,146.60,146.62,145.02,145.32,2241200,34.94
2012-04-10,148.62,148.99,144.15,144.52,3489200,34.75
2012-04-09,147.70,149.52,147.57,148.84,2416800,35.78
2012-04-05,143.03,151.56,143.03,150.34,4086400,36.14
2012-04-04,148.66,149.37,147.49,148.68,2204800,35.75
2012-04-03,148.69,150.17,147.88,149.82,3399600,36.02
2012-04-02,145.26,149.97,144.19,149.15,3052000,35.86
2012-03-30,149.32,149.75,145.93,145.98,5709600,35.10
2012-03-29,148.37,148.64,146.81,148.46,3487600,35.69
2012-03-28,150.67,151.00,147.95,148.86,3776000,35.79
2012-03-27,152.00,152.50,150.29,150.82,4394400,36.26
2012-03-26,147.98,151.82,147.98,151.35,4715200,36.39
2012-03-23,148.27,149.58,145.48,147.00,5008400,35.34
2012-03-22,148.48,149.45,147.56,148.99,3858000,35.82
2012-03-21,148.75,149.83,148.19,148.94,2990000,35.81
2012-03-20,147.41,149.22,147.24,148.75,3150000,35.76
2012-03-19,147.40,148.42,146.65,147.89,3266400,35.56
2012-03-16,147.60,149.85,147.07,147.72,5781600,35.51
2012-03-15,146.97,147.89,145.44,147.63,3634800,35.49
2012-03-14,147.27,148.56,146.41,146.98,3583200,35.34
2012-03-13,147.05,148.55,146.59,148.45,4566400,35.69
2012-03-12,145.51,147.49,145.07,146.76,4956800,35.28
2012-03-09,146.90,147.47,145.78,145.80,3681600,35.05
2012-03-08,145.27,147.31,145.13,146.35,2951200,35.19
2012-03-07,144.85,145.68,144.18,144.98,3672000,34.86
2012-03-06,145.73,146.50,144.63,144.85,3902400,34.65
2012-03-05,146.62,147.59,146.32,146.95,3302400,35.15
2012-03-02,147.22,147.77,146.67,147.26,4249600,35.23
2012-03-01,147.20,147.97,146.25,147.24,4588400,35.22
2012-02-29,147.46,147.51,146.04,146.05,4212000,34.94
2012-02-28,148.08,148.59,146.51,147.47,4795200,35.28
2012-02-27,145.53,150.00,145.16,148.09,3841200,35.43
2012-02-24,143.67,146.56,143.24,146.42,4170000,35.03
2012-02-23,144.81,145.44,143.53,143.86,4366400,34.41
2012-02-22,144.41,145.50,143.72,144.75,3537600,34.63
2012-02-21,147.05,147.24,143.91,144.84,3525600,34.65
2012-02-17,148.78,149.47,146.18,147.05,5183200,35.18
2012-02-16,143.74,148.84,143.63,147.92,9480800,35.39
2012-02-15,144.43,146.63,143.04,143.25,5519200,34.27
2012-02-14,141.22,143.67,141.08,143.63,3554400,34.36
2012-02-13,142.16,142.79,140.74,142.75,3356800,34.15
2012-02-10,140.99,142.22,140.12,141.02,4092000,33.74
2012-02-09,140.48,142.49,139.54,142.33,4656800,34.05
2012-02-08,137.22,141.91,137.00,139.63,6559600,33.40
2012-02-07,133.17,135.88,132.25,135.57,4670800,32.43
2012-02-06,133.21,133.70,132.00,132.76,3910400,31.76
2012-02-03,130.88,134.00,130.72,133.39,4043600,31.91
2012-02-02,130.01,131.49,129.27,129.96,3930000,31.09
2012-02-01,131.46,133.06,130.46,130.60,5552400,31.24
2012-01-31,131.12,132.40,130.94,131.49,2432000,31.46
2012-01-30,130.00,131.60,128.92,131.00,2202400,31.34
2012-01-27,131.08,131.80,130.10,130.81,2104000,31.29
2012-01-26,134.42,134.42,130.51,131.54,4257200,31.47
2012-01-25,132.60,134.37,131.61,134.22,2537200,32.11
2012-01-24,131.86,133.72,130.28,132.56,3781200,31.71
2012-01-23,133.61,135.58,131.65,132.33,2331200,31.66
2012-01-20,133.06,134.33,132.26,133.53,2578800,31.94
2012-01-19,133.32,134.51,131.30,133.09,3244400,31.84
2012-01-18,132.29,133.72,130.36,133.27,2466400,31.88
2012-01-17,132.99,133.11,131.82,132.67,3448800,31.74
2012-01-13,131.96,133.07,131.65,131.94,2886800,31.56
2012-01-12,131.57,133.21,131.03,132.99,3753600,31.81
2012-01-11,133.73,133.96,131.00,131.72,5341600,31.51
2012-01-10,134.82,135.49,132.86,133.99,3209600,32.05
2012-01-09,133.99,135.05,133.17,134.86,2593600,32.26
2012-01-06,135.32,135.35,133.50,133.67,2067600,31.98
2012-01-05,135.00,135.42,132.24,135.21,4047600,32.35
2012-01-04,129.73,135.57,129.62,135.38,5984800,32.39
2012-01-03,131.03,132.97,129.19,129.67,4134800,31.02
2011-12-30,128.10,128.70,126.94,126.99,2550400,30.38
2011-12-29,128.43,129.34,127.00,128.67,2857600,30.78
2011-12-28,130.50,131.18,128.78,129.02,1924800,30.86
2011-12-27,129.03,130.86,128.43,130.56,1808000,31.23
2011-12-23,126.99,129.12,126.80,129.01,2160000,30.86
2011-12-22,128.26,128.77,125.55,126.64,5100000,30.30
2011-12-21,128.95,129.38,126.44,128.37,4926800,30.71
2011-12-20,131.15,131.78,127.82,129.17,5477200,30.90
2011-12-19,129.50,131.40,129.15,129.49,4862000,30.98
2011-12-16,130.92,131.69,127.57,128.48,17291200,30.74
2011-12-15,131.33,131.50,129.22,130.23,4272800,31.15
2011-12-14,130.70,131.83,130.13,130.40,4553200,31.19
2011-12-13,137.49,137.93,130.62,131.59,4678400,31.48
2011-12-12,134.99,135.71,133.19,135.44,3350000,32.40
2011-12-09,135.89,136.88,133.54,136.65,2872000,32.69
2011-12-08,137.37,139.56,134.71,135.09,5141200,32.32
2011-12-07,138.47,138.83,136.02,137.85,9048000,32.98
2011-12-06,139.48,140.00,137.90,139.21,5374000,33.13
2011-12-05,140.56,142.00,139.60,140.25,6832000,33.38
2011-12-02,139.66,141.35,138.43,138.57,4304800,32.98
2011-12-01,137.96,139.55,137.07,138.05,3930400,32.85
2011-11-30,138.26,139.39,136.86,138.69,4788400,33.01
2011-11-29,134.14,134.89,132.44,134.23,3409200,31.94
2011-11-28,129.65,134.49,129.64,134.44,4040800,31.99
2011-11-25,127.61,128.09,126.19,126.24,1036400,30.04
2011-11-23,127.90,129.16,127.36,128.07,2956800,30.48
2011-11-22,128.39,129.50,127.22,128.39,3501600,30.55
2011-11-21,130.51,130.93,128.02,128.51,4116000,30.58
2011-11-18,132.94,133.56,130.20,131.75,3077200,31.35
2011-11-17,134.05,134.97,130.86,132.99,2830400,31.65
2011-11-16,134.65,136.49,133.72,134.30,3263200,31.96
2011-11-15,135.05,137.22,134.55,136.19,2214400,32.41
2011-11-14,135.70,136.72,135.01,135.74,2325600,32.30
2011-11-11,134.50,137.47,133.35,136.15,2984400,32.40
2011-11-10,132.25,133.32,130.64,132.90,3394000,31.63
2011-11-09,133.24,133.53,130.69,131.05,3429600,31.19
2011-11-08,136.33,136.76,133.16,135.96,3143600,32.36
2011-11-07,136.00,137.80,133.74,135.38,3694000,32.22
2011-11-04,139.36,140.84,136.08,136.96,4120000,32.59
2011-11-03,139.98,141.34,135.37,141.04,5761600,33.57
2011-11-02,137.53,139.23,135.93,139.06,4706800,33.09
2011-11-01,135.12,137.62,134.12,135.50,4310400,32.25
2011-10-31,139.31,142.50,138.22,138.22,4757600,32.89
2011-10-28,138.55,140.59,136.82,140.17,5980000,33.36
2011-10-27,137.94,139.81,136.44,138.98,4999600,33.08
2011-10-26,136.19,137.85,132.68,133.94,4774000,31.88
2011-10-25,137.02,137.42,132.49,132.90,5522400,31.63
2011-10-24,138.00,139.64,132.64,136.99,7094400,32.60
2011-10-21,132.55,134.00,130.34,132.69,5190000,31.58
2011-10-20,129.58,132.03,127.51,131.70,4365600,31.34
2011-10-19,131.20,132.31,128.43,128.88,4088800,30.67
2011-10-18,130.95,133.80,127.05,131.86,3389200,31.38
2011-10-17,133.49,133.79,130.47,130.76,2109600,31.12
2011-10-14,132.64,134.00,132.02,133.95,2309600,31.88
2011-10-13,129.46,131.80,129.34,131.65,3819200,31.33
2011-10-12,132.13,134.61,130.13,130.76,4320000,31.12
2011-10-11,132.41,133.62,130.28,131.36,2936000,31.26
2011-10-10,131.33,133.66,130.63,133.02,4688800,31.66
2011-10-07,129.19,132.26,128.41,129.48,4646800,30.81
2011-10-06,126.37,129.00,124.91,128.71,3271200,30.63
2011-10-05,124.18,126.69,121.19,126.18,4543200,30.03
2011-10-04,117.26,123.67,115.91,123.63,6036400,29.42
2011-10-03,120.36,124.24,117.62,118.22,4749600,28.13
2011-09-30,123.72,126.18,121.52,121.52,4652400,28.92
2011-09-29,129.30,129.93,120.63,125.56,4899200,29.88
2011-09-28,130.09,131.86,126.30,126.33,3862800,30.06
2011-09-27,129.10,132.82,128.38,130.26,7010400,31.00
2011-09-26,125.72,127.49,123.01,127.33,4385200,30.30
2011-09-23,118.82,126.45,118.63,125.09,6837600,29.77
2011-09-22,117.65,120.58,116.89,118.77,3912800,28.27
2011-09-21,125.99,127.05,120.87,120.98,3508800,28.79
2011-09-20,126.94,129.71,125.25,126.63,4616800,30.14
2011-09-19,122.80,127.25,122.04,126.72,3772000,30.16
2011-09-16,124.43,125.62,123.28,124.68,5156400,29.67
2011-09-15,123.14,125.25,121.87,124.18,5464400,29.55
2011-09-14,119.57,123.85,118.37,122.35,4908800,29.12
2011-09-13,115.93,119.56,115.11,119.14,3966800,28.35
2011-09-12,111.31,115.38,111.12,115.23,3001600,27.42
2011-09-09,114.64,116.75,112.14,113.40,4253200,26.99
2011-09-08,115.84,119.94,115.24,116.60,7982000,27.75
2011-09-07,113.79,116.32,112.50,116.27,3466800,27.67
2011-09-06,110.31,112.46,107.57,112.29,3594000,26.57
2011-09-02,113.43,113.95,111.96,112.55,3115600,26.63
2011-09-01,117.45,118.76,115.26,115.58,4095200,27.35
2011-08-31,118.00,119.81,116.19,117.06,4047600,27.70
2011-08-30,116.96,117.87,115.84,117.12,4187600,27.72
2011-08-29,114.09,117.00,112.96,116.85,4425200,27.65
2011-08-26,110.12,114.14,108.33,114.07,3288400,26.99
2011-08-25,113.68,114.17,110.08,110.61,2908000,26.18
2011-08-24,111.10,113.53,110.52,113.46,4150400,26.85
2011-08-23,106.51,111.59,105.40,111.59,4204800,26.41
2011-08-22,105.95,106.92,104.36,105.41,4487600,24.95
2011-08-19,104.02,108.51,104.02,104.21,5718000,24.66
2011-08-18,107.66,107.66,104.31,106.03,5021600,25.09
2011-08-17,112.10,113.60,109.36,110.71,3646400,26.20
2011-08-16,112.89,112.94,111.23,112.19,2983200,26.55
2011-08-15,111.70,113.43,110.43,113.35,3432000,26.82
2011-08-12,109.59,112.03,108.86,111.15,3038000,26.30
2011-08-11,105.47,110.75,103.75,109.24,6325200,25.85
2011-08-10,107.48,108.99,103.97,104.20,5977600,24.66
2011-08-09,105.39,109.37,101.74,109.15,6810400,25.83
2011-08-08,108.26,110.39,102.72,103.88,5375200,24.58
2011-08-05,110.68,112.04,107.13,111.37,5411600,26.36
2011-08-04,112.98,113.51,109.04,109.12,5551600,25.82
2011-08-03,112.79,114.75,110.39,114.59,4013600,27.12
2011-08-02,115.50,116.87,112.63,112.70,3285200,26.67
2011-08-01,117.96,118.00,114.88,116.63,3672400,27.60
2011-07-29,116.31,117.94,115.16,116.80,4475200,27.64
2011-07-28,115.43,118.28,115.43,117.06,3537600,27.70
2011-07-27,116.79,117.22,114.31,115.03,4285200,27.22
2011-07-26,119.00,119.00,117.25,117.62,3865600,27.83
2011-07-25,119.59,120.25,118.39,119.07,3662000,28.18
2011-07-22,120.86,121.22,119.73,120.50,4208400,28.52
2011-07-21,119.75,131.30,118.66,121.05,10374000,28.65
2011-07-20,115.71,115.96,113.65,114.44,4158800,27.08
2011-07-19,113.64,115.46,113.48,115.41,5482800,27.31
2011-07-18,111.96,113.93,111.80,112.85,8936400,26.71
2011-07-15,114.13,114.13,111.62,111.85,6393200,26.47
2011-07-14,115.52,115.52,112.67,113.85,6188400,26.94
2011-07-13,115.76,117.09,114.44,115.00,7395200,27.21
2011-07-12,113.68,116.86,112.92,115.06,5988000,27.23
2011-07-11,112.09,114.51,111.87,113.60,5114000,26.88
2011-07-08,112.13,113.33,111.81,113.32,2582400,26.82
2011-07-07,111.96,113.77,111.92,113.58,3884000,26.88
2011-07-06,110.40,111.69,109.95,111.22,1859600,26.32
2011-07-05,111.32,111.97,110.19,111.10,2302000,26.29
2011-07-01,108.12,111.57,108.12,111.41,3175600,26.37
2011-06-30,107.76,109.73,107.40,108.56,3280400,25.69
2011-06-29,107.28,108.19,106.28,107.62,2950000,25.47
2011-06-28,105.49,106.93,105.41,106.91,2618800,25.30
2011-06-27,105.00,106.25,104.59,105.04,3088400,24.86
2011-06-24,104.84,105.65,103.94,105.14,5350800,24.88
2011-06-23,103.47,104.65,102.50,104.47,3100400,24.72
2011-06-22,105.45,106.17,104.43,104.52,2948800,24.73
2011-06-21,104.87,106.93,104.87,105.54,4168400,24.98
2011-06-20,102.33,105.54,102.25,104.91,4381200,24.83
2011-06-17,101.86,104.36,101.86,102.80,6610800,24.33
2011-06-16,100.76,101.18,99.19,100.96,5879200,23.89
2011-06-15,101.06,101.70,100.27,100.84,4676000,23.86
2011-06-14,102.60,102.99,100.86,101.79,5150400,24.09
2011-06-13,103.04,104.50,100.35,101.01,16839200,23.90
2011-06-10,92.97,93.72,91.62,91.80,4783200,21.72
2011-06-09,92.21,93.98,92.01,93.20,4603200,22.06
2011-06-08,92.96,93.08,91.60,91.77,3765600,21.72
2011-06-07,94.31,95.13,93.80,93.88,3720000,22.07
2011-06-06,94.70,95.26,93.82,93.90,2537200,22.07
2011-06-03,95.04,96.70,94.79,95.01,2234400,22.33
2011-06-02,96.79,97.68,95.58,95.87,2174000,22.54
2011-06-01,99.74,100.46,97.08,97.21,3436800,22.85
2011-05-31,99.71,99.95,98.95,99.67,3619200,23.43
2011-05-27,98.23,99.08,98.10,98.82,2585200,23.23
2011-05-26,95.90,98.29,95.51,97.99,3456000,23.03
2011-05-25,95.08,96.00,94.31,95.54,4588800,22.46
2011-05-24,97.70,98.38,97.22,97.56,2262000,22.93
2011-05-23,96.60,98.04,96.39,97.51,3603600,22.92
2011-05-20,101.34,101.60,96.77,97.44,7171600,22.90
2011-05-19,101.62,102.33,101.05,102.19,2013600,24.02
2011-05-18,100.64,101.64,99.88,101.60,1502000,23.88
2011-05-17,100.46,101.10,99.37,100.23,2267600,23.56
2011-05-16,100.85,101.46,100.55,100.66,1915200,23.66
2011-05-13,102.28,102.56,100.75,101.02,2154400,23.75
2011-05-12,100.04,102.50,99.42,102.35,3752000,24.06
2011-05-11,100.66,100.77,99.30,99.89,2374400,23.48
2011-05-10,99.90,100.86,99.79,100.50,2139200,23.62
2011-05-09,100.00,100.66,99.69,99.90,2577600,23.48
2011-05-06,100.94,101.45,99.55,99.73,4036800,23.44
2011-05-05,98.58,100.98,97.94,100.54,5769600,23.63
2011-05-04,98.79,99.60,97.71,98.92,4121600,23.25
2011-05-03,99.74,100.96,98.27,98.95,5090800,23.26
2011-05-02,102.07,102.07,99.73,100.02,4797600,23.51
2011-04-29,103.98,104.24,100.21,100.56,10593200,23.64
2011-04-28,107.58,108.87,106.56,108.66,5844400,25.54
2011-04-27,105.02,107.75,105.00,107.51,4506000,25.27
2011-04-26,103.42,105.07,103.42,105.01,3757600,24.68
2011-04-25,104.21,106.15,103.71,103.91,4513200,24.43
2011-04-21,103.65,103.96,102.68,103.50,2708000,24.33
2011-04-20,101.96,105.10,101.91,103.57,5266400,24.35
2011-04-19,99.49,100.91,99.25,100.74,3599600,23.68
2011-04-18,99.87,99.87,98.46,99.14,4019600,23.30
2011-04-15,100.28,101.66,100.22,100.95,4068000,23.73
2011-04-14,99.64,101.22,99.36,100.25,4266400,23.56
2011-04-13,99.45,100.22,99.07,100.03,3034400,23.51
2011-04-12,98.61,99.99,98.43,99.35,4494000,23.35
2011-04-11,97.45,99.89,97.44,99.29,3570000,23.34
2011-04-08,99.00,99.03,96.66,97.27,2315600,22.86
2011-04-07,98.55,99.00,97.49,98.46,2235600,23.14
2011-04-06,99.37,99.50,97.96,98.27,2428400,23.10
2011-04-05,98.89,99.71,98.06,99.06,2612400,23.29
2011-04-04,99.25,99.50,98.35,98.63,2520400,23.18
2011-04-01,97.88,99.98,97.76,98.90,4611600,23.25
2011-03-31,98.74,98.84,97.19,98.53,4835600,23.16
2011-03-30,96.66,99.36,96.59,99.17,5017600,23.31
2011-03-29,94.67,96.73,94.45,96.38,3004000,22.66
2011-03-28,95.46,96.44,94.65,94.73,2795200,22.27
2011-03-25,95.06,95.99,94.57,95.42,2735200,22.43
2011-03-24,94.87,95.58,93.86,95.16,2676800,22.37
2011-03-23,93.60,94.49,92.38,94.33,3140800,22.17
2011-03-22,93.86,94.32,93.48,93.80,2100800,22.05
2011-03-21,93.72,94.50,93.44,93.93,3008000,22.08
2011-03-18,95.46,95.48,92.20,93.00,5893600,21.86
2011-03-17,95.51,95.89,94.22,94.56,2789200,22.23
2011-03-16,95.76,96.73,94.15,94.53,3710000,22.22
2011-03-15,94.27,96.66,93.80,95.92,4043600,22.55
2011-03-14,97.72,97.98,96.12,96.56,3330400,22.70
2011-03-11,96.27,98.50,95.90,98.17,3106800,23.08
2011-03-10,96.68,98.82,96.15,96.93,4596800,22.78
2011-03-09,96.35,98.08,95.85,97.65,4817200,22.95
2011-03-08,96.52,97.49,96.15,96.69,4897200,22.58
2011-03-07,95.59,97.05,95.09,96.75,6254800,22.59
2011-03-04,95.96,96.47,95.07,95.69,4438400,22.35
2011-03-03,94.75,96.03,94.42,95.67,2624000,22.34
2011-03-02,94.22,94.81,93.37,94.04,3274000,21.96
2011-03-01,96.17,96.28,93.81,94.20,5607200,22.00
2011-02-28,95.33,95.87,94.95,95.67,5160800,22.34
2011-02-25,95.85,97.00,95.41,95.98,4278000,22.41
2011-02-24,95.08,96.32,94.80,96.00,6240800,22.42
2011-02-23,96.54,96.89,94.75,95.13,8152800,22.22
2011-02-22,93.81,100.24,93.81,96.52,21002800,22.54
2011-02-18,87.64,90.00,87.64,89.80,9652000,20.97
2011-02-17,86.28,88.00,85.60,87.61,4672000,20.46
2011-02-16,86.97,87.42,85.61,86.63,4377600,20.23
2011-02-15,86.47,86.94,85.81,86.78,2658400,20.27
2011-02-14,86.88,87.04,86.07,86.92,3276400,20.30
2011-02-11,87.55,87.55,86.45,87.13,4343200,20.35
2011-02-10,87.81,88.24,86.96,87.54,4510800,20.44
2011-02-09,87.42,89.75,87.42,88.12,5737200,20.58
2011-02-08,86.86,87.60,86.44,87.41,3088000,20.41
2011-02-07,86.81,87.18,86.33,86.49,4420800,20.20
2011-02-04,84.70,87.70,84.12,86.93,7292800,20.30
2011-02-03,83.89,85.00,83.87,84.43,3962000,19.72
2011-02-02,83.87,84.30,83.26,83.82,3642400,19.57
2011-02-01,83.11,84.23,82.78,84.12,5068400,19.64
2011-01-31,81.58,82.83,81.06,82.72,3512400,19.32
2011-01-28,82.60,82.76,81.23,81.45,5060800,19.02
2011-01-27,83.04,83.04,81.96,82.64,3835600,19.30
2011-01-26,81.82,83.10,81.15,82.68,6484000,19.31
2011-01-25,82.19,82.27,80.40,81.34,8348000,19.00
2011-01-24,81.90,82.93,81.79,82.54,3862400,19.28
2011-01-21,83.84,83.84,81.91,82.06,5185600,19.16
2011-01-20,82.90,83.94,82.64,83.60,5118800,19.52
2011-01-19,83.01,83.06,81.79,83.06,5200400,19.40
2011-01-18,84.02,84.12,82.26,82.78,3758800,19.33
2011-01-14,82.38,83.95,82.02,83.95,4480800,19.60
2011-01-13,83.00,83.27,82.02,82.35,5262800,19.23
2011-01-12,83.41,83.52,82.72,83.03,2533600,19.39
2011-01-11,83.18,83.18,82.05,82.76,4317200,19.33
2011-01-10,82.00,83.24,81.76,82.70,4721600,19.31
2011-01-07,82.84,83.37,81.41,82.11,10685200,19.18
2011-01-06,85.10,85.26,83.05,83.60,6875600,19.52
2011-01-05,85.12,85.61,84.37,85.14,4242400,19.88
2011-01-04,86.55,86.79,84.69,85.06,5488000,19.86
2011-01-03,86.63,86.77,85.77,86.36,5486800,20.17
2010-12-31,86.89,87.04,86.00,86.18,1751600,20.13
2010-12-30,86.84,87.15,86.66,86.86,1442800,20.28
2010-12-29,87.05,87.61,86.92,87.12,1852400,20.35
2010-12-28,86.95,87.09,86.30,86.85,2324800,20.28
2010-12-27,86.81,87.01,86.09,86.60,4478400,20.22
2010-12-23,86.95,87.42,86.44,86.89,3934000,20.29
2010-12-22,88.65,88.65,86.28,86.85,10919200,20.28
2010-12-21,89.46,89.74,88.71,88.79,4526800,20.74
2010-12-20,89.49,89.50,88.33,89.32,2897600,20.86
2010-12-17,88.34,89.50,88.20,89.21,4839600,20.83
2010-12-16,87.98,88.38,87.43,88.16,3040400,20.59
2010-12-15,87.38,88.47,87.19,87.60,3984400,20.46
2010-12-14,87.11,88.05,86.97,87.60,3496800,20.46
2010-12-13,86.58,88.00,86.45,87.46,4722800,20.42
2010-12-10,85.45,86.17,85.29,86.04,3278400,20.09
2010-12-09,85.90,85.91,85.26,85.59,2663600,19.99
2010-12-08,85.20,85.38,84.27,85.38,2825200,19.94
2010-12-07,86.19,86.91,85.60,85.64,5175200,19.85
2010-12-06,84.81,85.80,84.28,85.52,3105200,19.82
2010-12-03,85.10,85.36,83.76,84.96,3795200,19.69
2010-12-02,84.45,85.84,84.02,85.39,5214400,19.79
2010-12-01,84.13,84.78,83.88,83.99,5708800,19.47
2010-11-30,83.00,83.66,82.50,82.88,5342800,19.21
2010-11-29,83.96,85.11,81.85,83.33,4362000,19.32
2010-11-26,83.87,84.25,83.56,83.82,923200,19.43
2010-11-24,83.95,84.45,83.57,84.45,2339200,19.58
2010-11-23,82.62,83.24,82.07,82.95,3085600,19.23
2010-11-22,82.29,83.65,81.94,83.40,3059200,19.33
2010-11-19,81.72,82.57,80.81,82.55,3064000,19.14
2010-11-18,81.75,82.22,81.42,81.51,2715200,18.90
2010-11-17,78.99,80.97,78.98,80.70,3338400,18.71
2010-11-16,79.28,80.14,78.21,78.76,3982000,18.26
2010-11-15,79.79,81.08,79.50,79.76,3710000,18.49
2010-11-12,80.47,81.00,79.20,79.36,3618400,18.40
2010-11-11,79.96,81.05,79.76,80.86,5020400,18.74
2010-11-10,82.02,82.08,79.87,80.43,8800000,18.64
2010-11-09,84.53,84.53,82.73,83.03,3527200,19.25
2010-11-08,84.75,84.77,83.76,84.33,2994000,19.55
2010-11-05,83.69,85.52,83.69,84.97,2767200,19.70
2010-11-04,84.21,84.35,83.27,83.53,4296000,19.36
2010-11-03,83.62,83.64,81.92,83.11,3394800,19.27
2010-11-02,84.02,84.52,83.32,83.33,2444000,19.32
2010-11-01,83.75,84.34,82.64,83.27,2124000,19.30
2010-10-29,83.76,84.31,83.05,83.24,4266400,19.30
2010-10-28,83.49,83.91,82.41,83.84,5192000,19.44
2010-10-27,84.85,84.86,81.59,82.91,7074400,19.22
2010-10-26,84.73,86.20,84.48,85.64,4196000,19.85
2010-10-25,86.58,86.58,85.15,85.25,3300000,19.76
2010-10-22,85.48,86.36,85.12,86.00,3696400,19.94
2010-10-21,84.68,89.30,83.56,85.19,9130400,19.75
2010-10-20,86.22,87.69,85.87,87.46,7128400,20.27
2010-10-19,85.46,86.45,85.00,85.61,3440800,19.85
2010-10-18,86.12,86.76,85.58,86.57,2691600,20.07
2010-10-15,86.77,86.77,85.40,85.97,2822800,19.93
2010-10-14,84.62,86.11,84.62,85.94,3548000,19.92
2010-10-13,85.50,85.66,84.54,84.64,3062000,19.62
2010-10-12,85.04,85.16,83.83,84.87,3330800,19.67
2010-10-11,84.07,85.64,84.07,85.24,3222800,19.76
2010-10-08,82.35,84.73,82.10,84.33,2848800,19.55
2010-10-07,82.79,82.91,81.97,82.47,2494000,19.12
2010-10-06,82.52,82.76,81.75,82.31,2405200,19.08
2010-10-05,81.59,82.89,81.03,82.60,3643600,19.15
2010-10-04,80.82,81.56,80.42,80.81,3506400,18.73
2010-10-01,81.53,81.85,80.37,80.82,3053200,18.74
2010-09-30,81.50,81.91,80.33,81.02,3076000,18.78
2010-09-29,80.32,81.33,80.05,80.85,2690800,18.74
2010-09-28,79.68,80.88,78.52,80.72,2468000,18.71
2010-09-27,79.24,79.98,78.77,79.67,2942400,18.47
2010-09-24,78.33,79.02,78.29,79.02,3184800,18.32
2010-09-23,77.34,77.94,77.02,77.31,2283200,17.92
2010-09-22,78.71,79.03,77.53,77.94,3075600,18.07
2010-09-21,79.01,79.07,78.07,78.44,3385600,18.18
2010-09-20,77.85,79.00,77.79,78.92,2408000,18.29
2010-09-17,78.09,78.20,77.20,77.48,3213600,17.96
2010-09-16,77.48,77.76,77.01,77.60,2429200,17.99
2010-09-15,76.89,78.15,76.76,78.04,2550400,18.09
2010-09-14,76.11,77.46,76.00,77.19,2600800,17.89
2010-09-13,76.07,76.64,75.78,76.21,2276400,17.67
2010-09-10,75.45,75.81,74.92,75.51,2014400,17.50
2010-09-09,75.97,76.34,74.83,75.07,1797200,17.40
2010-09-08,74.68,75.83,74.41,75.09,3587200,17.41
2010-09-07,75.35,75.64,74.77,74.83,3056000,17.21
2010-09-03,75.26,75.66,74.47,75.58,3950800,17.38
2010-09-02,73.26,74.53,73.26,74.27,2788000,17.08
2010-09-01,71.64,73.78,71.63,73.25,4512400,16.84
2010-08-31,70.90,71.85,70.09,70.57,7531600,16.23
2010-08-30,73.87,74.67,72.81,72.81,3125200,16.74
2010-08-27,73.62,74.06,72.50,73.88,3996800,16.99
2010-08-26,74.91,74.98,73.08,73.19,3294000,16.83
2010-08-25,73.98,74.75,72.95,74.71,3065200,17.18
2010-08-24,74.35,74.94,73.26,74.48,4740000,17.13
2010-08-23,75.69,76.69,75.26,75.30,5130800,17.32
2010-08-20,75.42,75.73,74.69,75.54,3825600,17.37
2010-08-19,77.44,77.44,75.62,75.94,3557200,17.46
2010-08-18,77.66,78.24,76.87,77.66,3718000,17.86
2010-08-17,77.35,78.45,76.85,77.82,1749600,17.90
2010-08-16,76.23,76.96,75.25,76.61,1850400,17.62
2010-08-13,76.85,77.31,76.47,76.51,1950400,17.59
2010-08-12,77.01,77.26,76.24,77.11,3323200,17.73
2010-08-11,79.00,79.09,77.31,77.86,3332000,17.90
2010-08-10,79.95,80.55,78.96,80.26,3324800,18.46
2010-08-09,81.17,81.25,80.31,80.50,2684400,18.51
2010-08-06,80.10,80.98,79.51,80.58,2998400,18.53
2010-08-05,80.34,80.99,79.74,80.79,2056400,18.58
2010-08-04,79.81,81.25,79.74,81.10,2211600,18.65
2010-08-03,80.28,80.58,79.34,79.48,2218800,18.28
2010-08-02,80.48,81.46,80.34,80.90,3507600,18.60
2010-07-30,78.23,79.47,77.81,79.33,4354400,18.24
2010-07-29,79.86,80.22,78.12,79.23,3170800,18.22
2010-07-28,80.02,80.66,78.93,79.54,3255600,18.29
2010-07-27,82.00,82.11,79.53,80.36,4624000,18.48
2010-07-26,80.02,82.11,79.63,81.88,4970000,18.83
2010-07-23,78.98,80.77,78.98,79.78,6979600,18.35
2010-07-22,78.21,79.47,76.12,78.40,6548400,18.03
2010-07-21,75.44,75.64,73.77,73.96,4311200,17.01
2010-07-20,71.64,75.03,71.56,75.00,3428000,17.25
2010-07-19,73.24,73.84,72.10,72.79,2704400,16.74
2010-07-16,75.71,75.85,72.68,72.87,4267200,16.76
2010-07-15,76.09,76.46,74.91,76.06,4412800,17.49
2010-07-14,75.79,76.25,74.94,76.16,4013200,17.51
2010-07-13,75.53,76.57,75.07,76.19,2754800,17.52
2010-07-12,74.52,75.35,73.92,74.37,3628800,17.10
2010-07-09,75.07,75.07,73.84,74.90,3184800,17.22
2010-07-08,72.89,74.46,72.89,74.27,4392400,17.08
2010-07-07,69.96,72.69,69.77,72.55,3741600,16.68
2010-07-06,71.30,71.87,69.24,69.91,3285600,16.08
2010-07-02,71.61,72.09,70.29,70.62,2987600,16.24
2010-07-01,71.05,72.16,69.86,71.52,4274400,16.45
2010-06-30,72.00,72.68,71.04,71.18,5007600,16.37
2010-06-29,74.00,74.04,71.70,72.24,6198400,16.61
2010-06-28,75.24,76.12,74.75,75.21,2764000,17.29
2010-06-25,74.71,75.43,74.07,75.33,5861200,17.32
2010-06-24,75.75,75.78,74.27,74.72,4646400,17.18
2010-06-23,76.32,76.59,75.17,76.03,4380800,17.48
2010-06-22,78.94,79.57,76.26,76.37,3460400,17.56
2010-06-21,80.06,80.17,78.13,78.57,3869200,18.07
2010-06-18,78.73,79.71,78.39,79.16,3884000,18.20
2010-06-17,79.45,79.58,78.00,78.60,5622800,18.07
2010-06-16,79.73,80.00,78.61,79.25,4393600,18.22
2010-06-15,78.47,80.15,78.06,80.03,3243600,18.40
2010-06-14,78.28,79.07,77.82,78.09,2859200,17.96
2010-06-11,76.98,78.29,76.89,77.77,3883600,17.88
2010-06-10,76.17,77.63,75.78,77.53,2745600,17.83
2010-06-09,74.33,75.88,74.33,74.66,4237200,17.17
2010-06-08,73.27,73.99,72.15,73.90,4052000,16.99
2010-06-07,74.69,74.94,73.20,73.26,3969200,16.85
2010-06-04,76.58,76.58,74.05,74.43,3776800,17.12
2010-06-03,78.01,78.59,77.46,78.11,2840400,17.82
2010-06-02,76.01,78.00,75.30,78.00,4425200,17.80
2010-06-01,76.78,77.83,75.77,75.83,3270400,17.30
2010-05-28,77.89,78.48,76.84,77.35,3900400,17.65
2010-05-27,77.45,77.87,76.79,77.83,7559600,17.76
2010-05-26,77.71,77.98,75.94,76.09,6728400,17.36
2010-05-25,75.92,77.24,74.92,77.04,8532400,17.58
2010-05-24,77.92,78.44,77.24,77.35,2197200,17.65
2010-05-21,75.63,78.83,75.02,77.89,4102000,17.77
2010-05-20,78.25,78.53,76.27,76.89,4892400,17.55
2010-05-19,80.27,80.83,78.81,79.97,4465200,18.25
2010-05-18,82.36,83.07,80.73,80.75,3945600,18.43
2010-05-17,81.93,81.98,79.74,81.50,3291200,18.60
2010-05-14,82.80,83.16,81.18,81.82,3734800,18.67
2010-05-13,84.74,84.88,83.15,83.34,3025600,19.02
2010-05-12,83.43,84.88,83.29,84.51,3167600,19.28
2010-05-11,81.95,84.70,81.74,83.36,3993600,19.02
2010-05-10,82.52,83.45,81.66,83.11,4227200,18.96
2010-05-07,80.05,81.08,77.90,78.89,5398800,18.00
2010-05-06,83.02,83.50,75.58,80.48,5493200,18.36
2010-05-05,83.41,84.32,82.76,83.27,5020400,19.00
2010-05-04,84.89,85.37,83.76,84.00,3699600,19.17
2010-05-03,86.61,87.66,85.87,86.08,4510800,19.64
2010-04-30,88.81,89.23,86.41,86.42,5768800,19.72
2010-04-29,86.32,87.26,85.80,87.12,1999200,19.88
2010-04-28,85.80,86.89,85.08,85.66,2644000,19.55
2010-04-27,86.90,86.98,85.28,85.49,4123200,19.51
2010-04-26,86.52,87.77,86.31,87.26,2942000,19.91
2010-04-23,86.59,86.98,85.94,86.66,4061600,19.77
2010-04-22,83.96,86.95,83.71,86.84,5348400,19.82
2010-04-21,83.67,84.44,83.47,84.32,2105600,19.24
2010-04-20,82.82,83.59,82.65,83.56,1916800,19.07
2010-04-19,82.30,83.16,81.90,82.62,2789600,18.85
2010-04-16,83.31,84.06,82.31,82.52,2606800,18.83
2010-04-15,83.43,83.89,83.02,83.70,2034400,19.10
2010-04-14,84.48,84.50,82.88,83.70,5210800,19.10
2010-04-13,83.79,84.44,83.05,84.25,2154800,19.22
2010-04-12,84.07,84.30,83.56,83.91,2744400,19.15
2010-04-09,83.57,83.73,82.04,83.66,4440800,19.09
2010-04-08,82.06,82.21,81.39,82.08,2382000,18.73
2010-04-07,82.35,82.87,81.94,82.13,2980400,18.74
2010-04-06,81.77,82.82,81.64,82.51,2401200,18.83
2010-04-05,81.20,82.53,81.09,82.02,2663200,18.72
2010-04-01,80.59,81.20,80.52,81.02,1938800,18.49
2010-03-31,79.71,80.57,79.62,80.15,2478000,18.29
2010-03-30,80.53,80.78,79.87,79.94,2426000,18.24
2010-03-29,80.87,80.87,79.73,80.41,2715600,18.35
2010-03-26,79.80,80.91,79.61,80.51,4981600,18.37
2010-03-25,80.56,80.91,79.44,79.46,4212000,18.13
2010-03-24,80.57,80.89,79.81,79.91,3096400,18.23
2010-03-23,80.26,80.99,80.02,80.99,3073200,18.48
2010-03-22,79.27,80.81,79.02,80.20,3414800,18.30
2010-03-19,79.71,80.24,79.51,79.71,4279200,18.19
2010-03-18,80.34,80.95,79.30,79.86,3680000,18.22
2010-03-17,79.95,80.62,79.91,80.39,3419200,18.34
2010-03-16,79.87,80.00,79.41,79.88,2129600,18.23
2010-03-15,79.35,79.85,78.94,79.71,3499200,18.19
2010-03-12,79.97,80.00,79.05,79.63,1921600,18.17
2010-03-11,79.61,79.81,78.88,79.80,2390800,18.21
2010-03-10,79.61,79.99,79.33,79.95,2566800,18.24
2010-03-09,79.79,80.00,79.52,79.75,2866400,18.20
2010-03-08,78.87,80.00,78.83,80.00,3081200,18.26
2010-03-05,77.77,78.97,77.47,78.78,2686400,17.98
2010-03-04,78.39,78.39,77.43,77.97,2364800,17.65
2010-03-03,78.07,78.12,77.48,77.85,3292400,17.63
2010-03-02,78.00,78.25,77.78,78.08,3038800,17.68
2010-03-01,77.43,77.98,77.08,77.96,2772400,17.65
2010-02-26,77.00,77.70,76.68,77.38,3004000,17.52
2010-02-25,75.75,77.28,75.75,77.26,2423200,17.49
2010-02-24,75.98,76.74,75.58,76.67,1892000,17.36
2010-02-23,76.36,76.53,75.38,75.77,2969200,17.16
2010-02-22,76.79,77.06,76.57,76.71,1800400,17.37
2010-02-19,76.46,76.76,75.92,76.64,2911200,17.35
2010-02-18,76.45,76.74,75.79,76.41,3052800,17.30
2010-02-17,75.75,76.62,75.71,76.55,4354400,17.33
2010-02-16,74.36,75.53,74.17,75.48,3244000,17.09
2010-02-12,73.50,74.39,73.50,73.94,4557200,16.74
2010-02-11,74.16,74.74,73.39,74.35,7638000,16.84
2010-02-10,72.36,73.16,72.10,72.44,3742000,16.40
2010-02-09,71.77,72.71,71.75,72.51,2340800,16.42
2010-02-08,71.37,72.60,71.21,71.41,2158000,16.17
2010-02-05,71.26,71.73,70.25,71.52,5181600,16.19
2010-02-04,72.17,72.34,71.13,71.55,4644000,16.20
2010-02-03,73.39,73.53,72.29,72.73,2820800,16.47
2010-02-02,73.12,74.24,72.86,74.18,2491600,16.80
2010-02-01,72.29,73.03,72.00,72.95,1427600,16.52
2010-01-29,72.63,73.47,71.88,72.03,1786400,16.31
2010-01-28,73.47,73.60,72.45,72.51,3001200,16.42
2010-01-27,72.37,73.37,72.21,73.18,2349200,16.57
2010-01-26,72.20,72.64,71.77,72.36,2152400,16.38
2010-01-25,72.92,72.99,71.86,72.17,2821600,16.34
2010-01-22,74.51,74.82,72.39,72.44,3701200,16.40
2010-01-21,75.04,75.31,74.39,74.42,4488800,16.85
2010-01-20,74.74,75.03,74.17,74.88,2407600,16.96
2010-01-19,74.57,75.23,74.57,75.15,1963600,17.02
2010-01-15,75.06,75.20,73.95,74.62,2806000,16.90
2010-01-14,75.29,75.57,74.43,75.04,3285200,16.99
2010-01-13,74.55,75.20,74.15,75.14,2351200,17.01
2010-01-12,75.08,75.70,73.86,74.50,2587600,16.87
2010-01-11,75.91,76.15,74.34,75.29,2247600,17.05
2010-01-08,75.84,76.03,75.21,75.52,2940400,17.10
2010-01-07,74.17,76.08,74.17,75.92,2644000,17.19
2010-01-06,74.79,74.87,73.88,74.48,2904400,16.86
2010-01-05,73.49,75.21,72.43,74.78,4115600,16.93
2010-01-04,74.00,74.00,73.06,73.38,2042000,16.62
2009-12-31,74.46,74.46,73.24,73.24,860800,16.58
2009-12-30,73.92,74.45,73.62,74.24,1063600,16.81
2009-12-29,73.85,74.25,73.64,74.13,938800,16.79
2009-12-28,73.71,74.08,73.41,73.73,820400,16.69
2009-12-24,73.66,74.03,73.51,73.76,450400,16.70
2009-12-23,73.70,73.80,73.20,73.54,1164800,16.65
2009-12-22,73.20,73.56,72.66,73.56,1478800,16.66
2009-12-21,72.25,73.59,72.25,72.81,1862400,16.49
2009-12-18,72.68,73.20,71.40,72.34,2920400,16.38
2009-12-17,72.52,72.99,72.13,72.39,2268400,16.39
2009-12-16,73.21,73.82,73.03,73.19,1782400,16.57
2009-12-15,73.56,73.69,72.50,73.17,2015600,16.57
2009-12-14,73.90,73.99,73.03,73.83,2122000,16.72
2009-12-11,72.59,73.53,72.10,73.38,2276800,16.62
2009-12-10,72.03,72.67,71.41,71.99,1646400,16.30
2009-12-09,71.36,71.56,70.71,71.31,1961600,16.15
2009-12-08,71.92,72.17,71.27,71.68,2312800,16.23
2009-12-07,72.63,72.98,71.83,72.14,2669200,16.33
2009-12-04,73.57,74.06,72.15,72.60,6399200,16.44
2009-12-03,74.81,74.81,73.26,73.41,3058000,16.49
2009-12-02,74.38,75.81,74.26,75.06,3614000,16.86
2009-12-01,73.61,74.56,73.48,74.11,3799200,16.64
2009-11-30,72.49,72.83,71.35,72.72,3525200,16.33
2009-11-27,72.01,73.01,71.09,72.32,1764800,16.24
2009-11-25,72.58,73.73,72.58,73.56,2428800,16.52
2009-11-24,73.68,73.80,71.74,72.34,4722400,16.25
2009-11-23,73.52,74.04,73.01,73.25,3753200,16.45
2009-11-20,73.07,73.49,72.06,72.46,4684800,16.27
2009-11-19,73.35,74.13,72.83,73.42,2904800,16.49
2009-11-18,74.05,74.67,73.42,73.87,3167200,16.59
2009-11-17,75.40,75.40,73.45,74.04,3980400,16.63
2009-11-16,75.45,75.87,75.12,75.54,3289600,16.96
2009-11-13,74.30,74.81,73.53,74.48,3651600,16.73
2009-11-12,76.37,76.37,73.91,74.28,3649600,16.68
2009-11-11,75.89,77.26,75.52,76.16,2910000,17.10
2009-11-10,76.63,77.08,75.00,75.86,2891600,17.04
2009-11-09,74.85,76.70,74.75,76.60,3238000,17.20
2009-11-06,74.10,74.80,73.49,74.47,2461600,16.72
2009-11-05,72.03,74.55,72.03,74.55,7089200,16.74
2009-11-04,72.70,72.81,71.44,71.59,3914800,16.08
2009-11-03,71.26,72.89,71.17,72.38,5589600,16.26
2009-11-02,71.41,72.50,70.19,71.82,4038800,16.13
2009-10-30,71.59,72.69,70.63,71.04,7360000,15.95
2009-10-29,71.20,71.67,70.90,71.62,6170400,16.08
2009-10-28,73.47,73.59,70.35,70.73,7314400,15.88
2009-10-27,73.97,75.08,72.18,73.35,15292800,16.47
2009-10-26,78.28,79.79,78.08,78.49,8028000,17.63
2009-10-23,78.26,78.68,77.56,78.32,4308400,17.59
2009-10-22,76.08,78.27,75.79,78.15,3868800,17.55
2009-10-21,77.52,77.85,75.77,75.77,3454000,17.02
2009-10-20,78.04,78.20,76.92,77.52,5126800,17.41
2009-10-19,76.57,78.08,76.27,76.99,3202000,17.29
2009-10-16,76.62,76.65,75.40,76.14,2086000,17.10
2009-10-15,75.87,77.29,75.77,77.08,3165600,17.31
2009-10-14,75.29,76.76,75.25,76.29,3262800,17.13
2009-10-13,75.68,75.68,74.41,74.70,3189600,16.78
2009-10-12,75.34,75.73,74.90,75.23,1878400,16.90
2009-10-09,75.16,75.25,74.29,74.76,2626400,16.79
2009-10-08,73.22,75.55,72.83,75.04,4836400,16.85
2009-10-07,71.57,72.71,71.42,72.63,2415200,16.31
2009-10-06,71.23,72.32,71.06,71.70,2098000,16.10
2009-10-05,69.07,70.90,69.07,70.81,2540800,15.90
2009-10-02,69.23,69.56,68.60,69.16,2351200,15.53
2009-10-01,72.04,72.46,69.61,69.64,3674800,15.64
2009-09-30,73.15,73.49,71.83,72.43,3773200,16.27
2009-09-29,71.66,73.75,71.66,73.20,3194400,16.44
2009-09-28,70.32,72.04,70.25,71.60,1606000,16.08
2009-09-25,70.24,71.48,70.03,70.27,2965600,15.78
2009-09-24,70.87,71.84,70.72,70.73,4400000,15.88
2009-09-23,71.92,72.28,70.73,70.73,3646000,15.88
2009-09-22,72.42,72.70,71.58,71.77,2171200,16.12
2009-09-21,72.21,72.96,71.55,72.19,2349600,16.21
2009-09-18,72.86,73.00,72.30,72.65,2306800,16.32
2009-09-17,73.07,73.81,72.36,72.70,3148800,16.33
2009-09-16,72.10,73.09,71.48,72.89,3390800,16.37
2009-09-15,72.22,72.94,71.52,72.09,3392800,16.19
2009-09-14,70.77,72.36,70.42,72.30,2499600,16.24
2009-09-11,71.29,71.86,70.79,71.34,2863200,16.02
2009-09-10,70.24,71.11,69.81,71.06,2812800,15.96
2009-09-09,69.41,70.56,69.24,70.24,3188400,15.77
2009-09-08,69.61,70.09,68.85,69.48,3951200,15.60
2009-09-04,68.60,69.58,68.18,69.29,3543200,15.56
2009-09-03,68.89,68.89,67.77,68.82,3685600,15.46
2009-09-02,68.02,69.32,68.02,68.73,6055600,15.30
2009-09-01,69.31,70.54,68.02,68.25,4358400,15.20
2009-08-31,70.46,70.52,69.31,69.56,4325200,15.49
2009-08-28,69.61,71.24,69.56,71.02,7078800,15.81
2009-08-27,68.94,69.55,67.83,69.14,4152000,15.39
2009-08-26,67.35,69.03,66.70,68.95,5991200,15.35
2009-08-25,66.29,67.30,66.13,66.95,3294000,14.91
2009-08-24,67.20,67.86,65.85,66.03,3698400,14.70
2009-08-21,66.43,67.36,66.15,67.05,3132000,14.93
2009-08-20,66.45,67.00,66.00,66.58,2272400,14.82
2009-08-19,65.27,66.36,64.93,66.01,2729200,14.70
2009-08-18,64.52,65.59,64.14,65.46,2286000,14.57
2009-08-17,64.87,65.28,63.83,64.33,2785200,14.32
2009-08-14,66.80,67.18,65.05,65.63,2841200,14.61
2009-08-13,66.56,67.04,65.32,67.04,2280800,14.93
2009-08-12,66.20,67.32,65.88,66.61,2761200,14.83
2009-08-11,66.80,66.83,65.56,66.51,2778800,14.81
2009-08-10,68.29,68.56,66.58,67.10,2865600,14.94
2009-08-07,66.94,69.26,66.76,68.85,4860800,15.33
2009-08-06,66.31,66.98,65.82,66.43,2758000,14.79
2009-08-05,66.11,66.65,65.47,66.32,3042400,14.77
2009-08-04,65.18,66.22,64.51,66.12,3216400,14.72
2009-08-03,65.04,65.73,64.76,65.18,3219200,14.51
2009-07-31,64.47,65.51,64.28,64.69,2619200,14.40
2009-07-30,64.22,65.32,64.02,64.65,3804800,14.39
2009-07-29,65.23,65.64,63.27,63.71,5548800,14.19
2009-07-28,65.60,66.45,65.42,65.73,3999200,14.63
2009-07-27,65.09,66.08,64.23,66.08,4719600,14.71
2009-07-24,64.00,65.28,63.92,65.28,2785600,14.53
2009-07-23,62.20,65.44,61.59,64.73,5226400,14.41
2009-07-22,62.85,65.63,61.54,61.92,13142000,13.79
2009-07-21,61.78,61.87,59.55,60.59,4436400,13.49
2009-07-20,60.33,61.51,59.70,61.18,3616400,13.62
2009-07-17,60.25,60.55,59.50,59.99,2868800,13.36
2009-07-16,59.44,60.74,58.80,60.48,3714400,13.47
2009-07-15,57.59,59.97,57.41,59.91,5476400,13.34
2009-07-14,56.03,57.02,55.85,56.84,2682800,12.66
2009-07-13,54.84,56.50,54.13,56.35,2962000,12.55
2009-07-10,53.96,55.40,53.91,54.68,3356000,12.17
2009-07-09,55.31,55.31,54.02,54.19,3609600,12.07
2009-07-08,54.35,55.22,53.82,54.97,4003600,12.24
2009-07-07,54.64,54.88,53.69,53.77,4217200,11.97
2009-07-06,54.01,55.06,53.62,54.93,3078400,12.23
2009-07-02,55.32,55.84,53.53,53.53,3608000,11.92
2009-07-01,55.66,56.84,55.58,55.84,3983600,12.43
2009-06-30,55.47,56.46,55.22,55.35,2777600,12.32
2009-06-29,55.71,55.98,54.40,55.58,4748400,12.38
2009-06-26,56.09,56.21,55.50,55.63,6935200,12.39
2009-06-25,55.59,57.00,55.57,56.15,5821600,12.50
2009-06-24,56.11,56.83,55.78,55.98,4228800,12.46
2009-06-23,57.59,57.59,55.45,55.78,5368800,12.42
2009-06-22,58.64,58.73,57.32,57.45,4835200,12.79
2009-06-19,57.44,59.41,57.00,59.25,11975200,13.19
2009-06-18,56.11,57.63,55.70,56.70,4879600,12.62
2009-06-17,56.29,57.06,55.11,56.16,8858800,12.50
2009-06-16,57.85,58.26,56.35,56.40,6355600,12.56
2009-06-15,58.13,58.13,57.00,57.68,4668000,12.84
2009-06-12,59.19,59.33,58.15,58.40,4896000,13.00
2009-06-11,59.29,59.97,59.04,59.31,6154400,13.21
2009-06-10,59.87,60.05,58.46,59.29,4194800,13.20
2009-06-09,58.41,59.91,58.20,59.57,4542400,13.26
2009-06-08,58.63,58.83,57.56,58.11,4408000,12.94
2009-06-05,59.19,60.49,58.25,58.76,4983600,13.08
2009-06-04,59.61,59.64,58.48,59.64,4518400,13.15
2009-06-03,59.37,59.90,58.69,59.85,5341600,13.19
2009-06-02,59.48,60.00,59.01,59.58,6964800,13.13
2009-06-01,57.51,60.00,57.51,59.61,4173600,13.14
2009-05-29,55.73,57.41,55.42,56.82,9208800,12.53
2009-05-28,56.51,56.84,54.60,55.59,5269600,12.25
2009-05-27,57.42,58.11,55.96,56.24,4103200,12.40
2009-05-26,54.22,57.76,53.99,57.52,4532400,12.68
2009-05-22,55.03,55.32,53.27,54.63,3500800,12.04
2009-05-21,54.44,55.55,54.04,54.53,4354800,12.02
2009-05-20,56.04,56.85,54.86,55.12,4528800,12.15
2009-05-19,55.96,56.29,55.07,55.75,5465600,12.29
2009-05-18,54.77,55.95,54.77,55.95,4448000,12.33
2009-05-15,54.35,55.73,54.05,54.39,3803600,11.99
2009-05-14,53.57,55.71,53.57,54.37,4235600,11.99
2009-05-13,54.72,54.72,53.51,54.04,5973600,11.91
2009-05-12,56.38,56.99,53.80,55.35,6460400,12.20
2009-05-11,57.56,57.56,56.00,56.22,5348400,12.39
2009-05-08,59.12,59.12,57.30,58.07,6230400,12.80
2009-05-07,60.00,60.42,58.46,58.75,6718400,12.95
2009-05-06,59.89,60.20,58.26,59.33,8141200,13.08
2009-05-05,59.99,60.86,59.28,59.39,5597200,13.09
2009-05-04,59.61,61.01,59.19,59.98,5214400,13.22
2009-05-01,59.40,60.34,58.85,59.05,7220400,13.02
2009-04-30,58.99,61.57,58.14,59.27,9867600,13.07
2009-04-29,60.57,61.81,57.25,58.12,27214000,12.81
2009-04-28,65.98,68.29,65.11,67.28,4752800,14.83
2009-04-27,67.88,67.88,65.63,66.10,7080400,14.57
2009-04-24,68.02,69.72,67.50,68.92,3819200,15.19
2009-04-23,68.16,69.00,66.41,67.44,4330000,14.87
2009-04-22,66.00,69.46,65.78,68.16,4569600,15.03
2009-04-21,64.14,66.80,63.03,66.48,4928800,14.66
2009-04-20,64.93,64.97,63.18,63.84,3576000,14.07
2009-04-17,65.16,66.77,64.86,66.35,3107200,14.63
2009-04-16,63.67,65.89,63.59,65.35,3398800,14.41
2009-04-15,63.85,64.60,62.90,63.79,2845600,14.06
2009-04-14,65.09,65.89,63.87,64.31,2635600,14.18
2009-04-13,65.67,66.27,65.15,65.92,3039200,14.53
2009-04-09,64.12,66.06,63.64,66.06,3135600,14.56
2009-04-08,62.09,62.87,61.30,62.79,3312800,13.84
2009-04-07,62.40,62.71,60.33,61.47,4458000,13.55
2009-04-06,63.89,64.18,61.96,63.26,5495600,13.95
2009-04-03,61.55,64.37,61.28,64.37,6184000,14.19
2009-04-02,59.52,62.06,58.99,61.39,7045200,13.53
2009-04-01,56.51,58.83,56.00,58.60,3861600,12.92
2009-03-31,57.47,57.78,56.25,57.11,3687600,12.59
2009-03-30,57.36,57.88,56.41,57.20,3562800,12.61
2009-03-27,58.34,58.82,57.82,58.49,4187200,12.89
2009-03-26,59.28,59.59,58.57,59.08,10980800,13.02
2009-03-25,58.42,59.46,56.72,58.34,6217600,12.86
2009-03-24,58.26,59.60,57.93,58.12,5490800,12.81
2009-03-23,56.63,58.90,56.10,58.90,3675200,12.98
2009-03-20,57.31,57.71,54.99,55.52,6094400,12.24
2009-03-19,56.24,57.55,56.05,57.32,4762400,12.64
2009-03-18,54.23,57.07,53.69,56.31,6471600,12.41
2009-03-17,52.38,54.17,52.35,54.17,4868000,11.94
2009-03-16,54.08,54.36,52.24,52.28,4495200,11.53
2009-03-13,53.19,53.95,52.42,53.59,3754400,11.81
2009-03-12,50.74,53.42,50.56,53.13,4089600,11.71
2009-03-11,50.87,51.68,50.35,50.79,3686800,11.20
2009-03-10,48.45,50.65,48.29,50.58,5334000,11.15
2009-03-09,47.18,48.41,47.17,48.01,7334000,10.58
2009-03-06,48.39,48.90,46.06,47.65,8864000,10.50
2009-03-05,48.39,49.84,47.57,48.07,5882800,10.47
2009-03-04,48.60,50.12,47.61,49.35,4847200,10.75
2009-03-03,49.70,50.18,47.62,47.88,4948000,10.43
2009-03-02,50.93,51.73,49.33,49.45,4367200,10.77
2009-02-27,51.23,52.94,50.67,51.90,6173200,11.30
2009-02-26,53.99,54.35,51.19,51.56,5414800,11.23
2009-02-25,52.77,54.64,52.32,53.55,7665200,11.66
2009-02-24,51.26,53.16,50.28,52.97,5361200,11.53
2009-02-23,53.36,53.89,50.70,50.93,5204000,11.09
2009-02-20,52.05,53.96,51.96,53.26,6051600,11.60
2009-02-19,53.05,54.06,52.57,53.04,4170800,11.55
2009-02-18,53.20,53.39,51.79,52.51,5834400,11.43
2009-02-17,51.82,53.65,51.26,52.84,9393200,11.51
2009-02-13,54.00,54.51,52.63,52.91,5945200,11.52
2009-02-12,53.62,54.33,52.38,54.06,7716400,11.77
2009-02-11,54.81,56.56,52.31,53.87,9194800,11.73
2009-02-10,56.90,57.07,54.05,54.24,8263600,11.81
2009-02-09,58.32,58.44,56.32,57.07,5610800,12.43
2009-02-06,57.07,59.98,57.07,58.47,6824400,12.73
2009-02-05,55.60,57.32,55.36,56.92,4803600,12.39
2009-02-04,56.02,57.07,54.83,55.73,3841200,12.13
2009-02-03,54.25,56.78,54.23,56.41,3972400,12.28
2009-02-02,55.28,56.00,53.86,54.05,6444800,11.77
2009-01-30,57.37,57.50,55.18,56.02,4924800,12.20
2009-01-29,57.58,58.71,56.43,56.77,3950400,12.36
2009-01-28,57.47,59.59,56.93,58.48,3228400,12.73
2009-01-27,55.88,56.48,54.76,56.14,3326800,12.22
2009-01-26,55.55,57.00,54.33,55.78,3715200,12.15
2009-01-23,53.83,55.86,53.26,54.71,5920000,11.91
2009-01-22,53.79,55.84,52.62,55.03,6483200,11.98
2009-01-21,52.23,54.55,50.59,54.48,6883200,11.86
2009-01-20,55.64,55.64,52.00,52.16,5970400,11.36
2009-01-16,55.43,56.48,54.21,56.13,6080400,12.22
2009-01-15,54.01,55.38,53.03,54.62,6791200,11.89
2009-01-14,48.90,54.33,48.90,54.05,13352000,11.77
2009-01-13,51.19,51.49,49.98,50.74,3867600,11.05
2009-01-12,51.39,51.51,49.99,50.48,4626000,10.99
2009-01-09,54.64,54.64,51.80,52.00,4551200,11.32
2009-01-08,55.00,55.00,53.14,54.61,5602400,11.89
2009-01-07,56.48,56.49,54.73,55.45,3912800,12.07
2009-01-06,57.00,57.97,56.18,57.77,5044800,12.58
2009-01-05,55.92,57.00,55.60,57.00,4226800,12.41
2009-01-02,55.50,57.05,54.18,56.87,4527600,12.38
2008-12-31,54.00,55.02,53.52,54.77,3543600,11.93
2008-12-30,53.79,54.24,52.31,53.85,4635600,11.73
2008-12-29,54.53,54.75,52.62,53.26,3014800,11.60
2008-12-26,53.43,54.59,53.42,54.45,1937600,11.86
2008-12-24,52.22,53.40,52.22,53.07,1614400,11.56
2008-12-23,54.08,54.91,52.12,52.69,3717600,11.47
2008-12-22,56.00,56.16,52.42,53.62,5168800,11.68
2008-12-19,56.67,57.79,55.05,55.62,5364800,12.11
2008-12-18,57.11,57.60,55.27,56.34,4005200,12.27
2008-12-17,54.55,57.57,54.16,56.32,4120400,12.26
2008-12-16,52.35,55.47,51.10,55.40,3867200,12.06
2008-12-15,53.80,53.80,50.10,51.00,5606400,11.10
2008-12-12,50.24,53.35,50.24,53.06,5349600,11.55
2008-12-11,53.99,54.00,51.12,51.82,4715600,11.28
2008-12-10,54.52,54.91,53.08,54.42,3432000,11.85
2008-12-09,55.68,56.74,53.46,53.86,2635600,11.73
2008-12-08,55.69,57.36,54.86,56.27,5412400,12.25
2008-12-05,51.88,54.96,49.84,54.74,4250000,11.92
2008-12-04,51.77,54.99,51.52,53.25,5859600,11.47
2008-12-03,48.45,52.61,47.90,52.40,4023600,11.28
2008-12-02,48.07,49.62,47.03,49.14,4419200,10.58
2008-12-01,51.45,51.45,47.34,47.35,4866800,10.20
2008-11-28,51.00,52.29,50.00,52.29,2034400,11.26
2008-11-26,47.80,52.10,47.22,51.32,4816800,11.05
2008-11-25,47.12,49.00,46.16,48.53,7400000,10.45
2008-11-24,43.45,47.14,42.29,46.16,4519600,9.94
2008-11-21,40.59,42.87,39.29,42.80,5272400,9.22
2008-11-20,39.89,43.12,38.22,39.96,9210800,8.60
2008-11-19,44.11,45.15,39.45,39.88,6963200,8.59
2008-11-18,45.02,45.48,42.69,44.35,5895600,9.55
2008-11-17,47.02,47.37,45.50,45.51,2786000,9.80
2008-11-14,49.27,49.70,46.64,47.20,3434000,10.16
2008-11-13,47.72,49.99,44.28,49.99,6079200,10.76
2008-11-12,48.43,48.62,46.69,46.95,4227600,10.11
2008-11-11,50.44,50.73,48.26,49.08,3906400,10.57
2008-11-10,52.73,52.75,49.75,50.93,3598400,10.97
2008-11-07,51.77,53.02,50.32,51.64,3569600,11.12
2008-11-06,53.93,54.58,51.16,51.47,2807600,11.08
2008-11-05,56.58,57.49,54.46,54.62,2804800,11.76
2008-11-04,54.62,57.12,54.01,57.12,3168000,12.30
2008-11-03,55.80,56.18,54.16,54.74,3067200,11.79
2008-10-31,54.80,55.99,53.74,55.10,6348000,11.86
2008-10-30,56.42,58.33,53.95,54.93,4771600,11.83
2008-10-29,51.83,57.96,51.38,54.99,8743200,11.84
2008-10-28,45.80,52.54,45.80,52.54,8148000,11.31
2008-10-27,46.57,47.94,45.29,45.86,4150000,9.88
2008-10-24,47.30,48.32,44.25,46.42,7606400,10.00
2008-10-23,49.84,51.62,48.27,49.90,8259600,10.75
2008-10-22,53.17,53.56,48.63,49.69,6058800,10.70
2008-10-21,54.66,55.99,54.02,54.18,4070000,11.67
2008-10-20,56.09,56.38,53.88,54.69,5129600,11.78
2008-10-17,55.47,57.79,53.22,55.55,9932400,11.96
2008-10-16,55.26,58.83,51.71,58.50,8760000,12.60
2008-10-15,57.06,58.16,54.46,54.74,7016800,11.79
2008-10-14,64.41,64.60,57.22,59.11,6967600,12.73
2008-10-13,65.86,65.86,60.63,62.51,6124800,13.46
2008-10-10,53.64,65.34,53.64,62.90,11813600,13.54
2008-10-09,62.99,63.90,57.36,57.76,6792800,12.44
2008-10-08,64.28,66.57,62.95,63.31,7683200,13.63
2008-10-07,69.56,70.29,65.54,65.54,6131200,14.11
2008-10-06,71.13,71.80,65.48,69.00,6011200,14.86
2008-10-03,74.47,74.87,72.06,72.41,4378400,15.59
2008-10-02,75.62,76.50,72.35,73.24,5013600,15.77
2008-10-01,76.67,77.69,75.64,76.30,3450400,16.43
2008-09-30,77.99,78.00,75.39,77.31,4110800,16.65
2008-09-29,79.97,79.98,75.93,76.58,4806800,16.49
2008-09-26,79.02,80.29,77.97,80.23,2163200,17.28
2008-09-25,78.32,80.89,78.32,79.95,4670800,17.22
2008-09-24,76.69,78.98,76.34,77.45,4508800,16.68
2008-09-23,78.80,79.82,75.58,76.84,4594800,16.55
2008-09-22,79.95,81.95,78.40,78.78,3332800,16.96
2008-09-19,83.36,84.07,81.00,82.29,5220800,17.72
2008-09-18,80.73,81.65,77.26,81.20,6286400,17.48
2008-09-17,81.92,82.75,79.83,79.83,4834800,17.19
2008-09-16,79.75,83.19,79.75,83.19,4281600,17.91
2008-09-15,81.17,84.01,80.55,81.37,4168800,17.52
2008-09-12,82.38,83.00,81.58,82.65,2858800,17.80
2008-09-11,83.49,83.57,81.49,83.32,3720800,17.94
2008-09-10,82.78,84.05,82.01,83.89,5369600,18.06
2008-09-09,83.37,84.41,82.55,82.57,3612000,17.78
2008-09-08,82.73,83.80,82.39,83.58,4707200,18.00
2008-09-05,82.42,82.44,79.79,81.34,5002000,17.52
2008-09-04,83.69,84.60,82.00,83.18,5216800,17.79
2008-09-03,81.78,84.57,79.92,84.34,9707600,18.03
2008-09-02,80.05,81.43,79.16,79.79,4073600,17.06
2008-08-29,78.91,80.12,78.90,79.25,3489200,16.95
2008-08-28,78.10,79.46,77.60,79.43,3691200,16.98
2008-08-27,76.64,78.07,76.41,77.80,2840800,16.64
2008-08-26,76.29,76.99,75.62,76.71,2553200,16.40
2008-08-25,77.34,77.60,75.86,76.37,2544000,16.33
2008-08-22,77.80,78.23,77.10,77.82,2818400,16.64
2008-08-21,75.58,77.49,75.31,77.30,3364000,16.53
2008-08-20,77.23,77.75,74.95,76.89,3206800,16.44
2008-08-19,76.15,76.88,75.21,76.68,2894800,16.40
2008-08-18,78.39,78.81,76.55,77.00,2496800,16.46
2008-08-15,77.52,78.21,76.54,77.97,2730000,16.67
2008-08-14,76.76,78.50,76.47,77.00,3361600,16.46
2008-08-13,77.54,77.57,74.94,77.12,3274000,16.49
2008-08-12,78.66,79.89,77.17,77.55,2995200,16.58
2008-08-11,77.42,80.00,76.64,78.69,4724400,16.83
2008-08-08,73.90,78.05,73.90,77.57,3478400,16.59
2008-08-07,74.20,74.61,73.42,73.98,2262400,15.82
2008-08-06,73.84,75.14,73.25,74.93,3384400,16.02
2008-08-05,72.93,74.47,72.60,74.25,4166800,15.88
2008-08-04,70.95,72.65,70.76,72.12,3634800,15.42
2008-08-01,72.17,73.14,70.70,70.99,2220800,15.18
2008-07-31,71.47,72.83,71.40,71.58,3164000,15.31
2008-07-30,72.17,73.44,71.50,72.62,3626800,15.53
2008-07-29,70.03,72.39,70.03,71.97,3736400,15.39
2008-07-28,72.63,72.92,69.95,70.18,3465600,15.01
2008-07-25,72.27,74.40,72.03,72.35,4584000,15.47
2008-07-24,75.13,76.01,73.04,73.13,4965200,15.64
2008-07-23,74.85,77.86,74.29,75.50,3848000,16.14
2008-07-22,72.43,74.65,71.62,74.63,4216400,15.96
2008-07-21,73.51,73.84,71.88,72.81,2765200,15.57
2008-07-18,73.75,74.45,72.08,73.52,4174000,15.72
2008-07-17,73.20,74.10,70.42,73.83,6241200,15.79
2008-07-16,72.81,74.07,65.50,73.11,11618800,15.63
2008-07-15,69.59,71.42,68.00,70.28,9208800,15.03
2008-07-14,70.82,71.81,69.24,69.72,6260800,14.91
2008-07-11,71.21,71.75,69.56,70.64,4879200,15.10
2008-07-10,73.55,74.06,71.67,72.10,4630800,15.42
2008-07-09,75.33,75.78,73.58,73.69,3412000,15.76
2008-07-08,73.50,75.30,73.28,75.24,4836800,16.09
2008-07-07,74.59,74.76,72.31,73.75,6639600,15.77
2008-07-03,76.27,76.27,73.47,74.49,3581200,15.93
2008-07-02,75.71,77.49,74.89,75.00,5858400,16.04
2008-07-01,73.81,75.34,71.45,75.25,11119200,16.09
2008-06-30,71.65,72.39,70.50,71.18,2896000,15.22
2008-06-27,73.52,73.90,71.73,72.11,6271600,15.42
2008-06-26,72.12,73.91,71.67,73.48,7216400,15.71
2008-06-25,71.55,73.90,71.33,72.88,3027600,15.58
2008-06-24,71.09,72.45,70.09,71.33,3135600,15.25
2008-06-23,71.59,72.00,70.22,71.21,6220000,15.23
2008-06-20,71.53,71.78,69.44,69.74,4812400,14.91
2008-06-19,71.75,72.60,70.98,72.23,4664000,15.44
2008-06-18,73.50,73.50,72.09,72.11,1946000,15.42
2008-06-17,73.31,74.20,73.21,73.37,2398400,15.69
2008-06-16,72.79,73.57,72.26,73.31,2298400,15.68
2008-06-13,70.64,72.88,70.33,72.78,2433600,15.56
2008-06-12,70.05,71.61,69.75,70.10,2169200,14.99
2008-06-11,71.31,71.73,69.53,69.98,2619600,14.96
2008-06-10,71.00,72.53,70.49,71.93,2653200,15.38
2008-06-09,73.33,73.48,71.26,71.55,2274400,15.30
2008-06-06,73.70,74.07,72.73,72.78,3329600,15.56
2008-06-05,73.81,75.11,73.61,74.95,2408000,15.90
2008-06-04,73.39,74.59,73.16,73.80,2925200,15.66
2008-06-03,74.53,75.36,73.50,74.18,2344000,15.74
2008-06-02,75.32,75.56,73.64,74.53,1864400,15.81
2008-05-30,77.44,77.44,74.81,75.70,2848400,16.06
2008-05-29,77.07,77.65,75.84,77.25,1984800,16.39
2008-05-28,75.84,77.60,75.84,76.88,3256400,16.31
2008-05-27,73.86,76.26,73.86,75.46,1731600,16.01
2008-05-23,74.28,74.28,73.26,73.78,1640400,15.65
2008-05-22,73.78,74.84,73.19,74.28,1726000,15.76
2008-05-21,75.06,76.03,73.60,74.08,2946800,15.72
2008-05-20,76.23,76.29,74.83,75.07,3059200,15.93
2008-05-19,77.21,77.52,76.46,76.68,1309600,16.27
2008-05-16,78.56,78.66,76.15,77.21,2176400,16.38
2008-05-15,77.44,78.76,76.50,78.76,2736000,16.71
2008-05-14,76.49,78.00,76.15,77.60,2212000,16.46
2008-05-13,75.83,76.44,75.46,76.15,2410400,16.16
2008-05-12,73.96,75.70,73.90,75.59,2698800,16.04
2008-05-09,73.01,74.19,72.76,73.50,1881600,15.59
2008-05-08,74.33,74.70,72.90,73.75,3369200,15.65
2008-05-07,75.10,76.15,74.54,74.55,2304000,15.82
2008-05-06,75.36,75.74,73.90,74.95,3198000,15.90
2008-05-05,76.89,77.12,75.78,75.93,1904800,16.11
2008-05-02,77.60,77.95,76.93,77.40,3108400,16.42
2008-05-01,74.81,77.47,74.27,76.70,2259600,16.27
2008-04-30,75.24,75.92,74.23,74.38,3756400,15.78
2008-04-29,75.35,76.00,75.24,75.24,2969600,15.96
2008-04-28,76.79,76.99,75.33,75.62,3068400,16.04
2008-04-25,74.79,76.51,74.79,76.43,6242000,16.22
2008-04-24,74.70,75.58,72.90,74.57,6160000,15.82
2008-04-23,74.93,79.60,74.55,75.23,8572800,15.96
2008-04-22,77.77,79.87,77.45,78.05,3026400,16.56
2008-04-21,78.30,78.82,77.90,78.50,2556800,16.66
2008-04-18,78.73,79.32,78.14,78.88,4039600,16.74
2008-04-17,76.20,77.41,75.85,77.31,2126800,16.40
2008-04-16,75.67,76.38,75.55,76.15,2503600,16.16
2008-04-15,76.34,76.34,74.96,75.41,2748800,16.00
2008-04-14,75.75,76.36,75.30,76.04,2237200,16.13
2008-04-11,75.79,76.91,75.79,76.06,2594800,16.14
2008-04-10,76.00,77.14,75.61,76.55,4080000,16.24
2008-04-09,78.19,78.63,76.07,76.42,2557200,16.21
2008-04-08,77.46,78.27,77.15,77.75,3770400,16.50
2008-04-07,78.34,78.55,77.20,77.83,4668800,16.51
2008-04-04,78.96,79.24,78.00,78.26,3265600,16.60
2008-04-03,78.27,79.07,77.76,79.07,4716800,16.78
2008-04-02,79.00,79.64,78.19,78.41,3942400,16.64
2008-04-01,77.80,79.28,77.80,79.14,5166800,16.79
2008-03-31,75.25,77.95,74.99,77.51,3255200,16.45
2008-03-28,78.20,78.32,75.14,75.77,2768800,16.08
2008-03-27,79.00,79.51,78.19,78.49,5888000,16.65
2008-03-26,78.52,79.14,77.93,78.83,2590000,16.73
2008-03-25,79.00,79.54,77.98,79.13,5138400,16.79
2008-03-24,78.86,79.70,78.55,79.13,5259600,16.79
2008-03-20,76.72,78.97,76.31,78.92,4809600,16.74
2008-03-19,78.35,79.10,76.63,76.63,3135600,16.26
2008-03-18,76.76,78.14,76.35,78.11,2531600,16.57
2008-03-17,74.60,77.29,74.19,76.41,3812400,16.21
2008-03-14,77.57,77.73,75.05,76.27,2881200,16.18
2008-03-13,76.72,78.10,75.61,77.57,5132000,16.46
2008-03-12,77.50,78.63,76.02,78.02,5023200,16.55
2008-03-11,74.30,74.61,72.27,74.61,3168800,15.83
2008-03-10,74.00,75.15,72.12,72.21,2926800,15.32
2008-03-07,73.91,75.41,73.67,74.54,3638000,15.82
2008-03-06,76.35,76.84,74.01,74.22,4129200,15.75
2008-03-05,76.80,77.98,76.12,77.19,4327200,16.25
2008-03-04,75.10,76.98,75.01,76.62,3765600,16.13
2008-03-03,75.67,76.31,75.01,75.95,2752000,15.99
2008-02-29,78.30,78.30,75.61,76.04,2970400,16.01
2008-02-28,78.90,79.52,77.92,78.68,2475600,16.57
2008-02-27,79.33,80.09,79.17,79.55,5838400,16.75
2008-02-26,78.27,80.26,78.15,79.97,5928400,16.84
2008-02-25,78.38,78.97,77.73,78.50,4904800,16.53
2008-02-22,78.67,78.88,77.09,78.39,3174000,16.51
2008-02-21,79.96,80.50,78.28,78.51,2280400,16.53
2008-02-20,77.47,80.08,77.32,79.79,4172800,16.80
2008-02-19,80.28,81.55,78.05,78.56,3455200,16.54
2008-02-15,80.33,80.35,78.71,79.21,4104800,16.68
2008-02-14,81.91,81.91,80.28,80.48,3457200,16.95
2008-02-13,81.47,83.29,81.33,82.06,4791200,17.28
2008-02-12,81.06,82.39,80.89,81.84,3472400,17.23
2008-02-11,79.35,81.42,78.75,81.37,4770400,17.14
2008-02-08,79.36,80.43,78.42,79.74,5872400,16.79
2008-02-07,76.89,81.08,76.89,79.94,7518400,16.83
2008-02-06,76.30,78.18,75.50,77.47,7275600,16.31
2008-02-05,76.13,76.55,73.75,73.75,3594000,15.53
2008-02-04,79.96,79.96,76.20,76.27,3606800,16.06
2008-02-01,77.74,79.84,76.94,79.77,3014400,16.80
2008-01-31,75.40,78.29,73.50,77.30,3478800,16.28
2008-01-30,75.92,77.50,75.32,75.50,3056400,15.90
2008-01-29,74.83,76.08,72.96,75.95,2780000,15.99
2008-01-28,73.63,75.46,73.02,74.85,4357600,15.76
2008-01-25,74.11,76.05,73.61,73.89,4929600,15.56
2008-01-24,75.57,76.41,74.14,74.57,5419600,15.70
2008-01-23,70.58,75.67,69.81,75.55,7834000,15.91
2008-01-22,67.41,73.35,67.00,72.56,7395200,15.28
2008-01-18,68.62,71.56,66.55,68.00,4712800,14.32
2008-01-17,67.91,68.06,66.45,66.62,3909600,14.03
2008-01-16,67.43,68.55,67.07,67.93,8421200,14.30
2008-01-15,68.52,68.75,66.93,67.93,6087600,14.30
2008-01-14,71.78,72.39,68.59,69.56,5042400,14.65
2008-01-11,70.58,73.08,69.32,71.35,6916400,15.03
2008-01-10,69.49,71.45,67.64,70.72,6364800,14.89
2008-01-09,66.00,69.88,66.00,69.88,9324400,14.72
2008-01-08,66.64,66.64,64.40,64.44,3982800,13.57
2008-01-07,64.05,66.75,63.74,66.53,5799600,14.01
2008-01-04,66.14,66.21,63.68,63.79,3922400,13.43
2008-01-03,68.52,68.57,66.43,66.58,3040000,14.02
2008-01-02,68.52,69.14,67.50,67.81,3458400,14.28
