Date,Open,High,Low,Close,Volume,Adj Close
2013-12-31,57.80,57.89,57.39,57.83,1908500,57.57
2013-12-30,56.85,57.97,56.76,57.66,2324600,57.40
2013-12-27,57.97,57.98,56.43,56.68,4186700,56.42
2013-12-26,58.08,58.39,57.53,57.68,1731900,57.42
2013-12-24,57.97,58.22,57.72,57.99,825300,57.73
2013-12-23,59.35,59.50,57.78,57.95,3565900,57.69
2013-12-20,58.99,59.70,58.65,59.27,4490700,59.00
2013-12-19,57.71,58.83,57.16,58.75,4494700,58.48
2013-12-18,57.25,57.60,56.15,57.56,3413100,57.30
2013-12-17,56.38,57.60,55.72,57.31,4014200,57.05
2013-12-16,56.37,56.56,55.64,56.09,2570600,55.83
2013-12-13,56.16,56.48,55.71,56.01,1568900,55.75
2013-12-12,56.09,56.30,55.55,55.90,2285100,55.65
2013-12-11,55.71,56.57,55.71,56.18,2371300,55.92
2013-12-10,55.56,56.27,55.20,55.71,2025100,55.46
2013-12-09,56.59,56.64,55.56,55.69,1894800,55.44
2013-12-06,56.23,56.57,54.87,56.26,3350900,56.00
2013-12-05,55.89,56.04,55.50,55.61,2632200,55.36
2013-12-04,56.31,56.64,55.49,56.16,2602600,55.90
2013-12-03,56.44,56.79,56.04,56.69,2686300,56.43
2013-12-02,57.00,57.07,56.38,56.73,1734100,56.47
2013-11-29,57.37,57.41,56.33,56.60,1152600,56.34
2013-11-27,56.60,57.32,56.37,57.07,1945200,56.81
2013-11-26,56.31,56.58,55.95,56.47,2302700,56.21
2013-11-25,55.95,56.33,55.80,56.12,2117100,55.86
2013-11-22,56.15,56.20,55.38,55.95,3315400,55.69
2013-11-21,55.83,56.71,55.80,56.48,2095200,56.22
2013-11-20,56.00,56.36,55.70,55.84,2791100,55.59
2013-11-19,56.84,57.10,55.62,55.72,4225300,55.47
2013-11-18,58.87,58.97,56.88,56.99,4251800,56.73
2013-11-15,59.36,59.47,58.78,58.84,2119600,58.57
2013-11-14,59.19,59.46,58.70,59.27,2215200,59.00
2013-11-13,58.82,59.06,58.28,59.05,3337900,58.78
2013-11-12,57.80,59.43,57.60,59.00,5240000,58.73
2013-11-11,58.44,58.99,57.53,57.80,3365900,57.54
2013-11-08,57.26,58.67,57.15,58.55,5502500,58.28
2013-11-07,58.00,58.92,57.00,57.26,19286500,57.00
2013-11-06,63.84,64.72,63.57,64.47,4284400,64.18
2013-11-05,63.55,64.20,62.90,63.69,2392000,63.40
2013-11-04,63.52,63.89,63.14,63.48,1976100,63.19
2013-11-01,63.11,64.16,62.78,63.30,2803700,63.01
2013-10-31,63.58,63.81,62.68,63.13,2914800,62.84
2013-10-30,64.86,64.95,63.58,63.96,2157200,63.67
2013-10-29,64.95,65.28,64.50,64.85,1499700,64.55
2013-10-28,64.90,65.59,64.58,64.83,2136200,64.53
2013-10-25,64.92,65.31,64.75,65.24,1764100,64.94
2013-10-24,64.50,64.83,64.28,64.59,1637400,64.30
2013-10-23,63.91,64.36,63.79,64.14,2098100,63.85
2013-10-22,64.27,64.85,63.73,64.03,2129900,63.74
2013-10-21,63.96,64.20,63.43,63.86,1479800,63.57
2013-10-18,63.77,64.10,63.41,63.85,1938300,63.56
2013-10-17,62.69,63.49,62.27,63.40,2156700,63.11
2013-10-16,62.10,63.21,62.02,62.66,3018700,62.37
2013-10-15,62.00,62.00,61.40,61.51,2124300,61.23
2013-10-14,60.94,62.00,60.75,61.89,2407600,61.61
2013-10-11,59.83,61.25,59.71,61.18,2080600,60.90
2013-10-10,58.81,60.30,58.69,59.81,1927700,59.54
2013-10-09,59.21,59.28,57.71,58.42,2995000,58.15
2013-10-08,59.43,60.60,58.80,59.09,3557700,58.82
2013-10-07,59.02,59.39,58.80,59.15,1389600,58.88
2013-10-04,58.95,59.69,58.75,59.55,1250400,59.28
2013-10-03,59.29,59.55,58.76,58.89,2023800,58.62
2013-10-02,59.01,59.99,58.56,59.59,2257300,59.32
2013-10-01,58.47,59.26,58.45,59.12,1970700,58.85
2013-09-30,57.95,58.58,57.55,58.50,2238400,58.23
2013-09-27,58.23,58.44,57.81,58.33,1787500,58.06
2013-09-26,58.61,58.85,58.21,58.51,1204000,58.24
2013-09-25,58.69,58.90,57.91,58.33,1984800,58.06
2013-09-24,58.30,58.92,58.00,58.55,1626300,58.18
2013-09-23,57.83,58.73,57.73,58.24,2210200,57.88
2013-09-20,58.67,58.76,57.75,57.85,8249400,57.49
2013-09-19,59.32,59.34,58.10,58.54,2457700,58.17
2013-09-18,58.07,59.35,57.84,59.32,1968300,58.95
2013-09-17,57.75,58.48,57.73,58.14,1984400,57.78
2013-09-16,57.75,57.98,57.49,57.71,2582700,57.35
2013-09-13,56.75,57.42,56.69,57.11,2732600,56.75
2013-09-12,56.06,57.11,56.03,56.36,2122200,56.01
2013-09-11,55.49,56.11,55.01,56.09,1985500,55.74
2013-09-10,55.10,55.49,54.93,55.48,1744700,55.13
2013-09-09,54.74,55.08,54.52,54.91,2142900,54.57
2013-09-06,54.54,54.79,53.45,54.52,2531000,54.18
2013-09-05,53.66,54.33,53.62,54.19,1608900,53.85
2013-09-04,53.34,54.00,53.17,53.81,2394000,53.47
2013-09-03,53.20,53.80,53.20,53.31,2884100,52.98
2013-08-30,52.53,53.04,52.36,52.75,2520100,52.42
2013-08-29,51.23,52.67,51.00,52.47,2340200,52.14
2013-08-28,51.72,51.80,51.30,51.48,1698700,51.16
2013-08-27,52.00,52.22,51.61,51.86,1683900,51.54
2013-08-26,52.97,53.13,52.37,52.39,1369400,52.06
2013-08-23,52.74,52.98,52.28,52.88,1705300,52.55
2013-08-22,52.24,53.25,52.24,52.86,1628800,52.53
2013-08-21,52.58,52.94,52.11,52.20,2178300,51.87
2013-08-20,52.85,52.96,52.22,52.44,2339700,52.11
2013-08-19,52.98,53.30,52.53,52.55,2243100,52.22
2013-08-16,53.72,54.31,52.95,52.96,2690100,52.63
2013-08-15,54.14,54.32,53.51,53.82,2466700,53.48
2013-08-14,55.24,55.41,54.41,54.61,1864000,54.27
2013-08-13,55.71,55.75,55.05,55.53,1130100,55.18
2013-08-12,55.00,55.62,54.91,55.40,1766400,55.05
2013-08-09,55.75,55.90,54.97,55.42,1932300,55.07
2013-08-08,55.75,56.18,55.33,55.90,1514900,55.55
2013-08-07,55.69,55.84,55.36,55.40,2364700,55.05
2013-08-06,55.46,56.13,55.30,56.07,2168500,55.72
2013-08-05,55.04,56.08,54.83,55.73,2482700,55.38
2013-08-02,54.89,55.07,54.48,54.85,3035500,54.51
2013-08-01,54.50,56.60,54.31,55.14,7620100,54.79
2013-07-31,56.08,56.08,54.91,55.58,4805300,55.23
2013-07-30,55.96,56.15,55.44,55.62,3146100,55.27
2013-07-29,55.25,56.09,55.24,55.51,3417700,55.16
2013-07-26,54.51,55.99,54.47,55.97,2516200,55.62
2013-07-25,54.59,55.20,54.25,55.12,2468500,54.77
2013-07-24,55.11,55.50,54.48,54.49,2373400,54.15
2013-07-23,55.96,56.11,55.04,55.07,2099200,54.73
2013-07-22,56.38,56.48,55.69,55.97,2815100,55.62
2013-07-19,56.51,56.59,55.64,55.93,3174300,55.58
2013-07-18,56.22,56.74,56.09,56.22,2267300,55.87
2013-07-17,56.50,56.83,56.16,56.24,1590100,55.89
2013-07-16,56.66,56.70,55.94,56.38,1985600,56.03
2013-07-15,56.30,56.72,55.80,56.67,2009600,56.32
2013-07-12,55.78,56.26,55.62,56.23,2530900,55.88
2013-07-11,55.26,55.89,55.26,55.77,3435100,55.42
2013-07-10,54.53,54.82,54.10,54.66,1901400,54.32
2013-07-09,54.14,54.85,54.05,54.71,2745300,54.37
2013-07-08,53.39,54.06,52.95,53.85,2642700,53.51
2013-07-05,53.54,53.63,52.44,53.23,1461700,52.90
2013-07-03,52.17,53.10,52.11,53.03,1140500,52.70
2013-07-02,52.09,53.02,51.90,52.68,2246600,52.35
2013-07-01,51.95,52.35,51.34,52.06,2252700,51.63
2013-06-28,51.57,51.97,51.19,51.48,4096200,51.06
2013-06-27,53.04,53.21,52.20,52.37,2136600,51.94
2013-06-26,52.44,53.00,52.30,52.86,2295500,52.43
2013-06-25,51.30,52.13,50.93,51.92,1923700,51.50
2013-06-24,50.83,51.58,50.33,50.83,2369100,50.41
2013-06-21,50.90,51.57,50.32,51.14,3939000,50.72
2013-06-20,51.55,51.82,50.56,50.71,2757100,50.30
2013-06-19,52.80,52.89,51.92,51.93,1902700,51.51
2013-06-18,52.25,52.86,52.25,52.73,2073300,52.30
2013-06-17,51.90,52.78,51.71,52.31,2840900,51.88
2013-06-14,51.32,51.91,50.87,51.38,1632400,50.96
2013-06-13,50.62,51.52,50.56,51.35,1496200,50.93
2013-06-12,51.49,51.82,50.62,50.72,1437600,50.31
2013-06-11,51.50,52.09,50.92,51.25,1759000,50.83
2013-06-10,51.50,52.26,51.44,52.05,2342400,51.62
2013-06-07,51.17,51.82,51.08,51.51,2209100,51.09
2013-06-06,50.66,50.89,49.95,50.88,3405200,50.46
2013-06-05,51.32,51.38,50.17,50.42,3667300,50.01
2013-06-04,52.25,52.83,51.05,51.24,3898600,50.82
2013-06-03,52.00,52.49,51.46,52.38,3123500,51.95
2013-05-31,53.04,53.11,51.86,51.86,3385800,51.44
2013-05-30,53.18,53.51,52.80,53.17,2317500,52.74
2013-05-29,105.42,106.27,104.80,105.41,4064800,52.27
2013-05-28,105.66,107.20,104.98,105.71,2530600,52.42
2013-05-24,103.83,105.10,103.53,104.80,2789800,51.97
2013-05-23,102.72,105.15,102.30,104.58,3765800,51.86
2013-05-22,105.09,105.86,102.88,103.55,4683000,51.35
2013-05-21,103.80,105.40,103.68,105.07,3113000,52.11
2013-05-20,103.60,104.35,103.13,103.74,2818800,51.45
2013-05-17,102.68,103.82,102.19,103.77,3418000,51.46
2013-05-16,103.00,104.00,101.67,102.04,2780600,50.60
2013-05-15,102.57,103.70,102.20,103.33,2812800,51.24
2013-05-14,102.04,102.85,101.00,102.65,3478200,50.91
2013-05-13,100.13,102.27,100.10,101.36,3828400,50.27
2013-05-10,101.20,101.72,100.31,100.89,3449400,50.03
2013-05-09,101.75,102.11,100.53,100.87,5204400,50.02
2013-05-08,100.70,103.72,99.75,102.19,17292400,50.68
2013-05-07,91.98,92.92,90.85,92.80,10106600,46.02
2013-05-06,91.41,91.95,91.23,91.80,3940200,45.52
2013-05-03,91.27,91.57,90.81,91.46,4954600,45.36
2013-05-02,88.86,91.08,88.10,90.27,5351000,44.77
2013-05-01,88.35,89.74,88.34,89.02,3645400,44.15
2013-04-30,88.40,88.50,87.49,88.32,4388200,43.80
2013-04-29,88.66,88.94,87.91,88.13,3429800,43.70
2013-04-26,88.32,88.79,88.00,88.61,3370400,43.94
2013-04-25,89.39,89.50,87.82,88.25,3969600,43.76
2013-04-24,89.00,89.77,88.86,89.19,3656200,44.23
2013-04-23,87.17,88.98,86.91,88.78,4478800,44.03
2013-04-22,86.00,87.53,85.71,87.10,3296200,43.19
2013-04-19,84.70,86.23,84.70,86.07,2925800,42.68
2013-04-18,86.18,86.29,84.55,85.01,1892800,42.16
2013-04-17,86.41,86.47,84.45,85.84,3372800,42.57
2013-04-16,86.85,87.98,86.33,87.02,3970600,43.15
2013-04-15,87.50,88.20,86.43,86.57,4827200,42.93
2013-04-12,87.53,88.01,86.89,88.01,3641400,43.65
2013-04-11,86.69,87.85,86.50,87.42,6291600,43.35
2013-04-10,83.67,86.41,83.67,86.37,6277800,42.83
2013-04-09,83.85,84.35,83.03,83.68,3742200,41.40
2013-04-08,82.59,83.74,81.39,83.74,6815600,41.43
2013-04-05,82.20,83.10,81.86,83.02,4730600,41.07
2013-04-04,83.13,84.13,82.50,83.11,4708600,41.12
2013-04-03,84.83,84.88,83.00,83.23,6405200,41.18
2013-04-02,85.54,86.09,84.33,84.52,4332600,41.81
2013-04-01,86.76,87.27,85.01,85.34,3201200,42.22
2013-03-28,87.34,87.48,86.71,86.75,3007400,42.92
2013-03-27,86.51,87.47,85.95,87.26,2360800,43.17
2013-03-26,86.50,86.99,86.39,86.87,2751000,42.98
2013-03-25,86.77,87.60,85.37,86.35,4887800,42.72
2013-03-22,86.39,87.79,86.39,87.78,3273800,43.43
2013-03-21,85.91,86.54,85.01,86.26,3728600,42.68
2013-03-20,85.84,86.93,85.78,86.29,3983200,42.69
2013-03-19,86.47,86.72,84.84,85.56,3364800,42.33
2013-03-18,85.88,86.79,85.29,86.43,2725800,42.76
2013-03-15,88.15,88.54,86.44,87.06,4951200,43.07
2013-03-14,88.12,88.77,87.83,88.58,3358200,43.82
2013-03-13,86.14,88.09,85.88,88.01,4978000,43.54
2013-03-12,86.39,86.39,85.25,85.79,2681200,42.44
2013-03-11,85.01,86.50,84.76,86.00,3720600,42.55
2013-03-08,86.68,86.79,84.72,85.00,3878400,42.05
2013-03-07,85.58,86.50,85.37,86.03,4099400,42.56
2013-03-06,85.00,86.11,84.80,85.49,5385200,42.29
2013-03-05,86.30,86.84,85.34,85.71,3637800,42.40
2013-03-04,85.79,86.26,85.30,86.05,3978400,42.57
2013-03-01,85.38,85.89,84.93,85.79,4174600,42.44
2013-02-28,85.50,86.47,85.31,85.62,5277400,42.36
2013-02-27,84.00,85.70,83.70,85.30,5003000,42.20
2013-02-26,84.65,84.69,83.07,83.96,6256600,41.54
2013-02-25,86.25,87.07,84.42,84.50,4689600,41.80
2013-02-22,85.20,85.88,84.64,85.83,3644000,42.46
2013-02-21,85.00,86.38,84.60,84.93,8554400,42.02
2013-02-20,87.39,87.62,85.10,85.29,6096600,42.20
2013-02-19,88.82,88.83,86.93,87.36,5806400,43.22
2013-02-15,88.02,88.25,87.30,88.12,7674800,43.60
2013-02-14,89.70,89.88,87.11,87.50,28074000,43.29
2013-02-13,96.70,96.93,95.51,96.90,6201200,47.94
2013-02-12,95.98,96.78,95.56,96.11,2977000,47.55
2013-02-11,94.73,95.95,94.63,95.92,4015800,47.45
2013-02-08,94.50,95.28,94.27,94.59,2846200,46.80
2013-02-07,93.60,94.38,92.47,94.17,3502600,46.59
2013-02-06,93.49,93.90,93.01,93.36,3793600,46.19
2013-02-05,94.94,95.26,94.34,94.50,2434600,46.75
2013-02-04,95.90,96.30,94.27,94.28,2465000,46.64
2013-02-01,96.86,96.86,95.90,96.22,2054000,47.60
2013-01-31,95.16,96.64,94.65,96.25,2201400,47.62
2013-01-30,95.53,95.85,94.85,95.25,1923200,47.12
2013-01-29,95.85,96.18,95.31,95.62,2574400,47.31
2013-01-28,96.37,96.73,95.50,96.33,3545000,47.66
2013-01-25,94.01,95.77,94.00,95.65,3880200,47.32
2013-01-24,93.20,94.88,93.14,93.55,3162000,46.28
2013-01-23,92.36,93.28,91.73,93.17,3304200,46.09
2013-01-22,90.95,92.50,90.81,92.42,3689800,45.72
2013-01-18,90.10,90.69,89.86,90.54,3882800,44.79
2013-01-17,89.82,90.73,89.58,90.24,2594000,44.64
2013-01-16,88.89,89.58,88.66,89.48,1893800,44.27
2013-01-15,88.72,89.36,87.98,89.30,3121400,44.08
2013-01-14,89.01,89.59,88.19,89.16,2752200,44.01
2013-01-11,89.00,89.00,87.34,88.66,2923200,43.76
2013-01-10,89.12,89.54,87.70,88.44,3313000,43.66
2013-01-09,88.03,89.34,88.01,88.96,3586400,43.91
2013-01-08,88.61,89.37,86.85,87.88,6212800,43.38
2013-01-07,91.06,91.06,87.85,88.41,6012000,43.64
2013-01-04,91.97,92.50,90.82,91.22,2748400,45.03
2013-01-03,92.11,92.65,91.31,91.78,2386400,45.30
2013-01-02,93.14,93.25,91.53,91.97,3378800,45.40
2012-12-31,88.92,91.41,88.70,91.16,2294000,45.00
2012-12-28,89.37,90.00,89.15,89.20,1630200,44.03
2012-12-27,90.47,90.89,89.13,90.09,2288600,44.47
2012-12-26,90.81,91.75,90.13,90.46,1571000,44.65
2012-12-24,90.63,91.36,90.33,91.00,866800,44.92
2012-12-21,90.88,91.61,90.00,91.18,4759400,45.01
2012-12-20,91.64,92.06,91.30,91.70,2572400,45.27
2012-12-19,91.72,92.00,91.20,91.24,2336400,45.04
2012-12-18,90.00,91.77,89.50,91.71,3598400,45.27
2012-12-17,88.68,89.97,88.51,89.84,2580600,44.35
2012-12-14,89.16,89.93,88.18,88.54,2300200,43.71
2012-12-13,90.72,91.18,89.14,89.22,2225600,44.04
2012-12-12,92.00,92.24,90.43,90.61,1868800,44.73
2012-12-11,91.20,92.71,91.02,91.77,2241600,45.30
2012-12-10,90.76,91.54,90.30,90.66,2470200,44.75
2012-12-07,91.69,91.71,90.42,90.59,1985000,44.72
2012-12-06,90.91,92.40,90.91,91.17,2704800,45.00
2012-12-05,92.28,93.28,91.97,92.86,2643800,44.85
2012-12-04,91.53,92.23,91.02,92.07,5681000,44.47
2012-12-03,93.90,93.99,92.05,92.41,5106600,44.63
2012-11-30,94.48,94.48,92.73,93.36,4049200,45.09
2012-11-29,93.10,93.83,92.76,93.08,3066000,44.96
2012-11-28,89.73,92.48,89.42,92.44,4179600,44.65
2012-11-27,92.07,92.17,91.01,91.37,2861600,44.13
2012-11-26,95.00,95.00,91.54,92.15,4791600,44.51
2012-11-23,92.81,95.19,92.58,95.06,2289200,45.91
2012-11-21,93.25,94.10,91.63,92.07,5075400,44.47
2012-11-20,91.74,93.46,90.91,93.42,4664400,45.12
2012-11-19,91.15,91.96,90.20,91.41,4193400,44.15
2012-11-16,88.32,90.74,88.20,90.54,3410800,43.73
2012-11-15,88.02,88.84,87.77,88.62,3374600,42.80
2012-11-14,90.85,90.85,87.70,88.09,3685000,42.55
2012-11-13,90.50,91.78,90.35,90.41,2227200,43.67
2012-11-12,91.69,92.34,90.77,91.01,2147200,43.96
2012-11-09,90.02,91.90,88.90,91.57,4578800,44.23
2012-11-08,92.46,94.68,90.17,90.31,8374600,43.62
2012-11-07,96.77,97.75,95.23,95.93,7401400,46.33
2012-11-06,98.63,98.66,97.15,98.00,2522600,47.33
2012-11-05,97.00,98.61,96.52,98.17,2514000,47.42
2012-11-02,97.00,99.00,96.51,97.15,4493800,46.92
2012-11-01,95.20,95.85,94.04,94.46,2169000,45.62
2012-10-31,94.42,96.32,93.25,94.79,2551000,45.78
2012-10-26,93.73,94.94,93.45,94.21,2371400,45.50
2012-10-25,94.18,94.65,92.76,93.50,1970400,45.16
2012-10-24,94.55,95.28,92.88,93.01,2872800,44.92
2012-10-23,95.02,95.40,93.50,93.96,3086200,45.38
2012-10-22,96.38,96.78,95.35,95.89,1898200,46.31
2012-10-19,99.50,99.50,96.23,96.65,4098800,46.68
2012-10-18,99.92,100.02,99.10,99.89,2102400,48.25
2012-10-17,98.92,99.99,98.57,99.85,1863400,48.23
2012-10-16,97.80,99.26,97.52,98.84,1900600,47.74
2012-10-15,96.96,97.52,95.66,97.43,1932800,47.06
2012-10-12,97.44,97.95,95.46,96.40,2030400,46.56
2012-10-11,98.18,98.43,96.58,97.16,1852600,46.93
2012-10-10,98.08,98.40,97.05,97.41,1347200,47.05
2012-10-09,100.14,100.84,97.91,97.99,2483800,47.33
2012-10-08,100.57,100.67,99.44,100.45,1566400,48.52
2012-10-05,99.90,101.86,99.87,101.19,2937400,48.87
2012-10-04,98.50,99.57,98.06,99.53,1568600,48.07
2012-10-03,97.81,98.66,97.49,98.18,2340800,47.42
2012-10-02,97.66,97.96,96.37,97.42,1804000,47.05
2012-10-01,97.81,99.15,97.10,97.49,2559400,47.09
2012-09-28,97.04,97.80,96.53,97.40,1778400,47.04
2012-09-27,96.79,97.78,95.72,97.66,2328200,47.17
2012-09-26,98.00,98.18,96.21,96.43,3197600,46.57
2012-09-25,99.79,100.50,98.12,98.26,2580600,47.39
2012-09-24,99.40,100.50,98.52,100.08,2592600,48.27
2012-09-21,99.39,100.27,98.93,99.75,9361400,48.11
2012-09-20,98.50,99.49,98.31,99.39,1830600,47.94
2012-09-19,97.29,99.38,97.02,99.24,2136400,47.86
2012-09-18,97.45,97.46,96.51,97.46,2033800,47.01
2012-09-17,97.76,97.92,96.81,97.62,1752800,47.08
2012-09-14,98.07,99.60,97.38,97.76,2627400,47.15
2012-09-13,96.15,98.18,95.90,97.96,2227600,47.25
2012-09-12,96.20,96.73,95.78,96.29,2132600,46.44
2012-09-11,97.58,97.80,95.51,95.91,3084400,46.26
2012-09-10,97.32,98.49,97.22,97.78,1976600,47.16
2012-09-07,98.10,98.22,96.75,97.70,2247000,47.12
2012-09-06,97.07,98.27,96.90,98.22,2306600,47.37
2012-09-05,96.98,97.81,96.00,96.31,2766600,46.45
2012-09-04,96.89,97.59,96.26,96.63,2267600,46.60
2012-08-31,97.51,97.89,95.84,96.75,2267600,46.66
2012-08-30,96.68,97.43,96.20,97.04,1577000,46.80
2012-08-29,97.56,98.47,96.57,97.00,3251200,46.78
2012-08-28,96.74,97.36,96.24,96.79,1749600,46.68
2012-08-27,96.91,97.63,96.11,96.82,1721400,46.70
2012-08-24,95.33,97.18,95.20,97.03,1907200,46.80
2012-08-23,97.36,98.00,95.00,95.08,3235200,45.86
2012-08-22,95.95,97.75,95.93,97.00,2431200,46.78
2012-08-21,95.57,96.25,95.00,95.94,2226800,46.27
2012-08-20,95.98,95.98,94.61,95.09,2878200,45.86
2012-08-17,96.22,96.22,95.01,95.73,2282000,46.17
2012-08-16,94.06,96.25,93.66,95.93,3016200,46.27
2012-08-15,93.22,94.54,92.89,94.46,1758600,45.56
2012-08-14,94.41,94.56,93.46,93.73,1408000,45.21
2012-08-13,93.90,94.21,92.68,93.99,1810200,45.33
2012-08-10,94.20,95.03,93.54,93.96,2000200,45.32
2012-08-09,93.78,94.82,93.43,94.66,1916200,45.65
2012-08-08,93.92,94.80,93.34,93.71,3079600,45.20
2012-08-07,94.94,95.41,93.64,93.91,2085400,45.29
2012-08-06,94.64,95.73,94.24,94.33,1887800,45.50
2012-08-03,95.20,95.98,94.41,94.60,2829600,45.63
2012-08-02,92.00,93.88,91.67,92.91,2907600,44.81
2012-08-01,92.27,93.61,92.00,92.69,2899800,44.70
2012-07-31,91.80,92.46,91.60,91.78,3577000,44.27
2012-07-30,92.55,92.83,91.57,91.80,3269000,44.28
2012-07-27,93.61,93.65,92.52,92.55,6002400,44.64
2012-07-26,93.58,94.50,90.83,94.10,12746800,45.38
2012-07-25,84.05,84.78,82.58,84.53,9904200,40.77
2012-07-24,84.03,85.24,83.30,84.00,4141000,40.51
2012-07-23,82.49,84.05,81.55,83.81,5069800,40.42
2012-07-20,88.88,89.00,83.68,84.03,13811000,40.53
2012-07-19,92.16,92.17,89.65,90.54,6292600,43.67
2012-07-18,92.78,93.77,92.26,92.54,2664400,44.63
2012-07-17,94.43,94.61,92.26,93.82,2501000,45.25
2012-07-16,94.73,95.12,93.63,93.86,1653000,45.27
2012-07-13,93.89,95.25,93.52,94.77,2207000,45.71
2012-07-12,92.77,93.90,91.89,93.50,2999600,45.10
2012-07-11,95.26,95.44,93.00,93.70,2724200,45.19
2012-07-10,94.20,95.75,94.04,95.12,3657000,45.88
2012-07-09,95.19,95.52,93.73,94.12,1713200,45.39
2012-07-06,95.56,95.99,94.31,95.08,2045200,45.86
2012-07-05,95.47,96.90,95.30,96.29,2704200,46.44
2012-07-03,94.69,95.95,94.39,95.79,1686200,46.20
2012-07-02,95.23,95.23,93.85,94.63,3746200,45.64
2012-06-29,95.42,95.90,94.27,95.32,4786000,45.97
2012-06-28,94.50,95.14,92.34,93.72,5220800,45.20
2012-06-27,96.80,97.06,94.95,94.99,3573000,45.81
2012-06-26,95.74,97.25,95.21,96.91,3086800,46.67
2012-06-25,95.61,96.05,94.18,95.56,2296000,46.02
2012-06-22,94.83,96.96,94.29,96.27,7041800,46.36
2012-06-21,96.79,96.79,94.12,94.17,3440600,45.35
2012-06-20,96.38,96.38,94.80,96.14,3367200,46.30
2012-06-19,95.72,95.94,94.77,95.68,3067200,46.08
2012-06-18,93.44,95.69,93.21,95.14,4026800,45.82
2012-06-15,91.84,95.00,91.65,94.47,6335000,45.50
2012-06-14,90.28,91.80,90.07,91.54,3922200,44.09
2012-06-13,91.05,91.92,87.59,89.90,9437000,43.30
2012-06-12,90.28,91.40,89.64,91.31,2305200,43.98
2012-06-11,91.50,92.00,89.63,89.76,3031000,43.23
2012-06-08,89.69,91.06,89.29,90.93,2801200,43.79
2012-06-07,91.06,91.22,89.54,90.27,3058600,43.47
2012-06-06,88.55,90.98,88.41,90.83,3683000,43.74
2012-06-05,86.52,88.71,86.18,88.39,4216800,42.57
2012-06-04,85.89,86.67,84.51,86.55,3429000,41.68
2012-06-01,87.91,88.48,85.59,85.68,5245000,41.26
2012-05-31,89.10,89.59,88.11,88.61,8979600,42.68
2012-05-30,88.90,89.68,87.81,89.51,4130600,43.11
2012-05-29,87.58,89.37,87.28,89.35,3418000,43.03
2012-05-25,86.67,87.67,86.39,87.27,2152800,42.03
2012-05-24,86.23,86.42,85.42,86.42,2470200,41.62
2012-05-23,85.81,86.95,84.83,86.38,4033000,41.60
2012-05-22,85.57,87.64,85.23,86.89,4477800,41.85
2012-05-21,83.35,85.85,82.69,85.63,3785800,41.24
2012-05-18,84.29,84.57,82.98,83.05,3588000,40.00
2012-05-17,86.49,86.83,83.76,83.96,3507000,40.44
2012-05-16,87.26,87.91,86.35,86.47,2559600,41.64
2012-05-15,87.20,88.66,87.02,87.23,3004400,42.01
2012-05-14,87.34,88.13,86.69,87.45,3000000,42.12
2012-05-11,87.96,89.52,87.56,88.54,2624000,42.64
2012-05-10,88.49,88.99,87.22,88.16,2833800,42.46
2012-05-09,87.37,89.39,87.26,88.10,3767800,42.43
2012-05-08,89.42,89.80,86.99,88.33,5149800,42.54
2012-05-07,89.76,90.28,89.25,89.81,3894200,43.25
2012-05-04,89.72,91.50,89.71,89.96,5308800,43.33
2012-05-03,87.49,91.06,87.49,90.69,14905600,43.68
2012-05-02,83.99,84.44,83.01,84.31,4676400,40.60
2012-05-01,83.54,85.32,83.26,84.11,3771400,40.51
2012-04-30,83.21,83.48,82.51,83.07,2687600,40.01
2012-04-27,84.11,84.19,82.61,83.49,3148800,40.21
2012-04-26,83.08,84.40,82.42,84.08,2445000,40.49
2012-04-25,82.57,83.30,82.32,83.04,2408000,39.99
2012-04-24,83.88,84.04,81.72,82.05,4172000,39.52
2012-04-23,83.85,84.00,83.01,83.67,2438000,40.30
2012-04-20,84.51,85.52,84.08,84.66,3455000,40.77
2012-04-19,85.15,85.16,83.67,83.96,2298600,40.44
2012-04-18,85.33,85.48,84.69,85.02,2063800,40.95
2012-04-17,85.49,86.00,85.20,85.72,1822600,41.28
2012-04-16,85.51,85.89,84.27,84.96,2416600,40.92
2012-04-13,85.66,85.84,84.97,85.31,2071600,41.09
2012-04-12,84.06,85.75,83.76,85.68,2285600,41.26
2012-04-11,82.81,84.48,82.40,84.01,3122000,40.46
2012-04-10,83.09,84.00,81.56,81.69,3524000,39.34
2012-04-09,82.34,83.54,82.11,83.27,1925600,40.10
2012-04-05,80.89,83.82,80.81,83.67,2672200,40.30
2012-04-04,82.77,83.10,81.54,81.58,2159400,39.29
2012-04-03,83.10,83.90,82.39,82.96,2354400,39.95
2012-04-02,83.22,83.63,82.66,83.47,2323800,40.13
2012-03-30,83.18,83.49,82.49,83.20,3059000,40.00
2012-03-29,83.88,84.50,82.26,82.61,6360800,39.72
2012-03-28,84.39,85.59,84.31,85.59,3106200,41.15
2012-03-27,84.66,84.94,83.96,84.14,1994800,40.45
2012-03-26,84.29,84.75,83.77,84.66,2449200,40.70
2012-03-23,83.05,83.50,82.48,83.45,2059200,40.12
2012-03-22,83.41,83.86,82.91,82.95,2393600,39.88
2012-03-21,84.48,84.49,83.72,83.97,2283000,40.37
2012-03-20,85.02,85.18,84.05,84.29,1480400,40.53
2012-03-19,85.05,85.27,84.30,85.23,2052800,40.98
2012-03-16,85.43,86.35,84.67,85.15,4722000,40.94
2012-03-15,85.12,85.60,84.68,85.49,1792600,41.10
2012-03-14,85.91,86.00,84.84,85.13,1803000,40.93
2012-03-13,84.43,86.00,84.16,85.97,4115600,41.33
2012-03-12,84.05,84.14,83.44,83.80,1312600,40.29
2012-03-09,83.76,84.17,83.28,83.87,1783400,40.32
2012-03-08,82.42,83.96,82.42,83.84,2408600,40.31
2012-03-07,81.01,82.28,80.80,82.00,2222000,39.43
2012-03-06,81.79,82.32,80.83,80.93,2233800,38.91
2012-03-05,82.90,83.00,82.11,82.62,2531400,39.72
2012-03-02,82.13,83.43,82.00,82.81,3433000,39.81
2012-03-01,80.85,82.44,80.68,82.17,4165000,39.51
2012-02-29,80.82,81.15,80.44,80.74,4264600,38.82
2012-02-28,81.64,82.10,80.80,81.00,2835800,38.94
2012-02-27,80.67,82.22,80.32,81.65,2705000,39.26
2012-02-24,81.37,81.81,80.85,81.10,1700400,38.99
2012-02-23,80.50,81.83,79.58,81.02,1825400,38.95
2012-02-22,80.69,80.98,80.04,80.42,1764600,38.67
2012-02-21,81.20,81.59,80.27,80.58,2670200,38.74
2012-02-17,80.74,81.55,80.71,81.20,2195600,39.04
2012-02-16,80.04,80.80,80.00,80.60,2019800,38.75
2012-02-15,81.20,81.25,79.83,79.94,2326000,38.43
2012-02-14,81.00,81.00,80.07,80.99,2320400,38.94
2012-02-13,81.71,81.75,80.55,80.96,3300400,38.93
2012-02-10,80.27,82.19,79.50,81.62,8413800,39.24
2012-02-09,77.95,82.36,77.91,82.02,16848200,39.43
2012-02-08,76.35,78.31,76.33,77.93,8778800,37.47
2012-02-07,76.63,76.77,75.60,75.80,2377000,36.44
2012-02-06,76.14,77.01,75.85,76.41,2593200,36.74
2012-02-03,76.13,76.99,75.75,76.25,2249600,36.66
2012-02-02,75.21,76.00,75.21,75.60,2616200,36.35
2012-02-01,74.94,75.90,74.74,75.21,3023200,36.16
2012-01-31,74.49,74.86,73.53,74.03,2503400,35.59
2012-01-30,74.25,74.33,73.52,73.94,2693400,35.55
2012-01-27,74.75,75.93,74.27,74.89,2614200,36.01
2012-01-26,77.57,77.66,75.06,75.19,3924800,36.15
2012-01-25,76.69,77.74,76.52,77.15,1974000,37.09
2012-01-24,75.88,77.36,75.76,77.31,2440200,37.17
2012-01-23,76.52,76.99,75.80,76.12,2298600,36.60
2012-01-20,77.20,77.20,76.06,76.30,4169200,36.68
2012-01-19,77.63,77.68,76.83,77.33,3374200,37.18
2012-01-18,76.71,78.29,76.52,77.87,4657800,37.44
2012-01-17,74.06,77.33,74.06,76.73,8166400,36.89
2012-01-13,71.78,73.75,71.52,73.69,3170000,35.43
2012-01-12,72.31,72.74,71.26,71.93,2723200,34.58
2012-01-11,72.46,72.87,71.93,72.27,2122400,34.75
2012-01-10,73.50,73.86,71.69,72.68,3310400,34.88
2012-01-09,72.88,73.43,72.36,72.89,2703200,34.98
2012-01-06,72.64,73.36,72.08,72.88,3702600,34.97
2012-01-05,71.15,72.82,70.40,72.75,4662000,34.91
2012-01-04,69.51,71.60,69.40,71.49,3473800,34.31
2012-01-03,70.55,71.07,69.34,69.64,2729200,33.42
2011-12-30,69.71,70.06,69.40,69.58,1995200,33.39
2011-12-29,69.62,70.14,69.45,69.94,2141800,33.56
2011-12-28,68.78,69.90,68.32,69.49,2511600,33.35
2011-12-27,68.70,69.21,68.28,68.93,1762600,33.08
2011-12-23,68.34,68.96,68.05,68.74,1312200,32.99
2011-12-22,68.61,68.89,68.35,68.46,2559000,32.85
2011-12-21,68.14,68.78,67.85,68.45,3468000,32.85
2011-12-20,67.37,68.76,67.21,68.70,3091600,32.97
2011-12-19,66.51,67.20,65.77,66.06,2610800,31.70
2011-12-16,66.78,67.33,65.95,66.16,4077400,31.75
2011-12-15,66.60,66.83,66.13,66.29,2560800,31.81
2011-12-14,67.00,67.46,65.80,66.01,2451800,31.68
2011-12-13,68.66,68.98,67.11,67.51,1841400,32.40
2011-12-12,68.53,68.53,67.62,68.22,1501800,32.74
2011-12-09,67.46,69.35,67.06,69.11,2407000,33.16
2011-12-08,68.34,68.39,66.58,67.05,2876000,32.18
2011-12-07,69.26,69.50,67.43,68.50,2997200,32.87
2011-12-06,69.27,70.10,69.16,69.83,2511800,33.51
2011-12-05,69.43,69.66,68.67,69.32,1875000,33.26
2011-12-02,68.29,69.32,68.26,68.37,1873800,32.81
2011-12-01,67.80,68.37,67.23,67.85,2711200,32.56
2011-11-30,66.51,68.83,66.51,68.10,7003800,32.68
2011-11-29,65.52,65.93,64.88,65.19,2947400,31.28
2011-11-28,65.72,66.16,64.97,65.53,2707400,31.45
2011-11-25,63.15,64.25,63.00,63.55,1456600,30.50
2011-11-23,64.44,64.76,63.18,63.23,2807200,30.34
2011-11-22,63.47,66.04,63.26,65.10,3496600,31.24
2011-11-21,64.42,64.64,62.77,63.78,3885200,30.61
2011-11-18,66.25,66.72,65.36,65.42,4176400,31.39
2011-11-17,67.00,67.31,65.18,65.86,3497400,31.60
2011-11-16,67.54,68.46,66.45,66.85,3162400,32.08
2011-11-15,67.48,68.52,66.88,68.33,2387200,32.79
2011-11-14,68.50,68.74,67.00,67.61,2104200,32.44
2011-11-11,67.86,68.95,67.53,68.70,2546800,32.97
2011-11-10,67.50,67.73,65.60,67.13,3047400,32.21
2011-11-09,67.53,68.23,66.63,66.78,3839600,32.05
2011-11-08,68.90,68.97,67.86,68.51,5210200,32.88
2011-11-07,69.03,69.05,67.91,68.32,5269000,32.78
2011-11-04,68.68,69.13,68.12,68.67,5354200,32.95
2011-11-03,67.57,69.63,66.44,69.15,11186600,33.18
2011-11-02,70.54,71.25,69.40,70.56,6730000,33.86
2011-11-01,70.00,70.59,68.25,69.51,5418600,33.36
2011-10-31,72.72,73.34,72.12,72.12,3359400,34.61
2011-10-28,74.00,74.20,72.86,73.65,3244200,35.34
2011-10-27,72.94,74.45,72.57,74.20,4245000,35.61
2011-10-26,70.65,71.49,69.25,71.05,3409800,34.09
2011-10-25,73.18,73.65,70.17,70.22,3957400,33.70
2011-10-24,72.00,74.00,71.90,73.95,2983000,35.49
2011-10-21,71.66,72.16,71.10,72.00,2397000,34.55
2011-10-20,71.43,72.01,69.96,70.89,2217600,34.02
2011-10-19,70.68,72.93,70.50,71.02,4676600,34.08
2011-10-18,67.83,69.60,67.15,69.23,1713400,33.22
2011-10-17,68.96,69.44,67.51,67.70,2060400,32.49
2011-10-14,68.41,69.12,67.85,69.12,2011800,33.17
2011-10-13,68.53,69.00,66.76,67.69,2524400,32.48
2011-10-12,69.06,69.75,68.38,68.45,2934600,32.85
2011-10-11,68.86,68.87,67.01,68.38,3448800,32.81
2011-10-10,67.60,69.50,67.41,69.33,3216400,33.27
2011-10-07,67.56,67.80,65.83,66.80,3284800,32.06
2011-10-06,65.21,67.49,64.34,67.34,5016600,32.31
2011-10-05,63.43,65.30,61.66,65.22,6007400,31.30
2011-10-04,61.53,63.60,60.39,63.47,7725600,30.46
2011-10-03,65.21,66.60,62.36,62.44,6017400,29.96
2011-09-30,66.30,67.90,65.09,65.31,4634800,31.34
2011-09-29,71.00,71.65,66.13,67.07,5408600,32.18
2011-09-28,71.29,71.96,70.00,70.09,3258200,33.63
2011-09-27,72.24,72.70,70.40,70.94,4414600,34.04
2011-09-26,69.10,71.68,67.73,71.57,3742400,34.34
2011-09-23,67.21,68.34,66.51,68.20,3193200,32.73
2011-09-22,67.91,69.54,66.60,67.63,5248800,32.45
2011-09-21,71.55,72.50,70.03,70.05,3746400,33.61
2011-09-20,72.00,73.33,70.68,72.00,5675200,34.55
2011-09-19,68.05,72.60,68.01,72.10,7394400,34.60
2011-09-16,68.60,69.24,67.93,69.05,8958400,33.14
2011-09-15,67.44,68.95,67.22,68.50,6462600,32.87
2011-09-14,66.85,67.44,65.67,66.91,4370800,32.06
2011-09-13,64.99,66.79,63.76,66.56,4167600,31.89
2011-09-12,63.27,65.91,63.27,65.67,2942400,31.47
2011-09-09,65.06,65.26,63.73,64.48,4846000,30.90
2011-09-08,66.30,67.14,65.59,65.76,3653200,31.51
2011-09-07,65.73,66.85,65.13,66.85,4505800,32.03
2011-09-06,61.43,64.63,60.91,64.53,3645000,30.92
2011-09-02,63.64,63.86,62.46,63.11,3260000,30.24
2011-09-01,66.28,66.48,64.83,64.96,3565800,31.13
2011-08-31,64.10,66.34,64.06,66.04,5000200,31.64
2011-08-30,63.79,64.69,62.68,63.77,3484800,30.56
2011-08-29,61.59,64.33,61.35,64.29,3248800,30.80
2011-08-26,58.16,61.10,57.42,61.08,3688600,29.27
2011-08-25,59.73,60.20,58.24,58.43,2302400,28.00
2011-08-24,58.90,60.11,58.40,59.55,3570000,28.53
2011-08-23,56.98,58.92,56.37,58.92,4407600,28.23
2011-08-22,58.18,58.18,56.56,56.77,4798200,27.20
2011-08-19,57.94,59.52,56.71,56.83,6108600,27.23
2011-08-18,61.49,62.53,57.40,58.84,14105600,28.19
2011-08-17,60.16,62.16,60.16,62.04,6900600,29.73
2011-08-16,59.95,60.31,58.89,59.97,3808000,28.73
2011-08-15,58.68,60.46,58.42,60.27,3633600,28.88
2011-08-12,58.00,58.73,56.84,58.29,3802800,27.93
2011-08-11,55.02,58.17,54.01,57.44,5516800,27.52
2011-08-10,54.77,55.60,53.73,54.00,7799800,25.87
2011-08-09,54.76,56.33,53.32,55.79,9700400,26.73
2011-08-08,56.88,57.71,54.00,54.21,6976800,25.97
2011-08-05,60.09,60.19,57.97,58.61,8461400,28.08
2011-08-04,62.70,63.00,59.54,59.59,5641000,28.55
2011-08-03,63.86,63.96,62.02,63.40,4073600,30.38
2011-08-02,66.04,66.36,63.58,63.60,3140400,30.47
2011-08-01,67.44,67.44,65.44,66.34,2863600,31.79
2011-07-29,66.09,67.44,65.57,66.70,4138600,31.96
2011-07-28,67.25,68.00,65.43,67.14,7882000,32.17
2011-07-27,66.79,66.95,63.76,65.43,8523600,31.35
2011-07-26,67.00,68.00,66.61,66.90,3586600,32.06
2011-07-25,65.33,67.89,65.33,66.72,4464200,31.97
2011-07-22,65.50,66.13,65.00,66.13,1504600,31.69
2011-07-21,65.79,66.00,65.06,65.43,1672600,31.35
2011-07-20,65.77,66.16,64.83,65.79,1670800,31.52
2011-07-19,64.54,66.03,64.48,65.92,1894600,31.59
2011-07-18,64.13,64.77,63.40,63.89,1839000,30.61
2011-07-15,64.28,64.53,63.70,64.52,1928000,30.92
2011-07-14,65.72,66.18,64.01,64.10,3384200,30.71
2011-07-13,65.20,67.42,65.20,65.71,3106000,31.49
2011-07-12,64.68,66.18,64.66,64.89,3685800,31.09
2011-07-11,65.00,65.73,63.89,64.66,3783400,30.98
2011-07-08,63.95,64.77,63.82,64.36,1375600,30.84
2011-07-07,64.50,64.89,64.00,64.71,1656600,31.01
2011-07-06,63.94,64.50,63.39,63.78,2311600,30.56
2011-07-05,64.12,64.23,62.37,63.82,3225200,30.58
2011-07-01,63.69,64.41,63.38,64.41,2267000,30.86
2011-06-30,63.56,63.92,62.91,63.45,2279400,30.40
2011-06-29,63.38,64.00,63.24,63.45,3184600,30.40
2011-06-28,61.50,63.74,61.50,63.51,3410800,30.43
2011-06-27,60.37,61.53,59.96,61.42,2222400,29.43
2011-06-24,61.20,61.50,59.97,60.52,4172800,29.00
2011-06-23,59.30,61.27,59.26,61.17,3604600,29.31
2011-06-22,60.00,60.89,59.80,59.98,3431600,28.74
2011-06-21,57.37,60.91,57.27,60.41,6191000,28.90
2011-06-20,56.88,57.83,56.67,56.90,2235600,27.22
2011-06-17,56.09,56.96,55.63,55.69,4851800,26.64
2011-06-16,54.12,55.41,54.12,55.27,3398800,26.44
2011-06-15,54.52,55.10,53.92,53.98,2275800,25.82
2011-06-14,55.20,55.76,54.33,54.77,2831200,26.20
2011-06-13,54.20,54.88,53.95,54.71,2222800,26.17
2011-06-10,54.95,55.00,54.14,54.23,3105800,25.94
2011-06-09,54.37,56.06,54.32,55.14,3495600,26.38
2011-06-08,56.79,57.11,54.43,54.44,5214200,26.04
2011-06-07,56.21,57.88,55.97,56.99,2402200,27.26
2011-06-06,56.88,57.28,55.84,55.95,2941000,26.76
2011-06-03,57.96,58.05,57.00,57.15,3249600,27.34
2011-06-02,59.64,59.77,57.45,58.69,3813600,28.07
2011-06-01,61.00,61.50,58.80,59.58,3541400,28.50
2011-05-31,60.84,61.18,60.42,61.16,2617000,29.26
2011-05-27,60.36,61.06,60.29,60.57,1200000,28.97
2011-05-26,59.45,61.04,59.34,60.59,2552800,28.98
2011-05-25,59.50,60.08,59.36,59.78,1457200,28.60
2011-05-24,59.68,60.00,59.44,59.50,1772000,28.46
2011-05-23,59.99,60.36,59.27,59.91,2600000,28.66
2011-05-20,61.78,61.78,60.57,60.84,1503000,29.10
2011-05-19,62.02,62.34,61.43,61.88,1893600,29.60
2011-05-18,61.42,62.13,60.77,61.91,1285800,29.62
2011-05-17,60.89,61.98,60.42,61.57,2037400,29.45
2011-05-16,62.00,62.44,61.03,61.33,1857400,29.34
2011-05-13,63.30,63.30,62.11,62.49,1747600,29.89
2011-05-12,63.08,63.46,62.70,63.23,1954000,30.25
2011-05-11,63.47,63.58,61.95,63.18,3000000,30.22
2011-05-10,61.46,63.68,61.29,63.52,3983400,30.39
2011-05-09,61.33,62.00,60.88,61.08,2615200,29.22
2011-05-06,60.75,61.77,59.99,61.57,3654600,29.45
2011-05-05,62.42,62.98,59.55,59.95,13613200,28.68
2011-05-04,59.92,61.16,58.45,59.74,11625800,28.58
2011-05-03,59.37,59.90,58.50,59.77,6200000,28.59
2011-05-02,61.29,61.75,59.25,59.64,10525800,28.53
2011-04-29,62.58,63.48,62.50,62.76,7800000,30.02
2011-04-28,64.15,64.28,60.85,62.44,13601800,29.87
2011-04-27,65.66,65.74,64.69,65.13,3730400,31.16
2011-04-26,65.97,66.63,65.48,65.60,2200000,31.38
2011-04-25,66.38,66.75,65.53,65.88,2496600,31.51
2011-04-21,65.48,66.36,64.60,66.30,2636600,31.72
2011-04-20,64.42,65.88,64.33,65.67,3155800,31.41
2011-04-19,63.59,63.94,62.95,63.92,1944200,30.58
2011-04-18,63.94,64.06,62.76,63.35,2390400,30.30
2011-04-15,65.14,65.17,63.67,64.71,2502000,30.95
2011-04-14,64.35,65.35,64.16,64.97,3012200,31.08
2011-04-13,63.04,64.79,63.01,64.59,3429600,30.90
2011-04-12,62.74,63.44,62.10,62.90,2875800,30.09
2011-04-11,62.92,63.49,62.68,63.16,3041200,30.21
2011-04-08,64.21,64.42,62.58,62.90,3404000,30.09
2011-04-07,63.80,64.86,63.80,64.44,2575000,30.78
2011-04-06,66.00,66.00,63.61,63.76,4714800,30.45
2011-04-05,66.00,66.08,65.03,65.68,3797400,31.37
2011-04-04,66.73,66.87,66.03,66.10,2699800,31.57
2011-04-01,66.44,66.87,65.91,66.73,2419400,31.87
2011-03-31,65.87,66.20,65.53,65.90,2471000,31.48
2011-03-30,64.46,65.99,64.41,65.93,3173600,31.49
2011-03-29,63.49,64.35,63.28,64.35,2035000,30.73
2011-03-28,63.96,64.33,63.20,63.36,2605200,30.26
2011-03-25,63.43,64.16,62.95,63.96,2690400,30.55
2011-03-24,62.16,63.52,61.54,63.18,3249200,30.18
2011-03-23,61.35,62.23,60.40,61.88,3453200,29.56
2011-03-22,61.83,61.98,61.32,61.37,2768000,29.31
2011-03-21,61.00,62.14,60.78,61.73,3645000,29.48
2011-03-18,61.07,61.43,59.21,60.44,7153800,28.87
2011-03-17,60.59,60.75,59.85,60.40,3887400,28.85
2011-03-16,59.20,60.85,59.01,60.08,7274600,28.70
2011-03-15,57.68,59.96,57.58,59.38,3619000,28.36
2011-03-14,58.39,59.18,58.21,59.01,3731400,28.18
2011-03-11,57.97,59.05,57.83,58.89,3105200,28.13
2011-03-10,58.14,58.65,57.54,58.28,3671000,27.84
2011-03-09,58.15,58.89,57.16,58.87,3202400,28.12
2011-03-08,57.86,58.88,57.14,58.27,2353000,27.83
2011-03-07,59.21,59.21,56.83,57.87,3065200,27.64
2011-03-04,58.32,59.60,58.15,59.05,3276200,28.20
2011-03-03,58.48,59.26,58.34,58.42,3137400,27.90
2011-03-02,56.85,58.82,56.75,57.88,3604800,27.64
2011-03-01,58.97,58.98,56.36,56.62,4220200,27.04
2011-02-28,58.18,59.00,57.85,58.56,2541600,27.97
2011-02-25,57.62,58.27,57.45,57.88,2829400,27.64
2011-02-24,56.94,58.16,56.66,57.41,3654200,27.42
2011-02-23,58.20,58.24,56.28,57.06,5245600,27.25
2011-02-22,59.53,59.99,58.10,58.24,4667400,27.82
2011-02-18,60.46,60.46,59.50,60.03,3744800,28.67
2011-02-17,59.92,60.60,59.54,60.46,3057400,28.88
2011-02-16,59.27,60.20,59.02,60.14,4678000,28.72
2011-02-15,59.11,59.66,59.05,59.24,4206800,28.29
2011-02-14,59.50,59.82,59.24,59.29,5030200,28.32
2011-02-11,59.36,60.00,59.36,59.67,5804200,28.50
2011-02-10,58.77,60.94,58.49,60.05,22265800,28.68
2011-02-09,53.02,53.84,52.52,53.75,7088800,25.67
2011-02-08,52.88,53.85,52.71,52.91,4306800,25.27
2011-02-07,53.02,53.16,52.52,52.83,3031400,25.23
2011-02-04,51.77,53.06,51.67,53.00,2628800,25.31
2011-02-03,51.79,52.20,50.78,51.66,2249800,24.67
2011-02-02,52.70,52.95,51.38,51.72,4571200,24.70
2011-02-01,52.11,52.99,51.84,52.91,3383000,25.27
2011-01-31,50.69,51.78,50.64,51.71,3430200,24.70
2011-01-28,52.09,52.24,50.26,50.44,3626000,24.09
2011-01-27,51.95,52.50,51.45,51.96,2297200,24.82
2011-01-26,52.44,52.63,51.36,51.95,3405600,24.81
2011-01-25,51.80,52.48,51.36,52.48,3080000,25.07
2011-01-24,51.99,52.52,51.94,52.14,2374600,24.90
2011-01-21,52.28,52.69,51.50,51.83,3395000,24.75
2011-01-20,51.88,53.05,51.75,52.26,3360000,24.96
2011-01-19,53.00,53.36,52.13,52.25,4177400,24.96
2011-01-18,53.00,53.46,52.90,53.18,2948200,25.40
2011-01-14,52.22,53.06,52.07,53.03,4770200,25.33
2011-01-13,50.30,53.00,50.26,52.31,7407600,24.98
2011-01-12,49.82,50.71,49.68,50.01,3824200,23.89
2011-01-11,48.74,49.95,48.30,49.52,4365800,23.65
2011-01-10,48.24,48.87,47.90,48.74,2313400,23.28
2011-01-07,48.10,48.70,47.83,48.60,3462200,23.21
2011-01-06,49.04,49.11,47.94,48.10,2355000,22.97
2011-01-05,48.90,49.64,48.80,49.11,2542800,23.41
2011-01-04,49.94,50.09,48.48,49.04,5713600,23.37
2011-01-03,50.95,51.33,50.51,50.75,2978800,24.19
2010-12-31,50.62,50.63,50.20,50.59,2263800,24.11
2010-12-30,50.01,50.73,49.80,50.59,1535600,24.11
2010-12-29,49.85,50.44,49.76,50.03,1501400,23.85
2010-12-28,50.48,50.84,49.43,49.72,2218400,23.70
2010-12-27,50.40,50.68,49.98,50.50,1880200,24.07
2010-12-23,50.91,51.09,50.55,50.75,1662600,24.19
2010-12-22,51.43,51.75,50.65,51.10,2558000,24.36
2010-12-21,50.84,51.42,50.69,51.35,2266400,24.48
2010-12-20,50.64,50.96,50.06,50.60,3389400,24.12
2010-12-17,49.77,50.97,49.73,50.46,11155600,24.05
2010-12-16,49.64,50.04,49.35,49.69,4547400,23.68
2010-12-15,48.93,49.95,48.85,49.50,2738400,23.59
2010-12-14,48.85,49.13,48.46,48.78,2291200,23.25
2010-12-13,49.75,49.75,48.91,48.96,3515000,23.34
2010-12-10,48.94,49.51,48.69,49.49,3485200,23.59
2010-12-09,49.20,49.21,48.42,48.77,3271000,23.25
2010-12-08,48.84,49.12,48.53,48.90,2347800,23.31
2010-12-07,49.01,49.49,48.57,48.71,2588200,23.22
2010-12-06,48.84,48.84,48.21,48.72,2959600,23.22
2010-12-03,48.97,48.98,48.14,48.87,2497400,23.29
2010-12-02,47.66,49.25,47.60,49.04,4516800,23.37
2010-12-01,47.73,48.39,47.72,47.86,3577200,22.81
2010-11-30,46.34,47.54,46.13,47.22,3492400,22.51
2010-11-29,46.67,47.09,46.45,46.89,2167400,22.35
2010-11-26,46.60,47.27,46.55,47.01,1082600,22.41
2010-11-24,47.20,47.24,45.96,47.10,5144000,22.45
2010-11-23,46.00,46.70,45.50,46.56,2908800,22.19
2010-11-22,45.60,46.65,45.38,46.59,3190400,22.21
2010-11-19,45.42,46.06,45.38,45.71,4764400,21.79
2010-11-18,46.39,47.21,46.01,46.04,6400600,21.94
2010-11-17,45.99,46.27,45.51,45.64,4706400,21.75
2010-11-16,46.30,46.85,45.67,46.06,4699800,21.95
2010-11-15,47.19,47.46,46.38,46.67,3937600,22.25
2010-11-12,46.86,47.40,46.64,46.86,4435000,22.34
2010-11-11,46.64,47.35,46.18,47.24,4264000,22.52
2010-11-10,46.28,47.12,45.91,47.11,4335000,22.45
2010-11-09,46.19,47.00,46.01,46.49,5387200,22.16
2010-11-08,45.26,46.25,45.12,46.18,5596600,22.01
2010-11-05,45.80,45.90,45.00,45.49,13923000,21.68
2010-11-04,45.08,48.02,44.85,47.27,25708600,22.53
2010-11-03,40.51,41.23,40.45,41.07,8949000,19.58
2010-11-02,40.00,40.49,39.95,40.45,5667400,19.28
2010-11-01,39.92,40.22,39.73,39.85,5035600,18.99
2010-10-29,39.54,39.76,39.30,39.75,2610800,18.95
2010-10-28,40.00,40.00,39.07,39.52,3872600,18.84
2010-10-27,39.38,39.76,39.13,39.70,3334000,18.92
2010-10-26,39.70,39.91,39.22,39.73,4216200,18.94
2010-10-25,40.07,40.33,39.63,39.86,4226200,19.00
2010-10-22,38.35,40.06,38.35,39.89,7323200,19.01
2010-10-21,38.57,38.80,37.97,38.30,4449600,18.26
2010-10-20,37.79,38.73,37.59,38.37,7260000,18.29
2010-10-19,38.00,38.37,37.36,37.66,5793200,17.95
2010-10-18,38.42,38.74,38.17,38.45,4456200,18.33
2010-10-15,38.36,38.71,38.00,38.30,10245000,18.26
2010-10-14,36.63,37.49,36.52,37.06,5178800,17.66
2010-10-13,36.08,37.15,35.92,36.76,5432600,17.52
2010-10-12,34.81,36.07,34.50,35.86,9204400,17.09
2010-10-11,34.47,35.37,34.47,34.94,8624200,16.65
2010-10-08,35.21,35.35,34.04,34.57,10769000,16.48
2010-10-07,36.23,36.44,34.86,35.22,10702800,16.79
2010-10-06,36.69,36.75,36.05,36.18,4799200,17.25
2010-10-05,36.82,36.84,36.44,36.59,5517600,17.44
2010-10-04,36.91,37.06,36.34,36.58,3024600,17.44
2010-10-01,37.26,37.32,36.56,37.07,2961200,17.67
2010-09-30,37.53,37.89,36.95,37.11,3048600,17.69
2010-09-29,37.39,37.49,37.16,37.42,2670000,17.84
2010-09-28,36.46,37.56,36.32,37.53,5576400,17.89
2010-09-27,37.11,37.22,36.47,36.50,2980200,17.40
2010-09-24,36.73,37.33,36.48,37.07,4332800,17.67
2010-09-23,36.36,36.60,36.12,36.40,3428800,17.35
2010-09-22,37.26,37.51,36.39,36.72,4002000,17.50
2010-09-21,36.85,37.47,36.75,37.28,9700400,17.77
2010-09-20,37.21,38.41,36.95,38.18,6257800,18.20
2010-09-17,36.64,37.16,36.39,37.09,15732600,17.68
2010-09-16,35.97,36.65,35.76,36.34,4524800,17.32
2010-09-15,35.45,36.46,34.14,35.93,4367200,17.13
2010-09-14,35.26,35.74,35.11,35.50,5333400,16.92
2010-09-13,35.95,36.08,35.06,35.25,4123000,16.80
2010-09-10,35.18,35.75,35.16,35.47,3210200,16.91
2010-09-09,35.58,35.75,35.09,35.16,2896600,16.76
2010-09-08,35.75,35.87,35.07,35.27,5100400,16.81
2010-09-07,36.53,36.66,35.54,35.68,4520200,17.01
2010-09-03,36.49,37.25,36.42,36.66,3663600,17.47
2010-09-02,35.25,36.12,34.92,36.01,4846000,17.16
2010-09-01,35.49,35.88,35.25,35.33,3153400,16.84
2010-08-31,34.56,35.37,34.50,34.79,4996200,16.58
2010-08-30,35.30,35.70,34.67,34.69,3920200,16.53
2010-08-27,36.21,36.28,35.19,35.70,4327000,17.02
2010-08-26,36.01,36.58,35.69,35.75,3470200,17.04
2010-08-25,35.20,36.03,35.04,35.87,3631000,17.10
2010-08-24,36.00,36.13,35.28,35.35,5396400,16.85
2010-08-23,36.67,36.92,36.22,36.43,2766000,17.36
2010-08-20,36.38,36.80,36.08,36.72,3523200,17.50
2010-08-19,36.47,36.80,36.20,36.39,4883600,17.35
2010-08-18,36.84,36.88,36.36,36.77,3658800,17.53
2010-08-17,36.78,37.24,36.44,36.98,4113600,17.63
2010-08-16,36.15,36.88,36.03,36.78,4630200,17.53
2010-08-13,36.14,36.71,35.82,36.42,5487800,17.36
2010-08-12,35.34,36.51,35.09,36.41,4645200,17.35
2010-08-11,35.76,35.95,35.47,35.67,4132400,17.00
2010-08-10,36.86,36.92,36.07,36.38,5956800,17.34
2010-08-09,37.02,37.25,36.42,36.47,4828600,17.38
2010-08-06,36.19,36.58,36.04,36.48,5271800,17.39
2010-08-05,36.16,37.00,35.75,36.36,8838800,17.33
2010-08-04,37.25,37.55,36.03,36.16,18010600,17.24
2010-08-03,38.85,39.59,38.19,39.49,7755200,18.82
2010-08-02,38.63,39.17,38.53,38.93,4078600,18.56
2010-07-30,38.45,38.71,37.28,37.97,6916800,18.10
2010-07-29,39.52,39.83,38.55,38.84,3552400,18.51
2010-07-28,40.15,40.15,39.17,39.44,2253800,18.80
2010-07-27,39.84,40.43,39.82,40.15,5381800,19.14
2010-07-26,38.71,39.92,38.36,39.63,3447800,18.89
2010-07-23,37.21,38.79,37.18,38.77,4302200,18.48
2010-07-22,36.64,37.50,36.51,37.36,2891200,17.81
2010-07-21,37.51,37.51,36.15,36.31,4266800,17.31
2010-07-20,36.52,37.51,36.26,37.42,3761800,17.84
2010-07-19,37.27,37.33,36.24,36.91,3105800,17.59
2010-07-16,38.77,38.91,37.04,37.21,4343000,17.74
2010-07-15,37.40,39.09,36.91,38.99,8820400,18.58
2010-07-14,36.82,37.48,36.51,37.35,5057000,17.80
2010-07-13,36.36,37.18,36.35,37.01,3425400,17.64
2010-07-12,36.46,36.86,35.78,36.00,3341800,17.16
2010-07-09,36.57,36.78,36.31,36.66,3248200,17.47
2010-07-08,35.82,36.89,35.60,36.77,5596400,17.53
2010-07-07,34.21,35.79,34.08,35.70,6269600,17.02
2010-07-06,35.50,35.60,33.96,34.19,4570400,16.30
2010-07-02,35.54,35.56,34.70,35.02,2775600,16.69
2010-07-01,35.86,35.99,34.52,35.51,6619800,16.93
2010-06-30,36.84,36.85,35.90,36.02,5818800,17.17
2010-06-29,38.18,38.18,36.63,36.97,4877800,17.62
2010-06-28,38.80,38.84,38.03,38.28,2250600,18.25
2010-06-25,38.36,38.99,38.00,38.69,4474400,18.44
2010-06-24,38.93,39.22,38.11,38.41,3260800,18.31
2010-06-23,38.78,39.37,38.17,39.02,2565400,18.60
2010-06-22,39.52,39.99,38.81,38.91,3408000,18.55
2010-06-21,40.64,40.95,39.06,39.31,3355800,18.74
2010-06-18,40.60,40.76,40.14,40.36,4437400,19.24
2010-06-17,40.35,40.67,39.78,40.50,3201600,19.30
2010-06-16,40.01,40.66,40.01,40.32,3102600,19.22
2010-06-15,40.32,40.35,39.55,40.29,2706000,19.20
2010-06-14,39.60,40.40,39.60,40.01,3431600,19.07
2010-06-11,38.71,39.45,38.38,39.38,2305400,18.77
2010-06-10,38.99,39.17,38.58,39.05,2922400,18.61
2010-06-09,38.48,39.20,37.92,38.12,3208200,18.17
2010-06-08,37.58,38.49,37.32,38.36,3979200,18.28
2010-06-07,38.57,38.66,37.54,37.63,4000000,17.94
2010-06-04,39.05,39.86,38.51,38.61,6850400,18.40
2010-06-03,40.40,40.76,39.40,39.81,4675800,18.98
2010-06-02,39.58,40.57,39.43,40.52,5544200,19.31
2010-06-01,39.91,40.49,39.13,39.18,3497800,18.67
2010-05-28,40.66,41.31,40.34,40.43,3844200,19.27
2010-05-27,40.21,40.71,40.03,40.66,2956000,19.38
2010-05-26,39.75,40.49,39.45,39.57,5316800,18.86
2010-05-25,38.24,39.56,38.21,39.40,6841200,18.78
2010-05-24,38.93,39.88,38.93,39.60,4692800,18.88
2010-05-21,37.58,39.33,37.55,39.24,6461800,18.70
2010-05-20,39.51,39.83,38.30,38.44,8428800,18.32
2010-05-19,40.23,40.74,39.40,40.39,5501600,19.25
2010-05-18,41.70,41.70,40.25,40.48,6748800,19.29
2010-05-17,41.12,41.35,40.03,40.79,5717000,19.44
2010-05-14,41.88,42.06,40.31,40.83,8824600,19.46
2010-05-13,42.92,43.18,42.16,42.50,18805800,20.26
2010-05-12,39.90,40.36,39.36,40.25,11275800,19.18
2010-05-11,38.93,40.07,38.79,39.48,7329200,18.82
2010-05-10,38.38,39.62,38.29,39.38,6704000,18.77
2010-05-07,38.05,38.89,36.49,36.68,6766200,17.48
2010-05-06,40.00,40.30,35.70,38.09,8484000,18.16
2010-05-05,39.87,40.70,39.81,40.47,4844400,19.29
2010-05-04,39.99,40.33,39.45,40.24,5818800,19.18
2010-05-03,39.12,40.12,39.02,40.09,4395400,19.11
2010-04-30,39.36,39.61,38.94,39.02,4801600,18.60
2010-04-29,38.64,39.66,38.59,39.16,4718400,18.67
2010-04-28,38.00,38.62,37.91,38.29,5358000,18.25
2010-04-27,39.66,39.94,37.59,37.73,5141200,17.98
2010-04-26,40.17,40.23,39.60,39.79,3170800,18.97
2010-04-23,40.04,40.34,39.72,40.20,4004400,19.16
2010-04-22,37.80,40.37,37.74,40.26,6618200,19.19
2010-04-21,38.23,38.36,37.58,37.96,4191000,18.09
2010-04-20,38.73,38.81,38.01,38.12,3977400,18.17
2010-04-19,39.07,39.57,38.14,38.62,3471400,18.41
2010-04-16,39.29,39.76,38.88,39.11,5718400,18.64
2010-04-15,39.23,39.57,39.01,39.50,3034400,18.83
2010-04-14,38.64,39.22,38.48,39.13,3920800,18.65
2010-04-13,38.75,38.95,37.95,38.59,2939000,18.39
2010-04-12,38.97,39.08,38.44,38.80,3487400,18.49
2010-04-09,37.61,38.80,37.30,38.80,5252000,18.49
2010-04-08,37.05,37.69,36.66,37.40,3703600,17.83
2010-04-07,37.84,38.03,37.08,37.45,4774400,17.85
2010-04-06,37.63,38.19,37.60,38.05,3142200,18.14
2010-04-05,37.00,37.74,36.91,37.69,2708200,17.96
2010-04-01,36.34,36.97,36.33,36.91,3416000,17.59
2010-03-31,36.04,36.40,35.97,36.15,3063200,17.23
2010-03-30,36.45,36.70,36.02,36.26,3523600,17.28
2010-03-29,35.41,36.22,35.41,36.15,2982600,17.23
2010-03-26,35.97,35.99,35.00,35.41,4046200,16.88
2010-03-25,35.33,35.75,35.25,35.47,4431400,16.91
2010-03-24,35.27,35.53,34.91,35.08,6926200,16.72
2010-03-23,35.65,36.01,35.51,35.97,2632200,17.14
2010-03-22,35.34,35.82,35.22,35.77,3843800,17.05
2010-03-19,35.97,35.98,35.31,35.83,6836600,17.08
2010-03-18,37.00,37.00,35.84,36.00,4422200,17.16
2010-03-17,36.78,37.10,36.59,36.94,3701800,17.61
2010-03-16,36.34,36.88,36.27,36.75,3990400,17.52
2010-03-15,36.25,36.50,35.97,36.37,3101600,17.34
2010-03-12,35.67,36.30,35.64,36.30,4484200,17.30
2010-03-11,35.00,35.72,34.92,35.61,4294200,16.97
2010-03-10,35.25,35.66,35.05,35.15,4664600,16.75
2010-03-09,35.86,35.86,35.12,35.31,5405200,16.83
2010-03-08,35.95,36.30,35.72,35.89,4490600,17.11
2010-03-05,36.54,36.60,35.83,36.11,7373600,17.21
2010-03-04,36.42,36.48,35.90,36.24,4016800,17.27
2010-03-03,36.30,36.60,36.02,36.17,5115000,17.24
2010-03-02,36.59,36.74,36.19,36.40,6837000,17.35
2010-03-01,35.92,36.59,35.71,36.56,9332400,17.43
2010-02-26,35.31,36.04,34.96,35.49,12885200,16.92
2010-02-25,34.15,35.42,34.02,35.18,10357600,16.77
2010-02-24,35.02,35.02,34.40,34.62,17328800,16.50
2010-02-23,33.89,35.15,33.77,34.87,15865600,16.62
2010-02-22,33.71,34.00,33.30,33.92,7548400,16.17
2010-02-19,33.89,34.00,33.61,33.66,12257800,16.04
2010-02-18,33.92,34.17,33.53,34.08,15262400,16.24
2010-02-17,32.87,34.72,32.78,34.35,37976400,16.37
2010-02-16,30.50,30.88,29.98,30.52,17061000,14.55
2010-02-12,29.07,29.79,28.81,29.75,8016000,14.18
2010-02-11,28.47,29.33,28.18,29.21,6367000,13.92
2010-02-10,28.33,28.69,27.86,28.45,5265600,13.56
2010-02-09,27.85,28.36,27.74,28.24,8979200,13.46
2010-02-08,27.63,28.10,27.55,27.59,3892800,13.15
2010-02-05,27.17,27.62,26.88,27.38,3403600,13.05
2010-02-04,27.43,27.83,27.21,27.26,5271400,12.99
2010-02-03,27.75,27.91,27.23,27.72,4960600,13.21
2010-02-02,27.45,28.05,27.31,27.89,5017600,13.29
2010-02-01,27.22,27.73,27.17,27.42,2811000,13.07
2010-01-29,27.75,27.83,27.19,27.22,3965200,12.97
2010-01-28,27.76,28.00,27.00,27.27,3731200,13.00
2010-01-27,27.85,28.08,27.24,27.57,4495000,13.14
2010-01-26,28.18,28.37,27.78,27.80,4018400,13.25
2010-01-25,28.51,29.01,27.95,28.36,4470200,13.52
2010-01-22,28.93,29.25,28.36,28.45,3735000,13.56
2010-01-21,29.25,30.19,28.80,29.04,6515600,13.84
2010-01-20,28.52,29.26,28.07,29.10,4867200,13.87
2010-01-19,27.83,28.98,27.48,28.71,6943800,13.68
2010-01-15,28.26,28.26,27.80,27.95,5453400,13.32
2010-01-14,29.19,29.20,28.16,28.22,6173200,13.45
2010-01-13,29.50,29.64,29.03,29.32,2639800,13.98
2010-01-12,29.50,29.68,29.02,29.43,4525200,14.03
2010-01-11,27.86,29.88,27.85,29.74,7947600,14.18
2010-01-08,27.68,28.00,27.52,27.96,3717000,13.33
2010-01-07,27.89,28.26,27.62,27.82,2639200,13.26
2010-01-06,27.51,27.96,27.48,27.94,4892200,13.32
2010-01-05,27.84,28.01,27.22,27.62,5024800,13.16
2010-01-04,27.59,28.05,27.19,27.85,5275000,13.27
2009-12-31,27.95,28.14,27.45,27.45,1777600,13.08
2009-12-30,28.23,28.36,27.77,27.80,3341200,13.25
2009-12-29,28.57,28.57,28.09,28.35,2252800,13.51
2009-12-28,28.40,28.56,28.12,28.55,2401600,13.61
2009-12-24,28.42,28.64,28.34,28.41,636400,13.54
2009-12-23,28.83,28.85,28.32,28.52,2134800,13.59
2009-12-22,27.60,29.74,27.49,28.77,6044600,13.71
2009-12-21,27.15,27.58,26.92,27.55,3947200,13.13
2009-12-18,27.68,27.78,26.95,26.99,6068600,12.86
2009-12-17,27.60,27.85,27.05,27.39,2202200,13.06
2009-12-16,28.09,28.32,27.60,27.76,3878000,13.23
2009-12-15,27.17,28.02,27.00,27.74,6576400,13.22
2009-12-14,26.79,27.37,26.75,27.29,5848800,13.01
2009-12-11,26.50,26.70,26.24,26.67,3809000,12.71
2009-12-10,25.85,26.46,25.83,26.29,4189200,12.53
2009-12-09,25.38,26.09,25.23,25.87,5241600,12.33
2009-12-08,25.53,25.76,24.94,25.30,5309000,12.06
2009-12-07,26.10,26.27,25.65,25.89,3986200,12.34
2009-12-04,26.00,26.53,25.86,26.20,4009400,12.49
2009-12-03,26.40,26.41,25.59,25.69,3620400,12.25
2009-12-02,25.99,26.42,25.90,26.00,3495600,12.39
2009-12-01,25.72,26.33,25.72,26.07,4432600,12.43
2009-11-30,25.77,25.98,25.35,25.65,4190200,12.23
2009-11-27,25.90,26.04,25.31,25.90,2909800,12.35
2009-11-25,26.56,26.72,26.23,26.49,2947000,12.63
2009-11-24,26.96,26.96,26.32,26.43,6197800,12.60
2009-11-23,26.68,26.99,26.54,26.73,4955000,12.74
2009-11-20,26.82,26.90,26.28,26.36,4821400,12.56
2009-11-19,26.51,27.04,26.29,26.97,8956600,12.86
2009-11-18,26.54,26.54,26.06,26.21,5737800,12.49
2009-11-17,27.09,27.16,25.93,26.67,9593200,12.71
2009-11-16,27.52,27.78,26.83,27.00,8062200,12.87
2009-11-13,27.37,27.77,27.20,27.49,3740000,13.10
2009-11-12,28.19,28.22,27.34,27.41,4714800,13.06
2009-11-11,28.59,28.90,27.87,28.19,5560000,13.44
2009-11-10,28.35,28.93,28.05,28.57,5906800,13.62
2009-11-09,28.36,28.64,27.85,28.52,9182000,13.59
2009-11-06,27.00,28.57,26.98,28.25,12369200,13.47
2009-11-05,28.89,31.46,26.83,27.10,33000400,12.92
2009-11-04,32.42,32.73,31.80,32.06,8367600,15.28
2009-11-03,32.11,32.40,31.62,32.06,5454600,15.28
2009-11-02,32.08,32.85,31.79,32.28,4880200,15.39
2009-10-30,32.93,33.46,32.05,32.06,5312200,15.28
2009-10-29,32.41,33.15,32.16,33.13,4104600,15.79
2009-10-28,33.19,33.59,32.26,32.29,4967400,15.39
2009-10-27,33.29,33.76,33.13,33.39,3890200,15.92
2009-10-26,33.36,34.20,33.12,33.39,3915600,15.92
2009-10-23,33.80,34.23,33.20,33.36,3034800,15.90
2009-10-22,33.24,33.97,32.60,33.80,3055800,16.11
2009-10-21,33.55,34.40,32.89,32.98,5715400,15.72
2009-10-20,34.03,34.10,33.42,33.74,3962600,16.08
2009-10-19,33.75,34.20,33.50,34.19,2961600,16.30
2009-10-16,33.68,33.91,33.25,33.74,4362800,16.08
2009-10-15,33.00,33.87,32.83,33.87,3730400,16.14
2009-10-14,33.07,33.20,32.78,33.17,4172200,15.81
2009-10-13,32.60,32.87,32.44,32.71,4175200,15.59
2009-10-12,31.96,33.03,31.79,32.88,6290800,15.67
2009-10-09,31.25,31.79,31.15,31.67,3486200,15.10
2009-10-08,31.33,31.75,31.19,31.40,3705600,14.97
2009-10-07,30.93,31.15,30.62,31.05,3179800,14.80
2009-10-06,30.48,31.10,30.29,31.01,6026200,14.78
2009-10-05,29.45,30.26,29.24,30.23,5358600,14.41
2009-10-02,29.11,29.59,28.27,29.21,4964200,13.92
2009-10-01,30.33,30.40,29.32,29.52,5776400,14.07
2009-09-30,30.55,30.65,29.88,30.49,5926400,14.53
2009-09-29,30.29,31.20,30.20,30.36,8024800,14.47
2009-09-28,28.95,30.18,28.79,30.00,8686200,14.30
2009-09-25,28.31,29.04,28.12,28.77,5920400,13.71
2009-09-24,29.28,29.36,28.27,28.46,4881400,13.57
2009-09-23,29.43,29.47,28.70,29.15,6638400,13.89
2009-09-22,28.69,29.50,28.69,29.39,6463000,14.01
2009-09-21,28.43,28.92,28.19,28.68,3448200,13.67
2009-09-18,28.48,28.69,28.01,28.60,5442400,13.63
2009-09-17,28.38,28.65,28.00,28.22,3333400,13.45
2009-09-16,28.60,28.66,28.18,28.47,4449800,13.57
2009-09-15,28.78,28.78,28.08,28.48,5377400,13.57
2009-09-14,28.25,29.06,28.03,28.85,4187600,13.75
2009-09-11,28.81,29.24,28.39,28.43,3767800,13.55
2009-09-10,28.48,28.83,27.96,28.81,3810200,13.73
2009-09-09,27.90,28.65,27.70,28.46,5274800,13.57
2009-09-08,28.24,28.47,27.65,28.03,4417400,13.36
2009-09-04,27.48,27.73,27.10,27.65,3381600,13.18
2009-09-03,27.40,27.57,26.98,27.40,4051200,13.06
2009-09-02,28.37,28.37,26.91,27.19,8660400,12.96
2009-09-01,28.82,29.25,28.04,28.18,5029800,13.43
2009-08-31,28.90,29.08,28.37,29.08,3688600,13.86
2009-08-28,29.16,29.95,28.86,29.11,3528000,13.88
2009-08-27,29.98,29.98,29.09,29.56,3941600,14.09
2009-08-26,29.14,29.88,28.83,29.52,6424200,14.07
2009-08-25,27.99,29.28,27.97,29.22,6812400,13.93
2009-08-24,28.97,29.00,28.00,28.13,2866200,13.41
2009-08-21,28.25,28.90,27.62,28.78,4745000,13.72
2009-08-20,27.60,28.15,27.55,27.85,5020800,13.27
2009-08-19,26.97,28.10,26.97,27.81,4802400,13.26
2009-08-18,27.26,27.58,26.97,27.54,4203800,13.13
2009-08-17,27.56,27.65,26.81,27.15,6976800,12.94
2009-08-14,28.50,28.50,27.70,28.10,4112200,13.39
2009-08-13,27.82,28.54,27.35,28.50,6480400,13.58
2009-08-12,27.85,28.18,27.61,27.82,5723200,13.26
2009-08-11,27.99,28.46,27.65,27.79,6946200,13.25
2009-08-10,28.37,28.73,27.66,27.80,5712400,13.25
2009-08-07,28.34,28.77,27.73,28.42,7884600,13.55
2009-08-06,28.75,28.98,27.56,28.03,12531000,13.36
2009-08-05,28.76,30.13,28.50,28.70,34710200,13.68
2009-08-04,24.55,24.87,24.18,24.82,12257400,11.83
2009-08-03,24.59,24.89,24.29,24.80,6400000,11.82
2009-07-31,24.58,25.10,24.12,24.19,5478400,11.53
2009-07-30,24.42,25.14,24.16,24.39,5304200,11.63
2009-07-29,24.10,24.47,23.68,24.22,5890000,11.54
2009-07-28,24.16,24.52,23.73,24.37,5208000,11.62
2009-07-27,23.70,24.39,23.59,24.26,4880800,11.56
2009-07-24,23.66,23.90,23.41,23.73,4823800,11.31
2009-07-23,22.89,24.30,22.29,24.00,11608600,11.44
2009-07-22,22.32,23.60,22.11,23.33,8618400,11.12
2009-07-21,22.50,22.68,22.04,22.41,7580200,10.68
2009-07-20,21.81,22.60,21.68,22.48,5817200,10.71
2009-07-17,21.00,21.97,21.00,21.87,7640200,10.42
2009-07-16,20.90,21.59,20.65,21.30,7972800,10.15
2009-07-15,20.76,21.28,20.35,20.96,10310200,9.99
2009-07-14,20.13,20.52,19.52,20.45,7934800,9.75
2009-07-13,19.29,20.10,18.85,19.92,8729000,9.49
2009-07-10,19.02,19.38,18.81,19.25,7090800,9.18
2009-07-09,18.84,19.50,18.59,19.22,7925200,9.16
2009-07-08,17.43,18.80,17.26,18.72,16367400,8.92
2009-07-07,17.89,17.90,17.16,17.18,4897200,8.19
2009-07-06,17.70,17.98,17.28,17.96,7846800,8.56
2009-07-02,18.92,18.96,17.97,17.97,4086600,8.57
2009-07-01,18.98,19.29,18.78,19.16,5230200,9.13
2009-06-30,19.28,19.45,18.57,18.98,5219000,9.05
2009-06-29,19.09,19.18,18.68,18.79,5693400,8.96
2009-06-26,18.78,19.33,18.67,19.20,9983200,9.15
2009-06-25,18.28,19.07,18.11,18.89,4561400,9.00
2009-06-24,18.50,19.03,17.85,18.61,7004600,8.87
2009-06-23,18.56,18.74,18.10,18.44,7797200,8.79
2009-06-22,19.00,19.00,18.42,18.74,6168600,8.93
2009-06-19,19.06,19.42,18.75,19.27,6458000,9.18
2009-06-18,18.66,19.00,18.53,18.95,6386000,9.03
2009-06-17,18.89,18.98,18.32,18.66,6696400,8.89
2009-06-16,19.52,19.76,18.99,19.03,6725400,9.07
2009-06-15,19.99,20.08,19.25,19.51,5868000,9.30
2009-06-12,20.10,20.65,19.91,20.44,4845200,9.74
2009-06-11,21.03,21.42,20.58,20.64,3471400,9.84
2009-06-10,21.72,21.93,20.55,20.85,3991800,9.94
2009-06-09,21.39,21.66,21.00,21.62,3253200,10.31
2009-06-08,20.85,21.41,20.70,21.20,4293600,10.10
2009-06-05,21.74,21.95,20.67,21.16,4858600,10.09
2009-06-04,20.62,21.62,20.43,21.43,5447600,10.21
2009-06-03,20.60,20.83,20.17,20.64,4447600,9.84
2009-06-02,20.08,21.19,20.02,20.73,6922000,9.88
2009-06-01,20.25,20.66,19.89,20.36,10230800,9.70
2009-05-29,18.33,18.92,18.24,18.87,7399200,8.99
2009-05-28,18.58,18.87,18.10,18.33,6475400,8.74
2009-05-27,19.01,19.50,17.99,18.05,6925200,8.60
2009-05-26,18.61,19.50,18.53,19.17,6067600,9.14
2009-05-22,19.70,20.20,18.83,18.90,9378600,9.01
2009-05-21,20.01,20.36,19.66,19.82,5535000,9.45
2009-05-20,20.25,21.34,20.08,20.32,7017800,9.69
2009-05-19,20.80,20.94,19.96,20.00,6863200,9.53
2009-05-18,19.75,20.86,19.57,20.75,6596000,9.89
2009-05-15,20.57,20.92,19.40,19.61,7322800,9.35
2009-05-14,19.98,20.87,19.19,20.55,18427200,9.80
2009-05-13,21.78,22.09,19.81,20.00,13127400,9.53
2009-05-12,21.77,22.27,21.51,22.07,6013200,10.52
2009-05-11,21.75,22.00,21.09,21.68,4667400,10.33
2009-05-08,22.16,22.65,21.47,22.17,6419600,10.57
2009-05-07,22.50,23.71,22.22,22.41,8324600,10.68
2009-05-06,22.46,22.77,21.61,22.44,4015400,10.70
2009-05-05,22.57,22.81,21.85,22.25,6015400,10.61
2009-05-04,21.40,22.72,20.77,22.70,7304000,10.82
2009-05-01,20.78,21.17,20.47,20.93,4523600,9.98
2009-04-30,19.49,20.89,19.21,20.73,9818400,9.88
2009-04-29,19.10,19.94,19.05,19.45,5122800,9.27
2009-04-28,19.04,19.85,18.80,19.46,3003000,9.28
2009-04-27,19.14,19.63,19.00,19.21,5591200,9.16
2009-04-24,19.00,19.74,18.85,19.74,6608000,9.41
2009-04-23,19.00,19.34,18.84,19.16,5285000,9.13
2009-04-22,17.75,19.32,17.68,18.96,9047600,9.04
2009-04-21,17.26,17.98,17.15,17.86,4584400,8.51
2009-04-20,18.50,18.98,17.25,17.50,4894200,8.34
2009-04-17,18.60,18.87,18.12,18.48,3983800,8.81
2009-04-16,18.20,18.80,17.65,18.52,4502400,8.83
2009-04-15,18.00,18.20,17.08,17.66,5351400,8.42
2009-04-14,17.93,18.32,17.74,17.94,3186800,8.55
2009-04-13,18.40,18.60,17.72,18.39,4516200,8.77
2009-04-09,18.13,18.52,17.71,18.36,4647000,8.75
2009-04-08,17.25,18.00,17.15,17.95,4532600,8.56
2009-04-07,18.03,18.22,17.09,17.20,6470800,8.20
2009-04-06,18.45,18.62,17.92,18.53,7165200,8.83
2009-04-03,18.18,18.74,18.01,18.64,9913000,8.88
2009-04-02,17.54,19.11,17.54,18.88,10005600,9.00
2009-04-01,16.69,17.78,16.25,17.48,6618400,8.33
2009-03-31,17.24,17.70,16.60,16.80,5311000,8.01
2009-03-30,17.39,17.54,16.53,16.97,5431200,8.09
2009-03-27,18.19,18.20,17.73,17.97,6080600,8.57
2009-03-26,17.40,18.24,17.35,18.23,9791600,8.69
2009-03-25,16.90,18.27,16.74,17.24,10819200,8.22
2009-03-24,16.29,17.34,16.13,16.75,8166600,7.98
2009-03-23,15.85,16.58,15.08,16.29,4912800,7.76
2009-03-20,16.18,16.40,14.83,15.37,9665400,7.33
2009-03-19,16.00,16.25,15.68,16.05,6705400,7.65
2009-03-18,15.62,15.99,15.45,15.73,8474200,7.50
2009-03-17,14.96,15.77,14.72,15.74,6692800,7.50
2009-03-16,14.55,15.55,14.50,14.96,9117800,7.13
2009-03-13,14.08,14.56,14.03,14.38,5045600,6.85
2009-03-12,12.86,14.58,12.70,14.11,7809000,6.73
2009-03-11,12.83,13.33,12.59,12.87,6481800,6.13
2009-03-10,11.95,12.74,11.91,12.71,10688800,6.06
2009-03-09,11.62,12.22,11.62,11.76,5341600,5.61
2009-03-06,12.26,12.26,11.44,12.08,9065400,5.76
2009-03-05,11.74,12.22,11.54,11.78,5699800,5.61
2009-03-04,11.83,12.34,11.41,12.04,7606200,5.74
2009-03-03,11.89,11.94,11.33,11.66,6039600,5.56
2009-03-02,12.37,12.37,11.42,11.57,4855200,5.51
2009-02-27,12.02,12.59,12.02,12.15,6412000,5.79
2009-02-26,12.27,13.04,12.02,12.21,8029600,5.82
2009-02-25,12.40,12.91,11.91,12.65,9560400,6.03
2009-02-24,12.17,12.68,11.83,12.46,9265000,5.94
2009-02-23,12.88,13.00,12.02,12.17,9576400,5.80
2009-02-20,12.49,13.25,12.32,12.84,14140600,6.12
2009-02-19,11.53,13.33,11.49,12.75,40449200,6.08
2009-02-18,9.77,10.02,9.06,9.29,10886800,4.43
2009-02-17,9.78,9.94,9.12,9.32,7626800,4.44
2009-02-13,10.48,10.59,9.95,9.97,5349000,4.75
2009-02-12,10.10,10.35,9.95,10.29,5496800,4.90
2009-02-11,10.52,10.62,10.12,10.36,4510800,4.94
2009-02-10,10.99,11.07,10.37,10.48,4485200,5.00
2009-02-09,10.88,11.25,10.88,11.07,3949800,5.28
2009-02-06,10.45,10.93,10.42,10.88,6525400,5.19
2009-02-05,10.59,10.60,9.94,10.41,4993800,4.96
2009-02-04,10.25,10.50,10.09,10.20,3617400,4.86
2009-02-03,10.20,10.41,9.91,10.25,4287600,4.89
2009-02-02,10.18,10.32,9.92,10.17,7838400,4.85
2009-01-30,11.20,11.36,10.17,10.25,6687400,4.89
2009-01-29,11.77,11.90,10.83,10.84,7414800,5.17
2009-01-28,11.69,12.44,11.55,11.92,7266400,5.68
2009-01-27,11.68,11.70,11.23,11.48,4290000,5.47
2009-01-26,11.39,11.75,11.29,11.42,4660400,5.44
2009-01-23,11.10,11.65,11.05,11.37,3967400,5.42
2009-01-22,11.12,11.89,10.76,11.28,5456000,5.38
2009-01-21,11.38,11.88,10.87,11.58,6025800,5.52
2009-01-20,12.14,12.44,11.03,11.22,5582600,5.35
2009-01-16,12.50,12.85,11.80,12.16,4580600,5.80
2009-01-15,12.38,12.73,11.82,12.37,7230400,5.90
2009-01-14,12.90,12.99,12.11,12.78,8797200,6.09
2009-01-13,12.50,13.37,12.50,13.16,10119200,6.27
2009-01-12,12.43,12.95,12.36,12.67,8531800,6.04
2009-01-09,12.66,13.00,11.46,12.57,15069800,5.99
2009-01-08,10.72,12.50,10.27,12.27,18752600,5.85
2009-01-07,10.49,10.49,9.88,10.01,5487000,4.77
2009-01-06,10.37,10.60,10.29,10.54,5705400,5.02
2009-01-05,9.87,10.29,9.73,10.17,5593200,4.85
2009-01-02,9.49,9.94,9.41,9.89,3663000,4.71
2008-12-31,9.26,9.50,9.20,9.44,6169400,4.50
2008-12-30,9.06,9.42,9.05,9.35,6617400,4.46
2008-12-29,8.84,9.05,8.68,9.04,4407000,4.31
2008-12-26,9.02,9.25,8.74,8.89,2255600,4.24
2008-12-24,9.03,9.38,8.77,9.09,2145800,4.33
2008-12-23,9.26,9.50,9.07,9.18,2735200,4.38
2008-12-22,10.28,10.37,9.25,9.41,5834400,4.49
2008-12-19,10.60,10.60,9.90,9.96,12728800,4.75
2008-12-18,10.76,11.04,10.20,10.35,5147800,4.93
2008-12-17,10.64,11.23,10.56,11.08,5265600,5.28
2008-12-16,10.41,10.88,10.06,10.80,6916000,5.15
2008-12-15,10.35,10.47,9.84,10.41,7362400,4.96
2008-12-12,9.90,10.38,9.90,10.35,5318800,4.93
2008-12-11,10.97,11.41,10.43,10.55,5121800,5.03
2008-12-10,10.49,11.20,10.40,11.12,5671000,5.30
2008-12-09,10.00,10.77,10.00,10.49,6780200,5.00
2008-12-08,10.88,10.93,10.48,10.62,4903800,5.06
2008-12-05,9.84,10.68,9.80,10.60,5037800,5.05
2008-12-04,9.90,10.64,9.82,10.13,4637400,4.83
2008-12-03,9.92,10.22,9.55,10.19,4849000,4.86
2008-12-02,9.67,10.16,9.67,10.02,5741800,4.78
2008-12-01,10.06,10.20,9.44,9.72,7210400,4.63
2008-11-28,10.72,10.79,10.41,10.58,2000800,5.04
2008-11-26,10.45,10.85,10.10,10.81,6759800,5.15
2008-11-25,10.22,10.58,10.03,10.45,11389200,4.98
2008-11-24,8.02,10.00,8.02,9.97,9858800,4.75
2008-11-21,8.54,8.75,7.04,8.19,11691800,3.90
2008-11-20,8.72,8.92,8.22,8.43,8194000,4.02
2008-11-19,9.19,9.40,8.80,8.82,5235000,4.20
2008-11-18,9.47,9.68,8.99,9.33,6713200,4.45
2008-11-17,9.04,9.85,9.00,9.47,7297000,4.51
2008-11-14,8.86,9.88,8.82,9.38,6822800,4.47
2008-11-13,8.71,9.22,8.52,9.17,11800600,4.37
2008-11-12,9.37,9.72,8.70,8.78,6645800,4.18
2008-11-11,9.66,9.80,9.25,9.62,9531000,4.59
2008-11-10,10.26,10.38,9.50,9.66,6184000,4.60
2008-11-07,10.80,10.81,9.66,10.05,11013600,4.79
2008-11-06,11.24,12.25,10.32,10.48,24199400,5.00
2008-11-05,10.69,10.82,10.28,10.31,11583800,4.91
2008-11-04,10.45,11.09,9.92,10.99,13586800,5.24
2008-11-03,10.68,10.75,9.97,10.02,9252600,4.78
2008-10-31,10.75,10.92,10.16,10.72,7705400,5.11
2008-10-30,11.25,11.25,10.31,10.57,7301000,5.04
2008-10-29,10.59,11.05,10.19,10.67,6570200,5.09
2008-10-28,10.55,10.64,9.91,10.54,7611600,5.02
2008-10-27,10.48,10.95,10.04,10.08,4123600,4.80
2008-10-24,10.28,11.27,10.28,10.74,8041600,5.12
2008-10-23,12.06,12.22,11.17,11.86,7800200,5.65
2008-10-22,13.03,13.24,11.62,11.82,7433000,5.63
2008-10-21,13.70,14.00,12.16,13.09,9227000,6.24
2008-10-20,14.38,14.79,14.04,14.36,2947000,6.84
2008-10-17,13.20,14.40,13.20,13.98,3931000,6.66
2008-10-16,13.12,14.00,13.00,13.96,5788200,6.65
2008-10-15,15.47,15.50,13.25,13.36,6082800,6.37
2008-10-14,16.75,17.00,14.98,15.44,7024800,7.36
2008-10-13,15.50,15.98,14.67,15.87,4893000,7.56
2008-10-10,14.11,15.08,13.26,14.83,10891200,7.07
2008-10-09,16.53,17.51,14.66,15.04,6782200,7.17
2008-10-08,16.53,17.98,16.28,17.34,5643200,8.27
2008-10-07,17.52,18.57,16.85,17.04,5348600,8.12
2008-10-06,17.80,18.00,16.77,17.95,6444800,8.56
2008-10-03,19.05,19.34,17.50,18.00,6384000,8.58
2008-10-02,20.18,20.23,18.83,18.87,3309600,8.99
2008-10-01,19.95,20.54,19.22,20.23,3702000,9.64
2008-09-30,19.58,20.35,18.93,20.03,7580000,9.55
2008-09-29,22.21,22.21,19.00,19.52,6555000,9.30
2008-09-26,19.86,20.70,19.84,20.64,4304600,9.84
2008-09-25,19.94,20.50,19.25,20.30,5586800,9.68
2008-09-24,19.68,20.05,19.25,19.45,4447800,9.27
2008-09-23,19.21,20.36,18.88,19.82,8428000,9.45
2008-09-22,20.85,21.10,19.10,19.12,6385200,9.11
2008-09-19,21.24,21.88,20.30,20.79,18314200,9.91
2008-09-18,18.03,20.30,18.03,19.98,18809200,9.52
2008-09-17,18.15,18.85,18.01,18.27,8363600,8.71
2008-09-16,18.51,19.22,17.91,18.17,10410400,8.66
2008-09-15,18.22,18.54,17.75,18.10,7333200,8.63
2008-09-12,18.96,18.96,18.10,18.43,9943800,8.78
2008-09-11,17.89,19.25,17.89,18.89,10159800,9.00
2008-09-10,18.19,18.34,17.72,18.15,7587400,8.65
2008-09-09,18.11,18.50,18.05,18.08,7958000,8.62
2008-09-08,18.15,18.67,17.91,18.12,8075400,8.64
2008-09-05,18.01,18.27,17.37,18.12,6200400,8.64
2008-09-04,18.93,19.01,17.95,17.99,6669800,8.57
2008-09-03,18.57,19.30,18.38,18.98,10301800,9.05
2008-09-02,18.74,19.10,18.28,18.43,8016600,8.78
2008-08-29,17.89,18.72,17.89,18.31,4790400,8.73
2008-08-28,18.44,18.55,18.13,18.25,7215600,8.70
2008-08-27,17.99,18.49,17.90,18.31,7094600,8.73
2008-08-26,17.79,17.99,17.53,17.87,8817600,8.52
2008-08-25,18.30,18.39,17.53,17.84,8763400,8.50
2008-08-22,18.37,18.71,18.23,18.44,9715000,8.79
2008-08-21,18.57,18.70,18.30,18.37,6087800,8.76
2008-08-20,19.23,19.25,18.57,18.77,6325400,8.95
2008-08-19,19.43,19.43,18.79,18.87,6774200,8.99
2008-08-18,19.72,19.84,18.90,19.15,5651600,9.13
2008-08-15,19.26,20.09,19.09,19.69,10550000,9.39
2008-08-14,18.93,19.43,18.82,19.14,6216000,9.12
2008-08-13,19.02,19.77,18.58,19.05,7457600,9.08
2008-08-12,19.73,19.97,19.28,19.30,7467400,9.20
2008-08-11,18.65,20.07,18.46,19.73,12507200,9.40
2008-08-08,19.20,19.25,18.30,18.65,14628800,8.89
2008-08-07,19.45,19.69,18.71,18.86,15517600,8.99
2008-08-06,18.87,20.13,18.26,20.04,53834200,9.55
2008-08-05,21.74,23.69,21.57,22.92,16494400,10.92
2008-08-04,21.50,21.95,21.01,21.46,7836400,10.23
2008-08-01,22.01,22.14,21.21,21.42,7535200,10.21
2008-07-31,21.77,22.53,21.70,22.17,4248600,10.57
2008-07-30,22.39,22.93,21.36,22.04,7826800,10.51
2008-07-29,22.25,22.82,22.04,22.39,8502400,10.67
2008-07-28,22.40,22.69,22.00,22.03,5183600,10.50
2008-07-25,22.94,23.17,22.45,22.52,7821200,10.73
2008-07-24,23.98,23.98,22.60,22.67,9590000,10.81
2008-07-23,22.29,24.22,22.03,24.02,13200400,11.45
2008-07-22,22.53,22.69,21.62,22.15,8728200,10.56
2008-07-21,23.27,24.06,22.14,22.17,11919400,10.57
2008-07-18,22.44,22.44,21.02,21.38,14467200,10.19
2008-07-17,22.17,22.67,21.64,22.52,15294600,10.73
2008-07-16,20.81,21.96,20.60,21.89,7637200,10.43
2008-07-15,20.77,21.25,20.18,20.69,8279000,9.86
2008-07-14,21.30,21.33,20.68,20.96,10826600,9.99
2008-07-11,21.24,21.46,20.53,21.04,12117000,10.03
2008-07-10,22.50,22.50,21.50,21.76,12379200,10.37
2008-07-09,23.58,23.58,22.15,22.19,9407600,10.58
2008-07-08,22.15,23.28,22.15,23.26,9159800,10.99
2008-07-07,22.71,23.01,21.98,22.43,11629400,10.60
2008-07-03,22.87,23.29,22.63,22.71,4803200,10.73
2008-07-02,23.67,23.81,22.72,22.72,9007200,10.74
2008-07-01,23.23,23.67,23.06,23.67,10992400,11.19
2008-06-30,23.94,24.13,23.01,23.69,16082600,11.19
2008-06-27,25.41,25.41,24.40,24.65,7215200,11.65
2008-06-26,25.45,25.60,24.71,25.10,9106200,11.86
2008-06-25,25.60,26.57,25.40,25.89,4337200,12.23
2008-06-24,25.59,25.95,25.10,25.54,7251400,12.07
2008-06-23,26.49,26.53,25.51,25.54,7140800,12.07
2008-06-20,26.27,26.47,25.79,26.32,9946600,12.44
2008-06-19,25.76,26.59,25.75,26.57,5766400,12.56
2008-06-18,26.73,26.80,25.78,25.84,8668400,12.21
2008-06-17,27.58,27.67,26.81,26.88,4877800,12.70
2008-06-16,26.91,27.45,26.75,27.37,5101600,12.93
2008-06-13,26.82,27.40,26.71,27.16,7129000,12.83
2008-06-12,26.98,27.81,26.71,26.74,16894800,12.64
2008-06-11,28.45,28.45,26.79,26.82,9280400,12.67
2008-06-10,28.48,28.78,28.29,28.45,4172800,13.44
2008-06-09,28.67,28.89,28.16,28.60,5606400,13.51
2008-06-06,29.36,29.43,28.48,28.50,7315200,13.47
2008-06-05,29.00,29.82,28.73,29.73,7192200,14.05
2008-06-04,28.61,29.51,28.32,29.34,10271200,13.86
2008-06-03,28.63,28.69,27.82,28.10,6812400,13.28
2008-06-02,28.85,28.94,27.99,28.48,6428600,13.46
2008-05-30,29.20,29.20,28.81,29.00,6544600,13.70
2008-05-29,28.64,29.78,28.52,28.99,11352800,13.70
2008-05-28,27.93,28.78,27.91,28.69,8112800,13.56
2008-05-27,27.66,28.13,27.38,27.92,5402200,13.19
2008-05-23,27.84,28.05,27.32,27.62,7417200,13.05
2008-05-22,28.00,28.10,27.43,28.00,8665000,13.23
2008-05-21,29.05,29.15,27.92,28.00,7550800,13.23
2008-05-20,28.99,29.25,28.78,28.99,6405600,13.70
2008-05-19,29.21,29.32,28.72,28.85,8792200,13.63
2008-05-16,29.11,29.30,28.50,29.06,11124600,13.73
2008-05-15,29.06,29.57,28.45,29.12,16831200,13.76
2008-05-14,30.17,30.21,28.85,28.96,54887200,13.68
2008-05-13,33.94,34.08,33.11,33.64,14435800,15.90
2008-05-12,33.11,34.30,32.90,33.75,9332200,15.95
2008-05-09,33.16,33.69,32.50,32.78,5383400,15.49
2008-05-08,34.30,34.33,33.57,33.68,3377200,15.92
2008-05-07,34.22,34.82,33.84,33.99,4865000,16.06
2008-05-06,33.90,34.23,33.44,34.00,4223400,16.07
2008-05-05,35.00,35.21,33.86,34.19,3672000,16.16
2008-05-02,35.49,36.03,34.58,34.98,6019000,16.53
2008-05-01,32.94,35.06,32.66,34.78,8581800,16.44
2008-04-30,32.94,33.50,32.63,32.64,5084600,15.42
2008-04-29,31.78,32.99,31.66,32.92,5688800,15.56
2008-04-28,31.00,32.06,30.50,31.76,5717400,15.01
2008-04-25,31.73,32.14,31.03,31.19,6103200,14.74
2008-04-24,32.62,32.89,31.51,31.67,7617600,14.97
2008-04-23,32.48,32.99,32.14,32.59,3299000,15.40
2008-04-22,32.85,32.95,31.73,32.20,2781200,15.22
2008-04-21,32.75,32.93,32.44,32.84,2243800,15.52
2008-04-18,33.88,34.08,32.71,32.95,5614800,15.57
2008-04-17,32.88,33.32,32.64,33.18,4238600,15.68
2008-04-16,32.05,32.80,31.81,32.43,4467400,15.32
2008-04-15,31.69,32.02,31.56,31.98,5622400,15.11
2008-04-14,31.94,32.20,31.72,31.76,4497000,15.01
2008-04-11,32.89,33.14,31.96,32.04,6376600,15.14
2008-04-10,33.04,33.35,32.78,32.99,5464000,15.59
2008-04-09,33.62,33.74,32.83,33.11,6608200,15.65
2008-04-08,34.00,34.24,33.33,33.60,3571800,15.78
2008-04-07,34.00,34.53,33.84,33.95,3522600,15.95
2008-04-04,33.40,34.20,33.38,33.89,3268400,15.92
2008-04-03,33.60,33.99,33.16,33.67,4155800,15.82
2008-04-02,34.81,34.81,33.17,33.42,7050200,15.70
2008-04-01,33.19,34.72,32.85,34.71,7714800,16.30
2008-03-31,32.40,33.56,32.28,32.97,5307800,15.49
2008-03-28,33.68,33.72,32.23,32.48,5500000,15.26
2008-03-27,33.34,33.95,32.89,33.17,4056600,15.58
2008-03-26,32.90,33.46,32.63,33.00,4269000,15.50
2008-03-25,33.44,33.80,32.76,33.21,6020600,15.60
2008-03-24,32.99,33.77,32.54,33.57,7080000,15.77
2008-03-20,31.35,32.76,31.13,32.65,7044000,15.34
2008-03-19,32.35,33.10,31.08,31.13,8047400,14.62
2008-03-18,31.25,32.36,31.03,32.35,8658800,15.20
2008-03-17,30.25,30.97,29.99,30.65,7849600,14.40
2008-03-14,31.97,32.03,30.90,31.17,8478000,14.64
2008-03-13,32.50,32.50,31.12,31.88,12835600,14.98
2008-03-12,33.51,34.00,32.62,32.75,5217600,15.38
2008-03-11,33.36,33.64,32.56,33.19,7606200,15.59
2008-03-10,34.01,34.50,32.68,32.73,6932200,15.37
2008-03-07,34.50,34.97,33.56,34.07,7164600,16.00
2008-03-06,35.35,35.66,34.60,34.61,5588400,16.26
2008-03-05,35.78,36.43,35.26,35.66,3525600,16.75
2008-03-04,34.69,35.91,34.62,35.63,6137800,16.74
2008-03-03,35.09,35.72,34.75,35.14,6103000,16.51
2008-02-29,36.31,36.44,35.00,35.15,7392600,16.51
2008-02-28,36.30,36.79,35.71,36.50,7464200,17.15
2008-02-27,36.85,37.01,36.13,36.29,4734000,17.05
2008-02-26,36.28,37.33,36.11,37.04,4632800,17.40
2008-02-25,36.80,36.80,35.94,36.38,5681600,17.09
2008-02-22,36.51,36.85,36.11,36.76,5337000,17.27
2008-02-21,37.33,37.63,36.50,36.54,10665200,17.16
2008-02-20,37.04,38.68,36.36,37.65,16466000,17.69
2008-02-19,40.04,40.04,38.13,38.32,12152000,18.00
2008-02-15,39.15,39.50,38.30,39.12,13647400,18.38
2008-02-14,41.67,41.85,40.39,40.82,9216800,19.17
2008-02-13,41.78,42.48,41.55,41.74,5011600,19.61
2008-02-12,41.56,41.85,41.23,41.63,6303400,19.56
2008-02-11,39.57,41.51,39.10,41.44,9256600,19.47
2008-02-08,39.02,40.25,38.68,39.38,7664400,18.50
2008-02-07,38.75,39.78,38.25,38.97,10230600,18.31
2008-02-06,39.91,40.36,39.44,39.78,4194200,18.69
2008-02-05,39.59,40.80,38.75,39.71,4664000,18.65
2008-02-04,40.92,41.25,40.27,40.52,3850000,19.03
2008-02-01,39.26,41.29,39.21,40.76,5395400,19.15
2008-01-31,38.59,40.73,38.34,39.44,7994800,18.53
2008-01-30,37.19,39.61,37.04,38.69,7102200,18.17
2008-01-29,37.37,37.79,36.40,37.49,3854600,17.61
2008-01-28,37.41,37.59,36.62,37.48,5600000,17.61
2008-01-25,38.98,39.14,36.78,37.55,7160600,17.64
2008-01-24,39.01,39.17,37.56,38.72,9422600,18.19
2008-01-23,34.77,40.52,34.54,38.99,14453800,18.31
2008-01-22,34.19,36.78,34.14,35.43,10547800,16.64
2008-01-18,35.71,36.83,34.73,35.08,7773000,16.48
2008-01-17,36.92,36.96,35.04,35.26,5904200,16.56
2008-01-16,36.10,37.70,35.82,36.92,6052400,17.34
2008-01-15,36.37,36.96,36.04,36.20,6218800,17.00
2008-01-14,37.56,38.14,36.80,37.13,6403400,17.44
2008-01-11,36.39,38.09,36.39,37.50,13071000,17.62
2008-01-10,34.97,36.75,34.71,36.27,6887600,17.04
2008-01-09,35.89,35.89,34.37,35.34,9048000,16.60
2008-01-08,35.89,36.72,35.55,35.84,8799400,16.74
2008-01-07,38.00,38.10,35.59,35.95,13254000,16.79
2008-01-04,39.30,39.40,37.81,37.92,7488800,17.71
2008-01-03,39.77,40.24,39.38,39.50,5865000,18.45
2008-01-02,41.05,41.08,39.60,39.76,6938400,18.57
