Date,Open,High,Low,Close,Volume,Adj Close
2013-12-31,38.49,38.68,38.33,38.57,6645100,38.20
2013-12-30,38.41,38.61,38.25,38.41,4259100,38.04
2013-12-27,38.23,38.40,37.76,38.30,4079000,37.93
2013-12-26,37.83,38.42,37.80,38.23,6959700,37.86
2013-12-24,37.54,37.77,37.53,37.70,3750300,37.33
2013-12-23,37.30,38.03,37.21,37.60,8121000,37.24
2013-12-20,37.01,37.30,36.83,37.01,8972100,36.65
2013-12-19,36.66,36.93,36.26,36.89,6595900,36.53
2013-12-18,36.81,37.07,36.09,36.65,11968900,36.29
2013-12-17,36.21,37.33,35.67,36.84,21486300,36.48
2013-12-16,34.53,35.45,34.40,35.33,12500200,34.99
2013-12-13,34.36,34.50,34.06,34.25,6821600,33.92
2013-12-12,34.41,34.50,33.98,34.36,7504200,34.03
2013-12-11,35.12,35.12,34.14,34.34,9694100,34.01
2013-12-10,35.84,35.90,35.31,35.48,5273900,34.76
2013-12-09,36.22,36.40,35.79,35.84,4440600,35.11
2013-12-06,36.50,36.64,36.07,36.21,5796700,35.48
2013-12-05,36.60,36.67,36.05,36.29,7099600,35.55
2013-12-04,36.30,36.91,35.83,36.78,14296600,36.03
2013-12-03,34.94,36.33,34.94,36.27,9415900,35.53
2013-12-02,35.34,35.69,35.02,35.18,3687700,34.47
2013-11-29,35.38,35.53,35.14,35.22,2326300,34.51
2013-11-27,35.57,35.62,35.11,35.18,4852300,34.47
2013-11-26,35.85,36.23,35.67,35.68,5408200,34.96
2013-11-25,35.25,35.95,35.13,35.80,6889100,35.07
2013-11-22,34.85,35.36,34.83,35.27,4682600,34.55
2013-11-21,34.76,35.02,34.53,34.91,4573400,34.20
2013-11-20,35.13,35.42,34.66,34.78,3793400,34.07
2013-11-19,35.28,35.45,34.92,35.03,6227400,34.32
2013-11-18,35.29,35.55,35.06,35.28,4839700,34.56
2013-11-15,34.96,35.29,34.76,35.23,7550700,34.52
2013-11-14,34.48,35.22,34.45,35.06,6813000,34.35
2013-11-13,34.53,34.68,34.22,34.39,7343500,33.69
2013-11-12,34.74,34.83,34.36,34.57,5009200,33.87
2013-11-11,34.85,35.08,34.53,34.93,3660400,34.22
2013-11-08,34.47,34.87,34.24,34.79,6202100,34.08
2013-11-07,35.02,35.10,34.30,34.50,6300500,33.80
2013-11-06,35.08,35.17,34.71,34.90,6336600,34.19
2013-11-05,35.50,35.62,34.93,35.01,6996100,34.30
2013-11-04,35.82,35.94,35.43,35.73,4863200,35.00
2013-11-01,35.69,35.90,35.19,35.52,7714600,34.80
2013-10-31,36.90,36.97,35.03,35.71,13617200,34.99
2013-10-30,37.40,37.47,36.83,36.95,4088100,36.20
2013-10-29,37.19,37.39,37.08,37.29,4215800,36.53
2013-10-28,37.37,37.40,36.93,37.18,4309200,36.43
2013-10-25,37.03,37.35,36.82,37.30,3260600,36.54
2013-10-24,36.61,37.04,36.58,36.88,2304900,36.13
2013-10-23,36.90,37.03,36.40,36.67,5011600,35.93
2013-10-22,36.31,37.29,36.20,36.97,6723000,36.22
2013-10-21,36.16,36.34,35.81,36.17,3069800,35.44
2013-10-18,36.20,36.35,35.92,36.24,4206800,35.50
2013-10-17,35.92,36.14,35.74,36.03,3811000,35.30
2013-10-16,35.78,36.07,35.58,35.95,5118900,35.22
2013-10-15,35.72,35.75,35.28,35.53,6263600,34.81
2013-10-14,35.67,35.83,35.42,35.77,7193200,35.04
2013-10-11,35.71,36.30,35.67,36.15,4333400,35.42
2013-10-10,35.24,35.78,35.17,35.75,3880500,35.02
2013-10-09,35.06,35.15,34.67,34.96,5849500,34.25
2013-10-08,35.49,35.68,35.05,35.05,4774800,34.34
2013-10-07,35.60,35.97,35.38,35.52,3185800,34.80
2013-10-04,36.23,36.33,35.83,35.92,4752100,35.19
2013-10-03,36.44,36.46,35.76,36.30,5393000,35.56
2013-10-02,36.59,36.82,36.29,36.58,3915800,35.84
2013-10-01,36.32,36.98,36.27,36.75,6824000,36.00
2013-09-30,36.04,36.66,35.97,36.36,4825300,35.62
2013-09-27,36.06,36.31,35.91,36.24,2989700,35.50
2013-09-26,36.39,36.43,36.18,36.33,2924900,35.59
2013-09-25,36.70,36.75,36.21,36.23,3041300,35.49
2013-09-24,36.51,36.83,36.32,36.60,3279200,35.86
2013-09-23,36.46,36.68,36.31,36.51,3876200,35.77
2013-09-20,36.93,36.94,36.45,36.63,6088900,35.89
2013-09-19,36.02,36.91,36.02,36.84,7763400,36.09
2013-09-18,35.21,35.96,35.21,35.93,6865900,35.20
2013-09-17,35.49,35.60,35.04,35.20,5685400,34.49
2013-09-16,36.16,36.20,35.46,35.54,3430300,34.82
2013-09-13,35.39,36.04,35.37,35.93,4186300,35.20
2013-09-12,35.78,35.78,35.30,35.31,4910900,34.59
2013-09-11,35.83,35.88,35.40,35.75,6493100,35.02
2013-09-10,35.64,36.26,35.53,36.19,17816400,35.10
2013-09-09,35.29,35.71,35.27,35.60,13366700,34.52
2013-09-06,35.28,35.44,34.95,35.12,14184900,34.06
2013-09-05,35.24,35.61,35.09,35.13,5267700,34.07
2013-09-04,36.08,36.12,35.03,35.14,8753500,34.08
2013-09-03,36.60,36.64,35.63,35.93,5026700,34.84
2013-08-30,36.33,36.46,36.14,36.24,2987200,35.15
2013-08-29,36.15,36.35,36.00,36.22,2477900,35.13
2013-08-28,36.12,36.46,36.12,36.21,3592400,35.12
2013-08-27,35.73,36.25,35.69,36.12,3392300,35.03
2013-08-26,36.50,36.77,36.16,36.22,5072700,35.13
2013-08-23,35.98,36.35,35.64,36.31,6157000,35.21
2013-08-22,34.98,36.13,34.94,35.88,7785400,34.80
2013-08-21,34.70,35.13,34.38,34.83,3901500,33.78
2013-08-20,34.26,34.90,34.02,34.68,4131300,33.63
2013-08-19,34.94,34.99,34.27,34.31,4195200,33.27
2013-08-16,35.17,35.35,34.92,34.99,3765800,33.93
2013-08-15,35.02,35.47,34.76,35.35,3841600,34.28
2013-08-14,35.24,35.47,35.24,35.31,3309500,34.24
2013-08-13,35.47,35.55,35.19,35.34,3504400,34.27
2013-08-12,35.20,35.66,35.18,35.49,12695700,34.42
2013-08-09,35.43,35.66,35.19,35.39,13143900,34.32
2013-08-08,35.83,36.22,35.27,35.42,23870100,34.35
2013-08-07,35.88,36.01,35.62,35.84,4276200,34.76
2013-08-06,36.10,36.21,35.81,36.05,3923100,34.96
2013-08-05,36.13,36.34,35.98,36.19,4061000,35.10
2013-08-02,35.98,36.34,35.91,36.22,7018000,35.13
2013-08-01,34.79,36.45,34.79,36.10,13886000,35.01
2013-07-31,33.85,34.36,33.70,34.17,6595500,33.14
2013-07-30,34.09,34.30,33.66,33.81,4821500,32.79
2013-07-29,33.90,34.03,33.82,33.99,3402500,32.96
2013-07-26,33.75,33.97,33.55,33.91,3423300,32.89
2013-07-25,33.44,33.82,33.37,33.81,4064300,32.79
2013-07-24,34.26,34.30,33.26,33.44,6650700,32.43
2013-07-23,34.49,34.76,34.26,34.29,3951600,33.25
2013-07-22,34.20,34.62,34.18,34.49,3473200,33.45
2013-07-19,34.12,34.66,33.95,34.28,5624200,33.24
2013-07-18,33.65,34.09,33.62,34.00,6609200,32.97
2013-07-17,33.64,33.78,33.29,33.50,4739600,32.49
2013-07-16,33.86,33.91,33.29,33.48,5053000,32.47
2013-07-15,33.78,34.01,33.62,33.81,3472300,32.79
2013-07-12,33.84,33.88,33.53,33.82,3107200,32.80
2013-07-11,33.51,33.93,33.43,33.79,5769300,32.77
2013-07-10,33.58,33.70,33.11,33.18,4709300,32.18
2013-07-09,33.48,33.63,33.31,33.53,3236200,32.52
2013-07-08,32.81,33.26,32.81,33.26,3335300,32.26
2013-07-05,32.92,33.02,32.48,32.68,3490700,31.69
2013-07-03,32.88,32.94,32.46,32.82,1861700,31.83
2013-07-02,32.56,33.24,32.47,32.98,5346000,31.98
2013-07-01,32.65,32.94,32.36,32.52,5306700,31.54
2013-06-28,32.55,32.85,32.47,32.47,7983600,31.49
2013-06-27,32.78,33.14,32.49,32.58,4815800,31.60
2013-06-26,33.29,33.94,32.56,32.65,8251400,31.66
2013-06-25,31.91,32.36,31.78,31.90,7561700,30.94
2013-06-24,32.00,32.13,31.25,31.65,10898300,30.69
2013-06-21,31.98,32.35,31.59,32.29,11573700,31.31
2013-06-20,32.22,32.24,31.67,31.75,9034800,30.79
2013-06-19,33.30,33.35,32.59,32.61,6435100,31.63
2013-06-18,33.15,33.48,33.07,33.24,7176100,32.24
2013-06-17,33.48,33.76,33.31,33.64,7457200,32.62
2013-06-14,33.65,33.66,33.24,33.31,8973100,32.30
2013-06-13,34.01,34.25,32.54,33.70,20606200,32.68
2013-06-12,34.36,34.72,33.95,34.03,4822600,33.00
2013-06-11,34.33,34.43,34.00,34.08,5605300,33.05
2013-06-10,35.36,35.37,34.67,34.72,4571600,33.67
2013-06-07,34.98,35.32,34.91,35.23,6363300,34.17
2013-06-06,34.06,34.87,34.00,34.85,8889800,33.80
2013-06-05,34.24,34.60,33.93,34.14,11237600,33.11
2013-06-04,34.86,35.11,34.34,34.46,7135100,33.08
2013-06-03,35.22,35.35,34.76,34.95,8421500,33.55
2013-05-31,35.67,35.83,35.14,35.18,7227100,33.77
2013-05-30,35.94,36.01,35.58,35.81,4848300,34.37
2013-05-29,36.13,36.20,35.40,35.88,12393500,34.44
2013-05-28,37.13,37.24,36.36,36.40,14786400,34.94
2013-05-24,37.03,37.08,36.59,36.67,14538300,35.20
2013-05-23,36.62,37.27,36.49,37.24,13511900,35.75
2013-05-22,37.80,37.83,36.94,37.02,9450600,35.54
2013-05-21,37.95,38.20,37.45,37.75,7183300,36.24
2013-05-20,37.21,38.03,37.20,37.88,8739900,36.36
2013-05-17,36.89,37.23,36.87,37.21,5733500,35.72
2013-05-16,36.63,37.01,36.50,36.76,8400800,35.29
2013-05-15,36.59,36.93,36.31,36.74,4487300,35.27
2013-05-14,36.47,36.71,36.39,36.63,5968500,35.16
2013-05-13,36.50,36.59,36.08,36.48,8058500,35.02
2013-05-10,36.57,36.83,36.37,36.50,6542400,35.04
2013-05-09,35.63,36.92,35.47,36.86,20140100,35.38
2013-05-08,35.48,35.82,35.02,35.60,28178100,34.17
2013-05-07,37.53,37.60,36.88,36.98,8396200,35.50
2013-05-06,37.52,37.67,37.22,37.30,5796900,35.80
2013-05-03,37.59,37.76,37.50,37.54,5937700,36.03
2013-05-02,37.56,37.62,37.22,37.31,5318500,35.81
2013-05-01,37.97,38.01,37.46,37.51,6281400,36.01
2013-04-30,38.16,38.28,37.89,38.13,4555300,36.60
2013-04-29,38.24,38.45,38.18,38.22,3150900,36.69
2013-04-26,37.94,38.15,37.54,38.04,4212500,36.51
2013-04-25,38.50,38.57,37.86,37.91,5521700,36.39
2013-04-24,38.22,38.50,38.01,38.38,3312800,36.84
2013-04-23,37.81,38.40,37.50,38.05,4672900,36.52
2013-04-22,37.48,37.94,37.08,37.73,3711000,36.22
2013-04-19,37.51,37.64,37.04,37.27,5764300,35.78
2013-04-18,37.10,37.78,36.89,37.38,3808900,35.88
2013-04-17,37.32,37.32,36.55,36.97,4445600,35.49
2013-04-16,36.73,37.64,36.46,37.51,4893700,36.01
2013-04-15,37.41,37.57,36.41,36.42,6517500,34.96
2013-04-12,36.98,37.78,36.93,37.73,3611800,36.22
2013-04-11,37.93,38.19,37.72,37.81,4579800,36.29
2013-04-10,37.81,38.15,37.74,37.79,4242800,36.27
2013-04-09,37.25,37.86,37.17,37.66,4618700,36.15
2013-04-08,36.79,37.24,36.79,37.20,3532900,35.71
2013-04-05,36.50,37.06,36.11,36.91,3324800,35.43
2013-04-04,36.65,37.10,36.52,36.88,3713900,35.40
2013-04-03,37.70,37.74,36.74,36.74,6695500,35.27
2013-04-02,38.00,38.12,37.46,37.67,5803000,36.16
2013-04-01,37.84,38.24,37.63,37.94,5159500,36.42
2013-03-28,37.01,37.68,37.01,37.46,6465100,35.96
2013-03-27,36.95,38.00,36.53,36.99,6257100,35.51
2013-03-26,37.18,37.26,36.81,37.18,4645300,35.69
2013-03-25,37.09,37.32,36.75,36.99,4844800,35.51
2013-03-22,36.82,37.28,36.62,36.87,6168100,35.39
2013-03-21,35.91,36.78,35.79,36.55,9469600,35.08
2013-03-20,35.64,36.15,35.50,35.98,5201100,34.54
2013-03-19,35.26,35.42,35.01,35.29,4663200,33.87
2013-03-18,35.15,35.47,34.82,35.19,4623900,33.78
2013-03-15,35.28,35.66,35.20,35.43,7030900,34.01
2013-03-14,34.81,35.64,34.80,35.42,10414200,34.00
2013-03-13,34.71,34.86,34.52,34.80,4942400,33.40
2013-03-12,35.09,35.10,34.72,34.79,4679400,33.39
2013-03-11,34.65,35.17,34.59,35.03,6474900,33.63
2013-03-08,34.43,34.78,34.41,34.71,10559000,33.32
2013-03-07,33.77,34.42,33.59,34.31,7672200,32.93
2013-03-06,33.59,33.91,33.47,33.72,6943400,32.37
2013-03-05,33.67,33.97,33.34,33.71,8435000,32.03
2013-03-04,33.75,33.88,33.39,33.57,10185500,31.90
2013-03-01,34.53,34.65,33.70,33.83,15129400,32.15
2013-02-28,34.30,34.85,34.24,34.71,7025200,32.98
2013-02-27,33.71,34.51,33.64,34.35,5569700,32.64
2013-02-26,33.75,33.88,33.09,33.79,19850900,32.11
2013-02-25,34.56,34.75,33.55,33.57,20997000,31.90
2013-02-22,34.21,34.44,34.15,34.44,16989200,32.73
2013-02-21,34.15,35.06,33.54,34.08,12465600,32.38
2013-02-20,35.47,35.48,34.76,34.82,6629200,33.09
2013-02-19,35.23,35.56,35.02,35.45,5283900,33.69
2013-02-15,35.46,35.57,34.98,35.11,8840400,33.36
2013-02-14,35.59,35.72,35.45,35.46,5304200,33.70
2013-02-13,35.94,35.94,35.55,35.64,3761800,33.87
2013-02-12,35.67,35.88,35.45,35.84,3701200,34.06
2013-02-11,36.03,36.03,35.54,35.74,2789700,33.96
2013-02-08,35.84,36.22,35.80,36.00,5508000,34.21
2013-02-07,35.77,36.00,35.64,35.87,4280700,34.09
2013-02-06,35.53,35.78,35.26,35.78,4317100,34.00
2013-02-05,35.38,35.85,35.22,35.74,4249600,33.96
2013-02-04,35.35,35.40,35.04,35.08,3277900,33.33
2013-02-01,35.33,35.50,35.10,35.43,4158400,33.67
2013-01-31,34.95,35.30,34.81,35.05,4160300,33.31
2013-01-30,34.99,35.45,34.80,35.10,7522500,33.35
2013-01-29,34.76,34.97,34.38,34.89,4822100,33.15
2013-01-28,35.06,35.22,34.45,34.87,4894100,33.13
2013-01-25,34.75,34.89,34.37,34.83,4451700,33.10
2013-01-24,35.07,35.40,34.53,34.63,5235400,32.91
2013-01-23,35.07,35.24,34.85,35.07,4795500,33.32
2013-01-22,34.68,35.22,34.64,35.15,6435300,33.40
2013-01-18,33.78,34.76,33.70,34.74,8918400,33.01
2013-01-17,33.57,34.04,33.38,33.80,6934700,32.12
2013-01-16,33.23,33.51,33.12,33.44,5551000,31.78
2013-01-15,33.28,33.42,33.10,33.30,7038600,31.64
2013-01-14,33.52,33.62,33.25,33.47,3603500,31.80
2013-01-11,33.95,34.01,33.43,33.49,5475000,31.82
2013-01-10,33.96,34.10,33.54,33.81,5646600,32.13
2013-01-09,33.57,33.96,33.57,33.77,5638000,32.09
2013-01-08,34.03,34.03,33.44,33.57,7692700,31.90
2013-01-07,33.91,34.08,33.83,33.99,4013500,32.30
2013-01-04,33.74,34.39,33.71,34.14,6857900,32.44
2013-01-03,34.02,34.20,33.56,33.77,7694000,32.09
2013-01-02,33.41,34.06,33.19,34.03,9398100,32.34
2012-12-31,31.72,32.76,31.65,32.74,5212400,31.11
2012-12-28,32.05,32.22,31.73,31.79,4629800,30.21
2012-12-27,32.29,32.37,31.75,32.02,4953400,30.43
2012-12-26,32.59,32.65,32.08,32.29,2987700,30.68
2012-12-24,32.62,32.80,32.41,32.53,1516900,30.91
2012-12-21,32.62,32.80,32.30,32.80,10849100,31.17
2012-12-20,32.60,32.88,32.44,32.85,5565400,31.22
2012-12-19,32.37,32.79,32.16,32.53,5497600,30.91
2012-12-18,32.05,32.47,31.80,32.38,8985600,30.77
2012-12-17,31.57,31.92,31.47,31.89,8621800,30.30
2012-12-14,31.20,31.70,31.11,31.49,13056600,29.92
2012-12-13,31.33,31.74,31.00,31.02,46308200,29.48
2012-12-12,30.68,31.59,30.59,31.13,9507100,29.58
2012-12-11,31.24,31.52,31.16,31.38,4100300,29.82
2012-12-10,31.23,31.54,31.06,31.22,4485900,29.67
2012-12-07,31.68,31.74,31.10,31.22,6872900,29.67
2012-12-06,32.24,32.41,31.45,31.56,5708200,29.99
2012-12-05,32.17,32.41,31.85,32.28,4673200,30.67
2012-12-04,32.50,32.54,32.15,32.24,4855900,30.33
2012-12-03,33.00,33.14,32.51,32.59,3998700,30.66
2012-11-30,32.66,32.90,32.37,32.84,5102200,30.89
2012-11-29,33.13,33.23,32.39,32.58,4211200,30.65
2012-11-28,32.50,33.01,32.36,33.00,3625900,31.04
2012-11-27,32.76,32.94,32.55,32.69,4343600,30.75
2012-11-26,33.13,33.27,32.65,32.79,4548100,30.84
2012-11-23,33.30,33.47,33.08,33.44,1763300,31.46
2012-11-21,32.91,33.11,32.72,33.03,4581000,31.07
2012-11-20,32.84,33.02,32.46,32.80,5456100,30.85
2012-11-19,31.98,32.69,31.96,32.67,7016600,30.73
2012-11-16,31.57,31.76,30.83,31.68,8272200,29.80
2012-11-15,31.09,31.40,30.55,30.97,6996400,29.13
2012-11-14,31.94,32.03,31.14,31.19,5525900,29.34
2012-11-13,31.35,32.36,31.35,31.87,5682700,29.98
2012-11-12,32.09,32.17,31.65,31.65,4131200,29.77
2012-11-09,32.03,32.54,31.83,32.07,4895300,30.17
2012-11-08,32.81,32.88,32.15,32.20,5472900,30.29
2012-11-07,33.00,33.11,32.52,32.85,6976000,30.90
2012-11-06,33.38,33.58,32.69,33.46,7291800,31.47
2012-11-05,33.11,33.27,32.89,33.21,4690000,31.24
2012-11-02,33.84,33.93,32.86,33.07,9631800,31.11
2012-11-01,34.31,35.40,33.28,33.69,13208400,31.69
2012-10-31,35.08,35.21,34.52,34.99,4831600,32.91
2012-10-26,34.77,35.08,34.40,34.82,2998300,32.75
2012-10-25,34.93,35.05,34.26,34.71,3146800,32.65
2012-10-24,34.70,35.11,34.38,34.66,4435100,32.60
2012-10-23,34.32,34.71,34.08,34.44,5487600,32.40
2012-10-22,34.93,35.30,34.63,34.97,4028100,32.89
2012-10-19,35.31,35.51,34.55,34.97,10840900,32.89
2012-10-18,35.96,36.07,35.32,35.51,9035700,33.40
2012-10-17,36.85,37.17,36.02,36.15,8464900,34.00
2012-10-16,35.98,37.39,35.98,36.77,12650500,34.59
2012-10-15,35.21,35.95,35.11,35.85,4424500,33.72
2012-10-12,35.57,35.64,35.12,35.14,4779300,33.05
2012-10-11,35.99,36.17,35.44,35.64,3515900,33.53
2012-10-10,35.94,36.05,35.46,35.55,5120500,33.44
2012-10-09,36.05,36.53,35.91,35.95,4067300,33.82
2012-10-08,35.81,36.06,35.62,36.04,3752400,33.90
2012-10-05,36.40,36.61,35.84,35.95,4894600,33.82
2012-10-04,36.68,37.56,36.17,36.19,11459200,34.04
2012-10-03,35.57,36.70,35.52,36.48,9869600,34.32
2012-10-02,35.64,35.75,35.06,35.55,6616400,33.44
2012-10-01,35.00,35.79,35.00,35.60,6587800,33.49
2012-09-28,34.91,35.00,34.47,34.97,5509800,32.89
2012-09-27,34.27,34.98,34.13,34.98,5026900,32.90
2012-09-26,34.74,34.85,33.88,33.98,6950300,31.96
2012-09-25,34.56,34.98,34.46,34.74,6308700,32.68
2012-09-24,34.14,34.61,33.97,34.49,4164500,32.44
2012-09-21,34.62,34.63,34.20,34.32,7153800,32.28
2012-09-20,33.82,34.37,33.68,34.36,5917600,32.32
2012-09-19,34.14,34.17,33.79,33.96,4549500,31.94
2012-09-18,34.44,34.51,33.90,34.08,4449500,32.06
2012-09-17,35.03,35.05,34.42,34.54,11364100,32.49
2012-09-14,34.75,35.39,34.70,35.10,6119600,33.02
2012-09-13,33.95,35.00,33.75,34.69,7093900,32.63
2012-09-12,33.88,33.99,33.67,33.97,2489700,31.95
2012-09-11,33.75,33.93,33.69,33.74,2867900,31.74
2012-09-10,33.92,33.92,33.49,33.62,3664400,31.62
2012-09-07,33.31,33.90,33.16,33.89,4945300,31.88
2012-09-06,32.41,33.18,32.39,33.18,4987700,31.21
2012-09-05,32.41,32.49,32.02,32.13,3995200,30.22
2012-09-04,32.27,32.62,32.14,32.37,3824800,30.45
2012-08-31,32.26,32.35,32.09,32.27,4562700,30.36
2012-08-30,32.21,32.24,31.91,32.04,4411100,30.14
2012-08-29,32.59,32.61,32.27,32.44,4255900,30.51
2012-08-28,32.30,32.68,32.27,32.56,5453200,30.63
2012-08-27,32.18,32.50,31.97,32.46,4339300,30.53
2012-08-24,31.87,32.20,31.64,32.11,2609400,30.20
2012-08-23,32.29,32.29,31.68,31.88,3705400,29.99
2012-08-22,32.00,32.33,31.81,32.26,5079600,30.35
2012-08-21,32.25,32.68,32.19,32.28,3139300,30.07
2012-08-20,32.29,32.52,32.11,32.17,3072300,29.97
2012-08-17,32.67,32.68,32.11,32.31,4944500,30.10
2012-08-16,32.42,32.79,32.33,32.66,18650100,30.42
2012-08-15,32.09,32.39,32.02,32.37,3811400,30.15
2012-08-14,32.00,32.29,31.87,32.15,4820400,29.95
2012-08-13,31.86,31.93,31.64,31.78,2597600,29.60
2012-08-10,31.38,31.89,31.23,31.85,3906800,29.67
2012-08-09,31.66,31.98,31.42,31.61,5709600,29.45
2012-08-08,31.82,31.90,31.39,31.63,5051100,29.46
2012-08-07,32.05,32.16,31.88,31.97,4514100,29.78
2012-08-06,31.63,31.88,31.58,31.74,4687700,29.57
2012-08-03,31.52,31.68,31.25,31.52,5146700,29.36
2012-08-02,29.92,31.23,29.89,30.93,9368500,28.81
2012-08-01,32.05,32.11,31.61,31.85,13321400,29.67
2012-07-31,31.56,31.95,31.56,31.79,7224100,29.61
2012-07-30,31.60,31.89,31.56,31.76,6448000,29.59
2012-07-27,31.34,31.75,31.11,31.60,10349400,29.44
2012-07-26,31.12,31.25,30.81,31.13,6554300,29.00
2012-07-25,31.14,31.33,30.41,30.61,5560800,28.51
2012-07-24,31.20,31.44,30.43,30.97,8361400,28.85
2012-07-23,29.90,31.82,29.70,31.47,12349500,29.32
2012-07-20,30.93,31.66,30.65,31.31,7057300,29.17
2012-07-19,30.97,31.19,30.73,31.05,4278500,28.92
2012-07-18,30.53,30.98,30.48,30.86,7548800,28.75
2012-07-17,30.07,30.69,29.69,30.67,5860800,28.57
2012-07-16,29.79,30.16,29.54,29.99,4690500,27.94
2012-07-13,29.03,29.92,29.00,29.89,5839400,27.84
2012-07-12,28.71,29.13,28.47,28.94,4851300,26.96
2012-07-11,28.89,29.05,28.65,28.90,4860100,26.92
2012-07-10,29.48,29.57,28.61,28.78,6235300,26.81
2012-07-09,28.83,29.19,28.65,29.15,5539600,27.15
2012-07-06,28.76,28.98,28.54,28.94,5541600,26.96
2012-07-05,29.27,29.36,28.94,29.10,3842700,27.11
2012-07-03,29.12,29.29,29.05,29.28,3261000,27.28
2012-07-02,28.82,29.04,28.50,29.04,5707500,27.05
2012-06-29,28.44,28.82,28.25,28.82,8737600,26.85
2012-06-28,28.02,28.29,27.76,28.04,9319800,26.12
2012-06-27,27.80,28.31,27.80,28.21,8657200,26.28
2012-06-26,27.44,27.88,27.35,27.76,9333200,25.86
2012-06-25,28.06,28.18,27.25,27.36,10737000,25.49
2012-06-22,28.49,28.65,28.07,28.43,20625200,26.48
2012-06-21,29.55,29.61,28.38,28.42,9879400,26.47
2012-06-20,30.12,30.24,29.33,29.53,8685200,27.51
2012-06-19,29.71,30.19,29.63,30.04,5420800,27.98
2012-06-18,29.85,29.90,29.48,29.49,7042800,27.47
2012-06-15,29.53,30.07,29.37,30.07,9911600,28.01
2012-06-14,29.53,29.69,29.17,29.45,8818600,27.43
2012-06-13,29.41,29.84,29.18,29.46,5598800,27.44
2012-06-12,29.42,29.71,29.13,29.54,6557200,27.52
2012-06-11,29.70,29.85,29.22,29.27,5757800,27.27
2012-06-08,29.61,29.62,29.24,29.37,6869900,27.36
2012-06-07,29.55,30.28,29.53,29.85,6934700,27.81
2012-06-06,29.09,29.70,29.09,29.55,8661600,27.53
2012-06-05,28.56,29.35,28.51,29.30,8845300,27.01
2012-06-04,29.07,29.29,28.25,28.67,11863900,26.43
2012-06-01,29.79,29.93,29.00,29.01,11584100,26.75
2012-05-31,30.64,30.90,29.90,30.53,7772300,28.15
2012-05-30,31.11,31.12,30.60,30.68,5921900,28.29
2012-05-29,30.90,31.49,30.89,31.39,18425500,28.94
2012-05-25,31.10,31.22,30.72,30.77,20409400,28.37
2012-05-24,31.40,31.61,30.67,31.05,20422900,28.63
2012-05-23,31.39,31.47,30.64,31.39,7625400,28.94
2012-05-22,30.84,31.82,30.80,31.29,8819900,28.85
2012-05-21,29.76,31.08,29.76,31.01,10841400,28.59
2012-05-18,29.97,30.32,29.56,29.67,11048500,27.36
2012-05-17,30.55,30.65,29.76,29.79,10295600,27.47
2012-05-16,31.37,31.64,30.48,30.52,8040600,28.14
2012-05-15,31.52,31.70,31.08,31.24,5591400,28.80
2012-05-14,32.23,32.33,31.60,31.67,6279600,29.20
2012-05-11,32.33,32.82,32.23,32.54,4658100,30.00
2012-05-10,32.49,32.84,32.34,32.53,7167500,29.99
2012-05-09,32.22,32.65,32.08,32.23,13992000,29.72
2012-05-08,32.96,32.96,31.99,32.58,7120800,30.04
2012-05-07,32.87,33.28,32.49,33.16,5825100,30.57
2012-05-04,32.78,32.91,32.24,32.70,7186600,30.15
2012-05-03,33.72,34.00,32.93,32.96,8290200,30.39
2012-05-02,34.10,34.14,33.61,33.75,7445600,31.12
2012-05-01,34.45,34.63,34.00,34.38,8301000,31.70
2012-04-30,33.59,34.04,33.53,34.03,7660700,31.38
2012-04-27,33.86,34.12,33.59,33.63,7114200,31.01
2012-04-26,33.00,33.96,32.75,33.89,6942300,31.25
2012-04-25,32.45,33.00,32.39,32.96,5303700,30.39
2012-04-24,32.35,32.61,32.29,32.31,6654900,29.79
2012-04-23,31.87,32.37,31.80,32.31,5367000,29.79
2012-04-20,32.42,32.50,32.21,32.30,4733600,29.78
2012-04-19,32.32,32.39,32.00,32.18,5784300,29.67
2012-04-18,31.71,32.29,31.58,32.28,6030300,29.76
2012-04-17,31.34,31.79,31.33,31.75,5726600,29.27
2012-04-16,32.35,32.52,31.32,31.34,9322700,28.90
2012-04-13,31.61,32.21,31.56,32.10,8775900,29.60
2012-04-12,31.13,31.83,31.07,31.82,6419200,29.34
2012-04-11,30.93,31.17,30.76,31.02,6226000,28.60
2012-04-10,30.98,31.28,30.51,30.56,8339900,28.18
2012-04-09,30.93,31.20,30.81,31.00,5443500,28.58
2012-04-05,31.28,31.69,31.14,31.46,6281700,29.01
2012-04-04,31.07,31.45,30.96,31.40,7262600,28.95
2012-04-03,30.81,31.44,30.66,31.44,10015500,28.99
2012-04-02,30.85,31.17,30.71,31.06,6103900,28.64
2012-03-30,31.38,31.44,30.66,30.81,21687800,28.41
2012-03-29,30.40,30.65,30.21,30.59,6613100,28.20
2012-03-28,30.84,31.03,30.38,30.68,6947500,28.29
2012-03-27,30.97,31.15,30.75,30.99,5872500,28.57
2012-03-26,30.73,30.84,30.29,30.61,6764900,28.22
2012-03-23,30.19,30.45,30.05,30.18,7905500,27.83
2012-03-22,30.69,30.74,29.91,30.21,8202100,27.85
2012-03-21,31.30,31.36,30.93,31.01,5695600,28.59
2012-03-20,31.29,32.09,31.06,31.30,16513200,28.86
2012-03-19,30.45,30.52,29.98,30.42,3096700,28.05
2012-03-16,30.11,30.50,30.06,30.46,6646900,28.08
2012-03-15,30.03,30.21,29.72,30.02,4051000,27.68
2012-03-14,30.33,30.41,29.93,30.04,4233800,27.70
2012-03-13,29.84,30.25,29.57,30.23,5777700,27.87
2012-03-12,29.85,29.93,29.41,29.67,3523400,27.36
2012-03-09,29.84,30.22,29.81,29.86,4493900,27.53
2012-03-08,29.86,30.00,29.55,29.78,3825700,27.46
2012-03-07,29.54,29.83,29.33,29.65,4603400,27.34
2012-03-06,29.84,30.13,29.60,29.72,4834300,27.16
2012-03-05,30.14,30.46,29.88,30.35,3731000,27.74
2012-03-02,30.22,30.48,30.13,30.26,5393200,27.66
2012-03-01,29.94,30.55,29.83,30.26,8196200,27.66
2012-02-29,29.47,30.00,29.33,29.88,10284000,27.31
2012-02-28,29.14,29.30,28.86,29.00,5488800,26.51
2012-02-27,29.18,29.47,29.04,29.11,4060500,26.61
2012-02-24,29.14,29.46,29.01,29.31,5146000,26.79
2012-02-23,28.97,29.32,28.51,29.06,10453700,26.56
2012-02-22,29.39,29.72,29.22,29.30,4592600,26.78
2012-02-21,29.37,29.58,29.18,29.46,3912200,26.93
2012-02-17,29.33,29.37,29.05,29.11,6576900,26.61
2012-02-16,28.89,29.06,28.71,28.87,5825900,26.39
2012-02-15,29.38,29.38,28.85,28.97,5433800,26.48
2012-02-14,29.47,29.60,28.97,29.18,4543000,26.67
2012-02-13,29.25,29.60,29.13,29.52,5086700,26.98
2012-02-10,28.91,29.14,28.66,29.06,4427900,26.56
2012-02-09,29.28,29.35,28.95,29.19,5048600,26.68
2012-02-08,29.21,29.41,29.05,29.21,4755400,26.70
2012-02-07,29.33,29.36,28.93,29.20,7646900,26.69
2012-02-06,29.57,29.69,29.30,29.41,7010600,26.88
2012-02-03,29.17,29.78,29.10,29.70,7613700,27.14
2012-02-02,29.27,29.31,28.76,28.84,4051400,26.36
2012-02-01,29.08,29.60,29.03,29.19,6619200,26.68
2012-01-31,28.97,29.02,28.52,28.82,5346000,26.34
2012-01-30,28.39,28.71,28.15,28.71,7173500,26.24
2012-01-27,28.76,28.82,28.20,28.55,6325700,26.09
2012-01-26,29.63,29.68,28.68,28.87,6524200,26.39
2012-01-25,29.03,29.47,28.66,29.41,6829100,26.88
2012-01-24,28.86,29.10,28.81,29.06,4899500,26.56
2012-01-23,28.82,29.23,28.82,29.03,7570600,26.53
2012-01-20,28.75,28.94,28.33,28.84,7713200,26.36
2012-01-19,29.11,29.29,28.44,28.74,13195200,26.27
2012-01-18,28.68,29.14,28.54,29.05,11798800,26.55
2012-01-17,28.51,28.69,28.10,28.43,7677500,25.98
2012-01-13,27.99,28.27,27.88,28.22,5666900,25.79
2012-01-12,27.90,28.39,27.87,28.14,7920600,25.72
2012-01-11,28.22,28.24,27.78,27.84,8873400,25.44
2012-01-10,28.13,28.48,27.97,28.33,15125200,25.89
2012-01-09,27.52,27.81,27.24,27.78,8696000,25.39
2012-01-06,27.66,27.73,27.34,27.39,7258600,25.03
2012-01-05,27.64,27.75,26.96,27.55,11763700,25.18
2012-01-04,26.81,26.99,26.56,26.98,11200600,24.66
2012-01-03,27.55,27.92,26.21,26.82,18725000,24.51
2011-12-30,32.61,33.11,32.54,33.02,8067200,24.60
2011-12-29,32.23,32.61,32.11,32.55,7196300,24.25
2011-12-28,32.89,32.93,32.08,32.13,6397900,23.94
2011-12-27,32.63,33.00,32.61,32.82,4328200,24.45
2011-12-23,32.39,32.71,32.28,32.71,4354500,24.37
2011-12-22,32.04,32.29,31.98,32.24,6299000,24.02
2011-12-21,31.70,32.07,31.41,32.01,4757900,23.85
2011-12-20,31.37,31.87,31.30,31.70,6003400,23.62
2011-12-19,31.04,31.22,30.66,30.79,7171100,22.94
2011-12-16,30.75,31.02,30.38,31.00,13840400,23.10
2011-12-15,30.91,31.05,30.36,30.40,8761600,22.65
2011-12-14,31.04,31.22,30.44,30.59,11456000,22.79
2011-12-13,31.44,31.89,31.14,31.37,10951600,23.37
2011-12-12,31.41,31.46,31.05,31.34,12299100,23.35
2011-12-09,31.37,31.88,31.28,31.65,11120000,23.58
2011-12-08,31.93,32.14,31.03,31.12,12760700,23.19
2011-12-07,31.74,32.46,31.49,32.20,12104000,23.99
2011-12-06,32.54,32.70,32.01,32.14,11465500,23.76
2011-12-05,32.80,32.97,32.20,32.59,9879400,24.09
2011-12-02,32.69,32.89,32.28,32.37,14429400,23.93
2011-12-01,32.26,32.83,31.87,32.41,12929000,23.96
2011-11-30,32.02,32.50,31.48,32.28,12702700,23.86
2011-11-29,30.96,31.25,30.70,31.10,7952200,22.99
2011-11-28,30.61,31.30,30.47,30.77,11668000,22.75
2011-11-25,29.20,29.94,29.12,29.70,4144800,21.96
2011-11-23,29.63,29.91,29.18,29.37,9127300,21.71
2011-11-22,30.07,30.49,29.82,30.01,7502900,22.19
2011-11-21,29.86,30.25,29.49,30.07,8976500,22.23
2011-11-18,30.59,30.74,30.27,30.45,7521900,22.51
2011-11-17,30.47,30.84,29.84,30.29,9102300,22.39
2011-11-16,30.65,31.49,30.53,30.62,8668300,22.64
2011-11-15,30.47,31.44,30.47,31.27,7408200,23.12
2011-11-14,31.17,31.28,30.44,30.60,8060200,22.62
2011-11-11,31.15,31.49,30.99,31.34,5546300,23.17
2011-11-10,30.76,30.96,30.04,30.75,6900600,22.73
2011-11-09,30.26,31.09,30.15,30.29,9591700,22.39
2011-11-08,31.44,31.46,30.63,31.29,8204600,23.13
2011-11-07,31.24,31.47,30.64,31.32,6685100,23.15
2011-11-04,30.75,31.55,30.47,31.27,11231800,23.12
2011-11-03,30.76,31.12,30.10,31.03,14639200,22.94
2011-11-02,31.60,31.60,29.74,30.20,14755700,22.33
2011-11-01,29.27,30.06,29.02,29.36,15136000,21.70
2011-10-31,30.63,30.87,30.06,30.11,8697600,22.26
2011-10-28,30.79,31.31,30.59,31.25,10398300,23.10
2011-10-27,30.64,31.40,30.23,31.13,13985500,23.01
2011-10-26,30.09,30.29,29.14,29.85,12471400,22.07
2011-10-25,30.25,30.45,29.42,29.57,11078300,21.86
2011-10-24,30.32,30.62,29.88,30.50,10918300,22.55
2011-10-21,30.13,30.25,29.73,30.16,12002200,22.30
2011-10-20,29.44,29.95,29.15,29.81,10611600,22.04
2011-10-19,29.17,30.00,29.16,29.48,25790100,21.79
2011-10-18,27.58,29.26,27.41,29.06,18629500,21.48
2011-10-17,28.72,28.87,27.40,27.54,16943600,20.36
2011-10-14,27.27,27.38,26.94,27.32,7012100,20.20
2011-10-13,26.39,26.89,26.02,26.69,6921800,19.73
2011-10-12,26.77,27.20,26.62,26.73,9879400,19.76
2011-10-11,26.05,26.54,25.86,26.41,6614300,19.52
2011-10-10,25.57,26.39,25.57,26.39,10662500,19.51
2011-10-07,25.69,25.69,24.91,24.97,10774900,18.46
2011-10-06,24.66,25.74,24.32,25.44,9716800,18.81
2011-10-05,23.62,24.83,23.17,24.75,19923800,18.30
2011-10-04,22.92,23.61,21.90,23.61,24043100,17.45
2011-10-03,24.04,24.57,23.35,23.35,11225800,17.26
2011-09-30,24.57,25.00,24.27,24.34,9782100,17.99
2011-09-29,25.87,25.93,24.46,25.04,12048900,18.51
2011-09-28,25.89,26.31,25.04,25.12,8930600,18.57
2011-09-27,26.87,27.17,25.75,25.95,11134000,19.18
2011-09-26,25.20,26.26,24.58,26.16,11465200,19.34
2011-09-23,24.59,25.25,24.45,25.01,8876900,18.49
2011-09-22,25.41,25.55,24.43,24.83,19144800,18.36
2011-09-21,26.89,28.26,26.37,26.37,13239000,19.49
2011-09-20,27.33,27.64,26.41,26.86,10601600,19.86
2011-09-19,26.68,27.54,25.83,27.23,11099900,20.13
2011-09-16,27.52,27.59,26.75,27.05,9435800,20.00
2011-09-15,27.45,27.65,27.01,27.25,7775800,20.15
2011-09-14,26.60,27.45,26.03,27.03,11432600,19.98
2011-09-13,26.08,26.48,25.55,26.39,9057500,19.51
2011-09-12,25.42,26.04,25.07,25.86,7912700,19.12
2011-09-09,26.19,26.50,25.50,25.71,12033200,19.01
2011-09-08,26.42,26.98,26.14,26.73,11979200,19.76
2011-09-07,26.21,27.08,26.09,26.47,15257600,19.57
2011-09-06,24.98,25.57,24.62,25.53,10501400,18.87
2011-09-02,25.28,26.34,25.28,25.94,8091200,19.18
2011-09-01,26.98,27.50,26.82,26.89,7575300,19.88
2011-08-31,27.10,27.58,26.66,26.99,9260000,19.95
2011-08-30,26.35,27.06,26.17,26.90,11196600,19.89
2011-08-29,25.64,26.49,25.63,26.48,6470400,19.58
2011-08-26,24.53,25.45,24.30,25.22,10400300,18.64
2011-08-25,25.46,26.15,24.61,24.79,13372000,18.33
2011-08-24,25.21,25.66,24.85,25.55,12284300,18.89
2011-08-23,24.01,25.68,23.46,25.50,21026400,18.70
2011-08-22,25.46,25.67,23.55,23.84,15148400,17.49
2011-08-19,25.00,25.77,24.48,24.73,16486000,18.14
2011-08-18,27.24,27.31,25.07,25.31,20001900,18.56
2011-08-17,28.43,28.95,27.96,28.15,7866600,20.65
2011-08-16,28.00,28.73,27.90,28.15,9515000,20.65
2011-08-15,28.03,28.83,27.93,28.67,8602000,21.03
2011-08-12,28.03,28.18,27.27,27.68,9506300,20.30
2011-08-11,27.01,28.06,26.28,27.52,18112600,20.19
2011-08-10,26.47,28.04,26.26,26.38,22678600,19.35
2011-08-09,24.84,27.04,24.18,27.03,18403500,19.83
2011-08-08,26.14,26.50,23.48,24.04,26397800,17.63
2011-08-05,27.52,27.87,25.47,27.05,19923800,19.84
2011-08-04,29.60,29.66,26.92,27.04,22443400,19.83
2011-08-03,30.23,30.37,29.26,30.06,12436400,22.05
2011-08-02,31.35,31.68,30.30,30.36,10923200,22.27
2011-08-01,31.84,32.11,31.42,31.61,8346700,23.18
2011-07-29,31.30,32.14,31.12,31.70,10757300,23.25
2011-07-28,32.00,32.27,31.67,31.79,9292600,23.32
2011-07-27,30.43,33.16,30.13,32.10,34162500,23.54
2011-07-26,30.71,30.91,30.43,30.62,6375900,22.46
2011-07-25,30.60,31.02,30.47,30.71,8627400,22.52
2011-07-22,31.08,31.13,30.73,31.09,4211200,22.80
2011-07-21,30.75,31.13,30.71,31.02,7562100,22.75
2011-07-20,30.73,30.73,30.07,30.56,8486700,22.41
2011-07-19,30.26,30.77,29.87,30.64,11131800,22.47
2011-07-18,30.06,30.38,29.80,30.04,11956800,22.03
2011-07-15,29.43,30.48,29.35,30.37,18656200,22.28
2011-07-14,28.85,29.47,28.84,29.10,15616000,21.34
2011-07-13,28.63,29.11,28.63,28.79,8787700,21.12
2011-07-12,28.55,28.77,28.34,28.40,7865600,20.83
2011-07-11,29.19,29.26,28.41,28.59,12157500,20.97
2011-07-08,29.78,30.14,29.50,29.58,11116400,21.70
2011-07-07,30.65,30.73,30.04,30.27,6866200,22.20
2011-07-06,30.57,30.61,30.15,30.19,7896800,22.14
2011-07-05,30.60,30.81,30.27,30.68,7986000,22.50
2011-07-01,30.37,30.84,30.11,30.75,8705500,22.55
2011-06-30,29.98,30.29,29.93,30.25,6344400,22.19
2011-06-29,29.76,30.15,29.52,29.82,6915400,21.87
2011-06-28,28.98,29.78,28.96,29.67,7447600,21.76
2011-06-27,28.64,29.14,28.36,28.80,9099300,21.12
2011-06-24,28.85,29.57,28.44,28.55,30518000,20.94
2011-06-23,28.81,29.27,28.11,29.23,12288500,21.44
2011-06-22,29.30,29.73,29.16,29.32,7047900,21.51
2011-06-21,28.70,29.41,28.54,29.38,8617600,21.55
2011-06-20,28.17,28.58,28.01,28.54,6650800,20.93
2011-06-17,28.54,28.68,28.12,28.31,12106800,20.76
2011-06-16,28.82,29.12,27.92,28.31,15317100,20.76
2011-06-15,29.27,29.36,28.67,28.77,13191400,21.10
2011-06-14,29.26,29.84,29.16,29.65,8833900,21.75
2011-06-13,29.46,29.59,28.39,28.91,12033800,21.20
2011-06-10,29.76,29.88,29.25,29.34,6808000,21.52
2011-06-09,29.95,30.11,29.72,29.91,6359000,21.94
2011-06-08,29.71,30.11,29.62,29.80,8791400,21.86
2011-06-07,29.90,30.32,29.64,29.83,6303100,21.73
2011-06-06,30.37,30.44,29.68,29.72,7398600,21.65
2011-06-03,30.14,30.77,29.97,30.46,5675000,22.19
2011-06-02,30.69,30.97,30.12,30.58,7262200,22.28
2011-06-01,31.39,31.57,30.64,30.70,8207100,22.37
2011-05-31,31.58,31.73,30.98,31.39,10540800,22.87
2011-05-27,30.75,31.22,30.75,31.00,4864300,22.59
2011-05-26,30.90,31.01,30.48,30.70,9305200,22.37
2011-05-25,30.44,31.35,30.32,31.05,10791400,22.62
2011-05-24,30.64,31.07,30.61,30.66,7611300,22.34
2011-05-23,30.33,30.62,30.15,30.34,7011700,22.10
2011-05-20,30.52,31.15,30.25,30.76,10823900,22.41
2011-05-19,30.73,30.95,30.41,30.63,7989000,22.32
2011-05-18,29.96,30.90,29.86,30.63,9231800,22.32
2011-05-17,29.58,29.97,29.39,29.89,8756500,21.78
2011-05-16,30.16,30.48,29.67,29.78,10276300,21.70
2011-05-13,30.68,30.96,29.92,30.26,9091300,22.05
2011-05-12,30.72,30.88,30.30,30.52,10038500,22.24
2011-05-11,31.72,31.78,30.57,30.84,8228900,22.47
2011-05-10,31.71,31.92,31.47,31.73,5164800,23.12
2011-05-09,30.92,31.71,30.83,31.62,6516600,23.04
2011-05-06,31.21,31.51,30.54,30.85,8058700,22.48
2011-05-05,31.09,31.28,30.37,30.76,11552000,22.41
2011-05-04,31.98,31.98,30.70,31.38,11159200,22.86
2011-05-03,32.52,32.61,31.56,31.90,12550500,23.24
2011-05-02,33.29,33.47,32.50,32.70,12709000,23.82
2011-04-29,32.70,33.33,32.59,33.17,12161100,24.17
2011-04-28,32.71,32.97,32.43,32.66,6988200,23.79
2011-04-27,32.58,32.84,32.00,32.74,6231900,23.85
2011-04-26,32.21,32.64,31.96,32.55,8228700,23.71
2011-04-25,32.03,32.14,31.59,32.02,4129200,23.33
2011-04-21,31.90,32.07,31.70,31.97,4518200,23.29
2011-04-20,31.21,31.79,31.16,31.78,9615700,23.15
2011-04-19,30.30,30.66,30.22,30.55,4897200,22.26
2011-04-18,30.52,30.63,30.05,30.28,5970500,22.06
2011-04-15,30.78,31.21,30.76,31.05,7197600,22.62
2011-04-14,30.22,30.92,30.04,30.73,6133300,22.39
2011-04-13,30.51,30.86,29.92,30.36,7086400,22.12
2011-04-12,30.47,30.50,29.86,30.42,10651600,22.16
2011-04-11,31.02,31.31,30.53,30.68,8741700,22.35
2011-04-08,31.14,31.40,30.63,30.83,5225800,22.46
2011-04-07,30.61,31.06,30.43,31.02,7345400,22.60
2011-04-06,31.13,31.21,30.35,30.68,5344500,22.35
2011-04-05,31.00,31.20,30.85,30.92,6896400,22.53
2011-04-04,31.28,31.36,30.93,31.10,7323900,22.66
2011-04-01,31.64,31.89,31.21,31.28,6383900,22.79
2011-03-31,31.53,31.77,31.14,31.18,8583400,22.72
2011-03-30,30.94,31.61,30.76,31.45,8682200,22.91
2011-03-29,30.58,30.78,30.29,30.75,5474300,22.40
2011-03-28,31.26,31.45,30.63,30.64,5473800,22.32
2011-03-25,30.72,31.34,30.63,31.13,6399900,22.68
2011-03-24,30.56,30.76,30.32,30.65,5404000,22.33
2011-03-23,30.43,30.54,30.05,30.46,6090200,22.19
2011-03-22,30.77,30.88,30.29,30.50,3980100,22.22
2011-03-21,30.08,30.93,30.00,30.75,8486200,22.40
2011-03-18,29.99,30.04,29.59,29.69,10544600,21.63
2011-03-17,29.61,29.86,29.31,29.63,9545300,21.59
2011-03-16,29.56,29.85,28.70,29.02,12648100,21.14
2011-03-15,29.01,29.58,28.73,29.44,9308800,21.45
2011-03-14,29.84,29.99,29.45,29.80,6977100,21.71
2011-03-11,29.45,30.12,29.28,29.98,7383200,21.84
2011-03-10,29.67,29.91,28.93,29.36,13432700,21.39
2011-03-09,29.81,30.15,29.70,29.84,7018700,21.74
2011-03-08,30.37,30.52,29.90,30.03,6979500,21.79
2011-03-07,30.86,31.00,29.97,30.28,10694300,21.97
2011-03-04,30.67,30.89,30.45,30.84,8003100,22.38
2011-03-03,30.64,30.81,30.12,30.77,10228000,22.32
2011-03-02,30.03,30.70,29.86,30.39,8951700,22.05
2011-03-01,30.67,30.82,29.98,30.02,11130100,21.78
2011-02-28,30.31,30.42,30.03,30.36,9093900,22.03
2011-02-25,29.89,30.30,29.75,30.26,12064500,21.95
2011-02-24,29.93,30.03,29.48,29.73,8224900,21.57
2011-02-23,29.75,30.46,29.51,29.90,12128900,21.69
2011-02-22,30.47,30.72,29.71,29.88,12945500,21.68
2011-02-18,30.25,30.73,30.16,30.37,19925100,22.03
2011-02-17,30.42,30.95,29.45,30.08,60248800,21.82
2011-02-16,27.64,27.98,27.40,27.76,28043000,20.14
2011-02-15,26.93,27.22,26.73,27.03,9787600,19.61
2011-02-14,26.99,27.24,26.85,27.01,9215600,19.60
2011-02-11,27.20,27.44,26.92,26.99,8127900,19.58
2011-02-10,27.08,27.47,27.08,27.36,5691400,19.85
2011-02-09,27.63,27.73,27.02,27.25,5656800,19.77
2011-02-08,27.74,28.07,27.47,27.74,11060200,20.13
2011-02-07,27.58,27.94,27.52,27.58,5238200,20.01
2011-02-04,27.64,27.78,27.39,27.46,6060300,19.92
2011-02-03,27.24,27.77,27.17,27.60,9872900,20.02
2011-02-02,27.13,27.46,27.08,27.14,3934200,19.69
2011-02-01,27.13,27.43,27.10,27.37,8053800,19.86
2011-01-31,26.70,27.14,26.70,26.99,8620500,19.58
2011-01-28,26.96,27.17,26.49,26.60,13649700,19.30
2011-01-27,26.87,27.05,26.62,26.97,8946500,19.57
2011-01-26,26.47,26.95,26.47,26.87,6377200,19.49
2011-01-25,26.53,26.53,26.17,26.35,6756900,19.12
2011-01-24,26.27,26.57,26.23,26.54,5797800,19.26
2011-01-21,26.23,26.73,26.18,26.40,11888000,19.15
2011-01-20,25.95,26.30,25.77,26.12,13993700,18.95
2011-01-19,26.27,26.42,25.89,26.03,8070100,18.89
2011-01-18,26.47,26.58,26.20,26.25,8962300,19.04
2011-01-14,26.43,26.52,26.22,26.46,9349700,19.20
2011-01-13,26.27,27.06,26.13,26.52,18079900,19.24
2011-01-12,25.55,25.90,25.49,25.89,9573400,18.78
2011-01-11,24.77,25.44,24.61,25.37,7811900,18.41
2011-01-10,24.37,24.83,24.37,24.75,8738100,17.96
2011-01-07,24.62,24.95,24.39,24.92,7489000,18.08
2011-01-06,24.68,24.68,24.26,24.53,3980600,17.80
2011-01-05,24.40,24.74,24.26,24.58,6443300,17.83
2011-01-04,24.70,24.80,24.30,24.54,7622300,17.80
2011-01-03,24.97,25.20,24.66,24.72,8968200,17.93
2010-12-31,24.55,24.89,24.53,24.72,3787900,17.93
2010-12-30,24.53,24.89,24.47,24.66,2863300,17.89
2010-12-29,24.71,24.80,24.55,24.75,2540900,17.96
2010-12-28,24.68,24.74,24.55,24.62,2159100,17.86
2010-12-27,24.56,24.69,24.44,24.63,2320600,17.87
2010-12-23,24.64,24.75,24.58,24.62,2357700,17.86
2010-12-22,24.73,24.77,24.54,24.64,3478600,17.88
2010-12-21,24.54,24.69,24.48,24.55,3637100,17.81
2010-12-20,23.89,24.53,23.89,24.43,6460600,17.72
2010-12-17,23.64,24.21,23.60,23.90,7709700,17.34
2010-12-16,23.75,23.78,23.46,23.65,6104100,17.16
2010-12-15,23.84,23.96,23.36,23.67,10173600,17.17
2010-12-14,24.19,24.31,23.89,23.95,11126400,17.38
2010-12-13,24.06,24.49,24.02,24.14,12342700,17.51
2010-12-10,24.00,24.14,23.72,23.98,9673200,17.40
2010-12-09,23.58,24.05,23.48,23.93,8412400,17.36
2010-12-08,23.52,23.64,23.24,23.49,6615400,17.04
2010-12-07,24.15,24.25,23.50,23.63,11810300,17.05
2010-12-06,23.68,24.27,23.50,23.93,10600900,17.27
2010-12-03,23.63,23.85,23.53,23.72,6361500,17.12
2010-12-02,23.30,23.86,23.21,23.77,7572200,17.15
2010-12-01,23.21,23.60,23.21,23.33,11634500,16.84
2010-11-30,22.58,22.97,22.41,22.81,11044800,16.46
2010-11-29,22.55,22.86,22.49,22.86,8882900,16.50
2010-11-26,23.02,23.21,22.81,22.90,2707600,16.53
2010-11-24,23.04,23.30,22.99,23.27,5189200,16.79
2010-11-23,23.12,23.17,22.75,22.95,8527800,16.56
2010-11-22,23.28,23.42,22.89,23.41,7555900,16.89
2010-11-19,23.38,23.52,23.00,23.51,7376400,16.97
2010-11-18,23.28,23.60,23.22,23.49,8513100,16.95
2010-11-17,22.69,23.27,22.60,23.16,10206400,16.71
2010-11-16,22.64,22.98,22.41,22.70,12454100,16.38
2010-11-15,23.12,23.50,22.78,22.83,10672300,16.48
2010-11-12,23.52,23.96,22.90,23.05,14436300,16.63
2010-11-11,22.45,23.74,22.35,23.61,22848800,17.04
2010-11-10,22.80,22.99,22.54,22.71,11540200,16.39
2010-11-09,22.75,23.30,22.39,22.95,13768400,16.56
2010-11-08,22.28,22.65,22.19,22.60,8559000,16.31
2010-11-05,22.20,22.37,22.00,22.34,7289400,16.12
2010-11-04,21.72,22.25,21.63,22.23,9257700,16.04
2010-11-03,21.56,21.61,20.98,21.43,6781600,15.47
2010-11-02,21.33,21.75,21.26,21.57,7738300,15.57
2010-11-01,21.64,21.69,21.04,21.18,9450000,15.29
2010-10-29,20.96,21.61,20.91,21.51,12426100,15.52
2010-10-28,20.44,21.65,20.38,21.15,19669400,15.26
2010-10-27,20.28,20.77,20.20,20.71,12584500,14.95
2010-10-26,20.42,20.87,20.40,20.44,13894800,14.75
2010-10-25,21.20,21.36,20.81,20.83,7963900,15.03
2010-10-22,21.28,21.41,20.92,20.99,5544500,15.15
2010-10-21,21.49,21.64,20.95,21.19,8471400,15.29
2010-10-20,21.10,21.71,21.10,21.38,10601600,15.43
2010-10-19,21.17,21.36,20.86,21.01,12355800,15.16
2010-10-18,21.28,21.59,21.07,21.51,7696200,15.52
2010-10-15,21.48,21.49,21.00,21.24,15534500,15.33
2010-10-14,21.50,21.64,21.08,21.29,8861600,15.36
2010-10-13,20.12,22.24,20.02,21.53,41932200,15.54
2010-10-12,19.63,19.70,19.35,19.61,4497700,14.15
2010-10-11,19.78,19.92,19.65,19.71,3159400,14.22
2010-10-08,19.40,19.78,19.31,19.72,6397300,14.23
2010-10-07,19.47,19.47,19.06,19.32,6447600,13.94
2010-10-06,19.21,19.49,19.07,19.32,6823300,13.94
2010-10-05,19.26,19.38,19.09,19.27,8053700,13.91
2010-10-04,19.30,19.37,18.88,19.02,5808100,13.73
2010-10-01,19.11,19.50,19.02,19.37,6852100,13.98
2010-09-30,19.21,19.30,18.90,19.11,6911800,13.79
2010-09-29,18.80,19.15,18.76,19.06,4302100,13.76
2010-09-28,18.78,18.93,18.50,18.89,3519700,13.63
2010-09-27,18.82,18.96,18.73,18.73,3299500,13.52
2010-09-24,18.75,19.13,18.52,18.85,7148500,13.60
2010-09-23,18.40,18.74,18.37,18.50,5969800,13.35
2010-09-22,18.76,18.97,18.65,18.65,5857200,13.46
2010-09-21,18.92,19.02,18.63,18.81,6281400,13.57
2010-09-20,18.44,18.95,18.43,18.86,7689700,13.61
2010-09-17,18.48,18.58,18.17,18.40,10110100,13.28
2010-09-16,18.43,18.74,18.14,18.44,16485800,13.31
2010-09-15,19.13,19.23,18.98,19.10,6011800,13.78
2010-09-14,19.58,19.70,19.32,19.34,5594400,13.96
2010-09-13,19.48,19.70,19.34,19.68,7471200,14.20
2010-09-10,19.33,19.41,19.23,19.26,5014200,13.90
2010-09-09,19.45,19.49,19.16,19.28,5080100,13.91
2010-09-08,19.05,19.29,19.03,19.21,9150500,13.86
2010-09-07,19.10,19.18,18.89,19.00,7804400,13.71
2010-09-03,19.28,19.44,19.09,19.32,6208000,13.94
2010-09-02,18.83,19.16,18.75,19.13,4397400,13.81
2010-09-01,18.44,18.91,18.34,18.86,7804700,13.61
2010-08-31,18.09,18.33,17.97,18.13,7683700,13.08
2010-08-30,18.47,18.63,18.17,18.17,6194100,13.11
2010-08-27,18.28,18.53,17.84,18.51,7101200,13.36
2010-08-26,18.29,18.59,18.08,18.16,8288100,13.11
2010-08-25,17.92,18.21,17.72,18.16,6569100,13.11
2010-08-24,18.20,18.35,18.01,18.09,7092100,12.97
2010-08-23,18.70,18.95,18.48,18.49,4758300,13.25
2010-08-20,18.75,18.86,18.50,18.65,6178400,13.37
2010-08-19,19.29,19.31,18.84,18.90,10198100,13.55
2010-08-18,19.63,19.72,19.30,19.38,6809300,13.89
2010-08-17,19.65,19.78,19.56,19.69,4951300,14.11
2010-08-16,19.42,19.57,19.13,19.44,3747400,13.93
2010-08-13,19.37,19.68,19.37,19.44,3605200,13.93
2010-08-12,19.39,19.61,19.28,19.45,4526200,13.94
2010-08-11,20.07,20.09,19.51,19.62,5958500,14.06
2010-08-10,20.50,20.57,20.24,20.48,5323200,14.68
2010-08-09,20.91,21.00,20.68,20.77,4567100,14.89
2010-08-06,20.51,20.90,20.47,20.84,9798800,14.94
2010-08-05,20.37,20.81,20.14,20.80,9549400,14.91
2010-08-04,20.28,20.56,20.17,20.49,5919700,14.69
2010-08-03,20.18,20.35,20.00,20.26,5664700,14.52
2010-08-02,19.95,20.26,19.72,20.19,6833100,14.47
2010-07-30,18.87,19.54,18.74,19.41,8090500,13.91
2010-07-29,18.56,19.39,18.56,19.14,10275000,13.72
2010-07-28,19.70,19.86,19.37,19.45,6753100,13.94
2010-07-27,19.88,19.94,19.56,19.74,6132700,14.15
2010-07-26,19.57,19.96,19.57,19.83,6340000,14.21
2010-07-23,19.46,19.74,19.25,19.66,4584200,14.09
2010-07-22,19.28,19.68,19.17,19.52,5637300,13.99
2010-07-21,19.34,19.34,18.78,19.01,6899900,13.62
2010-07-20,18.44,19.30,18.38,19.23,6581500,13.78
2010-07-19,18.81,18.95,18.48,18.75,4554900,13.44
2010-07-16,19.04,19.12,18.56,18.67,7913000,13.38
2010-07-15,19.28,19.37,18.80,19.28,6448600,13.82
2010-07-14,19.31,19.45,19.13,19.29,5814100,13.83
2010-07-13,19.43,19.60,19.31,19.47,7587800,13.95
2010-07-12,19.05,19.27,18.87,19.22,6963500,13.77
2010-07-09,19.09,19.20,18.90,19.13,4407100,13.71
2010-07-08,19.03,19.14,18.70,19.10,9143600,13.69
2010-07-07,17.80,18.80,17.80,18.78,13413000,13.46
2010-07-06,17.99,18.21,17.63,17.83,10147500,12.78
2010-07-02,17.90,18.19,17.53,17.67,8865500,12.66
2010-07-01,18.31,18.45,17.57,17.90,14321300,12.83
2010-06-30,18.70,18.80,18.18,18.28,9527100,13.10
2010-06-29,19.21,19.21,18.35,18.51,13977300,13.27
2010-06-28,19.75,19.88,19.37,19.43,7790900,13.93
2010-06-25,19.85,20.04,19.46,19.82,12830800,14.20
2010-06-24,20.11,20.18,19.70,19.79,7301600,14.18
2010-06-23,20.32,20.37,19.89,20.15,7836100,14.44
2010-06-22,21.19,21.32,20.19,20.27,10145900,14.53
2010-06-21,21.75,21.81,21.03,21.18,7150300,15.18
2010-06-18,21.44,21.68,21.13,21.42,11254000,15.35
2010-06-17,21.17,21.25,20.82,21.07,8436800,15.10
2010-06-16,20.89,21.18,20.76,20.90,10857800,14.98
2010-06-15,20.22,21.14,20.20,21.08,10435800,15.11
2010-06-14,20.27,20.38,19.91,19.94,6912200,14.29
2010-06-11,19.58,20.03,19.55,20.02,5642100,14.35
2010-06-10,19.58,19.98,19.45,19.96,9499600,14.31
2010-06-09,19.39,19.96,19.07,19.17,9189100,13.74
2010-06-08,18.75,19.27,18.65,19.23,10456500,13.69
2010-06-07,19.39,19.53,18.76,18.80,8857300,13.39
2010-06-04,19.63,20.07,19.15,19.24,10600300,13.70
2010-06-03,19.45,20.16,19.31,20.11,9564700,14.32
2010-06-02,19.10,19.49,18.95,19.49,10869600,13.88
2010-06-01,19.48,19.67,18.86,18.89,7611200,13.45
2010-05-28,20.07,20.30,19.67,19.75,7677500,14.06
2010-05-27,19.78,20.14,19.70,20.12,8193600,14.33
2010-05-26,19.46,19.79,19.20,19.28,9893200,13.73
2010-05-25,18.16,19.15,18.16,19.13,11963400,13.62
2010-05-24,19.28,19.46,19.01,19.01,8953000,13.54
2010-05-21,18.59,19.54,18.50,19.40,11619100,13.81
2010-05-20,19.74,19.74,19.00,19.11,13756000,13.61
2010-05-19,20.65,20.77,19.85,20.20,14981700,14.38
2010-05-18,21.44,21.76,20.69,20.84,8394300,14.84
2010-05-17,21.72,21.86,20.70,21.14,9815800,15.05
2010-05-14,22.01,22.21,21.27,21.64,10199400,15.41
2010-05-13,22.33,22.57,22.01,22.25,7895700,15.84
2010-05-12,22.01,22.55,21.93,22.41,9175900,15.96
2010-05-11,21.03,22.02,21.03,21.81,12617800,15.53
2010-05-10,21.28,21.58,21.02,21.48,11284300,15.29
2010-05-07,21.04,21.44,20.04,20.33,18445100,14.48
2010-05-06,22.03,22.28,20.11,21.05,17138300,14.99
2010-05-05,22.90,22.98,22.05,22.22,11712700,15.82
2010-05-04,23.64,23.80,23.17,23.33,8267900,16.61
2010-05-03,23.78,24.33,23.78,24.13,6584300,17.18
2010-04-30,23.85,23.99,23.39,23.61,7097700,16.81
2010-04-29,23.86,24.10,23.67,23.77,4894900,16.93
2010-04-28,23.47,23.77,23.36,23.68,6426000,16.86
2010-04-27,24.30,24.37,23.48,23.53,6666000,16.75
2010-04-26,24.66,24.66,24.33,24.46,4729100,17.42
2010-04-23,23.73,24.53,23.71,24.50,5650300,17.44
2010-04-22,23.41,23.82,23.19,23.74,7282600,16.90
2010-04-21,24.06,24.06,23.52,23.68,4729600,16.86
2010-04-20,23.88,24.04,23.80,23.92,4687600,17.03
2010-04-19,23.32,23.66,23.17,23.66,4650700,16.85
2010-04-16,24.11,24.23,23.34,23.57,9026400,16.78
2010-04-15,24.09,24.35,24.01,24.23,4608300,17.25
2010-04-14,24.02,24.23,23.80,24.20,4480700,17.23
2010-04-13,24.11,24.17,23.75,23.98,3718100,17.07
2010-04-12,24.18,24.50,24.03,24.22,4607300,17.25
2010-04-09,24.03,24.23,23.98,24.12,4575500,17.17
2010-04-08,23.62,24.01,23.41,23.93,4255500,17.04
2010-04-07,24.03,24.07,23.63,23.73,4698300,16.90
2010-04-06,24.00,24.29,23.85,24.08,5574400,17.15
2010-04-05,23.44,23.96,23.44,23.83,4926100,16.97
2010-04-01,23.26,23.49,23.20,23.38,5592800,16.65
2010-03-31,23.06,23.31,22.98,23.10,6534400,16.45
2010-03-30,23.16,23.16,22.87,23.13,5644200,16.47
2010-03-29,22.82,23.15,22.79,22.98,9234100,16.36
2010-03-26,22.75,22.92,22.62,22.75,10923600,16.20
2010-03-25,23.00,23.15,22.67,22.70,10525600,16.16
2010-03-24,22.67,22.97,22.57,22.87,6081000,16.28
2010-03-23,22.44,22.88,22.38,22.83,6442300,16.26
2010-03-22,22.27,22.63,22.00,22.51,6466000,16.03
2010-03-19,22.53,22.90,22.22,22.53,6814400,16.04
2010-03-18,23.16,23.16,22.57,22.82,7276900,16.25
2010-03-17,23.08,23.34,22.96,23.10,7794400,16.45
2010-03-16,22.84,23.15,22.64,23.11,5918600,16.46
2010-03-15,22.56,22.88,22.30,22.70,5897200,16.16
2010-03-12,22.92,23.05,22.68,22.88,5441700,16.29
2010-03-11,22.59,22.87,22.42,22.81,4784800,16.24
2010-03-10,22.72,22.96,22.60,22.72,9951100,16.18
2010-03-09,22.71,22.91,22.62,22.80,6430500,16.16
2010-03-08,23.12,23.20,22.73,22.86,6240600,16.20
2010-03-05,22.80,23.15,22.72,23.13,7665400,16.39
2010-03-04,22.59,22.85,22.28,22.55,6666500,15.98
2010-03-03,22.29,22.71,22.27,22.59,6656200,16.01
2010-03-02,22.10,22.44,22.09,22.28,8182600,15.79
2010-03-01,21.63,22.06,21.61,22.06,8197200,15.63
2010-02-26,21.80,21.86,21.40,21.54,8651600,15.26
2010-02-25,21.26,21.77,21.05,21.73,6039400,15.40
2010-02-24,21.26,21.62,21.17,21.60,9145300,15.31
2010-02-23,21.49,21.63,21.04,21.22,8221700,15.04
2010-02-22,22.31,22.47,21.47,21.58,10017100,15.29
2010-02-19,22.07,22.26,21.89,22.24,8264500,15.76
2010-02-18,22.12,22.46,21.63,22.16,10930500,15.70
2010-02-17,22.39,22.51,22.18,22.39,6692200,15.87
2010-02-16,22.04,22.37,22.04,22.37,8519700,15.85
2010-02-12,21.38,21.69,21.12,21.64,8074300,15.33
2010-02-11,21.08,21.73,20.93,21.69,8861600,15.37
2010-02-10,21.06,21.30,20.71,21.15,11099700,14.99
2010-02-09,20.79,21.40,20.74,21.06,13006000,14.92
2010-02-08,20.33,20.76,20.25,20.50,11890000,14.53
2010-02-05,20.27,20.56,19.51,20.26,17596100,14.36
2010-02-04,21.48,21.48,20.45,20.47,11911300,14.51
2010-02-03,21.84,22.01,21.59,21.66,5698800,15.35
2010-02-02,21.64,22.09,21.32,21.96,12138900,15.56
2010-02-01,21.11,21.49,20.99,21.49,10441800,15.23
2010-01-29,21.74,22.24,20.70,20.84,12808700,14.77
2010-01-28,22.16,22.43,21.53,21.70,13746800,15.38
2010-01-27,22.13,22.28,21.53,21.98,8085300,15.58
2010-01-26,21.78,22.64,21.78,22.19,10327800,15.72
2010-01-25,22.49,22.87,22.38,22.69,8727600,16.08
2010-01-22,22.38,22.78,22.08,22.12,14050400,15.67
2010-01-21,23.21,23.50,22.55,22.62,12856500,16.03
2010-01-20,22.93,23.53,22.79,23.14,15715700,16.40
2010-01-19,22.76,23.76,22.75,23.10,27213600,16.37
2010-01-15,21.66,21.68,21.23,21.37,6786600,15.14
2010-01-14,21.50,21.99,21.50,21.70,8519200,15.38
2010-01-13,21.85,22.03,21.74,21.83,8901900,15.47
2010-01-12,22.31,22.31,21.78,21.81,6533300,15.45
2010-01-11,22.72,22.92,22.31,22.47,6130100,15.92
2010-01-08,22.41,22.61,22.22,22.61,4703700,16.02
2010-01-07,22.56,22.57,22.17,22.43,6181300,15.89
2010-01-06,21.97,22.65,21.80,22.59,12157100,16.01
2010-01-05,21.51,22.02,21.51,21.88,7415400,15.50
2010-01-04,21.44,21.65,21.40,21.61,7020200,15.31
2009-12-31,21.40,21.54,21.05,21.08,5162400,14.94
2009-12-30,21.23,21.36,21.13,21.30,7580100,15.09
2009-12-29,21.37,21.47,21.28,21.31,5045700,15.10
2009-12-28,21.52,21.52,21.16,21.25,3177600,15.06
2009-12-24,21.21,21.43,21.21,21.37,1009300,15.14
2009-12-23,21.19,21.28,20.92,21.24,3546300,15.05
2009-12-22,20.99,21.13,20.90,21.10,4656200,14.95
2009-12-21,20.75,21.05,20.75,20.97,4007800,14.86
2009-12-18,20.92,20.95,20.50,20.68,8015400,14.65
2009-12-17,20.78,20.87,20.46,20.61,3976000,14.60
2009-12-16,20.82,20.94,20.61,20.77,4419500,14.72
2009-12-15,20.22,20.72,20.20,20.59,5432100,14.59
2009-12-14,19.89,20.50,19.89,20.32,6169400,14.40
2009-12-11,19.62,19.78,19.50,19.59,5633000,13.88
2009-12-10,19.54,19.68,19.34,19.61,6604800,13.90
2009-12-09,19.41,19.60,19.14,19.34,6587200,13.70
2009-12-08,19.45,19.68,19.34,19.44,6242300,13.70
2009-12-07,19.80,19.96,19.59,19.74,8368900,13.91
2009-12-04,20.12,20.53,19.51,19.75,9024500,13.92
2009-12-03,20.31,20.49,19.94,19.95,7174100,14.06
2009-12-02,20.19,20.30,19.99,20.18,10413200,14.22
2009-12-01,20.12,20.33,19.98,20.18,9006300,14.22
2009-11-30,20.07,20.16,19.63,19.89,9043100,14.01
2009-11-27,20.10,20.10,19.55,19.97,4551800,14.07
2009-11-25,20.35,20.59,20.14,20.53,6211700,14.47
2009-11-24,20.09,20.37,19.74,20.29,6049100,14.30
2009-11-23,20.21,20.47,19.92,20.06,5467200,14.13
2009-11-20,19.67,19.91,19.45,19.85,8913100,13.99
2009-11-19,20.27,20.27,19.64,19.82,6485400,13.96
2009-11-18,20.65,20.65,20.06,20.39,5904000,14.37
2009-11-17,20.56,20.60,20.27,20.53,5321700,14.47
2009-11-16,20.00,20.66,20.00,20.66,7774000,14.56
2009-11-13,19.86,20.25,19.62,20.05,6124800,14.13
2009-11-12,20.06,20.36,19.75,19.84,6438200,13.98
2009-11-11,20.48,20.48,19.92,20.15,5956600,14.20
2009-11-10,20.13,20.29,19.79,20.17,5178700,14.21
2009-11-09,19.81,20.20,19.81,20.18,5726800,14.22
2009-11-06,19.46,19.83,19.37,19.57,5022800,13.79
2009-11-05,19.36,19.74,19.21,19.67,6442100,13.86
2009-11-04,19.29,19.59,19.17,19.23,7819600,13.55
2009-11-03,18.25,19.09,18.20,19.05,9325600,13.42
2009-11-02,18.98,19.21,18.17,18.48,10713300,13.02
2009-10-30,19.38,19.40,18.54,18.85,11475800,13.28
2009-10-29,19.12,19.63,18.51,19.52,11461900,13.75
2009-10-28,18.75,19.05,18.23,18.25,9791700,12.86
2009-10-27,18.91,19.30,18.81,18.92,6980300,13.33
2009-10-26,19.20,19.80,18.75,18.87,10667500,13.30
2009-10-23,19.91,20.02,19.00,19.13,7796400,13.48
2009-10-22,19.83,19.84,19.45,19.79,7419500,13.94
2009-10-21,19.65,20.32,19.64,19.84,9268200,13.98
2009-10-20,20.21,20.21,19.49,19.86,6264200,13.99
2009-10-19,19.83,20.19,19.82,20.12,4856800,14.18
2009-10-16,20.05,20.20,19.77,19.94,7155200,14.05
2009-10-15,19.68,20.25,19.61,20.23,7831000,14.25
2009-10-14,19.80,19.86,19.51,19.77,5872600,13.93
2009-10-13,19.53,19.77,19.20,19.67,6719300,13.86
2009-10-12,19.51,19.93,19.40,19.50,4365100,13.74
2009-10-09,19.33,19.53,19.22,19.39,5591800,13.66
2009-10-08,18.50,19.52,18.45,19.42,13094900,13.68
2009-10-07,18.36,18.46,18.14,18.46,6035300,13.01
2009-10-06,17.97,18.47,17.86,18.29,8920300,12.89
2009-10-05,16.88,17.78,16.83,17.65,13721600,12.44
2009-10-02,16.59,17.23,16.57,16.89,9400500,11.90
2009-10-01,17.82,17.96,16.86,16.89,13441300,11.90
2009-09-30,18.27,18.35,17.64,17.87,10994800,12.59
2009-09-29,17.95,18.37,17.86,18.17,5726000,12.80
2009-09-28,17.83,18.11,17.63,18.00,5472700,12.68
2009-09-25,17.88,18.22,17.66,17.73,5738200,12.49
2009-09-24,18.49,18.50,17.87,17.99,5829300,12.68
2009-09-23,19.03,19.09,18.39,18.40,6385000,12.96
2009-09-22,18.68,19.02,18.66,18.98,5612600,13.37
2009-09-21,18.06,18.52,17.88,18.42,5290400,12.98
2009-09-18,18.66,18.74,18.15,18.37,6958000,12.94
2009-09-17,19.08,19.21,18.46,18.56,7866200,13.08
2009-09-16,18.90,19.11,18.64,18.82,7840200,13.26
2009-09-15,18.44,18.87,18.35,18.73,9724800,13.20
2009-09-14,18.02,18.47,17.92,18.30,11654600,12.89
2009-09-11,17.78,18.23,17.72,18.20,8346000,12.82
2009-09-10,17.29,17.82,16.91,17.67,6840600,12.45
2009-09-09,17.31,17.56,17.02,17.12,6572700,12.06
2009-09-08,17.07,17.31,16.87,17.30,6142500,12.19
2009-09-04,16.50,16.75,16.28,16.75,3453600,11.80
2009-09-03,16.17,16.53,16.16,16.39,6788700,11.55
2009-09-02,16.02,16.28,15.81,16.15,12231700,11.38
2009-09-01,16.42,16.69,16.07,16.11,6856300,11.35
2009-08-31,16.55,16.79,16.30,16.44,7085100,11.58
2009-08-28,17.10,17.31,16.73,16.80,5996500,11.84
2009-08-27,17.21,17.21,16.69,17.06,5067800,12.02
2009-08-26,17.24,17.43,16.90,17.27,4173500,12.17
2009-08-25,17.44,17.78,17.25,17.35,6331600,12.15
2009-08-24,17.51,17.70,17.25,17.42,4999300,12.20
2009-08-21,17.15,17.40,17.10,17.38,5217200,12.17
2009-08-20,16.56,16.98,16.50,16.96,5489200,11.87
2009-08-19,16.16,16.68,16.01,16.59,7563600,11.62
2009-08-18,16.16,16.38,16.09,16.31,6775000,11.42
2009-08-17,16.45,16.59,16.09,16.12,6567700,11.29
2009-08-14,17.18,17.25,16.59,16.83,4620300,11.78
2009-08-13,17.30,17.40,16.96,17.18,4674300,12.03
2009-08-12,16.87,17.30,16.83,17.17,4782800,12.02
2009-08-11,17.24,17.26,16.73,16.78,5838100,11.75
2009-08-10,16.06,17.32,16.06,17.23,6609000,12.06
2009-08-07,16.61,17.00,16.38,16.93,6898400,11.85
2009-08-06,17.05,17.24,16.09,16.36,8232400,11.45
2009-08-05,17.36,17.45,16.85,17.03,9068000,11.92
2009-08-04,17.22,17.50,17.06,17.41,6909500,12.19
2009-08-03,17.07,17.53,16.93,17.36,7807500,12.15
2009-07-31,16.63,16.88,16.28,16.69,5535000,11.69
2009-07-30,16.60,16.92,16.36,16.72,4723600,11.71
2009-07-29,16.33,16.49,16.02,16.27,5920500,11.39
2009-07-28,16.76,16.76,16.18,16.61,5591700,11.63
2009-07-27,16.53,17.03,16.45,16.91,7047700,11.84
2009-07-24,16.29,16.56,16.10,16.52,4753800,11.57
2009-07-23,15.85,16.63,15.85,16.36,9077700,11.45
2009-07-22,15.93,16.07,15.68,15.83,6866600,11.08
2009-07-21,16.23,16.46,15.66,16.18,6487100,11.33
2009-07-20,15.81,16.15,15.77,16.08,5176300,11.26
2009-07-17,15.67,15.80,15.38,15.68,6487700,10.98
2009-07-16,15.04,15.78,15.00,15.71,5954800,11.00
2009-07-15,14.97,15.42,14.96,15.27,9398600,10.69
2009-07-14,14.71,14.89,14.32,14.69,10922200,10.28
2009-07-13,14.28,14.54,14.06,14.50,12680200,10.15
2009-07-10,14.09,14.42,13.82,14.28,7739600,10.00
2009-07-09,14.01,14.61,13.82,14.30,10041500,10.01
2009-07-08,13.62,14.21,13.59,13.87,9935400,9.71
2009-07-07,14.55,14.55,13.78,13.83,9362100,9.68
2009-07-06,14.29,14.58,13.90,14.57,7557200,10.20
2009-07-02,15.16,15.16,14.63,14.63,5463500,10.24
2009-07-01,15.77,15.93,15.35,15.38,7558800,10.77
2009-06-30,15.60,15.92,15.28,15.61,6103900,10.93
2009-06-29,15.32,15.79,15.30,15.64,7741000,10.95
2009-06-26,15.51,15.61,15.17,15.28,13707300,10.70
2009-06-25,14.88,15.70,14.77,15.57,7240000,10.90
2009-06-24,14.79,15.27,14.71,14.91,6972500,10.44
2009-06-23,14.63,14.99,14.35,14.68,8569100,10.28
2009-06-22,15.21,15.25,14.48,14.50,8155400,10.15
2009-06-19,16.11,16.20,15.30,15.47,10658900,10.83
2009-06-18,15.69,16.04,15.52,15.88,6069900,11.12
2009-06-17,16.10,16.12,15.38,15.77,8765000,11.04
2009-06-16,16.87,16.95,16.06,16.20,7502000,11.34
2009-06-15,17.01,17.16,16.45,16.69,5956000,11.69
2009-06-12,17.47,17.57,17.20,17.31,6165600,12.12
2009-06-11,17.06,17.93,17.05,17.64,7605600,12.35
2009-06-10,17.13,17.25,16.67,17.05,6932100,11.94
2009-06-09,17.17,17.30,16.79,16.96,6721900,11.80
2009-06-08,17.02,17.20,16.71,17.01,5597000,11.83
2009-06-05,17.40,17.64,16.84,17.05,7829600,11.86
2009-06-04,17.13,17.47,16.84,17.30,6598200,12.03
2009-06-03,17.26,17.69,16.66,16.90,6272500,11.76
2009-06-02,17.85,17.85,17.34,17.56,6114600,12.21
2009-06-01,17.17,17.99,17.14,17.82,9002600,12.40
2009-05-29,16.30,16.90,16.26,16.78,8804400,11.67
2009-05-28,15.56,16.44,15.51,16.25,7585600,11.30
2009-05-27,16.12,16.33,15.48,15.51,10905600,10.79
2009-05-26,15.68,16.26,15.43,16.24,6443400,11.30
2009-05-22,15.69,16.21,15.62,15.82,5874300,11.00
2009-05-21,16.01,16.01,15.47,15.62,6122300,10.87
2009-05-20,16.35,16.89,16.13,16.21,7045600,11.28
2009-05-19,16.03,16.28,15.82,16.01,5626500,11.14
2009-05-18,15.21,15.93,15.12,15.91,6362600,11.07
2009-05-15,15.31,15.76,14.84,15.05,10328300,10.47
2009-05-14,14.93,15.55,14.81,15.46,10592100,10.75
2009-05-13,15.10,15.37,14.73,14.93,10744600,10.39
2009-05-12,15.64,15.74,14.76,15.32,9538500,10.66
2009-05-11,15.88,15.88,15.43,15.47,7312600,10.76
2009-05-08,15.64,16.31,15.51,16.16,11908800,11.24
2009-05-07,15.67,15.95,15.01,15.26,10163200,10.61
2009-05-06,15.05,15.61,14.82,15.30,9091600,10.64
2009-05-05,15.14,15.26,14.15,14.74,11497600,10.25
2009-05-04,14.70,15.17,14.22,15.17,7816200,10.55
2009-05-01,14.16,14.70,14.02,14.45,7565100,10.05
2009-04-30,13.75,14.61,13.75,14.10,13377400,9.81
2009-04-29,13.27,13.77,13.26,13.62,10657100,9.47
2009-04-28,13.25,13.33,12.95,13.14,7295100,9.14
2009-04-27,13.47,13.75,13.20,13.42,7196500,9.33
2009-04-24,13.49,13.93,13.36,13.77,8646400,9.58
2009-04-23,13.32,13.58,12.93,13.38,9818600,9.31
2009-04-22,13.16,13.56,12.89,13.22,11118800,9.20
2009-04-21,12.57,13.49,12.35,13.31,10461200,9.26
2009-04-20,13.66,13.71,12.67,12.69,9931900,8.83
2009-04-17,13.33,14.11,13.33,13.97,11202000,9.72
2009-04-16,13.12,13.39,12.87,13.28,7366600,9.24
2009-04-15,12.80,13.07,12.68,12.98,6844200,9.03
2009-04-14,12.68,13.29,12.41,12.87,10404300,8.95
2009-04-13,12.68,12.83,12.32,12.78,10837300,8.89
2009-04-09,12.80,13.06,12.54,12.87,15791500,8.95
2009-04-08,11.61,12.54,11.32,12.34,12056300,8.58
2009-04-07,11.87,11.91,11.52,11.57,8172200,8.05
2009-04-06,12.31,12.40,12.00,12.14,7466600,8.44
2009-04-03,12.17,12.60,12.12,12.48,7761200,8.68
2009-04-02,11.81,12.40,11.76,12.18,11615300,8.47
2009-04-01,11.90,11.94,11.30,11.53,10043600,8.02
2009-03-31,11.48,11.72,11.21,11.38,11960900,7.92
2009-03-30,11.31,11.37,10.83,11.07,8943900,7.70
2009-03-27,11.81,11.98,11.50,11.55,8565100,8.03
2009-03-26,12.25,12.56,11.78,12.05,23163100,8.38
2009-03-25,12.14,12.48,11.60,12.06,15519500,8.39
2009-03-24,12.63,12.65,11.87,11.96,13999300,8.32
2009-03-23,12.09,12.86,11.87,12.85,15207600,8.94
2009-03-20,12.31,12.32,11.67,11.74,14933200,8.17
2009-03-19,11.82,12.43,11.68,12.11,14465000,8.42
2009-03-18,11.36,11.63,10.95,11.53,12125600,8.02
2009-03-17,11.14,11.63,10.91,11.39,11108300,7.92
2009-03-16,11.10,11.65,10.97,11.15,8044200,7.76
2009-03-13,11.35,11.38,10.72,10.97,17374600,7.63
2009-03-12,10.81,11.29,10.67,11.22,11411300,7.80
2009-03-11,10.94,11.41,10.58,10.85,9433600,7.55
2009-03-10,10.14,11.19,10.10,10.96,14909900,7.55
2009-03-09,9.69,10.53,9.64,10.00,10727600,6.89
2009-03-06,9.97,10.35,9.52,9.83,13172200,6.77
2009-03-05,10.10,10.30,9.67,9.84,11688200,6.78
2009-03-04,10.29,10.73,10.12,10.43,13619900,7.18
2009-03-03,10.20,10.29,9.59,10.06,24054800,6.93
2009-03-02,10.86,11.16,9.98,10.01,23998400,6.89
2009-02-27,11.39,11.83,10.91,11.30,10955400,7.78
2009-02-26,12.20,12.51,11.61,11.62,12147300,8.00
2009-02-25,11.65,12.29,11.29,11.97,21174900,8.24
2009-02-24,11.01,11.87,10.90,11.79,23307100,8.12
2009-02-23,11.80,11.94,10.82,10.86,24066800,7.48
2009-02-20,12.17,12.45,10.97,11.59,30824900,7.98
2009-02-19,13.88,14.24,12.38,12.50,26233400,8.61
2009-02-18,14.29,14.46,13.53,13.85,11106200,9.54
2009-02-17,14.67,15.09,14.13,14.16,10782200,9.75
2009-02-13,15.15,15.69,15.00,15.36,8448300,10.58
2009-02-12,15.01,15.25,14.48,15.20,12765300,10.47
2009-02-11,15.17,15.44,14.70,15.14,9921600,10.43
2009-02-10,15.57,15.93,14.78,15.01,11635600,10.34
2009-02-09,15.80,16.00,15.41,15.62,9369200,10.76
2009-02-06,14.75,16.00,14.74,15.76,13202600,10.85
2009-02-05,14.20,15.17,13.98,14.98,15391500,10.32
2009-02-04,13.83,14.42,13.70,14.27,14111900,9.83
2009-02-03,13.73,14.02,13.64,13.87,10977000,9.55
2009-02-02,13.87,14.08,13.45,13.63,9923600,9.39
2009-01-30,14.37,14.61,14.01,14.15,13335700,9.74
2009-01-29,14.53,14.65,14.11,14.23,7970100,9.80
2009-01-28,14.21,14.90,14.21,14.82,14578100,10.21
2009-01-27,13.60,14.14,13.47,14.01,16025700,9.65
2009-01-26,13.92,14.30,13.42,13.69,8361800,9.43
2009-01-23,12.65,13.95,12.64,13.71,13697900,9.44
2009-01-22,13.59,13.72,12.90,13.24,14533300,9.12
2009-01-21,13.12,13.96,13.10,13.91,16468200,9.58
2009-01-20,13.94,14.01,12.88,12.93,11749300,8.90
2009-01-16,14.39,14.68,13.39,14.00,13425000,9.64
2009-01-15,14.34,14.40,13.55,14.19,14173300,9.77
2009-01-14,14.89,15.00,13.97,14.37,10829200,9.90
2009-01-13,15.05,15.38,14.73,15.19,10264100,10.46
2009-01-12,15.61,16.15,14.76,15.08,13536400,10.38
2009-01-09,16.31,16.46,15.66,15.84,9319000,10.91
2009-01-08,15.73,16.13,15.47,16.12,8878900,11.10
2009-01-07,16.08,16.40,15.61,15.87,9026200,10.93
2009-01-06,16.31,16.87,15.90,16.31,14532600,11.23
2009-01-05,15.26,16.10,15.00,15.60,9930400,10.74
2009-01-02,14.53,15.40,14.50,15.23,7143800,10.49
2008-12-31,14.32,14.68,14.04,14.48,8295800,9.97
2008-12-30,13.99,14.33,13.66,14.32,4628000,9.86
2008-12-29,13.92,14.00,13.53,13.92,4488200,9.59
2008-12-26,13.50,13.80,13.33,13.73,1963000,9.45
2008-12-24,13.23,13.60,13.03,13.46,2242600,9.27
2008-12-23,13.52,13.87,13.12,13.33,5597000,9.18
2008-12-22,13.94,14.24,13.13,13.43,7380200,9.25
2008-12-19,13.57,14.35,13.57,13.91,11671700,9.58
2008-12-18,14.39,14.59,13.32,13.56,10673800,9.34
2008-12-17,14.08,15.04,13.86,14.28,7181100,9.83
2008-12-16,14.99,15.20,14.19,15.00,10072200,10.33
2008-12-15,15.08,15.32,14.47,14.79,10570600,10.18
2008-12-12,13.78,15.05,13.55,14.72,10986900,10.14
2008-12-11,14.99,15.60,14.18,14.45,9348600,9.95
2008-12-10,14.18,15.27,14.10,14.87,8636500,10.24
2008-12-09,13.57,14.50,13.46,13.93,6957900,9.52
2008-12-08,13.92,14.50,13.33,13.82,9798200,9.44
2008-12-05,12.90,13.13,11.69,13.02,15543100,8.89
2008-12-04,14.46,14.79,12.63,13.15,7769800,8.98
2008-12-03,13.99,14.74,13.27,14.71,10360400,10.05
2008-12-02,14.30,14.88,13.81,14.28,11133800,9.76
2008-12-01,15.75,15.76,13.96,13.98,12434900,9.55
2008-11-28,16.64,16.64,15.40,16.22,4442900,11.08
2008-11-26,14.82,16.85,14.44,16.73,8097500,11.43
2008-11-25,15.71,15.80,14.81,15.03,9126400,10.27
2008-11-24,14.28,15.48,13.78,15.11,12029800,10.32
2008-11-21,12.43,14.12,12.13,14.08,16500700,9.62
2008-11-20,13.70,14.17,11.93,12.13,18810900,8.29
2008-11-19,16.39,16.58,14.48,14.53,12927600,9.93
2008-11-18,16.91,17.06,15.81,16.70,9980200,11.41
2008-11-17,15.95,17.32,15.95,16.69,10800700,11.40
2008-11-14,16.50,17.66,16.03,16.45,9157000,11.24
2008-11-13,16.27,17.34,14.67,17.27,13372900,11.80
2008-11-12,17.81,18.18,15.84,16.10,10024000,11.00
2008-11-11,19.01,19.13,17.96,18.26,6984200,12.47
2008-11-10,20.07,20.81,19.00,19.41,6390200,13.26
2008-11-07,18.30,19.60,18.18,19.48,12205300,13.31
2008-11-06,17.69,20.21,17.60,18.08,15898300,12.35
2008-11-05,20.98,20.98,19.00,19.59,14567100,13.38
2008-11-04,20.54,21.61,20.37,21.02,11119300,14.36
2008-11-03,20.75,21.10,19.63,20.12,12049400,13.75
2008-10-31,18.83,21.00,18.75,20.97,16492000,14.33
2008-10-30,18.23,19.80,18.11,19.31,10891600,13.19
2008-10-29,17.43,18.96,17.31,17.84,11514200,12.19
2008-10-28,16.50,17.38,15.18,17.27,13228500,11.80
2008-10-27,16.31,17.53,15.83,15.90,10807400,10.86
2008-10-24,15.79,16.99,15.26,16.77,13417800,11.46
2008-10-23,17.25,18.40,15.75,17.41,15760100,11.89
2008-10-22,19.02,19.55,16.11,16.91,12541700,11.55
2008-10-21,20.15,20.57,19.25,19.74,11280000,13.49
2008-10-20,18.95,20.95,18.66,20.71,15228900,14.15
2008-10-17,16.85,19.26,16.44,18.34,17783700,12.53
2008-10-16,15.93,17.40,15.17,17.26,16282700,11.79
2008-10-15,17.55,17.98,16.23,16.34,15777400,11.16
2008-10-14,19.94,20.00,17.53,18.17,16705500,12.41
2008-10-13,15.99,18.69,15.30,18.19,20092800,12.43
2008-10-10,14.63,15.36,12.38,14.40,24239300,9.84
2008-10-09,18.00,18.39,15.37,15.60,15906400,10.66
2008-10-08,16.85,18.61,16.09,17.78,24444700,12.15
2008-10-07,17.93,18.57,17.34,17.51,25886700,11.96
2008-10-06,17.74,17.77,15.11,17.69,30732300,12.09
2008-10-03,19.71,20.55,18.93,19.06,17863400,13.02
2008-10-02,22.36,22.36,19.50,19.61,20081000,13.40
2008-10-01,23.26,23.26,21.82,22.50,9478600,15.37
2008-09-30,22.18,23.69,22.18,23.65,14684900,16.16
2008-09-29,24.51,24.82,19.77,21.85,18886000,14.93
2008-09-26,25.61,25.90,25.04,25.49,9596400,17.41
2008-09-25,25.14,26.21,25.04,26.03,17171300,17.78
2008-09-24,24.96,25.53,24.51,25.01,8883000,17.09
2008-09-23,25.96,26.49,24.90,24.95,10483300,17.04
2008-09-22,27.50,27.50,25.93,26.11,9800000,17.84
2008-09-19,25.37,28.50,25.37,26.88,15510100,18.36
2008-09-18,24.57,26.12,24.00,24.86,16400700,16.98
2008-09-17,25.05,25.63,23.62,23.87,15062900,16.31
2008-09-16,23.51,25.46,21.77,25.36,25890700,17.33
2008-09-15,26.01,26.25,23.73,23.88,15034100,16.31
2008-09-12,26.35,27.54,26.29,26.75,11082900,18.27
2008-09-11,25.91,26.43,24.80,26.40,13396500,18.04
2008-09-10,25.75,26.69,25.59,26.09,10720000,17.82
2008-09-09,27.43,27.99,25.62,25.68,18411500,17.54
2008-09-08,28.27,28.55,27.23,27.50,10395200,18.79
2008-09-05,28.04,28.42,27.17,27.85,11034800,19.03
2008-09-04,28.19,28.83,27.61,28.15,11242200,19.23
2008-09-03,29.15,29.24,27.99,28.35,11602600,19.37
2008-09-02,29.63,30.36,28.77,28.92,11831800,19.76
2008-08-29,31.55,31.56,30.63,30.89,4878800,21.10
2008-08-28,32.08,32.44,30.66,31.33,7038100,21.40
2008-08-27,31.99,32.35,31.78,31.93,6962000,21.81
2008-08-26,30.62,31.41,30.45,31.35,13665100,21.42
2008-08-25,30.99,30.99,30.08,30.37,8711200,20.75
2008-08-22,30.92,30.98,30.04,30.30,5758300,20.70
2008-08-21,30.58,31.24,30.21,30.84,11438400,21.07
2008-08-20,29.47,30.50,29.40,30.30,13938600,20.70
2008-08-19,27.70,29.40,27.60,29.10,13511800,19.80
2008-08-18,28.10,28.58,27.81,28.04,8118700,19.08
2008-08-15,28.11,28.33,27.36,28.09,10751200,19.12
2008-08-14,28.15,28.68,27.82,28.11,10489600,19.13
2008-08-13,27.55,28.52,27.25,28.19,16047500,19.19
2008-08-12,27.90,28.26,27.23,27.28,14962200,18.57
2008-08-11,28.25,29.00,26.94,27.90,20157200,18.99
2008-08-08,29.48,29.48,27.80,28.27,17281200,19.24
2008-08-07,31.61,31.61,29.28,29.37,9945400,19.99
2008-08-06,30.16,31.25,30.16,31.01,8342000,21.10
2008-08-05,29.85,30.36,29.23,30.01,12359400,20.42
2008-08-04,31.54,31.95,29.45,29.74,13088300,20.24
2008-08-01,32.02,32.48,31.72,31.76,8730000,21.62
2008-07-31,33.24,34.60,31.78,32.05,11478900,21.81
2008-07-30,31.97,33.28,31.75,33.27,9036300,22.64
2008-07-29,31.76,32.13,31.15,32.01,7776100,21.79
2008-07-28,32.39,32.67,31.88,31.88,6044100,21.70
2008-07-25,32.35,32.96,31.90,32.21,8256600,21.92
2008-07-24,32.29,33.16,31.21,32.23,10358300,21.94
2008-07-23,32.76,33.03,31.37,32.22,12580200,21.93
2008-07-22,34.75,34.75,32.68,32.85,10133000,22.36
2008-07-21,34.53,34.96,34.01,34.60,6387300,23.55
2008-07-18,32.81,34.62,32.81,34.12,10053700,23.22
2008-07-17,35.45,35.69,32.62,33.38,13983900,22.72
2008-07-16,35.82,36.03,34.43,35.01,9377300,23.83
2008-07-15,37.88,37.88,35.79,35.84,9075600,24.39
2008-07-14,36.76,37.95,36.47,37.65,10131100,25.62
2008-07-11,35.88,36.88,35.82,36.36,8064700,24.75
2008-07-10,35.49,36.09,34.86,36.09,8045700,24.56
2008-07-09,36.09,36.72,35.50,35.55,7779100,24.19
2008-07-08,36.25,36.45,34.81,35.98,12301200,24.49
2008-07-07,37.44,37.86,36.13,36.60,9178600,24.91
2008-07-03,38.75,38.89,36.79,37.80,6307800,25.73
2008-07-02,40.03,40.50,38.50,38.50,9806300,26.20
2008-07-01,40.06,40.40,39.57,39.90,8951900,27.16
2008-06-30,39.64,40.59,39.50,40.31,8873800,27.43
2008-06-27,39.60,39.68,39.02,39.17,10131500,26.66
2008-06-26,40.00,40.26,38.90,39.26,6662200,26.72
2008-06-25,40.61,40.75,38.82,39.87,11868800,27.13
2008-06-24,39.14,39.42,38.25,39.13,7703600,26.63
2008-06-23,38.12,39.30,38.12,39.13,8494400,26.63
2008-06-20,38.84,39.11,38.12,38.15,7620000,25.96
2008-06-19,39.89,40.20,38.71,38.71,9203700,26.35
2008-06-18,39.75,40.23,39.24,39.75,6834600,27.05
2008-06-17,38.94,39.79,38.86,39.68,6060400,27.01
2008-06-16,38.64,39.21,38.14,38.67,5680800,26.32
2008-06-13,38.27,38.89,38.22,38.78,4608400,26.39
2008-06-12,39.10,39.10,38.21,38.23,5980800,26.02
2008-06-11,38.91,39.41,38.66,39.17,6264700,26.66
2008-06-10,39.50,39.60,38.33,38.87,4872700,26.38
2008-06-09,39.44,40.05,38.34,39.71,3860400,26.95
2008-06-06,39.53,40.58,39.18,39.18,15707500,26.59
2008-06-05,38.25,39.42,38.17,39.37,5597600,26.72
2008-06-04,38.13,38.53,38.00,38.14,6556400,25.88
2008-06-03,37.98,38.74,37.77,38.26,7606300,25.97
2008-06-02,38.00,38.24,37.56,37.88,6543100,25.71
2008-05-30,37.80,38.25,37.46,38.04,4596200,25.82
2008-05-29,38.39,38.60,37.67,37.75,6192900,25.62
2008-05-28,37.46,38.50,37.33,38.41,5994100,26.07
2008-05-27,37.80,37.83,37.33,37.43,4908200,25.40
2008-05-23,38.15,39.00,37.51,37.84,6201100,25.68
2008-05-22,39.12,39.33,37.84,38.40,9995800,26.06
2008-05-21,39.47,39.93,38.99,39.03,7325900,26.49
2008-05-20,39.19,39.61,39.00,39.48,5367800,26.79
2008-05-19,39.00,39.61,38.80,39.22,6305400,26.62
2008-05-16,37.84,38.99,37.69,38.83,12202200,26.35
2008-05-15,36.57,37.75,36.37,37.59,9642000,25.51
2008-05-14,37.28,37.39,36.43,36.47,5227000,24.75
2008-05-13,36.81,37.22,36.43,37.07,4950600,25.16
2008-05-12,36.49,36.94,36.13,36.65,5721600,24.87
2008-05-09,36.05,36.71,36.00,36.47,5967800,24.75
2008-05-08,36.60,37.14,36.32,36.63,8367800,24.86
2008-05-07,37.35,37.73,36.30,36.51,14334000,24.78
2008-05-06,37.05,37.50,36.60,37.26,8027200,25.29
2008-05-05,37.30,38.00,37.09,37.15,8773400,25.21
2008-05-02,36.20,37.34,36.20,37.27,5933100,25.29
2008-05-01,35.85,36.19,35.29,36.03,12135500,24.45
2008-04-30,36.47,36.90,35.24,35.50,14731100,24.09
2008-04-29,37.59,37.66,36.35,36.37,9348200,24.68
2008-04-28,37.84,38.41,37.70,37.85,7255800,25.69
2008-04-25,37.45,37.96,37.24,37.88,5854800,25.71
2008-04-24,37.34,37.45,36.40,37.14,7212200,25.21
2008-04-23,37.75,37.75,37.26,37.36,8686500,25.35
2008-04-22,36.94,37.84,36.94,37.54,7045600,25.48
2008-04-21,36.45,37.02,36.30,36.93,4839600,25.06
2008-04-18,36.23,36.65,35.77,36.58,6222600,24.83
2008-04-17,35.51,36.26,35.51,35.88,7391400,24.35
2008-04-16,35.78,35.97,35.44,35.68,8804300,24.21
2008-04-15,35.20,35.64,34.85,35.55,7963900,24.13
2008-04-14,34.55,35.27,34.43,35.04,6452200,23.78
2008-04-11,34.21,34.89,34.19,34.63,9143700,23.50
2008-04-10,35.15,35.26,34.18,34.55,5562500,23.45
2008-04-09,34.58,35.28,34.49,34.77,4510300,23.60
2008-04-08,33.91,34.74,33.85,34.57,5598800,23.46
2008-04-07,34.25,34.61,33.90,34.08,5776400,23.13
2008-04-04,33.86,34.47,33.76,34.09,5312600,23.14
2008-04-03,33.48,34.02,33.48,33.74,4407100,22.90
2008-04-02,33.46,34.00,33.23,33.75,6354700,22.90
2008-04-01,33.05,33.75,32.77,33.65,5821700,22.84
2008-03-31,32.51,33.13,32.49,32.98,6123700,22.38
2008-03-28,33.00,33.23,32.29,32.47,5554000,22.04
2008-03-27,32.90,33.13,32.65,32.85,10778700,22.29
2008-03-26,32.58,32.94,32.55,32.65,7209700,22.16
2008-03-25,32.19,32.87,32.16,32.66,9265300,22.16
2008-03-24,31.97,32.39,31.74,32.21,9985000,21.86
2008-03-20,31.66,31.83,30.45,31.71,12915800,21.52
2008-03-19,33.38,33.74,31.46,31.50,11468800,21.38
2008-03-18,32.94,33.36,32.46,33.28,11504700,22.59
2008-03-17,32.96,33.11,31.60,32.27,10993900,21.90
2008-03-14,34.70,34.70,33.18,33.70,7336800,22.87
2008-03-13,34.19,34.60,33.68,34.44,10523300,23.37
2008-03-12,34.50,34.69,34.04,34.19,5208200,23.20
2008-03-11,34.83,35.25,34.17,34.56,9259200,23.39
2008-03-10,34.81,34.91,34.00,34.13,5876400,23.10
2008-03-07,35.18,35.37,34.36,34.85,7417100,23.58
2008-03-06,37.04,37.10,35.28,35.31,13810900,23.89
2008-03-05,35.80,37.00,35.80,36.99,7073300,25.03
2008-03-04,36.46,36.59,35.05,35.72,9505300,24.17
2008-03-03,36.00,36.50,35.87,36.43,8558600,24.65
2008-02-29,36.29,36.62,35.76,36.02,5560400,24.37
2008-02-28,35.86,36.75,35.79,36.62,9745700,24.78
2008-02-27,36.83,36.92,36.16,36.19,7916000,24.49
2008-02-26,36.20,37.00,36.04,36.91,7450000,24.98
2008-02-25,35.60,36.54,35.60,36.50,8344700,24.70
2008-02-22,36.29,36.42,34.66,35.57,8829600,24.07
2008-02-21,36.51,36.75,35.35,35.53,7391900,24.04
2008-02-20,34.99,35.87,34.86,35.87,6767400,24.27
2008-02-19,34.77,35.37,34.63,35.04,5384400,23.71
2008-02-15,34.27,34.39,33.68,34.10,3929800,23.08
2008-02-14,34.41,34.98,34.31,34.35,3612600,23.24
2008-02-13,34.18,34.55,33.95,34.46,4085800,23.32
2008-02-12,34.34,34.89,33.48,33.86,5041700,22.91
2008-02-11,32.96,34.30,32.96,34.20,7521700,23.14
2008-02-08,31.95,33.02,31.95,32.90,5282200,22.26
2008-02-07,31.91,32.54,31.65,32.24,5049600,21.82
2008-02-06,32.45,33.01,32.00,32.12,5285600,21.74
2008-02-05,32.38,33.27,32.10,32.20,8056400,21.79
2008-02-04,32.37,33.11,32.19,32.89,4684400,22.26
2008-02-01,32.04,32.51,31.71,32.49,5283300,21.99
2008-01-31,31.43,32.17,31.35,31.97,7869200,21.63
2008-01-30,31.64,32.66,31.64,31.99,6738700,21.65
2008-01-29,32.04,32.50,31.70,31.82,6901700,21.53
2008-01-28,31.98,32.10,31.28,31.90,5743400,21.59
2008-01-25,31.88,32.35,31.53,31.87,7803400,21.57
2008-01-24,31.00,32.39,30.87,31.94,12145100,21.61
2008-01-23,28.36,30.97,28.24,30.96,12663500,20.95
2008-01-22,30.27,31.40,26.82,31.04,11766800,21.00
2008-01-18,31.74,32.95,31.23,31.77,8348900,21.50
2008-01-17,33.33,34.25,31.63,31.73,10138800,21.47
2008-01-16,33.78,34.35,33.34,33.88,8024600,22.93
2008-01-15,35.34,35.43,34.07,34.20,6495900,23.14
2008-01-14,35.35,35.86,35.27,35.71,4971000,24.16
2008-01-11,35.61,35.95,34.98,35.14,5738800,23.78
2008-01-10,35.64,36.11,35.38,35.98,4587300,24.35
2008-01-09,35.65,36.00,35.16,36.00,4958400,24.36
2008-01-08,35.58,36.30,35.48,35.60,6463000,24.09
2008-01-07,35.74,35.95,35.12,35.41,7467100,23.96
2008-01-04,36.42,36.67,35.55,35.59,4283400,24.08
2008-01-03,35.83,36.88,35.52,36.70,5445200,24.83
2008-01-02,35.94,36.17,35.60,35.78,4440800,24.21
