Date,Open,High,Low,Close,Volume,Adj Close
2013-12-31,193.30,194.53,191.83,194.21,731500,193.12
2013-12-30,190.83,194.39,190.70,193.29,1948600,192.20
2013-12-27,191.21,191.90,190.03,191.25,587500,190.17
2013-12-26,189.35,191.58,188.81,191.04,692400,189.97
2013-12-24,185.99,190.80,185.18,189.25,862500,188.19
2013-12-23,186.65,186.65,184.01,185.15,801700,184.11
2013-12-20,186.01,186.07,181.89,185.35,1534600,184.31
2013-12-19,187.35,187.35,183.06,185.11,1047300,184.07
2013-12-18,183.53,186.96,181.50,186.67,1145500,185.62
2013-12-17,183.23,184.01,180.84,182.48,1061700,181.45
2013-12-16,183.05,185.41,181.24,182.82,1282500,181.79
2013-12-13,181.02,182.26,179.92,181.76,968600,180.74
2013-12-12,180.84,182.41,178.48,179.49,1277800,178.48
2013-12-11,181.24,183.44,180.02,180.70,1598900,179.68
2013-12-10,178.49,181.76,176.41,181.15,1742100,180.13
2013-12-09,173.50,179.12,173.50,178.53,2595100,177.53
2013-12-06,173.00,174.00,169.72,173.16,1383800,172.19
2013-12-05,167.67,172.87,167.10,171.41,1694200,170.45
2013-12-04,162.72,168.99,162.13,167.78,1568600,166.84
2013-12-03,164.00,165.37,161.88,163.31,1287300,162.39
2013-12-02,165.57,167.37,164.12,164.74,750100,163.81
2013-11-29,165.85,167.41,164.95,165.87,565500,164.94
2013-11-27,164.19,166.45,163.50,165.56,617600,164.63
2013-11-26,163.72,164.83,163.01,164.00,544200,163.08
2013-11-25,163.15,164.61,162.90,163.67,638600,162.75
2013-11-22,163.57,164.02,161.12,162.45,717900,161.54
2013-11-21,159.97,165.00,159.32,163.53,2878200,162.61
2013-11-20,160.47,160.96,157.48,158.39,780100,157.50
2013-11-19,163.19,163.81,158.14,159.20,1396500,158.31
2013-11-18,164.55,166.64,163.00,163.59,905100,162.67
2013-11-15,168.51,169.66,165.60,166.39,1411200,162.47
2013-11-14,170.12,170.31,167.76,168.51,712100,164.54
2013-11-13,165.75,170.24,165.60,170.21,1024100,166.20
2013-11-12,164.82,167.65,164.40,167.38,2799100,163.44
2013-11-11,163.99,166.18,162.95,165.03,725200,161.14
2013-11-08,159.86,164.24,159.86,163.71,2471800,159.85
2013-11-07,165.05,165.35,159.37,159.51,2622700,155.75
2013-11-06,166.75,166.89,163.42,164.38,1270000,160.51
2013-11-05,165.00,166.38,164.54,165.20,1092500,161.31
2013-11-04,167.88,168.38,165.92,166.49,1035200,161.59
2013-11-01,166.96,167.95,166.42,167.70,816300,162.77
2013-10-31,168.58,169.53,165.63,166.25,1056800,161.36
2013-10-30,169.99,171.97,168.00,169.55,918900,164.56
2013-10-29,168.89,168.89,166.76,168.80,740900,163.83
2013-10-28,168.08,168.88,165.50,168.40,1176000,163.45
2013-10-25,168.06,168.91,163.80,168.18,2638600,163.23
2013-10-24,167.76,173.22,166.90,172.85,1506800,167.77
2013-10-23,169.67,170.19,166.19,166.46,1467600,161.56
2013-10-22,173.14,173.38,168.31,169.99,1727100,164.99
2013-10-21,172.43,173.34,171.63,173.13,908700,168.04
2013-10-18,171.21,172.75,170.15,171.92,1007200,166.86
2013-10-17,168.40,169.84,167.11,169.46,992000,164.48
2013-10-16,168.20,170.79,167.36,168.58,995700,163.62
2013-10-15,167.76,170.16,166.20,167.20,1707300,162.28
2013-10-14,165.75,167.81,164.66,167.15,882000,162.23
2013-10-11,162.31,166.78,162.31,166.61,1147900,161.71
2013-10-10,159.00,163.66,159.00,162.35,1326600,157.57
2013-10-09,158.39,158.95,155.77,157.73,1309100,153.09
2013-10-08,159.69,161.53,156.79,157.21,1538100,152.59
2013-10-07,159.03,160.59,158.14,159.04,1109500,154.36
2013-10-04,159.11,161.06,158.81,160.18,996400,155.47
2013-10-03,161.76,162.33,159.11,160.66,2177700,155.93
2013-10-02,159.28,161.62,158.84,161.35,940300,156.60
2013-10-01,157.81,160.15,157.74,160.07,1675300,155.36
2013-09-30,156.42,158.89,155.39,158.01,1074200,153.36
2013-09-27,159.02,159.24,157.31,158.00,788200,153.35
2013-09-26,158.01,159.85,157.90,159.74,1101100,155.04
2013-09-25,156.72,158.13,155.13,157.61,1609200,152.97
2013-09-24,154.57,157.49,154.36,156.12,692800,151.53
2013-09-23,155.04,155.64,154.21,155.03,836600,150.47
2013-09-20,154.99,155.87,153.87,155.22,1391600,150.65
2013-09-19,153.80,155.00,152.80,154.56,917900,150.01
2013-09-18,150.41,153.47,150.08,153.03,1110900,148.53
2013-09-17,150.43,152.20,150.30,150.76,764800,146.33
2013-09-16,151.89,152.61,149.71,149.98,879700,145.57
2013-09-13,150.10,150.81,148.90,150.35,464400,145.93
2013-09-12,151.25,151.25,148.74,149.65,543400,145.25
2013-09-11,149.74,151.19,148.86,150.87,1144000,146.43
2013-09-10,146.47,149.90,146.27,149.24,1377500,144.85
2013-09-09,143.42,146.36,143.33,145.35,1020900,141.07
2013-09-06,143.73,144.17,141.23,143.43,916200,139.21
2013-09-05,141.60,143.50,141.24,142.69,706600,138.49
2013-09-04,141.51,142.38,140.50,141.38,1409500,137.22
2013-09-03,142.30,143.88,141.30,141.68,1293500,137.51
2013-08-30,142.59,142.64,140.26,141.04,705200,136.89
2013-08-29,140.50,142.68,140.33,141.87,930000,137.70
2013-08-28,139.38,141.50,138.70,140.77,1005400,136.63
2013-08-27,141.19,141.96,138.75,139.21,981400,135.12
2013-08-26,141.79,146.04,141.79,142.94,1278900,138.74
2013-08-23,141.26,142.25,140.84,141.93,541300,137.76
2013-08-22,139.55,141.89,139.38,141.26,700500,137.10
2013-08-21,139.70,140.67,138.18,139.04,837700,134.95
2013-08-20,139.36,140.79,139.12,139.90,1243800,135.78
2013-08-19,138.34,141.31,138.01,139.18,897700,135.09
2013-08-16,139.36,140.82,138.47,138.57,846000,134.49
2013-08-15,139.03,139.61,137.69,139.08,956600,134.99
2013-08-14,139.59,140.64,139.13,140.17,2268500,136.05
2013-08-13,138.90,140.38,138.11,139.62,739400,135.51
2013-08-12,137.41,139.37,137.07,138.43,627900,134.36
2013-08-09,139.08,139.53,137.27,138.13,703600,134.07
2013-08-08,138.47,140.15,137.56,139.45,1075000,135.35
2013-08-07,139.15,139.82,137.47,139.01,1146100,133.95
2013-08-06,140.90,141.45,138.63,139.18,1039100,134.11
2013-08-05,139.08,141.06,139.08,140.90,1004800,135.77
2013-08-02,137.45,140.18,136.42,139.85,1412700,134.76
2013-08-01,135.26,138.07,134.35,137.44,1513600,132.44
2013-07-31,134.06,134.75,132.61,133.13,923600,128.28
2013-07-30,132.50,134.34,131.90,133.07,1205900,128.23
2013-07-29,128.90,133.00,128.80,131.27,1427500,126.49
2013-07-26,128.51,131.22,128.51,130.98,1140700,126.21
2013-07-25,131.12,131.67,128.41,130.16,1445000,125.42
2013-07-24,132.68,132.78,130.38,131.13,1276400,126.36
2013-07-23,133.18,133.59,131.43,131.52,1272000,126.73
2013-07-22,132.36,133.65,131.19,133.38,1431100,128.53
2013-07-19,133.30,133.30,132.02,133.09,935700,128.25
2013-07-18,131.62,133.99,131.62,133.10,953800,128.26
2013-07-17,133.14,133.43,130.91,131.51,859400,126.72
2013-07-16,132.51,133.44,131.18,132.47,1097500,127.65
2013-07-15,130.78,132.83,130.56,131.99,1262500,127.19
2013-07-12,131.41,131.84,129.77,130.78,1389400,126.02
2013-07-11,129.50,132.46,128.10,131.63,2463300,126.84
2013-07-10,126.44,127.55,125.97,127.27,993800,122.64
2013-07-09,127.21,127.89,125.42,126.59,1412000,121.98
2013-07-08,127.32,129.09,126.78,126.98,1457100,122.36
2013-07-05,127.41,127.95,125.55,127.08,623100,122.45
2013-07-03,125.19,127.00,124.57,126.14,599500,121.55
2013-07-02,128.38,129.15,124.91,126.18,1674400,121.59
2013-07-01,129.28,130.55,128.27,128.46,1082600,123.78
2013-06-28,128.40,129.26,127.89,127.97,1154400,123.31
2013-06-27,128.07,129.70,127.55,128.60,1011900,123.92
2013-06-26,127.51,129.45,126.62,127.23,1697100,122.60
2013-06-25,126.42,127.45,125.55,125.60,2084600,121.03
2013-06-24,126.63,127.00,121.84,124.12,3326000,119.60
2013-06-21,132.98,133.61,127.37,129.69,3216600,124.97
2013-06-20,136.48,136.51,130.62,132.17,2678100,127.36
2013-06-19,140.25,140.25,137.68,137.86,830900,132.84
2013-06-18,138.87,140.40,138.58,139.30,955100,134.23
2013-06-17,137.00,140.25,136.11,138.39,2189600,133.35
2013-06-14,135.97,137.11,134.43,135.14,1028000,130.22
2013-06-13,133.56,137.05,132.16,136.52,1137900,131.55
2013-06-12,135.49,136.30,133.46,133.89,907300,129.02
2013-06-11,136.69,136.97,134.24,134.78,1386800,129.87
2013-06-10,137.96,140.41,137.51,138.96,1325100,133.90
2013-06-07,135.77,138.10,135.19,137.50,1104600,132.50
2013-06-06,133.50,135.19,133.01,134.94,1155900,130.03
2013-06-05,135.98,136.99,133.01,133.78,1120700,128.91
2013-06-04,137.89,138.50,135.28,136.84,1057800,131.86
2013-06-03,136.20,138.22,134.69,138.10,1309200,133.07
2013-05-31,137.18,139.06,135.89,135.89,1072700,130.94
2013-05-30,138.98,139.38,137.90,138.12,2453400,133.09
2013-05-29,140.37,141.01,137.83,138.48,1085400,133.44
2013-05-28,139.68,142.53,139.53,140.58,1036400,135.46
2013-05-24,137.15,138.45,136.50,137.90,944300,132.88
2013-05-23,139.79,140.00,137.36,138.45,1460100,133.41
2013-05-22,143.18,144.99,140.85,141.64,1366000,136.48
2013-05-21,143.26,144.17,141.49,142.43,738700,137.25
2013-05-20,141.48,143.56,141.05,143.11,1094600,137.90
2013-05-17,140.58,141.65,140.11,140.99,983200,135.86
2013-05-16,138.99,141.27,138.99,139.36,957600,134.29
2013-05-15,141.81,142.40,138.96,139.76,1328500,134.67
2013-05-14,140.50,142.65,140.27,142.14,917300,136.97
2013-05-13,139.19,140.39,138.24,140.36,1252100,135.25
2013-05-10,139.66,140.43,138.74,139.10,844700,134.04
2013-05-09,138.33,140.09,137.26,139.55,1885000,134.47
2013-05-08,139.05,139.92,138.05,138.84,720800,133.79
2013-05-07,138.03,139.53,137.49,138.84,1064200,133.79
2013-05-06,138.85,140.34,138.05,138.68,1155600,132.67
2013-05-03,138.23,139.00,136.39,138.80,1553700,132.78
2013-05-02,137.15,138.43,136.06,136.62,1490700,130.70
2013-05-01,136.87,137.39,135.55,136.22,1085600,130.32
2013-04-30,136.26,137.53,135.59,137.30,1482300,131.35
2013-04-29,135.69,136.51,133.44,135.80,1214900,129.91
2013-04-26,135.40,136.27,133.84,135.50,1900700,129.63
2013-04-25,133.50,135.98,132.90,134.91,2776400,129.06
2013-04-24,130.00,132.04,129.92,131.50,1533400,125.80
2013-04-23,129.05,129.91,127.35,129.37,1431300,123.76
2013-04-22,127.95,128.63,126.74,128.40,1073400,122.83
2013-04-19,125.16,127.93,124.71,127.56,1293800,122.03
2013-04-18,124.79,125.32,122.24,123.94,1109100,118.57
2013-04-17,126.29,126.36,123.17,124.33,1360200,118.94
2013-04-16,125.02,127.44,125.00,127.04,1508200,121.53
2013-04-15,127.51,128.20,123.18,124.13,1507500,118.75
2013-04-12,127.00,129.39,126.56,128.54,1248800,122.97
2013-04-11,126.48,128.21,126.27,127.16,1298500,121.65
2013-04-10,123.70,126.47,123.60,126.36,903700,120.88
2013-04-09,123.29,124.74,122.64,123.53,1046400,118.18
2013-04-08,118.17,123.28,118.17,122.68,1463200,117.36
2013-04-05,116.60,118.17,114.41,118.04,2383600,112.92
2013-04-04,120.55,120.57,118.66,118.80,1185100,113.65
2013-04-03,123.07,123.12,119.75,120.40,1164100,115.18
2013-04-02,123.75,124.24,122.51,123.26,1012500,117.92
2013-04-01,125.23,125.23,122.41,123.19,970300,117.85
2013-03-28,124.25,125.41,123.36,125.16,880200,119.73
2013-03-27,123.86,124.44,122.76,124.13,800500,118.75
2013-03-26,122.60,125.00,121.95,124.54,1087400,119.14
2013-03-25,122.88,124.65,121.50,121.64,2148700,116.37
2013-03-22,121.81,122.90,121.21,122.08,761600,116.79
2013-03-21,121.99,122.88,121.09,121.09,658000,115.84
2013-03-20,121.10,122.79,120.83,122.32,907800,117.02
2013-03-19,120.36,121.33,119.00,119.93,807100,114.73
2013-03-18,118.71,121.81,118.24,120.11,1065600,114.90
2013-03-15,119.52,120.24,118.50,119.97,1565400,114.77
2013-03-14,118.99,119.98,118.66,119.81,725300,114.62
2013-03-13,118.18,119.47,117.47,118.63,762400,113.49
2013-03-12,117.84,118.00,116.60,117.98,1101100,112.87
2013-03-11,117.58,119.28,117.24,118.15,1231300,113.03
2013-03-08,118.02,118.22,116.65,117.35,908200,112.26
2013-03-07,117.27,118.27,116.46,117.21,835700,112.13
2013-03-06,116.39,118.28,115.83,117.30,1034200,112.22
2013-03-05,116.88,117.33,115.91,116.00,959800,110.97
2013-03-04,116.15,117.49,115.12,116.55,1333200,111.50
2013-03-01,116.95,117.30,115.14,116.57,1041100,111.52
2013-02-28,117.24,119.25,116.90,116.90,964200,111.83
2013-02-27,115.88,118.33,115.29,117.64,1450000,112.54
2013-02-26,115.78,116.32,113.39,115.50,1386600,110.49
2013-02-25,118.56,120.68,115.51,115.56,1625400,110.55
2013-02-22,116.15,117.85,115.02,117.34,1296700,112.25
2013-02-21,116.31,116.32,113.85,115.53,1664900,110.52
2013-02-20,120.18,120.92,116.33,116.56,1651300,111.51
2013-02-19,120.90,120.91,118.07,120.39,1901300,115.17
2013-02-15,123.08,123.52,122.01,122.96,1088400,117.63
2013-02-14,122.80,123.25,121.49,123.20,887300,117.86
2013-02-13,123.60,124.24,122.39,122.40,1253500,117.09
2013-02-12,123.57,124.01,122.50,122.67,813500,117.35
2013-02-11,126.88,126.88,123.56,124.10,1325600,117.76
2013-02-08,123.51,126.92,123.50,126.52,1468000,120.06
2013-02-07,123.28,123.28,120.77,122.83,1417700,116.56
2013-02-06,121.43,124.82,120.91,123.30,2739100,117.01
2013-02-05,124.75,126.77,124.75,125.75,1039600,119.33
2013-02-04,125.35,126.98,124.56,124.76,1433900,118.39
2013-02-01,123.99,126.66,122.50,126.37,3616500,119.92
2013-01-31,125.50,126.95,123.32,125.22,3266600,118.83
2013-01-30,122.08,123.86,122.06,123.49,1225300,117.19
2013-01-29,123.27,123.95,121.85,122.39,1003700,116.14
2013-01-28,123.21,124.97,123.05,123.54,933900,117.23
2013-01-25,123.06,124.34,122.70,123.93,930900,117.60
2013-01-24,123.58,124.57,122.54,122.68,1378000,116.42
2013-01-23,124.40,124.98,122.75,123.13,1017500,116.84
2013-01-22,123.61,124.66,122.67,124.32,751000,117.97
2013-01-18,125.15,126.11,123.71,124.06,1352600,117.73
2013-01-17,123.51,123.82,122.22,123.46,824700,117.16
2013-01-16,122.71,123.32,122.21,122.96,828300,116.68
2013-01-15,122.64,123.95,122.26,123.80,1001800,117.48
2013-01-14,122.84,123.87,122.50,122.80,868000,116.53
2013-01-11,122.76,123.36,121.77,122.99,889500,116.71
2013-01-10,123.65,123.69,120.26,122.90,1462000,116.63
2013-01-09,121.37,123.72,121.20,121.52,1869900,115.32
2013-01-08,121.04,121.88,119.83,121.09,976300,114.91
2013-01-07,120.73,121.99,120.26,121.19,1501000,115.00
2013-01-04,119.93,122.21,119.40,120.78,2129100,114.61
2013-01-03,118.57,121.06,118.34,119.34,1731900,113.25
2013-01-02,116.37,119.02,115.88,118.07,2487000,112.04
2012-12-31,109.58,112.54,109.13,112.49,1139900,106.75
2012-12-28,110.48,112.29,109.48,109.67,2159600,104.07
2012-12-27,111.90,112.08,108.93,111.01,865400,105.34
2012-12-26,112.61,112.98,110.89,111.55,510500,105.85
2012-12-24,113.12,113.48,111.77,112.52,289500,106.78
2012-12-21,112.96,113.64,112.16,113.51,1078400,107.71
2012-12-20,114.16,114.75,113.14,114.28,620300,108.45
2012-12-19,113.95,115.67,113.03,113.64,1056500,107.84
2012-12-18,113.80,115.01,113.02,113.95,2637800,108.13
2012-12-17,114.28,114.59,112.45,113.69,957300,107.89
2012-12-14,112.24,114.92,111.99,113.75,1296700,107.94
2012-12-13,113.37,115.16,113.16,114.22,1115000,108.39
2012-12-12,110.82,114.45,110.27,113.46,2570500,107.67
2012-12-11,111.25,111.75,109.28,109.80,1593900,104.19
2012-12-10,110.39,110.49,108.92,110.04,959600,104.42
2012-12-07,111.75,112.63,109.13,110.26,1108500,104.63
2012-12-06,110.00,111.74,109.75,111.45,1018400,105.76
2012-12-05,110.11,110.74,109.02,109.94,1565900,104.33
2012-12-04,108.85,110.62,107.50,110.12,2986400,104.50
2012-12-03,112.97,115.69,112.97,113.40,1393800,107.61
2012-11-30,112.10,112.73,111.32,112.40,958400,106.66
2012-11-29,112.00,113.36,110.50,112.03,1337500,106.31
2012-11-28,108.80,111.86,107.84,111.69,2747200,105.99
2012-11-27,107.14,109.49,107.14,108.26,1017900,102.73
2012-11-26,108.98,109.18,106.63,107.57,1190500,102.08
2012-11-23,108.77,109.42,107.93,109.33,554800,103.75
2012-11-21,106.61,108.29,106.61,108.03,1000600,102.51
2012-11-20,106.38,107.48,105.57,106.87,956700,101.41
2012-11-19,106.11,107.30,104.92,105.79,1338100,100.39
2012-11-16,107.61,109.41,103.88,104.33,2013700,99.00
2012-11-15,104.31,105.61,103.34,104.55,1460400,99.21
2012-11-14,107.67,107.71,104.05,104.56,2096300,99.22
2012-11-13,106.96,108.48,105.58,106.93,1747700,101.47
2012-11-12,108.67,109.15,106.66,107.42,1139300,101.94
2012-11-09,108.46,109.87,108.23,108.35,1574800,102.82
2012-11-08,110.61,111.55,108.71,109.25,1672800,103.67
2012-11-07,111.09,112.18,109.77,111.03,1553700,105.36
2012-11-06,112.11,112.75,110.52,112.21,1673300,106.48
2012-11-05,114.00,114.48,110.80,111.52,2148500,105.83
2012-11-02,123.46,123.54,120.48,120.80,1831400,107.04
2012-11-01,121.24,123.64,118.77,122.90,2106400,108.90
2012-10-31,119.18,121.40,118.11,121.06,3376300,107.27
2012-10-26,121.50,121.54,118.07,118.97,3151400,105.42
2012-10-25,118.13,121.00,117.63,120.43,5253900,106.71
2012-10-24,114.04,116.00,111.82,112.29,1917300,99.50
2012-10-23,114.10,114.79,113.25,114.38,1154400,101.35
2012-10-22,114.22,116.49,114.22,115.46,1027000,102.31
2012-10-19,117.90,117.90,114.79,115.62,1636600,102.45
2012-10-18,119.06,119.50,117.36,118.30,1321800,104.83
2012-10-17,117.82,119.29,116.81,118.95,1220400,105.40
2012-10-16,116.89,118.98,116.32,117.80,1764000,104.38
2012-10-15,113.89,116.50,113.53,116.25,1209600,103.01
2012-10-12,113.41,114.98,113.00,113.81,1163300,100.85
2012-10-11,112.02,112.86,111.15,112.46,1085400,99.65
2012-10-10,112.16,113.21,109.95,111.02,1098800,98.38
2012-10-09,112.77,114.13,110.93,111.78,1170100,99.05
2012-10-08,113.26,113.64,112.00,112.68,1026300,99.85
2012-10-05,115.13,115.88,113.14,113.81,2176100,100.85
2012-10-04,113.87,114.80,111.87,114.02,1702200,101.03
2012-10-03,115.16,115.75,114.09,114.87,734000,101.79
2012-10-02,116.41,116.41,113.45,114.61,1415800,101.56
2012-10-01,116.00,117.82,114.98,115.58,1386600,102.42
2012-09-28,114.80,116.10,114.14,115.44,1074400,102.29
2012-09-27,114.21,116.22,113.30,115.43,1535400,102.28
2012-09-26,113.91,114.73,111.90,113.71,1079400,100.76
2012-09-25,115.48,116.47,113.53,113.93,1876700,100.95
2012-09-24,113.45,114.78,113.11,114.07,1052800,101.08
2012-09-21,115.50,115.50,113.42,114.37,2378600,101.34
2012-09-20,114.43,114.97,113.00,114.90,1347200,101.81
2012-09-19,113.25,116.39,112.77,115.69,2458500,102.51
2012-09-18,112.39,113.44,111.66,112.73,1100600,99.89
2012-09-17,114.16,115.19,111.95,112.47,1439500,99.66
2012-09-14,110.95,114.50,110.80,113.02,3451700,100.15
2012-09-13,106.75,110.42,106.49,110.02,1766800,97.49
2012-09-12,105.70,107.82,105.68,107.45,2451600,95.21
2012-09-11,102.40,105.21,102.29,104.80,1452300,92.86
2012-09-10,104.10,104.50,102.76,103.09,1668700,91.35
2012-09-07,102.00,103.85,101.71,102.74,2416700,91.04
2012-09-06,100.78,102.25,100.47,101.55,2193300,89.98
2012-09-05,100.58,101.14,99.32,99.61,1580500,88.26
2012-09-04,102.60,102.89,100.38,100.72,1817200,89.25
2012-08-31,103.80,105.05,102.84,103.17,970600,91.42
2012-08-30,104.52,104.52,102.36,102.85,1028700,91.14
2012-08-29,105.25,105.68,103.65,104.92,1228400,92.97
2012-08-28,105.00,105.95,104.32,105.23,1129000,93.24
2012-08-27,106.13,106.30,104.51,105.47,1183800,93.46
2012-08-24,104.53,105.61,103.48,105.33,1287500,93.33
2012-08-23,106.11,106.70,105.11,105.15,1111000,93.17
2012-08-22,105.36,107.10,104.84,105.80,1453700,93.75
2012-08-21,105.65,107.50,104.84,105.41,1615800,93.40
2012-08-20,108.10,110.00,105.25,105.60,1930800,93.57
2012-08-17,104.78,105.38,103.71,104.80,1208900,92.86
2012-08-16,100.69,104.78,100.40,104.24,2194400,92.37
2012-08-15,99.36,100.50,99.09,100.21,802100,88.80
2012-08-14,101.04,101.34,99.32,99.54,911200,88.20
2012-08-13,100.91,101.75,99.55,100.13,1001800,88.73
2012-08-10,101.00,101.98,99.87,101.83,1254300,90.23
2012-08-09,102.34,103.14,101.30,101.53,1004200,89.97
2012-08-08,101.81,102.98,101.54,102.71,1353800,91.01
2012-08-07,99.39,104.00,98.81,102.64,3456600,90.95
2012-08-06,95.98,98.63,94.84,97.80,1551600,86.66
2012-08-03,95.15,96.38,95.01,95.56,1473600,84.68
2012-08-02,94.04,95.98,92.56,93.53,1804500,82.88
2012-08-01,95.39,95.87,94.11,95.30,1749100,84.45
2012-07-31,94.29,94.91,93.00,93.75,1430600,83.07
2012-07-30,94.42,96.57,93.70,94.55,1818200,83.78
2012-07-27,93.41,94.85,93.17,94.61,2010500,83.83
2012-07-26,93.27,93.43,90.11,93.10,3254500,82.05
2012-07-25,93.20,94.00,91.58,92.79,1725000,81.78
2012-07-24,95.68,95.99,92.02,93.00,2659300,81.96
2012-07-23,95.34,95.50,94.00,95.02,1857200,83.75
2012-07-20,98.58,99.94,97.23,97.31,1855500,85.76
2012-07-19,96.54,100.13,95.87,99.66,2236400,87.83
2012-07-18,96.25,100.94,94.52,96.29,5188500,84.86
2012-07-17,97.45,98.27,95.58,97.36,2317100,85.81
2012-07-16,96.03,97.70,95.33,96.44,2089100,85.00
2012-07-13,96.83,97.00,95.10,96.22,2589100,84.80
2012-07-12,99.56,100.26,96.46,96.75,2807400,85.27
2012-07-11,99.95,102.98,99.43,100.64,2214700,88.70
2012-07-10,100.60,101.69,99.47,100.23,2682800,88.34
2012-07-09,99.89,101.19,99.25,100.01,2237400,88.14
2012-07-06,100.88,101.00,99.03,100.69,2384600,88.74
2012-07-05,100.98,102.30,98.44,101.82,2831500,89.74
2012-07-03,101.98,102.70,100.67,101.55,1349600,89.50
2012-07-02,102.60,104.57,101.59,102.15,1939100,90.03
2012-06-29,104.28,105.00,102.89,103.72,2247800,91.41
2012-06-28,101.70,103.24,100.40,102.01,1792800,89.91
2012-06-27,102.78,103.66,101.96,102.40,1849900,90.25
2012-06-26,101.69,102.93,100.45,102.04,2042200,89.93
2012-06-25,101.18,102.74,101.00,102.06,1691500,89.95
2012-06-22,102.63,104.14,101.84,103.32,2405300,91.06
2012-06-21,105.16,107.57,101.95,102.05,2992300,89.94
2012-06-20,105.36,105.45,103.00,104.89,1554800,92.44
2012-06-19,100.74,105.08,100.74,104.52,2136600,92.12
2012-06-18,98.90,101.00,98.01,100.33,1715000,88.43
2012-06-15,99.99,100.56,99.07,99.53,1832900,87.72
2012-06-14,98.90,101.12,98.24,100.49,1989900,88.57
2012-06-13,100.72,102.27,99.96,100.20,1863400,88.31
2012-06-12,101.28,101.70,99.40,101.47,2621400,89.43
2012-06-11,105.16,105.65,99.40,99.53,3226400,87.72
2012-06-08,101.94,104.38,100.99,104.21,1300200,91.84
2012-06-07,105.88,107.00,102.31,102.64,1811400,90.46
2012-06-06,102.32,104.69,102.11,103.91,2041300,91.58
2012-06-05,97.38,101.30,97.00,100.99,2906800,89.01
2012-06-04,97.15,98.70,95.82,98.17,2625300,86.52
2012-06-01,99.80,100.56,96.52,97.38,3345700,85.83
2012-05-31,104.09,104.46,100.17,103.04,2818400,90.81
2012-05-30,105.74,106.14,103.08,104.55,2835700,92.14
2012-05-29,103.56,105.80,103.23,104.61,1495000,92.20
2012-05-25,103.05,104.40,101.50,102.04,1382600,89.93
2012-05-24,104.66,105.46,102.10,103.23,1594400,90.98
2012-05-23,102.22,104.12,101.01,103.66,1921500,91.36
2012-05-22,103.89,105.30,101.72,103.15,2241600,90.91
2012-05-21,102.43,104.34,98.26,104.17,3241300,91.81
2012-05-18,102.03,106.68,101.39,101.94,3067900,89.84
2012-05-17,104.85,106.02,101.26,101.54,2591500,89.49
2012-05-16,107.14,108.35,104.81,105.06,2356700,92.15
2012-05-15,108.20,109.28,106.19,106.45,2604800,93.37
2012-05-14,111.01,111.19,107.94,108.09,3214500,94.81
2012-05-11,112.44,115.38,111.55,112.90,2461400,99.03
2012-05-10,117.02,117.25,113.21,113.25,2441700,99.34
2012-05-09,116.94,117.77,113.95,115.37,3320000,101.20
2012-05-08,123.24,123.25,116.35,119.23,4635900,104.58
2012-05-07,126.18,127.59,124.75,125.19,2977800,109.81
2012-05-04,128.67,129.55,126.94,127.40,2222200,111.75
2012-05-03,133.79,134.26,129.87,130.55,1738100,114.51
2012-05-02,138.00,138.28,133.52,133.65,3921400,117.23
2012-05-01,132.80,135.88,132.49,134.71,1539800,118.16
2012-04-30,134.56,135.36,130.50,133.40,1838900,117.01
2012-04-27,134.48,136.63,133.87,135.04,2071000,118.45
2012-04-26,130.09,134.30,127.90,134.13,3566100,117.65
2012-04-25,127.65,129.18,125.84,128.90,2836900,113.06
2012-04-24,124.91,125.93,124.18,124.71,1122800,109.39
2012-04-23,127.38,127.38,124.72,125.25,1842800,109.86
2012-04-20,130.82,130.82,128.87,128.99,1565200,113.14
2012-04-19,130.75,131.85,129.05,129.55,1800100,113.63
2012-04-18,128.74,132.47,128.48,130.28,3983100,114.27
2012-04-17,124.46,125.55,123.40,124.77,1746300,109.44
2012-04-16,125.44,125.65,123.18,123.37,1370700,108.21
2012-04-13,125.39,126.75,124.18,125.48,1047400,110.06
2012-04-12,124.92,127.86,124.66,126.28,2347400,110.77
2012-04-11,123.69,126.33,123.60,124.28,1954900,109.01
2012-04-10,124.56,125.95,120.75,122.10,2226400,107.10
2012-04-09,123.38,125.00,122.82,124.22,1590600,108.96
2012-04-05,123.45,126.38,123.45,125.94,1049700,110.47
2012-04-04,124.15,125.16,123.41,123.76,1193600,108.56
2012-04-03,125.34,127.10,125.03,125.68,1019100,110.24
2012-04-02,124.73,127.69,124.26,125.48,1447400,110.06
2012-03-30,126.03,126.57,123.77,124.88,1290000,109.54
2012-03-29,124.97,125.42,122.86,124.93,1521500,109.58
2012-03-28,128.90,129.01,124.39,126.25,2171000,110.74
2012-03-27,129.79,130.46,128.66,128.81,1551400,112.99
2012-03-26,127.68,131.20,127.52,130.00,2763100,114.03
2012-03-23,127.19,127.41,125.85,126.57,1092600,111.02
2012-03-22,128.00,129.85,125.97,126.81,1356000,111.23
2012-03-21,128.21,129.95,127.70,128.87,1660100,113.04
2012-03-20,128.03,128.68,126.04,128.01,1818000,112.28
2012-03-19,126.58,130.71,126.58,129.29,1986800,113.41
2012-03-16,128.20,129.00,126.33,126.96,1859600,111.36
2012-03-15,125.40,128.83,125.36,128.00,1977300,112.28
2012-03-14,125.74,126.54,125.18,126.08,1716300,110.59
2012-03-13,124.65,126.23,124.02,125.33,2989600,109.93
2012-03-12,121.11,122.57,120.09,121.07,1851200,106.20
2012-03-09,123.28,123.97,120.26,120.79,2055900,105.95
2012-03-08,123.81,124.26,122.50,123.39,2101400,108.23
2012-03-07,121.27,123.35,121.21,122.27,2290800,107.25
2012-03-06,119.97,120.74,118.60,119.38,2390700,104.71
2012-03-05,126.55,127.96,122.32,122.75,3160200,107.67
2012-03-02,124.20,132.59,123.21,127.27,14143200,111.63
2012-03-01,120.00,123.38,119.62,122.06,4312800,107.06
2012-02-29,116.50,119.84,116.05,118.54,4508300,103.98
2012-02-28,116.38,117.16,115.09,115.09,3111800,100.95
2012-02-27,117.41,117.60,116.33,116.52,1933600,102.21
2012-02-24,116.94,119.49,116.80,118.10,2087200,103.59
2012-02-23,117.68,118.13,115.79,116.34,1894300,102.05
2012-02-22,118.51,120.15,117.19,117.74,2340900,103.28
2012-02-21,118.65,121.58,117.99,119.40,8347500,104.73
2012-02-17,114.20,114.84,112.45,112.69,2115100,98.85
2012-02-16,111.58,112.90,110.63,112.67,1680100,98.83
2012-02-15,111.48,112.74,111.06,111.41,2250300,97.72
2012-02-14,109.80,111.85,109.18,111.16,2115800,97.50
2012-02-13,113.24,113.25,110.00,110.56,3733800,96.54
2012-02-10,112.50,114.21,112.02,113.20,1608600,98.84
2012-02-09,115.17,115.30,113.21,113.59,2144400,99.18
2012-02-08,113.26,114.66,112.71,114.64,2330200,100.10
2012-02-07,112.50,114.45,112.50,112.67,2191200,98.38
2012-02-06,114.44,114.87,112.05,112.83,3306100,98.52
2012-02-03,117.01,117.23,114.39,114.98,7266100,100.40
2012-02-02,118.53,120.81,117.10,120.78,4245900,105.46
2012-02-01,117.34,118.84,115.82,117.75,3266400,102.82
2012-01-31,117.10,117.65,114.87,115.23,1639200,100.62
2012-01-30,116.33,116.57,112.16,115.41,2890700,100.77
2012-01-27,119.00,120.00,118.13,119.07,1412000,103.97
2012-01-26,121.49,123.27,118.35,119.15,2380200,104.04
2012-01-25,118.54,121.17,117.47,120.42,2404200,105.15
2012-01-24,116.78,119.31,115.76,118.47,2498200,103.45
2012-01-23,115.79,119.57,115.64,117.27,2491300,102.40
2012-01-20,117.27,117.76,115.18,115.47,1518800,100.83
2012-01-19,118.63,119.08,116.00,117.35,2153600,102.47
2012-01-18,112.27,117.20,112.00,116.81,2978200,102.00
2012-01-17,110.46,113.68,110.36,111.90,3459400,97.71
2012-01-13,108.32,110.33,107.29,107.85,2641400,94.17
2012-01-12,106.98,110.94,104.62,109.80,6974000,95.88
2012-01-11,107.00,112.16,106.93,111.89,2586300,97.70
2012-01-10,109.16,109.30,106.84,107.53,1698500,93.89
2012-01-09,107.38,108.00,105.88,106.64,1567700,93.12
2012-01-06,110.90,111.19,106.72,106.94,3059100,93.38
2012-01-05,111.16,111.45,109.32,110.84,2247000,96.78
2012-01-04,113.65,114.00,111.92,112.01,1724100,97.81
2012-01-03,114.47,115.80,112.30,113.97,2032400,99.52
2011-12-30,110.15,112.25,109.70,110.49,1442700,96.48
2011-12-29,109.66,110.88,108.53,110.34,1490100,96.35
2011-12-28,113.55,113.75,109.09,109.22,1994800,95.37
2011-12-27,110.56,114.45,109.36,113.53,2488900,99.13
2011-12-23,107.97,110.06,107.91,110.00,1386500,96.05
2011-12-22,108.08,108.65,106.57,108.04,1409300,94.34
2011-12-21,106.94,108.39,105.00,107.94,2054000,94.25
2011-12-20,104.84,107.72,104.22,107.58,1976800,93.94
2011-12-19,106.50,108.65,101.90,102.20,1892200,89.24
2011-12-16,105.52,107.26,104.92,105.65,2322400,92.25
2011-12-15,103.41,105.29,101.02,104.58,2632600,91.32
2011-12-14,104.01,104.48,101.67,102.29,2749300,89.32
2011-12-13,109.33,110.49,103.77,104.41,2761200,91.17
2011-12-12,109.52,109.97,108.00,109.04,1819700,95.21
2011-12-09,110.22,111.88,108.63,110.86,4211500,96.80
2011-12-08,113.45,114.83,110.00,110.18,1908100,96.21
2011-12-07,112.50,114.55,110.00,114.05,2580100,99.59
2011-12-06,117.11,117.88,113.00,113.67,3073000,99.25
2011-12-05,120.58,120.92,116.03,117.63,2442500,102.71
2011-12-02,121.25,121.50,118.27,118.41,1573700,103.39
2011-12-01,119.85,121.66,117.58,118.96,1803300,103.87
2011-11-30,116.00,120.62,115.65,120.56,4301600,105.27
2011-11-29,114.32,115.00,110.00,110.14,2143700,96.17
2011-11-28,112.39,115.95,112.36,114.60,2501800,100.07
2011-11-25,107.18,109.77,106.77,107.02,1040100,93.45
2011-11-23,111.33,112.50,107.71,107.99,2834500,94.29
2011-11-22,110.48,114.17,110.07,112.90,2557200,98.58
2011-11-21,115.15,116.02,110.09,112.07,3713700,97.86
2011-11-18,121.78,123.13,119.82,121.76,2385700,101.95
2011-11-17,124.49,124.85,119.17,120.78,10289300,101.13
2011-11-16,126.19,127.05,122.94,123.25,2847900,103.20
2011-11-15,124.71,129.00,123.72,127.86,2045800,107.06
2011-11-14,125.07,128.98,124.34,125.02,3339600,104.68
2011-11-11,120.98,125.75,119.26,125.46,3099000,105.05
2011-11-10,125.18,125.50,117.40,119.57,4996400,100.12
2011-11-09,126.00,127.71,123.21,123.91,2471700,103.75
2011-11-08,130.22,130.72,126.75,129.04,2165900,108.05
2011-11-07,131.36,132.31,127.20,128.72,3834400,107.78
2011-11-04,132.21,134.46,131.05,131.65,1936200,110.23
2011-11-03,134.14,134.94,129.10,133.69,2612200,111.94
2011-11-02,133.39,136.70,131.29,132.54,3746800,110.98
2011-11-01,129.01,130.96,127.02,128.61,2806000,107.69
2011-10-31,135.52,137.92,132.68,132.80,2173800,111.20
2011-10-28,137.89,142.20,136.11,138.03,3989900,115.16
2011-10-27,134.03,138.36,131.57,136.89,5454500,114.21
2011-10-26,126.44,128.64,121.75,128.01,3268000,106.80
2011-10-25,126.75,128.00,123.00,123.18,2756000,102.77
2011-10-24,122.90,127.95,122.66,127.65,6639400,106.50
2011-10-21,124.60,125.55,117.37,120.40,5659100,100.45
2011-10-20,124.09,125.40,119.60,123.37,6757200,102.93
2011-10-19,136.77,139.30,129.50,130.27,6143100,108.68
2011-10-18,132.65,138.60,129.41,137.65,4552400,114.84
2011-10-17,133.66,138.24,133.16,134.81,3547200,112.47
2011-10-14,134.33,134.81,129.07,134.48,4003400,112.20
2011-10-13,136.86,137.90,129.90,131.28,6069300,109.53
2011-10-12,139.30,140.40,136.75,137.71,3042400,114.89
2011-10-11,138.84,140.95,136.04,137.77,3875400,114.94
2011-10-10,131.68,139.77,131.53,139.73,4630300,116.58
2011-10-07,136.18,137.85,127.96,129.06,5855000,107.67
2011-10-06,124.20,132.71,123.65,132.58,7173100,110.61
2011-10-05,117.25,120.30,115.05,119.94,4008400,100.06
2011-10-04,112.06,119.00,108.42,118.75,6166400,99.07
2011-10-03,111.86,115.35,107.78,110.67,6039600,92.33
2011-09-30,121.76,124.75,111.71,115.08,9434800,96.01
2011-09-29,138.55,139.47,120.42,125.54,8011000,104.74
2011-09-28,141.45,142.97,135.15,135.49,2393600,113.04
2011-09-27,140.22,144.42,139.16,140.02,2986000,116.82
2011-09-26,140.41,140.46,128.10,136.78,5166400,114.11
2011-09-23,138.47,142.63,138.05,138.67,2516700,115.69
2011-09-22,140.44,143.50,134.61,139.02,4453000,115.98
2011-09-21,154.81,156.49,147.06,147.21,2938900,122.82
2011-09-20,159.08,161.33,152.71,153.21,3295400,127.82
2011-09-19,149.94,159.63,147.85,158.31,3294400,132.08
2011-09-16,150.60,152.67,148.76,152.12,3347300,126.91
2011-09-15,150.05,150.89,145.14,149.61,2872100,124.82
2011-09-14,151.44,152.42,147.72,148.65,2563200,124.02
2011-09-13,151.62,151.74,147.55,150.69,2457500,125.72
2011-09-12,149.26,154.87,147.29,151.72,3442100,126.58
2011-09-09,151.10,152.83,146.85,148.43,1650400,123.83
2011-09-08,151.59,155.32,150.25,152.47,2023800,127.20
2011-09-07,153.45,153.59,150.65,152.65,1654300,127.35
2011-09-06,143.42,149.41,142.30,148.89,1851500,124.22
2011-09-02,149.20,149.78,146.01,147.90,1949500,123.39
2011-09-01,155.90,157.69,151.88,152.82,2183200,127.50
2011-08-31,155.00,156.45,152.90,154.72,2884000,129.08
2011-08-30,146.37,154.46,145.66,153.50,3239300,128.06
2011-08-29,142.61,147.13,141.82,147.11,1621800,122.73
2011-08-26,136.01,141.27,134.70,140.34,1737200,117.08
2011-08-25,140.30,141.45,136.30,137.19,2152300,114.46
2011-08-24,137.49,141.22,135.42,139.87,2438200,116.69
2011-08-23,130.95,138.24,129.06,138.14,2386000,115.25
2011-08-22,135.18,135.87,129.35,129.98,2488300,108.44
2011-08-19,132.27,138.83,130.14,131.34,3394200,109.58
2011-08-18,142.38,142.91,134.09,136.00,4070800,113.46
2011-08-17,147.69,150.40,145.68,147.60,2877600,123.14
2011-08-16,147.62,149.41,143.88,146.88,2083800,122.54
2011-08-15,146.37,149.65,145.32,149.10,2135800,124.39
2011-08-12,145.23,146.72,141.39,145.32,2938800,121.24
2011-08-11,136.71,143.10,132.26,140.92,3210500,117.57
2011-08-10,135.62,141.88,133.09,134.68,4199700,112.36
2011-08-09,129.59,139.92,125.09,139.68,4718800,116.53
2011-08-08,134.41,137.60,123.69,126.91,4501800,105.88
2011-08-05,143.72,144.33,132.86,139.91,4388900,116.73
2011-08-04,149.05,150.00,141.00,141.07,3381600,117.69
2011-08-03,146.96,151.98,142.91,151.75,3280600,126.60
2011-08-02,153.58,155.08,146.45,146.83,2703600,122.50
2011-08-01,157.74,158.27,152.56,154.21,2545400,128.66
2011-07-29,153.34,155.25,149.68,153.68,2537900,128.21
2011-07-28,159.17,159.82,155.01,155.43,2421600,129.67
2011-07-27,164.23,164.61,158.10,159.17,1932000,132.79
2011-07-26,164.48,164.92,163.14,164.13,862800,136.93
2011-07-25,163.74,165.00,163.31,164.62,1078900,136.92
2011-07-22,163.33,166.90,163.02,165.25,1963000,137.45
2011-07-21,161.31,164.50,160.28,163.76,1834000,136.21
2011-07-20,163.10,163.18,157.68,160.18,2170300,133.23
2011-07-19,169.15,172.58,160.72,162.27,5837000,134.97
2011-07-18,163.05,165.31,161.78,164.89,3312200,137.15
2011-07-15,160.32,162.70,158.15,162.62,1830200,135.26
2011-07-14,157.04,159.71,156.53,158.78,1821800,132.07
2011-07-13,158.65,159.77,155.86,156.35,1709700,130.05
2011-07-12,157.19,159.50,156.32,156.87,1740100,130.48
2011-07-11,159.17,160.61,155.96,156.81,2006100,130.43
2011-07-08,155.44,161.74,154.66,161.15,2194200,134.04
2011-07-07,155.14,159.17,155.13,157.49,1929200,130.99
2011-07-06,150.99,154.15,150.20,153.29,1790500,127.50
2011-07-05,149.87,151.44,148.41,151.16,1548900,125.73
2011-07-01,144.52,150.53,143.54,149.57,2573700,124.41
2011-06-30,141.00,145.88,140.45,143.54,2006900,119.39
2011-06-29,141.18,142.00,138.91,140.21,1772900,116.62
2011-06-28,135.00,139.95,135.00,139.43,1965300,115.97
2011-06-27,130.82,135.20,130.29,134.30,1539400,111.71
2011-06-24,132.90,133.20,130.22,131.33,1330600,109.23
2011-06-23,131.40,132.91,128.91,132.85,1931400,110.50
2011-06-22,134.58,136.42,132.94,133.07,1153900,110.68
2011-06-21,132.64,136.81,132.15,135.43,1675400,112.64
2011-06-20,129.25,133.00,128.41,132.27,1789700,110.02
2011-06-17,132.72,133.48,129.28,129.40,2120900,107.63
2011-06-16,129.84,131.46,128.15,129.95,1940000,108.09
2011-06-15,131.31,133.17,129.52,130.37,1533200,108.44
2011-06-14,132.50,133.84,131.43,133.06,1423900,110.67
2011-06-13,132.13,133.44,128.56,129.78,2352600,107.95
2011-06-10,134.42,134.84,131.29,131.99,2271700,109.78
2011-06-09,134.58,135.70,133.70,135.20,2180900,112.45
2011-06-08,136.19,137.77,134.14,134.60,2777300,111.95
2011-06-07,142.30,143.00,136.07,136.09,3236200,113.19
2011-06-06,143.32,144.75,141.21,141.30,1547300,117.53
2011-06-03,144.76,145.89,142.53,143.41,1723900,119.28
2011-06-02,146.34,147.42,143.40,146.26,1611000,121.65
2011-06-01,146.07,149.80,145.45,145.86,2366000,121.32
2011-05-31,147.82,149.10,145.75,146.52,1342600,121.87
2011-05-27,145.17,147.49,145.17,146.40,1227400,121.77
2011-05-26,143.14,145.78,142.75,145.34,1303200,120.89
2011-05-25,141.79,143.90,140.67,143.15,1650000,119.07
2011-05-24,143.69,143.75,140.80,141.75,1092200,117.90
2011-05-23,142.65,143.32,140.15,142.47,1800000,118.50
2011-05-20,146.27,147.13,144.49,144.98,1339100,120.59
2011-05-19,148.00,148.62,146.03,147.01,1574000,122.28
2011-05-18,143.18,147.46,142.35,146.86,1999100,122.15
2011-05-17,140.58,143.25,140.07,142.85,2156100,118.82
2011-05-16,146.45,147.29,139.80,140.54,2860700,116.90
2011-05-13,147.23,149.52,145.72,146.27,1545700,121.66
2011-05-12,147.59,148.50,146.20,146.83,1700000,122.13
2011-05-11,149.25,151.73,146.86,148.63,2092500,123.62
2011-05-10,145.57,150.20,145.25,149.74,2269400,124.55
2011-05-09,144.50,146.90,144.50,144.71,1258100,120.36
2011-05-06,145.95,147.38,144.00,144.34,1413300,120.06
2011-05-05,142.04,146.39,141.43,143.69,1500000,119.52
2011-05-04,145.70,145.70,140.66,143.13,2068800,119.05
2011-05-03,147.70,148.50,144.36,146.08,1500000,121.50
2011-05-02,148.36,151.69,147.23,147.87,2302100,122.99
2011-04-29,145.37,149.18,144.40,147.15,2956200,122.39
2011-04-28,146.57,147.33,143.74,145.71,1595600,120.78
2011-04-27,146.84,147.60,144.43,146.76,1489800,121.65
2011-04-26,147.69,147.73,145.08,146.19,1600000,121.18
2011-04-25,148.25,148.74,145.58,147.17,1330500,121.99
2011-04-21,146.50,149.27,145.27,147.71,1779200,122.44
2011-04-20,143.76,149.80,143.00,147.92,5512100,122.61
2011-04-19,141.25,141.34,136.93,138.93,2943100,115.16
2011-04-18,136.60,141.20,134.30,140.50,2816900,116.46
2011-04-15,135.00,140.37,134.54,138.46,2962300,114.77
2011-04-14,134.02,135.58,133.36,134.96,1391300,111.87
2011-04-13,132.11,135.71,131.63,135.15,2038900,112.03
2011-04-12,130.48,131.31,129.05,130.14,1223000,107.87
2011-04-11,133.08,133.75,130.88,131.97,1161200,109.39
2011-04-08,135.76,136.08,131.80,132.57,1627000,109.89
2011-04-07,134.63,136.34,133.13,135.38,1643000,112.22
2011-04-06,135.00,137.10,132.35,134.30,2179400,111.32
2011-04-05,132.50,134.31,131.67,133.14,1693200,110.36
2011-04-04,135.28,136.43,132.31,132.96,2220500,110.21
2011-04-01,130.00,135.85,129.71,133.01,3809300,110.25
2011-03-31,126.62,127.97,125.09,127.16,1428400,105.40
2011-03-30,126.50,127.72,125.54,127.66,1439000,105.82
2011-03-29,125.19,127.00,124.00,125.88,1140100,104.34
2011-03-28,127.68,127.72,124.64,125.12,1551900,103.71
2011-03-25,126.19,128.57,125.03,127.03,2108400,105.30
2011-03-24,121.99,124.82,121.73,124.24,2134200,102.98
2011-03-23,118.65,121.24,116.51,120.97,1926400,100.27
2011-03-22,122.26,123.43,118.21,118.41,3390700,98.15
2011-03-21,117.85,122.64,117.38,121.76,2526500,100.93
2011-03-18,120.20,120.20,116.39,116.46,2067100,96.53
2011-03-17,119.91,119.97,117.79,118.18,1272200,97.96
2011-03-16,119.68,121.06,116.55,117.04,2680700,97.01
2011-03-15,120.17,121.97,117.21,121.17,2450800,100.44
2011-03-14,122.48,124.36,120.60,123.99,1799300,102.78
2011-03-11,121.74,124.30,120.64,123.79,1779100,102.61
2011-03-10,126.55,126.55,122.40,123.09,2353900,102.03
2011-03-09,126.71,128.88,125.53,128.09,1685200,106.17
2011-03-08,126.62,128.48,125.84,127.06,1632100,105.32
2011-03-07,131.44,131.54,124.50,126.40,2228600,104.77
2011-03-04,130.53,132.25,129.09,130.81,2114200,108.43
2011-03-03,126.75,131.08,126.75,130.53,2434400,108.20
2011-03-02,125.75,126.99,124.54,126.08,1789600,104.51
2011-03-01,123.76,126.06,122.59,125.83,3349700,104.30
2011-02-28,123.13,124.07,121.00,122.93,1196000,101.90
2011-02-25,120.82,123.45,120.13,121.84,1215300,100.99
2011-02-24,120.12,120.80,117.33,119.29,1563700,98.88
2011-02-23,123.15,124.00,116.36,120.34,2631700,99.75
2011-02-22,126.04,126.94,122.70,123.07,1803000,102.01
2011-02-18,128.46,128.94,126.55,127.70,1273200,105.85
2011-02-17,128.16,129.49,127.55,128.46,1292500,106.48
2011-02-16,129.13,129.60,127.17,127.88,1420000,106.00
2011-02-15,127.53,129.50,127.00,128.20,1587100,106.27
2011-02-14,128.98,129.28,127.02,127.95,2078100,106.06
2011-02-11,119.51,129.37,118.50,129.10,5643900,107.01
2011-02-10,120.82,122.39,119.76,120.15,3207200,99.59
2011-02-09,119.56,122.41,118.62,121.53,2411400,100.74
2011-02-08,119.84,122.89,118.75,120.18,4494700,99.62
2011-02-07,116.81,119.25,115.55,118.01,2038400,97.82
2011-02-04,118.07,119.25,117.38,118.06,2198900,97.86
2011-02-03,119.06,121.00,117.88,119.40,2402600,98.97
2011-02-02,119.48,119.70,117.64,118.87,1414500,98.53
2011-02-01,117.00,119.50,115.50,119.18,2245500,98.79
2011-01-31,114.76,117.42,114.71,116.33,1794400,96.43
2011-01-28,119.44,120.75,114.40,114.51,2190000,94.92
2011-01-27,118.70,119.99,116.90,118.87,1681300,98.53
2011-01-26,115.70,119.24,114.85,118.66,2000800,98.36
2011-01-25,114.74,115.12,112.46,114.82,1826300,95.17
2011-01-24,116.13,116.86,114.50,115.38,1449100,95.64
2011-01-21,116.56,118.08,115.39,115.95,1538300,96.11
2011-01-20,117.54,118.09,114.00,116.24,1993300,96.35
2011-01-19,118.49,121.19,117.26,118.18,2457700,97.96
2011-01-18,120.50,121.74,118.27,118.86,1677000,98.52
2011-01-14,116.39,118.82,116.25,118.82,1679100,98.49
2011-01-13,118.41,119.18,116.35,116.72,2351000,96.75
2011-01-12,117.75,118.21,115.55,116.78,1969600,96.80
2011-01-11,119.75,119.90,116.34,117.09,2353900,97.06
2011-01-10,118.07,119.67,116.63,118.70,2180900,98.39
2011-01-07,115.66,119.33,115.38,118.73,3966000,98.42
2011-01-06,113.92,115.05,112.55,114.67,2051200,95.05
2011-01-05,111.55,114.69,111.55,113.84,2624900,94.36
2011-01-04,109.41,112.50,109.34,112.39,3656300,93.16
2011-01-03,106.25,109.09,106.08,108.99,3174100,90.34
2010-12-31,101.58,104.20,100.85,103.84,1390100,86.07
2010-12-30,102.19,102.58,101.02,101.71,784100,84.31
2010-12-29,102.21,103.13,101.63,102.61,1719900,85.05
2010-12-28,102.46,102.95,100.99,101.69,718400,84.29
2010-12-27,102.56,102.60,100.51,102.12,1049200,84.65
2010-12-23,104.11,104.60,102.51,103.00,950300,85.38
2010-12-22,106.22,106.25,103.62,104.00,1320600,86.21
2010-12-21,106.73,106.95,105.15,105.91,1621200,87.79
2010-12-20,106.00,107.00,105.20,105.77,2158200,87.67
2010-12-17,105.97,107.25,104.45,104.95,2408800,86.99
2010-12-16,103.37,107.00,103.02,105.59,3979500,87.52
2010-12-15,99.74,101.93,99.46,100.74,3583100,83.50
2010-12-14,100.28,101.68,99.21,99.60,1975700,82.56
2010-12-13,102.27,102.56,100.16,100.26,1582600,83.11
2010-12-10,101.97,101.97,100.27,101.00,1441400,83.72
2010-12-09,101.81,103.49,101.21,101.36,1715900,84.02
2010-12-08,101.79,102.28,100.47,101.45,2168900,84.09
2010-12-07,104.93,105.00,101.33,101.47,2139600,84.11
2010-12-06,102.93,103.58,102.46,102.96,1480900,85.34
2010-12-03,102.50,104.96,102.37,103.34,2441900,85.66
2010-12-02,105.06,106.12,101.71,103.47,4642700,85.77
2010-12-01,104.50,106.34,103.30,104.79,5110100,86.86
2010-11-30,101.05,103.50,100.90,101.10,2719400,83.80
2010-11-29,101.99,102.79,100.39,102.23,1755000,84.74
2010-11-26,102.08,103.50,102.00,102.09,621200,84.62
2010-11-24,103.42,104.49,102.37,103.16,1571000,85.51
2010-11-23,103.11,103.34,101.00,101.65,1833900,84.26
2010-11-22,103.27,105.96,102.21,105.21,2173100,87.21
2010-11-19,101.33,103.70,101.25,102.99,3846900,85.37
2010-11-18,107.91,110.41,106.90,108.95,3167600,83.68
2010-11-17,108.33,109.20,105.27,105.50,3531200,81.03
2010-11-16,110.92,113.07,107.35,108.06,3172100,82.99
2010-11-15,112.00,114.60,111.64,111.74,2052500,85.82
2010-11-12,114.07,114.31,110.12,111.00,2612300,85.25
2010-11-11,112.98,115.14,112.89,114.56,1696700,87.99
2010-11-10,114.14,115.19,112.06,114.25,2257300,87.75
2010-11-09,117.50,117.50,113.00,113.87,3142000,87.46
2010-11-08,112.97,116.93,112.13,116.54,5250300,89.51
2010-11-05,112.52,115.44,112.52,113.07,4887700,86.84
2010-11-04,110.00,113.58,108.27,112.52,5402900,86.42
2010-11-03,109.18,112.45,108.50,111.14,5311700,85.36
2010-11-02,111.73,113.96,108.84,112.57,6128200,86.46
2010-11-01,108.87,111.11,108.19,109.26,2399300,83.92
2010-10-29,106.40,108.46,106.01,107.16,1471500,82.30
2010-10-28,108.97,109.00,105.69,107.05,2346800,82.22
2010-10-27,104.61,104.89,102.73,104.54,1515800,80.29
2010-10-26,102.70,105.72,102.20,105.12,1830400,80.74
2010-10-25,104.25,106.20,103.25,103.35,1809300,79.38
2010-10-22,102.94,105.28,102.59,104.42,1948900,80.20
2010-10-21,103.00,107.36,101.70,103.24,4911100,79.29
2010-10-20,98.89,102.49,98.55,101.16,2777300,77.69
2010-10-19,100.48,100.64,97.30,97.89,2768600,75.18
2010-10-18,101.23,102.47,100.96,102.04,1548600,78.37
2010-10-15,102.50,103.13,100.30,101.94,2742700,78.29
2010-10-14,102.30,102.74,100.32,101.59,2820600,78.03
2010-10-13,101.69,103.86,100.00,102.19,5018600,78.49
2010-10-12,100.13,104.58,99.81,102.36,7210600,78.62
2010-10-11,95.34,102.75,95.05,101.78,9281500,78.17
2010-10-08,89.50,94.22,88.88,93.85,4291700,72.08
2010-10-07,90.73,91.00,88.55,89.27,1781700,68.56
2010-10-06,92.05,92.49,89.56,90.17,2667800,69.25
2010-10-05,91.95,93.20,91.00,92.71,2720100,71.20
2010-10-04,87.66,92.16,87.61,90.51,4713700,69.52
2010-10-01,87.60,87.94,85.80,87.09,2243800,66.89
2010-09-30,87.35,88.69,85.91,86.77,2619000,66.64
2010-09-29,87.06,87.54,85.72,86.48,2516900,66.42
2010-09-28,88.08,88.87,86.08,87.64,3144300,67.31
2010-09-27,89.49,89.60,87.00,87.12,3914200,66.91
2010-09-24,89.09,90.44,87.17,90.20,4416300,69.28
2010-09-23,90.28,91.00,86.06,87.05,4474200,66.86
2010-09-22,92.65,93.79,90.60,91.18,2761600,70.03
2010-09-21,95.00,95.88,92.00,92.73,3427300,71.22
2010-09-20,92.70,95.13,91.28,94.93,3151900,72.91
2010-09-17,90.48,92.23,90.01,91.91,4244900,70.59
2010-09-16,90.27,90.61,89.12,89.81,1192400,68.98
2010-09-15,89.80,90.75,89.37,90.28,1619200,69.34
2010-09-14,90.98,91.50,89.95,90.13,1472300,69.22
2010-09-13,91.00,91.33,90.27,90.88,1580800,69.80
2010-09-10,89.11,89.84,88.42,89.55,1409300,68.78
2010-09-09,89.83,90.58,88.46,88.84,2152700,68.23
2010-09-08,87.35,89.50,87.10,88.42,1625700,67.91
2010-09-07,87.13,87.94,86.28,86.67,1905700,66.57
2010-09-03,86.28,88.58,86.20,87.81,3212300,67.44
2010-09-02,82.75,84.86,82.19,84.67,1909500,65.03
2010-09-01,81.28,82.92,79.89,82.57,3247200,63.42
2010-08-31,81.38,83.12,80.00,80.61,4180800,61.91
2010-08-30,84.31,84.31,81.76,81.76,1532600,62.79
2010-08-27,82.76,85.11,80.50,84.34,2595100,64.78
2010-08-26,84.71,85.10,81.35,81.86,2380200,62.87
2010-08-25,81.66,84.61,80.50,84.30,2850700,64.75
2010-08-24,85.15,86.10,82.05,82.40,2959700,63.29
2010-08-23,88.58,88.74,86.03,86.08,1886200,66.11
2010-08-20,86.54,87.86,85.05,87.60,1922700,67.28
2010-08-19,89.40,89.65,86.03,86.53,2009900,66.46
2010-08-18,89.37,91.00,88.81,89.92,2289400,69.06
2010-08-17,88.39,91.21,88.04,89.55,2355500,68.78
2010-08-16,86.10,87.93,85.82,87.29,1687200,67.04
2010-08-13,86.76,88.24,86.70,87.26,1746400,67.02
2010-08-12,85.98,88.12,85.55,86.93,2226900,66.77
2010-08-11,88.50,89.58,87.00,87.19,2355800,66.97
2010-08-10,92.06,92.72,90.30,91.44,2546300,70.23
2010-08-09,92.00,93.98,90.92,93.76,2095600,71.82
2010-08-06,89.21,91.72,88.72,91.52,2178000,70.10
2010-08-05,91.14,92.44,89.74,90.31,2508800,69.18
2010-08-04,91.86,92.36,90.50,91.97,2241700,70.45
2010-08-03,88.76,91.65,87.71,91.50,2979900,70.09
2010-08-02,89.00,90.33,87.98,89.23,3340900,68.35
2010-07-30,84.50,87.69,83.26,87.68,5578500,67.16
2010-07-29,88.73,89.83,85.75,87.85,3530800,67.29
2010-07-28,87.45,89.20,86.72,87.87,2300100,67.31
2010-07-27,89.10,89.35,86.84,87.53,1911800,67.05
2010-07-26,87.54,89.17,86.25,88.64,1945800,67.90
2010-07-23,85.00,88.48,84.67,87.68,2187600,67.16
2010-07-22,83.58,86.00,83.21,85.48,2480800,65.48
2010-07-21,83.98,84.95,81.52,81.96,2970600,62.78
2010-07-20,78.06,83.34,78.00,83.25,2730400,63.77
2010-07-19,80.00,80.53,77.37,80.01,2146400,61.29
2010-07-16,83.02,83.27,79.20,79.57,2445800,60.95
2010-07-15,83.28,84.00,81.35,83.02,2589700,63.59
2010-07-14,81.37,83.35,80.55,83.27,3168600,63.78
2010-07-13,78.99,82.05,77.00,81.22,3203100,62.21
2010-07-12,79.32,80.00,76.60,77.81,2251600,59.60
2010-07-09,78.95,80.43,78.70,79.60,2636400,60.97
2010-07-08,79.34,80.10,76.91,78.85,2045100,60.40
2010-07-07,75.88,78.70,75.17,78.50,2754300,60.13
2010-07-06,76.20,77.48,74.03,74.96,2301300,57.42
2010-07-02,76.94,76.96,73.12,74.79,2525000,57.29
2010-07-01,77.00,77.84,73.29,76.13,3886500,58.31
2010-06-30,79.37,80.93,75.83,76.27,3424700,58.42
2010-06-29,82.74,83.00,78.14,78.55,5325300,60.17
2010-06-28,89.10,89.64,85.00,85.10,2803900,65.19
2010-06-25,86.31,89.13,85.42,89.04,4954400,68.20
2010-06-24,86.74,88.42,85.82,86.03,3908500,65.90
2010-06-23,84.85,86.57,83.63,85.77,1827100,65.70
2010-06-22,87.43,88.00,84.33,84.45,2168600,64.69
2010-06-21,86.97,88.50,86.05,86.86,2912500,66.53
2010-06-18,85.53,86.30,84.55,85.03,2148100,65.13
2010-06-17,86.00,86.52,84.20,85.55,1975700,65.53
2010-06-16,84.03,86.85,84.03,85.55,2592500,65.53
2010-06-15,83.10,85.23,82.60,84.90,2834400,65.03
2010-06-14,83.82,85.44,82.20,82.57,2948300,63.25
2010-06-11,80.06,82.85,79.66,82.83,1837300,63.45
2010-06-10,78.84,81.42,78.52,81.34,3020300,62.31
2010-06-09,78.90,80.55,76.45,77.14,4119800,59.09
2010-06-08,76.76,78.25,74.57,77.96,3709000,59.72
2010-06-07,80.65,81.00,75.37,75.60,2586600,57.91
2010-06-04,81.81,84.10,79.00,79.81,3096600,61.13
2010-06-03,83.52,85.00,82.37,84.16,1999000,64.47
2010-06-02,82.58,83.22,81.00,83.19,2404500,63.72
2010-06-01,82.58,84.88,81.41,81.53,2540900,62.45
2010-05-28,84.22,85.99,81.88,83.88,2879200,64.25
2010-05-27,81.28,84.62,80.38,84.49,3221400,64.72
2010-05-26,80.95,81.89,78.01,78.58,3925300,60.19
2010-05-25,73.72,79.97,72.78,79.57,4174900,60.95
2010-05-24,79.47,80.73,76.49,76.70,2405700,58.75
2010-05-21,73.08,79.18,72.53,78.68,4073500,60.27
2010-05-20,77.54,78.77,74.00,74.80,4921100,57.30
2010-05-19,79.82,82.82,78.17,80.41,3265600,61.59
2010-05-18,83.15,85.75,80.32,80.77,3681300,61.87
2010-05-17,81.75,83.20,78.65,81.36,2979200,62.32
2010-05-14,83.44,83.86,81.12,82.21,2191100,62.97
2010-05-13,85.43,87.84,84.53,84.72,1989700,64.89
2010-05-12,85.49,86.21,84.75,85.78,2110100,65.71
2010-05-11,81.22,86.11,80.71,84.28,3403800,64.56
2010-05-10,82.64,83.62,81.60,82.86,3115300,63.47
2010-05-07,82.46,83.47,75.90,76.98,7202800,58.77
2010-05-06,85.01,86.67,71.00,80.55,6139400,61.50
2010-05-05,85.98,88.97,83.80,85.57,3776900,65.33
2010-05-04,90.41,90.47,86.57,87.67,3986100,66.94
2010-05-03,89.35,92.00,88.00,91.88,3624600,70.15
2010-04-30,91.49,93.99,87.87,88.24,4283600,67.37
2010-04-29,89.92,93.48,89.63,93.15,3553200,71.12
2010-04-28,90.47,90.75,87.26,88.77,2232300,67.78
2010-04-27,91.63,91.82,87.89,88.40,3280400,67.49
2010-04-26,90.82,92.33,89.64,92.12,3659500,70.33
2010-04-23,89.81,92.64,89.00,89.50,3740700,68.33
2010-04-22,84.74,90.08,84.20,89.92,3898700,68.65
2010-04-21,87.11,87.19,84.26,85.93,2585300,65.61
2010-04-20,85.50,86.89,84.23,86.57,3399600,66.10
2010-04-19,83.50,85.50,80.80,82.91,3611400,63.30
2010-04-16,85.84,86.58,82.90,83.82,3162900,64.00
2010-04-15,85.48,87.42,84.81,86.01,3168300,65.67
2010-04-14,88.36,88.97,85.54,86.41,4438400,65.97
2010-04-13,87.05,88.68,86.59,88.04,2695300,67.22
2010-04-12,87.30,88.35,86.53,86.90,2865700,66.35
2010-04-09,86.67,87.41,84.55,87.17,3797000,66.55
2010-04-08,81.35,86.91,80.86,86.23,5253800,65.84
2010-04-07,81.27,83.15,80.68,81.66,2535700,62.35
2010-04-06,82.08,83.20,81.32,81.74,3300000,62.41
2010-04-05,77.80,82.35,77.79,82.28,3756800,62.82
2010-04-01,76.21,77.84,75.25,77.40,3374300,59.10
2010-03-31,76.52,76.94,75.39,75.83,2959100,57.90
2010-03-30,76.87,77.93,76.11,77.25,2786400,58.98
2010-03-29,77.15,77.63,75.86,76.85,2360800,58.68
2010-03-26,75.02,77.95,74.81,76.63,3085700,58.51
2010-03-25,76.31,77.19,74.30,74.41,3156500,56.81
2010-03-24,75.85,77.25,75.30,75.81,3633000,57.88
2010-03-23,76.91,77.41,74.69,76.33,3299600,58.28
2010-03-22,70.90,76.89,70.26,76.54,4878700,58.44
2010-03-19,72.73,72.80,71.39,71.75,2490000,54.78
2010-03-18,72.52,72.78,71.71,72.01,1713200,54.98
2010-03-17,74.15,75.33,72.47,72.81,3254200,55.59
2010-03-16,70.96,73.80,70.28,73.63,3435000,56.22
2010-03-15,70.42,71.19,69.29,70.47,2047000,53.80
2010-03-12,71.79,72.44,70.70,71.47,1888700,54.57
2010-03-11,70.28,71.23,69.81,71.19,1938600,54.35
2010-03-10,69.93,71.89,69.06,70.96,2586700,54.18
2010-03-09,68.70,71.47,68.35,69.77,3054100,53.27
2010-03-08,68.08,69.94,67.56,68.99,2215700,52.67
2010-03-05,66.55,68.06,66.33,67.74,1815000,51.72
2010-03-04,66.57,66.77,65.29,65.89,1430300,50.31
2010-03-03,66.98,67.55,66.16,66.37,1960500,50.67
2010-03-02,67.00,67.25,66.27,66.87,2190100,51.06
2010-03-01,64.52,66.80,64.03,66.22,3104700,50.56
2010-02-26,62.49,64.50,61.18,63.57,3955800,48.54
2010-02-25,62.39,63.01,61.54,62.80,3694500,47.95
2010-02-24,63.91,64.60,62.76,63.35,3057100,48.37
2010-02-23,63.10,63.87,62.24,63.68,3269700,48.62
2010-02-22,62.61,63.56,62.52,63.02,1679400,48.12
2010-02-19,61.66,63.13,61.35,62.25,2159100,47.53
2010-02-18,63.29,63.33,61.46,62.01,3167400,47.34
2010-02-17,65.48,65.75,63.54,64.41,1679100,49.18
2010-02-16,63.98,65.12,63.78,64.91,1977000,49.56
2010-02-12,63.74,63.88,62.24,63.04,3141400,48.13
2010-02-11,61.28,65.35,60.99,64.96,2880900,49.60
2010-02-10,61.50,62.39,60.85,61.40,1256000,46.88
2010-02-09,62.03,62.59,60.60,61.63,1838500,47.05
2010-02-08,61.65,62.76,60.03,60.76,1496200,46.39
2010-02-05,61.39,62.13,59.70,61.37,2634800,46.86
2010-02-04,63.42,63.76,60.75,60.84,2245400,46.45
2010-02-03,64.08,64.28,63.14,64.24,1976800,49.05
2010-02-02,65.12,65.64,63.55,64.84,1950000,49.51
2010-02-01,62.30,65.64,62.30,65.54,2510900,50.04
2010-01-29,62.60,64.08,61.66,61.88,2626500,47.25
2010-01-28,63.37,64.37,61.60,61.77,2331500,47.16
2010-01-27,62.75,63.21,60.82,62.76,2616200,47.92
2010-01-26,62.85,64.09,62.69,62.85,1623100,47.99
2010-01-25,65.00,65.51,62.75,63.59,2048000,48.55
2010-01-22,65.21,66.10,63.60,63.95,2227900,48.83
2010-01-21,68.16,68.98,65.25,65.37,2756800,49.91
2010-01-20,70.32,70.72,67.20,68.16,3639200,52.04
2010-01-19,70.20,71.55,70.08,71.32,1326000,54.45
2010-01-15,71.98,72.85,69.67,70.50,2742300,53.83
2010-01-14,69.02,72.38,69.02,72.11,4431900,55.06
2010-01-13,68.42,69.70,67.44,69.40,2959300,52.99
2010-01-12,67.47,68.88,66.78,67.98,3306500,51.90
2010-01-11,68.02,69.11,67.40,67.68,1909000,51.67
2010-01-08,67.69,68.39,67.13,67.90,1539800,51.84
2010-01-07,66.48,68.48,66.08,68.39,2388500,52.22
2010-01-06,67.07,68.16,66.40,66.96,2738800,51.12
2010-01-05,65.18,68.33,64.95,67.85,5644300,51.80
2010-01-04,61.24,64.15,60.92,63.96,4741400,48.83
2009-12-31,58.93,59.60,58.21,58.23,1090200,44.46
2009-12-30,58.72,59.15,58.25,58.70,1021200,44.82
2009-12-29,59.38,59.49,58.78,58.93,966800,44.99
2009-12-28,59.54,59.79,58.52,58.89,957800,44.96
2009-12-24,60.25,60.30,59.02,59.39,628700,45.34
2009-12-23,59.36,60.28,58.39,59.98,2122200,45.79
2009-12-22,61.05,61.25,59.24,59.38,1375300,45.34
2009-12-21,60.26,61.00,60.03,60.86,1423600,46.47
2009-12-18,61.01,61.13,59.40,60.02,2465400,45.83
2009-12-17,61.74,62.00,59.80,60.68,2401100,46.33
2009-12-16,62.37,62.94,61.93,62.24,2075300,47.52
2009-12-15,63.27,63.68,61.61,61.79,1925200,47.18
2009-12-14,62.82,63.84,61.78,63.80,2198500,48.71
2009-12-11,62.10,63.20,61.68,61.99,2632300,47.33
2009-12-10,63.20,63.89,61.51,61.80,2192300,47.18
2009-12-09,63.74,63.84,62.10,62.98,3404000,48.09
2009-12-08,63.90,64.44,62.87,63.35,2693200,48.37
2009-12-07,66.65,66.95,64.51,64.75,2233800,49.44
2009-12-04,67.27,67.72,65.00,66.80,3666800,51.00
2009-12-03,67.00,67.70,65.19,65.37,2894400,49.91
2009-12-02,65.75,67.47,65.67,66.25,2044000,50.58
2009-12-01,66.04,67.06,64.90,66.37,2584900,50.67
2009-11-30,62.68,64.63,62.02,64.54,2506600,49.28
2009-11-27,62.02,63.90,60.85,62.98,1687600,48.09
2009-11-25,63.50,65.54,62.85,65.37,2656700,49.91
2009-11-24,63.32,63.95,62.50,63.02,1726200,48.12
2009-11-23,65.09,65.26,63.65,63.78,2527500,48.70
2009-11-20,63.01,65.21,63.01,63.88,2077400,48.77
2009-11-19,63.98,64.69,62.58,64.14,2808100,48.97
2009-11-18,66.50,67.19,65.27,66.00,2208000,50.39
2009-11-17,65.62,67.38,64.66,66.99,4072000,51.15
2009-11-16,70.00,70.00,68.10,68.51,4894400,49.25
2009-11-13,68.86,69.60,68.51,69.00,4744500,49.61
2009-11-12,66.67,68.72,66.35,67.61,4815800,48.61
2009-11-11,65.09,66.97,65.08,66.54,5278400,47.84
2009-11-10,62.90,64.46,62.06,64.09,4899500,46.08
2009-11-09,63.80,64.44,62.23,63.54,6038300,45.68
2009-11-06,58.25,59.95,58.09,59.73,4483700,42.94
2009-11-05,56.99,59.92,56.05,59.84,5422000,43.02
2009-11-04,57.29,57.60,55.06,55.27,3803200,39.74
2009-11-03,52.83,56.80,52.54,56.13,4532100,40.35
2009-11-02,54.05,54.75,51.73,53.73,5457500,38.63
2009-10-30,57.00,57.75,52.46,54.22,6795400,38.98
2009-10-29,54.72,57.19,54.52,56.29,5340200,40.47
2009-10-28,56.99,57.25,53.15,53.87,7419900,38.73
2009-10-27,61.32,61.33,55.20,56.13,14308000,40.35
2009-10-26,62.48,64.54,62.18,63.07,4535100,45.34
2009-10-23,63.90,65.86,62.15,62.46,3855000,44.90
2009-10-22,62.15,63.89,60.20,63.38,4265900,45.57
2009-10-21,63.49,64.88,62.10,62.28,3211000,44.77
2009-10-20,65.21,65.23,63.31,63.74,3287900,45.82
2009-10-19,64.98,65.10,63.08,64.66,3479900,46.49
2009-10-16,64.21,65.76,63.27,64.37,4469500,46.28
2009-10-15,65.49,65.66,62.87,64.98,7979600,46.72
2009-10-14,67.75,68.16,66.50,67.13,3866400,48.26
2009-10-13,65.22,67.53,65.06,66.00,4580200,47.45
2009-10-12,68.10,69.15,64.03,65.88,9635400,47.36
2009-10-09,70.97,71.50,66.75,67.82,7107800,48.76
2009-10-08,68.50,70.81,67.54,69.91,5589900,50.26
2009-10-07,67.91,69.44,66.45,67.35,3703800,48.42
2009-10-06,68.89,69.83,67.56,68.64,5272300,49.35
2009-10-05,67.82,69.15,66.61,68.23,5074900,49.05
2009-10-02,65.35,69.20,63.25,67.66,8235200,48.64
2009-10-01,70.10,70.46,65.25,65.60,6079600,47.16
2009-09-30,74.49,74.50,69.60,70.89,6548500,50.96
2009-09-29,70.99,74.15,70.93,73.25,4086800,52.66
2009-09-28,70.66,72.36,69.33,71.25,3538600,51.22
2009-09-25,68.89,71.78,68.79,70.25,3770400,50.50
2009-09-24,72.11,72.45,67.86,69.56,5025900,50.01
2009-09-23,74.25,74.90,71.30,71.66,5394500,51.52
2009-09-22,70.16,73.86,69.80,72.94,8004100,52.44
2009-09-21,68.39,72.20,67.90,68.68,5872500,49.38
2009-09-18,70.35,70.61,68.15,69.16,3353800,49.72
2009-09-17,69.60,71.69,68.06,69.19,5717300,49.74
2009-09-16,73.52,73.62,68.27,68.92,9046300,49.55
2009-09-15,70.57,73.22,69.15,72.47,8088000,52.10
2009-09-14,63.94,69.41,63.94,69.11,5436700,49.68
2009-09-11,64.00,65.88,63.60,64.50,4661900,46.37
2009-09-10,60.75,62.33,59.13,62.15,3794500,44.68
2009-09-09,58.42,62.11,58.04,61.09,5310600,43.92
2009-09-08,58.27,58.68,56.94,57.42,3293500,41.28
2009-09-04,53.42,56.75,52.83,56.55,3358100,40.66
2009-09-03,53.51,53.63,52.15,53.42,2053700,38.41
2009-09-02,52.64,53.41,51.36,52.68,3697500,37.87
2009-09-01,53.90,55.50,52.02,52.45,5125600,37.71
2009-08-31,55.48,55.82,53.50,54.13,3265000,38.92
2009-08-28,57.76,57.83,55.61,56.27,2376800,40.45
2009-08-27,56.85,57.09,54.75,56.36,2912600,40.52
2009-08-26,57.53,58.39,56.60,57.20,3464100,41.12
2009-08-25,56.46,58.34,55.86,58.02,3800400,41.71
2009-08-24,57.84,58.52,55.21,55.50,3670600,39.90
2009-08-21,57.01,57.35,55.26,56.95,4456400,40.94
2009-08-20,55.09,56.63,54.64,55.42,2797700,39.84
2009-08-19,53.50,55.50,53.14,54.85,3386500,39.43
2009-08-18,53.94,55.74,53.51,55.31,4130700,39.76
2009-08-17,54.74,54.75,52.75,52.89,4949100,38.02
2009-08-14,60.34,60.64,56.86,57.15,8254600,41.09
2009-08-13,60.18,61.20,57.92,60.88,5440500,43.77
2009-08-12,55.76,60.43,55.76,59.52,6012000,42.79
2009-08-11,56.09,56.61,54.10,55.44,4284700,39.86
2009-08-10,58.25,59.70,56.21,56.40,3699400,40.55
2009-08-07,57.35,59.34,56.14,58.47,4349300,42.04
2009-08-06,57.18,58.70,55.52,55.59,4769500,39.97
2009-08-05,59.19,59.86,56.10,56.57,5221500,40.67
2009-08-04,54.32,58.65,54.32,58.00,7139800,41.70
2009-08-03,52.56,54.50,52.23,53.43,4481200,38.41
2009-07-31,49.41,51.67,48.35,51.17,5371000,36.79
2009-07-30,47.60,51.48,47.26,50.15,9953300,36.05
2009-07-29,45.87,46.13,43.68,44.31,4260400,31.86
2009-07-28,46.61,47.37,45.44,46.59,3254500,33.49
2009-07-27,48.15,49.66,47.11,47.75,4649400,34.33
2009-07-24,43.75,48.11,43.55,47.29,4863800,34.00
2009-07-23,42.62,45.88,41.36,44.67,6807500,32.11
2009-07-22,40.80,43.35,40.50,42.26,6271600,30.38
2009-07-21,41.92,41.93,38.77,39.77,4322200,28.59
2009-07-20,36.53,40.49,36.53,39.83,3940700,28.63
2009-07-17,37.29,37.29,35.83,36.17,3024700,26.00
2009-07-16,35.69,37.98,35.02,37.52,3553700,26.97
2009-07-15,34.48,36.55,34.44,36.19,4645700,26.02
2009-07-14,32.07,34.05,31.68,33.80,3214700,24.30
2009-07-13,31.31,32.50,30.22,32.31,2886300,23.23
2009-07-10,31.57,31.58,30.42,30.98,2774000,22.27
2009-07-09,30.12,33.40,30.12,31.93,5776200,22.96
2009-07-08,31.49,31.49,29.05,29.91,4489400,21.50
2009-07-07,32.52,32.68,30.63,30.75,3494500,22.11
2009-07-06,32.68,33.28,31.82,32.69,2841500,23.50
2009-07-02,34.93,34.94,33.20,33.41,2330500,24.02
2009-07-01,35.40,36.23,35.25,35.39,2001800,25.44
2009-06-30,35.72,36.93,35.12,35.30,2649200,25.38
2009-06-29,36.80,37.50,35.85,36.93,2160600,26.55
2009-06-26,37.03,37.28,35.96,36.72,2775700,26.40
2009-06-25,35.72,37.26,35.12,37.16,2493200,26.72
2009-06-24,34.32,36.88,34.25,35.99,3295100,25.87
2009-06-23,34.37,35.11,32.71,33.99,3780800,24.44
2009-06-22,36.20,36.50,34.27,34.28,2943300,24.64
2009-06-19,36.43,37.10,35.90,36.86,3568100,26.50
2009-06-18,37.14,37.58,35.01,35.60,2650900,25.59
2009-06-17,36.38,37.07,34.05,36.00,4320700,25.88
2009-06-16,35.21,37.44,35.09,36.08,4759200,25.94
2009-06-15,36.94,36.94,34.20,34.99,5467900,25.16
2009-06-12,36.74,37.56,35.80,37.41,3178800,26.90
2009-06-11,37.50,37.60,36.47,36.97,3079800,26.58
2009-06-10,38.61,38.98,36.25,37.35,4311200,26.85
2009-06-09,39.25,39.50,37.70,38.31,2485700,27.54
2009-06-08,39.85,39.85,37.56,38.93,3253600,27.99
2009-06-05,41.48,42.20,39.62,40.60,2477500,29.19
2009-06-04,39.52,40.98,38.59,40.60,2762000,29.19
2009-06-03,41.02,41.22,38.75,39.51,3632600,28.40
2009-06-02,40.70,41.14,39.30,40.60,2933000,29.19
2009-06-01,38.26,40.88,38.06,40.71,4991600,29.27
2009-05-29,36.59,37.49,36.05,37.06,2801700,26.64
2009-05-28,37.00,37.65,35.24,36.35,2360100,26.13
2009-05-27,38.00,38.72,36.27,36.39,3141000,26.16
2009-05-26,35.25,38.85,35.15,38.10,2912800,27.39
2009-05-22,37.16,37.53,35.25,35.85,2988000,25.77
2009-05-21,38.50,39.19,36.67,37.11,3183700,26.68
2009-05-20,40.43,41.87,38.93,39.18,2846300,28.17
2009-05-19,41.83,42.36,39.68,40.05,3264800,28.79
2009-05-18,38.89,41.69,38.78,41.40,3593000,29.76
2009-05-15,40.00,41.87,37.59,37.90,3811200,27.25
2009-05-14,39.83,41.06,37.05,39.44,6139900,28.35
2009-05-13,44.00,44.64,39.36,39.78,5256400,28.60
2009-05-12,49.45,49.71,44.10,45.18,4481500,32.48
2009-05-11,46.02,49.75,45.27,48.96,3112000,35.20
2009-05-08,45.06,48.20,44.64,47.46,2804500,34.12
2009-05-07,48.00,48.35,43.30,44.21,3863700,31.78
2009-05-06,49.21,49.48,44.55,47.12,7667500,33.88
2009-05-05,46.38,50.77,44.85,49.98,9437000,35.93
2009-05-04,40.50,43.83,40.03,42.81,3576600,30.78
2009-05-01,39.03,41.02,38.22,39.16,2668500,28.15
2009-04-30,40.74,44.18,38.93,39.23,6188600,28.20
2009-04-29,37.93,39.50,36.55,38.16,3388500,27.43
2009-04-28,36.25,37.84,35.77,36.23,3457600,26.05
2009-04-27,37.49,40.00,36.76,37.48,4320800,26.95
2009-04-24,37.46,40.16,36.94,39.53,5004500,28.42
2009-04-23,34.50,38.00,34.11,36.43,5213700,26.19
2009-04-22,31.22,35.66,31.12,34.56,5278200,24.85
2009-04-21,29.91,31.85,29.00,31.59,3284000,22.71
2009-04-20,31.78,32.75,29.83,30.44,2341900,21.88
2009-04-17,33.33,33.44,32.16,32.76,3744700,23.55
2009-04-16,33.03,34.25,32.50,33.47,3119500,24.06
2009-04-15,31.55,33.13,31.54,32.94,2891100,23.68
2009-04-14,30.55,35.60,30.51,32.39,5307600,23.29
2009-04-13,29.45,31.49,28.50,31.44,3093000,22.60
2009-04-09,29.11,32.00,28.91,30.27,4922300,21.76
2009-04-08,27.50,27.68,25.83,27.68,4355800,19.90
2009-04-07,30.31,30.51,26.58,26.71,5167400,19.20
2009-04-06,30.95,33.00,30.71,31.20,8179300,22.43
2009-04-03,26.51,29.94,26.24,29.65,5659900,21.32
2009-04-02,23.24,26.87,23.24,26.85,6971800,19.30
2009-04-01,20.00,21.64,19.52,21.55,2913500,15.49
2009-03-31,19.68,20.20,19.00,19.97,2588100,14.36
2009-03-30,20.37,20.78,19.00,19.19,2177600,13.80
2009-03-27,21.98,22.78,21.32,21.37,2107600,15.36
2009-03-26,22.72,23.09,21.40,22.70,2390900,16.32
2009-03-25,22.59,23.75,20.00,22.36,3155600,16.08
2009-03-24,22.86,23.87,22.21,22.60,2185200,16.25
2009-03-23,21.46,23.60,20.64,23.43,4108000,16.84
2009-03-20,21.35,21.40,19.96,20.53,2731800,14.76
2009-03-19,21.30,21.95,19.95,20.78,2872800,14.94
2009-03-18,20.60,21.41,19.35,21.17,3566500,15.22
2009-03-17,18.95,20.95,18.71,20.72,6386900,14.90
2009-03-16,21.54,21.85,19.55,19.65,1507400,14.13
2009-03-13,21.16,22.50,20.01,20.80,2579600,14.95
2009-03-12,19.47,20.60,18.41,20.52,2573200,14.75
2009-03-11,19.99,20.95,18.21,19.02,3576700,13.67
2009-03-10,16.51,20.13,16.46,19.50,5350500,14.02
2009-03-09,15.09,16.85,14.80,15.55,2471700,11.18
2009-03-06,16.38,16.75,14.50,15.40,2766300,11.07
2009-03-05,16.75,17.34,16.10,16.29,2857900,11.71
2009-03-04,17.63,17.67,15.61,17.20,4331900,12.37
2009-03-03,17.95,18.29,16.93,17.28,3758000,12.42
2009-03-02,20.50,20.50,17.65,17.65,4915400,12.69
2009-02-27,21.59,21.93,20.72,20.95,3616200,15.06
2009-02-26,22.56,23.68,21.65,22.28,3452300,16.02
2009-02-25,21.96,23.43,21.06,21.75,7736200,15.64
2009-02-24,23.47,26.00,22.57,25.80,3550500,18.55
2009-02-23,25.05,25.62,23.02,23.28,2232400,16.74
2009-02-20,23.80,25.25,23.28,24.95,3511400,17.94
2009-02-19,23.50,24.65,22.55,23.00,1845500,16.54
2009-02-18,24.30,24.44,22.55,23.26,2579600,16.72
2009-02-17,25.60,25.60,23.63,24.10,2237300,17.33
2009-02-13,27.09,27.09,25.63,26.04,1190800,18.72
2009-02-12,26.15,26.88,25.43,26.71,2883900,19.20
2009-02-11,28.49,28.53,25.25,26.41,2255500,18.99
2009-02-10,30.02,30.85,27.38,27.58,2020800,19.83
2009-02-09,30.00,31.50,29.20,30.85,1754200,22.18
2009-02-06,28.31,30.50,28.01,29.76,2586400,21.40
2009-02-05,26.00,29.20,25.50,28.20,4538000,20.27
2009-02-04,27.66,27.85,25.14,26.23,7374300,18.86
2009-02-03,29.88,30.51,26.80,28.82,3798400,20.72
2009-02-02,29.55,30.40,28.60,29.73,2794700,21.37
2009-01-30,32.60,32.70,29.55,30.08,3805500,21.63
2009-01-29,35.28,35.62,32.61,32.82,2007800,23.60
2009-01-28,35.09,37.00,34.94,35.74,2434500,25.69
2009-01-27,35.76,36.85,33.62,33.85,1856300,24.34
2009-01-26,34.40,37.10,33.97,35.32,2314500,25.39
2009-01-23,33.32,36.02,32.57,34.26,2011100,24.63
2009-01-22,34.00,35.95,32.55,34.36,2023000,24.70
2009-01-21,33.71,35.18,33.03,35.00,1860800,25.16
2009-01-20,36.83,36.98,32.96,32.97,2508700,23.70
2009-01-16,37.01,37.96,34.91,36.94,2621600,26.56
2009-01-15,36.26,38.40,33.52,36.13,3868800,25.97
2009-01-14,38.80,38.80,35.89,36.28,2548100,26.08
2009-01-13,40.82,41.71,38.34,39.23,2338000,28.20
2009-01-12,43.69,43.78,40.37,41.00,1825300,29.48
2009-01-09,46.14,47.08,43.81,44.04,1227700,31.66
2009-01-08,47.32,47.49,45.06,46.45,1616800,33.39
2009-01-07,53.05,53.25,46.74,47.23,3278200,33.95
2009-01-06,52.24,55.41,50.69,55.28,3161300,39.74
2009-01-05,46.03,52.78,46.03,52.30,3101200,37.60
2009-01-02,42.12,47.50,42.08,47.42,1361400,34.09
2008-12-31,41.97,43.49,41.20,42.26,1127500,30.38
2008-12-30,42.04,43.50,40.94,42.21,1059700,30.35
2008-12-29,42.85,42.99,40.04,41.90,982900,30.12
2008-12-26,44.18,44.93,42.04,42.80,474900,30.77
2008-12-24,44.00,44.85,43.26,43.97,475900,31.61
2008-12-23,43.94,44.15,41.00,43.96,1520200,31.60
2008-12-22,43.48,43.80,41.11,42.16,1575600,30.31
2008-12-19,43.74,46.55,42.14,43.05,1866500,30.95
2008-12-18,49.37,49.75,43.25,44.62,1821000,32.08
2008-12-17,44.74,48.60,42.63,47.59,1906200,34.21
2008-12-16,41.72,45.60,41.39,45.49,1705200,32.70
2008-12-15,45.29,45.40,39.00,40.76,1920800,29.30
2008-12-12,39.85,42.45,39.49,42.08,1005600,30.25
2008-12-11,43.68,44.87,40.38,40.70,1626700,29.26
2008-12-10,42.23,44.62,41.16,44.30,1292300,31.85
2008-12-09,43.19,47.15,40.62,41.70,1788300,29.98
2008-12-08,42.33,45.03,41.50,44.40,2126200,31.92
2008-12-05,37.54,40.85,36.51,40.61,1489500,29.20
2008-12-04,38.11,39.37,36.60,37.90,2275900,27.25
2008-12-03,35.00,40.02,33.46,40.02,2255100,28.77
2008-12-02,34.29,37.62,33.35,37.58,1215400,27.02
2008-12-01,38.29,38.99,33.86,33.87,1587800,24.35
2008-11-28,39.00,42.27,39.00,39.82,1049200,28.63
2008-11-26,37.29,41.50,36.02,41.50,2773400,29.84
2008-11-25,38.02,38.64,35.00,37.84,1705400,27.20
2008-11-24,33.45,39.14,32.03,37.76,3349200,27.15
2008-11-21,33.79,33.98,29.21,32.02,3136200,23.02
2008-11-20,33.29,33.49,29.48,31.25,4884000,22.47
2008-11-19,38.92,39.91,32.81,33.57,3653200,24.13
2008-11-18,39.61,40.95,37.52,38.92,3296600,27.98
2008-11-17,42.70,42.98,38.99,39.46,3495000,28.37
2008-11-14,43.71,44.38,42.50,43.00,6877700,30.91
2008-11-13,45.82,49.12,43.47,44.76,9617200,32.18
2008-11-12,48.30,48.59,44.00,45.25,3599000,32.53
2008-11-11,48.98,50.21,46.52,50.10,5305200,36.02
2008-11-10,47.24,50.00,44.37,46.82,1459400,33.66
2008-11-07,46.19,48.90,41.50,46.04,1724900,33.10
2008-11-06,44.98,47.47,43.26,45.70,2699600,32.85
2008-11-05,50.74,51.00,46.54,47.39,1945300,34.07
2008-11-04,53.59,54.87,48.25,51.63,2748500,37.12
2008-11-03,60.74,60.99,50.81,51.59,3285500,37.09
2008-10-31,48.48,62.89,46.48,60.40,6523300,43.42
2008-10-30,45.05,48.48,42.31,46.50,4910600,33.43
2008-10-29,34.35,44.99,34.31,41.05,6241900,29.51
2008-10-28,34.50,35.19,28.06,32.88,5646700,23.64
2008-10-27,36.00,36.64,32.51,33.46,3497900,24.06
2008-10-24,38.57,41.39,36.59,36.59,3695300,26.31
2008-10-23,45.90,46.50,39.32,42.38,2994000,30.47
2008-10-22,48.13,50.47,44.37,46.38,1808100,33.34
2008-10-21,52.51,55.00,48.78,49.12,2369400,35.31
2008-10-20,58.52,58.93,51.25,52.41,1861000,37.68
2008-10-17,51.80,59.53,50.42,57.52,2231400,41.35
2008-10-16,49.49,53.40,45.31,52.54,2648500,37.77
2008-10-15,61.00,62.60,49.20,49.30,2291200,35.44
2008-10-14,61.89,67.67,57.05,59.20,3047100,42.56
2008-10-13,62.56,63.58,60.10,63.37,1682500,45.56
2008-10-10,54.49,61.83,51.00,59.48,3190600,42.76
2008-10-09,61.65,64.99,55.01,56.24,1967300,40.43
2008-10-08,56.75,66.00,56.48,60.20,2671200,43.28
2008-10-07,69.19,69.19,59.18,60.00,2708200,43.14
2008-10-06,68.34,68.50,57.35,67.77,3817000,48.72
2008-10-03,74.49,74.94,70.25,70.42,1936700,50.63
2008-10-02,76.59,76.60,70.25,73.84,2580400,53.09
2008-10-01,80.26,83.69,79.52,80.19,1514400,57.65
2008-09-30,78.75,83.74,78.75,81.64,1542600,58.69
2008-09-29,82.20,86.19,77.66,77.93,2282400,56.03
2008-09-26,85.81,86.00,81.00,84.97,2080800,61.09
2008-09-25,89.95,90.88,86.01,86.23,1244900,61.99
2008-09-24,88.14,92.01,86.28,88.10,1320800,63.34
2008-09-23,89.54,91.31,86.81,88.14,1353000,63.37
2008-09-22,93.14,95.00,88.93,89.18,1405900,64.11
2008-09-19,97.09,104.03,88.81,94.99,3716100,68.29
2008-09-18,83.50,95.35,79.37,92.47,3997000,66.48
2008-09-17,83.36,85.62,80.41,80.56,2251100,57.92
2008-09-16,84.84,87.19,80.20,85.34,2902100,61.35
2008-09-15,83.60,88.31,83.08,83.67,1901800,60.15
2008-09-12,86.26,89.52,85.00,87.49,1486600,62.90
2008-09-11,80.62,88.84,79.18,87.32,3087200,62.78
2008-09-10,87.28,87.28,80.52,82.16,3513800,59.07
2008-09-09,89.78,90.19,85.14,85.22,1694000,61.27
2008-09-08,92.20,93.49,86.73,90.19,1736600,64.84
2008-09-05,89.88,89.96,85.13,89.17,2125800,64.11
2008-09-04,94.00,94.99,89.11,90.37,1601900,64.97
2008-09-03,94.91,97.81,93.10,94.85,1188600,68.19
2008-09-02,99.46,101.00,94.39,95.24,1313300,68.47
2008-08-29,94.78,96.78,93.49,95.42,1101900,68.60
2008-08-28,93.23,97.00,92.60,96.00,1267800,69.02
2008-08-27,91.78,93.89,90.10,91.98,1279900,66.13
2008-08-26,91.51,95.11,90.80,91.77,1096000,65.98
2008-08-25,93.78,94.68,90.68,91.80,1914900,66.00
2008-08-22,92.00,95.92,91.20,95.64,1971600,68.76
2008-08-21,92.89,94.11,90.01,90.21,2249100,64.85
2008-08-20,96.20,97.48,91.25,91.82,2511700,66.01
2008-08-19,96.90,97.00,91.54,96.05,3847300,69.05
2008-08-18,106.24,107.26,99.00,100.39,1590000,72.17
2008-08-15,106.25,109.87,105.27,105.96,1514900,76.18
2008-08-14,102.49,108.00,101.50,107.15,2012700,77.03
2008-08-13,106.69,107.70,100.88,102.73,2311100,73.86
2008-08-12,111.65,115.50,106.71,108.35,2875900,77.90
2008-08-11,108.19,119.74,107.00,114.67,3627800,82.44
2008-08-08,101.68,108.75,100.68,107.60,2184200,77.36
2008-08-07,102.73,104.90,100.52,101.82,2213000,73.20
2008-08-06,99.70,105.90,96.32,105.24,1891000,75.66
2008-08-05,95.75,101.50,95.12,99.15,2772500,71.28
2008-08-04,95.68,96.21,91.82,94.35,1253300,67.83
2008-08-01,98.05,99.58,94.00,95.58,1333500,68.71
2008-07-31,95.98,100.20,94.13,97.48,2115400,70.08
2008-07-30,99.40,102.00,94.93,97.39,1422900,70.02
2008-07-29,92.54,100.00,91.90,99.00,2354700,71.17
2008-07-28,90.61,92.95,88.99,91.67,1615700,65.90
2008-07-25,92.90,94.60,87.23,90.04,2506300,64.73
2008-07-24,98.87,99.78,90.54,91.59,3144000,65.85
2008-07-23,97.06,106.95,95.94,99.81,4837100,71.76
2008-07-22,92.20,98.21,90.67,97.81,2693300,70.32
2008-07-21,89.88,96.59,89.00,93.43,3486900,67.17
2008-07-18,85.07,90.30,81.99,88.03,2672300,63.29
2008-07-17,79.54,84.18,78.50,84.07,3367300,60.44
2008-07-16,75.40,79.89,74.04,79.54,2275300,57.18
2008-07-15,74.65,77.80,71.87,75.61,2793900,54.36
2008-07-14,79.58,81.09,75.34,77.29,3841600,55.57
2008-07-11,78.76,79.86,72.17,78.14,9585000,56.18
2008-07-10,78.44,78.44,69.27,69.94,7920800,50.28
2008-07-09,84.66,84.66,77.07,77.56,3563600,55.76
2008-07-08,82.06,83.95,78.90,83.50,3508600,60.03
2008-07-07,79.50,82.40,78.47,82.01,3725000,58.96
2008-07-03,79.09,80.73,74.47,78.94,3411100,56.75
2008-07-02,81.84,85.14,78.80,79.26,3558800,56.98
2008-07-01,78.50,82.28,77.12,82.10,3976000,59.02
2008-06-30,79.01,82.43,77.66,81.35,3467100,58.48
2008-06-27,82.01,82.56,78.66,79.81,4771400,57.38
2008-06-26,85.56,86.28,83.15,83.50,3188400,60.03
2008-06-25,85.10,88.46,84.92,87.49,2095100,62.90
2008-06-24,86.41,86.41,83.62,85.00,3470100,61.11
2008-06-23,89.50,89.50,86.69,86.73,2093300,62.35
2008-06-20,91.60,92.06,87.06,88.40,4211700,63.55
2008-06-19,92.53,93.30,89.37,92.71,2896400,66.65
2008-06-18,94.35,95.77,92.98,93.41,3083200,67.15
2008-06-17,94.44,95.33,93.15,95.08,2131500,68.36
2008-06-16,91.10,95.78,90.74,94.41,2363000,67.87
2008-06-13,90.38,92.19,90.04,92.19,1461900,66.28
2008-06-12,88.76,91.02,88.32,89.00,2270200,63.98
2008-06-11,87.96,90.18,87.00,88.51,3812000,63.63
2008-06-10,89.66,90.20,86.70,87.96,3507200,63.24
2008-06-09,94.74,96.29,89.62,90.95,2569300,65.39
2008-06-06,99.00,99.30,94.58,94.79,2713400,68.15
2008-06-05,99.28,101.33,98.60,99.73,1229800,71.70
2008-06-04,99.57,103.00,98.12,99.21,1836400,71.32
2008-06-03,100.40,100.40,98.06,99.54,2321900,71.56
2008-06-02,100.96,100.96,98.68,99.79,1572800,71.74
2008-05-30,101.84,102.61,100.03,100.03,1245600,71.91
2008-05-29,100.10,102.88,99.29,102.03,1035100,73.35
2008-05-28,98.67,100.59,98.19,99.84,1734500,71.78
2008-05-27,99.51,102.33,99.07,100.00,1599300,71.89
2008-05-23,102.49,103.00,98.75,99.74,1754600,71.71
2008-05-22,101.91,104.83,101.69,102.63,993700,73.78
2008-05-21,104.50,110.23,100.15,101.62,2498800,73.06
2008-05-20,108.00,108.41,104.60,105.08,1321200,75.54
2008-05-19,108.88,110.99,107.49,108.42,1160400,77.95
2008-05-16,109.44,109.95,107.36,109.52,1426000,78.74
2008-05-15,104.81,109.18,104.02,108.97,1360500,78.34
2008-05-14,102.82,106.18,102.75,105.30,1449700,75.70
2008-05-13,104.07,104.30,101.31,102.62,1307300,73.78
2008-05-12,102.72,104.58,101.93,103.85,959700,74.66
2008-05-09,101.30,103.08,100.31,103.02,1252800,74.06
2008-05-08,102.49,103.78,101.52,102.15,1075700,73.44
2008-05-07,107.05,107.40,101.67,102.02,1598500,73.34
2008-05-06,105.00,108.25,103.50,107.95,1243000,77.61
2008-05-05,108.82,109.17,104.22,105.65,1297100,75.95
2008-05-02,106.81,112.48,106.81,108.03,2891900,77.67
2008-05-01,100.01,109.00,99.61,108.19,4597000,77.78
2008-04-30,109.87,110.00,105.34,105.34,1732300,75.73
2008-04-29,107.69,110.70,106.75,109.22,1623900,78.52
2008-04-28,108.28,108.84,106.81,107.75,1385000,77.46
2008-04-25,109.63,110.12,106.10,108.01,1313000,77.65
2008-04-24,105.51,112.30,102.50,109.85,2638400,78.97
2008-04-23,104.78,106.99,103.29,105.95,2568800,76.17
2008-04-22,95.81,106.96,95.60,102.64,4015600,73.79
2008-04-21,98.80,99.29,95.36,95.54,2143000,68.69
2008-04-18,98.67,99.45,97.55,98.46,2476600,70.79
2008-04-17,99.35,99.35,93.47,96.06,3758700,69.06
2008-04-16,99.34,100.94,96.31,100.13,2222200,71.99
2008-04-15,103.10,103.67,97.30,98.06,2161100,70.50
2008-04-14,103.26,106.04,100.55,100.69,977000,72.39
2008-04-11,106.54,106.74,101.62,102.85,1827100,73.94
2008-04-10,108.07,110.28,106.58,107.97,1117800,77.62
2008-04-09,111.15,112.74,107.22,108.83,1235500,78.24
2008-04-08,111.28,112.16,109.85,110.72,1086600,79.60
2008-04-07,113.64,116.43,111.09,112.36,1423900,80.78
2008-04-04,115.67,115.98,111.59,112.87,1457800,81.15
2008-04-03,111.90,116.54,111.71,116.43,2121800,83.70
2008-04-02,110.55,116.00,110.55,112.48,1964800,80.86
2008-04-01,103.00,111.19,101.14,111.19,2144200,79.94
2008-03-31,100.23,102.79,99.76,100.64,1338500,72.35
2008-03-28,105.67,105.67,100.00,100.23,1471000,72.06
2008-03-27,108.28,109.27,103.70,103.78,1546000,74.61
2008-03-26,107.81,108.83,104.80,108.32,1836300,77.87
2008-03-25,108.05,109.21,105.06,108.87,1401600,78.27
2008-03-24,101.54,108.36,101.24,107.28,1696700,77.13
2008-03-20,98.00,102.28,96.02,101.39,1941600,72.89
2008-03-19,99.65,102.25,97.00,97.53,2149700,70.12
2008-03-18,98.99,100.44,97.58,99.01,2053700,71.18
2008-03-17,93.46,97.77,92.29,96.94,3469600,69.69
2008-03-14,98.00,98.25,92.49,96.67,2336800,69.50
2008-03-13,96.49,98.20,92.58,97.26,2360300,69.92
2008-03-12,97.56,98.40,94.90,97.05,1970700,69.77
2008-03-11,92.14,96.59,91.56,96.45,2509500,69.34
2008-03-10,92.75,94.25,91.24,91.41,1652300,65.72
2008-03-07,94.27,95.34,90.90,92.82,3116700,66.73
2008-03-06,98.37,100.23,95.00,95.00,2422900,68.30
2008-03-05,97.69,99.75,97.23,99.19,2087000,71.31
2008-03-04,98.40,99.01,94.80,97.28,2725200,69.94
2008-03-03,100.20,100.68,97.80,98.97,1868200,71.15
2008-02-29,101.90,104.99,99.54,100.70,2490600,72.40
2008-02-28,104.70,106.87,102.73,103.29,1719700,74.26
2008-02-27,106.33,107.53,104.00,104.53,1790200,75.15
2008-02-26,105.41,107.88,104.26,107.17,1570100,77.05
2008-02-25,103.52,106.09,102.66,105.62,1297400,75.93
2008-02-22,103.12,104.15,101.65,104.11,1193300,74.85
2008-02-21,106.96,107.36,102.01,102.36,1706400,73.59
2008-02-20,105.25,108.93,103.50,107.20,1758300,77.07
2008-02-19,105.77,108.42,103.30,105.51,2228500,75.85
2008-02-15,106.85,106.93,103.72,104.62,2026900,75.21
2008-02-14,111.05,113.94,106.92,107.40,3147900,77.21
2008-02-13,116.59,118.55,108.13,110.91,5595600,79.74
2008-02-12,121.86,124.77,119.12,119.84,2723400,86.16
2008-02-11,119.18,122.22,118.80,119.88,1809500,86.18
2008-02-08,119.99,121.73,116.48,119.00,1576700,85.55
2008-02-07,114.01,121.55,113.48,120.59,2064000,86.70
2008-02-06,119.64,120.20,114.50,115.37,2539600,82.94
2008-02-05,115.00,123.00,112.66,119.36,4366300,85.81
2008-02-04,116.93,116.96,111.25,111.47,1322600,80.14
2008-02-01,115.88,119.78,114.11,116.83,1852900,83.99
2008-01-31,108.10,116.67,106.00,114.98,1997800,82.66
2008-01-30,111.18,113.20,109.39,109.73,1468700,78.89
2008-01-29,112.24,113.86,109.12,111.96,1494400,80.49
2008-01-28,104.50,111.27,103.00,110.33,1842000,79.32
2008-01-25,109.28,112.50,103.71,104.02,1883900,74.78
2008-01-24,110.36,110.85,105.66,108.85,2077500,78.26
2008-01-23,99.70,112.50,98.00,109.96,2998200,79.05
2008-01-22,96.44,101.94,96.36,101.38,2226000,72.88
2008-01-18,97.05,102.32,95.34,101.43,4005900,72.92
2008-01-17,103.72,104.61,96.52,96.89,3210100,69.66
2008-01-16,97.85,105.35,97.44,102.67,3428200,73.81
2008-01-15,99.39,100.54,95.88,97.65,2629800,70.20
2008-01-14,103.49,104.27,99.12,100.95,2671500,72.58
2008-01-11,107.38,108.40,102.31,102.54,1995300,73.72
2008-01-10,108.37,110.64,105.01,108.99,2639700,78.36
2008-01-09,106.86,108.54,103.50,108.26,2303600,77.83
2008-01-08,105.25,109.95,103.01,104.50,2795800,75.13
2008-01-07,106.76,106.93,102.52,104.22,2366800,74.93
2008-01-04,103.70,108.50,101.63,105.20,3068700,75.63
2008-01-03,109.50,109.50,103.77,105.68,2432900,75.98
2008-01-02,112.77,114.98,108.37,109.38,1629800,78.64
