Date,Open,High,Low,Close,Volume,Adj Close
2013-12-31,29.52,29.89,29.31,29.50,4658600,29.44
2013-12-30,30.32,30.47,29.37,29.52,5967700,29.46
2013-12-27,29.50,30.16,29.44,30.09,5534000,30.03
2013-12-26,29.53,29.92,29.40,29.43,4277600,29.37
2013-12-24,29.04,29.85,29.00,29.50,4682900,29.44
2013-12-23,28.05,29.13,28.00,29.05,7640000,28.99
2013-12-20,28.72,28.75,27.95,27.95,6693900,27.90
2013-12-19,27.65,28.77,27.64,28.64,11058300,28.58
2013-12-18,27.11,27.37,26.56,27.22,5801800,27.17
2013-12-17,27.02,27.40,26.99,27.15,5721700,27.10
2013-12-16,27.38,27.48,26.88,27.11,6609800,27.06
2013-12-13,26.98,27.50,26.80,27.31,7049300,27.26
2013-12-12,26.37,26.61,26.02,26.51,4367500,26.46
2013-12-11,27.10,27.14,26.20,26.27,5895400,26.22
2013-12-10,26.75,27.29,26.75,27.08,5294400,27.03
2013-12-09,26.33,26.97,26.32,26.82,4922900,26.77
2013-12-06,27.32,27.45,26.23,26.33,7000700,26.28
2013-12-05,27.03,27.24,26.76,26.95,5759900,26.90
2013-12-04,26.63,27.15,26.58,27.06,6407900,27.01
2013-12-03,25.86,26.93,25.79,26.69,6950300,26.64
2013-12-02,26.71,26.88,26.14,26.16,5846600,26.11
2013-11-29,27.12,27.17,26.63,26.81,2723700,26.76
2013-11-27,26.57,27.23,26.54,26.84,6022100,26.79
2013-11-26,26.33,26.67,26.00,26.54,5599100,26.49
2013-11-25,26.35,26.64,25.76,26.51,6947800,26.46
2013-11-22,26.67,26.70,26.22,26.36,9664900,26.31
2013-11-21,27.32,27.54,26.90,27.15,7062000,27.10
2013-11-20,27.56,27.75,27.16,27.26,4749600,27.21
2013-11-19,27.13,27.64,26.97,27.37,6284300,27.32
2013-11-18,28.02,28.14,27.35,27.51,6929000,27.46
2013-11-15,27.77,28.41,27.63,28.00,9102000,27.95
2013-11-14,27.54,27.84,27.23,27.60,6963800,27.55
2013-11-13,27.34,27.75,26.86,27.60,9810600,27.55
2013-11-12,27.02,27.26,26.42,27.02,5882200,26.97
2013-11-11,27.51,27.52,27.12,27.20,4322900,27.15
2013-11-08,26.26,27.65,26.26,27.59,7901000,27.54
2013-11-07,27.17,27.41,26.13,26.37,10946600,26.27
2013-11-06,27.57,27.66,26.22,26.81,9093700,26.71
2013-11-05,26.60,27.48,26.54,27.30,9471200,27.19
2013-11-04,26.93,27.33,26.54,26.91,14070600,26.81
2013-11-01,24.95,25.91,24.89,25.78,12445700,25.68
2013-10-31,24.56,25.39,24.45,24.89,6929900,24.79
2013-10-30,24.98,25.28,24.27,24.72,13241400,24.62
2013-10-29,23.01,25.71,22.84,25.47,16461000,25.37
2013-10-28,23.48,23.65,23.06,23.42,6034000,23.33
2013-10-25,23.66,23.81,23.31,23.49,4360300,23.40
2013-10-24,23.17,23.76,22.96,23.72,6111100,23.63
2013-10-23,23.16,23.16,22.66,22.95,7093000,22.86
2013-10-22,23.92,24.12,23.36,23.49,8142800,23.40
2013-10-21,24.06,24.44,23.86,24.01,5974000,23.92
2013-10-18,23.83,24.00,23.57,23.98,5962300,23.89
2013-10-17,23.27,24.22,23.19,23.66,9586800,23.57
2013-10-16,23.45,23.74,23.17,23.28,8241400,23.19
2013-10-15,22.40,23.74,22.40,23.52,14782600,23.43
2013-10-14,21.74,22.43,21.68,22.34,5131800,22.25
2013-10-11,21.85,22.21,21.65,21.97,5615900,21.89
2013-10-10,21.44,22.11,21.37,21.90,6993300,21.82
2013-10-09,21.04,21.37,20.76,21.17,5088200,21.09
2013-10-08,21.53,21.70,20.82,20.94,5335900,20.86
2013-10-07,21.23,21.86,21.16,21.49,4118400,21.41
2013-10-04,21.21,21.65,21.18,21.50,5613600,21.42
2013-10-03,21.68,21.83,21.08,21.30,5697600,21.22
2013-10-02,20.98,21.68,20.86,21.63,8114600,21.55
2013-10-01,20.57,21.30,20.44,21.01,6836000,20.93
2013-09-30,20.11,20.77,20.00,20.59,6510600,20.51
2013-09-27,20.53,20.68,20.13,20.44,8269600,20.36
2013-09-26,21.18,21.22,20.76,21.10,6086800,21.02
2013-09-25,20.83,21.51,20.80,21.06,8640300,20.98
2013-09-24,20.53,21.16,20.46,20.77,5236900,20.69
2013-09-23,20.54,20.89,20.41,20.55,5329300,20.47
2013-09-20,21.12,21.12,20.12,20.52,10282200,20.44
2013-09-19,21.20,21.68,21.01,21.17,8813100,21.09
2013-09-18,20.45,21.18,20.33,21.05,9912200,20.97
2013-09-17,20.25,20.87,20.11,20.51,7480100,20.43
2013-09-16,20.27,20.32,19.94,19.99,5153200,19.91
2013-09-13,20.11,20.18,19.68,19.87,6889000,19.79
2013-09-12,20.36,20.41,19.91,20.18,5943300,20.10
2013-09-11,20.05,20.58,19.96,20.46,13419100,20.38
2013-09-10,19.77,20.04,19.45,20.02,8107300,19.94
2013-09-09,19.04,19.62,18.99,19.53,7638100,19.45
2013-09-06,18.70,19.18,18.65,18.87,6490500,18.80
2013-09-05,18.34,18.83,18.31,18.72,5377300,18.65
2013-09-04,18.16,18.43,18.08,18.37,4034800,18.30
2013-09-03,18.31,18.48,18.02,18.20,4982500,18.13
2013-08-30,17.89,18.06,17.80,17.90,3394700,17.83
2013-08-29,17.95,18.14,17.80,17.85,3839700,17.78
2013-08-28,17.99,18.33,17.89,17.95,4557500,17.88
2013-08-27,18.30,18.37,17.97,18.05,5783700,17.98
2013-08-26,18.73,18.98,18.56,18.69,4763800,18.62
2013-08-23,18.43,18.88,18.41,18.67,4685800,18.60
2013-08-22,18.05,18.52,18.05,18.35,4069200,18.28
2013-08-21,18.00,18.28,17.73,17.85,4266300,17.78
2013-08-20,18.00,18.31,17.90,18.13,3929400,18.06
2013-08-19,18.75,18.80,17.93,17.99,7167900,17.92
2013-08-16,19.10,19.50,18.62,18.82,10249800,18.75
2013-08-15,18.77,19.09,18.37,18.89,6787800,18.82
2013-08-14,18.97,19.41,18.66,19.03,5373600,18.96
2013-08-13,19.37,19.40,18.73,18.75,6167000,18.68
2013-08-12,18.93,19.47,18.85,19.20,9257300,19.13
2013-08-09,18.27,19.06,18.26,18.85,10145600,18.73
2013-08-08,17.53,18.21,17.50,18.09,9092400,17.97
2013-08-07,17.10,17.43,16.86,17.19,5912400,17.08
2013-08-06,17.48,17.53,17.11,17.17,5354600,17.06
2013-08-05,17.45,17.88,17.31,17.54,4746900,17.43
2013-08-02,17.41,17.65,17.23,17.44,3940300,17.33
2013-08-01,17.55,17.58,17.26,17.35,5599000,17.24
2013-07-31,17.71,17.71,17.25,17.35,9715100,17.24
2013-07-30,18.75,18.79,17.63,17.71,15376900,17.60
2013-07-29,18.86,19.14,18.58,18.98,6678000,18.86
2013-07-26,18.68,19.00,18.48,18.94,4888200,18.82
2013-07-25,18.60,19.02,18.41,18.77,4704200,18.65
2013-07-24,19.22,19.22,18.56,18.68,7057100,18.56
2013-07-23,18.58,19.26,18.58,19.08,8830400,18.96
2013-07-22,18.21,18.50,18.19,18.28,4089100,18.16
2013-07-19,18.44,18.60,18.00,18.06,4498000,17.94
2013-07-18,17.98,18.65,17.96,18.44,7495100,18.32
2013-07-17,17.82,18.09,17.77,17.87,5093400,17.75
2013-07-16,18.00,18.13,17.58,17.74,5378600,17.62
2013-07-15,17.97,18.30,17.94,17.94,3631100,17.82
2013-07-12,18.45,18.46,17.86,17.95,8306300,17.83
2013-07-11,18.70,18.85,18.41,18.56,7333100,18.44
2013-07-10,18.66,18.73,18.08,18.22,6581200,18.10
2013-07-09,18.83,18.98,18.42,18.58,5156500,18.46
2013-07-08,18.48,19.07,18.37,18.59,7604600,18.47
2013-07-05,18.51,18.54,17.87,18.36,7490000,18.24
2013-07-03,18.75,18.97,18.04,18.18,10819000,18.06
2013-07-02,17.73,19.40,17.65,19.25,15656700,19.13
2013-07-01,17.67,17.98,17.50,17.77,5018500,17.65
2013-06-28,17.91,17.98,17.51,17.53,5903300,17.42
2013-06-27,17.62,18.26,17.55,18.06,9346000,17.94
2013-06-26,17.20,17.65,17.02,17.46,7582100,17.35
2013-06-25,16.67,17.07,16.27,17.05,7387100,16.94
2013-06-24,16.83,16.88,16.12,16.44,8277200,16.33
2013-06-21,17.53,17.57,16.90,17.10,8047300,16.99
2013-06-20,17.39,17.83,17.11,17.36,7674500,17.25
2013-06-19,17.85,18.05,17.50,17.70,5300500,17.59
2013-06-18,17.40,18.05,17.31,17.86,6227100,17.74
2013-06-17,18.09,18.13,17.40,17.48,6405000,17.37
2013-06-14,18.22,18.46,17.66,17.89,8255700,17.77
2013-06-13,17.30,18.25,17.27,18.15,10624000,18.03
2013-06-12,17.30,17.69,17.14,17.20,6444100,17.09
2013-06-11,16.91,17.27,16.79,17.14,6312200,17.03
2013-06-10,17.28,17.48,17.00,17.24,4677500,17.13
2013-06-07,17.42,17.61,17.23,17.35,5304200,17.24
2013-06-06,17.34,17.60,17.16,17.46,5028300,17.35
2013-06-05,17.51,17.73,17.22,17.37,5267600,17.26
2013-06-04,17.81,17.95,17.50,17.64,4984700,17.53
2013-06-03,17.93,18.07,17.48,17.73,7706300,17.61
2013-05-31,18.11,18.23,17.69,17.69,10506800,17.58
2013-05-30,18.18,18.53,17.99,18.25,6707100,18.13
2013-05-29,18.30,18.46,17.88,18.05,8298000,17.93
2013-05-28,18.70,18.88,18.40,18.47,6777900,18.35
2013-05-24,18.31,18.81,18.28,18.42,5173200,18.30
2013-05-23,18.48,18.62,18.23,18.50,8249800,18.38
2013-05-22,19.26,19.70,18.57,18.83,11006300,18.71
2013-05-21,19.15,19.57,18.94,19.11,10009600,18.99
2013-05-20,18.32,19.08,18.27,18.93,7501400,18.81
2013-05-17,18.21,18.53,18.11,18.32,8001600,18.20
2013-05-16,17.96,18.41,17.65,17.87,8292800,17.75
2013-05-15,18.45,18.45,17.91,18.07,8715300,17.95
2013-05-14,18.50,19.13,18.25,18.50,8888400,18.38
2013-05-13,19.18,19.18,18.43,18.56,7350200,18.44
2013-05-10,19.11,19.27,18.59,19.23,8874100,19.11
2013-05-09,19.27,19.33,18.83,18.97,6980100,18.80
2013-05-08,18.42,19.47,18.32,19.26,11291200,19.08
2013-05-07,18.29,18.66,18.19,18.23,5761900,18.06
2013-05-06,18.28,18.35,17.80,18.11,5459400,17.95
2013-05-03,17.49,18.23,17.40,18.14,9503200,17.97
2013-05-02,17.44,17.45,16.90,17.06,5960200,16.90
2013-05-01,17.62,17.62,16.97,17.30,7578500,17.14
2013-04-30,16.85,17.80,16.70,17.80,9966400,17.64
2013-04-29,17.45,17.89,17.26,17.54,8643900,17.38
2013-04-26,17.53,17.55,17.01,17.36,8739700,17.20
2013-04-25,17.31,17.90,17.01,17.62,12816000,17.46
2013-04-24,16.36,17.16,16.35,17.06,8926400,16.90
2013-04-23,16.40,16.64,15.96,16.18,9582300,16.03
2013-04-22,16.45,16.51,15.80,16.28,9413600,16.13
2013-04-19,16.64,16.76,16.10,16.39,7011900,16.24
2013-04-18,16.28,16.88,16.06,16.44,10533200,16.29
2013-04-17,16.37,16.50,16.01,16.26,9160000,16.11
2013-04-16,16.87,16.97,16.38,16.62,9435400,16.47
2013-04-15,17.24,17.24,16.51,16.63,13497600,16.48
2013-04-12,17.53,17.60,17.09,17.45,8135800,17.29
2013-04-11,17.76,18.01,17.42,17.55,8454000,17.39
2013-04-10,18.12,18.19,17.72,17.83,7985800,17.67
2013-04-09,17.44,18.31,17.38,17.99,11344800,17.83
2013-04-08,17.30,17.60,17.02,17.23,5724900,17.07
2013-04-05,17.26,17.53,17.01,17.28,10837400,17.12
2013-04-04,17.49,17.84,17.22,17.55,10465600,17.39
2013-04-03,17.69,17.77,16.87,17.44,16191200,17.28
2013-04-02,18.44,18.52,17.40,17.65,22246200,17.49
2013-04-01,19.50,19.56,18.62,18.72,9034500,18.55
2013-03-28,19.82,19.82,19.36,19.50,6686500,19.32
2013-03-27,19.72,19.94,19.55,19.82,6096500,19.64
2013-03-26,19.85,19.96,19.46,19.96,5853500,19.78
2013-03-25,19.82,19.88,19.40,19.73,4524700,19.55
2013-03-22,19.75,19.97,19.70,19.81,5169000,19.63
2013-03-21,19.26,20.01,19.25,19.70,9276900,19.52
2013-03-20,19.67,19.79,19.19,19.45,11435900,19.27
2013-03-19,20.01,20.23,19.40,19.64,9667400,19.46
2013-03-18,19.80,20.30,19.75,20.11,5519800,19.93
2013-03-15,19.84,20.30,19.82,20.21,7788000,20.03
2013-03-14,20.12,20.15,19.55,19.82,11160800,19.64
2013-03-13,20.63,20.67,19.82,20.04,9417800,19.86
2013-03-12,20.76,21.07,20.40,20.69,5625700,20.50
2013-03-11,20.83,20.96,20.60,20.74,4534500,20.55
2013-03-08,20.97,21.36,20.70,20.93,6869200,20.74
2013-03-07,20.77,21.15,20.65,20.67,6033300,20.48
2013-03-06,20.12,20.82,20.08,20.76,7037300,20.57
2013-03-05,20.30,20.59,19.93,19.99,6811700,19.81
2013-03-04,20.35,20.36,19.76,20.03,7363700,19.85
2013-03-01,20.60,20.64,20.10,20.31,8068700,20.13
2013-02-28,21.09,21.25,20.73,20.84,6558000,20.65
2013-02-27,20.57,21.32,20.56,21.05,7829200,20.86
2013-02-26,20.68,20.76,20.14,20.71,9282400,20.52
2013-02-25,21.51,21.62,20.50,20.51,5810500,20.32
2013-02-22,21.62,21.68,20.90,21.33,6323400,21.14
2013-02-21,21.75,21.94,21.13,21.37,9023100,21.18
2013-02-20,23.13,23.17,21.94,22.01,6275600,21.81
2013-02-19,23.28,24.00,23.05,23.14,7455300,22.93
2013-02-15,23.73,23.73,23.00,23.16,6139500,22.95
2013-02-14,22.67,23.70,22.65,23.57,7603900,23.36
2013-02-13,22.56,22.90,22.47,22.85,4445000,22.64
2013-02-12,22.45,22.96,22.32,22.63,4471100,22.42
2013-02-11,22.35,22.68,22.30,22.53,3774000,22.32
2013-02-08,22.40,22.67,22.23,22.47,5636700,22.27
2013-02-07,22.85,22.86,22.12,22.32,8030300,22.07
2013-02-06,22.20,23.38,22.12,22.72,15720800,22.46
2013-02-05,22.15,22.43,21.88,22.18,7024000,21.93
2013-02-04,22.32,22.42,21.91,21.94,7013200,21.69
2013-02-01,22.70,22.75,22.28,22.38,8537200,22.13
2013-01-31,22.25,22.60,22.17,22.35,7432300,22.10
2013-01-30,23.20,23.37,22.17,22.32,13513700,22.07
2013-01-29,24.19,24.33,23.04,23.20,11930500,22.94
2013-01-28,24.51,24.52,23.63,23.72,9274900,23.45
2013-01-25,24.39,24.56,24.00,24.53,6465000,24.25
2013-01-24,24.89,25.19,24.16,24.22,7598400,23.95
2013-01-23,25.22,25.22,24.55,24.99,6959600,24.71
2013-01-22,24.87,25.23,24.60,25.18,7414200,24.89
2013-01-18,24.81,24.94,24.30,24.77,6903700,24.49
2013-01-17,24.66,24.89,24.46,24.70,4865100,24.42
2013-01-16,24.50,24.63,24.25,24.52,5209100,24.24
2013-01-15,24.24,24.86,24.15,24.74,5698600,24.46
2013-01-14,24.95,25.14,24.24,24.38,6832600,24.10
2013-01-11,25.69,25.69,24.75,24.88,7290300,24.60
2013-01-10,25.75,26.10,25.41,25.73,7921100,25.44
2013-01-09,25.24,25.64,24.80,25.46,8572100,25.17
2013-01-08,25.68,25.71,24.94,25.01,6625300,24.73
2013-01-07,25.46,26.15,25.44,25.71,6687800,25.42
2013-01-04,25.55,25.79,25.33,25.70,5800700,25.41
2013-01-03,25.79,26.29,25.35,25.42,8834500,25.13
2013-01-02,25.18,25.92,24.85,25.89,15628600,25.60
2012-12-31,23.15,23.89,22.93,23.85,8117900,23.58
2012-12-28,23.28,23.45,22.95,23.03,5399500,22.77
2012-12-27,24.43,24.51,23.28,23.64,7066100,23.37
2012-12-26,24.16,24.78,24.16,24.26,4211300,23.99
2012-12-24,23.94,24.07,23.63,24.06,1856000,23.79
2012-12-21,23.99,24.24,23.64,23.94,9551200,23.67
2012-12-20,24.37,24.62,24.10,24.62,5552500,24.34
2012-12-19,24.52,24.75,24.28,24.43,6460600,24.15
2012-12-18,24.15,24.51,24.00,24.43,8404200,24.15
2012-12-17,24.20,24.58,23.72,24.02,11274000,23.75
2012-12-14,22.50,24.08,22.48,23.85,19818600,23.58
2012-12-13,22.21,22.80,22.16,22.33,8353300,22.08
2012-12-12,22.52,22.84,21.94,22.16,11118400,21.91
2012-12-11,22.04,22.64,21.76,22.41,10304900,22.16
2012-12-10,21.46,22.14,21.42,21.85,7760900,21.60
2012-12-07,22.12,22.23,21.65,21.77,5277500,21.52
2012-12-06,21.99,22.25,21.67,22.00,5257500,21.75
2012-12-05,21.83,22.25,21.66,22.06,6970700,21.81
2012-12-04,21.36,21.99,21.30,21.66,5730900,21.41
2012-12-03,21.84,21.92,21.27,21.37,6583000,21.13
2012-11-30,21.79,22.13,21.40,21.56,5761700,21.32
2012-11-29,21.94,22.23,21.64,21.78,7302800,21.53
2012-11-28,21.14,21.75,20.92,21.74,6962000,21.49
2012-11-27,21.49,21.89,21.21,21.26,5133300,21.02
2012-11-26,21.47,21.91,21.36,21.61,4300200,21.37
2012-11-23,21.96,22.00,21.42,21.64,3305800,21.39
2012-11-21,21.18,21.70,20.88,21.70,6673800,21.45
2012-11-20,21.11,21.41,20.92,21.08,5346200,20.84
2012-11-19,20.69,21.19,20.69,21.15,8530600,20.91
2012-11-16,20.07,20.33,19.56,20.06,9859900,19.83
2012-11-15,20.33,20.76,19.88,20.14,7782500,19.91
2012-11-14,21.51,21.57,20.25,20.37,10274900,20.14
2012-11-13,21.09,21.45,21.00,21.31,8301400,21.07
2012-11-12,21.42,21.71,21.23,21.53,4436400,21.29
2012-11-09,21.01,21.90,20.95,21.10,8398900,20.86
2012-11-08,21.50,21.95,21.03,21.15,6102000,20.86
2012-11-07,21.69,21.96,21.29,21.56,9089300,21.27
2012-11-06,21.66,22.47,21.66,22.26,10591300,21.96
2012-11-05,20.74,21.46,20.69,21.13,8167500,20.84
2012-11-02,21.89,22.01,20.65,20.84,10452200,20.56
2012-11-01,20.63,21.69,20.51,21.55,12617800,21.26
2012-10-31,21.35,21.48,20.05,20.39,13725000,20.11
2012-10-26,21.51,21.76,21.05,21.15,5938100,20.86
2012-10-25,22.02,22.07,21.35,21.41,5875200,21.12
2012-10-24,22.13,22.36,21.63,21.67,5378100,21.37
2012-10-23,22.36,22.63,21.81,21.90,9688200,21.60
2012-10-22,22.13,23.05,22.10,22.91,8629600,22.60
2012-10-19,22.89,22.97,22.10,22.15,9337900,21.85
2012-10-18,22.53,23.33,22.26,22.86,11712900,22.55
2012-10-17,22.27,23.13,21.70,22.83,14064000,22.52
2012-10-16,21.70,22.23,21.64,22.13,9754100,21.83
2012-10-15,21.28,21.51,21.03,21.46,7421000,21.17
2012-10-12,21.35,21.70,21.01,21.19,8760700,20.90
2012-10-11,21.08,21.85,20.96,21.51,11750500,21.22
2012-10-10,21.15,21.20,20.63,20.78,12600200,20.50
2012-10-09,20.68,21.45,20.60,21.10,18863400,20.81
2012-10-08,19.47,20.60,19.36,20.37,9451500,20.09
2012-10-05,19.98,20.21,19.59,19.83,10789300,19.56
2012-10-04,19.07,20.06,19.07,19.72,12279600,19.45
2012-10-03,19.14,19.16,18.74,18.88,9126100,18.62
2012-10-02,19.48,19.64,18.87,18.99,10355100,18.73
2012-10-01,19.35,19.74,19.11,19.31,8950900,19.05
2012-09-28,19.04,19.37,18.92,19.07,7845300,18.81
2012-09-27,19.68,19.73,18.95,19.31,10634000,19.05
2012-09-26,18.94,19.75,18.78,19.33,12386000,19.07
2012-09-25,19.73,19.88,19.03,19.09,10233100,18.83
2012-09-24,19.36,19.77,19.22,19.59,8489900,19.32
2012-09-21,20.46,20.52,19.90,19.94,9118800,19.67
2012-09-20,20.23,20.28,19.62,20.13,12875300,19.85
2012-09-19,20.88,21.15,20.62,20.86,8345800,20.57
2012-09-18,21.15,21.25,20.43,20.77,14148000,20.49
2012-09-17,21.60,21.95,21.16,21.31,12249700,21.02
2012-09-14,22.88,23.31,22.17,22.35,16048600,22.04
2012-09-13,21.49,22.86,21.05,22.34,15638200,22.03
2012-09-12,21.76,22.38,21.17,21.56,10850000,21.27
2012-09-11,20.70,21.73,20.69,21.61,10990500,21.31
2012-09-10,20.90,21.57,20.57,20.70,13862500,20.42
2012-09-07,19.76,20.95,19.71,20.89,16846400,20.60
2012-09-06,18.80,19.52,18.76,19.21,9343200,18.95
2012-09-05,18.74,19.18,18.29,18.57,11042800,18.32
2012-09-04,19.46,19.46,18.60,18.78,9683100,18.52
2012-08-31,19.59,19.94,19.06,19.45,9536500,19.18
2012-08-30,19.61,19.65,19.16,19.32,7993200,19.06
2012-08-29,20.48,20.49,19.78,19.81,8709000,19.54
2012-08-28,20.45,20.77,20.26,20.43,5516100,20.15
2012-08-27,20.86,21.06,20.47,20.61,6466500,20.33
2012-08-24,21.10,21.14,20.45,20.81,8968100,20.53
2012-08-23,22.32,22.41,21.09,21.19,11249900,20.90
2012-08-22,22.69,22.84,22.22,22.77,6932800,22.46
2012-08-21,22.82,23.44,22.73,22.86,7478200,22.55
2012-08-20,22.56,22.75,22.03,22.67,5500400,22.36
2012-08-17,22.80,23.30,22.44,22.59,7595700,22.28
2012-08-16,22.54,23.04,22.28,22.73,6192300,22.42
2012-08-15,22.51,22.51,21.80,22.37,7151700,22.06
2012-08-14,23.09,23.15,22.49,22.64,5197300,22.33
2012-08-13,23.49,23.49,22.37,22.86,7723100,22.55
2012-08-10,23.23,23.46,23.10,23.41,4712700,23.09
2012-08-09,23.13,23.84,23.11,23.42,6860500,23.10
2012-08-08,22.75,23.43,22.67,23.19,5066000,22.87
2012-08-07,23.21,23.55,22.77,23.11,8304200,22.74
2012-08-06,21.81,23.35,21.65,22.94,11783900,22.58
2012-08-03,21.59,22.00,21.47,21.72,6475600,21.38
2012-08-02,21.07,21.60,20.52,21.06,10082900,20.73
2012-08-01,20.80,22.07,20.64,21.61,14943700,21.27
2012-07-31,19.32,21.20,19.06,20.65,25207600,20.32
2012-07-30,19.00,19.27,18.68,18.92,6063400,18.62
2012-07-27,18.50,19.30,18.21,19.08,8294800,18.78
2012-07-26,18.45,18.52,17.87,18.26,6044300,17.97
2012-07-25,18.41,18.58,17.80,17.93,6299500,17.65
2012-07-24,18.86,18.99,18.01,18.22,6991700,17.93
2012-07-23,18.45,18.67,18.14,18.60,7211400,18.31
2012-07-20,19.52,19.64,18.77,18.81,7703100,18.51
2012-07-19,19.57,20.05,19.51,19.73,6546700,19.42
2012-07-18,19.35,19.72,19.07,19.42,6987100,19.11
2012-07-17,19.96,19.96,19.25,19.44,7185100,19.13
2012-07-16,20.04,20.32,19.70,19.77,6737700,19.46
2012-07-13,20.34,20.48,19.87,20.24,5973900,19.92
2012-07-12,20.31,20.50,19.64,20.18,8543900,19.86
2012-07-11,20.38,20.80,20.26,20.63,6103000,20.30
2012-07-10,20.80,21.08,20.09,20.28,5959700,19.96
2012-07-09,20.95,20.99,20.44,20.66,5351100,20.33
2012-07-06,20.83,21.08,20.57,20.98,6178200,20.65
2012-07-05,21.48,21.62,21.07,21.26,6635600,20.92
2012-07-03,21.19,22.12,21.14,21.64,7106500,21.30
2012-07-02,20.53,21.04,20.18,20.93,7878800,20.60
2012-06-29,21.50,21.56,20.37,20.60,13277600,20.27
2012-06-28,19.45,20.84,19.37,20.79,14094600,20.46
2012-06-27,18.80,19.93,18.65,19.74,7997800,19.43
2012-06-26,18.79,19.03,18.46,18.73,6950100,18.43
2012-06-25,18.80,18.93,18.34,18.76,9145900,18.46
2012-06-22,19.06,19.26,18.65,19.15,7486600,18.85
2012-06-21,20.06,20.08,18.85,18.87,9827200,18.57
2012-06-20,20.13,20.86,19.90,20.10,16071700,19.78
2012-06-19,18.92,20.27,18.67,20.15,14975800,19.83
2012-06-18,18.64,18.69,18.18,18.41,8506900,18.12
2012-06-15,18.67,19.04,18.35,19.02,9925500,18.72
2012-06-14,18.06,18.72,17.87,18.72,11010800,18.42
2012-06-13,18.13,18.62,17.95,18.03,10873600,17.75
2012-06-12,17.96,18.50,17.67,18.39,11373000,18.10
2012-06-11,19.54,19.55,17.88,17.89,14522700,17.61
2012-06-08,19.55,19.59,18.88,19.13,16728400,18.83
2012-06-07,20.67,21.13,19.85,19.89,10354400,19.58
2012-06-06,19.57,20.17,19.40,20.03,12039700,19.71
2012-06-05,19.10,19.43,18.85,19.23,8051200,18.93
2012-06-04,19.40,19.58,18.66,19.09,11517600,18.79
2012-06-01,19.66,19.85,19.20,19.31,14936800,19.00
2012-05-31,21.35,21.44,19.95,20.30,18804400,19.98
2012-05-30,21.88,21.97,21.36,21.40,6205400,21.06
2012-05-29,22.35,22.61,22.00,22.46,7947900,22.11
2012-05-25,21.55,21.91,21.42,21.80,6530500,21.46
2012-05-24,22.06,22.15,21.23,21.72,9946000,21.38
2012-05-23,21.34,22.05,20.62,22.03,13479300,21.68
2012-05-22,22.35,22.71,21.55,21.78,8495500,21.44
2012-05-21,21.92,22.31,21.51,22.21,8729000,21.86
2012-05-18,22.55,22.70,21.35,21.56,11975500,21.22
2012-05-17,22.76,23.05,22.14,22.43,13354500,22.08
2012-05-16,24.15,24.47,22.56,22.76,17153400,22.40
2012-05-15,25.50,25.77,23.76,23.94,14811400,23.56
2012-05-14,25.36,25.86,25.27,25.53,7053800,25.13
2012-05-11,25.48,26.16,25.40,25.85,10279500,25.44
2012-05-10,26.80,26.86,25.50,25.85,11055800,25.44
2012-05-09,25.46,26.87,25.24,26.33,14449400,25.91
2012-05-08,26.28,26.56,25.37,26.16,9458500,25.75
2012-05-07,26.50,27.10,26.20,26.67,6139000,26.25
2012-05-04,27.49,27.67,26.55,26.74,9013600,26.27
2012-05-03,28.40,28.90,27.50,27.70,6263400,27.21
2012-05-02,28.69,28.92,28.19,28.38,5456500,27.88
2012-05-01,28.27,29.25,28.23,28.93,10231500,28.42
2012-04-30,28.10,28.62,27.80,28.33,6819900,27.83
2012-04-27,28.54,28.87,28.05,28.20,7106900,27.70
2012-04-26,27.99,28.50,27.76,28.40,6813300,27.90
2012-04-25,28.05,28.40,27.38,28.20,10537500,27.70
2012-04-24,28.53,28.60,26.90,27.65,24274400,27.16
2012-04-23,28.16,28.51,27.42,28.22,14431000,27.72
2012-04-20,28.78,29.20,28.73,28.99,9720900,28.48
2012-04-19,28.95,29.23,28.33,28.59,11005500,28.09
2012-04-18,28.95,29.60,28.52,29.02,9839000,28.51
2012-04-17,28.73,29.55,28.67,29.21,8131000,28.69
2012-04-16,28.82,29.12,28.09,28.33,6946000,27.83
2012-04-13,28.94,29.00,28.06,28.20,8692400,27.70
2012-04-12,27.51,29.53,27.51,29.37,12942900,28.85
2012-04-11,27.57,28.09,27.21,27.32,8321400,26.84
2012-04-10,27.38,27.85,26.39,26.72,10837000,26.25
2012-04-09,27.47,27.99,27.12,27.43,8997300,26.95
2012-04-05,28.54,29.34,27.64,28.03,11917100,27.54
2012-04-04,28.91,29.09,28.50,28.70,10229800,28.19
2012-04-03,30.11,30.29,29.21,29.68,10464200,29.16
2012-04-02,29.18,30.66,28.83,30.26,12150500,29.73
2012-03-30,29.88,29.95,28.85,29.37,10374100,28.85
2012-03-29,28.50,29.47,28.17,29.40,10171900,28.88
2012-03-28,29.16,29.22,27.95,28.81,12405400,28.30
2012-03-27,29.56,30.28,29.26,29.33,8968000,28.81
2012-03-26,30.34,30.40,29.06,29.54,10008200,29.02
2012-03-23,29.43,30.48,29.15,29.74,10948800,29.22
2012-03-22,30.56,30.86,29.05,29.47,17931700,28.95
2012-03-21,31.25,31.57,30.33,31.29,11766100,30.74
2012-03-20,30.75,31.42,30.35,31.37,13085900,30.82
2012-03-19,30.29,32.05,30.22,31.64,19342100,31.08
2012-03-16,29.88,30.13,29.46,29.75,9833700,29.23
2012-03-15,28.94,30.19,28.81,29.65,13285800,29.13
2012-03-14,27.97,29.57,27.84,29.10,15299300,28.59
2012-03-13,26.67,28.35,26.62,28.31,12822700,27.81
2012-03-12,26.74,27.30,26.22,26.39,7570900,25.92
2012-03-09,25.99,27.14,25.70,26.85,10585200,26.38
2012-03-08,26.08,26.08,25.55,25.93,6073500,25.47
2012-03-07,25.57,25.65,24.78,25.49,8399600,25.04
2012-03-06,25.46,25.62,25.05,25.25,12182100,24.80
2012-03-05,27.53,27.66,26.02,26.21,11799700,25.75
2012-03-02,27.53,27.92,27.39,27.51,6144800,27.02
2012-03-01,27.51,28.15,27.36,27.57,7609500,27.08
2012-02-29,27.99,28.16,26.90,27.22,10895000,26.74
2012-02-28,28.09,28.50,27.70,27.91,8928300,27.42
2012-02-27,27.84,28.22,27.61,28.09,5514000,27.59
2012-02-24,28.14,28.73,27.88,28.13,6490100,27.63
2012-02-23,27.81,28.23,27.39,28.13,8160100,27.63
2012-02-22,28.09,28.52,27.60,27.67,8561300,27.18
2012-02-21,28.66,29.36,28.31,28.49,9935800,27.99
2012-02-17,29.07,29.10,28.16,28.41,6603800,27.91
2012-02-16,27.55,28.85,27.40,28.81,10024700,28.30
2012-02-15,28.11,28.11,27.35,27.62,9850000,27.13
2012-02-14,28.91,28.95,27.50,28.00,16125900,27.51
2012-02-13,29.83,30.00,28.90,29.16,9231500,28.65
2012-02-10,30.25,30.26,29.26,29.40,11300700,28.88
2012-02-09,31.07,31.17,30.20,31.01,7875500,30.46
2012-02-08,32.12,32.12,30.82,30.94,10426700,30.39
2012-02-07,31.97,32.25,31.31,31.72,8838000,31.11
2012-02-06,32.08,32.15,31.60,31.87,8709300,31.26
2012-02-03,32.07,32.52,31.77,32.25,11495200,31.63
2012-02-02,31.24,31.98,31.10,31.44,12288200,30.84
2012-02-01,30.78,31.82,30.38,31.17,19980000,30.57
2012-01-31,29.62,30.66,28.75,30.19,28412600,29.61
2012-01-30,29.18,29.33,28.60,28.73,11595000,28.18
2012-01-27,29.02,30.18,28.92,29.88,11557700,29.31
2012-01-26,30.84,31.23,29.14,29.37,13754900,28.81
2012-01-25,28.69,30.66,28.50,30.40,17268800,29.82
2012-01-24,28.01,29.12,27.74,28.96,10164200,28.40
2012-01-23,27.87,28.64,27.67,28.44,8836800,27.89
2012-01-20,27.99,28.05,27.50,27.82,9076000,27.29
2012-01-19,28.33,28.92,28.13,28.28,9925800,27.74
2012-01-18,27.28,28.32,26.94,28.16,9725600,27.62
2012-01-17,27.92,28.04,27.17,27.33,9775200,26.81
2012-01-13,27.98,28.11,27.20,27.43,10971500,26.90
2012-01-12,28.72,28.86,27.66,28.67,12512300,28.12
2012-01-11,27.34,28.95,27.15,28.56,13109700,28.01
2012-01-10,27.58,27.77,26.96,27.29,9740800,26.77
2012-01-09,27.46,27.74,26.64,26.78,8010600,26.27
2012-01-06,28.03,28.20,27.18,27.30,9081900,26.78
2012-01-05,28.17,28.30,27.51,27.79,9099200,27.26
2012-01-04,28.00,28.73,27.80,28.44,8549700,27.89
2012-01-03,27.42,28.48,27.42,28.17,11470000,27.63
2011-12-30,25.60,26.50,25.52,26.46,6724400,25.95
2011-12-29,25.35,25.84,25.20,25.67,4885400,25.18
2011-12-28,26.21,26.35,25.11,25.34,8199600,24.85
2011-12-27,26.17,26.79,26.17,26.20,5914100,25.70
2011-12-23,26.16,26.25,25.64,26.21,6015600,25.71
2011-12-22,25.57,26.19,25.38,25.99,8622900,25.49
2011-12-21,24.99,25.24,24.47,25.11,5926200,24.63
2011-12-20,24.55,25.20,24.45,25.07,8735700,24.59
2011-12-19,25.91,26.03,23.67,23.85,12849900,23.39
2011-12-16,25.63,26.20,25.31,25.87,11310800,25.37
2011-12-15,26.00,26.30,25.03,25.31,11708000,24.82
2011-12-14,25.38,26.09,24.85,25.40,11532300,24.91
2011-12-13,26.30,26.90,25.51,25.78,14408300,25.29
2011-12-12,26.73,26.73,25.51,26.08,9681600,25.58
2011-12-09,26.83,27.74,26.70,27.48,11229500,26.95
2011-12-08,28.13,28.28,26.49,26.61,13745700,26.10
2011-12-07,27.94,28.42,27.62,28.35,11702600,27.81
2011-12-06,28.25,28.69,27.59,28.27,10377700,27.73
2011-12-05,28.78,29.23,28.16,28.51,13764900,27.96
2011-12-02,27.84,28.65,27.51,27.81,15163300,27.28
2011-12-01,26.97,27.41,26.30,27.25,12784000,26.73
2011-11-30,25.33,27.35,25.30,27.30,18865900,26.78
2011-11-29,24.07,24.43,23.50,23.67,8521700,23.22
2011-11-28,23.63,24.34,23.61,24.16,11367500,23.70
2011-11-25,22.28,22.94,22.22,22.27,5540700,21.84
2011-11-23,23.95,23.95,22.41,22.41,14492800,21.98
2011-11-22,24.27,24.92,23.97,24.25,13629700,23.78
2011-11-21,24.77,25.14,23.58,24.50,15673500,24.03
2011-11-18,26.28,26.36,25.62,25.68,12734100,25.19
2011-11-17,26.78,27.80,25.44,25.66,18807600,25.17
2011-11-16,26.83,27.49,26.46,26.54,10300100,26.03
2011-11-15,26.20,27.46,25.87,27.13,11649600,26.61
2011-11-14,26.17,26.82,26.06,26.39,10018900,25.88
2011-11-11,25.97,26.33,25.62,26.14,10029700,25.64
2011-11-10,25.99,26.22,24.77,25.44,13959400,24.95
2011-11-09,26.39,26.76,25.16,25.27,17279300,24.79
2011-11-08,27.62,28.28,27.10,27.54,14449800,27.01
2011-11-07,27.75,28.46,26.70,27.37,17957000,26.84
2011-11-04,26.24,28.49,26.22,27.92,21001500,27.34
2011-11-03,26.47,26.96,25.52,26.55,17122700,25.99
2011-11-02,25.20,26.07,24.79,25.97,13977000,25.43
2011-11-01,24.05,25.14,23.39,24.52,21204000,24.01
2011-10-31,26.75,27.03,25.30,25.36,19849500,24.83
2011-10-28,24.76,28.09,24.52,27.86,29903500,27.28
2011-10-27,23.34,25.17,23.11,24.97,25235900,24.45
2011-10-26,22.74,23.06,21.67,22.31,20092200,21.84
2011-10-25,24.46,24.47,22.33,22.40,20806600,21.93
2011-10-24,23.85,24.78,23.61,24.77,11314700,24.25
2011-10-21,23.31,23.75,22.94,23.37,10253000,22.88
2011-10-20,22.21,22.85,21.77,22.78,11901200,22.30
2011-10-19,23.58,23.65,22.19,22.29,10747400,21.82
2011-10-18,22.44,23.91,21.83,23.75,16104600,23.25
2011-10-17,24.43,24.50,22.89,22.98,9325500,22.50
2011-10-14,24.62,24.84,24.10,24.64,8614400,24.12
2011-10-13,23.68,24.21,23.01,23.95,10440300,23.45
2011-10-12,23.56,24.74,23.52,24.09,13168900,23.59
2011-10-11,22.62,23.65,22.53,23.25,8889000,22.76
2011-10-10,22.48,23.26,22.36,23.05,8951300,22.57
2011-10-07,23.33,23.38,21.58,21.94,11052800,21.48
2011-10-06,22.54,23.42,22.05,23.10,10518000,22.62
2011-10-05,21.43,22.55,21.06,22.48,15089300,22.01
2011-10-04,19.70,21.48,18.85,21.40,18000000,20.95
2011-10-03,22.05,22.38,20.18,20.19,13103900,19.77
2011-09-30,22.50,22.95,21.84,22.01,12307200,21.55
2011-09-29,23.14,23.89,22.20,23.07,14130500,22.59
2011-09-28,24.12,24.12,22.39,22.47,11162000,22.00
2011-09-27,24.08,24.97,23.63,23.88,13655000,23.38
2011-09-26,22.64,23.28,21.77,23.28,12511900,22.79
2011-09-23,22.15,23.07,21.94,22.23,11116200,21.76
2011-09-22,23.65,23.72,21.73,21.99,18266700,21.53
2011-09-21,26.32,26.45,24.76,24.78,10495000,24.26
2011-09-20,27.40,27.47,26.28,26.36,9440200,25.81
2011-09-19,27.00,27.49,26.52,27.30,8584600,26.73
2011-09-16,28.58,28.58,27.49,27.74,8851700,27.16
2011-09-15,28.50,28.84,28.25,28.44,11629200,27.84
2011-09-14,28.18,28.50,27.26,28.04,11818200,27.45
2011-09-13,27.17,28.04,27.00,27.80,10468900,27.22
2011-09-12,26.74,27.44,26.25,27.05,11048100,26.48
2011-09-09,28.48,28.55,27.19,27.40,12347600,26.83
2011-09-08,29.50,30.15,28.74,29.01,10679000,28.40
2011-09-07,28.11,30.19,28.08,29.92,13538700,29.29
2011-09-06,26.76,27.45,26.40,27.39,10892500,26.82
2011-09-02,28.06,28.11,27.45,27.66,8712500,27.08
2011-09-01,30.00,30.16,29.02,29.05,8691000,28.44
2011-08-31,30.88,31.24,29.58,30.11,10820800,29.48
2011-08-30,29.75,30.33,29.24,30.10,10386000,29.47
2011-08-29,28.25,30.06,28.10,30.04,10547000,29.41
2011-08-26,26.27,27.77,25.87,27.55,8055900,26.97
2011-08-25,27.49,27.88,26.36,26.51,6517600,25.95
2011-08-24,26.78,27.29,26.25,27.23,10742000,26.66
2011-08-23,25.78,27.26,25.48,27.25,11393000,26.68
2011-08-22,27.24,27.36,25.44,25.58,12602200,25.04
2011-08-19,26.65,27.88,26.34,26.36,8085300,25.81
2011-08-18,28.88,28.94,27.07,27.28,11743900,26.71
2011-08-17,30.48,30.88,29.95,30.09,7067900,29.46
2011-08-16,31.15,31.45,30.13,30.14,10944500,29.51
2011-08-15,31.48,32.04,31.37,31.89,7484200,31.22
2011-08-12,31.14,31.58,30.74,31.09,9054000,30.44
2011-08-11,29.57,30.87,28.51,30.51,14932900,29.87
2011-08-10,29.44,30.32,28.53,28.86,17032900,28.26
2011-08-09,29.81,30.27,28.10,30.25,13290100,29.62
2011-08-08,31.62,31.98,28.63,28.86,18960200,28.26
2011-08-05,34.70,35.06,31.70,33.24,17546200,32.49
2011-08-04,36.29,36.37,33.62,33.87,17771100,33.11
2011-08-03,38.06,38.14,35.95,37.30,14119900,36.46
2011-08-02,39.10,39.73,37.80,37.80,9581300,36.95
2011-08-01,40.96,41.04,38.93,39.34,8243300,38.46
2011-07-29,39.23,40.53,39.05,39.99,6857700,39.09
2011-07-28,39.84,40.88,39.50,39.73,7902800,38.84
2011-07-27,40.97,41.21,39.75,39.81,10455700,38.92
2011-07-26,42.86,42.86,40.32,40.62,22072600,39.71
2011-07-25,44.17,44.71,44.02,44.29,5227800,43.30
2011-07-22,44.59,45.00,44.06,44.81,4508100,43.81
2011-07-21,43.55,44.85,43.25,44.65,6575400,43.65
2011-07-20,43.18,43.69,42.70,43.37,5336100,42.40
2011-07-19,42.50,42.95,42.16,42.93,7158000,41.97
2011-07-18,42.92,43.36,41.83,42.16,7530100,41.21
2011-07-15,43.00,43.28,42.63,43.01,7927800,42.05
2011-07-14,44.26,44.26,42.10,42.78,11859200,41.82
2011-07-13,43.51,44.75,43.32,44.08,6954300,43.09
2011-07-12,43.31,43.80,42.90,43.14,6371900,42.17
2011-07-11,44.23,44.42,43.37,43.54,7024000,42.56
2011-07-08,44.87,45.31,44.47,45.06,6399300,44.05
2011-07-07,45.90,46.16,45.35,45.85,7220400,44.82
2011-07-06,46.44,46.60,44.95,45.23,11127300,44.22
2011-07-05,46.80,47.33,46.29,46.85,6352300,45.80
2011-07-01,45.99,47.04,45.56,46.91,7080600,45.86
2011-06-30,46.00,46.68,45.66,46.04,8588400,45.01
2011-06-29,44.39,46.34,44.31,45.85,17190200,44.82
2011-06-28,42.23,43.32,42.11,43.31,7329500,42.34
2011-06-27,41.64,42.27,41.00,42.05,5769600,41.11
2011-06-24,43.26,43.47,41.68,41.82,7829200,40.88
2011-06-23,41.95,43.12,41.68,43.11,8541000,42.14
2011-06-22,42.06,43.30,41.90,42.60,6863600,41.65
2011-06-21,41.79,42.49,41.73,42.13,6609000,41.19
2011-06-20,41.05,41.84,40.95,41.47,5627700,40.54
2011-06-17,42.08,42.13,41.00,41.07,7979300,40.15
2011-06-16,42.34,42.49,41.10,41.66,9487800,40.73
2011-06-15,43.01,43.80,42.27,42.53,9916400,41.58
2011-06-14,42.80,43.35,42.31,43.19,6961000,42.22
2011-06-13,43.46,43.52,41.67,42.16,8499800,41.21
2011-06-10,42.56,43.85,42.56,43.33,10365700,42.36
2011-06-09,42.15,43.28,42.00,42.72,6044500,41.76
2011-06-08,42.56,43.08,41.92,42.05,7744800,41.11
2011-06-07,43.23,43.48,42.80,42.85,4722200,41.89
2011-06-06,43.25,43.84,42.73,42.87,5426900,41.91
2011-06-03,43.48,44.03,43.19,43.29,6855800,42.32
2011-06-02,44.05,45.00,43.94,44.14,6433600,43.15
2011-06-01,45.82,45.85,43.90,43.96,8071300,42.97
2011-05-31,46.07,46.36,45.25,46.11,5568200,45.08
2011-05-27,45.56,46.05,45.43,45.67,3895400,44.65
2011-05-26,44.75,45.55,44.46,45.34,6971700,44.32
2011-05-25,44.14,45.18,44.14,44.89,5737500,43.88
2011-05-24,44.66,45.09,44.15,44.23,5794000,43.24
2011-05-23,44.26,44.44,43.86,44.20,7462400,43.21
2011-05-20,45.35,45.54,44.70,44.96,7844900,43.95
2011-05-19,45.93,46.29,45.18,45.44,8492100,44.42
2011-05-18,45.05,46.00,44.74,45.67,6367500,44.65
2011-05-17,44.76,45.29,44.15,44.99,7106500,43.98
2011-05-16,44.47,45.96,44.45,44.89,6837600,43.88
2011-05-13,45.55,45.70,44.47,44.65,9145600,43.65
2011-05-12,45.55,46.20,45.34,45.60,7800000,44.58
2011-05-11,46.84,46.89,45.39,45.67,8993700,44.65
2011-05-10,47.28,47.38,46.06,46.75,7605500,45.70
2011-05-09,46.33,47.10,46.12,46.65,7806100,45.60
2011-05-06,46.96,47.07,45.27,45.66,9650600,44.59
2011-05-05,46.32,46.89,45.87,46.12,9376400,45.04
2011-05-04,47.48,47.48,46.55,46.80,8692200,45.70
2011-05-03,46.67,47.97,46.66,47.48,9249600,46.36
2011-05-02,47.91,47.92,46.70,46.79,7341200,45.69
2011-04-29,47.72,48.27,47.38,47.71,9550900,46.59
2011-04-28,47.52,47.96,46.89,47.66,11519300,46.54
2011-04-27,49.32,49.34,47.13,47.37,20790900,46.26
2011-04-26,51.63,51.64,49.52,49.72,20200000,48.55
2011-04-25,51.79,52.23,51.45,51.83,5628000,50.61
2011-04-21,53.21,53.24,51.65,51.73,7280500,50.52
2011-04-20,53.79,53.82,52.35,52.75,8445000,51.51
2011-04-19,51.30,52.95,51.30,52.74,13969600,51.50
2011-04-18,49.60,50.52,49.28,50.49,8871900,49.30
2011-04-15,50.91,51.03,50.27,50.52,6618500,49.33
2011-04-14,50.27,51.65,50.10,50.85,10836800,49.66
2011-04-13,51.03,51.38,49.95,50.62,9850900,49.43
2011-04-12,50.85,51.28,50.25,50.52,12722300,49.33
2011-04-11,52.86,52.92,51.25,51.72,9823800,50.51
2011-04-08,54.08,54.10,52.52,52.80,10605500,51.56
2011-04-07,54.35,54.76,53.50,53.71,11436600,52.45
2011-04-06,55.31,55.75,54.25,54.58,7199200,53.30
2011-04-05,53.82,55.54,53.62,54.64,10005500,53.36
2011-04-04,54.30,54.94,53.54,54.02,6508600,52.75
2011-04-01,54.29,54.53,53.17,54.12,10471300,52.85
2011-03-31,55.21,55.29,53.70,53.94,12897400,52.67
2011-03-30,57.28,57.55,55.70,56.31,8415100,54.99
2011-03-29,55.66,57.15,55.11,56.78,8838300,55.45
2011-03-28,54.89,56.72,54.62,55.40,10744300,54.10
2011-03-25,54.84,55.91,54.72,55.02,13771200,53.73
2011-03-24,54.38,54.83,53.03,54.65,12250900,53.37
2011-03-23,53.25,54.75,53.13,54.15,9079300,52.88
2011-03-22,53.93,54.41,52.84,53.42,8086100,52.17
2011-03-21,54.22,54.34,52.79,54.16,9621700,52.89
2011-03-18,55.55,55.73,53.31,53.43,11352800,52.18
2011-03-17,55.24,55.78,54.39,54.74,8557900,53.45
2011-03-16,54.42,56.20,52.63,53.93,17990300,52.66
2011-03-15,53.17,54.63,53.02,54.03,11163100,52.76
2011-03-14,55.62,55.70,54.20,54.96,7667100,53.67
2011-03-11,53.39,55.37,53.24,55.14,11024800,53.84
2011-03-10,53.13,53.59,52.11,52.75,9489100,51.51
2011-03-09,55.40,55.42,53.50,53.85,12112400,52.59
2011-03-08,54.41,55.97,53.71,55.72,8859200,54.41
2011-03-07,55.85,55.92,53.89,54.38,8379300,53.10
2011-03-04,56.77,56.95,55.20,55.82,7916700,54.51
2011-03-03,56.56,56.88,55.50,56.75,9028100,55.42
2011-03-02,55.28,56.84,55.16,55.70,9556700,54.39
2011-03-01,57.69,57.85,54.90,54.97,11044400,53.68
2011-02-28,57.29,58.29,57.06,57.49,9140800,56.14
2011-02-25,57.80,57.98,56.43,56.76,9402200,55.43
2011-02-24,57.32,58.28,55.70,57.13,12442900,55.79
2011-02-23,58.30,58.77,54.67,56.99,16033900,55.65
2011-02-22,60.49,61.67,57.40,57.58,14913500,56.23
2011-02-18,63.97,64.03,61.06,61.86,9635900,60.41
2011-02-17,63.47,63.84,62.22,63.64,9458900,62.15
2011-02-16,62.97,63.62,62.65,63.35,7231800,61.86
2011-02-15,62.02,63.30,61.92,62.31,14544300,60.85
2011-02-14,58.84,60.93,58.84,60.35,8449300,58.93
2011-02-11,58.01,59.06,56.90,58.92,8075400,57.54
2011-02-10,56.43,58.25,56.35,57.83,8381700,56.47
2011-02-09,58.59,58.93,56.49,57.22,9420900,55.88
2011-02-08,59.69,59.85,58.45,58.91,7438500,57.53
2011-02-07,57.97,60.09,57.96,58.94,9640400,57.56
2011-02-04,61.00,61.40,57.96,58.17,14968400,56.75
2011-02-03,58.92,60.78,58.14,60.64,9228600,59.16
2011-02-02,59.08,61.38,58.77,59.66,11440900,58.21
2011-02-01,58.27,59.82,57.60,59.77,9510400,58.32
2011-01-31,56.13,57.68,56.13,57.67,8429100,56.27
2011-01-28,58.38,58.69,55.68,55.80,11126300,54.44
2011-01-27,59.22,59.50,57.77,58.28,9342400,56.86
2011-01-26,58.03,59.77,58.01,59.48,15289700,58.03
2011-01-25,54.13,57.33,53.22,57.30,24441900,55.91
2011-01-24,53.68,54.98,52.90,54.44,10768900,53.12
2011-01-21,55.52,55.57,53.07,53.29,10921000,51.99
2011-01-20,51.84,54.42,51.33,54.11,15730600,52.79
2011-01-19,54.99,55.25,52.06,52.33,14895000,51.06
2011-01-18,55.11,55.79,54.75,55.63,6797800,54.28
2011-01-14,55.40,56.44,54.43,54.67,12100700,53.34
2011-01-13,56.66,58.08,55.54,55.60,14263700,54.25
2011-01-12,57.85,58.00,56.42,56.63,9349800,55.25
2011-01-11,55.87,57.58,55.81,57.08,9466900,55.69
2011-01-10,55.16,55.98,54.80,55.40,11038500,54.05
2011-01-07,58.65,59.55,55.67,56.14,16503800,54.77
2011-01-06,60.07,60.86,58.93,59.06,9392200,57.62
2011-01-05,59.47,60.99,58.55,60.58,9847200,59.11
2011-01-04,60.06,60.78,58.75,60.18,10301800,58.72
2011-01-03,59.29,61.18,59.10,60.23,9644000,58.76
2010-12-31,58.93,59.35,58.28,58.42,3501400,57.00
2010-12-30,58.42,59.50,58.42,59.02,4564700,57.58
2010-12-29,58.58,58.88,58.13,58.51,4211900,57.09
2010-12-28,57.92,58.84,57.90,58.28,3732800,56.86
2010-12-27,57.80,58.14,56.79,58.07,4823300,56.66
2010-12-23,58.26,59.10,57.70,58.10,6374000,56.69
2010-12-22,58.78,59.26,57.88,58.66,6366100,57.23
2010-12-21,57.81,59.08,57.47,58.92,9239100,57.49
2010-12-20,59.40,59.46,57.79,57.91,12316300,56.50
2010-12-17,57.57,59.15,57.10,58.90,12672900,57.47
2010-12-16,55.34,57.48,54.80,57.19,15274300,55.80
2010-12-15,54.88,56.69,54.82,55.77,11200200,54.41
2010-12-14,54.18,55.59,54.01,55.20,9885700,53.86
2010-12-13,54.58,54.90,53.78,54.18,9204700,52.86
2010-12-10,53.07,54.06,52.41,53.61,7817600,52.31
2010-12-09,52.79,53.54,52.40,52.94,8323800,51.65
2010-12-08,53.37,53.97,51.75,52.04,10613500,50.77
2010-12-07,53.65,54.45,52.55,52.96,13711800,51.67
2010-12-06,51.06,52.85,51.06,52.40,10169600,51.13
2010-12-03,50.87,51.14,50.39,51.05,8769900,49.81
2010-12-02,50.48,51.27,50.41,50.51,9956300,49.28
2010-12-01,49.46,50.50,49.35,50.29,13147200,49.07
2010-11-30,47.28,49.15,47.23,48.61,12741300,47.43
2010-11-29,47.08,48.10,46.55,47.89,7986000,46.73
2010-11-26,46.71,47.48,46.52,47.34,3025300,46.19
2010-11-24,46.91,47.55,46.80,47.10,5779900,45.95
2010-11-23,46.96,47.24,46.06,46.55,9966400,45.42
2010-11-22,47.57,48.39,47.09,47.46,8597900,46.31
2010-11-19,46.37,48.09,46.03,47.86,11226800,46.70
2010-11-18,46.13,46.89,46.02,46.37,6857700,45.24
2010-11-17,45.25,46.23,44.91,45.32,7573700,44.22
2010-11-16,45.96,46.09,44.96,45.43,10528400,44.32
2010-11-15,47.21,47.27,46.48,46.55,7971500,45.42
2010-11-12,47.05,48.14,46.62,47.16,9844900,46.01
2010-11-11,47.15,48.21,47.01,47.80,8307500,46.64
2010-11-10,47.46,47.88,46.74,47.63,10396700,46.47
2010-11-09,48.41,48.89,46.79,47.20,18696900,46.05
2010-11-08,48.09,48.45,47.32,47.70,9648600,46.54
2010-11-05,47.62,48.75,47.40,48.55,15857200,47.32
2010-11-04,46.50,47.40,46.42,47.33,12874000,46.13
2010-11-03,45.00,45.90,44.71,45.67,13592600,44.51
2010-11-02,44.10,45.10,44.05,44.85,13019800,43.71
2010-11-01,43.10,43.88,42.86,43.29,11637900,42.19
2010-10-29,40.31,42.79,40.25,42.72,15186000,41.64
2010-10-28,40.53,40.53,39.98,40.47,8886800,39.44
2010-10-27,40.42,40.80,39.84,40.25,11790800,39.23
2010-10-26,40.09,41.14,39.78,40.85,19589400,39.82
2010-10-25,42.75,42.80,41.91,42.27,10881200,41.20
2010-10-22,42.35,42.57,41.57,42.28,8285700,41.21
2010-10-21,43.25,43.30,41.30,42.23,13661600,41.16
2010-10-20,42.83,43.50,42.45,43.08,9789600,41.99
2010-10-19,43.52,43.60,42.15,42.51,15305300,41.43
2010-10-18,43.36,44.44,43.20,44.31,9114300,43.19
2010-10-15,44.32,44.40,43.10,43.68,10783100,42.57
2010-10-14,44.82,44.90,43.51,43.86,10540500,42.75
2010-10-13,45.34,45.48,44.07,44.89,14469800,43.75
2010-10-12,44.89,44.96,44.27,44.83,11301700,43.69
2010-10-11,46.04,46.65,45.33,45.62,8841400,44.46
2010-10-08,44.66,46.20,44.52,45.92,14201800,44.76
2010-10-07,44.53,44.64,43.45,44.46,13062800,43.33
2010-10-06,42.90,44.43,42.85,44.08,13052600,42.96
2010-10-05,43.11,43.44,42.05,43.00,13990900,41.91
2010-10-04,43.11,43.11,41.89,42.42,11985600,41.35
2010-10-01,44.72,44.95,43.21,43.63,12299200,42.52
2010-09-30,44.95,45.13,43.33,43.84,11209400,42.73
2010-09-29,43.31,44.67,43.13,44.31,11449400,43.19
2010-09-28,43.05,43.78,42.59,43.66,10514800,42.55
2010-09-27,43.47,43.47,42.65,42.79,9344000,41.71
2010-09-24,42.91,43.32,42.46,43.23,15472700,42.13
2010-09-23,42.98,43.33,41.80,42.00,18815200,40.94
2010-09-22,45.46,46.00,43.41,43.49,17191700,42.39
2010-09-21,45.52,45.60,44.51,44.99,12964300,43.85
2010-09-20,45.50,45.66,44.35,45.44,14728600,44.29
2010-09-17,47.01,47.03,46.00,46.20,8778700,45.03
2010-09-16,45.52,46.99,45.50,46.49,11018800,45.31
2010-09-15,46.55,46.72,45.40,45.78,15465100,44.62
2010-09-14,47.35,47.69,46.53,46.83,14828400,45.64
2010-09-13,48.52,48.90,48.00,48.31,9403000,47.09
2010-09-10,46.79,47.89,46.05,47.45,9691100,46.25
2010-09-09,48.99,49.06,46.06,46.91,16185500,45.72
2010-09-08,48.37,49.14,47.94,48.09,15552600,46.87
2010-09-07,45.85,48.75,45.80,48.09,25123200,46.87
2010-09-03,46.35,46.50,45.61,45.99,9552400,44.83
2010-09-02,44.65,45.60,43.96,45.30,9605300,44.15
2010-09-01,44.03,44.67,43.50,44.44,10529600,43.31
2010-08-31,41.68,43.65,41.68,42.49,12142300,41.41
2010-08-30,43.44,43.81,41.87,41.91,10236100,40.85
2010-08-27,42.71,43.91,41.50,43.71,12497000,42.60
2010-08-26,43.43,43.73,41.86,42.00,10084500,40.94
2010-08-25,43.19,43.58,42.10,42.82,14193000,41.74
2010-08-24,44.27,44.99,43.44,43.53,13290700,42.43
2010-08-23,47.31,47.66,45.57,45.63,10826400,44.47
2010-08-20,47.70,47.87,46.01,47.06,14370000,45.87
2010-08-19,50.59,51.39,47.66,47.78,23163800,46.57
2010-08-18,47.24,50.59,46.77,49.59,28167800,48.33
2010-08-17,46.44,48.19,46.27,47.32,11463700,46.12
2010-08-16,45.11,46.22,44.80,45.40,7281700,44.25
2010-08-13,45.22,46.13,44.99,45.10,8060100,43.96
2010-08-12,44.26,45.67,44.10,45.14,9414800,44.00
2010-08-11,46.26,46.79,45.10,45.32,9336700,44.17
2010-08-10,48.06,48.20,47.14,47.80,10139300,46.59
2010-08-09,49.09,49.15,48.34,48.86,7052900,47.62
2010-08-06,47.08,48.67,47.04,48.50,11981100,47.22
2010-08-05,47.82,47.96,47.24,47.67,7297000,46.41
2010-08-04,47.34,48.22,46.96,48.08,11259700,46.81
2010-08-03,46.77,47.98,46.62,47.00,10593900,45.76
2010-08-02,45.50,47.15,45.15,46.81,13220400,45.58
2010-07-30,43.17,44.89,42.97,44.33,11967700,43.16
2010-07-29,44.87,45.15,43.00,43.77,13941000,42.62
2010-07-28,45.23,45.76,44.02,44.37,14747200,43.20
2010-07-27,47.70,47.99,45.00,45.76,24728400,44.55
2010-07-26,49.03,49.70,47.93,48.89,15187500,47.60
2010-07-23,47.08,48.94,46.53,48.90,17263600,47.61
2010-07-22,46.05,47.27,45.55,46.72,13138500,45.49
2010-07-21,45.56,46.68,44.51,44.79,18269000,43.61
2010-07-20,40.43,44.48,40.43,44.29,17013800,43.12
2010-07-19,41.92,42.05,40.71,41.22,7822800,40.13
2010-07-16,42.51,42.74,41.20,41.36,9223400,40.27
2010-07-15,42.99,43.06,41.84,42.92,10716100,41.79
2010-07-14,42.51,43.68,41.56,43.30,14356600,42.16
2010-07-13,42.92,43.09,41.98,42.59,11452800,41.47
2010-07-12,42.83,42.83,40.86,41.51,9855000,40.42
2010-07-09,40.91,43.38,40.89,42.88,13379000,41.75
2010-07-08,41.30,41.30,39.85,41.09,10947900,40.01
2010-07-07,38.22,40.45,38.02,40.39,12956400,39.33
2010-07-06,39.18,39.88,37.70,38.22,12633900,37.21
2010-07-02,38.71,38.71,36.93,37.66,10126600,36.67
2010-07-01,38.55,39.49,37.00,38.14,19390800,37.14
2010-06-30,38.96,40.09,38.39,38.55,11562000,37.53
2010-06-29,40.18,40.92,38.70,39.11,16318800,38.08
2010-06-28,43.32,43.37,41.32,41.55,10766400,40.46
2010-06-25,42.20,43.61,41.49,43.24,12952400,42.10
2010-06-24,43.71,43.80,41.90,42.05,14014900,40.94
2010-06-23,43.63,44.57,42.60,44.06,13332300,42.90
2010-06-22,45.50,45.52,43.39,43.59,11462400,42.44
2010-06-21,45.00,46.25,44.61,44.97,16931500,43.79
2010-06-18,44.30,44.35,43.00,43.41,11058200,42.27
2010-06-17,45.42,45.50,43.50,44.10,12822900,42.94
2010-06-16,45.24,45.89,44.68,45.31,9220500,44.12
2010-06-15,44.99,46.00,43.98,45.91,10631600,44.70
2010-06-14,46.17,46.26,44.47,44.56,12788800,43.39
2010-06-11,43.07,44.84,42.83,44.82,12892200,43.64
2010-06-10,42.77,43.26,42.22,43.19,11524900,42.05
2010-06-09,42.20,43.32,41.04,41.34,17225800,40.25
2010-06-08,40.64,41.50,40.10,41.34,18040800,40.25
2010-06-07,42.13,42.42,40.29,40.30,15421700,39.24
2010-06-04,43.57,44.27,41.39,41.99,25928700,40.88
2010-06-03,46.52,46.65,44.00,45.28,14404300,44.09
2010-06-02,44.67,45.84,44.35,45.84,12379600,44.63
2010-06-01,46.05,46.60,44.01,44.01,14489300,42.85
2010-05-28,48.60,48.67,46.53,47.21,14062100,45.97
2010-05-27,46.88,48.93,46.33,48.86,18609200,47.57
2010-05-26,48.55,48.62,44.94,45.12,22775000,43.93
2010-05-25,43.82,47.69,43.61,47.31,24330800,46.06
2010-05-24,47.06,47.39,45.47,45.64,14416400,44.44
2010-05-21,45.22,48.10,45.18,47.10,25092000,45.86
2010-05-20,47.47,48.46,45.38,45.68,27394100,44.48
2010-05-19,47.66,49.64,47.42,49.30,28453400,48.00
2010-05-18,52.32,53.04,48.10,48.48,28053200,47.20
2010-05-17,52.24,52.50,48.91,51.15,24880600,49.80
2010-05-14,54.78,55.05,51.53,52.81,25878700,51.42
2010-05-13,56.31,57.96,55.73,55.98,23121100,54.51
2010-05-12,53.34,55.13,52.93,55.03,16273600,53.58
2010-05-11,54.46,54.86,52.70,52.96,18236200,51.57
2010-05-10,55.95,56.12,54.47,55.59,15351100,54.13
2010-05-07,52.68,54.14,50.13,52.22,22258900,50.80
2010-05-06,53.80,55.83,48.90,52.30,25163000,50.87
2010-05-05,51.41,55.75,51.00,53.83,23111400,52.36
2010-05-04,53.72,53.79,51.88,53.11,19621000,51.66
2010-05-03,55.06,55.36,52.60,54.97,19495600,53.47
2010-04-30,57.21,57.85,54.30,54.66,16474800,53.17
2010-04-29,58.95,58.95,56.62,57.13,16973900,55.57
2010-04-28,58.26,59.11,57.56,58.44,18176700,56.85
2010-04-27,60.05,60.75,56.22,56.63,23284200,55.09
2010-04-26,60.30,61.39,59.64,60.07,14774300,58.43
2010-04-23,59.25,59.49,57.91,59.24,14050300,57.62
2010-04-22,57.17,58.96,56.07,58.74,17361400,57.14
2010-04-21,59.04,59.51,56.58,57.98,15486600,56.40
2010-04-20,59.13,60.32,58.62,58.84,17891200,57.24
2010-04-19,59.18,59.43,56.88,57.92,21818700,56.34
2010-04-16,61.50,62.45,59.09,59.81,23459500,58.18
2010-04-15,63.93,64.53,61.68,61.96,14856200,60.27
2010-04-14,65.16,65.44,63.77,64.02,11451800,62.27
2010-04-13,63.84,65.16,63.51,64.15,9919800,62.40
2010-04-12,64.68,65.45,63.72,63.92,10722700,62.18
2010-04-09,67.12,67.38,63.92,64.62,20301000,62.86
2010-04-08,66.21,66.80,65.03,66.26,17296300,64.45
2010-04-07,69.70,69.87,66.89,67.25,19818800,65.42
2010-04-06,68.80,70.95,68.48,69.71,16697300,67.81
2010-04-05,66.68,69.01,66.15,68.96,14734600,67.08
2010-04-01,64.74,65.99,64.32,65.70,15637500,63.91
2010-03-31,63.22,64.62,63.13,63.52,11312000,61.79
2010-03-30,65.49,65.52,63.34,63.77,13036700,62.03
2010-03-29,64.89,65.30,64.42,64.90,12812800,63.13
2010-03-26,63.09,64.88,62.80,63.96,19336300,62.22
2010-03-25,64.63,65.44,62.13,62.37,21322700,60.67
2010-03-24,62.61,64.53,62.24,63.53,17757100,61.80
2010-03-23,60.65,63.42,60.32,63.32,18209300,61.59
2010-03-22,57.95,60.49,57.45,60.34,13657200,58.69
2010-03-19,59.24,60.55,58.24,59.24,15140600,57.62
2010-03-18,61.03,61.98,59.74,59.93,17307100,58.30
2010-03-17,62.89,63.44,60.62,60.94,16637800,59.28
2010-03-16,61.25,62.66,61.01,62.49,14749000,60.79
2010-03-15,60.78,60.94,59.20,60.69,12296300,59.04
2010-03-12,61.08,61.95,60.92,61.40,13810200,59.73
2010-03-11,59.24,60.48,58.70,60.42,12631700,58.77
2010-03-10,60.94,61.09,59.29,59.96,16775300,58.33
2010-03-09,60.25,61.58,59.57,60.23,20835500,58.59
2010-03-08,60.77,61.08,59.56,61.03,20266600,59.37
2010-03-05,57.68,59.12,57.44,58.90,17877400,57.29
2010-03-04,57.22,57.53,56.11,56.64,21435800,55.10
2010-03-03,56.15,57.82,55.94,56.38,16857700,54.84
2010-03-02,55.40,56.33,54.77,55.30,14696500,53.79
2010-03-01,53.58,54.71,52.90,54.58,14105900,53.09
2010-02-26,53.22,53.41,52.29,52.94,12476300,51.50
2010-02-25,50.81,53.40,50.05,53.18,19347300,51.73
2010-02-24,51.42,52.54,50.87,52.12,16108000,50.70
2010-02-23,53.01,53.26,50.85,51.09,16283400,49.70
2010-02-22,53.94,54.13,52.91,53.50,13050300,52.04
2010-02-19,50.68,53.58,50.56,53.29,22371600,51.84
2010-02-18,50.09,51.25,50.00,50.96,16415400,49.57
2010-02-17,51.86,52.47,50.01,50.85,19188200,49.46
2010-02-16,49.23,51.57,49.05,51.14,27289100,49.75
2010-02-12,45.93,48.64,45.61,47.98,26302900,46.67
2010-02-11,44.62,47.39,44.52,47.01,23036500,45.73
2010-02-10,45.52,46.13,44.01,44.37,19820300,43.16
2010-02-09,45.45,46.50,44.95,46.01,21781900,44.76
2010-02-08,44.82,45.90,43.64,44.09,16556700,42.89
2010-02-05,44.17,44.83,42.32,44.78,28598300,43.51
2010-02-04,45.71,45.82,44.02,44.07,20370300,42.82
2010-02-03,47.29,48.13,46.60,46.82,12703800,45.49
2010-02-02,48.20,48.25,46.90,48.05,20656200,46.69
2010-02-01,45.17,47.37,45.08,47.32,19375000,45.98
2010-01-29,46.12,47.50,43.75,44.43,29901900,43.17
2010-01-28,47.27,47.66,45.23,45.58,27279900,44.29
2010-01-27,48.75,49.01,45.05,46.60,48032200,45.28
2010-01-26,52.66,53.40,49.48,49.61,41417600,48.20
2010-01-25,56.77,57.49,55.00,56.23,16024500,54.64
2010-01-22,56.30,58.47,54.30,55.00,28085900,53.44
2010-01-21,63.29,63.86,57.64,57.67,26907300,56.03
2010-01-20,64.02,64.08,62.24,63.26,15164600,61.47
2010-01-19,62.91,65.53,62.65,65.44,14130200,63.58
2010-01-15,63.26,63.63,61.62,62.04,12631800,60.28
2010-01-14,63.32,63.87,62.45,63.56,11051000,61.76
2010-01-13,63.70,63.95,61.42,63.17,13217000,61.38
2010-01-12,61.84,64.72,61.80,62.93,22930900,61.15
2010-01-11,66.20,66.45,62.80,62.93,19441300,61.15
2010-01-08,60.84,66.08,60.76,65.34,25997900,63.49
2010-01-07,60.24,61.00,58.87,60.91,12132800,59.18
2010-01-06,57.92,60.80,57.85,60.40,11831200,58.69
2010-01-05,58.07,58.45,57.27,57.83,9003200,56.19
2010-01-04,56.42,58.37,56.21,57.91,10339400,56.27
2009-12-31,55.75,56.15,55.06,55.12,3589500,53.56
2009-12-30,53.93,55.97,53.83,55.51,8010200,53.94
2009-12-29,56.77,56.89,54.56,54.71,8529900,53.16
2009-12-28,57.56,58.19,56.03,56.49,8671100,54.89
2009-12-24,55.26,57.02,55.14,56.86,6140000,55.25
2009-12-23,53.28,55.11,53.08,55.01,7072700,53.45
2009-12-22,52.34,53.20,51.69,53.10,8071000,51.59
2009-12-21,49.84,52.47,49.81,52.35,10823400,50.87
2009-12-18,49.42,49.47,48.36,49.23,7299200,47.83
2009-12-17,49.26,49.60,48.62,48.73,7409800,47.35
2009-12-16,48.95,49.88,48.74,49.67,9334100,48.26
2009-12-15,48.18,49.20,48.09,48.27,5914100,46.90
2009-12-14,46.50,48.75,46.50,48.61,8325800,47.23
2009-12-11,46.45,47.44,46.00,47.14,8329200,45.80
2009-12-10,46.62,47.14,45.83,46.07,9681300,44.76
2009-12-09,44.56,46.84,44.04,46.74,13987000,45.41
2009-12-08,44.20,44.68,43.71,44.23,8068400,42.98
2009-12-07,44.16,45.62,44.16,44.75,8495900,43.48
2009-12-04,45.78,46.40,43.31,44.39,13953200,43.13
2009-12-03,45.64,46.07,44.78,44.95,9468400,43.68
2009-12-02,45.39,46.05,45.08,45.42,7417000,44.13
2009-12-01,45.61,46.06,45.01,45.18,10081400,43.90
2009-11-30,44.55,44.96,44.05,44.66,13503300,43.39
2009-11-27,41.74,43.49,41.55,43.05,6189600,41.83
2009-11-25,42.51,43.71,42.23,43.67,7724200,42.43
2009-11-24,42.15,42.27,41.31,42.04,7036600,40.85
2009-11-23,42.15,42.90,42.02,42.22,7529800,41.02
2009-11-20,40.45,41.40,40.15,41.32,7753500,40.15
2009-11-19,42.12,42.23,40.60,41.28,9787400,40.11
2009-11-18,42.55,43.27,42.35,42.73,10153500,41.52
2009-11-17,41.22,42.46,41.01,42.30,8513300,41.10
2009-11-16,40.78,41.83,40.69,41.37,11012700,40.20
2009-11-13,39.16,40.15,39.05,39.49,8159600,38.37
2009-11-12,39.14,40.25,38.83,39.04,10463200,37.93
2009-11-11,38.82,39.82,38.73,39.30,12488300,38.19
2009-11-10,38.56,38.56,37.45,38.08,9527900,37.00
2009-11-09,38.03,38.97,38.03,38.71,8981700,37.61
2009-11-06,36.31,38.00,36.17,37.38,13742600,36.32
2009-11-05,36.17,36.84,35.81,36.81,9105800,35.72
2009-11-04,36.50,37.46,35.45,35.55,17368900,34.50
2009-11-03,33.97,35.92,33.75,35.50,13312100,34.45
2009-11-02,35.07,35.80,33.25,34.48,16642700,33.46
2009-10-30,36.82,38.00,33.97,34.49,18628500,33.47
2009-10-29,36.76,38.25,36.51,36.74,18624000,35.65
2009-10-28,37.20,37.38,35.22,35.53,17827200,34.48
2009-10-27,40.26,40.30,36.83,37.41,23976700,36.30
2009-10-26,41.31,42.28,40.36,40.58,11967000,39.38
2009-10-23,42.25,42.50,40.59,40.87,9129100,39.66
2009-10-22,41.73,42.00,40.29,41.63,10555900,40.39
2009-10-21,41.90,43.10,41.55,42.11,12356600,40.86
2009-10-20,43.34,43.34,41.51,42.28,12786000,41.03
2009-10-19,43.69,43.80,42.50,42.57,11705800,41.31
2009-10-16,44.64,44.71,43.31,43.44,10927500,42.15
2009-10-15,44.50,45.87,44.30,45.63,9333700,44.28
2009-10-14,44.88,45.29,44.22,45.04,11751400,43.70
2009-10-13,42.43,43.97,41.86,43.81,11806200,42.51
2009-10-12,44.11,44.18,42.26,42.41,11470100,41.15
2009-10-09,43.81,44.16,43.32,43.85,7535800,42.55
2009-10-08,43.96,44.57,43.16,44.12,11451800,42.81
2009-10-07,42.84,43.29,41.92,42.59,9693000,41.33
2009-10-06,43.62,43.80,42.20,42.65,13097100,41.38
2009-10-05,41.37,42.87,41.00,42.63,12846600,41.37
2009-10-02,41.37,41.93,40.40,40.75,17370600,39.54
2009-10-01,44.04,44.33,42.15,42.26,14392700,41.01
2009-09-30,46.17,46.31,43.93,44.37,14784500,43.05
2009-09-29,46.20,46.97,45.43,45.56,10282000,44.21
2009-09-28,46.26,47.25,45.20,46.31,10939300,44.94
2009-09-25,47.22,48.40,46.34,46.63,9523000,45.25
2009-09-24,50.09,50.20,47.52,47.96,11931300,46.54
2009-09-23,50.25,51.65,49.60,49.83,13335100,48.35
2009-09-22,49.56,50.33,49.22,50.24,9930000,48.75
2009-09-21,47.77,48.38,47.26,48.02,8384800,46.60
2009-09-18,49.42,49.65,48.40,49.03,11286200,47.58
2009-09-17,49.50,50.45,48.59,49.15,13600900,47.69
2009-09-16,50.16,50.62,49.33,49.81,16574500,48.33
2009-09-15,46.59,49.87,46.50,48.98,17988700,47.53
2009-09-14,44.81,46.80,44.61,46.72,10253200,45.33
2009-09-11,46.62,47.27,45.03,45.86,14028700,44.50
2009-09-10,44.23,45.97,43.75,45.75,11768200,44.39
2009-09-09,43.68,44.66,42.79,44.30,11042300,42.99
2009-09-08,43.48,43.86,42.75,43.28,9073400,42.00
2009-09-04,42.14,42.61,41.38,42.36,6949000,41.10
2009-09-03,42.69,42.85,41.51,42.16,7473000,40.91
2009-09-02,41.67,42.30,41.10,41.71,7947500,40.47
2009-09-01,43.39,44.79,41.78,41.95,14146400,40.71
2009-08-31,43.61,43.93,43.17,43.78,8975400,42.48
2009-08-28,44.34,44.79,43.65,44.60,12039900,43.28
2009-08-27,43.33,43.81,41.84,43.44,13257000,42.15
2009-08-26,44.00,44.27,43.02,43.24,13394600,41.96
2009-08-25,45.40,45.76,44.19,44.32,9953200,43.00
2009-08-24,45.50,46.15,44.82,45.00,10430700,43.66
2009-08-21,44.50,45.24,44.43,44.86,9665600,43.53
2009-08-20,43.31,43.94,43.21,43.71,9639700,42.41
2009-08-19,42.46,43.80,41.57,43.21,14793100,41.93
2009-08-18,42.79,44.01,42.25,43.69,13168500,42.39
2009-08-17,43.64,43.71,42.19,42.32,16178600,41.06
2009-08-14,47.60,47.60,45.79,46.14,12564300,44.77
2009-08-13,45.79,47.41,44.95,47.32,14720800,45.92
2009-08-12,43.22,45.59,43.00,45.05,14350600,43.71
2009-08-11,43.25,43.42,42.22,43.20,11162600,41.92
2009-08-10,44.25,44.45,43.22,43.85,11701000,42.55
2009-08-07,44.28,45.30,42.85,44.94,16506400,43.56
2009-08-06,45.38,45.81,43.01,43.40,19451100,42.07
2009-08-05,44.00,45.23,42.96,44.99,17622600,43.61
2009-08-04,42.50,43.74,42.42,43.51,14618500,42.17
2009-08-03,41.17,43.17,40.88,43.03,20685200,41.71
2009-07-31,38.64,40.19,38.50,39.75,10731800,38.53
2009-07-30,38.40,39.42,38.01,38.61,12653700,37.42
2009-07-29,39.05,39.20,37.21,37.49,19671900,36.34
2009-07-28,39.61,40.93,39.25,40.35,20402700,39.11
2009-07-27,41.06,41.73,40.24,41.27,10576700,40.00
2009-07-24,39.40,40.75,39.25,40.72,10776200,39.47
2009-07-23,37.99,39.96,37.81,39.63,13146900,38.41
2009-07-22,38.15,39.17,37.78,38.13,12847700,36.96
2009-07-21,40.60,40.61,37.48,39.01,18130800,37.81
2009-07-20,38.26,39.58,38.05,39.48,19132400,38.27
2009-07-17,36.46,38.00,36.30,37.42,16145800,36.27
2009-07-16,35.12,36.82,34.89,36.49,14049000,35.37
2009-07-15,33.90,35.20,33.40,35.03,12918700,33.95
2009-07-14,32.16,32.87,31.91,32.57,11475400,31.57
2009-07-13,31.05,31.69,30.00,31.64,10549900,30.67
2009-07-10,31.00,31.26,30.00,30.77,11150600,29.82
2009-07-09,31.70,32.12,31.20,31.39,13884300,30.42
2009-07-08,31.70,32.28,29.35,30.50,21193700,29.56
2009-07-07,32.30,32.81,31.45,31.63,14369400,30.66
2009-07-06,33.00,33.41,31.49,32.03,15357700,31.04
2009-07-02,34.03,34.85,33.50,34.00,9457400,32.95
2009-07-01,36.36,36.77,34.61,34.79,13176100,33.72
2009-06-30,37.02,37.45,35.58,35.74,11466200,34.64
2009-06-29,37.39,37.80,36.75,37.01,16407600,35.87
2009-06-26,35.78,37.40,35.66,36.91,15867600,35.77
2009-06-25,34.72,36.08,34.55,35.96,10300800,34.85
2009-06-24,35.33,36.29,34.62,35.13,14350200,34.05
2009-06-23,34.28,35.10,33.12,34.54,18113600,33.48
2009-06-22,36.55,36.99,34.00,34.12,14689900,33.07
2009-06-19,37.68,37.99,37.01,37.57,13393500,36.41
2009-06-18,36.35,37.28,35.58,36.82,13549500,35.69
2009-06-17,36.24,37.04,35.02,36.16,18818700,35.05
2009-06-16,38.18,38.86,36.07,36.70,18631800,35.57
2009-06-15,38.02,38.23,37.01,37.10,16862700,35.96
2009-06-12,40.92,41.17,38.80,39.32,26727700,38.11
2009-06-11,40.29,43.15,40.20,41.83,31192200,40.54
2009-06-10,39.22,40.21,38.52,40.13,24733000,38.90
2009-06-09,36.35,38.03,36.11,37.82,18888200,36.66
2009-06-08,35.02,35.42,33.86,35.06,14853500,33.98
2009-06-05,36.37,37.25,35.32,36.21,19215900,35.10
2009-06-04,34.44,36.07,33.86,35.58,13980000,34.49
2009-06-03,35.75,35.93,33.39,33.98,16997500,32.93
2009-06-02,36.90,37.84,36.14,36.43,15021900,35.31
2009-06-01,35.58,37.39,35.24,36.82,18908400,35.69
2009-05-29,33.22,34.08,33.11,34.08,16211400,33.03
2009-05-28,32.49,33.17,31.72,32.80,14573000,31.79
2009-05-27,31.06,33.54,30.91,31.78,19888000,30.80
2009-05-26,28.76,30.99,28.62,30.73,14059500,29.78
2009-05-22,30.44,30.74,29.37,29.49,12694800,28.58
2009-05-21,30.24,30.64,29.45,30.00,14324200,29.08
2009-05-20,31.15,32.80,30.76,31.24,21279200,30.28
2009-05-19,28.56,30.71,28.53,29.94,17888200,29.02
2009-05-18,27.76,28.54,27.06,28.53,12900300,27.65
2009-05-15,27.61,28.19,26.71,27.13,11371100,26.30
2009-05-14,26.81,27.70,25.96,27.39,13919300,26.55
2009-05-13,27.99,28.19,26.27,26.71,19465700,25.89
2009-05-12,29.55,29.82,27.60,28.87,16857400,27.98
2009-05-11,30.23,30.45,29.14,29.30,16075700,28.40
2009-05-08,30.98,31.65,30.16,31.30,15929800,30.29
2009-05-07,32.17,32.97,29.30,29.99,19550900,29.02
2009-05-06,31.92,31.94,30.33,31.20,20111900,30.19
2009-05-05,30.55,31.22,29.71,30.81,22543300,29.81
2009-05-04,29.44,31.70,29.32,31.46,23021800,30.44
2009-05-01,26.64,29.02,26.58,28.56,22837900,27.64
2009-04-30,26.17,26.80,25.76,26.55,29132000,25.69
2009-04-29,26.33,26.85,25.50,25.50,50019100,24.68
2009-04-28,25.47,27.09,25.19,26.15,26640000,25.31
2009-04-27,27.76,28.59,27.20,27.71,15744800,26.81
2009-04-24,27.56,29.39,27.27,29.03,16554800,28.09
2009-04-23,27.59,28.16,26.57,27.03,16205300,26.16
2009-04-22,27.73,29.54,27.22,28.35,13574400,27.43
2009-04-21,25.56,28.51,25.49,28.28,14647900,27.37
2009-04-20,28.75,28.75,26.55,26.58,15325000,25.72
2009-04-17,28.77,30.38,28.10,29.96,19925500,28.99
2009-04-16,28.23,29.24,27.02,28.74,17929900,27.81
2009-04-15,26.14,27.61,25.73,27.61,15673800,26.72
2009-04-14,26.87,27.88,25.82,26.08,14152500,25.24
2009-04-13,25.58,27.72,25.18,27.37,13229200,26.49
2009-04-09,25.24,26.16,24.85,26.11,14525400,25.27
2009-04-08,24.18,24.36,22.65,23.85,11565900,23.08
2009-04-07,24.13,24.78,23.31,23.39,13448900,22.63
2009-04-06,25.12,25.38,24.33,25.16,12910500,24.35
2009-04-03,24.65,26.45,24.50,25.87,19966500,25.03
2009-04-02,24.09,25.50,23.78,25.18,22053000,24.37
2009-04-01,20.50,22.92,20.17,22.62,18635000,21.89
2009-03-31,22.31,22.31,20.79,21.13,18578800,20.45
2009-03-30,22.74,22.74,20.90,21.55,17410400,20.85
2009-03-27,24.20,24.92,23.26,24.35,16623100,23.56
2009-03-26,24.44,25.11,24.11,24.74,19793400,23.94
2009-03-25,23.79,25.74,22.48,23.47,34681600,22.71
2009-03-24,21.60,24.27,21.05,23.32,26358500,22.57
2009-03-23,20.90,22.14,19.91,22.08,22951100,21.37
2009-03-20,21.37,21.49,19.25,19.72,20125500,19.08
2009-03-19,20.16,22.45,19.92,20.94,31628200,20.26
2009-03-18,17.55,19.57,17.15,19.17,20060900,18.55
2009-03-17,17.46,17.87,16.66,17.81,19419800,17.23
2009-03-16,18.53,19.60,17.87,18.40,16882300,17.81
2009-03-13,19.50,19.53,17.62,18.18,19674800,17.59
2009-03-12,18.74,19.28,17.61,19.10,21344000,18.48
2009-03-11,20.75,20.87,18.84,19.33,16989000,18.71
2009-03-10,18.38,20.40,18.21,20.08,19390400,19.43
2009-03-09,17.38,18.40,17.08,17.42,15246600,16.86
2009-03-06,18.13,18.90,16.97,17.69,17838200,17.12
2009-03-05,18.00,18.72,17.39,17.64,18555600,17.07
2009-03-04,18.72,19.37,18.15,18.93,23990600,18.32
2009-03-03,17.46,17.95,16.94,17.21,17755600,16.65
2009-03-02,19.20,19.32,16.80,16.88,18678400,16.33
2009-02-27,19.67,20.81,19.03,19.67,15008100,19.03
2009-02-26,21.60,21.98,19.93,20.06,14660300,19.41
2009-02-25,22.41,22.89,20.78,20.92,16681100,20.24
2009-02-24,21.61,22.27,20.28,22.15,20418200,21.43
2009-02-23,25.22,25.35,20.10,21.53,19561100,20.83
2009-02-20,23.82,25.62,23.39,24.80,13268500,24.00
2009-02-19,26.51,26.98,24.46,24.77,12729400,23.97
2009-02-18,27.69,27.70,24.71,25.46,17870400,24.64
2009-02-17,28.95,29.16,27.20,27.33,12747600,26.45
2009-02-13,31.49,32.08,30.25,30.61,9702000,29.62
2009-02-12,30.00,31.61,29.05,31.54,12129400,30.52
2009-02-11,31.97,32.31,29.79,30.75,12790800,29.76
2009-02-10,35.03,35.05,30.79,31.16,15368700,30.15
2009-02-09,35.00,36.70,34.16,35.05,14618300,33.92
2009-02-06,31.95,35.00,31.55,34.46,14449800,33.06
2009-02-05,30.46,31.95,29.20,31.43,9279100,30.15
2009-02-04,29.79,31.46,29.68,30.41,11519700,29.17
2009-02-03,28.46,29.67,28.34,29.02,8490000,27.84
2009-02-02,29.34,29.70,27.73,28.18,12971700,27.03
2009-01-30,31.85,32.10,29.50,30.03,13190800,28.81
2009-01-29,33.81,34.00,32.59,32.89,10668300,31.55
2009-01-28,32.70,34.90,32.50,34.80,14858100,33.38
2009-01-27,31.97,32.35,30.72,31.49,18115500,30.21
2009-01-26,30.82,32.20,29.04,29.46,9531000,28.26
2009-01-23,28.77,32.00,28.36,30.79,9369800,29.54
2009-01-22,30.87,31.28,29.63,30.00,9167200,28.78
2009-01-21,31.01,31.99,29.85,31.80,7786500,30.50
2009-01-20,31.61,32.58,29.96,30.10,7220200,28.87
2009-01-16,33.22,34.09,31.13,32.58,9508900,31.25
2009-01-15,30.86,33.41,28.89,32.29,14757800,30.97
2009-01-14,31.97,32.20,30.00,30.34,7903700,29.10
2009-01-13,31.54,33.31,31.19,32.80,9090900,31.46
2009-01-12,35.88,36.00,31.80,31.97,14359100,30.67
2009-01-09,38.64,38.99,36.51,36.70,6376600,35.21
2009-01-08,36.98,38.47,36.13,38.34,6591500,36.78
2009-01-07,39.06,39.22,36.86,37.21,7675100,35.69
2009-01-06,41.03,41.47,38.36,40.14,11544800,38.51
2009-01-05,39.38,40.85,38.05,39.48,10908600,37.87
2009-01-02,37.72,40.06,37.50,39.51,9965900,37.90
2008-12-31,37.52,38.90,37.17,37.20,7071900,35.68
2008-12-30,35.58,37.76,34.55,37.55,7344800,36.02
2008-12-29,35.83,35.83,34.12,34.85,5376200,33.43
2008-12-26,34.00,35.50,33.77,35.20,3327300,33.77
2008-12-24,34.70,34.72,33.76,34.04,1738200,32.65
2008-12-23,34.57,35.80,33.80,34.46,6220800,33.06
2008-12-22,36.26,36.82,33.40,34.10,8410800,32.71
2008-12-19,37.98,38.08,35.60,37.13,9499500,35.62
2008-12-18,41.63,42.15,36.10,37.34,12539400,35.82
2008-12-17,39.53,44.13,38.75,42.12,13177500,40.40
2008-12-16,38.00,40.50,36.67,40.25,11957800,38.61
2008-12-15,40.17,40.75,36.52,37.17,11655000,35.66
2008-12-12,35.14,39.04,34.80,39.03,10797200,37.44
2008-12-11,37.20,40.70,36.28,37.22,15024900,35.70
2008-12-10,36.68,38.00,36.11,37.64,11508000,36.11
2008-12-09,34.47,38.91,34.20,34.98,19915300,33.56
2008-12-08,31.60,37.11,31.40,35.79,15896400,34.33
2008-12-05,26.08,28.81,25.80,28.76,8186300,27.59
2008-12-04,27.25,30.35,26.30,26.72,8395200,25.63
2008-12-03,26.00,27.69,25.42,27.63,6490800,26.50
2008-12-02,26.44,27.99,26.28,27.49,9770100,26.37
2008-12-01,28.70,29.07,25.39,25.64,8747200,24.60
2008-11-28,29.00,30.40,28.40,30.40,3050000,29.16
2008-11-26,26.82,29.90,26.61,29.90,10286400,28.68
2008-11-25,28.07,29.01,26.30,27.57,8550900,26.45
2008-11-24,26.35,28.49,25.41,27.85,12276000,26.72
2008-11-21,22.50,24.91,21.67,24.91,15093600,23.90
2008-11-20,24.90,25.28,20.71,20.97,14372200,20.12
2008-11-19,28.61,29.56,25.20,25.21,10710400,24.18
2008-11-18,29.19,29.81,27.67,29.10,8232500,27.91
2008-11-17,29.39,30.37,28.03,28.64,9720900,27.47
2008-11-14,29.81,31.80,29.39,29.75,9886600,28.54
2008-11-13,28.23,31.25,26.60,31.23,15588000,29.96
2008-11-12,31.48,31.57,27.27,27.38,12832700,26.26
2008-11-11,33.08,33.78,31.75,32.38,8636100,31.06
2008-11-10,36.12,36.70,33.09,34.02,10127800,32.63
2008-11-07,33.06,34.68,32.06,33.68,8126200,32.31
2008-11-06,36.73,37.18,31.82,32.21,12884100,30.61
2008-11-05,39.38,41.24,37.40,37.75,11132000,35.88
2008-11-04,39.37,42.58,38.76,41.17,12962400,39.13
2008-11-03,37.07,39.45,36.31,38.28,12923000,36.38
2008-10-31,36.93,37.57,35.61,36.88,9320500,35.05
2008-10-30,36.78,38.88,35.79,37.78,16633900,35.90
2008-10-29,35.00,36.42,32.22,35.37,18227300,33.61
2008-10-28,32.18,36.20,28.43,35.20,22825800,33.45
2008-10-27,33.88,36.00,30.65,30.82,12142900,29.29
2008-10-24,31.11,36.65,30.48,34.68,13125200,32.96
2008-10-23,35.95,38.00,33.49,35.51,15559100,33.75
2008-10-22,39.79,40.00,34.13,35.97,16959700,34.18
2008-10-21,44.84,46.50,42.22,42.35,13562100,40.25
2008-10-20,42.79,46.23,42.19,45.86,11776800,43.58
2008-10-17,40.56,45.35,39.72,41.24,15132900,39.19
2008-10-16,40.21,43.16,36.76,42.00,17764700,39.91
2008-10-15,44.67,44.82,38.37,38.82,14484200,36.89
2008-10-14,53.50,55.39,45.61,47.18,16917300,44.84
2008-10-13,48.79,52.27,44.30,51.08,16387800,48.54
2008-10-10,42.78,49.72,39.30,44.59,22149000,42.38
2008-10-09,55.02,57.29,45.85,46.39,13441200,44.09
2008-10-08,49.45,58.00,45.40,53.37,27081600,50.72
2008-10-07,61.04,62.35,51.28,51.28,17558200,48.73
2008-10-06,59.59,60.47,52.06,59.62,20196200,56.66
2008-10-03,64.66,70.00,63.14,63.50,11255200,60.35
2008-10-02,68.67,69.00,62.28,63.41,11752300,60.26
2008-10-01,77.11,77.92,70.13,70.95,11451200,67.43
2008-09-30,74.86,78.65,72.73,77.61,9302100,73.76
2008-09-29,83.00,83.00,68.62,72.33,13481600,68.74
2008-09-26,86.75,87.66,84.79,87.26,7138500,82.93
2008-09-25,90.52,91.33,85.62,89.52,10461000,85.07
2008-09-24,94.97,94.97,89.51,90.10,7687800,85.63
2008-09-23,98.99,100.82,93.34,93.67,7756600,89.02
2008-09-22,103.88,106.04,99.23,99.23,7721600,94.30
2008-09-19,104.15,104.70,95.05,103.00,9221600,97.88
2008-09-18,91.99,95.81,87.50,94.06,15068400,89.39
2008-09-17,97.60,98.00,86.25,90.20,14290900,85.72
2008-09-16,92.96,101.75,90.00,101.07,11179400,96.05
2008-09-15,103.45,105.38,96.15,96.61,9371100,91.81
2008-09-12,104.79,109.35,102.21,108.73,10265000,103.33
2008-09-11,97.01,104.87,95.10,104.35,11888500,99.17
2008-09-10,95.70,102.43,95.01,100.05,13647500,95.08
2008-09-09,103.72,104.34,92.59,93.69,18633400,89.04
2008-09-08,116.39,116.70,105.51,107.61,10255800,102.27
2008-09-05,112.49,114.55,107.48,113.61,12339200,107.97
2008-09-04,117.75,119.37,111.53,112.67,9047400,107.07
2008-09-03,120.88,124.02,115.80,118.75,9791900,112.85
2008-09-02,127.80,128.00,119.30,119.39,8453500,113.46
2008-08-29,132.00,134.88,131.57,133.07,2261000,126.46
2008-08-28,133.19,134.83,130.32,132.65,4416200,126.06
2008-08-27,130.61,133.14,130.02,132.19,3947700,125.63
2008-08-26,128.59,130.75,126.20,129.85,4567800,123.40
2008-08-25,133.79,133.88,126.86,128.14,5441600,121.78
2008-08-22,138.93,138.93,131.95,133.76,4171600,127.12
2008-08-21,143.99,144.09,137.71,139.20,5195000,132.29
2008-08-20,138.49,142.41,135.78,142.41,7022500,135.34
2008-08-19,130.64,138.22,130.50,136.12,5464600,129.36
2008-08-18,131.87,135.35,130.00,131.44,4758300,124.91
2008-08-15,133.00,134.78,128.11,130.88,5835300,124.38
2008-08-14,136.82,139.40,131.92,134.96,7147100,128.26
2008-08-13,130.81,139.25,129.36,137.92,8682200,131.07
2008-08-12,129.00,132.25,126.90,129.86,10144600,123.41
2008-08-11,137.75,138.30,126.60,128.46,11066600,122.08
2008-08-08,140.76,141.73,135.23,137.70,7371800,130.58
2008-08-07,145.70,145.97,140.21,143.51,6208800,136.09
2008-08-06,145.73,147.44,141.41,144.34,6888700,136.87
2008-08-05,141.71,146.24,136.50,143.17,9447400,135.76
2008-08-04,149.69,150.00,136.64,139.87,9844600,132.63
2008-08-01,160.00,161.00,151.43,151.43,5882300,143.60
2008-07-31,164.96,165.96,156.66,160.36,7778200,152.06
2008-07-30,167.65,170.85,159.47,166.85,9285600,158.22
2008-07-29,157.10,169.48,157.08,165.76,16369100,157.18
2008-07-28,142.86,148.33,140.33,145.33,5787600,137.81
2008-07-25,137.94,143.70,135.60,141.07,5315000,133.77
2008-07-24,140.37,142.73,133.69,136.02,8579300,128.98
2008-07-23,145.91,148.49,139.31,140.59,5013400,133.32
2008-07-22,148.99,150.37,141.49,146.01,7284400,138.46
2008-07-21,144.78,150.45,142.73,150.36,8100100,142.58
2008-07-18,147.00,151.85,140.23,142.49,9008300,135.12
2008-07-17,150.93,157.50,141.80,145.19,11472500,137.68
2008-07-16,157.30,157.30,146.41,154.01,6833000,146.04
2008-07-15,158.33,159.46,149.71,155.05,7411700,147.03
2008-07-14,168.83,168.83,159.26,161.00,5384700,152.67
2008-07-11,162.97,167.00,158.58,163.56,6693300,155.10
2008-07-10,161.50,167.90,156.06,165.39,9955500,156.83
2008-07-09,156.55,170.27,155.84,158.17,16878700,149.99
2008-07-08,157.95,157.99,146.96,150.55,10615400,142.76
2008-07-07,157.94,163.38,155.70,157.75,10311900,149.59
2008-07-03,155.04,160.22,149.04,155.80,10541900,147.74
2008-07-02,175.69,182.79,151.61,153.40,16421300,145.46
2008-07-01,182.01,182.01,168.71,175.35,10759300,166.28
2008-06-30,188.91,191.09,184.17,184.78,3802900,175.22
2008-06-27,185.16,189.47,182.70,186.93,4812900,177.26
2008-06-26,189.97,192.60,183.73,185.33,5089700,175.74
2008-06-25,190.52,193.99,184.88,191.96,5473300,182.03
2008-06-24,193.95,196.00,188.70,189.51,5567700,179.71
2008-06-23,185.95,191.96,185.88,191.02,5532500,181.14
2008-06-20,185.93,186.49,181.09,182.79,6721800,173.33
2008-06-19,178.46,183.83,177.27,182.17,6644600,172.75
2008-06-18,169.01,176.15,169.01,174.80,3891800,165.76
2008-06-17,173.00,175.98,169.10,169.85,4141500,161.06
2008-06-16,174.00,177.35,172.47,172.83,2824900,163.89
2008-06-13,168.57,175.35,168.14,174.61,4946800,165.58
2008-06-12,174.16,174.16,163.90,166.58,6167800,157.96
2008-06-11,177.50,178.49,170.82,172.46,5997200,163.54
2008-06-10,182.53,182.53,174.13,176.41,5818000,167.28
2008-06-09,182.46,185.74,180.14,184.29,4674600,174.76
2008-06-06,181.69,185.55,179.40,180.27,5278000,170.94
2008-06-05,177.00,184.59,175.25,183.15,7317600,173.68
2008-06-04,175.72,179.48,172.63,173.22,4368700,164.26
2008-06-03,173.68,179.63,172.91,176.57,6216900,167.44
2008-06-02,172.00,175.69,170.01,171.87,3433700,162.98
2008-05-30,172.50,176.79,172.02,172.71,5371900,163.78
2008-05-29,173.86,175.24,169.52,170.59,4493700,161.77
2008-05-28,169.02,176.18,169.01,175.67,4303500,166.58
2008-05-27,172.24,172.25,166.20,169.05,4948700,160.30
2008-05-23,172.27,174.00,165.91,172.23,5968200,163.32
2008-05-22,177.09,182.02,170.41,172.15,7792700,163.24
2008-05-21,183.46,185.55,175.99,176.10,6194900,166.99
2008-05-20,179.00,184.16,175.02,184.02,6062600,174.50
2008-05-19,182.16,185.35,179.25,180.22,5022700,170.90
2008-05-16,177.17,181.33,177.17,181.27,4803300,171.89
2008-05-15,172.71,177.20,172.71,176.61,4714800,167.47
2008-05-14,173.84,176.89,171.35,171.98,4696300,163.08
2008-05-13,171.62,173.41,169.44,173.41,3357300,164.44
2008-05-12,171.60,172.60,167.73,171.78,4180500,162.89
2008-05-09,172.50,172.50,165.83,171.12,6526300,162.03
2008-05-08,168.75,173.99,168.13,173.31,4457400,164.10
2008-05-07,168.38,172.41,165.00,167.72,5806800,158.81
2008-05-06,165.59,173.00,164.66,168.66,6709600,159.70
2008-05-05,157.94,166.89,157.25,166.85,6205800,157.99
2008-05-02,153.50,157.96,151.24,157.06,4373700,148.72
2008-05-01,153.49,154.46,147.50,151.66,5834500,143.60
2008-04-30,152.98,156.38,151.71,153.95,4738100,145.77
2008-04-29,148.92,153.37,147.25,151.35,6018600,143.31
2008-04-28,153.45,153.95,149.24,153.00,3522600,144.87
2008-04-25,148.57,152.50,145.27,152.48,3492900,144.38
2008-04-24,152.68,153.29,146.50,148.89,4482000,140.98
2008-04-23,154.24,155.00,151.53,152.77,4255200,144.66
2008-04-22,156.40,157.96,152.57,153.69,4334900,145.53
2008-04-21,153.00,157.19,153.00,156.94,3885100,148.60
2008-04-18,152.79,158.23,151.63,154.55,5338800,146.34
2008-04-17,151.72,155.99,150.13,154.78,5949500,146.56
2008-04-16,148.49,155.75,148.38,155.37,6540300,147.12
2008-04-15,145.00,147.85,143.43,146.63,3867300,138.84
2008-04-14,142.00,144.74,140.27,143.89,3548300,136.25
2008-04-11,143.05,145.40,141.76,142.40,4600200,134.84
2008-04-10,141.69,146.00,140.00,145.75,4371300,138.01
2008-04-09,144.94,145.44,140.71,141.63,4031100,134.11
2008-04-08,142.49,146.24,142.30,145.55,5023300,137.82
2008-04-07,144.09,148.08,141.19,143.72,9210200,136.09
2008-04-04,138.04,141.99,136.66,140.70,5645700,133.23
2008-04-03,133.20,139.98,132.91,137.91,5170300,130.58
2008-04-02,131.60,135.49,130.45,134.75,5467200,127.59
2008-04-01,125.37,132.83,122.00,132.65,7798100,125.60
2008-03-31,125.85,128.30,123.48,126.87,4126800,120.13
2008-03-28,123.84,127.21,123.84,125.69,4829200,119.01
2008-03-27,126.14,126.31,121.09,121.52,3566100,115.07
2008-03-26,124.16,127.60,121.41,126.43,5308000,119.71
2008-03-25,120.98,126.39,119.87,124.56,4914100,117.94
2008-03-24,115.49,122.35,115.01,118.50,4772100,112.21
2008-03-20,110.06,116.50,107.70,114.54,6742600,108.46
2008-03-19,119.95,123.41,109.56,109.86,6214300,104.02
2008-03-18,115.01,121.07,114.70,120.27,4533000,113.88
2008-03-17,114.58,116.19,110.24,113.17,5179300,107.16
2008-03-14,119.48,120.75,114.60,117.65,6527700,111.40
2008-03-13,111.28,118.30,109.17,117.33,5812200,111.10
2008-03-12,112.30,115.08,111.51,113.06,3411200,107.05
2008-03-11,106.16,112.25,106.16,111.93,4007600,105.98
2008-03-10,109.99,110.45,103.22,103.60,4078700,98.10
2008-03-07,110.77,113.91,107.90,109.27,4516000,103.47
2008-03-06,113.90,115.84,111.68,112.13,3813800,106.17
2008-03-05,109.91,114.69,109.68,114.69,4381000,108.60
2008-03-04,106.55,110.73,106.38,109.18,5023200,103.38
2008-03-03,108.54,110.18,105.62,107.73,4921800,102.01
2008-02-29,113.50,113.75,106.76,108.45,5738900,102.69
2008-02-28,111.29,115.47,110.52,115.00,4558500,108.89
2008-02-27,113.05,115.06,111.10,112.21,4342000,106.25
2008-02-26,112.28,116.39,112.00,114.31,6228000,108.24
2008-02-25,108.60,113.74,107.61,113.05,3725700,107.05
2008-02-22,107.74,109.86,104.18,108.50,5797600,102.74
2008-02-21,112.47,113.13,106.80,107.51,7211900,101.80
2008-02-20,106.14,112.89,104.79,112.29,5618000,106.33
2008-02-19,107.41,109.95,105.61,106.87,6344100,101.19
2008-02-15,103.27,104.87,101.45,104.10,3874400,98.57
2008-02-14,104.95,106.38,102.67,103.89,4765100,98.37
2008-02-13,100.59,105.69,100.16,104.73,4260600,99.17
2008-02-12,101.77,104.38,98.68,99.48,3826400,94.20
2008-02-11,99.68,100.95,97.76,100.27,3116800,94.94
2008-02-08,95.92,99.77,95.84,98.99,3821200,93.50
2008-02-07,95.72,98.28,92.47,96.90,5516000,91.52
2008-02-06,99.27,99.96,95.11,95.82,4329900,90.50
2008-02-05,100.14,101.44,97.67,98.17,4326400,92.72
2008-02-04,107.00,107.95,102.54,102.54,3541800,96.85
2008-02-01,104.26,109.54,104.26,107.21,5575500,101.26
2008-01-31,98.92,102.11,96.29,101.96,8073200,96.30
2008-01-30,100.61,105.20,98.01,102.06,6762500,96.39
2008-01-29,103.28,105.38,99.51,102.58,9673800,96.89
2008-01-28,107.14,110.07,105.10,110.07,3464100,103.96
2008-01-25,109.71,114.57,107.06,108.99,5127200,102.94
2008-01-24,105.09,110.98,103.97,108.45,6629300,102.43
2008-01-23,97.02,104.84,91.11,104.18,8659700,98.40
2008-01-22,96.29,106.07,96.29,101.96,7613000,96.30
2008-01-18,100.27,105.45,99.79,104.72,6055800,98.91
2008-01-17,107.43,109.16,99.30,99.30,6050400,93.79
2008-01-16,104.56,110.74,102.00,106.80,6202100,100.87
2008-01-15,111.13,111.13,103.89,106.87,3785200,100.94
2008-01-14,108.38,113.10,106.95,112.32,3386400,106.09
2008-01-11,108.64,110.92,105.51,106.58,3777700,100.66
2008-01-10,100.68,112.15,100.10,109.64,6926200,103.55
2008-01-09,98.52,101.25,96.00,101.24,4482900,95.62
2008-01-08,102.06,105.96,98.18,98.65,4106600,93.17
2008-01-07,106.87,106.99,96.72,101.35,5579400,95.72
2008-01-04,110.51,110.59,105.06,106.05,4058400,100.16
2008-01-03,114.24,115.35,111.14,112.41,3171000,106.17
2008-01-02,120.59,121.93,111.44,113.64,5378700,107.33
