Date,Open,High,Low,Close,Volume,Adj Close
2013-12-31,29.93,30.13,29.76,29.96,1077400,29.92
2013-12-30,29.88,29.97,29.73,29.85,895300,29.81
2013-12-27,29.72,29.99,29.65,29.79,808300,29.75
2013-12-26,29.87,29.94,29.54,29.84,893100,29.80
2013-12-24,29.79,29.94,29.67,29.84,672200,29.80
2013-12-23,29.36,29.78,29.23,29.72,1437500,29.68
2013-12-20,29.67,29.67,29.12,29.22,3550400,29.18
2013-12-19,28.47,29.29,28.47,29.22,2651500,29.18
2013-12-18,28.15,28.92,27.96,28.82,4911700,28.78
2013-12-17,28.28,28.44,27.92,28.07,2732900,28.03
2013-12-16,28.16,28.68,27.98,28.56,5203100,28.52
2013-12-13,28.82,29.06,28.43,28.47,1520600,28.43
2013-12-12,28.47,29.15,28.32,28.78,2391900,28.74
2013-12-11,29.19,29.36,28.47,28.52,2200600,28.48
2013-12-10,29.61,30.00,29.24,29.30,2705700,29.26
2013-12-09,29.77,29.97,29.61,29.67,2087400,29.63
2013-12-06,29.57,29.77,29.39,29.73,1294700,29.69
2013-12-05,29.16,29.50,28.99,29.16,1252500,29.12
2013-12-04,28.83,29.47,28.73,29.26,1358900,29.22
2013-12-03,29.06,29.24,28.63,28.88,1629900,28.84
2013-12-02,29.34,29.90,29.16,29.20,2019400,29.16
2013-11-29,29.55,29.59,29.29,29.33,425700,29.29
2013-11-27,29.18,29.59,29.11,29.49,1565900,29.45
2013-11-26,29.46,29.71,29.02,29.14,2271800,29.10
2013-11-25,29.57,29.73,29.36,29.45,1001900,29.41
2013-11-22,29.17,29.39,28.83,29.39,1391400,29.35
2013-11-21,28.50,29.22,28.31,29.08,1641700,29.04
2013-11-20,28.22,28.56,28.05,28.27,2468800,28.23
2013-11-19,28.16,28.62,27.61,28.21,2785500,28.13
2013-11-18,29.30,29.50,28.81,28.87,1293900,28.79
2013-11-15,29.43,29.47,28.91,29.20,1496600,29.12
2013-11-14,29.14,29.20,28.73,29.12,1299300,29.04
2013-11-13,28.74,28.99,28.52,28.99,1478200,28.91
2013-11-12,29.11,29.28,28.75,28.89,1071800,28.81
2013-11-11,29.71,29.88,29.10,29.21,1878300,29.13
2013-11-08,28.13,29.67,28.07,29.64,2271100,29.56
2013-11-07,28.88,29.14,28.22,28.24,2285900,28.16
2013-11-06,28.70,28.91,28.56,28.86,1528200,28.78
2013-11-05,28.24,28.71,28.21,28.69,2419500,28.61
2013-11-04,28.48,28.63,28.38,28.40,1313600,28.32
2013-11-01,28.46,28.67,28.33,28.42,1563900,28.34
2013-10-31,28.37,28.57,28.24,28.40,1798500,28.32
2013-10-30,28.43,28.64,28.41,28.43,1557100,28.35
2013-10-29,28.72,28.73,28.26,28.44,2092400,28.36
2013-10-28,28.50,28.72,28.32,28.59,1981600,28.51
2013-10-25,28.53,28.78,28.42,28.51,2070400,28.43
2013-10-24,28.20,28.51,28.01,28.47,2633100,28.39
2013-10-23,27.65,28.14,27.52,28.13,4293300,28.05
2013-10-22,28.10,28.51,27.37,27.87,10691200,27.79
2013-10-21,30.04,30.07,29.69,29.86,2533500,29.78
2013-10-18,29.43,30.05,29.02,29.91,2531200,29.83
2013-10-17,28.78,29.38,28.65,29.27,1731100,29.19
2013-10-16,28.59,29.19,28.44,29.02,1649500,28.94
2013-10-15,28.42,28.79,28.20,28.45,2679600,28.37
2013-10-14,28.06,28.62,27.66,28.54,1456800,28.46
2013-10-11,27.58,28.44,27.43,28.32,2529100,28.24
2013-10-10,27.10,27.98,27.10,27.96,2813800,27.88
2013-10-09,26.99,27.20,26.89,26.89,1597500,26.82
2013-10-08,27.06,27.33,26.95,26.98,1473600,26.91
2013-10-07,27.25,27.44,27.11,27.11,1124500,27.04
2013-10-04,27.11,27.85,27.02,27.84,1570600,27.76
2013-10-03,27.14,27.38,26.99,27.08,1934700,27.01
2013-10-02,27.68,27.75,27.25,27.29,1930700,27.22
2013-10-01,27.44,28.01,27.30,27.96,1698600,27.88
2013-09-30,27.00,27.52,26.79,27.42,1260400,27.35
2013-09-27,27.03,27.44,27.00,27.33,2020500,27.26
2013-09-26,27.62,28.07,27.13,27.26,1947700,27.19
2013-09-25,27.71,27.83,27.18,27.61,1735600,27.54
2013-09-24,27.60,27.88,27.38,27.61,2644300,27.54
2013-09-23,28.03,28.05,27.18,27.62,2268000,27.55
2013-09-20,27.98,28.27,27.92,27.97,2684900,27.89
2013-09-19,28.75,28.83,27.36,27.96,5080000,27.88
2013-09-18,29.48,29.50,28.39,28.75,3044600,28.67
2013-09-17,29.38,29.48,29.11,29.43,716500,29.35
2013-09-16,29.40,29.46,29.05,29.29,1013500,29.21
2013-09-13,28.92,29.00,28.49,28.99,1344100,28.91
2013-09-12,29.08,29.21,28.79,28.95,923700,28.87
2013-09-11,29.17,29.32,28.91,29.08,862400,29.00
2013-09-10,29.20,29.26,28.99,29.21,1464000,29.13
2013-09-09,28.72,29.04,28.31,28.99,1605100,28.91
2013-09-06,29.00,29.26,27.99,28.67,1775700,28.59
2013-09-05,28.36,29.00,28.35,28.93,1931800,28.85
2013-09-04,28.28,28.75,28.28,28.41,1025200,28.33
2013-09-03,28.66,28.80,28.10,28.35,2246100,28.27
2013-08-30,28.38,28.41,27.85,27.97,1021500,27.89
2013-08-29,28.09,28.61,28.00,28.35,916300,28.27
2013-08-28,27.94,28.29,27.76,28.16,1548800,28.08
2013-08-27,28.80,28.88,27.85,27.92,1829500,27.84
2013-08-26,29.46,29.61,29.19,29.21,1002700,29.13
2013-08-23,29.88,29.88,29.20,29.47,1070100,29.39
2013-08-22,29.23,29.90,29.23,29.61,952600,29.53
2013-08-21,29.44,29.61,29.05,29.22,1682200,29.14
2013-08-20,28.70,29.75,28.69,29.54,2294700,29.46
2013-08-19,28.70,28.92,28.61,28.71,1393600,28.59
2013-08-16,28.72,29.26,28.58,28.86,1821800,28.74
2013-08-15,28.98,29.09,28.66,28.72,1492100,28.60
2013-08-14,29.15,29.31,29.11,29.21,1244300,29.09
2013-08-13,29.73,29.73,28.95,29.15,4228900,29.03
2013-08-12,29.32,29.61,29.26,29.61,1193400,29.49
2013-08-09,29.42,29.74,29.19,29.49,1344300,29.37
2013-08-08,29.27,29.73,29.07,29.52,2029000,29.40
2013-08-07,29.27,29.40,28.89,29.05,1896500,28.93
2013-08-06,29.77,29.96,29.27,29.38,1919800,29.26
2013-08-05,30.15,30.19,29.81,29.92,985200,29.80
2013-08-02,30.04,30.23,29.70,30.15,2076600,30.03
2013-08-01,29.91,30.39,29.84,30.15,2019300,30.03
2013-07-31,29.35,30.05,29.35,29.64,2332600,29.52
2013-07-30,29.32,29.57,29.13,29.26,1190200,29.14
2013-07-29,29.45,29.62,29.02,29.20,1504100,29.08
2013-07-26,29.47,29.90,29.29,29.55,1797200,29.43
2013-07-25,29.86,30.29,29.58,29.70,1441400,29.58
2013-07-24,30.15,30.44,29.90,30.06,2746700,29.94
2013-07-23,29.92,30.47,29.46,29.90,5241400,29.78
2013-07-22,30.83,30.95,30.55,30.84,2223400,30.71
2013-07-19,30.37,30.60,29.88,30.55,1937300,30.42
2013-07-18,29.60,30.35,29.55,30.32,2578900,30.20
2013-07-17,29.72,29.93,29.41,29.57,1687500,29.45
2013-07-16,30.34,30.35,29.16,29.57,2010500,29.45
2013-07-15,30.26,30.34,29.90,30.32,1292800,30.20
2013-07-12,29.49,30.04,29.34,29.97,1763900,29.85
2013-07-11,29.98,30.08,29.09,29.34,3538300,29.22
2013-07-10,30.47,30.52,29.64,29.84,3530600,29.72
2013-07-09,31.16,31.29,30.44,30.46,3187300,30.34
2013-07-08,31.15,31.40,30.88,31.16,2645000,31.03
2013-07-05,29.95,30.97,29.90,30.97,2995500,30.84
2013-07-03,29.72,29.98,29.60,29.69,1828900,29.57
2013-07-02,29.26,29.95,29.24,29.54,2435600,29.42
2013-07-01,29.09,29.74,29.00,29.35,1440600,29.23
2013-06-28,29.09,29.27,28.62,28.92,2059200,28.80
2013-06-27,29.20,29.41,29.03,29.23,1713400,29.11
2013-06-26,28.75,29.19,28.58,29.07,1902100,28.95
2013-06-25,28.08,28.65,27.94,28.48,1766300,28.36
2013-06-24,27.60,28.03,27.50,27.81,2728500,27.70
2013-06-21,27.77,28.17,27.53,27.91,4205100,27.80
2013-06-20,26.70,27.65,26.69,27.46,2818100,27.35
2013-06-19,27.24,27.30,26.82,26.93,1915500,26.82
2013-06-18,27.04,27.42,26.87,27.31,1516300,27.20
2013-06-17,27.07,27.25,26.82,27.06,2450300,26.95
2013-06-14,27.70,27.77,26.83,26.96,1451400,26.85
2013-06-13,27.17,27.59,27.08,27.53,1539700,27.42
2013-06-12,28.04,28.09,26.95,27.14,2049100,27.03
2013-06-11,27.52,28.23,27.47,27.84,3175900,27.73
2013-06-10,27.42,27.99,27.34,27.89,2192700,27.78
2013-06-07,27.19,27.41,26.89,27.37,1191000,27.26
2013-06-06,26.50,26.98,26.39,26.93,1834600,26.82
2013-06-05,27.09,27.09,26.42,26.56,2353300,26.45
2013-06-04,27.69,27.90,26.96,27.15,2963400,27.04
2013-06-03,28.17,28.34,27.24,27.63,3407000,27.52
2013-05-31,28.57,28.60,28.05,28.07,1832700,27.95
2013-05-30,28.04,28.74,27.76,28.60,1902900,28.48
2013-05-29,27.75,28.32,27.74,28.09,2298500,27.97
2013-05-28,27.82,28.27,27.56,28.09,2146600,27.97
2013-05-24,27.06,27.49,27.03,27.49,1252600,27.38
2013-05-23,26.98,27.26,26.67,27.21,2190100,27.10
2013-05-22,27.57,28.03,27.11,27.20,2618600,27.09
2013-05-21,27.78,27.80,27.54,27.57,1578200,27.46
2013-05-20,27.35,27.77,27.23,27.70,2224800,27.55
2013-05-17,27.13,27.41,27.02,27.39,1683800,27.24
2013-05-16,26.88,27.12,26.79,26.85,2042300,26.70
2013-05-15,26.90,27.29,26.77,26.97,2333000,26.82
2013-05-14,26.41,27.07,26.41,27.06,1470500,26.91
2013-05-13,26.08,26.50,26.02,26.46,1729200,26.31
2013-05-10,26.07,26.17,25.83,26.15,838800,26.01
2013-05-09,25.99,26.09,25.87,26.01,1225500,25.87
2013-05-08,25.90,26.01,25.63,25.99,1758300,25.85
2013-05-07,25.74,26.15,25.74,25.96,1925400,25.82
2013-05-06,25.14,25.71,25.00,25.69,1772800,25.55
2013-05-03,24.87,25.37,24.84,25.15,2522000,25.01
2013-05-02,24.29,24.70,24.12,24.65,1668400,24.51
2013-05-01,24.59,24.62,24.07,24.18,1375800,24.05
2013-04-30,24.43,24.67,24.32,24.62,1543400,24.48
2013-04-29,24.28,24.67,24.28,24.50,1494700,24.36
2013-04-26,24.57,24.57,24.00,24.24,1771000,24.11
2013-04-25,24.62,24.89,24.52,24.53,1791100,24.39
2013-04-24,24.29,24.53,24.19,24.53,1603200,24.39
2013-04-23,23.96,24.29,23.66,24.21,3254200,24.08
2013-04-22,23.81,23.81,23.27,23.61,3255500,23.48
2013-04-19,23.56,23.81,23.29,23.71,2423200,23.58
2013-04-18,23.51,23.54,23.10,23.44,2003200,23.31
2013-04-17,23.49,23.65,23.21,23.43,2124600,23.30
2013-04-16,23.84,23.89,23.59,23.78,1661700,23.65
2013-04-15,24.33,24.39,23.64,23.66,2254000,23.53
2013-04-12,24.73,24.83,24.17,24.40,2043300,24.26
2013-04-11,24.51,25.03,24.28,24.94,2487300,24.80
2013-04-10,24.31,24.68,24.31,24.61,1247700,24.47
2013-04-09,24.19,24.43,24.05,24.30,1847900,24.17
2013-04-08,23.83,24.15,23.52,24.12,2401400,23.99
2013-04-05,23.87,23.96,23.63,23.88,1798300,23.75
2013-04-04,23.94,24.27,23.88,24.14,2133700,24.01
2013-04-03,24.57,24.58,23.70,23.88,3942300,23.75
2013-04-02,24.89,24.91,24.35,24.48,1853700,24.34
2013-04-01,25.07,25.17,24.64,24.78,1339500,24.64
2013-03-28,25.01,25.04,24.88,24.99,1322800,24.85
2013-03-27,25.05,25.05,24.73,25.00,1760000,24.86
2013-03-26,25.33,25.36,25.09,25.15,2136500,25.01
2013-03-25,25.31,25.37,25.04,25.15,1485100,25.01
2013-03-22,25.25,25.31,24.99,25.22,1085000,25.08
2013-03-21,25.29,25.42,25.07,25.16,1184200,25.02
2013-03-20,25.48,25.54,25.35,25.44,1125300,25.30
2013-03-19,25.38,25.49,25.06,25.30,1586900,25.16
2013-03-18,25.20,25.32,25.00,25.27,2046200,25.13
2013-03-15,25.66,25.66,25.10,25.56,4753800,25.42
2013-03-14,25.65,25.86,25.61,25.73,1461400,25.59
2013-03-13,25.54,25.64,25.45,25.58,661000,25.44
2013-03-12,25.59,25.67,25.35,25.47,950000,25.33
2013-03-11,25.24,25.70,25.21,25.63,1669900,25.49
2013-03-08,25.38,25.63,25.20,25.30,1596600,25.16
2013-03-07,25.08,25.30,25.03,25.26,1480500,25.12
2013-03-06,24.80,25.16,24.64,25.08,2609000,24.94
2013-03-05,24.32,24.77,24.32,24.50,1663100,24.36
2013-03-04,24.03,24.25,23.92,24.21,3174800,24.08
2013-03-01,24.04,24.33,23.69,24.04,2834800,23.91
2013-02-28,24.00,24.37,23.75,24.15,1680100,24.02
2013-02-27,23.70,24.20,23.70,24.11,1537500,23.98
2013-02-26,23.70,23.84,23.24,23.76,3594800,23.63
2013-02-25,24.36,24.39,23.63,23.64,2816800,23.51
2013-02-22,23.87,24.05,23.81,24.04,1274200,23.91
2013-02-21,24.05,24.35,23.56,23.73,2343600,23.60
2013-02-20,24.64,24.67,24.13,24.14,1742800,24.01
2013-02-19,24.44,24.71,24.38,24.69,2067100,24.55
2013-02-15,24.76,24.78,24.25,24.34,2071000,24.21
2013-02-14,24.68,24.79,24.51,24.63,2789500,24.49
2013-02-13,24.58,24.92,24.50,24.74,2911900,24.60
2013-02-12,24.28,24.57,24.14,24.49,2603200,24.34
2013-02-11,24.14,24.30,23.99,24.21,1839700,24.07
2013-02-08,24.03,24.21,23.95,24.14,2104500,24.00
2013-02-07,24.02,24.14,23.75,23.96,2162100,23.82
2013-02-06,23.88,24.21,23.83,24.04,2690100,23.90
2013-02-05,23.77,24.07,23.72,24.04,2449500,23.90
2013-02-04,23.76,23.85,23.56,23.62,2283500,23.48
2013-02-01,23.50,24.03,23.50,23.93,2650000,23.79
2013-01-31,22.86,23.49,22.68,23.32,2716500,23.18
2013-01-30,22.79,23.60,22.66,23.54,4806100,23.40
2013-01-29,22.97,23.07,22.62,22.74,3930200,22.60
2013-01-28,22.96,23.02,22.68,22.89,3442300,22.75
2013-01-25,22.74,23.06,22.66,22.98,3090700,22.84
2013-01-24,22.56,22.79,22.55,22.71,1574700,22.58
2013-01-23,22.73,22.74,22.47,22.58,1588100,22.45
2013-01-22,22.48,22.71,22.38,22.70,1455000,22.57
2013-01-18,22.67,22.69,22.14,22.55,1729200,22.42
2013-01-17,22.39,22.61,22.31,22.50,1992200,22.37
2013-01-16,22.02,22.44,21.99,22.31,2413900,22.18
2013-01-15,21.68,22.10,21.62,22.05,1969400,21.92
2013-01-14,21.73,21.86,21.56,21.86,1396800,21.73
2013-01-11,21.89,21.93,21.60,21.75,1766200,21.62
2013-01-10,21.61,21.95,21.59,21.95,2712800,21.82
2013-01-09,22.02,22.16,21.72,21.85,3031000,21.72
2013-01-08,22.50,22.53,22.07,22.09,3758600,21.96
2013-01-07,22.52,22.58,22.26,22.54,2286000,22.41
2013-01-04,22.02,22.79,21.97,22.65,3577700,22.52
2013-01-03,21.99,22.13,21.81,22.02,2267900,21.89
2013-01-02,21.88,22.00,21.78,21.99,2551100,21.86
2012-12-31,21.07,21.43,20.97,21.40,2225400,21.27
2012-12-28,21.06,21.32,21.00,21.13,2024500,21.00
2012-12-27,21.30,21.37,20.94,21.26,2298800,21.13
2012-12-26,21.50,21.67,21.21,21.25,1939800,21.12
2012-12-24,21.54,21.68,21.01,21.41,603900,21.28
2012-12-21,21.33,21.60,21.28,21.49,4336300,21.36
2012-12-20,21.59,21.93,21.56,21.92,2243400,21.79
2012-12-19,21.50,21.89,21.50,21.54,2551500,21.41
2012-12-18,21.33,21.61,21.25,21.59,3444900,21.46
2012-12-17,20.72,21.23,20.67,21.20,2453500,21.07
2012-12-14,20.59,20.72,20.55,20.60,2024200,20.48
2012-12-13,20.55,20.74,20.46,20.61,2304800,20.49
2012-12-12,20.58,20.86,20.51,20.60,2248500,20.48
2012-12-11,20.24,20.62,20.16,20.48,4307700,20.36
2012-12-10,19.78,20.27,19.67,19.95,3823000,19.83
2012-12-07,19.67,19.88,19.31,19.84,4596000,19.72
2012-12-06,19.56,19.66,19.37,19.54,3479800,19.42
2012-12-05,19.59,19.71,19.31,19.57,2762700,19.45
2012-12-04,19.86,19.99,19.51,19.61,2645800,19.49
2012-12-03,20.14,20.24,19.77,19.79,2375900,19.67
2012-11-30,20.24,20.49,20.01,20.07,2570600,19.95
2012-11-29,20.19,20.35,20.05,20.22,1872300,20.10
2012-11-28,19.78,20.12,19.78,20.04,3011000,19.92
2012-11-27,20.06,20.30,19.86,19.96,5383900,19.84
2012-11-26,20.62,20.77,20.46,20.71,3013300,20.59
2012-11-23,20.27,20.66,20.22,20.66,772400,20.54
2012-11-21,20.11,20.19,19.95,20.18,1432400,20.06
2012-11-20,19.64,20.07,19.54,20.03,1829000,19.91
2012-11-19,19.84,19.98,19.62,19.71,2177600,19.58
2012-11-16,19.30,19.59,19.03,19.55,2619600,19.42
2012-11-15,19.28,19.41,19.10,19.25,2122900,19.13
2012-11-14,19.65,19.80,19.25,19.33,2468200,19.21
2012-11-13,19.87,20.08,19.63,19.64,3487800,19.51
2012-11-12,20.15,20.19,19.84,20.02,1654200,19.89
2012-11-09,20.07,20.42,20.00,20.03,2579400,19.90
2012-11-08,20.42,20.68,20.06,20.08,2618900,19.95
2012-11-07,21.37,21.37,20.39,20.41,3804200,20.28
2012-11-06,21.52,21.86,21.51,21.66,2204800,21.52
2012-11-05,21.36,21.54,21.06,21.46,2233600,21.32
2012-11-02,21.90,22.01,21.37,21.42,1423800,21.28
2012-11-01,21.43,21.85,21.31,21.78,2043800,21.64
2012-10-31,21.36,21.56,21.08,21.48,2070000,21.34
2012-10-26,21.37,21.56,21.12,21.22,1617900,21.08
2012-10-25,21.61,21.77,21.35,21.44,1830700,21.30
2012-10-24,21.14,21.55,21.14,21.31,2335800,21.17
2012-10-23,21.00,21.45,20.88,21.15,4391400,21.01
2012-10-22,21.47,21.56,21.19,21.45,3733800,21.31
2012-10-19,21.66,21.78,21.29,21.45,2980400,21.31
2012-10-18,22.04,22.18,21.43,21.48,4611400,21.34
2012-10-17,21.99,22.33,21.73,22.06,3060700,21.92
2012-10-16,22.29,22.56,21.74,21.90,3102000,21.76
2012-10-15,22.00,22.22,21.89,22.20,2458000,22.06
2012-10-12,22.24,22.29,21.81,21.98,3405600,21.84
2012-10-11,22.00,22.66,21.98,22.52,3714800,22.37
2012-10-10,21.70,21.89,21.56,21.86,2032600,21.72
2012-10-09,21.76,22.03,21.63,21.76,2874800,21.62
2012-10-08,21.84,21.89,21.70,21.82,1623400,21.68
2012-10-05,21.99,22.35,21.87,21.98,4633300,21.84
2012-10-04,21.32,22.00,21.24,21.76,3545100,21.62
2012-10-03,20.89,21.18,20.68,21.17,2398800,21.03
2012-10-02,20.80,20.90,20.59,20.81,2163900,20.68
2012-10-01,20.79,21.19,20.72,20.79,2869000,20.66
2012-09-28,20.51,20.73,20.39,20.66,2178900,20.53
2012-09-27,20.54,20.89,20.42,20.63,2526100,20.50
2012-09-26,20.34,20.61,20.15,20.37,3082800,20.24
2012-09-25,20.98,21.10,20.29,20.33,2255200,20.20
2012-09-24,20.76,21.16,20.62,21.02,1296300,20.88
2012-09-21,21.37,21.37,20.84,20.87,2703400,20.74
2012-09-20,20.90,20.99,20.60,20.80,2053400,20.67
2012-09-19,21.07,21.56,21.00,21.15,2740200,21.01
2012-09-18,21.11,21.28,21.03,21.07,1470600,20.93
2012-09-17,21.29,21.35,21.08,21.20,2052200,21.06
2012-09-14,21.10,21.68,21.03,21.35,3343800,21.21
2012-09-13,20.42,21.14,20.25,20.94,2699800,20.80
2012-09-12,20.19,20.70,20.15,20.44,3191800,20.31
2012-09-11,20.04,20.19,19.93,20.03,1581500,19.90
2012-09-10,20.25,20.31,20.00,20.01,1727100,19.88
2012-09-07,19.78,20.37,19.76,20.30,2653500,20.17
2012-09-06,19.51,19.98,19.46,19.73,2154000,19.60
2012-09-05,19.30,19.43,19.14,19.36,1160100,19.24
2012-09-04,19.19,19.42,19.06,19.33,1057500,19.21
2012-08-31,19.32,19.41,19.14,19.25,1209700,19.13
2012-08-30,19.17,19.29,19.01,19.21,855600,19.09
2012-08-29,19.21,19.37,19.14,19.30,1071000,19.18
2012-08-28,19.04,19.36,18.96,19.21,875500,19.09
2012-08-27,19.26,19.34,18.99,19.06,589900,18.94
2012-08-24,18.96,19.21,18.94,19.14,1072900,19.02
2012-08-23,19.31,19.38,18.96,19.01,1007700,18.89
2012-08-22,19.46,19.71,19.27,19.33,1391700,19.21
2012-08-21,19.58,19.81,19.43,19.48,1941700,19.35
2012-08-20,19.62,19.64,19.40,19.50,1897400,19.36
2012-08-17,19.30,19.74,19.11,19.70,2130200,19.56
2012-08-16,19.17,19.30,19.07,19.23,1182700,19.10
2012-08-15,18.80,19.18,18.79,19.16,2082300,19.03
2012-08-14,18.75,19.04,18.73,18.81,1305100,18.68
2012-08-13,18.78,18.80,18.50,18.73,1640000,18.60
2012-08-10,18.96,18.98,18.69,18.87,1176800,18.74
2012-08-09,19.00,19.11,18.90,19.04,778300,18.91
2012-08-08,18.92,19.14,18.91,19.03,1404100,18.90
2012-08-07,18.95,19.25,18.82,19.05,1763800,18.92
2012-08-06,19.10,19.21,18.79,18.82,1263400,18.69
2012-08-03,18.33,19.07,18.33,18.93,2398000,18.80
2012-08-02,18.18,18.41,17.82,18.05,2398200,17.92
2012-08-01,18.29,18.45,18.19,18.28,2394600,18.15
2012-07-31,18.24,18.43,18.20,18.20,2073600,18.07
2012-07-30,18.48,18.62,18.19,18.30,2798300,18.17
2012-07-27,18.18,18.65,18.05,18.48,3243300,18.35
2012-07-26,18.21,18.32,17.90,18.08,3786200,17.95
2012-07-25,17.98,18.18,17.81,17.88,2424800,17.76
2012-07-24,18.14,18.42,17.58,17.96,6678900,17.84
2012-07-23,18.47,18.64,18.22,18.57,2986100,18.44
2012-07-20,19.10,19.11,18.70,18.73,2610400,18.60
2012-07-19,19.52,19.67,19.19,19.24,1986400,19.11
2012-07-18,19.39,19.63,19.22,19.45,2881400,19.31
2012-07-17,19.23,19.48,18.89,19.43,1806500,19.29
2012-07-16,18.98,19.28,18.90,19.05,1507900,18.92
2012-07-13,18.67,19.09,18.66,19.02,2092200,18.89
2012-07-12,18.79,18.82,18.49,18.64,2024700,18.51
2012-07-11,18.76,19.00,18.59,18.93,3311300,18.80
2012-07-10,19.31,19.42,18.64,18.78,2668200,18.65
2012-07-09,19.37,19.45,19.00,19.10,2000000,18.97
2012-07-06,19.21,19.48,19.01,19.39,1744700,19.26
2012-07-05,19.68,19.68,19.36,19.42,1911400,19.28
2012-07-03,19.63,19.82,19.54,19.70,827200,19.56
2012-07-02,19.52,19.67,19.13,19.63,2243500,19.49
2012-06-29,19.41,19.48,19.22,19.42,2321800,19.28
2012-06-28,19.02,19.08,18.55,18.99,2709700,18.86
2012-06-27,18.85,19.23,18.65,19.20,1708000,19.07
2012-06-26,18.45,18.94,18.35,18.79,2933100,18.66
2012-06-25,18.86,18.86,18.33,18.45,2572100,18.32
2012-06-22,19.10,19.25,19.02,19.13,1870900,19.00
2012-06-21,19.65,19.80,18.94,18.98,2044500,18.85
2012-06-20,19.42,19.90,19.40,19.62,4030700,19.48
2012-06-19,19.01,19.60,19.00,19.47,4117800,19.33
2012-06-18,18.57,18.89,18.42,18.84,2432800,18.71
2012-06-15,18.34,18.78,18.22,18.70,3039100,18.57
2012-06-14,17.94,18.40,17.88,18.36,2060200,18.23
2012-06-13,17.93,18.29,17.78,17.91,1932100,17.79
2012-06-12,17.78,18.07,17.45,18.07,2418100,17.94
2012-06-11,18.59,18.66,17.68,17.72,2794100,17.60
2012-06-08,18.23,18.46,17.90,18.40,2228000,18.27
2012-06-07,18.61,18.82,18.22,18.31,2626600,18.18
2012-06-06,18.03,18.40,17.91,18.35,3703300,18.22
2012-06-05,17.93,18.18,17.70,17.81,4485500,17.69
2012-06-04,17.91,18.27,17.49,17.61,4269100,17.49
2012-06-01,18.61,18.65,17.98,18.22,4400300,18.09
2012-05-31,18.72,19.30,18.48,19.03,3228600,18.90
2012-05-30,18.89,18.95,18.53,18.74,2287300,18.61
2012-05-29,19.00,19.21,18.84,19.19,2047100,19.06
2012-05-25,18.82,19.09,18.73,18.87,1818800,18.74
2012-05-24,19.13,19.16,18.57,18.80,3587500,18.67
2012-05-23,18.51,19.17,18.42,19.12,3166300,18.99
2012-05-22,18.56,19.03,18.54,18.76,2454500,18.63
2012-05-21,18.29,18.83,18.07,18.59,1830400,18.45
2012-05-18,18.47,18.74,18.19,18.27,2055700,18.13
2012-05-17,18.88,18.88,18.43,18.43,2925900,18.29
2012-05-16,19.17,19.39,18.81,18.81,2219300,18.67
2012-05-15,19.48,19.62,18.97,19.08,3290200,18.94
2012-05-14,19.76,20.01,19.44,19.49,2912100,19.34
2012-05-11,19.78,20.17,19.44,20.12,2438800,19.97
2012-05-10,20.00,20.22,19.84,19.89,1600000,19.74
2012-05-09,19.83,19.89,19.41,19.80,2487100,19.65
2012-05-08,19.97,20.14,19.79,20.09,2367100,19.94
2012-05-07,19.68,20.19,19.65,20.09,2172900,19.94
2012-05-04,19.97,19.97,19.50,19.77,3111600,19.62
2012-05-03,20.43,20.58,19.90,20.04,2650900,19.89
2012-05-02,20.49,20.63,20.25,20.40,2111700,20.25
2012-05-01,20.31,21.01,20.24,20.66,3116500,20.51
2012-04-30,20.66,20.73,20.27,20.39,2439600,20.24
2012-04-27,20.59,20.72,20.28,20.65,2119500,20.50
2012-04-26,20.13,20.55,20.00,20.42,3505400,20.27
2012-04-25,20.26,20.27,19.91,20.19,4765900,20.04
2012-04-24,19.56,20.24,19.51,20.06,8099900,19.91
2012-04-23,20.27,20.91,20.15,20.81,3588700,20.65
2012-04-20,21.12,21.21,20.50,20.54,3290500,20.39
2012-04-19,21.22,21.37,20.80,20.93,3742600,20.77
2012-04-18,20.99,21.45,20.98,21.17,2806400,21.01
2012-04-17,21.00,21.45,20.93,21.17,3063000,21.01
2012-04-16,20.70,21.04,20.49,20.80,2614600,20.64
2012-04-13,20.96,21.07,20.42,20.53,4488800,20.38
2012-04-12,20.97,21.24,20.80,21.14,1838200,20.98
2012-04-11,20.51,20.99,20.38,20.84,3213900,20.68
2012-04-10,20.58,20.71,19.88,20.28,4768100,20.13
2012-04-09,20.62,20.77,20.43,20.60,2467300,20.45
2012-04-05,21.04,21.27,20.91,21.08,2590800,20.92
2012-04-04,21.21,21.42,20.87,21.08,3957100,20.92
2012-04-03,21.35,21.52,21.07,21.51,3752600,21.35
2012-04-02,21.39,21.55,20.99,21.43,2866000,21.27
2012-03-30,21.73,21.89,21.21,21.46,2160400,21.30
2012-03-29,21.59,21.75,21.17,21.65,2425900,21.49
2012-03-28,21.68,22.01,21.47,21.80,3447800,21.64
2012-03-27,21.97,22.09,21.64,21.66,3068600,21.50
2012-03-26,22.03,22.15,21.77,21.97,3153800,21.81
2012-03-23,21.44,21.79,21.08,21.73,3582300,21.57
2012-03-22,21.88,21.93,21.39,21.48,3656700,21.32
2012-03-21,22.19,22.46,21.87,22.07,3072800,21.90
2012-03-20,22.05,22.40,21.76,22.20,4703300,22.03
2012-03-19,22.26,22.81,22.19,22.64,3128400,22.47
2012-03-16,22.37,22.61,22.09,22.28,4364100,22.11
2012-03-15,21.67,22.49,21.51,22.13,5510100,21.96
2012-03-14,21.02,21.82,20.50,21.58,13116800,21.42
2012-03-13,18.91,19.79,18.86,19.53,6150500,19.38
2012-03-12,18.98,19.06,18.59,18.71,2112500,18.57
2012-03-09,18.74,19.20,18.58,18.99,2661100,18.85
2012-03-08,18.52,18.73,18.34,18.69,2156000,18.55
2012-03-07,18.34,18.65,18.23,18.33,3438700,18.19
2012-03-06,18.35,18.35,17.75,17.95,2750000,17.82
2012-03-05,18.75,18.88,18.37,18.55,2163300,18.41
2012-03-02,18.95,19.00,18.74,18.86,1784800,18.72
2012-03-01,19.08,19.35,18.88,18.99,2653700,18.85
2012-02-29,19.25,19.52,18.87,19.00,2668500,18.86
2012-02-28,19.11,19.46,18.84,19.22,2718100,19.08
2012-02-27,18.77,19.12,18.70,19.07,2950700,18.93
2012-02-24,18.94,19.07,18.80,19.00,2430000,18.86
2012-02-23,18.83,19.05,18.68,18.91,2279200,18.77
2012-02-22,19.49,19.53,18.67,18.79,3669100,18.65
2012-02-21,19.98,19.98,19.35,19.50,3891200,19.35
2012-02-17,19.29,20.11,19.23,19.86,7881700,19.70
2012-02-16,18.52,19.32,18.46,19.16,4198300,19.01
2012-02-15,18.47,18.80,18.45,18.51,3401000,18.36
2012-02-14,18.42,18.49,18.19,18.42,3026800,18.27
2012-02-13,18.60,18.72,18.39,18.55,2250800,18.40
2012-02-10,18.22,18.45,18.07,18.37,2350900,18.22
2012-02-09,18.65,18.78,18.36,18.51,3237900,18.36
2012-02-08,18.32,18.66,18.26,18.57,2794600,18.42
2012-02-07,18.06,18.47,17.93,18.35,3612300,18.20
2012-02-06,17.95,18.20,17.88,18.07,2834700,17.93
2012-02-03,17.60,18.14,17.50,18.03,6616000,17.89
2012-02-02,17.08,17.38,16.80,17.31,3641700,17.17
2012-02-01,16.99,17.21,16.93,17.02,4672600,16.88
2012-01-31,16.85,16.94,16.60,16.83,3515900,16.70
2012-01-30,16.72,16.85,16.51,16.71,3272600,16.58
2012-01-27,16.47,16.98,16.40,16.89,3132500,16.76
2012-01-26,17.62,17.69,16.40,16.58,8957000,16.45
2012-01-25,17.07,17.66,17.00,17.52,5206500,17.38
2012-01-24,17.10,17.55,16.70,17.15,10054300,17.01
2012-01-23,18.85,19.02,18.46,18.55,3340700,18.40
2012-01-20,18.64,18.90,18.48,18.85,3026100,18.70
2012-01-19,18.99,19.00,18.56,18.70,3132900,18.55
2012-01-18,18.35,18.99,18.14,18.79,3065800,18.64
2012-01-17,18.65,18.85,18.30,18.40,2545600,18.25
2012-01-13,18.36,18.56,18.05,18.50,2305200,18.35
2012-01-12,18.50,18.68,18.13,18.65,3832200,18.50
2012-01-11,18.15,18.51,17.92,18.50,3112600,18.35
2012-01-10,18.19,18.41,18.01,18.17,3420500,18.02
2012-01-09,17.70,17.97,17.66,17.88,2078900,17.74
2012-01-06,17.68,17.78,17.23,17.64,2994800,17.50
2012-01-05,17.02,17.88,16.86,17.62,4965600,17.48
2012-01-04,16.68,17.23,16.55,17.14,3478800,17.00
2012-01-03,16.66,17.35,16.60,16.77,3442600,16.64
2011-12-30,16.43,16.43,16.26,16.28,1108400,16.15
2011-12-29,16.13,16.53,16.13,16.48,1573200,16.35
2011-12-28,16.40,16.44,16.02,16.09,2236900,15.96
2011-12-27,16.36,16.53,16.20,16.40,1903500,16.27
2011-12-23,16.26,16.44,16.00,16.33,1599900,16.20
2011-12-22,15.70,16.28,15.60,16.15,2455500,16.02
2011-12-21,15.34,15.63,15.15,15.61,2308800,15.49
2011-12-20,14.98,15.51,14.92,15.35,3668500,15.23
2011-12-19,15.10,15.25,14.52,14.63,3115800,14.51
2011-12-16,15.02,15.42,14.94,15.07,6098100,14.95
2011-12-15,14.97,15.10,14.64,14.91,5388000,14.79
2011-12-14,14.94,15.25,14.81,14.88,4256800,14.76
2011-12-13,15.40,15.51,14.92,15.04,4214100,14.92
2011-12-12,15.27,15.33,14.97,15.25,3274400,15.13
2011-12-09,15.40,15.82,15.33,15.50,4018700,15.38
2011-12-08,15.88,15.90,15.21,15.25,4591000,15.13
2011-12-07,16.20,16.26,15.80,15.98,6447000,15.85
2011-12-06,16.78,16.78,16.29,16.32,4611500,16.19
2011-12-05,16.61,16.99,16.49,16.84,3461700,16.71
2011-12-02,16.00,16.52,15.98,16.21,2705300,16.08
2011-12-01,16.04,16.09,15.56,15.90,2254700,15.77
2011-11-30,15.70,16.13,15.43,16.09,4256400,15.96
2011-11-29,14.91,15.21,14.65,15.00,2982200,14.88
2011-11-28,15.30,15.39,14.84,15.08,2248800,14.96
2011-11-25,14.67,15.04,14.63,14.74,745600,14.62
2011-11-23,15.13,15.17,14.70,14.70,3019600,14.58
2011-11-22,15.60,15.72,15.13,15.34,4164100,15.22
2011-11-21,15.79,15.96,15.46,15.74,3837100,15.61
2011-11-18,16.38,16.43,15.99,16.26,3200800,16.13
2011-11-17,16.72,16.84,16.09,16.19,3823500,16.06
2011-11-16,16.48,17.40,16.30,16.65,5042700,16.51
2011-11-15,16.36,16.78,16.17,16.72,2575500,16.58
2011-11-14,16.71,16.90,16.26,16.41,2792500,16.27
2011-11-11,16.61,17.12,16.59,16.83,2484700,16.69
2011-11-10,16.68,16.87,16.15,16.27,3648400,16.13
2011-11-09,16.94,17.09,16.37,16.42,3150200,16.28
2011-11-08,17.27,17.61,17.01,17.55,2279800,17.40
2011-11-07,17.01,17.25,16.73,17.18,2067400,17.03
2011-11-04,17.13,17.26,16.79,17.06,3043700,16.91
2011-11-03,17.31,17.57,16.69,17.41,4197100,17.26
2011-11-02,17.07,17.37,16.85,17.05,3329900,16.90
2011-11-01,16.69,17.19,16.28,16.67,5494600,16.53
2011-10-31,17.95,17.99,17.36,17.36,4663900,17.21
2011-10-28,18.24,18.33,17.75,18.24,3293500,18.08
2011-10-27,17.80,18.51,17.53,18.29,7124200,18.13
2011-10-26,16.97,17.21,16.41,16.92,5969000,16.77
2011-10-25,17.46,17.46,16.50,16.72,5328300,16.58
2011-10-24,17.00,18.06,16.94,17.98,5115700,17.83
2011-10-21,16.75,17.18,16.37,16.98,7178400,16.83
2011-10-20,16.43,16.79,16.06,16.59,4470700,16.45
2011-10-19,16.93,17.33,16.39,16.42,5596200,16.28
2011-10-18,16.01,17.13,15.95,17.00,4535000,16.85
2011-10-17,16.59,16.59,15.83,15.89,2624900,15.75
2011-10-14,17.19,17.26,16.30,16.71,3730700,16.57
2011-10-13,17.18,17.18,16.14,16.84,4057200,16.70
2011-10-12,16.83,17.85,16.76,17.39,5088100,17.24
2011-10-11,15.97,16.72,15.78,16.64,4539300,16.50
2011-10-10,15.73,16.16,15.68,16.15,3494800,16.01
2011-10-07,15.95,15.95,14.98,15.43,5844200,15.30
2011-10-06,14.73,15.90,14.39,15.88,6004200,15.74
2011-10-05,14.63,14.88,14.22,14.79,3825300,14.66
2011-10-04,13.53,14.75,13.18,14.74,5528900,14.61
2011-10-03,14.29,14.75,13.68,13.68,5277000,13.56
2011-09-30,14.77,14.84,14.07,14.08,5401600,13.96
2011-09-29,15.16,15.44,14.64,15.05,4218100,14.92
2011-09-28,15.67,15.67,14.74,14.75,4135800,14.62
2011-09-27,16.17,16.44,15.45,15.63,4258200,15.50
2011-09-26,15.02,15.82,14.94,15.81,3416800,15.67
2011-09-23,14.68,15.17,14.59,14.83,3410600,14.70
2011-09-22,14.93,15.08,14.45,14.74,5435700,14.61
2011-09-21,16.36,16.41,15.27,15.36,4013300,15.23
2011-09-20,16.51,16.73,16.33,16.38,2382000,16.24
2011-09-19,16.98,17.17,16.25,16.40,3243900,16.26
2011-09-16,17.48,17.49,16.76,17.32,3785800,17.17
2011-09-15,17.13,17.47,16.81,17.47,2875700,17.32
2011-09-14,16.73,17.18,16.23,16.91,3043400,16.76
2011-09-13,16.45,16.95,16.29,16.62,2994600,16.48
2011-09-12,15.51,16.59,15.50,16.39,3611600,16.25
2011-09-09,16.37,16.69,16.06,16.13,4679300,15.99
2011-09-08,16.71,17.01,16.45,16.65,4106100,16.51
2011-09-07,16.25,17.11,16.17,16.93,2958500,16.78
2011-09-06,15.40,16.00,15.36,15.99,4017000,15.85
2011-09-02,16.28,16.56,16.02,16.18,3872900,16.04
2011-09-01,17.35,17.53,16.58,16.67,3459700,16.53
2011-08-31,17.28,17.60,17.17,17.44,3142000,17.29
2011-08-30,17.11,17.32,16.63,17.19,3968400,17.04
2011-08-29,16.54,17.26,16.49,17.26,2830500,17.11
2011-08-26,15.72,16.40,15.43,16.25,3457800,16.11
2011-08-25,16.98,17.52,15.61,15.89,4254600,15.75
2011-08-24,15.60,16.33,15.56,16.32,2894800,16.18
2011-08-23,15.18,15.68,14.82,15.68,4337000,15.55
2011-08-22,15.42,15.60,14.98,15.04,3819400,14.90
2011-08-19,15.52,15.99,15.08,15.10,3897700,14.96
2011-08-18,16.50,16.55,15.59,15.75,4991000,15.60
2011-08-17,16.96,17.32,16.79,17.03,3141200,16.87
2011-08-16,17.31,17.33,16.62,16.88,4660000,16.72
2011-08-15,16.80,17.38,16.80,17.36,3226300,17.20
2011-08-12,17.31,17.85,16.38,16.49,5399400,16.34
2011-08-11,16.25,17.32,16.22,17.06,5076800,16.90
2011-08-10,17.45,17.57,16.04,16.06,11264900,15.91
2011-08-09,17.78,18.21,17.10,18.02,8815500,17.85
2011-08-08,18.57,19.11,16.85,17.33,10699400,17.17
2011-08-05,19.52,19.84,18.90,19.13,6809700,18.95
2011-08-04,20.60,20.68,19.39,19.40,5092400,19.22
2011-08-03,20.85,21.09,20.23,20.90,4444500,20.71
2011-08-02,21.83,21.88,20.78,20.84,4368000,20.65
2011-08-01,22.15,22.25,21.43,21.82,2995000,21.62
2011-07-29,21.86,22.16,21.68,21.90,3174000,21.70
2011-07-28,22.28,22.46,22.05,22.08,2843600,21.88
2011-07-27,22.71,22.82,22.10,22.16,3977500,21.96
2011-07-26,23.35,23.43,22.87,22.93,2490300,22.72
2011-07-25,23.25,23.51,23.05,23.40,2051100,23.18
2011-07-22,23.34,23.50,22.96,23.44,2206100,23.22
2011-07-21,23.22,23.59,23.10,23.41,3861700,23.19
2011-07-20,22.84,23.21,22.51,23.01,4313300,22.80
2011-07-19,22.56,22.81,21.67,22.64,8530500,22.43
2011-07-18,23.16,23.22,22.52,22.79,5230100,22.58
2011-07-15,23.06,23.24,22.68,23.17,3406600,22.96
2011-07-14,23.94,24.03,22.77,22.97,6470800,22.76
2011-07-13,23.94,24.35,23.78,23.81,3129500,23.59
2011-07-12,23.72,24.39,23.72,23.77,3269200,23.55
2011-07-11,24.07,24.14,23.66,23.71,1935000,23.49
2011-07-08,24.36,24.59,24.09,24.42,2738900,24.19
2011-07-07,24.29,24.71,24.24,24.48,1864900,24.25
2011-07-06,24.02,24.18,23.83,24.04,2049900,23.82
2011-07-05,24.32,24.46,23.91,24.10,2145100,23.88
2011-07-01,24.01,24.49,23.89,24.42,2855200,24.19
2011-06-30,24.08,24.16,23.90,24.01,3185500,23.79
2011-06-29,23.30,24.16,23.10,24.09,5329700,23.87
2011-06-28,22.80,23.15,22.72,23.09,2066700,22.88
2011-06-27,22.41,22.96,22.36,22.76,1957000,22.55
2011-06-24,22.70,22.84,22.35,22.39,2273600,22.18
2011-06-23,22.70,22.84,22.38,22.72,2314900,22.51
2011-06-22,23.22,23.44,22.96,23.01,1720000,22.80
2011-06-21,23.25,23.61,23.06,23.34,2394800,23.12
2011-06-20,23.02,23.21,22.82,23.16,1593500,22.95
2011-06-17,22.67,23.25,22.66,23.14,3769400,22.93
2011-06-16,22.31,22.60,22.10,22.39,2800100,22.18
2011-06-15,22.35,22.48,22.17,22.35,2682000,22.14
2011-06-14,22.70,22.84,22.42,22.57,2098000,22.36
2011-06-13,22.14,22.33,21.96,22.24,2144100,22.03
2011-06-10,22.06,22.22,21.36,22.03,3893000,21.83
2011-06-09,22.06,22.28,21.81,22.19,2202500,21.98
2011-06-08,21.76,22.18,21.71,22.02,3626600,21.82
2011-06-07,22.28,22.42,21.77,21.78,4793400,21.58
2011-06-06,22.79,22.80,22.05,22.16,4166200,21.96
2011-06-03,22.72,23.39,22.66,22.89,2099100,22.68
2011-06-02,23.00,23.15,22.71,23.06,2060500,22.85
2011-06-01,23.72,23.72,22.92,22.97,3626400,22.76
2011-05-31,23.89,23.98,23.56,23.83,1950200,23.61
2011-05-27,23.18,23.77,23.18,23.71,1542100,23.49
2011-05-26,23.03,23.24,22.74,23.15,2485600,22.94
2011-05-25,23.03,23.28,22.89,23.11,2187100,22.90
2011-05-24,23.09,23.31,22.86,23.17,2542800,22.96
2011-05-23,23.04,23.30,23.01,23.05,2100000,22.84
2011-05-20,23.71,23.73,23.26,23.31,2067300,23.09
2011-05-19,23.85,23.91,23.65,23.73,2161300,23.51
2011-05-18,23.65,23.99,23.45,23.78,2130700,23.55
2011-05-17,23.11,23.67,23.05,23.65,2436200,23.42
2011-05-16,23.12,23.48,23.01,23.15,2384600,22.93
2011-05-13,23.57,23.64,23.11,23.12,3349700,22.90
2011-05-12,24.00,24.10,23.45,23.59,2600000,23.36
2011-05-11,24.18,24.36,23.96,24.05,2100000,23.82
2011-05-10,23.86,24.34,23.73,24.18,2535100,23.95
2011-05-09,23.73,24.02,23.48,23.80,2439100,23.57
2011-05-06,24.23,24.27,23.77,23.82,2083600,23.59
2011-05-05,24.15,24.33,23.77,23.94,2900000,23.71
2011-05-04,24.39,24.45,24.09,24.35,2142500,24.11
2011-05-03,24.30,24.70,24.15,24.44,2900000,24.20
2011-05-02,24.60,24.63,24.29,24.34,1708900,24.10
2011-04-29,24.60,24.60,24.29,24.44,1844400,24.20
2011-04-28,24.41,24.60,24.21,24.56,2206800,24.32
2011-04-27,24.40,24.59,24.19,24.44,2520500,24.20
2011-04-26,24.10,24.45,23.94,24.38,3100000,24.14
2011-04-25,23.81,24.20,23.76,24.02,2056600,23.79
2011-04-21,23.57,23.78,23.29,23.66,2369600,23.43
2011-04-20,24.10,24.10,23.34,23.47,3989300,23.24
2011-04-19,24.54,24.92,23.82,23.85,12400000,23.62
2011-04-18,22.99,23.31,22.84,22.96,4250900,22.74
2011-04-15,23.54,23.64,23.07,23.19,3011900,22.97
2011-04-14,23.70,23.79,23.27,23.44,2330500,23.21
2011-04-13,24.49,24.53,23.70,23.76,3067000,23.53
2011-04-12,24.13,24.35,24.02,24.24,1944300,24.01
2011-04-11,24.32,24.35,24.13,24.16,3228600,23.93
2011-04-08,24.37,24.49,24.09,24.22,2946100,23.99
2011-04-07,24.60,24.66,24.20,24.31,2547300,24.08
2011-04-06,24.33,24.65,24.17,24.60,2293600,24.36
2011-04-05,24.35,24.35,24.03,24.28,3833500,24.05
2011-04-04,23.54,24.05,23.47,23.95,3294600,23.72
2011-04-01,23.27,23.66,23.22,23.52,1871900,23.29
2011-03-31,22.97,23.17,22.90,23.06,1792000,22.84
2011-03-30,23.00,23.33,22.88,23.13,2355100,22.91
2011-03-29,22.77,22.97,22.65,22.97,2742400,22.75
2011-03-28,23.27,23.37,22.75,22.77,4086200,22.55
2011-03-25,23.09,23.47,22.94,23.23,1567300,23.01
2011-03-24,22.91,23.07,22.55,23.07,2253700,22.85
2011-03-23,23.27,23.27,22.68,22.82,3625700,22.60
2011-03-22,23.58,23.73,23.16,23.40,3782000,23.17
2011-03-21,23.06,23.22,22.91,23.03,3082900,22.81
2011-03-18,22.92,23.25,22.67,22.83,5632400,22.61
2011-03-17,22.77,22.79,22.28,22.53,2149600,22.31
2011-03-16,22.70,22.81,22.08,22.27,3924900,22.05
2011-03-15,22.50,22.77,22.37,22.74,4546600,22.52
2011-03-14,23.12,23.43,22.84,23.10,2587300,22.88
2011-03-11,22.84,23.47,22.82,23.35,3494400,23.12
2011-03-10,23.07,23.17,22.71,22.93,3578200,22.71
2011-03-09,23.46,23.66,23.06,23.37,4352700,23.14
2011-03-08,22.58,23.40,22.54,23.14,3221000,22.92
2011-03-07,22.72,22.92,22.37,22.49,2945400,22.27
2011-03-04,22.81,22.84,22.27,22.69,3362400,22.47
2011-03-03,22.87,23.12,22.68,22.84,2764100,22.62
2011-03-02,22.77,23.17,22.59,22.61,3252400,22.39
2011-03-01,23.44,23.55,22.82,22.83,3542800,22.61
2011-02-28,23.57,23.64,23.20,23.36,2076800,23.13
2011-02-25,23.26,23.57,23.09,23.48,3002200,23.25
2011-02-24,23.30,23.37,22.90,23.08,4394700,22.86
2011-02-23,23.44,23.78,22.96,23.25,4569400,23.03
2011-02-22,23.99,24.02,23.04,23.09,4637100,22.87
2011-02-18,24.54,24.65,24.08,24.10,3926200,23.87
2011-02-17,24.45,24.57,24.28,24.54,2067500,24.30
2011-02-16,24.73,24.85,24.38,24.63,3133500,24.38
2011-02-15,24.63,24.95,24.55,24.60,2587700,24.35
2011-02-14,24.97,25.10,24.68,24.71,3656000,24.46
2011-02-11,24.53,25.22,23.78,24.96,6143700,24.71
2011-02-10,25.00,25.30,24.53,24.61,3746200,24.36
2011-02-09,25.32,25.60,25.02,25.28,3704400,25.03
2011-02-08,25.28,25.55,25.04,25.40,2769900,25.14
2011-02-07,24.73,25.45,24.67,25.28,4151700,25.03
2011-02-04,24.19,24.66,24.11,24.60,2764500,24.35
2011-02-03,24.10,24.34,23.99,24.21,2569300,23.97
2011-02-02,24.16,24.34,23.97,24.22,2531700,23.98
2011-02-01,23.86,24.39,23.70,24.31,4862100,24.07
2011-01-31,23.69,23.91,23.38,23.58,2883100,23.34
2011-01-28,23.79,24.14,23.42,23.43,4340700,23.19
2011-01-27,23.29,23.88,23.04,23.76,4145300,23.52
2011-01-26,23.55,23.59,22.81,23.29,4218600,23.06
2011-01-25,24.00,24.62,22.94,23.54,7840500,23.30
2011-01-24,24.23,24.43,23.55,23.75,3907000,23.51
2011-01-21,24.20,24.60,23.90,24.31,5050400,24.07
2011-01-20,23.90,23.92,23.33,23.74,2896600,23.50
2011-01-19,24.14,24.40,23.82,23.93,3514800,23.69
2011-01-18,24.49,24.52,24.05,24.38,2611700,24.13
2011-01-14,23.75,24.59,23.72,24.59,3528600,24.34
2011-01-13,24.02,24.29,23.65,23.80,3558100,23.56
2011-01-12,23.88,24.39,23.80,24.02,4363900,23.78
2011-01-11,24.36,24.80,24.11,24.31,2095400,24.07
2011-01-10,24.42,24.48,23.97,24.13,2972200,23.89
2011-01-07,24.89,25.06,24.13,24.57,5059400,24.32
2011-01-06,24.83,25.14,24.61,24.83,4421700,24.58
2011-01-05,24.31,24.96,24.21,24.90,4692900,24.65
2011-01-04,25.25,25.38,24.36,24.76,3995200,24.51
2011-01-03,24.74,25.48,24.70,25.17,4761500,24.92
2010-12-31,24.25,24.47,24.17,24.23,1342400,23.99
2010-12-30,24.01,24.36,24.01,24.27,1260600,24.03
2010-12-29,24.58,24.58,24.15,24.27,1761700,24.03
2010-12-28,24.24,24.57,24.19,24.46,2670800,24.21
2010-12-27,23.61,24.30,23.48,24.10,2567700,23.86
2010-12-23,23.68,23.99,23.59,23.74,3038100,23.50
2010-12-22,23.08,24.10,23.08,23.68,5197100,23.44
2010-12-21,22.67,23.05,22.55,23.02,3250800,22.79
2010-12-20,22.32,22.64,22.28,22.55,3549800,22.32
2010-12-17,22.78,22.92,22.27,22.27,6054900,22.05
2010-12-16,22.18,22.63,21.75,22.32,4707600,22.10
2010-12-15,22.61,22.87,22.08,22.15,4206200,21.93
2010-12-14,22.96,23.20,22.65,22.69,3133400,22.46
2010-12-13,23.25,23.25,22.70,22.84,3766800,22.61
2010-12-10,23.08,23.53,22.84,23.36,3768200,23.12
2010-12-09,22.65,23.46,22.55,23.15,6773900,22.92
2010-12-08,21.26,22.62,21.26,22.45,6677500,22.22
2010-12-07,21.65,21.88,21.15,21.28,3504300,21.07
2010-12-06,21.14,21.49,20.96,21.39,2815200,21.17
2010-12-03,20.99,21.38,20.67,21.29,3348900,21.08
2010-12-02,19.89,21.11,19.89,21.09,5903900,20.88
2010-12-01,19.75,19.93,19.43,19.87,4345000,19.67
2010-11-30,19.06,19.60,18.84,19.45,7011100,19.25
2010-11-29,19.28,19.54,19.10,19.25,4056500,19.06
2010-11-26,19.34,19.58,19.25,19.50,1491900,19.30
2010-11-24,19.64,19.71,19.13,19.45,3693400,19.25
2010-11-23,19.76,19.98,19.42,19.55,4293800,19.35
2010-11-22,20.40,20.46,19.83,20.03,3014600,19.83
2010-11-19,20.50,20.72,20.29,20.50,3094900,20.29
2010-11-18,20.98,21.25,20.58,20.69,3104700,20.48
2010-11-17,21.06,21.24,20.58,20.72,3450600,20.51
2010-11-16,21.49,21.63,20.68,20.97,3410600,20.76
2010-11-15,21.40,22.09,21.17,21.64,2519500,21.42
2010-11-12,21.77,21.82,21.10,21.36,2262900,21.14
2010-11-11,21.89,22.20,21.68,21.92,1760100,21.70
2010-11-10,21.50,22.09,21.26,22.00,3209600,21.78
2010-11-09,21.87,22.15,21.27,21.35,3457400,21.14
2010-11-08,21.89,22.25,21.54,21.86,2421200,21.64
2010-11-05,21.37,22.66,21.20,22.03,5278000,21.80
2010-11-04,20.91,21.60,20.80,21.37,4135700,21.15
2010-11-03,20.20,20.79,20.12,20.76,3652100,20.54
2010-11-02,20.70,20.88,20.08,20.20,4062600,19.99
2010-11-01,20.82,20.92,19.93,20.46,3600300,20.24
2010-10-29,21.11,21.14,20.66,20.75,2837900,20.53
2010-10-28,21.50,21.58,20.81,21.09,2454100,20.87
2010-10-27,21.22,21.64,21.19,21.31,1903900,21.09
2010-10-26,21.34,21.60,21.20,21.43,2085200,21.20
2010-10-25,21.91,21.95,21.26,21.37,2716900,21.15
2010-10-22,21.59,21.86,21.36,21.69,2851200,21.46
2010-10-21,21.90,22.14,21.33,21.55,4305300,21.32
2010-10-20,21.89,21.90,21.42,21.79,5476200,21.56
2010-10-19,21.18,22.70,20.96,21.86,9327700,21.63
2010-10-18,20.68,21.57,20.55,21.35,5206700,21.13
2010-10-15,21.53,21.64,20.57,20.72,4911700,20.50
2010-10-14,21.71,21.74,20.91,21.36,3969800,21.14
2010-10-13,22.38,22.55,21.80,21.82,3649100,21.59
2010-10-12,21.74,22.24,21.45,22.12,2846400,21.89
2010-10-11,21.89,22.00,21.67,21.80,1742600,21.57
2010-10-08,21.76,21.98,21.67,21.89,2536800,21.66
2010-10-07,22.02,22.21,21.59,21.76,2012900,21.53
2010-10-06,21.93,22.22,21.84,21.95,3706500,21.72
2010-10-05,21.42,22.27,21.23,21.91,3971400,21.68
2010-10-04,21.07,21.47,21.00,21.14,2626700,20.92
2010-10-01,21.65,21.75,20.98,21.21,2840700,20.99
2010-09-30,21.21,21.74,21.07,21.36,4158600,21.14
2010-09-29,20.49,21.11,20.38,21.06,3305100,20.84
2010-09-28,20.67,20.71,20.22,20.67,4032200,20.45
2010-09-27,20.95,20.99,20.66,20.68,2596400,20.46
2010-09-24,20.48,20.91,20.45,20.89,3193000,20.67
2010-09-23,20.28,20.94,20.02,20.10,4950600,19.89
2010-09-22,21.25,21.40,20.55,20.62,5875900,20.40
2010-09-21,22.09,22.20,21.55,21.58,3510700,21.35
2010-09-20,21.56,22.21,21.28,22.00,4633700,21.77
2010-09-17,21.01,22.12,20.76,21.45,8646200,21.22
2010-09-16,20.81,20.92,20.57,20.86,2747600,20.64
2010-09-15,20.62,21.20,20.43,20.94,2976200,20.72
2010-09-14,21.20,21.22,20.78,20.84,4031800,20.62
2010-09-13,20.59,21.40,20.44,21.31,6836700,21.09
2010-09-10,20.25,20.42,19.80,19.84,2837900,19.63
2010-09-09,20.36,20.69,19.79,20.31,2813500,20.10
2010-09-08,19.66,20.10,19.64,19.79,2341800,19.58
2010-09-07,20.17,20.17,19.46,19.54,2681000,19.33
2010-09-03,20.00,20.43,19.76,20.33,3613300,20.12
2010-09-02,19.36,19.74,19.23,19.71,2557300,19.50
2010-09-01,18.81,19.28,18.54,19.27,4879200,19.07
2010-08-31,18.11,18.70,18.06,18.42,3945700,18.23
2010-08-30,18.52,18.57,18.15,18.24,3601800,18.05
2010-08-27,18.24,18.73,18.05,18.71,3161900,18.51
2010-08-26,18.46,18.68,18.01,18.14,3356700,17.95
2010-08-25,18.21,18.37,17.91,18.27,4133800,18.08
2010-08-24,18.55,18.70,18.21,18.32,3979000,18.13
2010-08-23,19.20,19.33,18.76,18.82,2801600,18.62
2010-08-20,19.22,19.27,18.81,19.14,3722600,18.94
2010-08-19,19.80,20.00,19.13,19.35,4593600,19.15
2010-08-18,20.09,20.30,19.87,19.99,3816800,19.78
2010-08-17,20.16,20.47,19.83,20.31,3171600,20.10
2010-08-16,19.78,19.96,19.60,19.95,2591000,19.74
2010-08-13,20.15,20.43,19.84,19.89,2519200,19.68
2010-08-12,19.84,20.46,19.66,20.19,3935300,19.98
2010-08-11,21.05,21.12,20.12,20.12,4927800,19.91
2010-08-10,21.45,21.72,21.07,21.46,3253600,21.23
2010-08-09,21.72,21.96,21.48,21.84,2102500,21.61
2010-08-06,21.81,21.97,21.01,21.64,3954400,21.41
2010-08-05,22.45,22.53,21.96,22.11,2245300,21.87
2010-08-04,22.84,23.05,22.40,22.62,2506000,22.37
2010-08-03,22.92,23.19,22.52,22.61,3378900,22.36
2010-08-02,22.57,22.91,22.31,22.89,3144100,22.64
2010-07-30,21.67,22.28,21.65,22.19,4743600,21.95
2010-07-29,21.72,22.39,21.64,22.05,8271300,21.81
2010-07-28,21.39,21.67,21.10,21.26,4201200,21.03
2010-07-27,21.61,22.09,21.12,21.42,4121500,21.19
2010-07-26,20.65,21.40,20.41,21.34,3577300,21.11
2010-07-23,20.01,20.68,19.67,20.55,4382100,20.32
2010-07-22,19.84,20.40,19.77,20.17,5825100,19.95
2010-07-21,19.86,20.17,19.30,19.42,9420400,19.21
2010-07-20,19.93,20.47,19.29,19.51,19267700,19.30
2010-07-19,21.75,22.02,21.01,21.42,6259700,21.19
2010-07-16,22.84,22.89,21.50,21.69,5927300,21.45
2010-07-15,23.47,23.47,22.48,23.15,3536300,22.90
2010-07-14,23.72,23.92,23.07,23.33,4756900,23.07
2010-07-13,23.52,24.39,23.52,24.20,4079900,23.93
2010-07-12,23.17,23.49,22.77,23.18,2337800,22.93
2010-07-09,22.36,23.38,22.19,23.25,3094300,23.00
2010-07-08,22.66,22.89,21.89,22.38,3301900,22.13
2010-07-07,21.07,22.38,20.93,22.31,4227900,22.07
2010-07-06,21.12,21.44,20.62,20.88,3338600,20.65
2010-07-02,21.91,22.06,20.56,20.75,5195500,20.52
2010-07-01,21.43,22.09,20.42,21.73,6433700,21.49
2010-06-30,21.90,22.69,21.44,21.57,3808900,21.33
2010-06-29,23.11,23.30,21.80,21.94,6643100,21.70
2010-06-28,23.87,24.01,23.28,23.55,3880800,23.29
2010-06-25,23.16,24.02,22.89,23.82,4542800,23.56
2010-06-24,23.06,23.49,22.73,22.95,2779500,22.70
2010-06-23,23.74,24.06,23.11,23.35,2949000,23.09
2010-06-22,23.91,24.30,23.61,23.63,3612600,23.37
2010-06-21,24.36,24.69,23.72,23.91,4529900,23.65
2010-06-18,23.83,24.00,23.35,23.98,8289600,23.72
2010-06-17,24.18,24.27,23.27,23.67,4756200,23.41
2010-06-16,24.00,24.41,23.90,24.17,4823800,23.91
2010-06-15,23.59,24.32,23.38,24.24,5017100,23.97
2010-06-14,23.90,24.30,23.27,23.40,5238500,23.14
2010-06-11,23.17,23.76,22.73,23.68,5960200,23.42
2010-06-10,23.30,23.57,22.84,23.56,6675500,23.30
2010-06-09,22.80,23.10,22.13,22.79,9792700,22.54
2010-06-08,21.54,22.61,21.22,22.52,9582300,22.27
2010-06-07,22.50,22.58,21.42,21.48,6046400,21.24
2010-06-04,22.88,23.29,22.21,22.35,7176300,22.10
2010-06-03,23.80,24.19,23.15,23.56,4526600,23.30
2010-06-02,23.30,23.78,22.95,23.78,4888800,23.52
2010-06-01,23.50,24.07,23.05,23.15,5416800,22.90
2010-05-28,24.73,24.81,23.72,23.95,4970500,23.69
2010-05-27,24.61,24.95,24.15,24.86,7074400,24.59
2010-05-26,23.88,24.47,23.73,23.96,11860100,23.70
2010-05-25,22.00,23.24,21.67,23.11,7385400,22.86
2010-05-24,24.10,24.11,22.91,22.91,6236700,22.66
2010-05-21,22.25,23.95,22.10,23.80,9200800,23.54
2010-05-20,23.00,23.70,22.66,22.79,14945200,22.54
2010-05-19,25.31,26.25,24.42,24.42,14161300,24.15
2010-05-18,27.58,27.90,25.62,26.08,5743200,25.79
2010-05-17,27.15,27.55,26.20,27.30,4942700,27.00
2010-05-14,28.10,28.14,26.58,27.33,5317200,27.03
2010-05-13,28.69,29.25,28.41,28.50,3825800,28.19
2010-05-12,28.11,28.91,28.03,28.88,4732900,28.56
2010-05-11,27.32,28.65,27.15,27.74,5753200,27.44
2010-05-10,28.09,29.10,27.04,27.83,9157400,27.52
2010-05-07,26.36,26.77,24.56,25.57,9586400,25.29
2010-05-06,27.67,28.28,25.07,26.44,10676600,26.15
2010-05-05,27.34,28.67,26.65,27.86,7580700,27.54
2010-05-04,28.43,28.88,27.50,27.77,5271600,27.46
2010-05-03,28.99,29.44,28.35,29.00,4370100,28.67
2010-04-30,28.99,29.52,28.63,28.73,4647900,28.40
2010-04-29,27.89,29.10,27.89,28.86,3457100,28.53
2010-04-28,28.17,28.55,27.44,27.66,6247200,27.35
2010-04-27,28.58,29.25,27.30,27.75,7658300,27.44
2010-04-26,30.14,30.29,28.62,28.78,6694300,28.45
2010-04-23,29.52,30.15,29.25,30.00,5048000,29.66
2010-04-22,28.68,29.75,28.15,29.60,6772200,29.26
2010-04-21,27.56,30.00,27.46,28.87,15578100,28.54
2010-04-20,25.78,27.60,25.28,27.42,13658700,27.11
2010-04-19,25.27,25.84,24.66,25.43,8444100,25.14
2010-04-16,26.05,26.33,24.38,25.53,8800800,25.24
2010-04-15,27.06,27.11,25.79,26.14,10151500,25.84
2010-04-14,24.95,26.68,24.75,26.36,12528900,26.06
2010-04-13,24.75,24.85,24.26,24.57,9121900,24.29
2010-04-12,23.93,24.92,23.67,24.90,7493900,24.62
2010-04-09,24.17,24.35,23.71,23.93,3588400,23.66
2010-04-08,23.77,24.16,23.26,23.96,4002200,23.69
2010-04-07,24.32,24.75,23.34,23.75,7203800,23.48
2010-04-06,23.14,24.65,23.02,24.27,8533800,24.00
2010-04-05,22.50,23.26,22.24,23.21,6554200,22.95
2010-04-01,22.13,22.18,21.61,21.88,3231500,21.63
2010-03-31,21.43,22.08,21.41,21.84,4617800,21.59
2010-03-30,21.80,21.98,21.57,21.66,3950800,21.41
2010-03-29,22.54,22.71,21.44,21.75,7127400,21.50
2010-03-26,22.78,23.19,21.91,22.23,5999600,21.98
2010-03-25,23.34,23.85,22.60,22.64,5195100,22.38
2010-03-24,22.73,23.43,22.68,23.06,5177100,22.80
2010-03-23,22.59,22.90,22.18,22.82,4373500,22.56
2010-03-22,21.75,22.67,21.36,22.61,5981200,22.35
2010-03-19,22.68,22.97,22.02,22.11,7798700,21.86
2010-03-18,22.79,22.99,22.19,22.73,8474500,22.47
2010-03-17,22.18,23.73,22.18,23.19,13527300,22.93
2010-03-16,21.46,22.35,21.24,22.22,8523800,21.97
2010-03-15,20.94,21.33,20.58,21.24,6415500,21.00
2010-03-12,21.68,21.93,20.96,20.99,9106700,20.75
2010-03-11,20.68,21.73,20.37,21.43,14077100,21.19
2010-03-10,19.50,21.06,19.45,20.49,13857400,20.26
2010-03-09,18.74,19.40,18.46,19.26,5624600,19.04
2010-03-08,18.91,19.07,18.67,18.93,3084200,18.72
2010-03-05,18.25,18.78,18.14,18.74,4540900,18.53
2010-03-04,18.37,18.44,18.00,18.08,4441000,17.88
2010-03-03,18.73,18.76,18.32,18.40,3343500,18.19
2010-03-02,18.80,19.19,18.41,18.64,4703800,18.43
2010-03-01,18.70,18.70,18.18,18.30,2452200,18.09
2010-02-26,18.46,18.60,18.12,18.54,3528900,18.33
2010-02-25,18.32,18.46,18.02,18.44,4482200,18.23
2010-02-24,18.20,18.90,18.07,18.67,4770400,18.46
2010-02-23,18.56,18.94,18.03,18.18,5477800,17.97
2010-02-22,18.55,19.00,18.52,18.87,4690800,18.66
2010-02-19,17.67,18.51,17.57,18.44,5704800,18.23
2010-02-18,17.87,18.14,17.60,17.72,4436000,17.52
2010-02-17,18.49,18.49,17.85,18.05,3946300,17.85
2010-02-16,18.10,18.33,17.75,18.26,3531900,18.05
2010-02-12,18.01,18.05,17.54,17.85,4889000,17.65
2010-02-11,18.41,18.63,18.07,18.17,5180100,17.96
2010-02-10,18.26,18.70,18.13,18.52,4126600,18.31
2010-02-09,18.30,18.65,17.99,18.21,4783100,18.00
2010-02-08,18.03,18.78,17.70,17.99,8066000,17.79
2010-02-05,17.63,18.10,17.24,18.00,7965300,17.79
2010-02-04,18.09,18.15,17.39,17.49,11389800,17.28
2010-02-03,19.77,19.78,18.46,18.62,10280400,18.40
2010-02-02,19.98,20.19,19.44,19.91,5880500,19.67
2010-02-01,19.17,19.94,19.13,19.92,6913400,19.68
2010-01-29,19.57,19.70,18.78,18.97,6963600,18.74
2010-01-28,19.53,19.75,18.90,19.34,7063800,19.11
2010-01-27,18.88,19.34,18.34,18.94,9314100,18.72
2010-01-26,18.96,20.58,18.90,19.08,26333100,18.85
2010-01-25,17.96,17.99,16.69,17.92,10474700,17.71
2010-01-22,18.07,18.25,17.12,17.66,11289700,17.45
2010-01-21,17.97,19.42,17.95,18.36,14223800,18.14
2010-01-20,16.91,18.00,16.85,17.92,9979700,17.71
2010-01-19,16.25,17.20,16.06,17.11,7056700,16.91
2010-01-15,16.78,16.89,16.12,16.26,4889300,16.07
2010-01-14,16.36,16.85,16.25,16.71,4677900,16.51
2010-01-13,15.95,16.57,15.14,16.35,10367200,16.16
2010-01-12,16.38,16.94,15.83,16.05,7340200,15.86
2010-01-11,16.47,16.79,16.10,16.51,5532000,16.31
2010-01-08,16.19,16.66,15.52,16.41,6903000,16.22
2010-01-07,14.97,17.00,14.95,16.68,24716800,16.48
2010-01-06,13.67,15.01,13.66,15.00,12615200,14.82
2010-01-05,13.28,13.83,13.23,13.80,5605500,13.64
2010-01-04,12.94,13.37,12.88,13.33,3974600,13.17
2009-12-31,12.73,12.93,12.67,12.83,3239800,12.68
2009-12-30,12.70,12.80,12.51,12.80,2799500,12.65
2009-12-29,12.69,12.87,12.67,12.75,2129100,12.60
2009-12-28,12.91,13.07,12.69,12.76,3281500,12.61
2009-12-24,12.97,13.02,12.84,12.90,1145500,12.75
2009-12-23,13.19,13.20,12.85,12.92,3833200,12.77
2009-12-22,13.21,13.22,13.02,13.22,3029600,13.06
2009-12-21,13.15,13.28,12.95,13.21,3089900,13.05
2009-12-18,12.80,13.13,12.70,13.12,5720000,12.96
2009-12-17,12.76,13.04,12.68,12.70,3630100,12.55
2009-12-16,13.10,13.24,12.81,12.91,4555200,12.76
2009-12-15,13.50,13.51,12.95,13.05,5638300,12.90
2009-12-14,13.69,13.80,13.40,13.76,3948400,13.60
2009-12-11,13.54,13.69,13.41,13.59,3494300,13.43
2009-12-10,14.03,14.06,13.45,13.52,4811800,13.36
2009-12-09,13.71,14.13,13.48,13.98,7559700,13.81
2009-12-08,13.30,13.86,13.26,13.74,7954500,13.58
2009-12-07,13.03,13.38,13.00,13.26,5229300,13.10
2009-12-04,13.02,13.15,12.75,13.06,6111400,12.91
2009-12-03,13.40,13.69,12.52,12.59,7291900,12.44
2009-12-02,13.20,13.60,13.10,13.34,5003900,13.18
2009-12-01,13.32,13.36,12.86,13.16,4935600,13.00
2009-11-30,12.68,13.15,12.65,13.15,4934700,12.99
2009-11-27,12.70,13.00,12.60,12.62,2385400,12.47
2009-11-25,13.37,13.48,12.86,13.08,5196700,12.92
2009-11-24,13.96,14.12,13.25,13.35,7795200,13.19
2009-11-23,13.70,14.71,13.59,14.12,17842600,13.95
2009-11-20,12.69,12.92,12.50,12.55,4029800,12.40
2009-11-19,13.20,13.32,12.67,12.74,5224000,12.59
2009-11-18,13.45,13.69,13.22,13.32,4207100,13.16
2009-11-17,13.26,13.62,13.14,13.46,4425300,13.30
2009-11-16,13.28,13.62,13.19,13.38,5352600,13.22
2009-11-13,12.99,13.40,12.82,13.11,8489500,12.95
2009-11-12,13.23,13.54,12.90,12.94,6315200,12.79
2009-11-11,13.15,13.63,12.80,13.24,11385400,13.08
2009-11-10,14.32,14.33,13.23,13.26,11544400,13.10
2009-11-09,13.97,14.37,13.83,14.35,6647600,14.18
2009-11-06,13.80,14.20,13.63,13.83,5062600,13.66
2009-11-05,13.75,14.10,13.59,14.05,6675700,13.87
2009-11-04,14.47,14.75,13.61,13.65,7744300,13.48
2009-11-03,13.91,14.48,13.45,14.40,7286700,14.22
2009-11-02,14.23,14.98,13.77,14.05,7102200,13.87
2009-10-30,14.94,14.96,13.89,14.16,11254900,13.98
2009-10-29,14.80,15.25,14.03,15.08,8074800,14.89
2009-10-28,15.30,15.48,14.43,14.57,9067900,14.39
2009-10-27,15.68,15.93,15.18,15.29,6759800,15.10
2009-10-26,16.76,16.86,15.55,15.65,7435300,15.45
2009-10-23,17.34,17.39,16.50,16.82,6489500,16.61
2009-10-22,16.67,17.44,16.40,17.38,8972100,17.16
2009-10-21,17.07,17.28,16.58,16.73,9061500,16.52
2009-10-20,17.03,17.90,16.72,17.23,12417800,17.01
2009-10-19,18.23,18.63,17.83,18.33,6857900,18.10
2009-10-16,18.44,19.03,17.84,18.17,7092700,17.94
2009-10-15,18.50,18.99,18.33,18.82,4154800,18.58
2009-10-14,18.17,18.73,17.75,18.65,7084800,18.42
2009-10-13,17.20,18.20,17.06,18.02,8859700,17.79
2009-10-12,17.11,17.40,16.96,17.00,3740200,16.79
2009-10-09,17.15,17.31,16.91,17.27,4425900,17.05
2009-10-08,17.53,17.59,17.01,17.14,4937700,16.92
2009-10-07,17.58,17.58,16.98,17.34,3187200,17.12
2009-10-06,17.37,18.76,17.20,17.36,7873000,17.14
2009-10-05,16.63,17.13,16.55,17.13,4421000,16.91
2009-10-02,16.11,16.99,16.06,16.68,7521400,16.47
2009-10-01,18.10,18.19,16.34,16.38,7246900,16.17
2009-09-30,18.23,18.41,17.65,17.97,4414800,17.74
2009-09-29,18.50,19.05,18.19,18.19,4450900,17.96
2009-09-28,17.90,18.19,17.67,18.19,3617500,17.96
2009-09-25,17.67,17.94,17.51,17.78,4135900,17.56
2009-09-24,18.78,19.02,17.39,17.75,6455300,17.53
2009-09-23,18.56,19.20,18.50,18.64,3964100,18.41
2009-09-22,18.37,19.25,18.27,19.07,6023200,18.83
2009-09-21,18.24,18.54,17.88,18.20,3315300,17.97
2009-09-18,18.40,18.68,17.93,18.40,6114200,18.17
2009-09-17,18.50,19.64,18.15,18.27,10546500,18.04
2009-09-16,17.85,20.36,17.75,19.31,15279600,19.07
2009-09-15,16.30,18.31,16.23,18.12,11308600,17.89
2009-09-14,15.73,16.36,15.68,16.36,4541600,16.15
2009-09-11,15.74,16.11,15.52,15.89,6618000,15.69
2009-09-10,16.17,16.18,15.45,15.94,6416700,15.74
2009-09-09,16.16,16.38,15.70,16.18,6530500,15.98
2009-09-08,17.12,17.43,15.83,16.07,6281500,15.87
2009-09-04,16.40,16.74,16.15,16.74,3373600,16.53
2009-09-03,16.55,16.97,16.20,16.39,4560700,16.18
2009-09-02,16.36,16.57,15.74,16.28,6039400,16.08
2009-09-01,17.60,17.85,16.26,16.43,7417900,16.22
2009-08-31,17.84,17.86,17.35,17.68,4393900,17.46
2009-08-28,17.60,18.57,17.44,18.12,4994300,17.89
2009-08-27,17.28,17.60,17.15,17.44,1916800,17.22
2009-08-26,17.66,17.94,17.12,17.42,4609800,17.20
2009-08-25,17.82,18.38,17.53,17.56,5739200,17.34
2009-08-24,18.08,18.75,17.47,17.57,6680100,17.35
2009-08-21,17.95,18.60,17.64,18.22,6922600,17.99
2009-08-20,16.79,17.75,16.76,17.57,5997300,17.35
2009-08-19,15.83,16.88,15.83,16.67,5774900,16.46
2009-08-18,16.00,16.74,16.00,16.37,3980100,16.16
2009-08-17,16.01,16.20,15.76,15.94,4662800,15.74
2009-08-14,16.97,17.09,16.36,16.95,4980300,16.74
2009-08-13,16.55,16.91,16.00,16.86,5618500,16.65
2009-08-12,16.39,16.75,15.79,16.23,7318000,16.03
2009-08-11,17.48,17.59,16.00,16.43,15533100,16.22
2009-08-10,17.08,18.29,16.80,17.93,9726000,17.70
2009-08-07,16.27,17.65,16.16,17.06,10483700,16.84
2009-08-06,15.40,16.48,15.29,15.51,9059600,15.31
2009-08-05,15.19,15.56,14.83,15.20,8694000,15.00
2009-08-04,14.02,15.36,13.67,15.15,8044200,14.95
2009-08-03,13.92,14.90,13.90,14.15,5919700,13.96
2009-07-31,13.43,13.77,13.25,13.58,4803100,13.40
2009-07-30,12.82,13.74,12.81,13.46,6429400,13.28
2009-07-29,12.50,12.83,12.40,12.55,3422100,12.38
2009-07-28,12.51,13.04,12.35,12.80,5640500,12.63
2009-07-27,11.18,12.72,11.07,12.65,8250000,12.48
2009-07-24,11.24,11.33,10.77,11.20,5856300,11.05
2009-07-23,11.09,11.55,10.69,11.33,6906000,11.18
2009-07-22,10.42,11.13,10.40,11.00,5440500,10.86
2009-07-21,11.28,11.48,10.25,10.68,15248800,10.54
2009-07-20,11.58,12.37,11.58,12.22,7240900,12.06
2009-07-17,12.27,12.73,11.25,11.56,6710700,11.41
2009-07-16,12.21,12.59,11.90,12.40,3724000,12.24
2009-07-15,11.86,12.39,11.76,12.32,5071500,12.16
2009-07-14,12.03,12.10,11.46,11.76,3800200,11.61
2009-07-13,11.23,11.94,11.11,11.94,5200200,11.78
2009-07-10,11.25,11.32,10.82,11.00,4309600,10.86
2009-07-09,11.10,11.67,11.10,11.35,3938100,11.20
2009-07-08,10.99,11.25,10.63,10.95,4831600,10.81
2009-07-07,11.06,11.46,10.97,11.02,3232700,10.87
2009-07-06,10.90,11.32,10.66,11.13,4672900,10.98
2009-07-02,11.18,11.36,11.00,11.06,3294800,10.91
2009-07-01,11.72,11.74,11.26,11.35,2848800,11.20
2009-06-30,12.37,12.37,11.38,11.56,6343200,11.41
2009-06-29,12.13,12.43,11.69,12.24,4810300,12.08
2009-06-26,12.01,12.11,11.62,11.90,3231900,11.74
2009-06-25,11.97,12.17,11.84,12.17,4152500,12.01
2009-06-24,12.06,12.64,11.76,11.86,4573600,11.70
2009-06-23,12.16,12.39,11.63,11.76,5799500,11.61
2009-06-22,13.10,13.24,11.90,11.91,5444100,11.75
2009-06-19,13.34,13.43,12.97,13.34,4760000,13.16
2009-06-18,13.10,13.60,12.91,13.20,3227500,13.03
2009-06-17,13.75,13.84,12.73,12.90,6103000,12.73
2009-06-16,14.94,15.01,13.73,13.83,5384300,13.65
2009-06-15,14.69,15.04,14.59,14.98,4945500,14.78
2009-06-12,14.73,15.21,14.62,14.78,2656800,14.59
2009-06-11,14.15,15.13,14.11,14.68,4863000,14.49
2009-06-10,14.74,14.82,14.00,14.17,3099500,13.98
2009-06-09,14.31,14.82,14.28,14.65,4189500,14.46
2009-06-08,14.33,14.80,14.15,14.32,3321200,14.13
2009-06-05,14.78,15.48,14.21,14.47,5013500,14.28
2009-06-04,14.18,14.74,13.91,14.64,3986500,14.45
2009-06-03,14.37,14.76,13.98,14.07,3742000,13.88
2009-06-02,14.22,14.87,14.05,14.65,6168400,14.46
2009-06-01,14.49,14.68,13.58,14.21,9734800,14.02
2009-05-29,13.65,14.01,13.28,13.68,8100100,13.50
2009-05-28,13.48,13.84,13.01,13.74,6811100,13.56
2009-05-27,14.45,15.00,13.69,13.78,6090800,13.60
2009-05-26,13.29,14.95,13.11,14.49,8985700,14.30
2009-05-22,13.40,13.47,12.60,12.71,4648400,12.54
2009-05-21,13.91,14.00,12.55,13.12,10676900,12.95
2009-05-20,15.81,15.88,14.23,14.46,10103600,14.27
2009-05-19,17.25,17.44,15.00,15.02,9892200,14.82
2009-05-18,15.72,17.58,15.70,17.52,6004100,17.29
2009-05-15,16.19,16.51,15.00,15.05,4398800,14.85
2009-05-14,15.57,16.34,15.10,16.12,4496900,15.91
2009-05-13,16.48,16.80,15.50,15.64,6960000,15.43
2009-05-12,18.65,19.19,16.55,17.31,7011200,17.08
2009-05-11,19.61,20.97,18.32,18.42,9484600,18.18
2009-05-08,16.62,20.36,16.57,20.36,10600200,20.05
2009-05-07,17.68,18.24,15.81,16.02,11874300,15.78
2009-05-06,13.64,16.58,13.61,16.10,12796600,15.86
2009-05-05,12.74,13.00,12.20,12.77,3577900,12.58
2009-05-04,11.04,12.99,11.00,12.85,5366900,12.66
2009-05-01,10.82,11.19,10.60,10.71,2419100,10.55
2009-04-30,11.44,11.63,10.82,10.93,3421400,10.76
2009-04-29,10.89,11.23,10.62,11.21,3146000,11.04
2009-04-28,10.60,11.08,10.32,10.54,5031600,10.38
2009-04-27,11.50,11.71,10.80,10.91,4190700,10.75
2009-04-24,10.91,12.64,10.18,12.08,10820000,11.90
2009-04-23,10.22,10.83,10.06,10.74,6476900,10.58
2009-04-22,10.44,11.55,9.90,10.40,9307200,10.24
2009-04-21,9.05,11.75,8.88,10.94,20667700,10.77
2009-04-20,14.55,14.80,12.92,12.93,8399700,12.73
2009-04-17,13.86,15.61,13.24,15.02,8065900,14.79
2009-04-16,12.99,14.00,12.27,13.70,7833500,13.49
2009-04-15,12.00,12.91,11.54,12.83,4121900,12.64
2009-04-14,13.34,14.14,12.00,12.03,7974700,11.85
2009-04-13,11.87,13.50,11.50,13.44,7223300,13.24
2009-04-09,10.92,12.36,10.43,12.36,6969900,12.17
2009-04-08,10.31,10.46,9.45,9.78,3191600,9.63
2009-04-07,10.55,10.84,10.26,10.26,2475100,10.11
2009-04-06,10.97,11.05,10.50,10.99,4322100,10.82
2009-04-03,11.15,11.27,10.49,11.25,3554300,11.08
2009-04-02,11.07,11.50,10.64,11.17,6141900,11.00
2009-04-01,9.58,10.49,9.51,10.38,3687200,10.22
2009-03-31,9.43,10.07,9.12,9.83,4711100,9.68
2009-03-30,10.08,10.19,9.32,9.38,2964300,9.24
2009-03-27,10.57,11.07,10.37,10.46,3048300,10.30
2009-03-26,10.80,10.91,10.40,10.88,4913200,10.72
2009-03-25,10.60,11.20,9.76,10.52,4827100,10.36
2009-03-24,11.19,11.74,10.43,10.45,4818300,10.29
2009-03-23,11.16,11.67,10.56,11.66,4455300,11.48
2009-03-20,10.55,10.60,9.67,9.92,4089200,9.77
2009-03-19,12.08,12.26,10.41,10.47,5204500,10.31
2009-03-18,10.31,11.96,10.27,11.73,6542400,11.55
2009-03-17,10.34,10.85,10.00,10.85,4399100,10.69
2009-03-16,9.72,11.30,9.62,9.98,6787700,9.83
2009-03-13,9.85,9.95,8.80,9.42,5320800,9.28
2009-03-12,8.17,9.23,7.80,9.18,8086300,9.04
2009-03-11,7.84,8.79,7.52,8.47,8033000,8.34
2009-03-10,7.83,7.86,7.11,7.65,6038300,7.53
2009-03-09,6.38,7.41,6.28,6.84,4491400,6.74
2009-03-06,6.97,7.45,5.90,6.48,5755300,6.38
2009-03-05,7.77,7.85,6.60,6.77,4390800,6.67
2009-03-04,8.50,9.19,7.49,7.98,5607200,7.86
2009-03-03,9.28,9.43,7.97,8.31,5415400,8.18
2009-03-02,9.10,9.40,8.88,8.92,5502400,8.79
2009-02-27,9.82,10.62,9.33,9.37,6598500,9.23
2009-02-26,10.79,12.34,10.31,10.91,9479200,10.75
2009-02-25,10.05,10.49,8.53,9.62,9408100,9.47
2009-02-24,8.55,10.55,8.22,10.16,9784400,10.01
2009-02-23,9.14,9.36,8.37,8.67,5064100,8.54
2009-02-20,8.66,9.17,8.05,9.00,6894100,8.86
2009-02-19,10.27,10.64,9.29,9.30,3637200,9.16
2009-02-18,10.62,10.62,9.34,10.11,6001800,9.96
2009-02-17,10.82,11.07,10.00,10.01,6072800,9.86
2009-02-13,11.63,11.90,11.02,11.42,6647800,11.25
2009-02-12,12.19,12.32,10.99,11.68,7583100,11.50
2009-02-11,12.65,13.09,12.11,12.61,4821600,12.42
2009-02-10,14.59,14.84,11.89,11.95,10030000,11.77
2009-02-09,14.93,15.41,13.85,14.84,7353100,14.62
2009-02-06,13.10,15.12,13.10,14.34,7128000,14.08
2009-02-05,12.85,13.97,11.84,12.96,8592700,12.73
2009-02-04,13.04,14.01,12.75,12.84,4867800,12.61
2009-02-03,14.70,14.76,12.98,13.11,6282200,12.88
2009-02-02,14.39,14.77,13.96,14.46,3279600,14.20
2009-01-30,16.95,17.05,14.69,14.92,3979100,14.65
2009-01-29,17.40,17.42,16.18,16.43,4283700,16.14
2009-01-28,15.68,18.30,15.56,17.96,9989500,17.64
2009-01-27,12.96,15.41,12.63,14.08,9564300,13.83
2009-01-26,13.66,13.78,11.81,12.19,5655400,11.97
2009-01-23,13.39,13.76,13.00,13.56,5395800,13.32
2009-01-22,14.66,15.05,13.53,13.87,5024500,13.62
2009-01-21,13.96,15.67,13.78,15.06,7166100,14.79
2009-01-20,16.38,16.64,13.19,13.33,7197900,13.09
2009-01-16,18.46,19.00,16.20,16.49,6888800,16.20
2009-01-15,20.57,20.85,17.79,18.24,6968500,17.91
2009-01-14,21.14,21.60,20.41,20.99,3117000,20.62
2009-01-13,20.65,22.05,20.30,21.91,2717200,21.52
2009-01-12,21.76,22.05,20.36,20.82,3337400,20.45
2009-01-09,22.39,22.42,21.76,21.78,1927500,21.39
2009-01-08,22.58,23.27,21.92,22.20,2087200,21.80
2009-01-07,24.56,24.56,22.49,22.58,2796800,22.18
2009-01-06,25.00,25.47,24.26,25.15,2187500,24.70
2009-01-05,24.98,25.03,24.10,24.33,1792800,23.90
2009-01-02,25.40,25.52,24.18,25.00,1956500,24.55
2008-12-31,23.18,24.71,22.83,24.51,2521800,24.07
2008-12-30,22.15,23.00,21.73,22.89,2027700,22.48
2008-12-29,22.45,22.81,21.26,21.72,970100,21.33
2008-12-26,22.26,22.75,22.05,22.31,778400,21.91
2008-12-24,22.34,22.78,21.16,22.10,1002400,21.71
2008-12-23,22.50,23.00,21.07,21.80,3790900,21.41
2008-12-22,24.86,25.11,22.35,22.56,3603100,22.16
2008-12-19,26.39,26.55,24.45,24.94,3638200,24.49
2008-12-18,25.93,27.36,25.64,25.97,1778500,25.51
2008-12-17,26.65,27.15,25.79,26.39,2059600,25.92
2008-12-16,24.94,27.05,24.71,27.05,3077700,26.57
2008-12-15,24.82,25.55,23.26,24.34,3817700,23.91
2008-12-12,26.12,26.74,25.28,25.71,3595000,25.25
2008-12-11,27.55,28.97,26.59,26.94,1547700,26.46
2008-12-10,28.86,28.87,27.42,28.33,1436200,27.82
2008-12-09,28.57,29.36,27.58,27.82,2551000,27.32
2008-12-08,31.10,31.38,27.13,29.10,2922100,28.58
2008-12-05,27.72,30.13,27.35,30.02,3298500,29.48
2008-12-04,26.24,30.48,26.15,28.33,3210100,27.82
2008-12-03,25.08,27.47,24.50,27.14,2747100,26.66
2008-12-02,26.61,26.89,24.83,25.86,3067700,25.40
2008-12-01,31.20,31.20,25.88,25.91,2240700,25.45
2008-11-28,31.75,31.95,30.56,31.89,756100,31.32
2008-11-26,30.03,31.48,28.87,31.14,1526600,30.58
2008-11-25,31.33,31.90,27.57,30.82,2971600,30.27
2008-11-24,26.60,30.50,26.60,29.85,3425000,29.32
2008-11-21,26.63,28.00,23.00,25.90,5208800,25.44
2008-11-20,27.66,29.05,26.00,26.31,4253000,25.84
2008-11-19,29.91,30.03,27.57,27.57,4569600,27.08
2008-11-18,31.13,33.07,28.88,29.45,4514900,28.92
2008-11-17,31.90,32.57,29.88,30.03,2201800,29.49
2008-11-14,33.51,35.64,31.94,32.69,2434700,32.11
2008-11-13,32.91,34.85,29.07,34.75,4069600,34.13
2008-11-12,36.52,37.33,31.75,32.14,3182300,31.57
2008-11-11,37.17,39.63,36.90,37.16,2017400,36.50
2008-11-10,39.93,41.00,37.62,37.95,1483400,37.27
2008-11-07,38.26,38.95,36.62,38.95,2739800,38.25
2008-11-06,38.83,40.74,35.36,37.40,3485300,36.73
2008-11-05,42.11,42.91,38.88,39.37,3472400,38.67
2008-11-04,41.25,45.00,41.02,43.02,4719200,42.25
2008-11-03,37.82,41.17,37.13,41.01,3323500,40.28
2008-10-31,36.99,38.11,36.31,38.11,1777100,37.12
2008-10-30,39.00,39.27,35.48,36.07,1763700,35.13
2008-10-29,36.58,38.72,35.75,36.50,2383000,35.55
2008-10-28,35.64,37.18,33.19,37.16,3120500,36.19
2008-10-27,31.51,36.98,30.36,34.56,3824400,33.66
2008-10-24,28.58,33.11,28.52,32.24,3397200,31.40
2008-10-23,32.89,33.49,29.30,31.43,3247100,30.61
2008-10-22,32.05,34.25,31.83,32.80,2712100,31.94
2008-10-21,33.18,34.85,32.50,32.56,3350700,31.71
2008-10-20,36.10,37.20,32.30,34.52,4396700,33.62
2008-10-17,33.10,39.11,33.10,36.31,8333800,35.36
2008-10-16,37.14,40.90,33.55,40.20,4439500,39.15
2008-10-15,37.16,42.25,36.74,37.59,6058600,36.61
2008-10-14,35.78,40.35,35.73,39.77,6819200,38.73
2008-10-13,36.97,37.43,30.50,31.99,4157100,31.16
2008-10-10,28.00,36.12,26.27,33.37,9555300,32.50
2008-10-09,34.07,34.65,26.44,29.38,5614500,28.61
2008-10-08,33.60,36.74,33.00,33.56,2434200,32.68
2008-10-07,41.18,42.08,34.66,34.66,2398000,33.76
2008-10-06,40.27,42.40,36.22,40.45,3329800,39.39
2008-10-03,44.54,47.94,42.15,43.55,2682200,42.41
2008-10-02,44.55,45.81,42.44,43.54,2187000,42.40
2008-10-01,38.67,45.00,37.16,44.50,3687700,43.34
2008-09-30,37.58,39.79,36.65,38.70,3676900,37.69
2008-09-29,41.50,42.98,34.25,34.25,3538600,33.36
2008-09-26,40.00,43.98,38.51,43.98,2806700,42.83
2008-09-25,40.99,42.89,40.24,41.51,3408600,40.43
2008-09-24,40.12,41.50,38.12,39.78,2817400,38.74
2008-09-23,46.24,46.63,40.13,40.54,3458400,39.48
2008-09-22,49.72,50.81,44.55,47.23,4998800,46.00
2008-09-19,49.30,54.90,43.60,52.83,14140100,51.45
2008-09-18,36.86,47.32,33.02,45.22,11536900,44.04
2008-09-17,38.35,39.86,35.61,35.99,6018800,35.05
2008-09-16,35.45,40.18,35.45,40.18,6526800,39.13
2008-09-15,35.75,39.90,35.10,36.85,8040200,35.89
2008-09-12,33.49,37.50,33.10,37.48,6807700,36.50
2008-09-11,31.29,34.08,30.44,33.62,4929000,32.74
2008-09-10,34.38,34.38,31.26,32.58,6148600,31.73
2008-09-09,35.89,36.62,33.14,33.55,7863800,32.67
2008-09-08,34.00,39.51,34.00,36.66,16155500,35.70
2008-09-05,29.90,33.04,29.61,32.97,5140000,32.11
2008-09-04,30.07,31.22,29.55,30.53,5374700,29.73
2008-09-03,29.57,31.10,28.93,30.69,4526400,29.89
2008-09-02,29.21,30.00,28.64,29.45,4748900,28.68
2008-08-29,25.97,27.40,25.55,26.84,2591800,26.14
2008-08-28,25.67,26.30,25.28,26.13,3374700,25.45
2008-08-27,24.41,25.45,24.41,25.35,1624600,24.69
2008-08-26,24.51,25.35,24.42,24.84,2655300,24.19
2008-08-25,25.50,25.50,24.55,24.87,1944800,24.22
2008-08-22,25.98,26.24,24.90,25.50,2398900,24.83
2008-08-21,25.02,25.99,24.82,25.39,1940400,24.73
2008-08-20,25.24,26.06,25.00,25.91,3956200,25.23
2008-08-19,25.75,26.34,24.84,25.25,4688700,24.59
2008-08-18,27.51,28.15,25.69,25.91,3154200,25.23
2008-08-15,28.81,29.55,27.61,27.98,2662400,27.25
2008-08-14,26.81,28.27,26.63,27.84,3981800,27.11
2008-08-13,27.73,27.98,25.15,26.89,8083300,26.19
2008-08-12,32.11,32.60,27.00,28.10,6668200,27.37
2008-08-11,32.45,33.53,31.63,32.80,4707200,31.94
2008-08-08,32.24,32.89,30.99,32.00,4484800,31.17
2008-08-07,34.19,34.97,31.04,32.12,5742000,31.28
2008-08-06,32.22,34.90,31.93,34.36,4209400,33.46
2008-08-05,30.96,33.57,30.66,33.57,4856000,32.69
2008-08-04,31.00,31.00,29.11,30.29,3572900,29.50
2008-08-01,30.78,30.94,29.09,30.59,2685700,29.37
2008-07-31,28.12,30.00,28.00,29.27,3534300,28.11
2008-07-30,28.90,30.65,28.26,29.10,4621700,27.94
2008-07-29,25.51,27.90,25.05,27.90,4144200,26.79
2008-07-28,29.27,29.28,25.58,25.82,4957900,24.79
2008-07-25,27.49,28.14,25.40,27.06,6968700,25.98
2008-07-24,30.78,30.90,26.73,27.20,5918100,26.12
2008-07-23,28.48,32.15,28.30,29.75,9634000,28.57
2008-07-22,25.72,28.38,23.58,28.29,8096600,27.16
2008-07-21,26.04,26.79,25.80,26.15,8092900,25.11
2008-07-18,27.76,27.76,23.88,25.32,9358500,24.31
2008-07-17,24.64,28.98,24.64,27.51,13495600,26.42
2008-07-16,20.13,23.67,19.85,23.54,10603000,22.60
2008-07-15,19.47,20.53,17.53,19.27,12679800,18.50
2008-07-14,24.26,25.44,19.66,19.73,13000100,18.95
2008-07-11,24.68,26.05,23.82,25.69,6619000,24.67
2008-07-10,26.30,26.89,24.87,26.06,5163000,25.02
2008-07-09,28.60,29.22,26.30,26.34,4388200,25.29
2008-07-08,26.40,28.54,25.97,28.53,4633700,27.39
2008-07-07,27.52,28.74,26.11,26.77,8449400,25.71
2008-07-03,31.72,31.72,25.01,27.05,12385700,25.97
2008-07-02,32.92,33.82,31.49,31.62,4373700,30.36
2008-07-01,31.05,32.52,30.52,32.45,5005600,31.16
2008-06-30,32.29,33.20,31.47,31.49,3702000,30.24
2008-06-27,32.20,33.13,31.63,32.55,4726000,31.26
2008-06-26,31.03,32.44,30.51,32.01,6034600,30.74
2008-06-25,32.28,35.28,32.00,32.64,8600300,31.34
2008-06-24,31.00,31.48,29.46,30.99,5943800,29.76
2008-06-23,32.89,32.93,31.01,31.09,2638800,29.85
2008-06-20,31.14,33.71,30.31,32.09,6202300,30.81
2008-06-19,31.75,32.36,30.60,32.18,7164800,30.90
2008-06-18,32.22,32.77,30.98,32.02,7144700,30.75
2008-06-17,36.86,36.97,32.42,33.37,8508000,32.04
2008-06-16,34.70,37.48,34.32,37.16,4825700,35.68
2008-06-13,36.11,36.38,33.50,34.94,4146500,33.55
2008-06-12,36.04,37.50,35.46,35.82,4061300,34.39
2008-06-11,37.51,37.86,35.36,35.96,4398800,34.53
2008-06-10,37.59,38.31,36.98,37.70,4174400,36.20
2008-06-09,39.85,39.96,37.34,37.63,5194200,36.13
2008-06-06,41.36,42.01,39.75,39.77,3991000,38.19
2008-06-05,41.63,42.52,41.20,42.03,2448200,40.36
2008-06-04,41.32,42.47,41.26,41.32,2677500,39.68
2008-06-03,42.45,42.76,40.83,41.72,4445900,40.06
2008-06-02,43.11,43.43,41.81,42.25,1648900,40.57
2008-05-30,43.62,43.69,42.77,43.09,2328600,41.38
2008-05-29,42.64,44.24,42.52,43.76,1996300,42.02
2008-05-28,43.66,43.66,41.70,42.71,3053800,41.01
2008-05-27,43.15,43.94,42.75,43.50,1577900,41.77
2008-05-23,43.09,43.51,42.58,42.81,1446400,41.11
2008-05-22,42.64,44.08,42.51,43.47,2057000,41.74
2008-05-21,43.50,44.47,42.62,42.97,2887400,41.26
2008-05-20,44.05,44.13,43.26,43.45,2294900,41.72
2008-05-19,43.89,44.91,43.89,44.14,1656200,42.38
2008-05-16,45.62,45.62,43.31,44.05,2478500,42.30
2008-05-15,44.97,45.62,44.41,45.56,1602800,43.75
2008-05-14,44.87,45.25,44.31,45.07,1930500,43.28
2008-05-13,45.55,45.80,44.48,44.52,1635000,42.75
2008-05-12,45.28,46.00,44.63,45.75,1931400,43.93
2008-05-09,45.05,46.10,44.67,44.87,3300700,43.08
2008-05-08,47.75,47.87,45.40,45.55,3571300,43.74
2008-05-07,48.89,49.40,47.41,47.50,1792700,45.61
2008-05-06,47.71,49.00,46.64,48.89,1693100,46.94
2008-05-05,49.05,49.28,48.18,48.31,2457200,46.39
2008-05-02,49.65,51.15,48.82,49.14,2802100,46.77
2008-05-01,46.83,49.84,46.27,49.34,2342000,46.96
2008-04-30,47.42,47.47,46.13,46.35,1533600,44.12
2008-04-29,47.00,47.44,46.66,46.83,1111000,44.57
2008-04-28,47.11,47.52,46.40,47.08,1995300,44.81
2008-04-25,47.03,48.22,46.19,47.10,3527300,44.83
2008-04-24,44.64,47.69,44.30,47.29,5030200,45.01
2008-04-23,43.92,44.16,42.84,43.06,2128100,40.99
2008-04-22,43.80,44.14,43.43,43.80,2463700,41.69
2008-04-21,45.92,46.07,43.85,43.99,3039200,41.87
2008-04-18,45.99,49.19,45.14,46.52,5871100,44.28
2008-04-17,43.44,43.81,41.43,43.74,6155200,41.63
2008-04-16,41.90,42.81,41.70,42.53,4573800,40.48
2008-04-15,42.14,42.91,40.96,41.65,3915300,39.64
2008-04-14,44.03,44.93,41.36,41.51,3682600,39.51
2008-04-11,44.26,45.41,43.88,44.46,3187700,42.32
2008-04-10,44.82,45.59,43.96,44.90,2466900,42.74
2008-04-09,45.67,46.48,44.78,44.99,1354900,42.82
2008-04-08,45.62,46.40,45.06,45.48,2961900,43.29
2008-04-07,47.53,48.65,46.95,47.68,1095400,45.38
2008-04-04,48.34,48.51,46.58,47.00,1519200,44.74
2008-04-03,47.95,48.45,47.16,48.41,1696100,46.08
2008-04-02,48.97,50.14,48.02,48.14,1818700,45.82
2008-04-01,46.18,48.71,46.04,48.68,2489900,46.33
2008-03-31,46.20,47.13,45.55,45.55,2028600,43.36
2008-03-28,48.82,48.82,45.98,46.04,1969600,43.82
2008-03-27,49.11,49.13,46.59,46.66,2940000,44.41
2008-03-26,50.24,50.24,48.57,48.62,1697800,46.28
2008-03-25,51.01,51.57,50.02,50.59,1238100,48.15
2008-03-24,50.00,52.82,50.00,51.34,1810200,48.87
2008-03-20,47.92,50.59,47.36,50.52,3515200,48.09
2008-03-19,49.11,49.79,47.26,47.36,2618700,45.08
2008-03-18,49.84,49.89,46.97,49.11,2688000,46.74
2008-03-17,46.45,47.40,44.64,46.71,2872600,44.46
2008-03-14,49.33,50.35,46.26,47.02,2799700,44.75
2008-03-13,46.95,49.02,44.70,48.76,3170700,46.41
2008-03-12,50.15,51.30,48.55,48.56,1701500,46.22
2008-03-11,46.43,49.65,46.39,49.65,3597200,47.26
2008-03-10,44.92,46.09,44.49,45.00,2175500,42.83
2008-03-07,43.58,46.12,43.24,45.00,2425000,42.83
2008-03-06,45.79,45.79,44.13,44.27,1344600,42.14
2008-03-05,46.49,47.31,45.65,46.07,2308000,43.85
2008-03-04,45.36,46.62,44.31,46.20,3013800,43.97
2008-03-03,47.34,47.36,45.72,46.11,3415700,43.89
2008-02-29,49.96,49.96,47.33,47.75,2974600,45.45
2008-02-28,52.28,52.77,49.95,50.34,1568900,47.91
2008-02-27,51.64,53.52,51.25,52.92,1927100,50.37
2008-02-26,51.02,52.37,50.73,51.76,1251400,49.27
2008-02-25,50.79,51.52,49.47,51.31,1589400,48.84
2008-02-22,50.49,50.72,48.84,50.65,1674400,48.21
2008-02-21,51.73,52.22,50.19,50.38,1192400,47.95
2008-02-20,49.80,51.84,49.10,51.44,2214100,48.96
2008-02-19,52.42,52.57,49.64,50.05,1959100,47.64
2008-02-15,50.75,51.82,50.01,51.80,2154800,49.30
2008-02-14,51.40,51.40,50.30,50.83,2947800,48.38
2008-02-13,52.05,52.39,50.53,51.17,2628500,48.70
2008-02-12,51.84,52.85,50.83,51.46,2889900,48.98
2008-02-11,51.36,52.27,51.10,51.37,2044000,48.89
2008-02-08,52.38,53.11,50.43,51.91,2870000,49.41
2008-02-07,52.55,54.96,52.33,52.91,2752700,50.36
2008-02-06,52.75,53.88,51.61,52.80,1606500,50.26
2008-02-05,52.41,53.42,51.42,52.18,2426600,49.67
2008-02-04,55.04,55.58,53.14,53.50,2636300,50.92
2008-02-01,56.37,57.05,54.51,55.35,3021900,52.27
2008-01-31,51.36,55.41,49.85,54.74,4046700,51.70
2008-01-30,51.00,54.40,50.90,52.39,3209800,49.48
2008-01-29,49.58,51.38,48.82,51.25,2473900,48.40
2008-01-28,47.99,49.43,46.80,49.07,2006500,46.34
2008-01-25,47.37,52.04,46.10,47.40,3675200,44.77
2008-01-24,46.20,49.48,46.20,48.68,4433000,45.97
2008-01-23,40.64,47.37,40.00,46.59,3702200,44.00
2008-01-22,40.43,44.46,39.31,42.77,2828000,40.39
2008-01-18,42.23,43.29,41.00,41.71,2461200,39.39
2008-01-17,44.67,44.67,41.82,42.04,1890700,39.70
2008-01-16,42.20,45.38,42.11,44.33,3361200,41.87
2008-01-15,43.35,43.35,42.14,42.69,1741000,40.32
2008-01-14,44.40,44.50,42.96,43.76,1599500,41.33
2008-01-11,43.17,45.19,42.60,43.98,1777600,41.54
2008-01-10,41.45,44.44,40.91,43.73,2496200,41.30
2008-01-09,41.69,41.87,39.85,41.85,4521100,39.52
2008-01-08,43.00,43.89,41.74,41.76,3228300,39.44
2008-01-07,42.65,43.80,42.21,43.28,2608000,40.87
2008-01-04,43.56,43.62,42.29,42.40,1921200,40.04
2008-01-03,45.53,45.61,44.28,44.38,1538300,41.91
2008-01-02,46.76,46.76,44.85,45.29,1938800,42.77
