Date,Open,High,Low,Close,Volume,Adj Close
2013-12-31,93.50,93.65,92.88,93.19,650000,92.97
2013-12-30,93.24,93.41,92.90,93.20,623200,92.98
2013-12-27,93.33,93.54,92.92,93.24,360300,93.02
2013-12-26,93.14,93.70,93.03,93.43,288800,93.21
2013-12-24,93.00,93.48,92.76,93.10,395800,92.88
2013-12-23,93.12,93.53,92.73,93.43,635700,93.01
2013-12-20,92.80,93.12,92.35,92.74,1341800,92.32
2013-12-19,93.63,93.63,91.47,92.61,1061000,92.19
2013-12-18,90.77,92.90,90.41,92.80,1430600,92.38
2013-12-17,90.75,90.89,89.92,90.63,899400,90.22
2013-12-16,90.74,91.50,90.32,90.40,903900,89.99
2013-12-13,90.46,90.74,89.93,90.51,768700,90.10
2013-12-12,89.83,90.41,89.62,90.00,996700,89.59
2013-12-11,92.05,92.06,90.17,90.34,1021100,89.93
2013-12-10,92.11,92.49,91.73,91.88,1031200,91.47
2013-12-09,91.76,92.69,91.47,92.44,1150400,92.02
2013-12-06,91.50,92.38,91.50,92.02,887900,91.61
2013-12-05,90.13,91.12,90.04,90.45,2092900,90.04
2013-12-04,89.85,90.47,89.58,90.07,1028500,89.66
2013-12-03,90.57,90.90,90.03,90.59,922400,90.18
2013-12-02,91.24,91.55,90.85,91.04,952300,90.63
2013-11-29,90.58,91.59,90.23,91.41,850100,91.00
2013-11-27,90.48,90.95,90.29,90.62,1312100,90.21
2013-11-26,89.73,91.52,89.73,90.60,1840900,90.19
2013-11-25,89.99,90.56,89.60,89.74,1175200,89.34
2013-11-22,89.36,89.60,88.38,89.24,1296200,88.84
2013-11-21,89.68,89.95,88.65,89.17,1580200,88.77
2013-11-20,89.81,90.00,89.09,89.27,594900,88.87
2013-11-19,89.46,90.29,88.89,89.94,663300,89.54
2013-11-18,90.60,90.69,89.28,89.59,663300,89.19
2013-11-15,90.03,90.83,90.03,90.59,1549700,90.18
2013-11-14,89.47,90.75,89.40,90.30,1068800,89.89
2013-11-13,89.07,89.65,88.52,89.64,743000,89.24
2013-11-12,88.78,89.31,88.35,89.25,1102700,88.85
2013-11-11,88.52,89.56,88.41,89.23,1151800,88.83
2013-11-08,88.15,88.67,87.58,88.59,999800,88.19
2013-11-07,89.29,89.69,88.11,88.36,1392500,87.96
2013-11-06,89.00,89.68,88.81,89.40,1255500,89.00
2013-11-05,88.22,89.08,88.09,88.94,1263900,88.54
2013-11-04,87.86,89.04,87.65,88.88,1501300,88.48
2013-11-01,87.87,88.16,87.30,87.89,999500,87.49
2013-10-31,88.38,88.45,87.46,87.47,1088500,87.08
2013-10-30,88.53,88.83,88.11,88.22,1202500,87.82
2013-10-29,88.17,88.66,87.72,88.40,1092200,88.00
2013-10-28,86.33,88.59,86.12,88.13,1752600,87.73
2013-10-25,85.04,86.95,85.04,86.91,1647100,86.52
2013-10-24,81.20,88.23,80.55,85.66,2774800,85.27
2013-10-23,88.68,89.93,88.34,89.90,1192000,89.50
2013-10-22,88.39,89.31,87.81,88.72,1194700,88.32
2013-10-21,88.83,88.97,88.24,88.32,815900,87.92
2013-10-18,88.00,89.49,87.84,88.95,1417500,88.55
2013-10-17,87.25,87.95,87.19,87.88,841400,87.48
2013-10-16,86.70,87.72,86.70,87.72,851300,87.33
2013-10-15,87.50,88.19,86.30,86.38,2221200,85.99
2013-10-14,86.24,87.92,86.04,87.65,1065400,87.26
2013-10-11,85.59,86.69,85.55,86.66,939400,86.27
2013-10-10,85.30,85.96,85.12,85.93,1215800,85.54
2013-10-09,83.83,85.42,83.65,84.69,2192800,84.31
2013-10-08,83.60,84.99,83.35,83.37,1895000,82.99
2013-10-07,82.26,83.68,82.10,83.21,1114700,82.84
2013-10-04,82.58,83.71,82.58,83.39,1213200,83.01
2013-10-03,82.70,83.27,82.12,82.66,1435300,82.29
2013-10-02,82.08,83.04,82.08,83.02,1664400,82.65
2013-10-01,82.29,82.50,81.90,82.41,796000,82.04
2013-09-30,81.62,82.60,81.40,82.14,1075300,81.77
2013-09-27,81.88,82.58,81.52,82.30,824400,81.93
2013-09-26,81.64,82.47,81.50,82.24,992900,81.87
2013-09-25,83.53,83.76,81.67,81.70,1547700,81.33
2013-09-24,83.72,84.35,83.61,83.83,1481200,83.25
2013-09-23,83.50,84.17,83.32,83.92,1118100,83.34
2013-09-20,83.52,83.63,83.02,83.11,1157800,82.54
2013-09-19,83.84,83.84,83.33,83.51,673600,82.94
2013-09-18,83.22,83.80,82.48,83.76,1424400,83.18
2013-09-17,82.80,83.20,82.44,83.15,898700,82.58
2013-09-16,82.67,83.07,81.99,82.82,1360100,82.25
2013-09-13,81.35,81.91,81.11,81.89,1363600,81.33
2013-09-12,80.48,81.54,80.47,81.24,1104300,80.68
2013-09-11,80.85,81.32,80.59,80.84,784800,80.28
2013-09-10,80.96,81.40,80.70,80.85,738500,80.29
2013-09-09,79.87,80.83,79.81,80.70,723200,80.15
2013-09-06,80.31,80.39,79.00,79.88,799600,79.33
2013-09-05,79.45,79.99,79.18,79.60,527100,79.05
2013-09-04,78.73,79.80,78.70,79.44,884000,78.89
2013-09-03,80.04,80.47,78.30,78.91,954800,78.37
2013-08-30,78.91,79.27,78.67,79.09,1139800,78.55
2013-08-29,78.13,79.47,78.00,78.86,744100,78.32
2013-08-28,78.43,78.73,78.04,78.25,611300,77.71
2013-08-27,79.66,79.66,78.26,78.34,1048900,77.80
2013-08-26,80.55,81.15,80.30,80.46,720500,79.91
2013-08-23,80.88,81.19,80.15,80.52,763700,79.97
2013-08-22,79.68,80.92,79.46,80.75,518000,80.19
2013-08-21,79.50,80.12,79.15,79.50,622900,78.95
2013-08-20,79.55,80.21,79.35,79.85,571400,79.30
2013-08-19,79.43,80.16,79.36,79.63,799600,79.08
2013-08-16,79.50,79.84,79.12,79.54,762000,78.99
2013-08-15,80.50,80.55,79.50,79.72,772500,79.17
2013-08-14,81.91,82.12,80.62,80.90,890700,80.34
2013-08-13,82.28,82.40,81.72,81.85,548600,81.29
2013-08-12,81.93,82.57,81.86,82.31,522800,81.74
2013-08-09,83.10,83.28,81.95,82.57,585700,82.00
2013-08-08,83.35,83.52,82.64,83.29,732700,82.72
2013-08-07,82.88,83.00,82.32,82.59,783300,82.02
2013-08-06,83.77,83.88,82.79,83.00,1036600,82.43
2013-08-05,83.57,84.45,83.40,83.94,647900,83.36
2013-08-02,83.89,84.05,83.66,84.00,925100,83.42
2013-08-01,83.90,84.75,83.40,84.47,1039800,83.89
2013-07-31,83.29,84.00,83.07,83.48,1000800,82.91
2013-07-30,83.55,83.88,82.75,82.99,580400,82.42
2013-07-29,83.85,84.00,83.02,83.62,1209600,83.04
2013-07-26,82.60,84.55,82.50,84.48,897100,83.90
2013-07-25,83.98,84.43,82.67,82.90,1480300,82.33
2013-07-24,84.50,84.57,83.74,84.04,873400,83.46
2013-07-23,84.43,84.60,83.59,84.50,1291100,83.92
2013-07-22,83.85,84.79,83.43,84.52,952700,83.94
2013-07-19,82.19,85.08,81.88,84.67,2322700,84.09
2013-07-18,81.62,82.28,81.54,82.21,988600,81.64
2013-07-17,80.55,81.92,80.44,81.68,1272300,81.12
2013-07-16,79.70,81.17,79.56,80.13,1373600,79.58
2013-07-15,78.90,79.59,78.88,79.56,675000,79.01
2013-07-12,78.26,79.38,77.90,78.95,696500,78.41
2013-07-11,78.11,78.37,77.59,78.17,682300,77.63
2013-07-10,76.90,77.77,76.68,77.20,826900,76.67
2013-07-09,77.37,77.47,76.60,76.88,893900,76.35
2013-07-08,76.49,77.54,76.42,77.08,869100,76.55
2013-07-05,75.80,76.35,75.50,76.32,429100,75.80
2013-07-03,75.86,75.93,74.95,75.42,491400,74.90
2013-07-02,75.04,76.56,75.00,76.08,1194400,75.56
2013-07-01,75.17,75.85,74.85,75.00,1223700,74.48
2013-06-28,74.92,75.44,74.57,74.94,1574000,74.42
2013-06-27,75.56,75.67,74.84,74.96,1151300,74.44
2013-06-26,75.49,76.26,74.91,74.94,1151800,74.42
2013-06-25,75.92,76.11,74.85,74.97,1036300,74.26
2013-06-24,75.79,75.95,74.55,75.27,1016000,74.55
2013-06-21,76.09,76.76,75.65,76.38,1025700,75.65
2013-06-20,77.08,77.30,75.22,75.44,1093700,74.72
2013-06-19,79.91,79.91,77.84,77.94,892000,77.20
2013-06-18,79.58,80.55,79.52,79.79,861700,79.03
2013-06-17,78.53,80.48,78.53,79.65,1372500,78.89
2013-06-14,78.35,78.83,77.65,77.86,484500,77.12
2013-06-13,76.95,78.60,76.02,78.44,714300,77.69
2013-06-12,78.05,78.05,76.87,77.01,1029000,76.28
2013-06-11,77.85,78.50,77.04,77.39,1237300,76.65
2013-06-10,78.72,78.98,77.85,78.50,972200,77.75
2013-06-07,78.68,79.09,78.13,78.73,556000,77.98
2013-06-06,77.27,78.30,76.80,78.30,688300,77.55
2013-06-05,77.48,78.18,77.15,77.17,1038300,76.43
2013-06-04,78.66,78.77,76.83,77.60,1497400,76.86
2013-06-03,78.77,79.13,78.09,78.83,1769700,78.08
2013-05-31,79.59,80.09,78.51,78.51,1079700,77.76
2013-05-30,79.25,80.37,79.00,79.94,599300,79.18
2013-05-29,80.17,80.17,78.44,79.01,1283600,78.26
2013-05-28,80.47,81.27,80.27,80.78,665500,80.01
2013-05-24,79.42,80.17,78.94,79.87,579500,79.11
2013-05-23,79.35,80.00,79.26,79.95,804900,79.19
2013-05-22,81.02,81.92,79.41,79.86,1011700,79.10
2013-05-21,81.05,81.72,80.76,81.01,967100,80.24
2013-05-20,80.16,81.18,79.97,80.81,968500,80.04
2013-05-17,80.18,80.52,79.65,80.34,1426600,79.57
2013-05-16,80.29,81.36,80.25,80.62,1001200,79.85
2013-05-15,80.49,81.37,80.40,80.99,1143500,80.22
2013-05-14,79.86,80.99,79.86,80.89,954200,80.12
2013-05-13,79.00,80.28,78.80,79.97,1116900,79.21
2013-05-10,78.19,79.58,77.79,79.39,1255500,78.63
2013-05-09,77.91,78.74,77.58,78.28,670700,77.53
2013-05-08,77.04,78.25,76.91,78.19,1130400,77.45
2013-05-07,76.87,77.30,76.55,77.30,1091100,76.56
2013-05-06,76.69,77.51,76.52,76.96,736800,76.23
2013-05-03,76.30,77.10,76.08,77.00,806500,76.27
2013-05-02,75.61,76.33,75.12,75.68,710700,74.96
2013-05-01,76.05,76.41,75.20,75.30,617800,74.58
2013-04-30,75.93,76.56,75.50,76.45,1837800,75.72
2013-04-29,74.99,76.40,74.94,76.17,1107400,75.44
2013-04-26,75.47,75.96,74.97,74.97,905300,74.26
2013-04-25,74.90,76.13,74.82,75.49,1187600,74.77
2013-04-24,74.33,75.24,74.15,74.53,1400700,73.82
2013-04-23,73.54,74.52,73.40,74.46,826100,73.75
2013-04-22,73.88,73.93,73.21,73.36,790600,72.66
2013-04-19,73.14,73.95,72.67,73.93,637200,73.23
2013-04-18,73.43,73.60,72.65,72.97,1274900,72.27
2013-04-17,73.14,73.61,72.65,73.18,1816300,72.48
2013-04-16,73.19,73.61,72.31,73.50,1450700,72.80
2013-04-15,75.18,75.38,73.69,73.69,822700,72.99
2013-04-12,75.94,76.16,74.83,75.46,920900,74.74
2013-04-11,75.97,77.53,75.81,76.30,1472200,75.57
2013-04-10,75.49,76.17,74.97,75.85,1038600,75.13
2013-04-09,74.93,75.58,74.58,75.37,962700,74.65
2013-04-08,73.77,74.42,73.46,74.31,803600,73.60
2013-04-05,74.32,74.37,73.43,74.03,1426800,73.32
2013-04-04,74.71,75.43,74.41,75.25,1150800,74.53
2013-04-03,75.39,75.42,74.17,74.46,1076100,73.75
2013-04-02,75.45,75.93,75.06,75.33,809500,74.61
2013-04-01,75.03,75.36,74.44,75.13,693700,74.41
2013-03-28,74.05,75.46,73.42,75.22,1672400,74.50
2013-03-27,73.77,74.22,73.29,74.22,1315700,73.51
2013-03-26,73.11,74.23,72.98,74.21,1176400,73.50
2013-03-25,73.66,73.83,72.61,72.92,601200,72.03
2013-03-22,72.59,73.45,72.35,73.45,810600,72.55
2013-03-21,72.91,73.35,72.24,72.38,902100,71.49
2013-03-20,73.65,73.87,73.10,73.21,1027600,72.31
2013-03-19,73.42,73.62,72.49,73.00,775700,72.11
2013-03-18,73.15,73.68,72.62,73.24,919500,72.34
2013-03-15,74.54,74.55,73.09,73.97,1959100,73.06
2013-03-14,75.71,75.71,73.66,74.85,2229400,73.93
2013-03-13,76.04,76.32,75.63,76.06,1031900,75.13
2013-03-12,75.53,76.25,75.09,76.20,681000,75.27
2013-03-11,75.13,75.98,74.98,75.74,508400,74.81
2013-03-08,75.21,75.52,74.74,75.40,593200,74.48
2013-03-07,75.34,75.69,74.61,74.89,721600,73.97
2013-03-06,76.00,76.42,75.21,75.29,845600,74.37
2013-03-05,75.06,75.87,74.97,75.83,782700,74.90
2013-03-04,74.76,74.97,74.13,74.86,896500,73.94
2013-03-01,74.57,75.05,73.95,74.99,941900,74.07
2013-02-28,74.45,75.33,74.40,74.96,1220500,74.04
2013-02-27,73.52,74.60,73.31,74.45,768900,73.54
2013-02-26,73.51,73.93,72.54,73.53,862600,72.63
2013-02-25,74.50,74.87,73.07,73.07,794900,72.18
2013-02-22,74.23,74.39,73.74,74.14,675800,73.23
2013-02-21,75.15,75.27,73.54,73.87,1028800,72.97
2013-02-20,75.87,76.18,75.23,75.31,1608900,74.39
2013-02-19,75.74,76.31,74.82,76.11,1074900,75.18
2013-02-15,76.22,76.40,75.35,75.90,1176100,74.97
2013-02-14,75.86,76.40,75.75,76.34,860100,75.41
2013-02-13,75.74,76.75,75.66,76.00,931700,75.07
2013-02-12,75.65,75.82,75.35,75.44,1048300,74.52
2013-02-11,75.75,75.98,75.35,75.65,665500,74.72
2013-02-08,75.02,75.99,74.96,75.85,911000,74.92
2013-02-07,75.24,75.31,74.22,75.06,1344100,74.14
2013-02-06,73.71,75.11,73.53,75.11,1520900,74.19
2013-02-05,73.77,74.33,73.73,74.06,1084500,73.15
2013-02-04,72.53,74.01,72.53,73.46,1513600,72.56
2013-02-01,74.66,74.94,73.36,73.47,1732900,72.57
2013-01-31,73.93,74.74,72.22,74.60,2036300,73.69
2013-01-30,74.97,75.05,74.26,74.43,1292700,73.52
2013-01-29,75.08,75.91,74.88,75.42,878500,74.50
2013-01-28,75.03,75.29,74.82,75.03,611200,74.11
2013-01-25,74.78,75.20,74.38,75.12,973000,74.20
2013-01-24,74.00,75.00,73.85,74.43,1528500,73.52
2013-01-23,74.05,74.36,73.68,74.11,876700,73.20
2013-01-22,73.67,74.25,73.49,74.25,1008200,73.34
2013-01-18,73.32,73.61,72.72,73.61,1681100,72.71
2013-01-17,72.29,73.38,72.09,73.00,1503800,72.11
2013-01-16,70.91,72.11,70.82,71.91,1117300,71.03
2013-01-15,70.74,71.18,70.61,71.06,1191100,70.19
2013-01-14,70.49,71.28,70.20,71.05,1010300,70.18
2013-01-11,70.86,71.44,70.70,71.17,925100,70.30
2013-01-10,70.91,71.17,70.46,70.71,1082000,69.84
2013-01-09,69.50,71.14,69.44,70.57,1302200,69.71
2013-01-08,69.17,69.39,68.61,69.29,905200,68.44
2013-01-07,68.76,69.33,68.71,69.19,957000,68.34
2013-01-04,68.72,69.14,68.55,69.02,1190800,68.18
2013-01-03,67.73,68.88,67.57,68.67,1575000,67.83
2013-01-02,67.60,67.89,67.34,67.70,1397500,66.87
2012-12-31,65.42,66.66,65.15,66.66,1107900,65.84
2012-12-28,66.30,66.65,65.52,65.54,614100,64.74
2012-12-27,66.58,66.83,65.75,66.73,667400,65.91
2012-12-26,67.17,67.36,66.28,66.58,597000,65.76
2012-12-24,67.19,67.91,66.96,67.10,300000,66.28
2012-12-21,68.46,68.46,67.47,67.64,1596000,66.63
2012-12-20,68.46,68.86,67.91,68.80,1140900,67.78
2012-12-19,68.85,68.90,68.19,68.24,1197000,67.23
2012-12-18,68.17,69.09,68.06,68.72,1125400,67.70
2012-12-17,67.42,68.19,67.14,68.12,1339300,67.11
2012-12-14,67.07,67.68,66.75,67.26,1631500,66.26
2012-12-13,67.43,67.65,67.26,67.35,1311900,66.35
2012-12-12,67.27,68.39,66.81,67.55,1466800,66.55
2012-12-11,66.03,67.26,66.01,67.06,1459600,66.06
2012-12-10,65.25,65.82,65.14,65.50,1145600,64.53
2012-12-07,65.76,65.96,65.32,65.49,829200,64.52
2012-12-06,65.52,65.94,65.41,65.71,863700,64.73
2012-12-05,65.84,66.14,65.35,65.63,1539400,64.65
2012-12-04,65.53,66.06,65.26,65.84,1023200,64.86
2012-12-03,66.22,66.31,65.33,65.45,950300,64.48
2012-11-30,66.45,66.47,65.36,65.97,1212300,64.99
2012-11-29,66.51,66.67,65.71,66.36,1647000,65.37
2012-11-28,65.77,66.18,64.98,66.10,957300,65.12
2012-11-27,66.06,67.28,65.73,66.02,1151400,65.04
2012-11-26,66.63,66.63,65.24,66.15,1127000,65.17
2012-11-23,66.24,66.87,66.02,66.84,292200,65.85
2012-11-21,66.25,66.54,65.81,66.03,902000,65.05
2012-11-20,65.51,66.73,65.36,66.30,1263800,65.31
2012-11-19,64.81,65.82,64.58,65.82,1190800,64.84
2012-11-16,64.21,66.75,63.80,64.44,1044400,63.48
2012-11-15,64.29,64.42,63.56,64.25,1285700,63.29
2012-11-14,64.55,64.85,64.13,64.34,1047900,63.38
2012-11-13,64.53,65.31,64.41,64.44,1417100,63.48
2012-11-12,64.86,65.10,64.44,64.70,855600,63.74
2012-11-09,64.85,65.08,64.34,64.69,1082600,63.73
2012-11-08,64.79,65.04,64.35,64.67,1353200,63.71
2012-11-07,65.40,65.40,64.26,64.83,1589300,63.87
2012-11-06,65.73,66.22,65.46,66.01,1000900,65.03
2012-11-05,65.05,65.80,64.66,65.68,971100,64.70
2012-11-02,65.58,65.99,65.00,65.05,1437700,64.08
2012-11-01,64.12,65.64,64.06,65.55,1448100,64.58
2012-10-31,63.50,64.47,63.20,64.21,1637400,63.26
2012-10-26,64.11,64.41,63.44,63.55,1606600,62.60
2012-10-25,62.92,64.58,62.28,63.98,2034200,63.03
2012-10-24,62.52,62.80,62.07,62.28,1092200,61.35
2012-10-23,62.68,62.75,62.14,62.14,1507700,61.22
2012-10-22,62.58,63.48,62.54,63.47,1099100,62.53
2012-10-19,63.72,63.72,62.51,62.69,1492900,61.76
2012-10-18,63.02,64.01,63.02,63.92,1782200,62.97
2012-10-17,63.66,63.99,63.14,63.90,1176900,62.95
2012-10-16,63.86,64.54,63.42,63.76,1785800,62.81
2012-10-15,62.44,63.25,62.31,63.17,1885200,62.23
2012-10-12,62.98,63.51,61.97,62.26,1653600,61.33
2012-10-11,62.99,63.63,62.89,62.90,1316600,61.96
2012-10-10,63.47,63.51,62.23,62.61,2632900,61.68
2012-10-09,66.45,66.45,63.75,63.75,3475200,62.80
2012-10-08,66.76,67.22,66.38,66.82,1218900,65.83
2012-10-05,67.62,67.78,66.73,66.88,1658000,65.89
2012-10-04,67.49,67.58,66.94,67.27,1513900,66.27
2012-10-03,67.55,67.81,67.22,67.29,1275100,66.29
2012-10-02,67.87,68.11,67.06,67.32,1744400,66.32
2012-10-01,67.77,69.00,67.57,67.87,1599200,66.86
2012-09-28,66.57,67.76,66.50,67.62,1643700,66.61
2012-09-27,66.68,67.35,66.50,67.16,664800,66.16
2012-09-26,66.89,67.00,66.33,66.48,1044900,65.49
2012-09-25,67.62,67.90,66.85,66.85,1347300,65.86
2012-09-24,67.22,67.65,66.94,67.54,1369600,66.36
2012-09-21,67.08,67.71,66.90,67.45,1434200,66.27
2012-09-20,66.92,67.16,66.41,66.76,773300,65.59
2012-09-19,67.14,67.75,67.02,67.14,1628200,65.97
2012-09-18,66.79,67.20,66.68,67.19,1231800,66.01
2012-09-17,66.69,67.14,66.59,66.93,746200,65.76
2012-09-14,66.54,67.17,66.32,66.90,1864800,65.73
2012-09-13,65.47,66.80,65.04,66.63,1377800,65.46
2012-09-12,65.57,66.06,65.36,65.47,1030200,64.32
2012-09-11,65.03,65.76,64.83,65.51,1071500,64.36
2012-09-10,65.33,65.33,64.73,64.97,952900,63.83
2012-09-07,64.73,66.31,64.70,65.22,1959800,64.08
2012-09-06,62.80,64.14,62.80,64.05,936200,62.93
2012-09-05,63.04,63.15,62.15,62.60,1037900,61.50
2012-09-04,61.86,63.22,61.83,63.00,1022200,61.90
2012-08-31,62.16,62.49,61.58,61.78,656600,60.70
2012-08-30,61.61,62.11,61.37,61.91,886300,60.83
2012-08-29,61.43,62.09,61.43,62.02,1043700,60.93
2012-08-28,61.06,61.84,60.96,61.28,805500,60.21
2012-08-27,61.26,61.59,60.96,61.06,772200,59.99
2012-08-24,60.87,61.51,60.43,61.27,1083200,60.20
2012-08-23,61.61,61.61,60.93,61.03,955900,59.96
2012-08-22,61.89,62.12,61.26,61.63,807300,60.55
2012-08-21,62.51,62.99,61.99,62.12,1153500,61.03
2012-08-20,61.75,62.50,61.75,62.50,872900,61.41
2012-08-17,61.87,62.10,61.68,61.93,677300,60.85
2012-08-16,61.91,62.02,61.49,61.86,683700,60.78
2012-08-15,61.33,61.98,61.10,61.85,796100,60.77
2012-08-14,61.74,61.74,61.06,61.48,810300,60.40
2012-08-13,61.12,61.39,60.82,61.38,544100,60.31
2012-08-10,60.81,61.42,60.63,61.37,676300,60.30
2012-08-09,60.91,61.29,60.76,60.90,682600,59.83
2012-08-08,60.98,61.37,60.55,61.09,984100,60.02
2012-08-07,60.22,61.47,60.14,61.03,1501900,59.96
2012-08-06,59.22,60.43,59.16,59.78,1581100,58.73
2012-08-03,58.77,59.69,58.66,59.02,1708600,57.99
2012-08-02,58.68,58.75,57.60,57.95,1529700,56.94
2012-08-01,59.21,59.67,59.00,59.16,1809500,58.12
2012-07-31,58.62,59.43,58.62,58.93,1833100,57.90
2012-07-30,58.86,59.05,58.31,58.70,1746600,57.67
2012-07-27,58.74,59.03,57.95,58.84,2803600,57.81
2012-07-26,59.58,60.00,57.46,58.72,3152200,57.69
2012-07-25,61.00,61.72,60.77,61.00,1594600,59.93
2012-07-24,61.79,61.93,60.47,60.84,1446600,59.78
2012-07-23,62.07,62.45,61.30,61.91,1149100,60.83
2012-07-20,63.93,64.25,62.55,62.64,1357800,61.54
2012-07-19,64.65,64.65,63.60,64.32,1507100,63.19
2012-07-18,64.12,65.56,63.91,64.69,1143300,63.56
2012-07-17,63.46,64.67,63.46,64.48,1615900,63.35
2012-07-16,63.16,63.35,62.74,62.98,818200,61.88
2012-07-13,62.84,63.48,62.78,63.35,1073800,62.24
2012-07-12,62.85,63.14,62.49,62.81,1143200,61.71
2012-07-11,63.40,63.50,62.79,63.26,921700,62.15
2012-07-10,64.20,64.66,63.12,63.33,1280500,62.22
2012-07-09,62.96,63.89,62.55,63.82,1049500,62.70
2012-07-06,63.10,63.33,62.64,62.72,947900,61.62
2012-07-05,64.50,64.59,63.78,63.79,666400,62.67
2012-07-03,64.60,64.71,63.93,64.69,644700,63.56
2012-07-02,64.27,64.50,63.78,64.49,861500,63.36
2012-06-29,63.36,64.41,63.24,64.36,1241000,63.23
2012-06-28,62.20,62.55,60.89,62.37,1455200,61.28
2012-06-27,61.84,62.80,61.84,62.56,893800,61.47
2012-06-26,61.61,62.01,61.31,61.66,1208500,60.58
2012-06-25,62.54,63.09,61.85,61.87,1528000,60.61
2012-06-22,61.79,63.42,61.65,63.17,1828200,61.88
2012-06-21,63.18,63.46,61.67,61.74,1150100,60.48
2012-06-20,63.22,63.54,62.52,63.07,1374600,61.79
2012-06-19,63.18,63.66,62.97,63.30,1234000,62.01
2012-06-18,62.77,63.68,62.61,62.75,1828800,61.47
2012-06-15,60.75,63.58,60.72,63.20,3290800,61.91
2012-06-14,60.01,60.94,60.01,60.63,966000,59.40
2012-06-13,60.34,60.71,59.77,59.96,644500,58.74
2012-06-12,60.26,60.48,59.65,60.47,664100,59.24
2012-06-11,61.29,61.34,59.98,60.02,740000,58.80
2012-06-08,59.89,60.96,59.89,60.96,966600,59.72
2012-06-07,60.39,60.69,60.06,60.17,897000,58.95
2012-06-06,59.84,60.05,59.59,59.95,928900,58.73
2012-06-05,58.45,59.72,58.36,59.54,812200,58.33
2012-06-04,58.65,59.09,58.23,58.74,1163200,57.54
2012-06-01,59.76,59.97,58.93,58.93,1447400,57.73
2012-05-31,61.10,61.19,60.43,60.65,1485600,59.42
2012-05-30,61.75,61.95,60.93,61.08,1344300,59.84
2012-05-29,62.40,62.70,61.93,62.28,1656100,61.01
2012-05-25,61.64,62.32,61.64,62.04,1535000,60.78
2012-05-24,60.32,61.98,60.32,61.90,2185300,60.64
2012-05-23,59.73,60.31,59.28,60.00,1787600,58.78
2012-05-22,60.18,60.50,59.71,60.14,1757500,58.92
2012-05-21,59.38,60.22,58.95,60.17,812300,58.95
2012-05-18,59.76,59.86,58.57,58.86,1432900,57.66
2012-05-17,60.64,60.83,59.50,59.50,1122500,58.29
2012-05-16,61.17,61.18,60.66,60.76,972500,59.52
2012-05-15,61.26,61.56,60.69,60.81,1000300,59.57
2012-05-14,61.45,61.71,61.01,61.36,650200,60.11
2012-05-11,61.79,62.35,61.49,61.90,831100,60.64
2012-05-10,62.41,63.03,61.95,62.13,832100,60.87
2012-05-09,61.90,62.59,61.62,62.08,1271900,60.82
2012-05-08,63.03,63.09,62.00,62.76,1375000,61.48
2012-05-07,62.79,63.74,62.74,63.49,1849600,62.20
2012-05-04,63.56,63.85,63.13,63.15,1838600,61.86
2012-05-03,63.79,64.78,63.46,64.02,2255400,62.72
2012-05-02,63.99,64.06,63.38,63.77,2163800,62.47
2012-05-01,62.99,64.84,62.63,64.49,2733700,63.18
2012-04-30,63.00,63.12,62.57,62.93,1598200,61.65
2012-04-27,63.01,64.49,62.51,63.02,2334900,61.74
2012-04-26,61.15,62.54,60.28,62.07,2857200,60.81
2012-04-25,63.08,63.89,62.94,63.43,1928700,62.14
2012-04-24,62.20,62.39,61.90,62.39,1345600,61.12
2012-04-23,62.40,62.49,61.65,62.13,1645600,60.87
2012-04-20,63.07,63.28,62.71,63.08,2940300,61.80
2012-04-19,64.35,64.44,62.83,63.06,2874100,61.78
2012-04-18,65.00,66.41,64.22,64.29,3091000,62.98
2012-04-17,63.50,64.83,63.50,64.65,1778000,63.33
2012-04-16,63.75,63.75,62.67,63.21,1676200,61.92
2012-04-13,64.24,64.76,63.28,63.37,1824900,62.08
2012-04-12,63.15,64.56,63.02,64.22,2584400,62.91
2012-04-11,63.60,63.96,63.09,63.19,1312100,61.90
2012-04-10,63.98,64.24,63.15,63.15,1738000,61.86
2012-04-09,63.91,64.31,63.35,64.15,1193500,62.84
2012-04-05,64.32,64.81,64.07,64.72,1084300,63.40
2012-04-04,64.67,65.14,64.34,64.57,1770400,63.26
2012-04-03,65.12,65.78,64.66,65.12,1618600,63.79
2012-04-02,64.50,65.77,64.22,65.25,2510600,63.92
2012-03-30,63.43,64.33,63.43,64.28,1787400,62.97
2012-03-29,63.31,63.52,62.59,63.29,1668600,62.00
2012-03-28,64.06,64.33,63.43,63.62,1266800,62.33
2012-03-27,64.59,64.81,64.11,64.25,1301600,62.77
2012-03-26,63.89,64.65,63.81,64.43,758000,62.94
2012-03-23,63.20,63.69,63.10,63.49,839200,62.02
2012-03-22,63.24,63.48,62.79,63.16,867100,61.70
2012-03-21,63.98,64.01,63.44,63.62,761100,62.15
2012-03-20,63.85,64.14,63.71,63.85,993600,62.38
2012-03-19,63.99,64.53,63.73,64.32,839300,62.83
2012-03-16,63.77,64.29,63.59,64.10,1810600,62.62
2012-03-15,62.97,63.90,62.72,63.87,958400,62.39
2012-03-14,62.99,63.48,62.43,62.73,1093600,61.28
2012-03-13,61.84,63.12,61.58,62.99,1357900,61.53
2012-03-12,61.59,61.73,61.16,61.46,812000,60.04
2012-03-09,60.98,61.80,60.83,61.56,1766500,60.14
2012-03-08,60.67,61.22,60.27,60.95,997900,59.54
2012-03-07,60.00,60.54,59.89,60.33,1130300,58.94
2012-03-06,59.86,60.05,59.67,59.84,1239000,58.46
2012-03-05,60.08,60.53,59.96,60.44,1015500,59.04
2012-03-02,60.30,60.50,60.07,60.24,635400,58.85
2012-03-01,60.87,60.93,60.14,60.37,1451200,58.98
2012-02-29,61.50,61.50,60.49,60.75,2429500,59.35
2012-02-28,61.96,62.02,61.11,61.42,1389700,60.00
2012-02-27,61.77,62.29,61.17,62.01,1086700,60.58
2012-02-24,61.41,62.36,61.38,62.21,1379600,60.77
2012-02-23,61.13,61.55,60.82,61.40,1465200,59.98
2012-02-22,60.49,61.44,60.49,61.01,1079600,59.60
2012-02-21,61.55,61.97,61.05,61.25,849700,59.84
2012-02-17,61.87,62.00,61.32,61.53,1268300,60.11
2012-02-16,61.53,61.66,61.00,61.54,1636100,60.12
2012-02-15,61.88,62.00,61.19,61.56,1472700,60.14
2012-02-14,61.41,61.80,61.15,61.79,2151000,60.36
2012-02-13,60.90,61.74,60.90,61.25,1686600,59.84
2012-02-10,60.71,60.86,59.76,60.84,2737700,59.43
2012-02-09,62.44,62.44,60.45,61.03,3199900,59.62
2012-02-08,62.46,63.02,62.09,62.47,1768700,61.03
2012-02-07,62.31,62.50,61.77,62.36,1119700,60.92
2012-02-06,62.41,62.78,61.98,62.59,1623700,61.14
2012-02-03,61.95,62.68,61.76,62.51,2026600,61.07
2012-02-02,60.90,61.57,60.80,61.36,1818500,59.94
2012-02-01,60.64,61.58,60.32,60.85,2630600,59.44
2012-01-31,61.12,61.60,60.42,60.75,1873800,59.35
2012-01-30,60.05,61.20,59.64,60.95,2432500,59.54
2012-01-27,59.57,60.92,59.38,60.50,1766700,59.10
2012-01-26,60.91,61.89,59.05,59.61,4641400,58.23
2012-01-25,56.31,58.07,55.98,57.75,2796700,56.42
2012-01-24,55.58,56.70,54.96,56.55,1861500,55.24
2012-01-23,55.91,56.42,55.72,56.06,1002500,54.77
2012-01-20,56.11,56.24,55.67,56.05,1028600,54.76
2012-01-19,55.29,56.47,55.00,56.14,1818900,54.84
2012-01-18,55.30,55.70,54.79,55.55,1308700,54.27
2012-01-17,55.53,56.22,55.05,55.19,1452300,53.92
2012-01-13,54.85,55.19,54.61,55.04,1046300,53.77
2012-01-12,55.42,55.42,54.62,55.06,1557400,53.79
2012-01-11,55.19,55.50,54.87,55.30,1182400,54.02
2012-01-10,54.83,55.79,54.54,55.52,2765600,54.24
2012-01-09,53.94,54.50,53.89,54.38,1711600,53.12
2012-01-06,53.86,54.31,53.64,53.98,1643000,52.73
2012-01-05,52.97,53.97,52.70,53.84,2199000,52.60
2012-01-04,53.66,53.92,52.99,53.21,1755000,51.98
2012-01-03,54.48,54.84,53.89,53.94,1958100,52.69
2011-12-30,53.26,54.06,53.23,53.42,1106900,52.19
2011-12-29,53.12,53.50,52.86,53.44,1101000,52.21
2011-12-28,53.41,53.60,53.09,53.16,2361400,51.93
2011-12-27,53.17,53.72,52.97,53.28,934500,52.05
2011-12-23,53.10,53.44,52.80,53.21,1278900,51.98
2011-12-22,52.48,53.10,52.34,53.04,2344600,51.81
2011-12-21,50.65,52.06,50.52,51.83,2672400,50.63
2011-12-20,49.87,50.94,49.85,50.70,3211300,49.53
2011-12-19,48.74,49.30,47.55,47.70,1710900,46.60
2011-12-16,48.15,48.41,47.38,47.52,3411000,46.42
2011-12-15,48.00,48.48,47.60,47.74,1473100,46.64
2011-12-14,47.57,47.72,47.00,47.47,1670000,46.37
2011-12-13,48.50,48.85,47.36,47.72,1750300,46.62
2011-12-12,48.78,48.94,48.02,48.27,1673500,47.15
2011-12-09,48.27,49.48,48.17,49.26,2054400,48.12
2011-12-08,48.69,48.86,47.82,48.08,2046400,46.97
2011-12-07,49.40,49.49,48.58,49.08,2744400,47.95
2011-12-06,49.72,50.03,49.42,49.69,1201600,48.54
2011-12-05,50.02,50.61,49.42,49.61,2738800,48.46
2011-12-02,51.24,51.59,48.08,48.92,5917500,47.79
2011-12-01,50.47,51.65,50.29,50.86,1358800,49.69
2011-11-30,49.36,50.59,49.13,50.55,2008700,49.38
2011-11-29,48.56,48.74,47.91,48.03,1746000,46.92
2011-11-28,48.45,48.89,48.09,48.43,1453400,47.31
2011-11-25,47.61,48.05,47.41,47.41,695000,46.31
2011-11-23,47.57,48.02,47.25,47.57,2440900,46.47
2011-11-22,48.25,48.68,47.52,47.86,1753300,46.75
2011-11-21,47.96,48.45,47.66,48.14,2439100,47.03
2011-11-18,50.38,50.48,48.35,48.44,3882700,47.32
2011-11-17,51.12,51.12,49.86,50.00,2016800,48.85
2011-11-16,51.65,51.81,51.00,51.16,3394500,49.98
2011-11-15,52.26,52.49,51.53,52.21,1657200,51.00
2011-11-14,52.20,52.55,51.69,52.50,2235600,51.29
2011-11-11,51.95,52.77,51.77,52.50,1228500,51.29
2011-11-10,52.09,52.35,51.58,51.67,2232200,50.48
2011-11-09,52.73,53.27,51.46,51.67,2006600,50.48
2011-11-08,53.15,54.12,52.95,54.05,1772600,52.80
2011-11-07,51.27,52.90,51.27,52.86,1664100,51.64
2011-11-04,52.28,52.37,51.17,51.30,3165700,50.11
2011-11-03,52.37,52.79,51.86,52.69,2010900,51.47
2011-11-02,51.38,52.33,51.22,51.84,1874700,50.64
2011-11-01,51.62,52.43,50.62,50.81,3480100,49.64
2011-10-31,53.84,54.08,52.63,52.63,1522000,51.41
2011-10-28,54.11,54.85,54.04,54.30,2115200,53.05
2011-10-27,53.97,55.06,51.37,54.17,4954600,52.92
2011-10-26,54.26,54.42,52.86,54.02,2919800,52.77
2011-10-25,54.64,54.79,53.47,53.58,1476900,52.34
2011-10-24,54.32,55.43,54.32,55.00,1470400,53.73
2011-10-21,53.64,54.65,53.57,54.64,1676500,53.38
2011-10-20,53.02,53.40,52.10,53.13,1619000,51.90
2011-10-19,52.63,53.70,52.40,53.02,1832500,51.80
2011-10-18,51.73,53.10,51.18,52.56,1528300,51.35
2011-10-17,52.36,52.86,51.82,51.96,1250500,50.76
2011-10-14,53.64,54.00,52.81,52.96,1706800,51.74
2011-10-13,53.53,53.59,52.25,52.99,1828500,51.77
2011-10-12,54.09,54.75,53.76,53.80,1256300,52.56
2011-10-11,53.49,54.13,53.41,53.80,1134700,52.56
2011-10-10,53.49,54.13,52.96,53.79,1542200,52.55
2011-10-07,53.65,53.65,52.49,52.75,1343700,51.53
2011-10-06,52.04,53.05,51.65,53.05,1693900,51.82
2011-10-05,51.53,52.23,51.07,52.04,2033800,50.84
2011-10-04,50.46,51.64,49.67,51.52,3000000,50.33
2011-10-03,53.01,53.51,51.01,51.10,2589800,49.92
2011-09-30,55.06,55.34,53.47,53.48,2356800,52.24
2011-09-29,55.77,55.77,54.73,55.66,3145000,54.37
2011-09-28,56.54,56.56,54.84,54.98,2275100,53.71
2011-09-27,56.10,57.42,56.00,56.53,3274500,55.22
2011-09-26,54.05,55.54,53.71,55.45,2671700,54.17
2011-09-23,53.19,53.65,52.70,53.52,2948900,52.28
2011-09-22,52.54,53.71,52.23,53.46,4846500,52.23
2011-09-21,57.42,57.45,55.45,55.46,2304600,54.18
2011-09-20,56.78,58.17,56.59,57.29,1999500,55.97
2011-09-19,56.16,56.78,55.63,56.50,3229400,55.19
2011-09-16,57.04,57.35,56.26,56.94,1823800,55.62
2011-09-15,56.63,57.06,55.55,56.72,2481300,55.41
2011-09-14,55.27,56.43,54.82,55.86,2927200,54.57
2011-09-13,53.97,55.16,53.44,55.03,3458600,53.76
2011-09-12,52.94,53.72,52.29,53.72,3896500,52.48
2011-09-09,56.23,56.30,53.73,53.82,3557700,52.58
2011-09-08,56.70,57.72,56.07,56.90,2365100,55.59
2011-09-07,55.70,57.36,55.54,57.35,3210400,56.03
2011-09-06,53.75,54.96,53.47,54.78,1807100,53.51
2011-09-02,55.28,55.64,54.72,54.92,1327200,53.65
2011-09-01,56.87,57.58,56.24,56.40,1996000,55.10
2011-08-31,56.15,57.25,56.09,56.89,1907000,55.58
2011-08-30,55.43,56.12,54.90,55.77,1328700,54.48
2011-08-29,54.91,55.62,54.78,55.58,1025500,54.30
2011-08-26,52.89,54.35,52.05,54.18,1984800,52.93
2011-08-25,53.79,54.00,52.39,53.08,1925800,51.85
2011-08-24,52.41,53.62,52.18,53.48,1190300,52.24
2011-08-23,51.11,53.00,50.72,52.81,3002800,51.59
2011-08-22,51.89,52.05,50.89,51.06,3004000,49.88
2011-08-19,50.01,51.87,49.92,50.98,3360000,49.80
2011-08-18,51.58,51.67,50.02,50.47,2117500,49.30
2011-08-17,53.31,53.81,52.08,52.80,1472400,51.58
2011-08-16,53.06,53.46,52.32,53.05,2310800,51.82
2011-08-15,53.70,53.82,52.59,53.38,1888700,52.15
2011-08-12,53.18,53.47,51.50,53.23,4113500,52.00
2011-08-11,51.76,53.29,51.15,52.75,3981100,51.53
2011-08-10,53.29,53.85,51.34,51.48,3531500,50.29
2011-08-09,51.80,54.73,51.80,54.35,6722400,53.09
2011-08-08,55.66,56.58,53.74,53.90,5633300,52.65
2011-08-05,57.23,58.16,55.65,57.56,4640800,56.23
2011-08-04,56.84,58.17,56.46,56.50,5755700,55.19
2011-08-03,57.32,57.73,56.61,57.54,2994000,56.21
2011-08-02,57.58,58.40,57.27,57.29,2744500,55.97
2011-08-01,60.41,60.44,58.14,58.54,2525900,57.19
2011-07-29,59.64,60.57,59.25,60.02,1940100,58.63
2011-07-28,60.85,61.10,60.10,60.24,2578900,58.85
2011-07-27,60.99,62.19,60.45,60.84,3011200,59.43
2011-07-26,62.19,62.21,61.16,61.58,1755200,60.16
2011-07-25,62.61,62.67,61.88,62.24,2430200,60.80
2011-07-22,64.62,64.63,63.10,63.29,1537200,61.83
2011-07-21,64.33,65.24,64.17,64.74,1704600,63.24
2011-07-20,63.58,64.18,62.93,63.86,1698700,62.38
2011-07-19,63.46,63.61,62.49,63.51,1628500,62.04
2011-07-18,63.44,63.50,62.40,63.22,840800,61.76
2011-07-15,64.00,64.12,63.22,63.68,825200,62.21
2011-07-14,64.01,64.56,63.57,63.86,1040700,62.38
2011-07-13,63.81,64.88,63.62,63.91,1465300,62.43
2011-07-12,62.77,63.95,62.70,63.57,1501700,62.10
2011-07-11,63.62,63.82,62.19,62.77,1462400,61.32
2011-07-08,65.14,65.14,64.22,64.52,2023900,63.03
2011-07-07,64.97,66.03,64.55,65.73,1744700,64.21
2011-07-06,64.50,64.88,64.16,64.55,2019100,63.06
2011-07-05,64.90,64.97,64.23,64.42,1211200,62.93
2011-07-01,62.97,65.25,62.94,65.09,1764900,63.59
2011-06-30,62.65,63.28,62.62,63.20,1094600,61.74
2011-06-29,63.02,63.10,62.35,62.65,1015600,61.20
2011-06-28,62.12,63.02,62.02,62.86,1148400,61.41
2011-06-27,61.52,62.31,61.49,62.12,822900,60.69
2011-06-24,61.99,62.12,61.42,61.50,2604300,60.08
2011-06-23,61.52,62.07,60.73,62.01,1934400,60.58
2011-06-22,63.17,63.24,62.11,62.15,1940700,60.71
2011-06-21,62.75,63.69,62.59,63.48,1542100,62.01
2011-06-20,61.86,62.40,61.79,62.24,1173000,60.80
2011-06-17,62.62,63.12,61.76,62.05,2272200,60.62
2011-06-16,62.91,63.14,62.18,62.51,1246500,61.07
2011-06-15,63.50,63.99,62.60,62.79,1141900,61.34
2011-06-14,63.93,64.24,63.63,63.79,1397200,62.32
2011-06-13,63.05,63.65,62.94,63.40,1570800,61.94
2011-06-10,63.91,64.04,62.84,62.86,1297600,61.41
2011-06-09,63.73,64.42,63.51,64.05,1064500,62.57
2011-06-08,64.28,64.45,63.26,63.43,2322000,61.96
2011-06-07,65.34,65.45,64.46,64.47,1626300,62.98
2011-06-06,65.74,65.74,65.11,65.11,1052700,63.61
2011-06-03,65.56,65.90,65.30,65.82,1954700,64.30
2011-06-02,66.50,66.62,65.91,66.33,1641800,64.80
2011-06-01,67.68,68.06,66.53,66.53,1060000,64.99
2011-05-31,68.47,68.64,67.61,67.76,1617700,66.19
2011-05-27,68.04,68.38,67.81,68.18,861300,66.61
2011-05-26,67.17,68.03,66.85,68.03,1391500,66.46
2011-05-25,66.64,67.28,66.42,67.17,1955600,65.62
2011-05-24,67.04,67.27,66.79,66.97,1489500,65.42
2011-05-23,67.12,67.31,66.57,67.00,1394200,65.45
2011-05-20,68.24,68.42,67.24,67.70,1402400,66.14
2011-05-19,68.98,69.00,68.04,68.28,1848600,66.70
2011-05-18,68.68,69.11,68.60,68.87,1814500,67.28
2011-05-17,68.54,68.89,68.22,68.80,1380200,67.21
2011-05-16,68.74,69.00,68.61,68.88,1177200,67.29
2011-05-13,69.50,69.87,68.48,68.89,998400,67.30
2011-05-12,69.01,69.75,68.78,69.54,2066800,67.93
2011-05-11,69.28,69.93,68.90,69.15,3158900,67.55
2011-05-10,68.15,69.74,68.08,69.69,2517100,68.08
2011-05-09,67.37,68.03,67.03,67.94,1597800,66.37
2011-05-06,67.14,68.14,66.58,67.50,3163400,65.94
2011-05-05,65.78,67.36,65.71,66.32,2281900,64.79
2011-05-04,66.16,66.29,65.52,66.17,1743000,64.64
2011-05-03,65.62,66.28,65.45,66.14,1200400,64.61
2011-05-02,65.66,66.67,65.57,65.89,1701900,64.37
2011-04-29,66.29,66.75,65.22,65.25,2359100,63.74
2011-04-28,64.10,66.67,64.02,65.76,4135400,64.24
2011-04-27,62.76,63.32,62.19,62.91,1572900,61.46
2011-04-26,61.57,62.93,61.44,62.79,1700000,61.34
2011-04-25,62.12,62.43,61.40,61.44,759600,60.02
2011-04-21,61.86,62.37,61.61,62.24,1111200,60.80
2011-04-20,62.77,62.81,61.18,61.54,3172700,60.12
2011-04-19,61.51,63.32,61.40,63.32,2112100,61.86
2011-04-18,61.56,61.68,61.09,61.41,1101100,59.99
2011-04-15,60.33,62.43,60.33,62.00,2290300,60.57
2011-04-14,59.65,60.88,59.51,60.17,1597100,58.78
2011-04-13,59.77,60.15,59.52,59.87,1030700,58.49
2011-04-12,59.72,60.41,59.49,59.66,1312200,58.28
2011-04-11,60.05,60.61,59.92,60.42,907600,59.02
2011-04-08,61.00,61.05,59.78,59.91,1322700,58.53
2011-04-07,60.55,61.43,60.44,60.70,1225800,59.30
2011-04-06,60.64,61.26,60.51,60.70,3137700,59.30
2011-04-05,60.61,60.68,60.13,60.38,1292700,58.99
2011-04-04,61.27,61.42,60.54,60.82,1116700,59.42
2011-04-01,60.87,61.72,60.83,61.28,1278200,59.86
2011-03-31,60.70,60.92,60.40,60.53,1039300,59.13
2011-03-30,61.02,61.27,60.89,60.95,767200,59.54
2011-03-29,60.68,61.05,60.26,60.96,913000,59.55
2011-03-28,60.77,60.94,60.51,60.57,608300,59.17
2011-03-25,60.16,61.07,60.11,60.74,875700,59.34
2011-03-24,60.27,60.38,59.63,60.00,1498300,58.61
2011-03-23,60.54,60.80,59.71,60.10,1508800,58.71
2011-03-22,61.35,61.38,60.75,60.75,1007800,59.35
2011-03-21,60.91,61.66,60.91,61.36,1163400,59.94
2011-03-18,60.45,61.00,60.03,60.31,1586200,58.92
2011-03-17,60.23,60.39,59.50,59.71,1033900,58.33
2011-03-16,60.36,60.89,59.12,59.41,2031700,58.04
2011-03-15,59.75,60.85,59.36,60.67,1692600,59.27
2011-03-14,61.23,61.48,60.37,61.02,1055200,59.61
2011-03-11,61.42,61.90,60.69,61.68,914100,60.26
2011-03-10,62.32,62.40,61.27,61.27,1470900,59.85
2011-03-09,62.70,63.27,62.63,63.01,891700,61.55
2011-03-08,61.98,63.00,61.69,62.78,1037400,61.33
2011-03-07,62.91,62.99,61.60,61.87,1643600,60.44
2011-03-04,63.06,63.35,62.38,62.75,1106000,61.30
2011-03-03,62.61,63.40,62.47,63.22,1346700,61.76
2011-03-02,61.06,62.27,60.60,62.21,1535800,60.77
2011-03-01,63.33,63.33,61.21,61.22,1464700,59.81
2011-02-28,62.13,62.86,61.78,62.34,1544400,60.90
2011-02-25,61.34,62.33,61.33,62.00,1804000,60.57
2011-02-24,61.56,61.97,60.74,61.01,1840400,59.60
2011-02-23,63.20,63.46,61.45,61.46,2784600,60.04
2011-02-22,62.70,63.18,61.94,62.00,3326600,60.57
2011-02-18,63.11,65.22,62.56,63.73,2896100,62.26
2011-02-17,60.95,62.30,60.80,62.25,1846200,60.81
2011-02-16,60.79,61.44,60.62,61.31,1205500,59.89
2011-02-15,60.48,60.85,60.34,60.67,861900,59.27
2011-02-14,60.58,60.97,60.50,60.78,658900,59.38
2011-02-11,59.73,60.76,59.51,60.63,1967400,59.23
2011-02-10,59.03,60.35,59.03,60.05,2170200,58.66
2011-02-09,59.80,60.08,58.83,59.37,2352000,58.00
2011-02-08,60.07,60.50,59.76,59.96,1785600,58.57
2011-02-07,60.63,60.68,59.94,59.99,2767800,58.60
2011-02-04,60.50,60.74,59.98,60.65,2445600,59.25
2011-02-03,60.22,60.62,60.02,60.50,2279300,59.10
2011-02-02,59.92,60.66,59.53,60.52,2004100,59.12
2011-02-01,59.35,60.40,59.32,60.21,1676500,58.82
2011-01-31,58.67,59.43,58.50,59.16,2001600,57.79
2011-01-28,58.98,59.20,58.43,58.58,2587400,57.23
2011-01-27,58.01,60.68,57.60,59.08,5180500,57.72
2011-01-26,56.45,56.57,54.90,55.28,3396900,54.00
2011-01-25,55.06,56.50,54.83,56.38,2634600,55.08
2011-01-24,56.24,56.48,55.17,55.43,1922000,54.15
2011-01-21,56.31,57.26,55.94,56.36,2266800,55.06
2011-01-20,55.96,56.34,55.57,55.84,1588500,54.55
2011-01-19,56.27,56.60,55.71,55.93,2109900,54.64
2011-01-18,55.81,56.34,55.58,56.16,1568900,54.86
2011-01-14,55.13,55.87,55.02,55.77,1445200,54.48
2011-01-13,55.60,55.68,55.24,55.44,1129400,54.16
2011-01-12,55.14,55.70,54.80,55.70,2103600,54.41
2011-01-11,53.85,55.49,53.81,54.89,3188900,53.62
2011-01-10,52.77,53.09,52.51,53.00,2237600,51.78
2011-01-07,52.75,52.78,52.15,52.59,2686900,51.38
2011-01-06,54.02,54.04,52.16,52.60,4292700,51.38
2011-01-05,53.98,54.28,53.91,54.28,1803000,53.03
2011-01-04,54.96,55.11,54.10,54.24,1800300,52.99
2011-01-03,54.10,55.05,53.84,54.97,1893800,53.70
2010-12-31,53.90,54.16,53.59,53.68,719600,52.44
2010-12-30,53.92,54.16,53.69,53.90,679700,52.65
2010-12-29,54.30,54.54,53.97,53.97,606400,52.72
2010-12-28,54.47,54.54,54.14,54.16,770600,52.91
2010-12-27,54.20,54.53,54.02,54.45,579000,53.19
2010-12-23,54.79,54.99,54.32,54.42,888100,53.16
2010-12-22,54.12,54.97,53.90,54.97,1265300,53.70
2010-12-21,54.34,54.74,54.00,54.10,1756600,52.85
2010-12-20,54.70,54.70,54.13,54.49,1686600,53.23
2010-12-17,53.98,54.73,53.86,54.50,2678100,53.24
2010-12-16,53.67,54.19,53.12,54.13,1942700,52.88
2010-12-15,53.46,54.50,53.36,53.70,2868900,52.46
2010-12-14,52.32,53.85,52.32,53.62,2287000,52.38
2010-12-13,53.27,53.32,52.30,52.36,1712200,51.15
2010-12-10,52.00,53.21,51.83,53.11,2411600,51.88
2010-12-09,51.58,51.91,51.30,51.86,1519000,50.66
2010-12-08,50.27,51.50,50.27,51.41,2204400,50.22
2010-12-07,50.39,50.56,50.02,50.27,2635400,49.11
2010-12-06,49.84,50.24,49.60,49.92,1331200,48.77
2010-12-03,49.90,50.38,49.81,50.02,1862100,48.86
2010-12-02,50.01,50.35,49.99,50.14,2018000,48.98
2010-12-01,49.75,50.46,49.75,50.13,2059500,48.97
2010-11-30,49.41,49.76,49.20,49.26,1921400,48.12
2010-11-29,49.84,50.10,49.65,49.94,1209500,48.79
2010-11-26,50.07,50.53,49.91,50.11,273600,48.95
2010-11-24,50.48,50.65,50.22,50.44,1006100,49.27
2010-11-23,49.64,50.31,49.57,50.02,1766800,48.86
2010-11-22,50.26,50.73,49.97,50.22,1799400,49.06
2010-11-19,50.50,50.88,50.43,50.51,1226800,49.34
2010-11-18,50.45,51.08,50.28,50.59,1439500,49.42
2010-11-17,50.12,50.59,50.00,50.00,1706500,48.85
2010-11-16,50.50,50.61,50.21,50.22,2363600,49.06
2010-11-15,51.10,51.25,50.69,50.70,1857000,49.53
2010-11-12,50.97,51.22,50.75,50.95,2273600,49.77
2010-11-11,51.15,51.38,50.71,51.29,2875800,50.11
2010-11-10,52.01,52.25,51.09,51.69,2178400,50.50
2010-11-09,51.90,52.22,51.53,52.07,2635900,50.87
2010-11-08,51.90,51.92,51.38,51.58,2292100,50.39
2010-11-05,50.81,52.49,50.81,51.81,4045600,50.61
2010-11-04,50.11,50.90,49.95,50.76,4629400,49.59
2010-11-03,49.00,49.78,48.74,49.60,3150600,48.45
2010-11-02,48.36,49.18,48.11,48.99,3107900,47.86
2010-11-01,47.74,48.28,47.52,48.10,3478800,46.99
2010-10-29,48.67,49.00,47.09,47.44,7030600,46.34
2010-10-28,50.26,50.76,47.60,49.41,7747400,48.27
2010-10-27,51.52,52.08,50.98,51.89,2422200,50.69
2010-10-26,51.36,52.00,51.15,51.89,1348600,50.69
2010-10-25,51.58,52.05,51.52,51.56,1271300,50.37
2010-10-22,51.34,51.47,51.12,51.29,796900,50.11
2010-10-21,50.95,51.80,50.83,51.38,1795800,50.19
2010-10-20,51.66,51.73,50.55,50.68,2827900,49.51
2010-10-19,51.39,51.50,50.50,50.66,2708300,49.49
2010-10-18,51.30,52.33,51.18,52.23,1927600,51.02
2010-10-15,50.70,51.31,50.29,51.22,2204000,50.04
2010-10-14,50.50,50.92,49.98,50.31,2093900,49.15
2010-10-13,51.34,51.46,49.57,50.50,4232100,49.33
2010-10-12,51.47,51.52,49.73,50.98,4731500,49.80
2010-10-11,51.95,52.02,51.41,51.62,1519400,50.43
2010-10-08,52.23,52.56,51.58,51.96,2142000,50.76
2010-10-07,52.87,52.89,51.77,52.10,2103300,50.90
2010-10-06,52.44,52.75,52.33,52.75,1091100,51.53
2010-10-05,51.69,52.72,51.62,52.42,1763900,51.21
2010-10-04,52.33,52.67,51.06,51.23,1859600,50.05
2010-10-01,52.51,52.81,52.28,52.65,1724400,51.43
2010-09-30,52.28,52.74,51.80,52.33,1988800,51.12
2010-09-29,51.48,52.40,51.23,52.15,2131400,50.95
2010-09-28,50.17,51.79,49.50,51.69,4273400,50.50
2010-09-27,51.20,51.20,49.99,50.11,3127000,48.95
2010-09-24,50.68,51.81,50.67,51.81,1236900,50.61
2010-09-23,50.28,50.79,50.01,50.33,1327200,49.17
2010-09-22,51.45,51.75,50.49,50.60,1629600,49.43
2010-09-21,51.43,51.89,51.08,51.53,1438700,50.34
2010-09-20,50.87,51.69,50.54,51.60,1428500,50.41
2010-09-17,50.73,50.98,50.35,50.68,1981800,49.51
2010-09-16,50.36,50.58,49.60,50.57,1531200,49.40
2010-09-15,49.75,50.58,49.49,50.57,2064900,49.40
2010-09-14,49.12,49.95,48.66,49.87,1895900,48.72
2010-09-13,49.47,49.66,49.09,49.30,1553900,48.16
2010-09-10,48.92,49.42,48.60,48.99,1522700,47.86
2010-09-09,49.08,49.24,48.71,48.95,1413100,47.82
2010-09-08,48.71,48.98,48.27,48.70,2298300,47.58
2010-09-07,49.10,49.45,48.85,49.00,1698900,47.87
2010-09-03,48.88,49.43,48.82,49.28,1428200,48.14
2010-09-02,48.13,48.76,47.90,48.55,1426900,47.43
2010-09-01,47.72,48.60,47.55,47.70,1870400,46.60
2010-08-31,47.42,47.56,46.96,47.17,1934800,46.08
2010-08-30,47.87,48.07,47.53,47.53,1272300,46.43
2010-08-27,47.34,48.08,47.12,48.01,1409600,46.90
2010-08-26,47.76,47.85,47.12,47.28,1672700,46.19
2010-08-25,46.38,47.97,46.27,47.72,2950000,46.62
2010-08-24,48.85,48.85,46.86,46.97,3615200,45.89
2010-08-23,50.15,50.59,49.36,49.37,1649200,48.23
2010-08-20,50.03,50.55,49.48,49.82,1779300,48.67
2010-08-19,51.63,51.63,50.17,50.22,1826000,49.06
2010-08-18,51.23,52.18,51.05,51.87,1596300,50.67
2010-08-17,51.14,51.60,50.89,51.21,2049500,50.03
2010-08-16,51.13,51.47,50.60,51.00,1349000,49.82
2010-08-13,51.72,51.90,51.38,51.44,1454800,50.25
2010-08-12,51.45,52.32,51.31,52.00,2847400,50.80
2010-08-11,53.21,53.21,51.89,52.01,3295600,50.81
2010-08-10,53.61,54.40,53.29,53.90,2126700,52.65
2010-08-09,54.39,54.49,53.72,53.99,1217100,52.74
2010-08-06,54.08,54.30,53.26,53.98,1589100,52.73
2010-08-05,54.51,54.65,54.16,54.50,1846100,53.24
2010-08-04,54.19,54.95,54.01,54.83,1903800,53.56
2010-08-03,53.79,54.41,53.78,54.19,1946200,52.94
2010-08-02,53.46,54.19,53.41,53.83,2271900,52.59
2010-07-30,51.64,53.20,51.50,52.99,2600700,51.77
2010-07-29,53.79,53.79,51.99,52.16,3837000,50.96
2010-07-28,53.70,53.95,53.12,53.48,4068000,52.24
2010-07-27,53.62,54.04,53.30,53.87,3320800,52.63
2010-07-26,53.20,53.78,52.86,53.32,3574800,52.09
2010-07-23,52.58,53.38,52.32,52.94,3374600,51.72
2010-07-22,54.77,55.30,52.27,52.51,5840300,51.30
2010-07-21,52.79,53.64,52.15,52.97,5164800,51.75
2010-07-20,54.78,55.26,53.82,55.15,2761600,53.88
2010-07-19,56.07,56.38,55.60,55.99,955800,54.70
2010-07-16,57.76,57.91,55.74,55.91,1549000,54.62
2010-07-15,57.44,58.08,57.21,57.92,1648200,56.58
2010-07-14,56.75,57.49,56.63,57.49,1575700,56.16
2010-07-13,56.38,57.57,56.38,56.92,2103600,55.61
2010-07-12,56.09,56.20,55.76,56.01,1362500,54.72
2010-07-09,56.08,56.39,55.87,56.22,1319700,54.92
2010-07-08,56.45,56.85,55.75,56.33,1823900,55.03
2010-07-07,55.05,56.31,54.52,56.22,1831700,54.92
2010-07-06,54.67,55.65,54.61,55.04,2160500,53.77
2010-07-02,53.93,54.73,53.80,54.32,1633200,53.07
2010-07-01,54.07,54.07,52.73,53.88,1939400,52.64
2010-06-30,54.68,55.09,53.84,54.05,2680900,52.80
2010-06-29,55.17,56.47,54.18,54.60,3931400,53.34
2010-06-28,53.18,54.96,53.04,54.57,2643400,53.31
2010-06-25,53.36,53.45,52.90,53.27,1813800,52.04
2010-06-24,53.89,53.89,53.03,53.21,1848800,51.98
2010-06-23,54.55,54.55,53.52,54.18,1631800,52.93
2010-06-22,55.11,55.43,54.53,54.58,1735100,53.32
2010-06-21,55.68,56.03,54.77,55.00,2106800,53.73
2010-06-18,55.07,55.29,54.64,55.05,3203300,53.78
2010-06-17,55.20,55.22,54.57,55.01,1349600,53.74
2010-06-16,54.47,55.35,53.23,55.16,2250400,53.89
2010-06-15,53.88,54.56,53.80,54.36,2614100,53.10
2010-06-14,54.03,54.58,53.58,53.66,1831900,52.42
2010-06-11,53.40,54.23,53.27,54.01,1625100,52.76
2010-06-10,53.85,54.23,53.63,54.06,1952200,52.81
2010-06-09,53.28,54.17,53.00,53.22,2569600,51.99
2010-06-08,52.75,53.25,52.26,52.99,2215800,51.77
2010-06-07,53.44,53.59,52.63,52.66,1539800,51.44
2010-06-04,54.32,54.69,53.01,53.18,2565800,51.95
2010-06-03,55.59,55.67,54.80,55.23,2113800,53.95
2010-06-02,54.17,55.10,53.89,55.10,1651500,53.83
2010-06-01,55.36,55.36,54.10,54.17,3228700,52.92
2010-05-28,55.25,56.45,55.09,55.93,2924700,54.64
2010-05-27,54.92,55.35,54.48,55.32,1620000,54.04
2010-05-26,55.18,55.37,54.12,54.23,2795800,52.98
2010-05-25,54.66,54.88,53.58,54.85,2373400,53.58
2010-05-24,55.34,56.67,55.32,55.61,2332500,54.33
2010-05-21,55.28,56.57,54.71,55.83,2893100,54.54
2010-05-20,57.45,57.46,56.07,56.07,1757200,54.77
2010-05-19,58.58,58.81,58.00,58.37,1074300,57.02
2010-05-18,59.17,59.88,58.62,58.70,1159800,57.34
2010-05-17,59.66,60.01,58.15,59.04,2442800,57.68
2010-05-14,60.35,60.58,59.27,59.56,969400,58.18
2010-05-13,60.97,61.20,60.65,60.65,1064800,59.25
2010-05-12,60.93,61.23,60.45,61.10,2274600,59.69
2010-05-11,60.62,61.24,60.06,60.70,1573400,59.30
2010-05-10,60.42,61.44,59.91,60.88,1966200,59.47
2010-05-07,59.42,59.60,57.72,58.50,3506600,57.15
2010-05-06,60.00,61.07,57.67,59.74,4451000,58.36
2010-05-05,59.84,60.34,59.48,60.31,2280700,58.92
2010-05-04,60.68,61.08,60.00,60.24,1440700,58.85
2010-05-03,60.96,61.49,60.58,61.33,707500,59.91
2010-04-30,61.52,61.97,60.50,60.91,1430300,59.50
2010-04-29,61.87,61.97,61.38,61.61,2769000,60.19
2010-04-28,61.13,61.93,60.73,61.45,2461200,60.03
2010-04-27,60.95,61.68,60.63,60.82,2433500,59.42
2010-04-26,62.16,62.50,61.02,61.14,3616400,59.73
2010-04-23,60.66,61.12,60.31,60.97,2322600,59.56
2010-04-22,59.29,60.64,58.50,60.62,2803000,59.22
2010-04-21,61.09,61.09,59.86,60.22,2520700,58.83
2010-04-20,60.66,61.29,60.66,61.18,1973100,59.77
2010-04-19,60.23,60.53,59.66,60.37,1178000,58.98
2010-04-16,60.85,61.11,59.80,60.48,1965200,59.08
2010-04-15,61.48,62.34,60.77,61.00,2644200,59.59
2010-04-14,60.02,61.12,59.73,61.03,2212300,59.62
2010-04-13,59.27,60.15,59.06,60.09,1317800,58.70
2010-04-12,59.55,59.81,59.29,59.34,734800,57.97
2010-04-09,58.99,59.56,58.80,59.55,1064300,58.17
2010-04-08,58.88,59.23,58.60,59.08,1357900,57.72
2010-04-07,58.83,59.45,58.50,59.08,1993700,57.72
2010-04-06,59.27,59.66,58.80,58.95,1856500,57.59
2010-04-05,60.09,60.26,59.35,59.50,1140700,58.13
2010-04-01,59.42,59.99,59.33,59.99,1508300,58.60
2010-03-31,58.90,59.43,58.71,59.20,1962400,57.83
2010-03-30,58.54,59.11,58.28,59.03,1754500,57.67
2010-03-29,57.39,58.68,57.34,58.61,1474700,57.26
2010-03-26,57.70,57.98,57.15,57.31,1223700,55.99
2010-03-25,58.35,58.35,57.46,57.48,1327800,56.15
2010-03-24,58.19,58.63,57.96,58.05,993800,56.71
2010-03-23,58.27,58.61,57.57,58.46,1468100,57.11
2010-03-22,57.01,58.27,56.82,58.20,3306600,56.86
2010-03-19,56.97,57.58,56.23,56.97,2438600,55.65
2010-03-18,57.63,57.79,57.33,57.44,1729100,56.11
2010-03-17,57.84,58.00,57.41,57.64,2172400,56.31
2010-03-16,58.45,58.65,57.39,57.81,1964500,56.47
2010-03-15,58.98,59.35,58.01,58.24,2643900,56.89
2010-03-12,57.44,59.30,57.44,59.24,4746800,57.87
2010-03-11,58.65,58.76,56.10,57.03,9028000,55.71
2010-03-10,58.94,59.07,58.50,58.86,1256400,57.50
2010-03-09,59.18,59.48,59.04,59.11,1202800,57.74
2010-03-08,60.13,60.52,59.51,59.55,1025400,58.17
2010-03-05,58.87,60.30,58.79,60.10,1614200,58.71
2010-03-04,59.15,59.15,58.50,58.78,1172500,57.42
2010-03-03,59.00,59.24,58.72,59.04,869200,57.68
2010-03-02,58.44,59.32,58.23,59.06,964100,57.70
2010-03-01,57.43,58.57,57.28,58.23,1132300,56.88
2010-02-26,57.22,57.76,57.00,57.33,917500,56.01
2010-02-25,57.07,57.32,56.48,57.24,1054200,55.92
2010-02-24,57.47,57.91,57.21,57.44,1071600,56.11
2010-02-23,57.94,58.02,57.02,57.38,820800,56.05
2010-02-22,58.10,58.31,57.73,58.14,701500,56.80
2010-02-19,58.29,58.62,57.65,58.10,1072400,56.76
2010-02-18,58.12,58.49,57.99,58.40,767000,57.05
2010-02-17,58.42,58.54,58.02,58.34,984200,56.99
2010-02-16,57.47,58.36,57.34,58.36,1000200,57.01
2010-02-12,57.05,57.43,56.56,57.24,1156600,55.92
2010-02-11,56.42,57.94,56.42,57.60,2396300,56.27
2010-02-10,56.01,57.22,55.90,56.68,2530800,55.37
2010-02-09,55.89,56.53,55.57,56.08,1519000,54.78
2010-02-08,55.21,56.31,55.21,55.42,1338200,54.14
2010-02-05,55.50,55.59,54.72,55.43,1726900,54.15
2010-02-04,56.59,56.88,55.57,55.62,1619000,54.34
2010-02-03,58.17,58.17,57.06,57.13,1272100,55.81
2010-02-02,57.11,58.52,56.95,58.30,2173500,56.95
2010-02-01,56.46,57.09,55.57,57.03,2072500,55.71
2010-01-29,56.94,56.97,55.35,56.32,3514500,55.02
2010-01-28,58.25,59.28,56.53,56.85,3494800,55.54
2010-01-27,60.47,60.47,58.89,59.88,1655100,58.50
2010-01-26,60.68,61.16,60.42,60.66,1369400,59.26
2010-01-25,61.22,62.15,60.53,60.84,1886100,59.43
2010-01-22,62.10,63.01,60.56,60.59,1666600,59.19
2010-01-21,62.53,63.00,61.19,61.35,1038000,59.93
2010-01-20,63.70,64.77,62.04,62.53,1544600,61.09
2010-01-19,61.94,63.74,61.90,63.71,1656600,62.24
2010-01-15,62.49,62.69,61.45,61.75,1431500,60.32
2010-01-14,62.40,62.87,62.15,62.73,755300,61.28
2010-01-13,62.26,62.79,61.73,62.55,766400,61.11
2010-01-12,63.20,63.56,61.73,62.14,1476200,60.70
2010-01-11,62.40,63.81,62.20,63.36,1426000,61.90
2010-01-08,61.81,62.84,61.10,61.99,2149500,60.56
2010-01-07,62.85,63.70,62.16,63.32,1683500,61.86
2010-01-06,62.06,62.12,61.47,61.90,1277300,60.47
2010-01-05,61.32,61.98,60.65,61.92,1718100,60.49
2010-01-04,59.31,60.14,59.31,60.02,782400,58.63
2009-12-31,59.65,59.89,59.05,59.11,562300,57.74
2009-12-30,60.14,60.22,59.56,59.76,577100,58.38
2009-12-29,60.28,60.46,60.02,60.18,590200,58.79
2009-12-28,60.28,60.52,59.96,60.34,545200,58.95
2009-12-24,60.14,60.31,60.01,60.27,234500,58.88
2009-12-23,59.64,60.11,59.21,60.07,764300,58.68
2009-12-22,58.80,59.50,58.80,59.44,619300,58.07
2009-12-21,58.65,59.48,58.65,58.88,674100,57.52
2009-12-18,58.26,58.74,57.55,58.47,1798700,57.12
2009-12-17,59.14,59.35,58.65,58.68,1429000,57.32
2009-12-16,59.86,60.64,59.27,59.36,1563000,57.99
2009-12-15,59.88,60.50,59.42,60.07,1408800,58.68
2009-12-14,59.50,60.23,59.50,59.88,947000,58.50
2009-12-11,59.10,59.59,59.07,59.36,1173200,57.99
2009-12-10,58.31,59.48,58.20,59.21,1103700,57.84
2009-12-09,58.29,58.50,57.42,57.91,1579200,56.57
2009-12-08,58.61,58.87,57.99,58.43,2048900,57.08
2009-12-07,58.61,59.65,58.61,59.12,961700,57.75
2009-12-04,58.39,59.12,58.13,58.91,1406800,57.55
2009-12-03,58.90,59.44,58.09,58.14,3187200,56.80
2009-12-02,58.74,59.24,58.65,58.97,1663100,57.61
2009-12-01,59.51,59.68,58.56,58.75,2049500,57.39
2009-11-30,58.93,59.41,58.45,59.17,1957800,57.80
2009-11-27,57.93,59.07,56.83,58.52,958800,57.17
2009-11-25,58.55,59.31,58.39,59.11,1431200,57.74
2009-11-24,58.11,58.47,57.46,58.34,1515400,56.99
2009-11-23,57.21,58.20,57.04,57.96,1460500,56.62
2009-11-20,56.61,57.06,55.64,56.92,2145200,55.61
2009-11-19,57.79,58.08,56.33,56.86,1997500,55.55
2009-11-18,57.09,58.21,57.09,58.03,2568800,56.69
2009-11-17,55.55,56.95,55.51,56.75,1977100,55.44
2009-11-16,55.76,56.17,55.61,55.79,1860300,54.50
2009-11-13,55.07,56.04,54.92,55.59,2363100,54.31
2009-11-12,55.27,55.83,54.93,55.16,1272300,53.89
2009-11-11,56.10,56.27,54.90,55.32,1370700,54.04
2009-11-10,54.70,55.83,54.70,55.71,861700,54.42
2009-11-09,53.83,54.99,53.74,54.94,1142900,53.67
2009-11-06,54.25,54.64,53.68,53.77,1371600,52.53
2009-11-05,53.49,54.61,53.49,54.50,1123600,53.24
2009-11-04,52.50,53.94,52.50,53.15,1674500,51.92
2009-11-03,52.64,52.86,52.17,52.43,1684800,51.22
2009-11-02,52.62,53.33,52.28,52.77,1297400,51.55
2009-10-30,53.34,53.93,52.23,52.57,1679900,51.36
2009-10-29,54.77,54.77,52.86,53.57,1264000,52.33
2009-10-28,54.18,54.28,52.97,53.10,1975800,51.87
2009-10-27,54.21,55.15,54.20,54.30,1755900,53.05
2009-10-26,55.10,55.76,54.00,54.26,2258700,53.01
2009-10-23,54.85,55.61,54.50,54.71,2236100,53.45
2009-10-22,53.71,55.31,52.25,55.04,4231600,53.77
2009-10-21,51.91,53.72,51.65,52.23,4665400,51.02
2009-10-20,51.83,51.90,50.68,50.95,1957000,49.77
2009-10-19,51.90,52.11,51.65,51.91,1754000,50.71
2009-10-16,51.89,52.49,51.49,51.92,2201300,50.72
2009-10-15,51.86,52.35,51.76,52.14,1290600,50.94
2009-10-14,52.42,52.59,51.44,52.04,2676500,50.84
2009-10-13,52.52,52.66,52.04,52.23,1871700,51.02
2009-10-12,52.42,52.55,52.18,52.49,1318900,51.28
2009-10-09,51.10,52.48,50.61,52.38,2451800,51.17
2009-10-08,51.82,52.47,51.66,52.00,4092400,50.80
2009-10-07,51.24,51.71,51.20,51.60,2285800,50.41
2009-10-06,50.61,51.52,49.14,51.45,4514500,50.26
2009-10-05,51.39,52.60,51.27,52.45,2255500,51.24
2009-10-02,52.39,52.44,51.46,51.50,4475500,50.31
2009-10-01,53.40,53.46,52.75,52.75,3457500,51.53
2009-09-30,54.99,55.25,53.21,53.45,3463800,52.22
2009-09-29,53.86,54.00,53.18,53.60,3906300,52.36
2009-09-28,53.04,54.55,53.01,53.91,2847700,52.66
2009-09-25,52.22,53.48,52.08,52.92,4116200,51.70
2009-09-24,52.82,52.87,51.96,52.11,3696500,50.91
2009-09-23,52.58,53.20,51.95,52.83,3259700,51.61
2009-09-22,52.67,53.04,52.17,52.43,2505100,51.22
2009-09-21,51.55,53.70,51.45,52.68,3030700,51.46
2009-09-18,50.73,51.26,50.51,51.12,1866900,49.94
2009-09-17,51.07,51.34,50.38,50.70,1948100,49.53
2009-09-16,50.89,51.28,50.68,51.26,1619500,50.08
2009-09-15,50.62,51.17,50.16,50.89,1885600,49.71
2009-09-14,50.58,50.65,49.83,50.62,1295800,49.45
2009-09-11,49.92,51.03,49.74,50.59,2549700,49.42
2009-09-10,49.77,49.96,49.11,49.96,1156500,48.81
2009-09-09,48.82,50.40,48.82,49.55,2450300,48.41
2009-09-08,49.14,49.22,48.56,48.95,2876500,47.82
2009-09-04,47.33,49.94,47.20,49.11,5271300,47.98
2009-09-03,46.50,47.50,46.18,47.44,2538600,46.34
2009-09-02,46.39,46.61,46.01,46.24,1807600,45.17
2009-09-01,47.14,47.63,46.28,46.60,2269300,45.52
2009-08-31,47.77,48.10,46.99,47.35,1774100,46.26
2009-08-28,48.73,48.78,47.23,47.96,1502000,46.85
2009-08-27,48.48,48.64,47.80,48.56,1526000,47.44
2009-08-26,47.89,48.96,47.82,48.55,2025000,47.43
2009-08-25,47.95,48.59,47.61,48.14,2323500,47.03
2009-08-24,48.44,49.00,47.86,47.96,2177600,46.85
2009-08-21,46.97,47.75,46.82,47.24,2091400,46.15
2009-08-20,45.78,47.00,45.60,46.70,2471500,45.62
2009-08-19,44.66,45.85,44.66,45.69,1126600,44.63
2009-08-18,44.87,45.18,44.53,44.89,937500,43.85
2009-08-17,44.87,45.36,44.54,44.94,1225200,43.90
2009-08-14,45.23,45.83,44.95,45.33,1210600,44.28
2009-08-13,45.49,45.50,44.61,45.41,1802900,44.36
2009-08-12,45.15,45.91,44.89,45.49,1864200,44.44
2009-08-11,45.93,46.24,45.32,45.37,2067700,44.32
2009-08-10,45.14,46.51,45.01,46.10,1915900,45.04
2009-08-07,46.36,46.69,44.89,45.30,3051300,44.25
2009-08-06,46.28,46.29,45.61,46.08,1101800,45.02
2009-08-05,46.70,46.76,45.89,46.41,1133900,45.34
2009-08-04,46.30,46.70,46.24,46.59,1037700,45.51
2009-08-03,46.88,46.88,45.88,46.50,2178400,45.43
2009-07-31,45.78,46.79,45.55,46.60,2115900,45.52
2009-07-30,46.93,46.93,45.53,45.65,2144200,44.60
2009-07-29,45.85,47.00,45.74,46.65,2476700,45.57
2009-07-28,45.28,46.42,45.02,46.37,3014500,45.30
2009-07-27,44.71,45.37,44.44,45.30,2179200,44.25
2009-07-24,44.47,44.72,43.51,44.62,3098700,43.59
2009-07-23,43.70,44.71,42.77,43.17,6646500,42.17
2009-07-22,41.97,43.29,41.79,42.62,3127600,41.64
2009-07-21,41.96,42.49,41.38,42.07,1887400,41.10
2009-07-20,41.82,41.94,41.30,41.73,1164500,40.77
2009-07-17,42.32,42.58,41.37,41.57,1782700,40.61
2009-07-16,41.16,42.76,41.11,42.59,1981600,41.61
2009-07-15,40.86,41.57,40.81,41.31,2239900,40.36
2009-07-14,40.44,40.92,39.92,40.70,2957700,39.76
2009-07-13,38.55,40.96,38.55,40.59,2502600,39.65
2009-07-10,39.51,39.77,38.82,39.24,1840300,38.33
2009-07-09,40.27,40.89,39.28,39.76,2316300,38.84
2009-07-08,39.89,40.28,39.60,40.04,2514900,39.12
2009-07-07,39.96,40.24,39.66,39.75,2128200,38.83
2009-07-06,40.15,40.54,39.90,40.27,2428200,39.34
2009-07-02,41.37,41.87,40.21,40.22,2696400,39.29
2009-07-01,42.52,42.58,41.79,41.87,1903200,40.90
2009-06-30,42.89,42.89,42.23,42.60,1775900,41.62
2009-06-29,43.05,43.15,42.44,42.99,962200,42.00
2009-06-26,42.71,43.30,41.96,43.10,3583000,42.10
2009-06-25,41.69,43.60,41.49,42.92,2449400,41.93
2009-06-24,42.24,42.46,41.54,41.69,3361800,40.73
2009-06-23,41.99,42.74,41.87,42.07,1576800,41.10
2009-06-22,42.06,42.45,41.84,41.98,2331500,41.01
2009-06-19,41.55,42.75,41.55,42.47,4480900,41.49
2009-06-18,40.90,41.73,40.64,41.33,3824900,40.38
2009-06-17,40.68,41.31,40.66,40.91,2291000,39.96
2009-06-16,40.72,41.31,40.20,40.66,2712200,39.72
2009-06-15,41.95,42.09,40.41,40.56,2180000,39.62
2009-06-12,42.55,43.12,42.21,42.47,1383300,41.49
2009-06-11,41.90,43.03,41.90,42.56,1832900,41.58
2009-06-10,42.75,43.05,41.81,42.02,1824500,41.05
2009-06-09,42.98,43.40,42.33,42.40,1921400,41.42
2009-06-08,43.07,43.60,42.56,42.71,2372600,41.72
2009-06-05,44.17,44.55,43.40,43.48,1606400,42.48
2009-06-04,45.13,45.20,43.78,44.15,1952800,43.13
2009-06-03,45.61,45.80,44.69,45.09,2122800,44.05
2009-06-02,45.66,46.60,45.66,46.02,1577700,44.96
2009-06-01,44.87,45.95,44.87,45.71,1230700,44.65
2009-05-29,44.05,44.59,43.76,44.55,2725900,43.52
2009-05-28,45.19,45.70,43.90,44.12,2217300,43.10
2009-05-27,45.10,46.05,44.86,44.97,1964200,43.93
2009-05-26,44.08,45.42,43.47,45.29,1673300,44.24
2009-05-22,44.21,44.85,43.92,44.26,1101400,43.24
2009-05-21,44.89,44.97,44.07,44.32,1236100,43.30
2009-05-20,45.55,46.00,45.27,45.35,1883400,44.30
2009-05-19,44.31,45.56,44.31,45.34,2355700,44.29
2009-05-18,43.82,44.52,43.53,44.49,2110400,43.46
2009-05-15,43.65,44.13,43.35,43.71,1656200,42.70
2009-05-14,43.04,43.97,42.95,43.81,1867200,42.80
2009-05-13,43.89,44.14,42.79,42.89,3026300,41.90
2009-05-12,45.25,45.76,43.71,44.32,3202400,43.30
2009-05-11,45.77,46.35,45.00,45.24,2755400,44.19
2009-05-08,46.64,47.41,46.30,46.66,2001100,45.58
2009-05-07,45.01,46.60,44.19,46.29,4052700,45.22
2009-05-06,43.94,45.05,43.49,44.60,2908300,43.57
2009-05-05,43.84,44.51,43.49,43.77,1649200,42.76
2009-05-04,43.62,44.33,43.13,44.26,2736300,43.24
2009-05-01,43.92,44.21,42.80,43.10,2393100,42.10
2009-04-30,44.53,45.06,43.64,43.99,2208200,42.97
2009-04-29,43.86,44.83,43.31,44.23,1691600,43.21
2009-04-28,43.67,43.92,42.87,43.36,2296000,42.36
2009-04-27,43.55,44.51,43.11,43.79,2095500,42.78
2009-04-24,43.21,44.97,43.05,44.62,3217400,43.59
2009-04-23,42.31,44.02,42.22,42.74,3452700,41.75
2009-04-22,41.63,43.02,41.58,42.29,2178600,41.31
2009-04-21,41.72,42.41,41.02,42.21,2483600,41.23
2009-04-20,42.46,43.46,41.77,41.93,3229500,40.96
2009-04-17,41.57,43.13,41.50,42.96,2413600,41.97
2009-04-16,41.65,41.71,40.83,41.40,1872500,40.44
2009-04-15,40.85,41.46,40.32,41.21,2699300,40.26
2009-04-14,39.09,41.56,38.96,41.35,3890600,40.39
2009-04-13,38.42,39.46,38.24,39.24,1424300,38.33
2009-04-09,39.49,39.49,38.07,38.78,1918500,37.88
2009-04-08,37.73,39.05,37.43,37.74,2037400,36.87
2009-04-07,36.50,37.59,36.35,37.03,1377700,36.17
2009-04-06,36.16,37.12,36.16,37.03,1952900,36.17
2009-04-03,38.27,38.37,36.55,36.85,2338500,36.00
2009-04-02,37.44,38.67,37.13,38.13,1909200,37.25
2009-04-01,36.33,36.94,35.36,36.88,1813700,36.03
2009-03-31,36.85,37.16,36.40,36.50,2360100,35.66
2009-03-30,37.17,37.55,36.19,36.65,1781900,35.80
2009-03-27,37.33,38.00,36.92,37.84,1582000,36.97
2009-03-26,36.87,37.53,36.10,37.53,1740300,36.66
2009-03-25,36.16,37.19,35.46,36.44,1743100,35.60
2009-03-24,35.90,36.71,35.73,36.26,1656700,35.42
2009-03-23,35.67,36.30,34.89,36.30,2229900,35.46
2009-03-20,35.18,35.94,34.69,34.98,2245600,34.17
2009-03-19,36.80,37.07,35.00,35.16,2530800,34.35
2009-03-18,36.24,37.42,36.16,36.91,2441400,36.06
2009-03-17,36.60,37.04,36.13,36.60,2081200,35.75
2009-03-16,36.35,37.95,36.34,36.83,2550900,35.98
2009-03-13,35.34,36.63,35.13,36.48,3100600,35.64
2009-03-12,33.40,35.44,33.17,35.27,2836700,34.46
2009-03-11,33.61,34.17,33.03,33.52,2350000,32.75
2009-03-10,32.46,33.59,32.15,33.44,3316500,32.67
2009-03-09,32.30,33.12,31.83,32.13,3379500,31.39
2009-03-06,31.68,33.46,30.67,32.66,5565200,31.91
2009-03-05,34.42,34.42,32.81,33.05,3692000,32.29
2009-03-04,34.68,35.75,34.06,35.13,3414200,34.32
2009-03-03,34.10,34.85,33.10,34.16,3083700,33.37
2009-03-02,34.54,34.57,33.61,33.74,4181600,32.96
2009-02-27,36.95,37.68,35.01,35.02,4140200,34.21
2009-02-26,39.04,39.32,36.84,37.17,4042100,36.31
2009-02-25,39.54,39.67,38.47,38.61,2824000,37.72
2009-02-24,39.64,40.56,39.09,39.73,2315900,38.81
2009-02-23,40.17,40.62,39.35,39.68,2787800,38.76
2009-02-20,40.22,40.22,39.26,39.89,2705600,38.97
2009-02-19,40.31,40.94,39.93,40.46,2988800,39.53
2009-02-18,39.51,40.17,39.16,39.99,2053700,39.07
2009-02-17,40.03,40.34,39.53,39.74,2510600,38.82
2009-02-13,41.00,41.53,40.80,41.06,1453700,40.11
2009-02-12,40.79,40.89,39.24,40.84,2464900,39.90
2009-02-11,39.45,40.28,39.25,40.26,2249500,39.33
2009-02-10,39.79,40.29,38.75,39.34,2700000,38.43
2009-02-09,40.04,40.29,39.30,40.18,1680300,39.25
2009-02-06,39.04,40.77,38.01,40.17,3331900,39.24
2009-02-05,38.01,38.80,37.13,38.74,3270200,37.85
2009-02-04,37.21,38.82,37.09,38.36,3107100,37.47
2009-02-03,36.78,37.35,36.05,37.17,2683300,36.31
2009-02-02,36.30,36.88,36.05,36.49,2928300,35.65
2009-01-30,37.91,38.00,36.19,36.40,3973900,35.56
2009-01-29,37.16,38.32,36.33,37.82,8961800,36.95
2009-01-28,43.97,44.36,42.62,43.05,3116000,42.06
2009-01-27,39.98,42.26,39.74,42.01,4276100,41.04
2009-01-26,39.38,40.35,39.38,39.66,2258700,38.74
2009-01-23,39.24,39.78,38.74,39.32,2324500,38.41
2009-01-22,38.83,40.25,38.66,39.94,2741800,39.02
2009-01-21,38.69,39.49,38.51,39.47,2828700,38.56
2009-01-20,40.46,40.79,38.50,38.50,4077800,37.61
2009-01-16,41.14,41.17,40.17,40.54,2996400,39.60
2009-01-15,40.47,40.91,39.88,40.70,2316900,39.76
2009-01-14,40.28,40.98,39.77,40.53,2135100,39.59
2009-01-13,40.89,42.32,40.79,40.98,2935200,40.03
2009-01-12,41.89,41.90,40.64,41.07,1465500,40.12
2009-01-09,42.03,42.17,41.45,41.89,1996600,40.92
2009-01-08,40.12,41.54,39.49,41.39,1815100,40.43
2009-01-07,41.39,41.39,40.07,40.31,1259700,39.38
2009-01-06,41.57,41.85,40.90,41.66,1564700,40.70
2009-01-05,41.64,41.69,40.71,40.90,887400,39.96
2009-01-02,40.84,41.90,39.93,41.76,1114500,40.80
2008-12-31,39.86,40.89,39.55,40.42,1199300,39.49
2008-12-30,39.27,39.89,39.00,39.88,1074700,38.96
2008-12-29,39.87,40.24,38.52,39.10,1378400,38.20
2008-12-26,39.12,39.88,39.12,39.75,658600,38.83
2008-12-24,39.39,39.39,38.50,39.12,604300,38.22
2008-12-23,39.98,40.28,39.16,39.35,1179900,38.44
2008-12-22,39.77,40.45,38.81,39.56,1212200,38.65
2008-12-19,40.56,40.95,39.61,39.78,2438600,38.86
2008-12-18,40.15,41.35,39.70,40.20,1902200,39.27
2008-12-17,40.02,40.75,39.64,39.94,1515900,39.02
2008-12-16,39.11,40.96,38.88,40.86,1835700,39.92
2008-12-15,39.02,39.27,37.93,38.79,1435700,37.89
2008-12-12,38.35,40.00,38.09,38.91,1609400,38.01
2008-12-11,38.57,41.40,38.19,39.40,2262800,38.49
2008-12-10,38.79,39.80,38.10,38.91,991300,38.01
2008-12-09,39.09,39.63,38.36,38.66,1564400,37.77
2008-12-08,38.17,40.39,37.75,39.74,2789900,38.82
2008-12-05,36.57,37.54,35.41,37.54,2128500,36.67
2008-12-04,37.02,38.06,35.89,37.11,3927200,36.25
2008-12-03,35.75,37.34,35.33,36.77,2242000,35.92
2008-12-02,35.61,36.65,35.36,36.42,1806400,35.58
2008-12-01,37.00,37.00,35.38,35.41,2159000,34.59
2008-11-28,36.78,37.59,36.49,37.32,1149800,36.46
2008-11-26,37.23,37.91,36.31,37.00,2788400,36.15
2008-11-25,37.80,38.50,35.54,37.91,3938100,37.03
2008-11-24,37.70,39.68,36.89,38.69,2129400,37.80
2008-11-21,35.59,37.47,34.10,37.29,2873100,36.43
2008-11-20,37.29,38.52,34.66,34.93,3473500,34.12
2008-11-19,39.63,40.56,37.40,37.47,1697200,36.60
2008-11-18,39.79,40.92,38.45,39.81,1892400,38.89
2008-11-17,41.51,41.94,39.75,39.77,1644200,38.85
2008-11-14,43.07,43.95,41.88,42.00,2873300,41.03
2008-11-13,41.31,43.82,39.42,43.79,3315600,42.78
2008-11-12,40.22,40.88,39.52,40.36,1916500,39.43
2008-11-11,41.72,42.21,40.16,40.73,2123800,39.79
2008-11-10,44.93,45.40,42.12,42.60,2039000,41.62
2008-11-07,45.25,45.42,43.89,44.35,2282300,43.33
2008-11-06,45.83,46.06,44.19,44.99,2414700,43.95
2008-11-05,45.92,46.54,44.96,45.54,2099500,44.49
2008-11-04,45.62,46.79,45.50,46.35,1568400,45.28
2008-11-03,46.45,46.92,44.72,45.16,1494800,44.12
2008-10-31,44.51,46.51,44.27,46.43,3095100,45.36
2008-10-30,42.59,44.85,42.08,44.48,3080600,43.45
2008-10-29,40.58,42.94,39.59,41.53,3298000,40.57
2008-10-28,40.70,41.11,38.60,41.11,5446300,40.16
2008-10-27,41.16,41.64,39.34,39.34,3992200,38.43
2008-10-24,40.56,43.79,37.19,43.04,8842300,42.05
2008-10-23,45.00,47.32,39.24,44.69,10571700,43.66
2008-10-22,53.30,54.29,50.00,51.66,2217400,50.47
2008-10-21,56.64,57.89,54.63,54.89,1584400,53.62
2008-10-20,57.06,57.65,56.22,57.32,1763300,56.00
2008-10-17,54.33,58.00,52.84,56.82,2517900,55.51
2008-10-16,53.50,55.89,50.05,55.26,3125000,53.98
2008-10-15,57.22,57.74,53.38,53.57,2157600,52.33
2008-10-14,58.84,61.00,56.88,57.97,2404700,56.63
2008-10-13,52.34,57.32,52.15,57.32,2313300,56.00
2008-10-10,51.00,54.00,47.63,51.00,5474900,49.82
2008-10-09,58.46,58.86,52.89,52.90,3106400,51.68
2008-10-08,55.19,58.70,55.12,58.25,3471700,56.90
2008-10-07,57.07,58.34,56.12,56.17,2913500,54.87
2008-10-06,59.00,59.41,54.43,56.75,3194100,55.44
2008-10-03,62.40,62.40,59.54,59.67,1893500,58.29
2008-10-02,63.24,64.07,61.16,61.24,2809100,59.83
2008-10-01,65.99,66.42,62.86,63.44,3186200,61.97
2008-09-30,62.84,65.07,62.42,64.56,2749300,63.07
2008-09-29,65.00,65.42,60.41,61.73,2940300,60.30
2008-09-26,65.87,66.68,64.82,65.40,2577300,63.89
2008-09-25,67.74,68.22,66.36,66.44,1276000,64.91
2008-09-24,67.41,68.02,66.75,67.55,778400,65.99
2008-09-23,67.42,68.46,67.23,67.40,909800,65.84
2008-09-22,67.75,68.35,67.25,67.46,1145400,65.90
2008-09-19,70.10,72.84,67.40,68.09,3336000,66.52
2008-09-18,66.48,69.78,65.02,68.50,3734300,66.92
2008-09-17,67.50,67.81,66.00,66.07,1953400,64.54
2008-09-16,68.51,69.19,67.01,68.26,1806100,66.68
2008-09-15,70.30,70.96,69.45,69.45,1890000,67.85
2008-09-12,70.86,71.94,70.22,71.89,1527400,70.23
2008-09-11,70.57,71.27,69.84,71.15,2291900,69.51
2008-09-10,71.03,72.04,70.89,71.10,3019700,69.46
2008-09-09,72.10,72.52,71.47,71.52,2001700,69.87
2008-09-08,70.91,71.81,70.26,71.53,2787300,69.88
2008-09-05,68.33,69.94,67.80,69.78,2492300,68.17
2008-09-04,71.02,71.29,68.38,68.41,2241100,66.83
2008-09-03,72.13,72.97,71.18,71.39,1512500,69.74
2008-09-02,73.55,73.88,71.96,72.36,1357400,70.69
2008-08-29,72.64,73.55,72.39,72.39,1243200,70.72
2008-08-28,72.05,72.69,71.64,72.69,658000,71.01
2008-08-27,72.08,72.13,71.13,71.77,696300,70.11
2008-08-26,71.87,72.30,71.24,72.13,556800,70.46
2008-08-25,73.99,74.10,71.77,71.95,1023000,70.29
2008-08-22,73.77,74.25,73.07,74.08,1307600,72.37
2008-08-21,71.39,73.89,71.39,73.61,1182800,71.91
2008-08-20,73.03,73.03,71.74,72.23,1045200,70.56
2008-08-19,73.56,73.67,72.17,72.84,1312300,71.16
2008-08-18,72.56,74.55,72.39,73.64,2809300,71.94
2008-08-15,71.22,72.70,70.62,72.57,1304800,70.89
2008-08-14,71.51,71.52,70.62,71.47,1726400,69.82
2008-08-13,71.75,72.16,71.10,71.81,875400,70.15
2008-08-12,71.74,72.11,71.29,71.90,911200,70.24
2008-08-11,70.99,72.23,70.68,71.93,1073200,70.27
2008-08-08,69.93,71.33,69.90,71.26,1331700,69.61
2008-08-07,70.66,70.74,69.60,69.93,1607600,68.31
2008-08-06,70.87,71.44,70.34,70.89,1253800,69.25
2008-08-05,69.97,71.02,69.92,71.02,1398400,69.38
2008-08-04,69.07,69.91,68.61,69.74,1358800,68.13
2008-08-01,68.88,69.74,68.51,69.06,1376400,67.46
2008-07-31,68.47,69.77,68.41,68.91,2455800,67.32
2008-07-30,68.03,68.69,67.50,68.62,1400500,67.03
2008-07-29,68.13,68.28,67.48,67.67,2214400,66.11
2008-07-28,68.64,68.76,68.04,68.36,1460600,66.78
2008-07-25,67.96,69.30,67.53,68.62,2930500,67.03
2008-07-24,65.90,68.25,65.05,67.90,3690500,66.33
2008-07-23,64.02,67.67,64.02,66.01,8776400,64.49
2008-07-22,70.00,70.88,69.75,70.88,2409500,69.24
2008-07-21,72.43,72.50,70.28,70.36,2181300,68.73
2008-07-18,72.00,72.44,69.61,72.28,3186400,70.61
2008-07-17,71.09,72.15,70.00,71.98,1815500,70.32
2008-07-16,70.32,71.19,69.51,70.69,2106900,69.06
2008-07-15,68.42,70.71,68.42,70.37,2632900,68.74
2008-07-14,67.83,69.14,67.75,68.69,2141400,67.10
2008-07-11,66.46,68.75,66.45,68.29,1842500,66.71
2008-07-10,67.07,68.13,66.29,67.10,1809400,65.55
2008-07-09,68.17,68.75,67.19,67.19,1538200,65.64
2008-07-08,66.92,67.94,66.86,67.85,2539400,66.28
2008-07-07,68.17,68.40,66.50,67.02,1394600,65.47
2008-07-03,68.17,68.57,67.69,68.02,727800,66.45
2008-07-02,67.76,68.60,67.24,67.81,1183600,66.24
2008-07-01,67.37,68.17,67.01,67.68,2590900,66.12
2008-06-30,66.80,69.07,66.80,68.05,1771500,66.48
2008-06-27,66.73,67.50,66.50,67.21,3138500,65.66
2008-06-26,68.00,68.84,67.85,67.88,1473900,66.31
2008-06-25,68.40,69.43,68.05,68.72,1306400,67.13
2008-06-24,67.67,68.66,67.58,68.25,1884000,66.67
2008-06-23,68.62,68.83,67.58,67.79,1755900,66.22
2008-06-20,70.01,70.36,68.39,68.47,2665800,66.89
2008-06-19,70.27,71.04,70.09,70.41,1562000,68.78
2008-06-18,70.98,71.55,70.15,70.17,1065800,68.55
2008-06-17,71.18,71.90,71.18,71.29,989000,69.64
2008-06-16,71.73,71.73,70.11,70.96,1244400,69.32
2008-06-13,70.00,70.21,69.40,70.08,1434700,68.46
2008-06-12,69.54,70.00,69.09,69.55,1378200,67.94
2008-06-11,70.24,70.45,68.64,69.06,1405000,67.46
2008-06-10,70.71,71.01,70.05,70.61,886300,68.98
2008-06-09,71.05,71.49,70.18,71.02,1192400,69.38
2008-06-06,71.44,71.78,70.58,70.97,1875600,69.33
2008-06-05,72.40,72.85,71.47,72.15,1775500,70.48
2008-06-04,72.49,73.43,72.37,72.67,1785600,70.99
2008-06-03,72.92,73.72,72.28,72.47,1665600,70.80
2008-06-02,72.45,73.00,71.82,72.42,1244800,70.75
2008-05-30,73.07,73.21,72.27,72.80,1054900,71.12
2008-05-29,71.24,73.45,71.24,72.87,1241200,71.19
2008-05-28,71.47,72.62,71.20,71.51,1072200,69.86
2008-05-27,69.85,71.83,69.81,71.53,1466900,69.88
2008-05-23,70.66,71.14,69.80,69.96,1048800,68.34
2008-05-22,70.23,71.24,69.43,70.86,1281000,69.22
2008-05-21,70.08,71.56,70.08,70.23,2475400,68.61
2008-05-20,70.28,70.43,69.77,70.09,1480400,68.47
2008-05-19,70.00,71.11,69.68,70.75,1691800,69.12
2008-05-16,70.39,70.49,69.73,70.11,2781700,68.49
2008-05-15,68.50,70.44,68.11,70.19,4123600,68.57
2008-05-14,66.83,68.69,66.50,68.50,4787100,66.92
2008-05-13,67.92,68.74,66.12,66.85,8337000,65.31
2008-05-12,69.73,69.75,68.92,69.56,2303300,67.95
2008-05-09,70.78,71.12,67.48,69.30,7236600,67.70
2008-05-08,72.09,72.66,70.80,71.20,2495700,69.56
2008-05-07,73.02,73.73,72.04,72.11,1616400,70.44
2008-05-06,72.20,73.74,71.14,73.03,2353500,71.34
2008-05-05,73.58,73.58,71.59,72.63,3174800,70.95
2008-05-02,75.90,76.22,73.62,73.85,4196100,72.14
2008-05-01,73.86,75.74,73.86,75.32,1779000,73.58
2008-04-30,75.36,75.72,74.04,74.16,1649700,72.45
2008-04-29,74.57,76.17,74.57,75.74,1533500,73.99
2008-04-28,74.72,75.74,74.43,74.81,1746400,73.08
2008-04-25,73.03,75.05,73.03,74.60,3681400,72.88
2008-04-24,72.93,73.78,69.52,72.87,6487100,71.19
2008-04-23,76.98,77.26,75.86,75.95,1792700,74.20
2008-04-22,76.84,77.09,76.29,76.72,1026500,74.95
2008-04-21,77.21,77.57,77.01,77.29,1963600,75.50
2008-04-18,78.75,78.95,77.06,77.25,2062400,75.47
2008-04-17,78.01,78.59,77.82,77.89,1302100,76.09
2008-04-16,77.67,78.56,77.18,78.45,1117800,76.64
2008-04-15,78.46,78.46,76.56,77.18,1544600,75.40
2008-04-14,78.61,79.26,78.13,78.20,1361700,76.39
2008-04-11,78.62,78.94,78.19,78.48,1222700,76.67
2008-04-10,78.29,78.74,77.87,78.69,1031700,76.87
2008-04-09,78.26,78.67,77.84,78.44,1628300,76.63
2008-04-08,78.01,78.67,77.86,78.37,1235200,76.56
2008-04-07,79.00,79.29,77.82,78.41,2096800,76.60
2008-04-04,78.43,78.86,77.40,78.45,3585400,76.64
2008-04-03,79.60,80.10,79.27,79.56,1183600,77.72
2008-04-02,79.41,80.92,79.30,79.63,1480700,77.79
2008-04-01,78.65,79.83,77.89,79.38,2017000,77.55
2008-03-31,77.24,78.05,76.59,77.86,1970400,76.06
2008-03-28,77.38,78.09,76.66,76.97,1097400,75.19
2008-03-27,78.39,78.47,77.16,77.16,1813000,75.38
2008-03-26,78.28,79.01,77.95,78.06,1244800,76.26
2008-03-25,79.00,79.15,77.84,78.84,1364600,77.02
2008-03-24,78.71,79.78,78.40,78.95,1610500,77.13
2008-03-20,76.99,79.05,76.40,78.55,2867400,76.74
2008-03-19,77.02,77.85,75.53,75.53,2234900,73.79
2008-03-18,76.85,77.00,75.48,76.76,1818900,74.99
2008-03-17,75.25,77.04,75.00,75.63,2072100,73.88
2008-03-14,77.14,77.53,75.94,76.59,2547700,74.82
2008-03-13,75.21,76.56,74.86,76.46,1890600,74.69
2008-03-12,75.35,76.71,74.99,76.10,1726100,74.34
2008-03-11,75.30,75.34,73.35,75.09,1646800,73.36
2008-03-10,75.08,75.76,73.72,73.80,2531900,72.10
2008-03-07,75.12,76.50,74.98,75.16,1474600,73.42
2008-03-06,76.63,77.05,75.77,75.77,1348800,74.02
2008-03-05,76.48,77.87,75.72,76.85,2110300,75.07
2008-03-04,75.16,76.81,74.97,76.46,1718800,74.69
2008-03-03,75.05,75.72,74.78,75.56,1024400,73.81
2008-02-29,76.76,76.91,75.00,75.29,1718300,73.55
2008-02-28,76.43,77.94,76.21,77.23,793200,75.45
2008-02-27,77.09,77.68,76.41,77.13,971600,75.35
2008-02-26,77.39,77.57,76.83,77.22,1327100,75.44
2008-02-25,76.20,78.20,76.02,77.91,1567900,76.11
2008-02-22,76.53,76.53,74.76,75.97,1394400,74.22
2008-02-21,76.90,77.49,76.09,76.37,1011100,74.61
2008-02-20,76.19,76.94,75.54,76.94,1531900,75.16
2008-02-19,76.01,77.24,75.41,76.51,1135400,74.74
2008-02-15,76.24,76.38,74.93,75.84,1781600,74.09
2008-02-14,78.50,78.50,76.37,76.38,1684100,74.62
2008-02-13,78.82,79.14,78.09,78.51,1176800,76.70
2008-02-12,78.22,79.13,77.92,78.38,1301500,76.57
2008-02-11,77.92,77.96,76.90,77.82,1545300,76.02
2008-02-08,78.45,78.67,77.54,77.86,1540000,76.06
2008-02-07,76.58,78.53,76.34,78.53,2508900,76.72
2008-02-06,77.29,78.24,76.76,76.90,2465500,75.12
2008-02-05,76.31,77.49,76.10,76.92,2311200,75.14
2008-02-04,77.76,79.00,76.66,77.51,1615000,75.72
2008-02-01,78.13,79.39,77.87,79.18,2464100,77.35
2008-01-31,76.34,78.76,75.90,78.14,4470400,76.33
2008-01-30,76.54,79.24,75.89,77.40,4737100,75.61
2008-01-29,74.63,77.42,74.45,77.03,9224500,75.25
2008-01-28,66.64,68.45,65.41,68.08,3021900,66.51
2008-01-25,67.44,67.91,66.15,66.36,2298500,64.83
2008-01-24,65.88,67.83,65.88,67.07,2965100,65.52
2008-01-23,66.50,66.76,63.80,65.93,4010900,64.41
2008-01-22,65.05,67.51,64.50,67.11,3142500,65.56
2008-01-18,68.03,68.75,67.00,67.34,2732900,65.78
2008-01-17,67.54,68.66,67.53,67.70,2460100,66.14
2008-01-16,67.25,68.42,67.25,67.62,2309600,66.06
2008-01-15,68.55,68.59,67.59,67.68,2134700,66.12
2008-01-14,70.64,70.64,68.51,68.79,2026300,67.20
2008-01-11,68.02,70.35,68.02,69.95,2648800,68.33
2008-01-10,66.98,69.50,66.98,68.51,2798300,66.93
2008-01-09,67.49,67.71,65.89,67.61,3070400,66.05
2008-01-08,69.41,69.90,67.21,67.25,4586100,65.70
2008-01-07,66.79,69.11,66.79,68.66,2709500,67.07
2008-01-04,65.93,67.13,65.92,66.50,2246700,64.96
2008-01-03,66.38,67.08,66.25,66.36,1524700,64.83
2008-01-02,66.24,66.72,65.87,66.29,1433600,64.76
